FiniteElementSpace
FiniteElementCollection: H1_2D_P4
VDim: 1
Ordering: 0

0.125088
0
0
0
0
0
0
0
0
0
0
-0.214722
0
0
-0.214728
0
0
-0.21472
0
0
-0.21472
0
0
-0.214728
0
0
0.437961
0.437954
0.437944
0.437945
0.437961
0.247838
-1.41237
-1.41237
0.247838
-1.41237
-1.41237
0.247838
-1.41237
-1.41237
0.247838
-1.41237
-1.41237
0.247838
-1.41237
-1.41237
-0.31188
0
0.22532
0
0
0.22532
0
-0.311873
0
0.225323
0
0
0.22533
0
-0.311883
0
0.225335
0
0
0.225335
0
-0.311883
0
0.225331
0
0
0.225325
0
-0.311873
0
0.22532
0
0
0.22532
0
0.378066
0.378066
0.378068
0.378067
0.378066
0.725666
0.00517321
0.725666
0.725666
0.00517351
0.725663
0.725662
0.0051738
0.725662
0.725663
0.00517354
0.725665
0.725666
0.00517321
0.725666
0.146692
0.342234
0.342235
0.146692
0.402876
-0.817171
-0.334473
-0.867298
-0.867297
-0.334475
-0.817175
0.402876
0.342235
0.342235
0.146692
-0.817176
-0.334475
-0.867302
-0.867305
-0.334472
-0.817169
0.402876
0.342234
0.342234
0.146692
-0.817164
-0.334463
-0.867318
-0.867318
-0.334463
-0.817164
0.402876
0.342234
0.342235
0.146692
-0.817167
-0.334469
-0.867314
-0.867312
-0.33447
-0.817173
0.402876
0.342235
0.342234
-0.817175
-0.334475
-0.867297
-0.867298
-0.334473
-0.817171
-1.41372
0.321408
-0.440917
0.719722
0
0.374175
0
0.0281203
0.581367
0.66974
0.0437207
0.0437207
0.66974
0
0.000388378
0
0
0.000388379
0
0.0281202
-0.440914
0.321411
-1.41372
0.581367
0
0.374174
0
0.719722
0.321411
-0.440917
0
0.374176
0
0.0281208
0.581369
0.669742
0.0437224
0.0437234
0.669746
0
0.000388298
0
0
0.000388273
0
0.0281228
-0.440929
0.3214
-1.41372
0.581376
0
0.374183
0
0.719721
0.321396
-0.440941
0
0.374187
0
0.0281239
0.581381
0.66975
0.0437254
0.0437255
0.66975
0
0.000388248
0
0
0.000388221
0
0.028124
-0.440941
0.321395
-1.41372
0.581382
0
0.374187
0
0.719721
0.321399
-0.440934
0
0.374183
0
0.0281229
0.581378
0.669748
0.0437238
0.0437228
0.669745
0
0.00038826
0
0
0.000388305
0
0.0281209
-0.440922
0.321409
-1.41372
0.58137
0
0.374176
0
0.719722
0.321411
-0.440914
0
0.374174
0
0.0281202
0.581367
0.66974
0.0437207
0.0437207
0.66974
0
0.000388379
0
0
0.000388377
0
0.0281203
-0.440917
0.321408
0.581367
0
0.374175
0
0.195799
0.303836
-1.33859
0.303835
0.195799
0.303835
-1.33859
0.303837
0.195798
0.303838
-1.33859
0.303838
0.195799
0.303837
-1.33859
0.303836
0.195799
0.303835
-1.33859
0.303836
-1.27644
0.621478
0.137315
0.549361
0.261058
0.00416385
-0.00117748
0.00416385
-1.27643
0.549362
0.137315
0.621477
-1.27643
0.621477
0.137316
0.549359
0.261064
0.004164
-0.00117757
0.00416421
-1.27644
0.549352
0.137322
0.621481
-1.27644
0.621483
0.137325
0.549344
0.261073
0.00416438
-0.00117759
0.00416438
-1.27644
0.549343
0.137325
0.621483
-1.27644
0.621481
0.137322
0.549348
0.261066
0.00416421
-0.00117757
0.00416401
-1.27644
0.549355
0.137316
0.621477
-1.27643
0.621477
0.137315
0.549362
0.261058
0.00416385
-0.00117748
0.00416385
-1.27644
0.549361
0.137315
0.621478
0.125036
0.129583
0.139186
0.149886
0.161698
0.180642
0.149886
0.161698
0.180642
0.125036
0.129583
0.139186
0.221806
0.182411
0.156765
0.258404
0.285131
0.320644
0.310519
0.255739
0.212467
0.399067
0.395873
0.36317
0.399067
0.395873
0.36317
0.310519
0.255739
0.212467
0.258404
0.285132
0.320644
0.221806
0.182411
0.156765
0.278816
0.342036
0.393929
0.401623
0.387076
0.343659
0.370173
0.403053
0.366628
-0.00437527
0.271534
0.390016
-0.291188
-0.470776
-0.689662
-0.564428
-0.119491
0.197868
-1.3589
-1.1818
-0.94729
-1.32427
-0.993695
-0.559531
-0.169533
0.0801421
0.245483
0.332562
0.164047
-0.13148
-0.517284
-0.885523
-1.21387
-0.517285
-0.885523
-1.21387
0.332562
0.164047
-0.131481
-1.42607
-1.32978
-1.06526
-1.09549
-1.37459
-1.41202
0.255792
-0.174561
-0.63967
0.255793
-0.17456
-0.639669
-1.09549
-1.37459
-1.41202
-1.42607
-1.32978
-1.06526
-1.32428
-0.993697
-0.559533
0.370173
0.403053
0.366627
0.401623
0.387075
0.343658
0.278816
0.342036
0.39393
-0.169534
0.0801408
0.245482
-1.35891
-1.1818
-0.947294
-0.564432
-0.119494
0.197866
-0.291194
-0.470782
-0.689667
-0.0043799
0.271532
0.390016
0.149886
0.161698
0.180642
0.149886
0.161698
0.180642
0.125036
0.129583
0.139186
0.258404
0.285132
0.320644
0.310519
0.25574
0.212467
0.399067
0.395873
0.363171
0.399067
0.395873
0.36317
0.310519
0.255739
0.212467
0.258404
0.285131
0.320644
0.221806
0.18241
0.156765
0.401623
0.387075
0.343658
0.370173
0.403053
0.366627
-0.291194
-0.470782
-0.689667
-0.564432
-0.119494
0.197866
-1.35891
-1.1818
-0.947294
-1.32427
-0.993696
-0.559532
-0.169534
0.0801403
0.245481
0.332561
0.164046
-0.131481
-0.517284
-0.885522
-1.21387
-0.517283
-0.885521
-1.21387
0.332562
0.164047
-0.13148
-1.42607
-1.32978
-1.06527
-1.0955
-1.37459
-1.41202
0.255785
-0.174568
-0.639676
0.255784
-0.17457
-0.639678
-1.0955
-1.37459
-1.41202
-1.42607
-1.32978
-1.06527
-1.32427
-0.993693
-0.55953
0.370173
0.403053
0.366628
0.401623
0.387076
0.343659
0.278815
0.342036
0.393929
-0.169532
0.0801426
0.245483
-1.3589
-1.1818
-0.947288
-0.564426
-0.11949
0.197868
-0.291186
-0.470774
-0.68966
-0.00437373
0.271535
0.390017
0.149886
0.161698
0.180641
0.149886
0.161698
0.180641
0.125036
0.129583
0.139186
0.258404
0.285131
0.320643
0.310518
0.255739
0.212467
0.399067
0.395872
0.363169
0.399067
0.395872
0.363169
0.310518
0.255739
0.212467
0.258404
0.285131
0.320643
0.221806
0.18241
0.156765
0.401623
0.387076
0.34366
0.370172
0.403053
0.366629
-0.291185
-0.470772
-0.689655
-0.564421
-0.119485
0.197871
-1.3589
-1.18179
-0.947282
-1.32427
-0.993684
-0.55952
-0.169524
0.0801476
0.245486
0.332564
0.164052
-0.131472
-0.517273
-0.88551
-1.21386
-0.517273
-0.88551
-1.21386
0.332564
0.164052
-0.131472
-1.42607
-1.32979
-1.06528
-1.09551
-1.3746
-1.41201
0.255772
-0.174585
-0.639693
0.255772
-0.174585
-0.639693
-1.09551
-1.3746
-1.41201
-1.42607
-1.32979
-1.06528
-1.32427
-0.993684
-0.55952
0.370172
0.403053
0.366629
0.401623
0.387076
0.34366
0.278815
0.342036
0.393929
-0.169524
0.0801476
0.245486
-1.3589
-1.18179
-0.947282
-0.564421
-0.119485
0.197871
-0.291185
-0.470772
-0.689655
-0.00437373
0.271535
0.390017
0.149886
0.161698
0.180642
0.149886
0.161698
0.180642
0.125036
0.129583
0.139186
0.258404
0.285131
0.320644
0.310519
0.255739
0.212467
0.399067
0.395873
0.36317
0.399067
0.395873
0.36317
0.310519
0.25574
0.212467
0.258404
0.285132
0.320644
0.221806
0.182411
0.156765
0.401623
0.387076
0.343659
0.370173
0.403053
0.366628
-0.291186
-0.470773
-0.689658
-0.564424
-0.119488
0.197869
-1.3589
-1.18179
-0.947285
-1.32427
-0.993689
-0.559526
-0.169529
0.0801444
0.245484
0.332562
0.164049
-0.131476
-0.517278
-0.885516
-1.21387
-0.51728
-0.885517
-1.21387
0.332562
0.164048
-0.131478
-1.42607
-1.32979
-1.06528
-1.09551
-1.37459
-1.41202
0.255774
-0.174582
-0.639689
0.255774
-0.174581
-0.639687
-1.0955
-1.37459
-1.41202
-1.42607
-1.32979
-1.06527
-1.32427
-0.993691
-0.559528
0.370173
0.403053
0.366628
0.401623
0.387075
0.343658
0.278816
0.342036
0.39393
-0.169531
0.0801425
0.245483
-1.3589
-1.1818
-0.947291
-0.56443
-0.119492
0.197867
-0.291194
-0.470781
-0.689665
-0.0043799
0.271532
0.390016
0.149886
0.161698
0.180642
0.149886
0.161698
0.180642
0.258404
0.285132
0.320644
0.310519
0.255739
0.212467
0.399067
0.395873
0.36317
0.399067
0.395873
0.36317
0.310519
0.255739
0.212467
0.258404
0.285131
0.320644
0.401623
0.387075
0.343658
0.370173
0.403053
0.366627
-0.291194
-0.470782
-0.689667
-0.564432
-0.119494
0.197866
-1.35891
-1.1818
-0.947294
-1.32428
-0.993697
-0.559533
-0.169534
0.0801408
0.245482
0.332562
0.164047
-0.131481
-0.517285
-0.885523
-1.21387
-0.517284
-0.885523
-1.21387
0.332562
0.164047
-0.13148
-1.42607
-1.32978
-1.06526
-1.09549
-1.37459
-1.41202
0.255793
-0.17456
-0.639669
0.255792
-0.174561
-0.63967
-1.09549
-1.37459
-1.41202
-1.42607
-1.32978
-1.06526
-1.32427
-0.993695
-0.559531
0.370173
0.403053
0.366628
0.401623
0.387076
0.343659
-0.169533
0.0801421
0.245483
-1.3589
-1.1818
-0.94729
-0.564428
-0.119491
0.197868
-0.291188
-0.470776
-0.689662
-0.457487
-0.943698
-1.31792
-1.42424
-1.41436
-1.34391
-1.05426
-1.37011
-1.39665
-0.633073
-1.15497
-1.41519
-0.210126
-0.00178544
0.212506
0.0608943
-0.52375
-1.06908
0.693905
0.585749
0.423422
0.657995
0.357561
-0.13756
-0.62751
-0.943834
-1.18352
-1.41948
-1.2039
-0.738377
-0.00207631
0.466813
0.697574
0.715175
0.691964
0.651239
0.522448
0.718196
0.694864
0.21071
0.497444
0.684609
0
0
0
0.100093
0.307358
0.52226
0
0
0
0.0421513
0.143564
0.283986
0.421189
0.509009
0.586847
0.735965
0.641256
0.468858
0.326201
0.24203
0.169011
0.492259
0.325859
0.190492
0.738538
0.713992
0.636927
0
0
0
0.0105885
0.0411397
0.0945975
0
0
0
0.00158871
0.00660952
0.0177293
0.0388813
0.0668031
0.108894
0.168524
0.0895844
0.0431756
0.279007
0.395714
0.518626
-0.244958
0.116291
0.424459
-0.602315
-0.0730835
0.378598
0.658885
0.738262
0.666267
0.293452
0.444765
0.601611
0.715442
0.734133
0.644933
0.580815
0.724925
0.719678
0.609783
0.470045
0.328882
0.609783
0.470045
0.328882
0.580815
0.724925
0.719677
0.178698
0.107443
0.0603168
0.0622597
0.1176
0.204013
0.00567022
0.0146338
0.0293303
0.00567023
0.0146338
0.0293303
0.0622597
0.1176
0.204013
0.178698
0.107443
0.0603167
0.293452
0.444765
0.601611
0.0197631
0.0103595
0.00425083
0.028412
0.0129889
0.00465645
0
0
0
3.73632e-06
0.000653117
0.00155284
0
0
0
-9.62577e-05
0.000176234
-7.3591e-05
6.7692e-05
0.000939678
0.00166496
0.00213711
0.00100517
0.000230589
0.000240356
-0.000160507
0.000371791
0.000240357
-0.000160507
0.000371792
0.00213712
0.00100517
0.000230592
0
0
0
9.793e-05
-0.000194544
0.000348924
0
0
0
0
0
0
9.79303e-05
-0.000194544
0.000348925
0
0
0
-9.62597e-05
0.000176236
-7.35937e-05
0.028412
0.0129889
0.00465645
0.0197631
0.0103595
0.00425083
0.168524
0.0895843
0.0431756
6.7691e-05
0.000939679
0.00166496
0
0
0
3.73826e-06
0.000653116
0.00155284
0
0
0
0.00158871
0.00660951
0.0177293
-1.05426
-1.37012
-1.39665
-1.42424
-1.41436
-1.34391
-0.457494
-0.943704
-1.31792
-1.41948
-1.2039
-0.738374
-0.627507
-0.943831
-1.18352
0.657996
0.357563
-0.137557
0.693906
0.585751
0.423425
0.0608987
-0.523745
-1.06908
-0.210119
-0.00177976
0.21251
-0.633066
-1.15497
-1.41519
-0.602314
-0.0730819
0.378599
-0.244955
0.116293
0.424461
0.715441
0.734133
0.644934
0.279007
0.395714
0.518625
0.658885
0.738262
0.666268
0.738538
0.713992
0.636927
0.492259
0.325858
0.190492
0.3262
0.242029
0.169011
0.735964
0.641256
0.468857
0.0388813
0.066803
0.108894
0
0
0
0.0105885
0.0411396
0.0945973
0
0
0
0.0421512
0.143564
0.283986
0.52245
0.718197
0.694864
0.715175
0.691963
0.651238
-0.0020694
0.466818
0.697576
0.421189
0.509008
0.586846
0
0
0
0.100093
0.307357
0.522259
0
0
0
0.210709
0.497443
0.684609
-1.42424
-1.41436
-1.34391
-1.05426
-1.37012
-1.39665
-0.210119
-0.00177996
0.21251
0.0608979
-0.523746
-1.06908
0.693905
0.58575
0.423424
0.657995
0.35756
-0.13756
-0.627509
-0.943832
-1.18352
-1.41948
-1.2039
-0.738377
0.715175
0.691963
0.651238
0.52245
0.718197
0.694864
0
0
0
0.100093
0.307357
0.52226
0
0
0
0.0421514
0.143565
0.283987
0.42119
0.509009
0.586847
0.735965
0.641257
0.468858
0.326201
0.242031
0.169012
0.492261
0.325861
0.190493
0.738538
0.713993
0.636928
0
0
0
0.0105886
0.04114
0.0945983
0
0
0
0.00158875
0.00660966
0.0177296
0.0388819
0.0668039
0.108895
0.168527
0.0895857
0.0431763
0.27901
0.395717
0.518628
-0.244959
0.116289
0.424456
-0.60232
-0.0730882
0.378594
0.658887
0.738262
0.666265
0.293455
0.444768
0.601614
0.715443
0.734132
0.644931
0.58081
0.724923
0.719679
0.609787
0.470051
0.328889
0.60979
0.470053
0.328889
0.580809
0.724922
0.719681
0.178701
0.107446
0.0603187
0.062262
0.117604
0.204019
0.00567064
0.0146347
0.0293316
0.00567067
0.0146349
0.0293322
0.062263
0.117605
0.20402
0.178706
0.107449
0.0603202
0.293463
0.444775
0.601619
0.0197636
0.0103598
0.00425102
0.0284132
0.0129895
0.00465668
0
0
0
3.75779e-06
0.00065314
0.00155294
0
0
0
-9.62644e-05
0.000176233
-7.35654e-05
6.77567e-05
0.00093971
0.0016651
0.00213733
0.00100522
0.000230657
0.000240382
-0.00016051
0.000371807
0.00024039
-0.000160511
0.00037181
0.00213735
0.00100523
0.000230675
0
0
0
9.7971e-05
-0.000194571
0.000348962
0
0
0
0
0
0
9.79768e-05
-0.000194575
0.000348965
0
0
0
-9.62717e-05
0.000176236
-7.35558e-05
0.028414
0.01299
0.00465693
0.0197649
0.0103605
0.00425129
0.168533
0.0895901
0.043179
6.77817e-05
0.000939739
0.00166521
0
0
0
3.77473e-06
0.000653182
0.00155305
0
0
0
0.00158891
0.00661028
0.017731
-1.05426
-1.37011
-1.39666
-1.42424
-1.41436
-1.34391
-0.457485
-0.943696
-1.31791
-1.41948
-1.20391
-0.738388
-0.627522
-0.943842
-1.18353
0.657989
0.357549
-0.137574
0.693901
0.585742
0.423414
0.0608853
-0.523759
-1.06909
-0.21013
-0.00179128
0.212499
-0.633075
-1.15497
-1.41519
-0.602324
-0.0730963
0.378586
-0.244972
0.116277
0.424447
0.715445
0.734131
0.644926
0.279017
0.395725
0.518636
0.658892
0.738262
0.66626
0.738538
0.713996
0.636935
0.492269
0.325869
0.1905
0.326209
0.242038
0.169018
0.735966
0.641262
0.468866
0.0388844
0.0668075
0.1089
0
0
0
0.0105893
0.0411424
0.0946027
0
0
0
0.0421529
0.143569
0.283994
0.522442
0.718194
0.694866
0.715175
0.691965
0.651241
-0.00207855
0.466812
0.697573
0.421197
0.509015
0.586852
0
0
0
0.100095
0.307361
0.522264
0
0
0
0.210709
0.497444
0.684609
-1.42424
-1.41436
-1.34391
-1.05425
-1.37011
-1.39666
-0.21013
-0.00179398
0.212495
0.0608799
-0.523765
-1.06909
0.693898
0.585738
0.42341
0.657985
0.357541
-0.137585
-0.627532
-0.94385
-1.18353
-1.41949
-1.20391
-0.738399
0.715175
0.691965
0.651242
0.522438
0.718194
0.694867
0
0
0
0.100096
0.307363
0.522266
0
0
0
0.0421536
0.143571
0.283997
0.4212
0.509018
0.586853
0.735966
0.641265
0.46887
0.326213
0.242042
0.169022
0.492275
0.325874
0.190504
0.738538
0.713998
0.636939
0
0
0
0.0105897
0.0411435
0.094605
0
0
0
0.001589
0.0066106
0.0177317
0.0388858
0.0668095
0.108902
0.168537
0.0895928
0.0431806
0.279023
0.395731
0.518641
-0.244984
0.116265
0.424438
-0.602339
-0.0731107
0.378575
0.658896
0.738263
0.666255
0.293468
0.444782
0.601625
0.715448
0.73413
0.64492
0.580801
0.72492
0.719683
0.609796
0.470062
0.328898
0.609796
0.470062
0.328898
0.580801
0.72492
0.719683
0.178711
0.107453
0.0603227
0.0622658
0.11761
0.204027
0.00567113
0.0146358
0.0293338
0.00567113
0.0146358
0.0293338
0.0622658
0.11761
0.204027
0.178711
0.107453
0.0603228
0.293469
0.444782
0.601625
0.0197658
0.010361
0.00425156
0.0284154
0.0129907
0.00465723
0
0
0
3.79201e-06
0.000653212
0.00155317
0
0
0
-9.62761e-05
0.00017624
-7.35445e-05
6.78265e-05
0.000939781
0.00166535
0.00213756
0.00100529
0.00023072
0.000240401
-0.000160508
0.000371812
0.000240409
-0.000160513
0.000371816
0.00213757
0.00100529
0.000230728
0
0
0
9.79878e-05
-0.000194583
0.000348973
0
0
0
0
0
0
9.79935e-05
-0.000194588
0.000348977
0
0
0
-9.62778e-05
0.00017624
-7.35375e-05
0.0284154
0.0129907
0.00465724
0.0197658
0.010361
0.00425157
0.168537
0.089593
0.0431807
6.78352e-05
0.000939778
0.00166535
0
0
0
3.7939e-06
0.000653213
0.00155318
0
0
0
0.00158901
0.00661063
0.0177318
-1.05425
-1.37011
-1.39666
-1.42424
-1.41436
-1.34391
-0.457485
-0.943696
-1.31791
-1.41949
-1.20391
-0.738399
-0.627532
-0.94385
-1.18353
0.657985
0.35754
-0.137586
0.693898
0.585738
0.423409
0.0608792
-0.523765
-1.06909
-0.210131
-0.00179443
0.212494
-0.633075
-1.15497
-1.41519
-0.602339
-0.0731108
0.378575
-0.244985
0.116264
0.424437
0.715448
0.73413
0.64492
0.279023
0.395732
0.518642
0.658897
0.738263
0.666255
0.738538
0.713998
0.636939
0.492275
0.325874
0.190504
0.326213
0.242042
0.169022
0.735966
0.641266
0.46887
0.0388859
0.0668097
0.108903
0
0
0
0.0105897
0.0411437
0.0946053
0
0
0
0.0421537
0.143571
0.283997
0.522438
0.718193
0.694867
0.715175
0.691965
0.651243
-0.00207855
0.466812
0.697573
0.421201
0.509018
0.586854
0
0
0
0.100096
0.307363
0.522266
0
0
0
0.210709
0.497444
0.684609
-1.42424
-1.41436
-1.34391
-1.05426
-1.37011
-1.39666
-0.21013
-0.00179183
0.212498
0.060884
-0.523761
-1.06909
0.6939
0.585741
0.423413
0.657988
0.357546
-0.137578
-0.627526
-0.943845
-1.18353
-1.41949
-1.20391
-0.738392
0.715175
0.691965
0.651241
0.522441
0.718194
0.694866
0
0
0
0.100095
0.307361
0.522265
0
0
0
0.042153
0.143569
0.283994
0.421197
0.509015
0.586852
0.735966
0.641263
0.468866
0.326209
0.242038
0.169019
0.492271
0.32587
0.190501
0.738538
0.713997
0.636936
0
0
0
0.0105894
0.0411424
0.0946029
0
0
0
0.00158891
0.0066103
0.0177311
0.0388845
0.0668078
0.1089
0.168534
0.0895906
0.0431792
0.279019
0.395727
0.518637
-0.244977
0.116272
0.424443
-0.602334
-0.0731046
0.37858
0.658893
0.738262
0.666258
0.293464
0.444778
0.601622
0.715447
0.73413
0.644923
0.580803
0.724921
0.719682
0.609793
0.470056
0.328892
0.60979
0.470054
0.328891
0.580804
0.724922
0.719681
0.178708
0.10745
0.0603206
0.0622635
0.117606
0.204021
0.00567071
0.014635
0.0293324
0.00567068
0.0146348
0.0293319
0.0622624
0.117605
0.204021
0.178702
0.107447
0.0603192
0.293457
0.444771
0.601617
0.019765
0.0103605
0.00425132
0.0284142
0.0129901
0.00465696
0
0
0
3.77766e-06
0.000653182
0.00155306
0
0
0
-9.62711e-05
0.000176235
-7.35514e-05
6.77886e-05
0.000939739
0.00166522
0.00213737
0.00100523
0.00023068
0.000240393
-0.000160513
0.000371811
0.00024038
-0.000160509
0.000371806
0.00213735
0.00100523
0.000230656
0
0
0
9.79788e-05
-0.000194577
0.000348967
0
0
0
0
0
0
9.79696e-05
-0.00019457
0.000348961
0
0
0
-9.62636e-05
0.000176233
-7.35657e-05
0.0284134
0.0129896
0.00465671
0.0197637
0.0103599
0.00425105
0.168528
0.0895863
0.0431766
6.77565e-05
0.000939714
0.0016651
0
0
0
3.75701e-06
0.000653142
0.00155295
0
0
0
0.00158875
0.00660968
0.0177297
-1.05426
-1.37011
-1.39665
-1.42424
-1.41436
-1.34391
-0.457494
-0.943704
-1.31792
-1.41948
-1.2039
-0.738382
-0.627514
-0.943835
-1.18352
0.657994
0.357557
-0.137565
0.693904
0.585749
0.423423
0.0608962
-0.523748
-1.06908
-0.210119
-0.00178079
0.212509
-0.633066
-1.15497
-1.41519
-0.60233
-0.0730973
0.378588
-0.244965
0.116283
0.424451
0.715444
0.734131
0.644928
0.279012
0.395719
0.518629
0.658888
0.738262
0.666263
0.738538
0.713993
0.63693
0.492263
0.325862
0.190494
0.326202
0.242031
0.169013
0.735965
0.641257
0.468859
0.0388821
0.0668042
0.108895
0
0
0
0.0105886
0.0411401
0.0945985
0
0
0
0.0421514
0.143565
0.283987
0.522449
0.718197
0.694864
0.715175
0.691963
0.651238
-0.0020694
0.466818
0.697576
0.42119
0.509009
0.586847
0
0
0
0.100093
0.307357
0.52226
0
0
0
0.210709
0.497443
0.684609
-1.42424
-1.41436
-1.34391
-1.05426
-1.37012
-1.39665
-0.210119
-0.00177976
0.21251
0.0608987
-0.523745
-1.06908
0.693906
0.585751
0.423425
0.657996
0.357563
-0.137557
-0.627507
-0.943831
-1.18352
-1.41948
-1.2039
-0.738374
0.715175
0.691963
0.651238
0.52245
0.718197
0.694864
0
0
0
0.100093
0.307357
0.522259
0
0
0
0.0421512
0.143564
0.283986
0.421189
0.509008
0.586846
0.735964
0.641256
0.468857
0.3262
0.242029
0.169011
0.492259
0.325858
0.190492
0.738538
0.713992
0.636927
0
0
0
0.0105885
0.0411396
0.0945973
0
0
0
0.00158871
0.00660951
0.0177293
0.0388813
0.066803
0.108894
0.168524
0.0895843
0.0431756
0.279007
0.395714
0.518625
-0.244955
0.116293
0.424461
-0.602314
-0.0730819
0.378599
0.658885
0.738262
0.666268
0.293452
0.444765
0.601611
0.715441
0.734133
0.644934
0.580815
0.724925
0.719677
0.609783
0.470045
0.328882
0.609783
0.470045
0.328882
0.580815
0.724925
0.719678
0.178698
0.107443
0.0603167
0.0622597
0.1176
0.204013
0.00567023
0.0146338
0.0293303
0.00567022
0.0146338
0.0293303
0.0622597
0.1176
0.204013
0.178698
0.107443
0.0603168
0.293452
0.444765
0.601611
0.0197631
0.0103595
0.00425083
0.028412
0.0129889
0.00465645
0
0
0
3.7387e-06
0.000653116
0.00155284
0
0
0
-9.62602e-05
0.000176236
-7.35937e-05
6.76912e-05
0.000939679
0.00166496
0.00213712
0.00100517
0.000230592
0.000240357
-0.000160507
0.000371792
0.000240356
-0.000160506
0.000371791
0.00213711
0.00100517
0.000230589
0
0
0
9.79308e-05
-0.000194545
0.000348925
0
0
0
0
0
0
9.79301e-05
-0.000194544
0.000348924
0
0
0
-9.62577e-05
0.000176234
-7.35909e-05
0.028412
0.0129889
0.00465645
0.0197631
0.0103595
0.00425083
0.168524
0.0895844
0.0431756
6.76924e-05
0.000939677
0.00166496
0
0
0
3.7364e-06
0.000653117
0.00155284
0
0
0
0.00158871
0.00660952
0.0177293
-1.05426
-1.37011
-1.39665
-1.42424
-1.41436
-1.34391
-1.41948
-1.2039
-0.738377
-0.62751
-0.943834
-1.18352
0.657995
0.357561
-0.13756
0.693905
0.585749
0.423422
0.0608943
-0.52375
-1.06908
-0.210126
-0.00178544
0.212506
-0.602315
-0.0730835
0.378598
-0.244958
0.116291
0.424459
0.715442
0.734133
0.644933
0.279007
0.395714
0.518626
0.658885
0.738262
0.666267
0.738538
0.713992
0.636927
0.492259
0.325859
0.190492
0.326201
0.24203
0.169011
0.735965
0.641256
0.468858
0.0388813
0.0668031
0.108894
0
0
0
0.0105885
0.0411397
0.0945975
0
0
0
0.0421513
0.143564
0.283986
0.522448
0.718196
0.694864
0.715175
0.691964
0.651239
0.421189
0.509009
0.586847
0
0
0
0.100093
0.307358
0.52226
0
0
0
0.126272
0.131304
0.141773
0.131304
0.138393
0.151331
0.141773
0.151331
0.168146
0.160423
0.188772
0.230374
0.174101
0.207354
0.254591
0.196369
0.235999
0.288829
0.23185
0.278431
0.333704
0.278431
0.327976
0.377085
0.333704
0.377085
0.402432
0.160423
0.174101
0.196369
0.188772
0.207355
0.235999
0.230374
0.254591
0.28883
0.289844
0.353133
0.398987
0.317666
0.376815
0.402947
0.351949
0.397459
0.388304
0.378964
0.235428
-0.0690712
0.339247
0.135855
-0.227917
0.261118
-0.0153991
-0.436296
0.116668
-0.2414
-0.70202
-0.0952116
-0.516701
-0.973859
-0.38316
-0.828986
-1.22214
0.386956
0.400911
0.331846
0.403049
0.363812
0.214672
0.376037
0.257519
0.0129426
0.262354
0.0404965
-0.30045
0.0404962
-0.275256
-0.669876
-0.300451
-0.669876
-1.04537
-0.745236
-1.14597
-1.39525
-1.08621
-1.36252
-1.41373
-1.34175
-1.42332
-1.25271
-1.42356
-1.2669
-0.895954
-1.2669
-0.917161
-0.440335
-0.895954
-0.440335
0.0331903
-0.745238
-1.08621
-1.34175
-1.14597
-1.36252
-1.42332
-1.39525
-1.41373
-1.25271
0.289844
0.317666
0.351949
0.353134
0.376815
0.397459
0.398987
0.402947
0.388304
0.386956
0.403049
0.376037
0.400911
0.363812
0.257519
0.331845
0.214671
0.0129417
0.116666
-0.0952134
-0.383161
-0.241403
-0.516703
-0.828988
-0.702023
-0.973862
-1.22214
0.378963
0.339246
0.261116
0.235425
0.135852
-0.015402
-0.0690758
-0.227922
-0.4363
0.126272
0.131304
0.141773
0.131304
0.138393
0.151331
0.141773
0.151331
0.168146
0.160423
0.188772
0.230374
0.174101
0.207355
0.254591
0.196369
0.235999
0.28883
0.231851
0.278431
0.333705
0.278431
0.327976
0.377085
0.333704
0.377085
0.402432
0.160423
0.174101
0.196369
0.188772
0.207355
0.235999
0.230374
0.254591
0.28883
0.289844
0.353134
0.398987
0.317667
0.376815
0.402947
0.351949
0.397459
0.388303
0.378963
0.235425
-0.0690761
0.339246
0.135851
-0.227922
0.261116
-0.0154027
-0.436301
0.116666
-0.241404
-0.702024
-0.0952139
-0.516703
-0.973862
-0.383161
-0.828987
-1.22214
0.386956
0.400911
0.331845
0.403049
0.363812
0.214671
0.376036
0.257518
0.0129414
0.262354
0.0404961
-0.300451
0.0404966
-0.275256
-0.669875
-0.300449
-0.669875
-1.04537
-0.745237
-1.14597
-1.39525
-1.08621
-1.36252
-1.41373
-1.34175
-1.42332
-1.25271
-1.42356
-1.2669
-0.895959
-1.2669
-0.917167
-0.440343
-0.895961
-0.440344
0.0331818
-0.745235
-1.08621
-1.34175
-1.14596
-1.36252
-1.42332
-1.39525
-1.41373
-1.25271
0.289844
0.317666
0.351949
0.353133
0.376815
0.397459
0.398987
0.402947
0.388304
0.386956
0.403049
0.376037
0.400911
0.363812
0.257519
0.331846
0.214672
0.012943
0.116669
-0.0952108
-0.383158
-0.241399
-0.516699
-0.828984
-0.702018
-0.973857
-1.22214
0.378964
0.339248
0.261118
0.235428
0.135855
-0.0153982
-0.0690697
-0.227915
-0.436294
0.126272
0.131304
0.141773
0.131304
0.138393
0.151331
0.141773
0.151331
0.168146
0.160423
0.188771
0.230373
0.174101
0.207354
0.254591
0.196369
0.235998
0.288829
0.23185
0.27843
0.333704
0.27843
0.327975
0.377084
0.333704
0.377084
0.402432
0.160423
0.174101
0.196369
0.188771
0.207354
0.235998
0.230373
0.254591
0.288829
0.289844
0.353133
0.398987
0.317666
0.376814
0.402947
0.351948
0.397458
0.388304
0.378964
0.235429
-0.0690689
0.339248
0.135857
-0.227913
0.26112
-0.0153947
-0.436289
0.116672
-0.241393
-0.702012
-0.0952046
-0.516691
-0.97385
-0.38315
-0.828975
-1.22213
0.386956
0.400912
0.331848
0.403049
0.363814
0.214676
0.376038
0.257523
0.0129495
0.262358
0.0405036
-0.30044
0.0405036
-0.275245
-0.669864
-0.30044
-0.669864
-1.04536
-0.745225
-1.14596
-1.39525
-1.0862
-1.36251
-1.41373
-1.34174
-1.42332
-1.25272
-1.42356
-1.26691
-0.895974
-1.26691
-0.917181
-0.440359
-0.895974
-0.440359
0.033167
-0.745225
-1.0862
-1.34174
-1.14596
-1.36251
-1.42332
-1.39525
-1.41373
-1.25272
0.289844
0.317666
0.351948
0.353133
0.376814
0.397458
0.398987
0.402947
0.388304
0.386956
0.403049
0.376038
0.400912
0.363814
0.257523
0.331848
0.214676
0.0129495
0.116672
-0.0952046
-0.38315
-0.241393
-0.516691
-0.828975
-0.702012
-0.97385
-1.22213
0.378964
0.339248
0.26112
0.235429
0.135857
-0.0153947
-0.0690689
-0.227913
-0.436289
0.126272
0.131304
0.141773
0.131304
0.138393
0.151331
0.141773
0.151331
0.168146
0.160423
0.188772
0.230374
0.174101
0.207355
0.254591
0.196369
0.235999
0.288829
0.23185
0.278431
0.333704
0.278431
0.327976
0.377085
0.333704
0.377085
0.402432
0.160423
0.174101
0.196369
0.188772
0.207355
0.235999
0.230374
0.254591
0.28883
0.289844
0.353133
0.398987
0.317666
0.376815
0.402947
0.351949
0.397458
0.388304
0.378964
0.235429
-0.0690695
0.339248
0.135856
-0.227915
0.261119
-0.015397
-0.436292
0.11667
-0.241397
-0.702015
-0.0952084
-0.516696
-0.973854
-0.383155
-0.828979
-1.22213
0.386956
0.400911
0.331846
0.403049
0.363813
0.214674
0.376037
0.25752
0.0129455
0.262356
0.0404993
-0.300445
0.0404988
-0.275251
-0.66987
-0.300446
-0.66987
-1.04536
-0.74523
-1.14596
-1.39525
-1.08621
-1.36252
-1.41373
-1.34175
-1.42332
-1.25272
-1.42356
-1.26691
-0.89597
-1.26691
-0.917177
-0.440355
-0.895969
-0.440355
0.03317
-0.745232
-1.08621
-1.34175
-1.14596
-1.36252
-1.42332
-1.39525
-1.41373
-1.25272
0.289844
0.317667
0.351949
0.353134
0.376815
0.397459
0.398987
0.402947
0.388304
0.386956
0.403049
0.376037
0.400911
0.363812
0.25752
0.331845
0.214672
0.0129441
0.116667
-0.095211
-0.383157
-0.241401
-0.5167
-0.828983
-0.70202
-0.973858
-1.22214
0.378963
0.339246
0.261117
0.235425
0.135852
-0.0154011
-0.0690757
-0.227921
-0.436298
0.126272
0.131304
0.141773
0.131304
0.138393
0.151331
0.141773
0.151331
0.168146
0.160423
0.188772
0.230374
0.174101
0.207355
0.254591
0.196369
0.235999
0.28883
0.23185
0.278431
0.333704
0.278431
0.327976
0.377085
0.333704
0.377085
0.402432
0.160423
0.174101
0.196369
0.188772
0.207354
0.235999
0.230374
0.254591
0.288829
0.289844
0.353134
0.398987
0.317666
0.376815
0.402947
0.351949
0.397459
0.388304
0.378963
0.235425
-0.0690758
0.339246
0.135852
-0.227922
0.261116
-0.015402
-0.4363
0.116666
-0.241403
-0.702023
-0.0952134
-0.516703
-0.973862
-0.383161
-0.828988
-1.22214
0.386956
0.400911
0.331845
0.403049
0.363812
0.214671
0.376037
0.257519
0.0129417
0.262354
0.0404962
-0.300451
0.0404965
-0.275256
-0.669876
-0.30045
-0.669876
-1.04537
-0.745238
-1.14597
-1.39525
-1.08621
-1.36252
-1.41373
-1.34175
-1.42332
-1.25271
-1.42356
-1.2669
-0.895954
-1.2669
-0.917161
-0.440335
-0.895954
-0.440335
0.0331903
-0.745236
-1.08621
-1.34175
-1.14597
-1.36252
-1.42332
-1.39525
-1.41373
-1.25271
0.289844
0.317666
0.351949
0.353133
0.376815
0.397459
0.398987
0.402947
0.388304
0.386956
0.403049
0.376037
0.400911
0.363812
0.257519
0.331846
0.214672
0.0129426
0.116668
-0.0952116
-0.38316
-0.2414
-0.516701
-0.828986
-0.70202
-0.973859
-1.22214
0.378964
0.339247
0.261118
0.235428
0.135855
-0.0153991
-0.0690712
-0.227917
-0.436296
-0.54195
-1.02077
-1.35884
-0.72861
-1.17346
-1.41448
-0.940439
-1.31254
-1.42161
-1.39448
-1.08053
-0.530309
-1.31627
-0.899096
-0.310924
-1.17381
-0.665321
-0.0695019
-0.944382
-0.372352
0.188783
-0.656433
-0.0724753
0.412621
-0.321733
0.219024
0.590024
-1.1637
-1.40968
-1.34793
-1.33605
-1.41738
-1.18018
-1.4236
-1.31101
-0.913986
0.0910784
0.524004
0.712274
0.270986
0.621177
0.72424
0.441929
0.693555
0.712045
0.662836
0.459691
0.169834
0.615593
0.394403
0.135311
0.556993
0.337395
0.111409
0.484221
0.277749
0.0885829
0.406656
0.221925
0.068321
0.325851
0.169166
0.0503422
0.593148
0.731862
0.670382
0.691736
0.726263
0.604584
0.736045
0.679878
0.519194
0.720808
0.59447
0.417519
0.654811
0.491766
0.320418
0.553538
0.38207
0.231802
0.2441
0.120065
0.0345873
0.175372
0.0821912
0.0225987
0.119148
0.0529298
0.0142377
0.0740139
0.0312254
0.00809568
0.0443069
0.0177815
0.00434576
0.0247371
0.00947659
0.00227226
0.429499
0.272683
0.154114
0.313354
0.18511
0.0979917
0.21287
0.117281
0.0582305
-1.37511
-1.06137
-0.546318
-1.17099
-0.710715
-0.158127
-0.82573
-0.295362
0.210945
0.0430577
0.479406
0.705686
0.352633
0.650665
0.738825
0.584532
0.732081
0.701566
0.717153
0.72162
0.604642
0.73333
0.639533
0.48267
0.662521
0.516199
0.355854
-0.364893
0.13759
0.51775
0.0787686
0.468919
0.690612
0.442296
0.674151
0.738414
0.675608
0.738772
0.676011
0.738772
0.68006
0.550374
0.676011
0.550374
0.403184
0.530879
0.374271
0.236491
0.389831
0.25252
0.148388
0.260766
0.156808
0.0856559
0.155012
0.0864253
0.0442827
0.0864252
0.0451725
0.021575
0.0442827
0.021575
0.00995189
0.530878
0.389831
0.260766
0.374271
0.25252
0.156808
0.236491
0.148388
0.0856559
0.130588
0.0671214
0.0313705
0.076153
0.0367893
0.0160665
0.0412161
0.0186236
0.00788806
0.0126122
0.00449211
0.0010372
0.00599021
0.00215051
0.000426375
0.00289919
0.000828341
0.000273318
0.00110797
0.000374532
3.31439e-05
0.000440743
0.000104937
6.92152e-05
0.00017009
5.22407e-05
-3.79217e-05
0.0199975
0.00831833
0.00346763
0.00895843
0.00376852
0.00124969
0.00408418
0.00135891
0.000661768
0.00140444
0.000579873
6.38015e-05
0.000579873
0.000114391
0.000164894
6.38009e-05
0.000164894
-0.000157515
0.000104374
-6.36309e-05
9.89017e-05
5.80193e-06
3.86079e-05
-5.89129e-05
-3.13065e-05
-7.42397e-06
5.0605e-05
-0.000165818
0.000115029
-0.00010079
0.000115029
-7.95554e-05
7.76614e-05
-0.00010079
7.76613e-05
-8.08863e-05
0.000104374
5.80195e-06
-3.13068e-05
-6.36316e-05
3.86081e-05
-7.42398e-06
9.89029e-05
-5.89134e-05
5.06053e-05
0.130588
0.0761529
0.041216
0.0671213
0.0367892
0.0186235
0.0313705
0.0160665
0.00788806
0.0199975
0.00895843
0.00408418
0.00831833
0.00376852
0.00135891
0.00346763
0.00124969
0.000661768
0.00110797
0.000440743
0.000170092
0.000374533
0.000104937
5.22405e-05
3.31428e-05
6.9216e-05
-3.79221e-05
0.0126122
0.00599021
0.00289919
0.00449211
0.00215051
0.000828342
0.0010372
0.000426376
0.000273319
-0.541956
-0.728615
-0.940444
-1.02078
-1.17347
-1.31254
-1.35884
-1.41448
-1.42161
-1.1637
-1.33605
-1.4236
-1.40968
-1.41738
-1.31101
-1.34792
-1.18018
-0.913983
-0.944378
-0.656429
-0.32173
-0.372347
-0.0724714
0.219027
0.188787
0.412624
0.590025
-1.39448
-1.31626
-1.1738
-1.08053
-0.899091
-0.665315
-0.530302
-0.310918
-0.0694968
-1.37511
-1.17099
-0.825728
-1.06136
-0.710713
-0.29536
-0.546315
-0.158124
0.210946
-0.364892
0.0787693
0.442296
0.137591
0.46892
0.674151
0.517751
0.690613
0.738414
0.717153
0.73333
0.662521
0.72162
0.639532
0.516198
0.604642
0.48267
0.355853
0.0430605
0.352635
0.584533
0.479407
0.650665
0.732081
0.705687
0.738825
0.701566
0.720807
0.654811
0.553537
0.594469
0.491765
0.382069
0.417518
0.320418
0.231802
0.429498
0.313353
0.212869
0.272683
0.18511
0.117281
0.154114
0.0979915
0.0582305
0.0740138
0.0443068
0.024737
0.0312254
0.0177815
0.00947658
0.00809567
0.00434576
0.00227226
0.2441
0.175372
0.119148
0.120065
0.0821911
0.0529298
0.0345872
0.0225987
0.0142377
0.0910846
0.270991
0.441932
0.524008
0.62118
0.693556
0.712275
0.72424
0.712044
0.59315
0.691737
0.736045
0.731863
0.726262
0.679877
0.670381
0.604583
0.519193
0.48422
0.406655
0.32585
0.277748
0.221925
0.169166
0.0885827
0.0683209
0.0503421
0.662835
0.615592
0.556992
0.45969
0.394402
0.337394
0.169834
0.135311
0.111409
-0.541956
-1.02078
-1.35884
-0.728616
-1.17347
-1.41448
-0.940444
-1.31254
-1.42161
-1.39448
-1.08053
-0.530302
-1.31626
-0.899091
-0.310918
-1.1738
-0.665316
-0.0694974
-0.944378
-0.372348
0.188786
-0.65643
-0.0724731
0.412623
-0.321732
0.219025
0.590024
-1.1637
-1.40968
-1.34792
-1.33605
-1.41738
-1.18018
-1.4236
-1.31101
-0.913985
0.0910845
0.524008
0.712275
0.270991
0.62118
0.72424
0.441932
0.693556
0.712044
0.662835
0.45969
0.169834
0.615592
0.394402
0.135311
0.556992
0.337394
0.111409
0.48422
0.277748
0.0885828
0.406656
0.221925
0.0683211
0.325851
0.169166
0.0503423
0.593149
0.731863
0.670381
0.691737
0.726262
0.604583
0.736045
0.679878
0.519194
0.720808
0.59447
0.41752
0.654812
0.491767
0.320419
0.553539
0.382071
0.231804
0.244101
0.120065
0.0345874
0.175373
0.0821917
0.0225989
0.119149
0.0529303
0.0142378
0.0740146
0.0312258
0.00809578
0.0443074
0.0177818
0.00434583
0.0247375
0.00947676
0.00227231
0.429501
0.272685
0.154115
0.313356
0.185112
0.0979927
0.212872
0.117283
0.0582314
-1.37511
-1.06137
-0.546318
-1.17099
-0.710717
-0.158129
-0.825733
-0.295366
0.210941
0.043057
0.479405
0.705686
0.352631
0.650664
0.738825
0.58453
0.73208
0.701567
0.717152
0.721621
0.604644
0.733331
0.639535
0.482673
0.662524
0.516202
0.355857
-0.364899
0.137584
0.517747
0.0787617
0.468914
0.69061
0.44229
0.674148
0.738414
0.675604
0.738772
0.676014
0.738772
0.680064
0.550379
0.676017
0.550381
0.403191
0.530883
0.374275
0.236495
0.389837
0.252525
0.148391
0.260772
0.156812
0.0856586
0.155017
0.0864285
0.0442846
0.0864291
0.0451748
0.0215761
0.0442852
0.0215763
0.00995257
0.530888
0.38984
0.260773
0.374281
0.252528
0.156814
0.2365
0.148394
0.0856603
0.13059
0.0671227
0.0313712
0.0761549
0.0367903
0.016067
0.0412175
0.0186243
0.00788839
0.0126125
0.00449223
0.00103724
0.00599042
0.00215059
0.000426393
0.00289932
0.000828385
0.000273331
0.00110803
0.000374561
3.31398e-05
0.000440783
0.000104943
6.92224e-05
0.000170093
5.22488e-05
-3.79237e-05
0.0199984
0.00831876
0.00346781
0.00895897
0.00376875
0.00124979
0.00408446
0.00135903
0.000661801
0.00140455
0.000579932
6.38072e-05
0.000579938
0.000114405
0.000164906
6.38099e-05
0.000164907
-0.000157519
0.000104378
-6.36293e-05
9.89053e-05
5.80476e-06
3.86072e-05
-5.89127e-05
-3.13112e-05
-7.41908e-06
5.05993e-05
-0.000165834
0.00011504
-0.000100806
0.00011504
-7.95621e-05
7.76713e-05
-0.000100808
7.76721e-05
-8.09008e-05
0.000104378
5.80639e-06
-3.13129e-05
-6.36285e-05
3.86066e-05
-7.41754e-06
9.89084e-05
-5.89134e-05
5.05987e-05
0.130595
0.0761575
0.0412187
0.0671259
0.036792
0.018625
0.0313731
0.0160679
0.00788881
0.0199989
0.00895913
0.0040845
0.00831906
0.00376886
0.00135906
0.00346797
0.00124985
0.000661814
0.0011081
0.000440809
0.000170098
0.00037459
0.00010495
5.22518e-05
3.31397e-05
6.92271e-05
-3.79239e-05
0.0126134
0.00599086
0.00289951
0.00449264
0.00215077
0.000828456
0.00103735
0.000426431
0.000273354
-0.541948
-0.728608
-0.940437
-1.02077
-1.17346
-1.31253
-1.35884
-1.41448
-1.42161
-1.16369
-1.33605
-1.4236
-1.40967
-1.41738
-1.31102
-1.34793
-1.18019
-0.913995
-0.944389
-0.656443
-0.321746
-0.372362
-0.0724872
0.219012
0.188774
0.412612
0.590016
-1.39448
-1.31627
-1.17381
-1.08054
-0.899101
-0.665328
-0.530313
-0.31093
-0.06951
-1.37512
-1.17099
-0.825738
-1.06137
-0.710725
-0.295374
-0.54633
-0.158141
0.210931
-0.364904
0.0787584
0.442288
0.137577
0.46891
0.674146
0.51774
0.690607
0.738415
0.717149
0.733332
0.662528
0.721623
0.63954
0.516209
0.604651
0.482681
0.355865
0.0430439
0.35262
0.584523
0.479395
0.650658
0.732078
0.705682
0.738826
0.701571
0.720811
0.654818
0.553547
0.594477
0.491775
0.38208
0.417528
0.320427
0.231811
0.42951
0.313364
0.212879
0.272693
0.185119
0.117288
0.154122
0.0979974
0.0582347
0.0740184
0.0443101
0.0247392
0.0312277
0.0177831
0.00947758
0.00809637
0.00434621
0.00227253
0.244107
0.175379
0.119154
0.120069
0.0821952
0.052933
0.0345889
0.0226
0.0142387
0.091075
0.270981
0.441923
0.524002
0.621175
0.693553
0.712274
0.72424
0.712046
0.593142
0.691732
0.736044
0.731862
0.726264
0.679883
0.670385
0.604589
0.519201
0.484225
0.406662
0.325858
0.277753
0.22193
0.169171
0.0885846
0.0683228
0.050344
0.662837
0.615595
0.556996
0.459692
0.394405
0.337398
0.169835
0.135312
0.11141
-0.541947
-1.02077
-1.35884
-0.728605
-1.17346
-1.41448
-0.940433
-1.31253
-1.42161
-1.39448
-1.08054
-0.530314
-1.31627
-0.899104
-0.310933
-1.17381
-0.665333
-0.0695147
-0.944395
-0.372369
0.188768
-0.656452
-0.0724955
0.412606
-0.321757
0.219003
0.590011
-1.16369
-1.40967
-1.34793
-1.33605
-1.41738
-1.18019
-1.4236
-1.31102
-0.914004
0.0910742
0.524002
0.712274
0.270979
0.621174
0.72424
0.44192
0.693552
0.712046
0.662837
0.459692
0.169835
0.615596
0.394406
0.135312
0.556997
0.337399
0.111411
0.484227
0.277754
0.0885852
0.406665
0.221932
0.0683235
0.325861
0.169173
0.0503446
0.593139
0.731861
0.670386
0.69173
0.726265
0.604591
0.736044
0.679885
0.519204
0.720812
0.594481
0.417532
0.654821
0.49178
0.320431
0.553552
0.382085
0.231815
0.24411
0.120071
0.0345895
0.175382
0.0821968
0.0226006
0.119156
0.0529343
0.0142391
0.0740204
0.0312287
0.00809665
0.0443116
0.0177838
0.0043464
0.0247402
0.009478
0.00227264
0.429515
0.272698
0.154125
0.31337
0.185123
0.0980001
0.212884
0.117291
0.0582366
-1.37512
-1.06138
-0.546342
-1.171
-0.710738
-0.158154
-0.825751
-0.295389
0.210919
0.0430327
0.479388
0.70568
0.35261
0.650653
0.738826
0.584516
0.732077
0.701574
0.717146
0.721625
0.604656
0.733333
0.639545
0.482687
0.662532
0.516215
0.355871
-0.364919
0.137564
0.517731
0.0787442
0.4689
0.690603
0.442278
0.674141
0.738415
0.675599
0.738772
0.676021
0.738772
0.680069
0.550389
0.676021
0.550389
0.4032
0.530894
0.374288
0.236506
0.389848
0.252535
0.148399
0.260781
0.15682
0.0856637
0.155023
0.086433
0.0442874
0.086433
0.0451773
0.0215776
0.0442875
0.0215776
0.00995328
0.530895
0.389848
0.260781
0.374288
0.252535
0.15682
0.236506
0.148399
0.0856637
0.130598
0.0671282
0.0313744
0.0761602
0.0367935
0.0160687
0.0412206
0.018626
0.00788923
0.012614
0.00449287
0.00103741
0.00599118
0.0021509
0.000426457
0.00289967
0.000828513
0.000273368
0.00110816
0.000374618
3.31385e-05
0.000440845
0.000104958
6.92326e-05
0.000170106
5.2257e-05
-3.79255e-05
0.02
0.00831955
0.00346818
0.00895972
0.00376911
0.00124995
0.00408479
0.00135918
0.000661849
0.00140467
0.000579991
6.38206e-05
0.000579991
0.000114419
0.000164915
6.38191e-05
0.000164915
-0.00015752
0.000104384
-6.3629e-05
9.8912e-05
5.80683e-06
3.86076e-05
-5.89147e-05
-3.13127e-05
-7.41656e-06
5.05982e-05
-0.000165838
0.000115044
-0.000100813
0.000115045
-7.9565e-05
7.7676e-05
-0.000100815
7.76765e-05
-8.09074e-05
0.000104381
5.8089e-06
-3.13152e-05
-6.3628e-05
3.86065e-05
-7.4147e-06
9.89124e-05
-5.89144e-05
5.05971e-05
0.130599
0.0761603
0.0412206
0.0671283
0.0367936
0.018626
0.0313744
0.0160687
0.00788925
0.02
0.00895973
0.00408479
0.00831956
0.00376911
0.00135919
0.00346818
0.00124995
0.000661847
0.00110817
0.000440847
0.000170105
0.00037462
0.000104958
5.22571e-05
3.31368e-05
6.92336e-05
-3.79259e-05
0.0126141
0.00599119
0.00289968
0.00449288
0.0021509
0.000828514
0.00103742
0.000426457
0.00027337
-0.541947
-0.728605
-0.940433
-1.02077
-1.17346
-1.31253
-1.35884
-1.41448
-1.42161
-1.16369
-1.33605
-1.4236
-1.40967
-1.41738
-1.31102
-1.34793
-1.18019
-0.914005
-0.944395
-0.656452
-0.321757
-0.37237
-0.0724963
0.219003
0.188767
0.412605
0.590011
-1.39448
-1.31627
-1.17381
-1.08054
-0.899104
-0.665333
-0.530314
-0.310934
-0.0695153
-1.37512
-1.171
-0.825751
-1.06138
-0.710738
-0.295389
-0.546342
-0.158154
0.210919
-0.364919
0.0787442
0.442278
0.137564
0.468899
0.674141
0.517731
0.690603
0.738415
0.717146
0.733333
0.662533
0.721626
0.639545
0.516215
0.604656
0.482687
0.355871
0.0430321
0.35261
0.584516
0.479387
0.650652
0.732077
0.705679
0.738826
0.701574
0.720812
0.654822
0.553552
0.594481
0.49178
0.382086
0.417532
0.320432
0.231815
0.429516
0.31337
0.212884
0.272698
0.185123
0.117291
0.154125
0.0980004
0.0582368
0.0740207
0.0443117
0.0247403
0.0312288
0.0177838
0.00947804
0.00809669
0.00434642
0.00227265
0.244111
0.175382
0.119157
0.120072
0.0821971
0.0529345
0.0345896
0.0226006
0.0142391
0.091074
0.270979
0.441919
0.524002
0.621173
0.693552
0.712274
0.72424
0.712046
0.593139
0.69173
0.736044
0.731861
0.726265
0.679885
0.670386
0.604592
0.519205
0.484228
0.406665
0.325862
0.277755
0.221932
0.169173
0.0885854
0.0683237
0.0503448
0.662837
0.615596
0.556998
0.459692
0.394406
0.3374
0.169835
0.135313
0.111411
-0.541947
-1.02077
-1.35884
-0.728607
-1.17346
-1.41448
-0.940435
-1.31253
-1.42161
-1.39448
-1.08054
-0.530313
-1.31627
-0.899102
-0.310931
-1.17381
-0.665329
-0.0695111
-0.944391
-0.372364
0.188772
-0.656446
-0.0724897
0.41261
-0.32175
0.219009
0.590015
-1.16369
-1.40967
-1.34793
-1.33605
-1.41738
-1.18019
-1.4236
-1.31102
-0.913999
0.0910749
0.524002
0.712274
0.270981
0.621175
0.72424
0.441922
0.693553
0.712046
0.662836
0.459692
0.169835
0.615595
0.394405
0.135312
0.556996
0.337398
0.11141
0.484226
0.277753
0.0885846
0.406663
0.22193
0.0683228
0.325858
0.169171
0.050344
0.593141
0.731862
0.670385
0.691732
0.726264
0.604589
0.736044
0.679883
0.519201
0.720811
0.594478
0.417528
0.654819
0.491776
0.320428
0.553548
0.382081
0.231811
0.244108
0.120069
0.0345889
0.175379
0.0821953
0.0226
0.119154
0.0529331
0.0142387
0.0740186
0.0312278
0.00809637
0.0443103
0.0177831
0.00434622
0.0247393
0.0094776
0.00227253
0.429511
0.272694
0.154122
0.313366
0.185119
0.0979978
0.21288
0.117288
0.058235
-1.37512
-1.06138
-0.546335
-1.171
-0.710732
-0.158147
-0.825746
-0.295382
0.210925
0.0430396
0.479393
0.705681
0.352616
0.650656
0.738826
0.58452
0.732078
0.701572
0.717148
0.721624
0.604652
0.733332
0.639542
0.482683
0.66253
0.516211
0.355867
-0.364914
0.137569
0.517736
0.0787481
0.468903
0.690605
0.44228
0.674142
0.738415
0.675601
0.738772
0.676019
0.738772
0.680066
0.550384
0.676017
0.550382
0.403194
0.53089
0.374283
0.236502
0.389843
0.25253
0.148395
0.260775
0.156815
0.0856609
0.155018
0.0864297
0.0442856
0.0864292
0.0451751
0.0215765
0.0442849
0.0215763
0.00995264
0.530886
0.38984
0.260774
0.374278
0.252527
0.156813
0.236496
0.148392
0.0856592
0.130596
0.0671263
0.0313733
0.076158
0.0367922
0.016068
0.041219
0.0186252
0.00788886
0.0126135
0.00449265
0.00103735
0.00599089
0.00215078
0.000426431
0.00289952
0.000828459
0.000273354
0.0011081
0.000374591
3.31384e-05
0.000440812
0.00010495
6.92279e-05
0.000170097
5.22523e-05
-3.79244e-05
0.019999
0.00831911
0.00346799
0.00895919
0.00376888
0.00124985
0.00408452
0.00135907
0.000661815
0.00140456
0.000579941
6.38102e-05
0.000579934
0.000114406
0.000164907
6.38086e-05
0.000164906
-0.000157519
0.000104377
-6.36279e-05
9.89083e-05
5.80736e-06
3.86061e-05
-5.89131e-05
-3.13141e-05
-7.41671e-06
5.05981e-05
-0.000165834
0.000115041
-0.000100809
0.000115039
-7.95621e-05
7.76722e-05
-0.000100806
7.76712e-05
-8.09008e-05
0.000104378
5.80434e-06
-3.13104e-05
-6.36291e-05
3.86073e-05
-7.41945e-06
9.89049e-05
-5.89126e-05
5.05995e-05
0.130591
0.0761555
0.0412178
0.0671231
0.0367906
0.0186244
0.0313714
0.0160671
0.00788844
0.0199986
0.00895903
0.00408449
0.00831881
0.00376878
0.00135904
0.00346783
0.0012498
0.000661804
0.00110804
0.000440784
0.000170094
0.000374561
0.000104943
5.22488e-05
3.31411e-05
6.92217e-05
-3.79233e-05
0.0126125
0.00599045
0.00289933
0.00449225
0.00215059
0.000828389
0.00103724
0.000426394
0.00027333
-0.541956
-0.728614
-0.940442
-1.02078
-1.17347
-1.31254
-1.35884
-1.41448
-1.42161
-1.1637
-1.33605
-1.4236
-1.40968
-1.41738
-1.31102
-1.34793
-1.18018
-0.91399
-0.944381
-0.656434
-0.321737
-0.372351
-0.0724764
0.219022
0.188784
0.412621
0.590022
-1.39448
-1.31627
-1.1738
-1.08053
-0.899092
-0.665318
-0.530302
-0.310919
-0.0694989
-1.37512
-1.17099
-0.825742
-1.06137
-0.710725
-0.295375
-0.546324
-0.158136
0.210935
-0.36491
0.078751
0.442282
0.137576
0.468908
0.674145
0.517742
0.690608
0.738415
0.71715
0.733331
0.662526
0.721622
0.639537
0.516205
0.604646
0.482675
0.355859
0.0430519
0.352627
0.584527
0.479402
0.650662
0.73208
0.705685
0.738825
0.701568
0.720808
0.654813
0.553541
0.594471
0.491768
0.382073
0.41752
0.32042
0.231804
0.429503
0.313358
0.212873
0.272686
0.185113
0.117283
0.154116
0.0979932
0.0582317
0.0740149
0.0443076
0.0247376
0.0312258
0.0177818
0.00947679
0.0080958
0.00434584
0.00227231
0.244101
0.175373
0.119149
0.120065
0.0821918
0.0529304
0.0345875
0.0225989
0.0142378
0.0910843
0.27099
0.441931
0.524008
0.621179
0.693556
0.712275
0.72424
0.712044
0.593148
0.691736
0.736045
0.731863
0.726263
0.679879
0.670382
0.604584
0.519194
0.48422
0.406656
0.325852
0.277749
0.221925
0.169166
0.0885829
0.0683211
0.0503423
0.662835
0.615592
0.556992
0.45969
0.394402
0.337395
0.169834
0.135311
0.111409
-0.541956
-1.02078
-1.35884
-0.728615
-1.17347
-1.41448
-0.940444
-1.31254
-1.42161
-1.39448
-1.08053
-0.530302
-1.31626
-0.899091
-0.310918
-1.1738
-0.665315
-0.0694968
-0.944378
-0.372347
0.188787
-0.656429
-0.0724714
0.412624
-0.32173
0.219027
0.590025
-1.1637
-1.40968
-1.34792
-1.33605
-1.41738
-1.18018
-1.4236
-1.31101
-0.913983
0.0910846
0.524008
0.712275
0.270991
0.62118
0.72424
0.441932
0.693556
0.712044
0.662835
0.45969
0.169834
0.615592
0.394402
0.135311
0.556992
0.337394
0.111409
0.48422
0.277748
0.0885827
0.406655
0.221925
0.0683209
0.32585
0.169166
0.0503421
0.59315
0.731863
0.670381
0.691737
0.726262
0.604583
0.736045
0.679877
0.519193
0.720807
0.594469
0.417518
0.654811
0.491765
0.320418
0.553537
0.382069
0.231802
0.2441
0.120065
0.0345872
0.175372
0.0821911
0.0225987
0.119148
0.0529298
0.0142377
0.0740138
0.0312254
0.00809567
0.0443068
0.0177815
0.00434576
0.024737
0.00947658
0.00227226
0.429498
0.272683
0.154114
0.313353
0.18511
0.0979915
0.212869
0.117281
0.0582305
-1.37511
-1.06136
-0.546315
-1.17099
-0.710713
-0.158124
-0.825728
-0.29536
0.210946
0.0430605
0.479407
0.705687
0.352635
0.650665
0.738825
0.584533
0.732081
0.701566
0.717153
0.72162
0.604642
0.73333
0.639532
0.48267
0.662521
0.516198
0.355853
-0.364892
0.137591
0.517751
0.0787693
0.46892
0.690613
0.442296
0.674151
0.738414
0.675608
0.738772
0.676011
0.738772
0.68006
0.550374
0.676011
0.550374
0.403184
0.530878
0.374271
0.236491
0.389831
0.25252
0.148388
0.260766
0.156808
0.0856559
0.155012
0.0864252
0.0442827
0.0864253
0.0451725
0.021575
0.0442827
0.021575
0.00995189
0.530879
0.389831
0.260766
0.374271
0.25252
0.156808
0.236491
0.148388
0.0856559
0.130588
0.0671213
0.0313705
0.0761529
0.0367892
0.0160665
0.041216
0.0186235
0.00788806
0.0126122
0.00449211
0.0010372
0.00599021
0.00215051
0.000426376
0.00289919
0.000828342
0.000273319
0.00110797
0.000374532
3.31428e-05
0.000440743
0.000104937
6.92159e-05
0.000170092
5.22404e-05
-3.79219e-05
0.0199975
0.00831833
0.00346763
0.00895843
0.00376852
0.00124969
0.00408418
0.00135891
0.000661768
0.00140444
0.000579873
6.38009e-05
0.000579873
0.000114391
0.000164894
6.38015e-05
0.000164894
-0.000157515
0.000104374
-6.36316e-05
9.89029e-05
5.80193e-06
3.86081e-05
-5.89134e-05
-3.13068e-05
-7.42391e-06
5.06053e-05
-0.000165818
0.000115029
-0.00010079
0.000115029
-7.95554e-05
7.76614e-05
-0.00010079
7.76614e-05
-8.08864e-05
0.000104374
5.80186e-06
-3.13064e-05
-6.36309e-05
3.86079e-05
-7.42399e-06
9.89018e-05
-5.89129e-05
5.0605e-05
0.130588
0.076153
0.0412161
0.0671214
0.0367893
0.0186236
0.0313705
0.0160665
0.00788806
0.0199975
0.00895843
0.00408418
0.00831833
0.00376852
0.00135891
0.00346763
0.00124969
0.000661768
0.00110797
0.000440743
0.00017009
0.000374532
0.000104937
5.22408e-05
3.31438e-05
6.92153e-05
-3.79218e-05
0.0126122
0.00599021
0.00289919
0.00449211
0.00215051
0.000828341
0.0010372
0.000426375
0.000273318
-0.54195
-0.72861
-0.940439
-1.02077
-1.17346
-1.31254
-1.35884
-1.41448
-1.42161
-1.1637
-1.33605
-1.4236
-1.40968
-1.41738
-1.31101
-1.34793
-1.18018
-0.913986
-0.944382
-0.656433
-0.321733
-0.372352
-0.0724753
0.219024
0.188783
0.412621
0.590024
-1.39448
-1.31627
-1.17381
-1.08053
-0.899096
-0.665321
-0.530309
-0.310924
-0.0695019
-1.37511
-1.17099
-0.82573
-1.06137
-0.710715
-0.295362
-0.546318
-0.158127
0.210945
-0.364893
0.0787686
0.442296
0.13759
0.468919
0.674151
0.51775
0.690612
0.738414
0.717153
0.73333
0.662521
0.72162
0.639533
0.516199
0.604642
0.48267
0.355854
0.0430577
0.352633
0.584532
0.479406
0.650665
0.732081
0.705686
0.738825
0.701566
0.720808
0.654811
0.553538
0.59447
0.491766
0.38207
0.417519
0.320418
0.231802
0.429499
0.313354
0.21287
0.272683
0.18511
0.117281
0.154114
0.0979917
0.0582305
0.0740139
0.0443069
0.0247371
0.0312254
0.0177815
0.00947659
0.00809568
0.00434576
0.00227226
0.2441
0.175372
0.119148
0.120065
0.0821912
0.0529298
0.0345873
0.0225987
0.0142377
0.0910784
0.270986
0.441929
0.524004
0.621177
0.693555
0.712274
0.72424
0.712045
0.593148
0.691736
0.736045
0.731862
0.726263
0.679878
0.670382
0.604584
0.519194
0.484221
0.406656
0.325851
0.277749
0.221925
0.169166
0.0885829
0.068321
0.0503422
0.662836
0.615593
0.556993
0.459691
0.394403
0.337395
0.169834
0.135311
0.111409
