NP 7 dim 3
P 0 D 0 N 5
0.046910077030668004 0.11846344252809456
0.23076534494715845 0.23931433524968324
0.5 0.28444444444444444
0.7692346550528415 0.23931433524968324
0.95308992296933204 0.11846344252809456
KS 0 0 0 0 0
P 0 D 1 N 5
0.046910077030668004 0.11846344252809456
0.23076534494715845 0.23931433524968324
0.5 0.28444444444444444
0.7692346550528415 0.23931433524968324
0.95308992296933204 0.11846344252809456
KS 0 0 0 0 0
P 0 D 2 N 5
0.046910077030668004 0.11846344252809456
0.23076534494715845 0.23931433524968324
0.5 0.28444444444444444
0.7692346550528415 0.23931433524968324
0.95308992296933204 0.11846344252809456
KS 0 0 0 0 0
P 1 D 0 N 5
0.046910077030668004 0.11846344252809456
0.23076534494715845 0.23931433524968324
0.5 0.28444444444444444
0.7692346550528415 0.23931433524968324
0.95308992296933204 0.11846344252809456
KS 0 0 0 0 0
P 1 D 1 N 5
0.046910077030668004 0.11846344252809456
0.23076534494715845 0.23931433524968324
0.5 0.28444444444444444
0.7692346550528415 0.23931433524968324
0.95308992296933204 0.11846344252809456
KS 0 0 0 0 0
P 1 D 2 N 5
0.046910077030668004 0.11846344252809456
0.23076534494715845 0.23931433524968324
0.5 0.28444444444444444
0.7692346550528415 0.23931433524968324
0.95308992296933204 0.11846344252809456
KS 0 0 0 0 0
P 2 D 0 N 5
0.046910077030668004 0.11846344252809456
0.23076534494715845 0.23931433524968324
0.5 0.28444444444444444
0.7692346550528415 0.23931433524968324
0.95308992296933204 0.11846344252809456
KS 0 0 0 0 0
P 2 D 1 N 5
0.046910077030668004 0.11846344252809456
0.23076534494715845 0.23931433524968324
0.5 0.28444444444444444
0.7692346550528415 0.23931433524968324
0.95308992296933204 0.11846344252809456
KS 0 0 0 0 0
P 2 D 2 N 5
0.046910077030668004 0.11846344252809456
0.23076534494715845 0.23931433524968324
0.5 0.28444444444444444
0.7692346550528415 0.23931433524968324
0.95308992296933204 0.11846344252809456
KS 0 0 0 0 0
P 3 D 0 N 5
0.046910077030668004 0.11846344252809456
0.23076534494715845 0.23931433524968324
0.5 0.28444444444444444
0.7692346550528415 0.23931433524968324
0.95308992296933204 0.11846344252809456
KS 0 0 0 0 0
P 3 D 1 N 5
0.046910077030668004 0.11846344252809456
0.23076534494715845 0.23931433524968324
0.5 0.28444444444444444
0.7692346550528415 0.23931433524968324
0.95308992296933204 0.11846344252809456
KS 0 0 0 0 0
P 3 D 2 N 5
0.046910077030668004 0.11846344252809456
0.23076534494715845 0.23931433524968324
0.5 0.28444444444444444
0.7692346550528415 0.23931433524968324
0.95308992296933204 0.11846344252809456
KS 0 0 0 0 0
P 4 D 0 N 5
0.046910077030668004 0.11846344252809456
0.23076534494715845 0.23931433524968324
0.5 0.28444444444444444
0.7692346550528415 0.23931433524968324
0.95308992296933204 0.11846344252809456
KS 0 0 0 0 0
P 4 D 1 N 5
0.046910077030668004 0.11846344252809456
0.23076534494715845 0.23931433524968324
0.5 0.28444444444444444
0.7692346550528415 0.23931433524968324
0.95308992296933204 0.11846344252809456
KS 0 0 0 0 0
P 4 D 2 N 5
0.046910077030668004 0.11846344252809456
0.23076534494715845 0.23931433524968324
0.5 0.28444444444444444
0.7692346550528415 0.23931433524968324
0.95308992296933204 0.11846344252809456
KS 0 0 0 0 0
P 5 D 0 N 5
0.046910077030668004 0.11846344252809456
0.23076534494715845 0.23931433524968324
0.5 0.28444444444444444
0.7692346550528415 0.23931433524968324
0.95308992296933204 0.11846344252809456
KS 0 0 0 0 0
P 5 D 1 N 5
0.046910077030668004 0.11846344252809456
0.23076534494715845 0.23931433524968324
0.5 0.28444444444444444
0.7692346550528415 0.23931433524968324
0.95308992296933204 0.11846344252809456
KS 0 0 0 0 0
P 5 D 2 N 5
0.046910077030668004 0.11846344252809456
0.23076534494715845 0.23931433524968324
0.5 0.28444444444444444
0.7692346550528415 0.23931433524968324
0.95308992296933204 0.11846344252809456
KS 0 0 0 0 0
P 6 D 0 N 5
0.046910077030668004 0.11846344252809456
0.23076534494715845 0.23931433524968324
0.5 0.28444444444444444
0.7692346550528415 0.23931433524968324
0.95308992296933204 0.11846344252809456
KS 0 0 0 0 0
P 6 D 1 N 5
0.046910077030668004 0.11846344252809456
0.23076534494715845 0.23931433524968324
0.5 0.28444444444444444
0.7692346550528415 0.23931433524968324
0.95308992296933204 0.11846344252809456
KS 0 0 0 0 0
P 6 D 2 N 5
0.046910077030668004 0.11846344252809456
0.23076534494715845 0.23931433524968324
0.5 0.28444444444444444
0.7692346550528415 0.23931433524968324
0.95308992296933204 0.11846344252809456
KS 0 0 0 0 0
P2E 0 N 5
0
0
0
0
0
0
0
0
0
0
0
0
0
0
0
0
0
0
0
0
0
0
0
0
0
0
0
0
0
0
0
0
0
0
0
0
0
0
0
0
0
0
0
0
0
0
0
0
0
0
0
0
0
0
0
0
0
0
0
0
0
0
0
0
0
0
0
0
0
0
0
0
0
0
0
0
0
0
0
0
0
0
0
0
0
0
0
0
0
0
0
0
0
0
0
0
0
0
0
0
0
0
0
0
0
0
0
0
0
0
0
0
0
0
0
0
0
0
0
0
0
0
0
0
0
P2E 1 N 5
1
1
1
1
1
1
1
1
1
1
1
1
1
1
1
1
1
1
1
1
1
1
1
1
1
1
1
1
1
1
1
1
1
1
1
1
1
1
1
1
1
1
1
1
1
1
1
1
1
1
1
1
1
1
1
1
1
1
1
1
1
1
1
1
1
1
1
1
1
1
1
1
1
1
1
1
1
1
1
1
1
1
1
1
1
1
1
1
1
1
1
1
1
1
1
1
1
1
1
1
1
1
1
1
1
1
1
1
1
1
1
1
1
1
1
1
1
1
1
1
1
1
1
1
1
P2E 2 N 5
2
2
2
2
2
2
2
2
2
2
2
2
2
2
2
2
2
2
2
2
2
2
2
2
2
2
2
2
2
2
2
2
2
2
2
2
2
2
2
2
2
2
2
2
2
2
2
2
2
2
2
2
2
2
2
2
2
2
2
2
2
2
2
2
2
2
2
2
2
2
2
2
2
2
2
2
2
2
2
2
2
2
2
2
2
2
2
2
2
2
2
2
2
2
2
2
2
2
2
2
2
2
2
2
2
2
2
2
2
2
2
2
2
2
2
2
2
2
2
2
2
2
2
2
2
P2E 3 N 5
3
3
3
3
3
3
3
3
3
3
3
3
3
3
3
3
3
3
3
3
3
3
3
3
3
3
3
3
3
3
3
3
3
3
3
3
3
3
3
3
3
3
3
3
3
3
3
3
3
3
3
3
3
3
3
3
3
3
3
3
3
3
3
3
3
3
3
3
3
3
3
3
3
3
3
3
3
3
3
3
3
3
3
3
3
3
3
3
3
3
3
3
3
3
3
3
3
3
3
3
3
3
3
3
3
3
3
3
3
3
3
3
3
3
3
3
3
3
3
3
3
3
3
3
3
P2E 4 N 5
4
4
4
4
4
4
4
4
4
4
4
4
4
4
4
4
4
4
4
4
4
4
4
4
4
4
4
4
4
4
4
4
4
4
4
4
4
4
4
4
4
4
4
4
4
4
4
4
4
4
4
4
4
4
4
4
4
4
4
4
4
4
4
4
4
4
4
4
4
4
4
4
4
4
4
4
4
4
4
4
4
4
4
4
4
4
4
4
4
4
4
4
4
4
4
4
4
4
4
4
4
4
4
4
4
4
4
4
4
4
4
4
4
4
4
4
4
4
4
4
4
4
4
4
4
P2E 5 N 5
5
5
5
5
5
5
5
5
5
5
5
5
5
5
5
5
5
5
5
5
5
5
5
5
5
5
5
5
5
5
5
5
5
5
5
5
5
5
5
5
5
5
5
5
5
5
5
5
5
5
5
5
5
5
5
5
5
5
5
5
5
5
5
5
5
5
5
5
5
5
5
5
5
5
5
5
5
5
5
5
5
5
5
5
5
5
5
5
5
5
5
5
5
5
5
5
5
5
5
5
5
5
5
5
5
5
5
5
5
5
5
5
5
5
5
5
5
5
5
5
5
5
5
5
5
P2E 6 N 5
6
6
6
6
6
6
6
6
6
6
6
6
6
6
6
6
6
6
6
6
6
6
6
6
6
6
6
6
6
6
6
6
6
6
6
6
6
6
6
6
6
6
6
6
6
6
6
6
6
6
6
6
6
6
6
6
6
6
6
6
6
6
6
6
6
6
6
6
6
6
6
6
6
6
6
6
6
6
6
6
6
6
6
6
6
6
6
6
6
6
6
6
6
6
6
6
6
6
6
6
6
6
6
6
6
6
6
6
6
6
6
6
6
6
6
6
6
6
6
6
6
6
6
6
6
