NP 2 dim 3
P 0 D 0 N 16
0.10566243270259355 0.5
0.39433756729740643 0.5
0.60566243270259357 0.5
0.89433756729740643 0.5
1.1056624327025935 0.5
1.3943375672974065 0.5
1.6056624327025935 0.5
1.8943375672974065 0.5
2.1056624327025935 0.5
2.3943375672974065 0.5
2.6056624327025935 0.5
2.8943375672974065 0.5
3.1056624327025935 0.5
3.3943375672974065 0.5
3.6056624327025935 0.5
3.8943375672974065 0.5
KS 0 0 1 1 2 2 3 3 4 4 5 5 6 6 7 7
P 0 D 1 N 4
0.10566243270259355 0.5
0.39433756729740643 0.5
0.60566243270259357 0.5
0.89433756729740643 0.5
KS 0 0 1 1
P 0 D 2 N 4
0.10566243270259355 0.5
0.39433756729740643 0.5
0.60566243270259357 0.5
0.89433756729740643 0.5
KS 0 0 1 1
P 1 D 0 N 16
0.10566243270259355 0.5
0.39433756729740643 0.5
0.60566243270259357 0.5
0.89433756729740643 0.5
1.1056624327025935 0.5
1.3943375672974065 0.5
1.6056624327025935 0.5
1.8943375672974065 0.5
2.1056624327025935 0.5
2.3943375672974065 0.5
2.6056624327025935 0.5
2.8943375672974065 0.5
3.1056624327025935 0.5
3.3943375672974065 0.5
3.6056624327025935 0.5
3.8943375672974065 0.5
KS 0 0 1 1 2 2 3 3 4 4 5 5 6 6 7 7
P 1 D 1 N 4
0.10566243270259355 0.5
0.39433756729740643 0.5
0.60566243270259357 0.5
0.89433756729740643 0.5
KS 0 0 1 1
P 1 D 2 N 4
0.10566243270259355 0.5
0.39433756729740643 0.5
0.60566243270259357 0.5
0.89433756729740643 0.5
KS 0 0 1 1
P2E 0 N 16
0
0
16
16
0
0
16
16
8
8
24
24
8
8
24
24
0
0
16
16
0
0
16
16
8
8
24
24
8
8
24
24
1
1
17
17
1
1
17
17
9
9
25
25
9
9
25
25
1
1
17
17
1
1
17
17
9
9
25
25
9
9
25
25
2
2
18
18
2
2
18
18
10
10
26
26
10
10
26
26
2
2
18
18
2
2
18
18
10
10
26
26
10
10
26
26
3
3
19
19
3
3
19
19
11
11
27
27
11
11
27
27
3
3
19
19
3
3
19
19
11
11
27
27
11
11
27
27
4
4
20
20
4
4
20
20
12
12
28
28
12
12
28
28
4
4
20
20
4
4
20
20
12
12
28
28
12
12
28
28
5
5
21
21
5
5
21
21
13
13
29
29
13
13
29
29
5
5
21
21
5
5
21
21
13
13
29
29
13
13
29
29
6
6
22
22
6
6
22
22
14
14
30
30
14
14
30
30
6
6
22
22
6
6
22
22
14
14
30
30
14
14
30
30
7
7
23
23
7
7
23
23
15
15
31
31
15
15
31
31
7
7
23
23
7
7
23
23
15
15
31
31
15
15
31
31
P2E 1 N 16
32
32
48
48
32
32
48
48
40
40
56
56
40
40
56
56
32
32
48
48
32
32
48
48
40
40
56
56
40
40
56
56
33
33
49
49
33
33
49
49
41
41
57
57
41
41
57
57
33
33
49
49
33
33
49
49
41
41
57
57
41
41
57
57
34
34
50
50
34
34
50
50
42
42
58
58
42
42
58
58
34
34
50
50
34
34
50
50
42
42
58
58
42
42
58
58
35
35
51
51
35
35
51
51
43
43
59
59
43
43
59
59
35
35
51
51
35
35
51
51
43
43
59
59
43
43
59
59
36
36
52
52
36
36
52
52
44
44
60
60
44
44
60
60
36
36
52
52
36
36
52
52
44
44
60
60
44
44
60
60
37
37
53
53
37
37
53
53
45
45
61
61
45
45
61
61
37
37
53
53
37
37
53
53
45
45
61
61
45
45
61
61
38
38
54
54
38
38
54
54
46
46
62
62
46
46
62
62
38
38
54
54
38
38
54
54
46
46
62
62
46
46
62
62
39
39
55
55
39
39
55
55
47
47
63
63
47
47
63
63
39
39
55
55
39
39
55
55
47
47
63
63
47
47
63
63
