FiniteElementSpace
FiniteElementCollection: H1_2D_P4
VDim: 1
Ordering: 0

0.031761
0
0
0
0
0
0
0
0
0
0
0.0778868
0
0
0.0778871
0
0
0.0778866
0
0
0.0778866
0
0
0.0778871
0
0
0.0956388
0.0956425
0.0956479
0.0956475
0.0956388
0.039285
0.167776
0.167776
0.0392849
0.167776
0.167775
0.039285
0.167774
0.167774
0.039285
0.167775
0.167775
0.0392849
0.167776
0.167776
-0.10438
0
-1.17557
0
0
-1.17557
0
-0.104381
0
-1.17558
0
0
-1.1756
0
-0.104383
0
-1.17561
0
0
-1.17561
0
-0.104384
0
-1.1756
0
0
-1.17558
0
-0.104381
0
-1.17557
0
0
-1.17557
0
0.0564805
0.0564805
0.0564803
0.0564805
0.0564805
-0.694366
0.603638
-0.694368
-0.694365
0.603634
-0.694357
-0.694352
0.603629
-0.694352
-0.694356
0.603634
-0.694362
-0.694368
0.603638
-0.694366
0.0331762
0.0444479
0.0444479
0.0331763
0.0516103
0.100208
0.0889785
0.269334
0.269334
0.0889786
0.100209
0.0516104
0.044448
0.044448
0.0331763
0.100209
0.0889786
0.269334
0.269333
0.0889785
0.100208
0.0516103
0.0444479
0.0444479
0.0331763
0.100208
0.0889781
0.269333
0.269333
0.0889781
0.100208
0.0516103
0.0444479
0.044448
0.0331763
0.100208
0.0889783
0.269333
0.269333
0.0889784
0.100209
0.0516104
0.0444479
0.0444479
0.100209
0.0889786
0.269334
0.269334
0.0889785
0.100208
0.0939184
-0.280977
0.161221
-0.618938
0
-1.65348
0
-0.226892
-1.2479
-0.78551
-0.105398
-0.105398
-0.78551
0
0.351798
0
0
0.351798
0
-0.226891
0.161221
-0.280979
0.0939192
-1.2479
0
-1.65348
0
-0.618945
-0.280978
0.161221
0
-1.65348
0
-0.226902
-1.2479
-0.785503
-0.10542
-0.105435
-0.785494
0
0.351807
0
0
0.35181
0
-0.226946
0.16122
-0.280977
0.0939169
-1.24789
0
-1.65347
0
-0.618934
-0.280975
0.161219
0
-1.65347
0
-0.22697
-1.24789
-0.785483
-0.105462
-0.105463
-0.785483
0
0.351818
0
0
0.351818
0
-0.226973
0.161219
-0.280976
0.0939168
-1.24789
0
-1.65347
0
-0.618934
-0.280976
0.16122
0
-1.65347
0
-0.226949
-1.24789
-0.785488
-0.105439
-0.105424
-0.785496
0
0.35181
0
0
0.351808
0
-0.226904
0.161222
-0.280977
0.0939192
-1.24789
0
-1.65348
0
-0.618945
-0.280979
0.161221
0
-1.65348
0
-0.226891
-1.2479
-0.78551
-0.105398
-0.105398
-0.78551
0
0.351798
0
0
0.351798
0
-0.226892
0.161221
-0.280977
-1.2479
0
-1.65348
0
0.0357919
0.0616467
0.159937
0.0616467
0.0357919
0.0616468
0.159936
0.0616467
0.0357919
0.0616466
0.159935
0.0616466
0.0357919
0.0616467
0.159936
0.0616468
0.0357919
0.0616467
0.159937
0.0616467
0.114263
-1.03483
-1.37805
-0.0456474
-1.10793
0.486904
0.0914748
0.486904
0.114263
-0.0456483
-1.37804
-1.03484
0.114264
-1.03484
-1.37805
-0.0456449
-1.10794
0.486902
0.0914802
0.486894
0.114261
-0.0456408
-1.37808
-1.03482
0.11426
-1.03482
-1.37809
-0.0456349
-1.10795
0.486889
0.0914844
0.486888
0.11426
-0.045635
-1.3781
-1.03481
0.114261
-1.03482
-1.37808
-0.0456377
-1.10794
0.486894
0.0914803
0.486902
0.114264
-0.045641
-1.37805
-1.03484
0.114263
-1.03484
-1.37804
-0.0456483
-1.10793
0.486904
0.0914748
0.486904
0.114263
-0.0456474
-1.37805
-1.03483
0.0315321
0.031953
0.0324545
0.0339779
0.0340868
0.0355944
0.0339779
0.0340868
0.0355944
0.0315321
0.0319531
0.0324546
0.0370352
0.0345441
0.0332063
0.0393952
0.0408829
0.0430655
0.0422079
0.0392838
0.0369497
0.0537937
0.0494518
0.0461083
0.0537937
0.0494518
0.0461082
0.0422079
0.0392838
0.0369497
0.0393953
0.0408829
0.0430655
0.0370352
0.0345441
0.0332063
0.0408229
0.0440448
0.0487264
0.0526789
0.0558694
0.0593806
0.0460006
0.0511241
0.0578126
0.0719057
0.0627641
0.0551015
0.079446
0.0853514
0.0939055
0.0917405
0.0777786
0.0666582
0.151055
0.125865
0.107394
0.149972
0.120889
0.097908
0.082067
0.0722304
0.0652909
0.0603842
0.069017
0.080543
0.0966237
0.116102
0.142759
0.0966238
0.116102
0.142759
0.0603842
0.069017
0.0805431
0.185166
0.22149
0.255988
0.257219
0.22026
0.179453
0.172974
0.256217
0.27525
0.172973
0.256217
0.27525
0.257219
0.22026
0.179453
0.185166
0.22149
0.255988
0.149972
0.120889
0.0979081
0.0460006
0.0511242
0.0578127
0.052679
0.0558695
0.0593806
0.0408229
0.0440448
0.0487265
0.0820671
0.0722305
0.0652909
0.151055
0.125865
0.107394
0.0917408
0.0777788
0.0666583
0.0794463
0.0853517
0.0939057
0.0719059
0.0627642
0.0551016
0.0339779
0.0340868
0.0355944
0.0339779
0.0340868
0.0355944
0.0315321
0.0319531
0.0324545
0.0393953
0.0408829
0.0430655
0.0422079
0.0392838
0.0369497
0.0537937
0.0494519
0.0461083
0.0537937
0.0494519
0.0461083
0.0422079
0.0392838
0.0369497
0.0393952
0.0408829
0.0430655
0.0370352
0.0345441
0.0332063
0.052679
0.0558695
0.0593806
0.0460006
0.0511242
0.0578127
0.0794463
0.0853517
0.0939058
0.0917408
0.0777788
0.0666584
0.151055
0.125866
0.107394
0.149972
0.120889
0.097908
0.0820671
0.0722305
0.065291
0.0603842
0.069017
0.0805431
0.0966238
0.116102
0.142759
0.0966237
0.116102
0.142759
0.0603842
0.069017
0.080543
0.185166
0.22149
0.255988
0.257218
0.22026
0.179453
0.172976
0.256217
0.27525
0.172976
0.256217
0.27525
0.257218
0.22026
0.179452
0.185165
0.221489
0.255988
0.149972
0.120889
0.0979079
0.0460006
0.0511241
0.0578126
0.0526789
0.0558695
0.0593806
0.0408229
0.0440448
0.0487264
0.082067
0.0722304
0.0652908
0.151055
0.125865
0.107393
0.0917403
0.0777786
0.0666582
0.0794458
0.0853512
0.0939052
0.0719056
0.062764
0.0551015
0.0339779
0.0340868
0.0355944
0.0339779
0.0340868
0.0355944
0.0315321
0.0319531
0.0324545
0.0393952
0.0408829
0.0430655
0.0422078
0.0392838
0.0369497
0.0537936
0.0494518
0.0461082
0.0537936
0.0494518
0.0461082
0.0422078
0.0392837
0.0369497
0.0393952
0.0408829
0.0430655
0.0370352
0.0345441
0.0332063
0.0526789
0.0558694
0.0593805
0.0460005
0.0511241
0.0578125
0.0794458
0.085351
0.0939049
0.0917401
0.0777784
0.0666581
0.151054
0.125864
0.107393
0.149971
0.120888
0.0979074
0.0820667
0.0722302
0.0652907
0.060384
0.0690168
0.0805427
0.0966232
0.116101
0.142758
0.0966232
0.116101
0.142758
0.060384
0.0690168
0.0805427
0.185164
0.221488
0.255987
0.257217
0.220258
0.179451
0.17298
0.256219
0.27525
0.17298
0.256219
0.275249
0.257217
0.220258
0.179451
0.185164
0.221488
0.255987
0.149971
0.120888
0.0979074
0.0460005
0.0511241
0.0578125
0.0526789
0.0558694
0.0593805
0.0408229
0.0440448
0.0487264
0.0820667
0.0722302
0.0652907
0.151054
0.125864
0.107393
0.09174
0.0777784
0.0666581
0.0794458
0.085351
0.0939049
0.0719056
0.062764
0.0551015
0.0339779
0.0340868
0.0355944
0.0339779
0.0340868
0.0355944
0.0315321
0.0319531
0.0324546
0.0393952
0.0408829
0.0430655
0.0422078
0.0392838
0.0369497
0.0537937
0.0494518
0.0461082
0.0537937
0.0494518
0.0461082
0.0422078
0.0392838
0.0369497
0.0393953
0.0408829
0.0430655
0.0370352
0.0345441
0.0332063
0.0526789
0.0558694
0.0593805
0.0460006
0.0511241
0.0578126
0.0794458
0.0853512
0.0939051
0.0917402
0.0777785
0.0666581
0.151054
0.125865
0.107393
0.149971
0.120888
0.0979077
0.0820668
0.0722303
0.0652908
0.0603842
0.0690169
0.0805429
0.0966235
0.116101
0.142759
0.0966235
0.116101
0.142759
0.0603842
0.069017
0.0805429
0.185164
0.221489
0.255987
0.257217
0.220259
0.179452
0.172979
0.256219
0.27525
0.172979
0.256219
0.27525
0.257218
0.220259
0.179452
0.185165
0.221489
0.255988
0.149972
0.120889
0.0979078
0.0460006
0.0511242
0.0578126
0.052679
0.0558695
0.0593806
0.0408229
0.0440448
0.0487265
0.0820669
0.0722304
0.0652909
0.151055
0.125865
0.107394
0.0917407
0.0777787
0.0666583
0.0794463
0.0853517
0.0939058
0.0719059
0.0627642
0.0551016
0.0339779
0.0340868
0.0355944
0.0339779
0.0340868
0.0355944
0.0393952
0.0408829
0.0430655
0.0422079
0.0392838
0.0369497
0.0537937
0.0494518
0.0461082
0.0537937
0.0494518
0.0461083
0.0422079
0.0392838
0.0369497
0.0393952
0.0408829
0.0430655
0.052679
0.0558695
0.0593806
0.0460006
0.0511242
0.0578127
0.0794463
0.0853517
0.0939057
0.0917408
0.0777788
0.0666583
0.151055
0.125865
0.107394
0.149972
0.120889
0.0979081
0.0820671
0.0722305
0.0652909
0.0603842
0.069017
0.0805431
0.0966238
0.116102
0.142759
0.0966237
0.116102
0.142759
0.0603842
0.069017
0.080543
0.185166
0.22149
0.255988
0.257219
0.22026
0.179453
0.172973
0.256217
0.27525
0.172974
0.256217
0.27525
0.257219
0.22026
0.179453
0.185166
0.22149
0.255988
0.149972
0.120889
0.097908
0.0460006
0.0511241
0.0578126
0.0526789
0.0558694
0.0593806
0.082067
0.0722304
0.0652909
0.151055
0.125865
0.107394
0.0917405
0.0777786
0.0666582
0.079446
0.0853514
0.0939055
0.0834157
0.0927818
0.0973323
0.092958
0.0962096
0.106165
0.108186
0.121987
0.123696
-0.0385834
0.0455779
0.0852087
-0.127189
-0.175526
-0.238891
-0.158854
0.00765327
0.0933309
-0.603365
-0.451897
-0.332372
-0.46377
-0.112939
0.0994322
0.158607
0.143189
0.123666
0.184147
0.20728
0.19489
-0.184617
-0.367398
-0.548879
-0.645712
-0.747283
-0.921785
-0.425104
-0.72243
-0.968723
-0.285247
-0.583411
-0.656356
0
0
0
-0.331957
-0.81968
-1.03653
0
0
0
-0.420748
-1.12903
-1.56747
-1.5844
-1.3915
-1.15848
-0.94137
-1.37816
-1.63845
-1.69308
-1.6713
-1.5135
-1.42554
-1.60411
-1.52359
-0.792556
-0.98592
-1.16785
0
0
0
-0.22313
-0.705678
-1.17765
0
0
0
0.0477341
0.0529841
-0.0911709
-0.434052
-0.838983
-1.21351
-1.06847
-0.75604
-0.397478
-1.2734
-1.35191
-1.30955
0.156216
0.119136
0.0288304
0.270218
0.223646
0.0800286
-1.03426
-0.595777
-0.206338
-1.23151
-1.17912
-0.951343
-0.639872
-0.36744
-0.13895
-0.00883026
-0.275829
-0.607072
-0.921184
-1.10969
-1.15629
-0.921185
-1.10969
-1.15629
-0.0088304
-0.275829
-0.607072
-1.04325
-0.709045
-0.314097
-0.315943
-0.70863
-1.01162
0.565322
0.388635
0.0898143
0.565322
0.388635
0.0898144
-0.315943
-0.70863
-1.01162
-1.04325
-0.709044
-0.314097
-1.23151
-1.17912
-0.951344
-0.0382241
0.254206
0.436804
0.0880438
0.363555
0.486568
0
0
0
0.10759
0.30504
0.450476
0
0
0
0.0453282
0.148966
0.27864
0.405178
0.484631
0.509079
0.610504
0.548255
0.425702
0.297316
0.200664
0.122238
0.297316
0.200664
0.122238
0.610504
0.548255
0.425703
0
0
0
0.00738243
0.0294963
0.0640804
0
0
0
0
0
0
0.00738243
0.0294963
0.0640804
0
0
0
0.0453282
0.148966
0.27864
0.088044
0.363555
0.486568
-0.0382238
0.254206
0.436804
-1.06847
-0.75604
-0.397478
0.405178
0.484631
0.509079
0
0
0
0.10759
0.30504
0.450476
0
0
0
0.0477341
0.0529842
-0.0911706
0.108187
0.121987
0.123696
0.0929588
0.0962104
0.106166
0.0834161
0.0927823
0.097333
0.184148
0.20728
0.19489
0.158607
0.143189
0.123667
-0.463772
-0.11294
0.0994319
-0.603367
-0.451899
-0.332374
-0.158855
0.00765335
0.0933314
-0.12719
-0.175527
-0.238893
-0.0385833
0.0455786
0.0852097
0.270217
0.223646
0.0800279
0.156216
0.119136
0.0288296
-0.639873
-0.367441
-0.138951
-1.2734
-1.35191
-1.30955
-1.03426
-0.595778
-0.206339
-0.792558
-0.985921
-1.16786
-1.42554
-1.60411
-1.52359
-1.69308
-1.6713
-1.5135
-0.941372
-1.37816
-1.63846
-0.434051
-0.838982
-1.21351
0
0
0
-0.22313
-0.705677
-1.17765
0
0
0
-0.420748
-1.12903
-1.56747
-0.425107
-0.722434
-0.968729
-0.645719
-0.74729
-0.921791
-0.184619
-0.367402
-0.548885
-1.5844
-1.39151
-1.15849
0
0
0
-0.331958
-0.819684
-1.03654
0
0
0
-0.285249
-0.583417
-0.656363
0.0929589
0.0962107
0.106167
0.108187
0.121988
0.123697
-0.12719
-0.175527
-0.238892
-0.158854
0.00765415
0.0933321
-0.603364
-0.451898
-0.332373
-0.463769
-0.112938
0.0994331
0.158608
0.14319
0.123667
0.184148
0.20728
0.194891
-0.645719
-0.747291
-0.921791
-0.425106
-0.722434
-0.968729
0
0
0
-0.331958
-0.819684
-1.03654
0
0
0
-0.420749
-1.12903
-1.56747
-1.5844
-1.39151
-1.15849
-0.941369
-1.37816
-1.63845
-1.69308
-1.6713
-1.5135
-1.42554
-1.60411
-1.52359
-0.792554
-0.985917
-1.16785
0
0
0
-0.223132
-0.705683
-1.17765
0
0
0
0.0477321
0.0529784
-0.0911799
-0.434062
-0.838992
-1.21352
-1.06848
-0.756051
-0.397489
-1.27341
-1.35191
-1.30955
0.156217
0.119137
0.0288322
0.270218
0.223647
0.0800304
-1.03426
-0.595773
-0.206335
-1.23152
-1.17912
-0.951337
-0.639866
-0.367435
-0.138947
-0.00882555
-0.275823
-0.607065
-0.921177
-1.10968
-1.1563
-0.921171
-1.10968
-1.1563
-0.0088244
-0.275818
-0.607057
-1.04325
-0.70906
-0.314118
-0.315965
-0.70865
-1.01163
0.565313
0.388618
0.0897928
0.565312
0.388613
0.0897817
-0.315978
-0.708657
-1.01163
-1.04327
-0.709082
-0.314136
-1.23153
-1.17912
-0.951329
-0.0382347
0.254196
0.436798
0.0880244
0.363542
0.486562
0
0
0
0.107592
0.305042
0.450476
0
0
0
0.0453302
0.148972
0.278649
0.405186
0.484637
0.50908
0.610505
0.548263
0.425712
0.297326
0.200673
0.122245
0.297328
0.200674
0.122245
0.610505
0.548263
0.425714
0
0
0
0.0073831
0.0294985
0.0640848
0
0
0
0
0
0
0.00738317
0.0294987
0.0640849
0
0
0
0.0453309
0.148974
0.278651
0.0880085
0.363527
0.486552
-0.0382725
0.254171
0.436785
-1.06851
-0.756091
-0.397535
0.405188
0.484637
0.509075
0
0
0
0.107592
0.305041
0.450471
0
0
0
0.0477236
0.0529527
-0.0912195
0.108186
0.121986
0.123694
0.0929565
0.0962082
0.106164
0.0834154
0.0927813
0.0973312
0.184147
0.207278
0.194889
0.158606
0.143187
0.123665
-0.463763
-0.112937
0.0994321
-0.603357
-0.451893
-0.33237
-0.158855
0.00765148
0.093329
-0.127192
-0.175528
-0.238892
-0.0385867
0.0455752
0.085207
0.270217
0.223647
0.0800328
0.156216
0.119138
0.0288349
-0.639857
-0.367427
-0.138942
-1.27342
-1.35192
-1.30955
-1.03425
-0.595764
-0.206329
-0.792546
-0.985908
-1.16784
-1.42553
-1.60412
-1.52361
-1.69308
-1.67131
-1.51352
-0.941359
-1.37815
-1.63844
-0.434108
-0.839035
-1.21355
0
0
0
-0.223144
-0.705711
-1.17769
0
0
0
-0.42075
-1.12903
-1.56747
-0.425102
-0.722424
-0.968714
-0.645708
-0.747277
-0.921776
-0.18462
-0.367399
-0.548877
-1.58439
-1.39149
-1.15847
0
0
0
-0.331953
-0.819671
-1.03652
0
0
0
-0.285242
-0.583404
-0.65635
0.0929564
0.0962078
0.106163
0.108185
0.121986
0.123693
-0.127192
-0.175527
-0.238891
-0.158855
0.00765108
0.0933282
-0.603352
-0.45189
-0.332369
-0.463759
-0.112934
0.0994324
0.158605
0.143186
0.123664
0.184145
0.207277
0.194888
-0.645707
-0.747275
-0.921771
-0.4251
-0.72242
-0.968709
0
0
0
-0.331952
-0.819667
-1.03652
0
0
0
-0.420751
-1.12903
-1.56747
-1.58438
-1.39148
-1.15846
-0.941353
-1.37814
-1.63844
-1.69308
-1.67132
-1.51353
-1.42553
-1.60412
-1.52363
-0.792539
-0.985901
-1.16784
0
0
0
-0.22315
-0.705725
-1.1777
0
0
0
0.0477193
0.0529394
-0.0912407
-0.434133
-0.839058
-1.21357
-1.06852
-0.756115
-0.39756
-1.27343
-1.35192
-1.30954
0.156216
0.11914
0.0288392
0.270217
0.223649
0.0800371
-1.03424
-0.595755
-0.206322
-1.23153
-1.17912
-0.95132
-0.639845
-0.367417
-0.138934
-0.00881715
-0.275808
-0.607045
-0.92116
-1.10968
-1.1563
-0.92116
-1.10968
-1.1563
-0.00881717
-0.275808
-0.607045
-1.04329
-0.709105
-0.314163
-0.316007
-0.708683
-1.01165
0.565302
0.388593
0.0897555
0.565302
0.388593
0.0897549
-0.316007
-0.708683
-1.01165
-1.04329
-0.709106
-0.314164
-1.23153
-1.17912
-0.95132
-0.0382948
0.254155
0.436776
0.0879836
0.36351
0.486543
0
0
0
0.107593
0.305042
0.450469
0
0
0
0.0453324
0.148978
0.278658
0.405196
0.484642
0.509074
0.610505
0.54827
0.425723
0.297336
0.200681
0.122251
0.297336
0.200681
0.122251
0.610505
0.54827
0.425723
0
0
0
0.00738355
0.0295001
0.0640881
0
0
0
0
0
0
0.00738354
0.0295001
0.0640881
0
0
0
0.0453323
0.148978
0.278658
0.0879827
0.363509
0.486542
-0.0382968
0.254153
0.436775
-1.06852
-0.756117
-0.397563
0.405196
0.484641
0.509074
0
0
0
0.107592
0.305041
0.450468
0
0
0
0.047719
0.0529381
-0.0912428
0.108185
0.121985
0.123693
0.0929562
0.0962076
0.106163
0.0834154
0.0927812
0.0973311
0.184145
0.207277
0.194888
0.158605
0.143186
0.123663
-0.463759
-0.112935
0.0994321
-0.603352
-0.45189
-0.332369
-0.158855
0.00765071
0.0933279
-0.127193
-0.175528
-0.238891
-0.038587
0.0455749
0.0852068
0.270217
0.223648
0.080037
0.156216
0.11914
0.0288391
-0.639845
-0.367417
-0.138934
-1.27343
-1.35192
-1.30954
-1.03424
-0.595755
-0.206322
-0.792539
-0.9859
-1.16784
-1.42553
-1.60412
-1.52363
-1.69308
-1.67132
-1.51353
-0.941352
-1.37814
-1.63844
-0.434135
-0.839061
-1.21357
0
0
0
-0.223151
-0.705727
-1.1777
0
0
0
-0.420751
-1.12903
-1.56747
-0.4251
-0.72242
-0.968708
-0.645707
-0.747274
-0.92177
-0.184621
-0.367399
-0.548877
-1.58438
-1.39148
-1.15846
0
0
0
-0.331951
-0.819667
-1.03652
0
0
0
-0.285242
-0.583403
-0.65635
0.0929564
0.0962081
0.106164
0.108186
0.121986
0.123694
-0.127193
-0.175528
-0.238892
-0.158855
0.00765152
0.0933289
-0.603356
-0.451892
-0.33237
-0.463762
-0.112935
0.0994326
0.158606
0.143187
0.123664
0.184146
0.207278
0.194889
-0.645708
-0.747277
-0.921775
-0.425101
-0.722424
-0.968714
0
0
0
-0.331953
-0.819671
-1.03652
0
0
0
-0.42075
-1.12903
-1.56747
-1.58439
-1.39149
-1.15847
-0.941357
-1.37815
-1.63844
-1.69308
-1.67131
-1.51352
-1.42553
-1.60412
-1.52362
-0.792544
-0.985905
-1.16784
0
0
0
-0.223144
-0.705712
-1.17769
0
0
0
0.0477236
0.0529521
-0.0912212
-0.43411
-0.839038
-1.21355
-1.06851
-0.756095
-0.397538
-1.27342
-1.35192
-1.30955
0.156216
0.119139
0.0288372
0.270217
0.223648
0.0800352
-1.03425
-0.595761
-0.206325
-1.23153
-1.17912
-0.951324
-0.639851
-0.367422
-0.138938
-0.00881843
-0.275811
-0.60705
-0.921166
-1.10968
-1.1563
-0.921171
-1.10968
-1.1563
-0.00881949
-0.275815
-0.607057
-1.04328
-0.709086
-0.31414
-0.315983
-0.708662
-1.01163
0.565311
0.388611
0.0897782
0.565312
0.388616
0.0897892
-0.31597
-0.708655
-1.01163
-1.04326
-0.709065
-0.314122
-1.23152
-1.17912
-0.951332
-0.0382747
0.25417
0.436785
0.0880051
0.363525
0.486551
0
0
0
0.107592
0.305041
0.450471
0
0
0
0.0453309
0.148974
0.278651
0.405189
0.484638
0.509076
0.610505
0.548264
0.425715
0.297328
0.200674
0.122245
0.297326
0.200673
0.122245
0.610505
0.548263
0.425713
0
0
0
0.00738317
0.0294987
0.064085
0
0
0
0
0
0
0.00738311
0.0294985
0.0640849
0
0
0
0.0453302
0.148972
0.278649
0.088021
0.36354
0.486562
-0.0382366
0.254195
0.436798
-1.06848
-0.756055
-0.397493
0.405187
0.484637
0.50908
0
0
0
0.107592
0.305043
0.450477
0
0
0
0.0477321
0.052978
-0.0911813
0.108187
0.121988
0.123697
0.0929589
0.0962108
0.106167
0.0834161
0.0927823
0.097333
0.184147
0.20728
0.194891
0.158609
0.14319
0.123667
-0.463766
-0.112936
0.0994343
-0.603362
-0.451896
-0.332372
-0.158854
0.00765457
0.0933323
-0.12719
-0.175526
-0.238892
-0.0385833
0.0455786
0.0852097
0.270218
0.223648
0.0800335
0.156218
0.119139
0.0288353
-0.639859
-0.367429
-0.138942
-1.27341
-1.35191
-1.30955
-1.03425
-0.595768
-0.20633
-0.792551
-0.985913
-1.16785
-1.42553
-1.60411
-1.52359
-1.69308
-1.6713
-1.5135
-0.941366
-1.37816
-1.63845
-0.434065
-0.838994
-1.21352
0
0
0
-0.223132
-0.705684
-1.17766
0
0
0
-0.420749
-1.12903
-1.56747
-0.425105
-0.722433
-0.968728
-0.645719
-0.74729
-0.921791
-0.184619
-0.367402
-0.548885
-1.5844
-1.39151
-1.15849
0
0
0
-0.331958
-0.819684
-1.03654
0
0
0
-0.285249
-0.583417
-0.656363
0.0929588
0.0962104
0.106166
0.108187
0.121987
0.123696
-0.12719
-0.175527
-0.238893
-0.158855
0.00765335
0.0933314
-0.603367
-0.451899
-0.332374
-0.463772
-0.11294
0.0994319
0.158607
0.143189
0.123667
0.184148
0.20728
0.19489
-0.645719
-0.74729
-0.921791
-0.425107
-0.722434
-0.968729
0
0
0
-0.331958
-0.819684
-1.03654
0
0
0
-0.420748
-1.12903
-1.56747
-1.5844
-1.39151
-1.15849
-0.941372
-1.37816
-1.63846
-1.69308
-1.6713
-1.5135
-1.42554
-1.60411
-1.52359
-0.792558
-0.985921
-1.16786
0
0
0
-0.22313
-0.705677
-1.17765
0
0
0
0.0477341
0.0529842
-0.0911706
-0.434051
-0.838982
-1.21351
-1.06847
-0.75604
-0.397478
-1.2734
-1.35191
-1.30955
0.156216
0.119136
0.0288296
0.270217
0.223646
0.0800279
-1.03426
-0.595778
-0.206339
-1.23151
-1.17912
-0.951344
-0.639873
-0.367441
-0.138951
-0.0088304
-0.275829
-0.607072
-0.921185
-1.10969
-1.15629
-0.921184
-1.10969
-1.15629
-0.00883026
-0.275829
-0.607072
-1.04325
-0.709044
-0.314097
-0.315943
-0.70863
-1.01162
0.565322
0.388635
0.0898144
0.565322
0.388635
0.0898143
-0.315943
-0.70863
-1.01162
-1.04325
-0.709045
-0.314097
-1.23151
-1.17912
-0.951343
-0.0382238
0.254206
0.436804
0.088044
0.363555
0.486568
0
0
0
0.10759
0.30504
0.450476
0
0
0
0.0453282
0.148966
0.27864
0.405178
0.484631
0.509079
0.610504
0.548255
0.425703
0.297316
0.200664
0.122238
0.297316
0.200664
0.122238
0.610504
0.548255
0.425702
0
0
0
0.00738243
0.0294963
0.0640804
0
0
0
0
0
0
0.00738243
0.0294963
0.0640804
0
0
0
0.0453282
0.148966
0.27864
0.0880438
0.363555
0.486568
-0.0382241
0.254206
0.436804
-1.06847
-0.75604
-0.397478
0.405177
0.484631
0.509079
0
0
0
0.10759
0.30504
0.450476
0
0
0
0.0477341
0.0529841
-0.0911709
0.108186
0.121987
0.123696
0.092958
0.0962096
0.106165
0.184147
0.20728
0.19489
0.158607
0.143189
0.123666
-0.46377
-0.112939
0.0994322
-0.603365
-0.451897
-0.332372
-0.158854
0.00765327
0.0933309
-0.127189
-0.175526
-0.238891
0.270218
0.223646
0.0800286
0.156216
0.119136
0.0288304
-0.639872
-0.36744
-0.13895
-1.2734
-1.35191
-1.30955
-1.03426
-0.595777
-0.206338
-0.792556
-0.98592
-1.16785
-1.42554
-1.60411
-1.52359
-1.69308
-1.6713
-1.5135
-0.94137
-1.37816
-1.63845
-0.434052
-0.838983
-1.21351
0
0
0
-0.22313
-0.705678
-1.17765
0
0
0
-0.420748
-1.12903
-1.56747
-0.425104
-0.72243
-0.968723
-0.645712
-0.747283
-0.921785
-1.5844
-1.3915
-1.15848
0
0
0
-0.331957
-0.81968
-1.03653
0
0
0
0.0318909
0.0323034
0.0331224
0.0323034
0.0327099
0.0336806
0.0331224
0.0336806
0.034933
0.0344749
0.0363239
0.038242
0.0349943
0.0366966
0.0393062
0.0364503
0.0386515
0.0409698
0.0380646
0.0404394
0.0434719
0.0404394
0.0434295
0.0466784
0.0434719
0.0466785
0.0511478
0.0344749
0.0349944
0.0364503
0.0363239
0.0366966
0.0386515
0.038242
0.0393062
0.0409699
0.0410483
0.0448974
0.0496358
0.0426112
0.0467993
0.0519797
0.0447262
0.0495122
0.0553311
0.0563411
0.0641782
0.0740553
0.0593598
0.0682448
0.0789507
0.0637967
0.0738707
0.0864667
0.0701647
0.0824283
0.0981932
0.0785518
0.0939246
0.114138
0.0903427
0.109895
0.136009
0.0477926
0.053374
0.0600493
0.0517179
0.0581815
0.0664105
0.0570948
0.0646983
0.0749031
0.0644179
0.0741138
0.087404
0.0741139
0.0867459
0.104185
0.0874041
0.104185
0.12735
0.107518
0.13337
0.16629
0.13021
0.162892
0.201516
0.160418
0.199369
0.239201
0.200254
0.240854
0.271236
0.240854
0.27229
0.27551
0.271236
0.27551
0.22845
0.107518
0.13021
0.160418
0.13337
0.162892
0.199369
0.16629
0.201516
0.239201
0.0410483
0.0426112
0.0447262
0.0448975
0.0467993
0.0495122
0.0496358
0.0519798
0.0553311
0.0477926
0.0517179
0.0570948
0.053374
0.0581815
0.0646983
0.0600493
0.0664105
0.0749031
0.0701647
0.0785518
0.0903428
0.0824285
0.0939247
0.109896
0.0981934
0.114139
0.136009
0.0563412
0.0593598
0.0637968
0.0641783
0.0682449
0.0738708
0.0740555
0.0789509
0.0864669
0.0318909
0.0323034
0.0331224
0.0323034
0.0327099
0.0336806
0.0331224
0.0336806
0.034933
0.0344749
0.0363239
0.038242
0.0349944
0.0366966
0.0393062
0.0364503
0.0386516
0.0409699
0.0380646
0.0404395
0.0434719
0.0404394
0.0434295
0.0466785
0.0434719
0.0466785
0.0511479
0.0344749
0.0349944
0.0364503
0.0363239
0.0366966
0.0386515
0.038242
0.0393062
0.0409699
0.0410483
0.0448975
0.0496358
0.0426112
0.0467993
0.0519798
0.0447262
0.0495122
0.0553311
0.0563412
0.0641784
0.0740555
0.0593599
0.068245
0.0789509
0.0637968
0.0738708
0.086467
0.0701648
0.0824285
0.0981935
0.0785519
0.0939247
0.114139
0.0903428
0.109896
0.136009
0.0477927
0.053374
0.0600493
0.0517179
0.0581815
0.0664106
0.0570948
0.0646983
0.0749032
0.0644179
0.0741139
0.0874041
0.0741138
0.0867459
0.104185
0.087404
0.104185
0.12735
0.107518
0.13337
0.16629
0.13021
0.162892
0.201516
0.160418
0.199368
0.239201
0.200254
0.240853
0.271236
0.240853
0.27229
0.27551
0.271236
0.27551
0.228452
0.107518
0.13021
0.160418
0.13337
0.162892
0.199368
0.166289
0.201516
0.2392
0.0410483
0.0426112
0.0447262
0.0448974
0.0467993
0.0495122
0.0496358
0.0519797
0.055331
0.0477926
0.0517179
0.0570948
0.053374
0.0581815
0.0646983
0.0600493
0.0664105
0.0749031
0.0701646
0.0785517
0.0903426
0.0824283
0.0939244
0.109895
0.0981929
0.114138
0.136009
0.0563411
0.0593597
0.0637967
0.0641782
0.0682448
0.0738706
0.0740551
0.0789505
0.0864665
0.0318909
0.0323034
0.0331224
0.0323034
0.0327099
0.0336805
0.0331224
0.0336805
0.034933
0.0344749
0.0363239
0.038242
0.0349943
0.0366965
0.0393061
0.0364503
0.0386515
0.0409698
0.0380646
0.0404394
0.0434718
0.0404394
0.0434295
0.0466784
0.0434718
0.0466784
0.0511477
0.0344749
0.0349943
0.0364503
0.0363239
0.0366966
0.0386515
0.038242
0.0393061
0.0409698
0.0410483
0.0448974
0.0496358
0.0426112
0.0467992
0.0519797
0.0447261
0.0495121
0.055331
0.0563411
0.0641781
0.0740551
0.0593597
0.0682447
0.0789504
0.0637966
0.0738704
0.0864663
0.0701644
0.082428
0.0981926
0.0785515
0.0939241
0.114138
0.0903422
0.109895
0.136008
0.0477926
0.0533739
0.0600492
0.0517178
0.0581813
0.0664103
0.0570947
0.0646981
0.0749028
0.0644177
0.0741136
0.0874036
0.0741136
0.0867454
0.104184
0.0874036
0.104184
0.127349
0.107518
0.133369
0.166288
0.130209
0.162891
0.201515
0.160417
0.199367
0.239199
0.200253
0.240852
0.271235
0.240852
0.272289
0.27551
0.271235
0.27551
0.228454
0.107518
0.130209
0.160417
0.133369
0.16289
0.199367
0.166288
0.201514
0.239199
0.0410483
0.0426112
0.0447261
0.0448974
0.0467992
0.0495121
0.0496358
0.0519797
0.055331
0.0477926
0.0517178
0.0570947
0.0533739
0.0581813
0.0646981
0.0600492
0.0664103
0.0749028
0.0701644
0.0785515
0.0903422
0.082428
0.0939241
0.109895
0.0981926
0.114137
0.136008
0.0563411
0.0593597
0.0637966
0.0641781
0.0682447
0.0738704
0.0740551
0.0789504
0.0864663
0.0318909
0.0323034
0.0331224
0.0323034
0.0327099
0.0336806
0.0331224
0.0336806
0.034933
0.0344749
0.0363239
0.038242
0.0349944
0.0366966
0.0393062
0.0364503
0.0386515
0.0409699
0.0380646
0.0404394
0.0434719
0.0404394
0.0434295
0.0466784
0.0434719
0.0466785
0.0511478
0.0344749
0.0349944
0.0364503
0.0363239
0.0366966
0.0386516
0.038242
0.0393062
0.0409699
0.0410483
0.0448974
0.0496358
0.0426112
0.0467993
0.0519797
0.0447262
0.0495122
0.055331
0.0563411
0.0641781
0.0740551
0.0593597
0.0682447
0.0789505
0.0637967
0.0738705
0.0864665
0.0701646
0.0824282
0.0981928
0.0785516
0.0939243
0.114138
0.0903425
0.109895
0.136008
0.0477926
0.053374
0.0600492
0.0517179
0.0581814
0.0664104
0.0570948
0.0646982
0.074903
0.0644179
0.0741137
0.0874038
0.0741138
0.0867457
0.104185
0.0874039
0.104185
0.127349
0.107518
0.13337
0.166289
0.130209
0.162891
0.201515
0.160417
0.199368
0.2392
0.200253
0.240853
0.271236
0.240853
0.27229
0.27551
0.271236
0.275511
0.228454
0.107518
0.130209
0.160418
0.13337
0.162891
0.199368
0.166289
0.201516
0.2392
0.0410483
0.0426112
0.0447262
0.0448975
0.0467993
0.0495122
0.0496358
0.0519798
0.0553311
0.0477926
0.0517179
0.0570948
0.053374
0.0581815
0.0646983
0.0600493
0.0664105
0.0749031
0.0701647
0.0785518
0.0903426
0.0824284
0.0939246
0.109895
0.0981934
0.114138
0.136009
0.0563412
0.0593598
0.0637968
0.0641783
0.068245
0.0738708
0.0740555
0.0789509
0.0864669
0.0318909
0.0323034
0.0331224
0.0323034
0.0327099
0.0336806
0.0331224
0.0336806
0.034933
0.0344749
0.0363239
0.038242
0.0349944
0.0366966
0.0393062
0.0364503
0.0386515
0.0409699
0.0380646
0.0404394
0.0434719
0.0404394
0.0434295
0.0466785
0.0434719
0.0466785
0.0511479
0.0344749
0.0349943
0.0364503
0.0363239
0.0366966
0.0386515
0.038242
0.0393062
0.0409698
0.0410483
0.0448975
0.0496358
0.0426112
0.0467993
0.0519798
0.0447262
0.0495122
0.0553311
0.0563412
0.0641783
0.0740555
0.0593598
0.0682449
0.0789509
0.0637968
0.0738708
0.0864669
0.0701647
0.0824285
0.0981934
0.0785518
0.0939247
0.114139
0.0903428
0.109896
0.136009
0.0477926
0.053374
0.0600493
0.0517179
0.0581815
0.0664105
0.0570948
0.0646983
0.0749031
0.0644179
0.0741139
0.0874041
0.0741138
0.0867459
0.104185
0.087404
0.104185
0.12735
0.107518
0.13337
0.16629
0.13021
0.162892
0.201516
0.160418
0.199369
0.239201
0.200254
0.240854
0.271236
0.240854
0.27229
0.27551
0.271236
0.27551
0.22845
0.107518
0.13021
0.160418
0.13337
0.162892
0.199369
0.16629
0.201516
0.239201
0.0410483
0.0426112
0.0447262
0.0448974
0.0467993
0.0495122
0.0496358
0.0519797
0.0553311
0.0477926
0.0517179
0.0570948
0.053374
0.0581815
0.0646983
0.0600493
0.0664105
0.0749031
0.0701647
0.0785518
0.0903427
0.0824283
0.0939246
0.109895
0.0981932
0.114138
0.136009
0.0563411
0.0593598
0.0637967
0.0641782
0.0682448
0.0738707
0.0740553
0.0789507
0.0864667
0.0853278
0.0947158
0.0975689
0.0912505
0.101219
0.102608
0.101083
0.113109
0.114477
0.0824456
0.0365845
-0.056167
0.08186
0.0237351
-0.0901119
0.0880344
0.0136016
-0.131243
0.0993695
-0.000246923
-0.191875
0.109291
-0.0254207
-0.274439
0.108542
-0.0736988
-0.389039
0.117086
0.132718
0.134946
0.138556
0.158608
0.159846
0.166955
0.18985
0.184913
-0.212645
-0.402214
-0.581396
-0.276779
-0.494177
-0.68708
-0.365284
-0.631149
-0.856641
-0.669581
-0.569692
-0.243228
-0.761075
-0.617695
-0.253807
-0.927101
-0.741033
-0.301487
-1.15145
-0.900687
-0.360783
-1.36171
-1.03634
-0.405402
-1.51989
-1.11784
-0.424229
-0.494069
-0.825748
-1.09085
-0.651774
-1.04338
-1.33261
-0.83688
-1.26811
-1.54941
-1.04616
-1.4757
-1.70162
-1.23343
-1.60594
-1.73341
-1.37844
-1.63665
-1.63216
-1.58364
-1.1146
-0.407361
-1.51743
-1.01522
-0.355321
-1.32429
-0.829854
-0.273988
-1.00651
-0.570134
-0.170035
-0.641579
-0.302871
-0.071732
-0.270252
-0.056879
0.0126625
-1.44575
-1.53502
-1.37959
-1.39482
-1.30515
-1.02914
-1.2135
-0.965906
-0.617773
0.202913
0.223439
0.200665
0.238322
0.245727
0.189564
0.264996
0.242583
0.133862
0.0813165
-0.164131
-0.548173
0.0125913
-0.298187
-0.731931
-0.113694
-0.482033
-0.931925
-0.316436
-0.716508
-1.1267
-0.562555
-0.943086
-1.25222
-0.825058
-1.12276
-1.27376
0.265553
0.188442
0.00603623
0.21578
0.0663603
-0.191289
0.0921808
-0.137359
-0.453602
-0.134614
-0.430837
-0.759777
-0.430837
-0.741264
-1.0114
-0.759777
-1.0114
-1.14981
-1.05639
-1.1992
-1.14886
-1.16365
-1.11964
-0.888414
-1.10982
-0.884763
-0.526161
-0.868618
-0.509061
-0.10681
-0.509061
-0.109269
0.245229
-0.10681
0.245229
0.489538
-1.05639
-1.16365
-1.10982
-1.1992
-1.11964
-0.884763
-1.14886
-0.888413
-0.52616
-0.893185
-0.537075
-0.184987
-0.507956
-0.127682
0.162497
-0.106714
0.221038
0.405821
0.0681294
0.143972
0.0754127
0.298142
0.260596
0.105954
0.424547
0.305379
0.112044
0.453213
0.291595
0.0995203
0.408789
0.242798
0.0784958
0.326484
0.18145
0.0557477
0.258265
0.472959
0.533366
0.494467
0.583699
0.544086
0.602384
0.58275
0.478383
0.59055
0.497509
0.368219
0.497509
0.378974
0.257763
0.36822
0.257763
0.163149
0.230131
0.120098
0.035182
0.150006
0.0737111
0.0207627
0.0886797
0.0413657
0.0112403
0.0453752
0.0198441
0.00530982
0.0198441
0.00856996
0.00185218
0.00530983
0.00185218
0.000739166
0.230131
0.150006
0.0886797
0.120098
0.0737111
0.0413657
0.0351821
0.0207627
0.0112403
-0.893184
-0.507955
-0.106714
-0.537074
-0.127682
0.221038
-0.184987
0.162497
0.405821
0.258265
0.494467
0.602384
0.472959
0.583699
0.58275
0.533366
0.544086
0.478383
0.453213
0.408789
0.326484
0.291595
0.242799
0.18145
0.0995203
0.0784959
0.0557477
0.0681296
0.298142
0.424547
0.143972
0.260596
0.305379
0.0754126
0.105954
0.112044
0.0853282
0.0912508
0.101084
0.0947163
0.10122
0.11311
0.0975696
0.102608
0.114478
0.117086
0.138557
0.166956
0.132718
0.158609
0.18985
0.134947
0.159846
0.184913
0.0993699
0.109291
0.108542
-0.000247014
-0.0254211
-0.0736996
-0.191876
-0.27444
-0.38904
0.0824465
0.0818608
0.0880351
0.0365852
0.0237356
0.0136019
-0.0561671
-0.0901123
-0.131244
0.202914
0.238322
0.264996
0.223439
0.245727
0.242583
0.200665
0.189563
0.133862
0.265553
0.21578
0.0921806
0.188442
0.0663598
-0.137359
0.00603546
-0.19129
-0.453603
-0.316437
-0.562556
-0.825059
-0.716509
-0.943088
-1.12276
-1.1267
-1.25222
-1.27376
0.081316
0.0125905
-0.113695
-0.164132
-0.298189
-0.482035
-0.548175
-0.731933
-0.931926
-1.04616
-1.23343
-1.37844
-1.47571
-1.60594
-1.63665
-1.70162
-1.73341
-1.63216
-1.44575
-1.39482
-1.2135
-1.53502
-1.30515
-0.965905
-1.37959
-1.02913
-0.617773
-1.00651
-0.641578
-0.270252
-0.570133
-0.302871
-0.0568789
-0.170034
-0.071732
0.0126625
-1.58364
-1.51743
-1.32429
-1.1146
-1.01522
-0.829853
-0.407362
-0.355321
-0.273988
-0.212647
-0.276781
-0.365286
-0.402218
-0.494181
-0.631153
-0.581402
-0.687086
-0.856647
-0.494071
-0.651776
-0.836882
-0.825752
-1.04339
-1.26812
-1.09085
-1.33261
-1.54941
-1.15145
-1.36171
-1.51989
-0.90069
-1.03634
-1.11785
-0.360784
-0.405403
-0.424229
-0.669588
-0.761082
-0.927107
-0.569698
-0.6177
-0.741037
-0.24323
-0.253809
-0.301488
0.0853282
0.0947163
0.0975697
0.0912509
0.10122
0.102609
0.101084
0.11311
0.114478
0.0824466
0.0365854
-0.0561669
0.0818612
0.023736
-0.0901119
0.0880356
0.0136025
-0.131243
0.0993706
-0.0002461
-0.191875
0.109292
-0.0254199
-0.274439
0.108543
-0.0736979
-0.389038
0.117086
0.132718
0.134947
0.138557
0.158609
0.159847
0.166956
0.18985
0.184914
-0.212647
-0.402218
-0.581403
-0.276781
-0.494181
-0.687087
-0.365286
-0.631153
-0.856647
-0.669589
-0.569698
-0.24323
-0.761082
-0.617701
-0.253809
-0.927107
-0.741038
-0.301488
-1.15145
-0.90069
-0.360784
-1.36171
-1.03634
-0.405403
-1.51989
-1.11785
-0.42423
-0.49407
-0.825751
-1.09085
-0.651775
-1.04338
-1.33261
-0.83688
-1.26811
-1.54941
-1.04615
-1.4757
-1.70162
-1.23343
-1.60594
-1.73341
-1.37844
-1.63665
-1.63216
-1.58364
-1.1146
-0.407362
-1.51743
-1.01522
-0.355322
-1.32429
-0.829858
-0.27399
-1.00652
-0.570139
-0.170037
-0.641588
-0.302878
-0.0717345
-0.270261
-0.0568852
0.0126603
-1.44574
-1.53502
-1.3796
-1.39482
-1.30515
-1.02914
-1.21351
-0.965915
-0.617784
0.202914
0.223439
0.200666
0.238322
0.245727
0.189564
0.264996
0.242584
0.133863
0.0813175
-0.16413
-0.548171
0.0125927
-0.298185
-0.731929
-0.113692
-0.48203
-0.931921
-0.316432
-0.716503
-1.1267
-0.56255
-0.943082
-1.25222
-0.825052
-1.12276
-1.27376
0.265553
0.188443
0.00603883
0.215781
0.0663632
-0.191285
0.0921842
-0.137354
-0.453596
-0.134606
-0.430828
-0.759768
-0.430825
-0.741252
-1.01139
-0.759762
-1.01139
-1.14981
-1.05638
-1.1992
-1.14886
-1.16365
-1.11965
-0.888427
-1.10982
-0.884779
-0.526181
-0.868638
-0.509086
-0.106834
-0.50909
-0.109298
0.245207
-0.106843
0.245203
0.489523
-1.05638
-1.16365
-1.10983
-1.1992
-1.11966
-0.884786
-1.14888
-0.888443
-0.526196
-0.893195
-0.537088
-0.184999
-0.507972
-0.127698
0.162486
-0.106733
0.221023
0.405812
0.0681205
0.143967
0.0754111
0.298136
0.260593
0.105953
0.424544
0.305379
0.112045
0.453215
0.291599
0.0995221
0.408795
0.242804
0.0784981
0.326493
0.181456
0.0557498
0.258247
0.472949
0.533364
0.494454
0.583696
0.544089
0.602381
0.582754
0.478391
0.590555
0.497519
0.36823
0.49752
0.378985
0.257773
0.368232
0.257774
0.163158
0.23014
0.120103
0.0351838
0.150013
0.0737152
0.020764
0.088685
0.0413685
0.0112411
0.0453785
0.0198457
0.00531028
0.0198458
0.00857073
0.00185239
0.00531032
0.0018524
0.000739227
0.230142
0.150014
0.0886854
0.120105
0.073716
0.0413689
0.0351844
0.0207643
0.0112413
-0.893223
-0.507998
-0.106754
-0.537126
-0.127728
0.221003
-0.18504
0.162457
0.405796
0.258236
0.494449
0.60238
0.472939
0.583693
0.582754
0.533358
0.544089
0.478393
0.453213
0.408797
0.326495
0.291599
0.242806
0.181458
0.0995227
0.078499
0.0557507
0.0680874
0.298115
0.424535
0.143947
0.260582
0.305375
0.0754047
0.10595
0.112044
0.0853275
0.0912502
0.101083
0.0947152
0.101218
0.113109
0.0975679
0.102606
0.114476
0.117085
0.138556
0.166955
0.132717
0.158607
0.189848
0.134945
0.159844
0.184912
0.0993677
0.109289
0.108542
-0.000248425
-0.0254212
-0.0736976
-0.191875
-0.274437
-0.389034
0.0824438
0.0818582
0.0880326
0.036582
0.0237327
0.0135996
-0.05617
-0.0901142
-0.131244
0.202912
0.238321
0.264995
0.223438
0.245726
0.242583
0.200664
0.189564
0.133865
0.265553
0.215782
0.0921851
0.188444
0.0663657
-0.13735
0.00604242
-0.191279
-0.453588
-0.316425
-0.56254
-0.825043
-0.716494
-0.943073
-1.12275
-1.12669
-1.25222
-1.27376
0.0813172
0.0125946
-0.113687
-0.164127
-0.29818
-0.482022
-0.548165
-0.73192
-0.931912
-1.04614
-1.23342
-1.37843
-1.47569
-1.60594
-1.63665
-1.70162
-1.73342
-1.63218
-1.44575
-1.39483
-1.21353
-1.53504
-1.30518
-0.965952
-1.37963
-1.02918
-0.617829
-1.00655
-0.641631
-0.270304
-0.57017
-0.302911
-0.0569146
-0.17005
-0.0717472
0.0126499
-1.58364
-1.51745
-1.32432
-1.11461
-1.01523
-0.829882
-0.407366
-0.35533
-0.274001
-0.212647
-0.27678
-0.365283
-0.402215
-0.494175
-0.631144
-0.581394
-0.687075
-0.856633
-0.494065
-0.651767
-0.83687
-0.82574
-1.04337
-1.2681
-1.09084
-1.33259
-1.54939
-1.15144
-1.3617
-1.51988
-0.900678
-1.03633
-1.11784
-0.360779
-0.4054
-0.42423
-0.669576
-0.761068
-0.927091
-0.569686
-0.617689
-0.741025
-0.243225
-0.253804
-0.301483
0.0853275
0.0947151
0.0975677
0.09125
0.101218
0.102606
0.101082
0.113108
0.114475
0.0824437
0.0365818
-0.05617
0.0818578
0.0237324
-0.0901142
0.0880319
0.0135991
-0.131244
0.0993668
-0.000248708
-0.191874
0.109289
-0.0254209
-0.274435
0.108541
-0.0736962
-0.38903
0.117085
0.132716
0.134944
0.138555
0.158606
0.159843
0.166954
0.189847
0.184911
-0.212647
-0.402214
-0.581393
-0.27678
-0.494174
-0.687073
-0.365282
-0.631141
-0.856629
-0.669575
-0.569685
-0.243224
-0.761065
-0.617687
-0.253803
-0.927087
-0.741022
-0.301482
-1.15143
-0.900674
-0.360778
-1.36169
-1.03632
-0.405399
-1.51988
-1.11784
-0.42423
-0.494062
-0.825735
-1.09083
-0.651763
-1.04336
-1.33259
-0.836864
-1.26809
-1.54939
-1.04614
-1.47569
-1.70161
-1.23341
-1.60593
-1.73342
-1.37843
-1.63666
-1.63218
-1.58364
-1.11461
-0.407368
-1.51745
-1.01524
-0.355334
-1.32433
-0.829894
-0.274006
-1.00657
-0.570186
-0.170056
-0.641653
-0.302927
-0.0717534
-0.270327
-0.0569296
0.0126447
-1.44575
-1.53505
-1.37965
-1.39484
-1.3052
-1.02921
-1.21354
-0.965973
-0.617854
0.202911
0.223437
0.200664
0.23832
0.245725
0.189565
0.264995
0.242584
0.133868
0.0813183
-0.164124
-0.548159
0.0125977
-0.298174
-0.731913
-0.113682
-0.482014
-0.931904
-0.316416
-0.716484
-1.12668
-0.56253
-0.943063
-1.25221
-0.825032
-1.12275
-1.27376
0.265554
0.188447
0.0060483
0.215785
0.0663715
-0.19127
0.0921907
-0.137341
-0.453577
-0.134596
-0.430812
-0.75975
-0.430812
-0.741236
-1.01138
-0.75975
-1.01138
-1.14981
-1.05637
-1.1992
-1.14889
-1.16365
-1.11966
-0.888463
-1.10984
-0.884807
-0.526222
-0.868662
-0.50912
-0.106872
-0.509121
-0.109331
0.245178
-0.106873
0.245178
0.489506
-1.05637
-1.16365
-1.10984
-1.1992
-1.11967
-0.884807
-1.14889
-0.888464
-0.526223
-0.893244
-0.537151
-0.185064
-0.508024
-0.127754
0.162437
-0.10678
0.220982
0.405783
0.0680686
0.143936
0.0754014
0.298103
0.260576
0.105949
0.424529
0.305374
0.112044
0.453214
0.291601
0.0995239
0.408802
0.24281
0.0785007
0.326502
0.181463
0.0557523
0.258213
0.472926
0.533353
0.494435
0.583689
0.544091
0.602375
0.582758
0.4784
0.590559
0.497528
0.368241
0.497528
0.378996
0.257783
0.368241
0.257783
0.163165
0.230149
0.120109
0.0351856
0.15002
0.073719
0.0207652
0.0886894
0.0413708
0.0112418
0.0453809
0.0198469
0.0053106
0.0198468
0.00857121
0.0018525
0.0053106
0.0018525
0.000739268
0.230148
0.15002
0.0886894
0.120109
0.073719
0.0413708
0.0351856
0.0207652
0.0112417
-0.893245
-0.508025
-0.106781
-0.537153
-0.127755
0.220981
-0.185067
0.162435
0.405782
0.258213
0.494435
0.602375
0.472925
0.583688
0.582758
0.533352
0.544091
0.4784
0.453214
0.408801
0.326502
0.291601
0.24281
0.181462
0.0995238
0.0785005
0.0557522
0.0680667
0.298101
0.424528
0.143935
0.260576
0.305374
0.0754011
0.105949
0.112044
0.0853275
0.09125
0.101082
0.0947151
0.101218
0.113108
0.0975676
0.102606
0.114475
0.117085
0.138555
0.166953
0.132716
0.158606
0.189847
0.134944
0.159843
0.184911
0.0993665
0.109288
0.108541
-0.000249082
-0.0254212
-0.0736965
-0.191874
-0.274435
-0.38903
0.0824435
0.0818575
0.0880316
0.0365815
0.0237321
0.0135987
-0.0561704
-0.0901146
-0.131244
0.202911
0.23832
0.264995
0.223437
0.245725
0.242584
0.200664
0.189565
0.133867
0.265554
0.215785
0.0921907
0.188447
0.0663714
-0.137341
0.00604822
-0.19127
-0.453577
-0.316416
-0.56253
-0.825032
-0.716484
-0.943063
-1.12275
-1.12668
-1.25221
-1.27377
0.081318
0.0125975
-0.113682
-0.164124
-0.298174
-0.482014
-0.548159
-0.731913
-0.931904
-1.04614
-1.23341
-1.37843
-1.47569
-1.60593
-1.63666
-1.70161
-1.73342
-1.63219
-1.44575
-1.39484
-1.21354
-1.53505
-1.3052
-0.965975
-1.37965
-1.02921
-0.617857
-1.00657
-0.641656
-0.270329
-0.570188
-0.302929
-0.0569313
-0.170057
-0.0717541
0.0126441
-1.58364
-1.51745
-1.32433
-1.11461
-1.01524
-0.829896
-0.407368
-0.355334
-0.274007
-0.212647
-0.27678
-0.365282
-0.402215
-0.494174
-0.631141
-0.581393
-0.687073
-0.856628
-0.494062
-0.651763
-0.836864
-0.825735
-1.04336
-1.26809
-1.09083
-1.33259
-1.54939
-1.15143
-1.36169
-1.51988
-0.900673
-1.03632
-1.11784
-0.360778
-0.405399
-0.42423
-0.669574
-0.761065
-0.927086
-0.569685
-0.617686
-0.741021
-0.243224
-0.253803
-0.301481
0.0853275
0.0947151
0.0975678
0.0912501
0.101218
0.102606
0.101083
0.113109
0.114476
0.0824436
0.0365817
-0.0561703
0.0818581
0.0237326
-0.0901144
0.0880325
0.0135995
-0.131244
0.0993676
-0.000248294
-0.191874
0.109289
-0.0254207
-0.274436
0.108542
-0.0736967
-0.389033
0.117085
0.132716
0.134945
0.138555
0.158607
0.159844
0.166954
0.189848
0.184912
-0.212648
-0.402215
-0.581394
-0.27678
-0.494175
-0.687075
-0.365283
-0.631144
-0.856633
-0.669576
-0.569686
-0.243224
-0.761068
-0.617689
-0.253804
-0.927091
-0.741025
-0.301483
-1.15144
-0.900678
-0.360779
-1.3617
-1.03633
-0.4054
-1.51988
-1.11784
-0.42423
-0.494065
-0.82574
-1.09084
-0.651766
-1.04337
-1.33259
-0.836869
-1.2681
-1.54939
-1.04614
-1.47569
-1.70161
-1.23342
-1.60594
-1.73342
-1.37843
-1.63665
-1.63218
-1.58364
-1.11461
-0.407366
-1.51745
-1.01524
-0.35533
-1.32432
-0.829883
-0.274001
-1.00655
-0.570171
-0.17005
-0.641633
-0.302911
-0.0717473
-0.270306
-0.0569153
0.0126498
-1.44575
-1.53504
-1.37963
-1.39483
-1.30518
-1.02919
-1.21353
-0.965955
-0.617832
0.202912
0.223437
0.200665
0.23832
0.245726
0.189565
0.264995
0.242584
0.133866
0.0813181
-0.164126
-0.548163
0.0125963
-0.298177
-0.731918
-0.113685
-0.482019
-0.931909
-0.316421
-0.71649
-1.12669
-0.562535
-0.943069
-1.25221
-0.825037
-1.12275
-1.27376
0.265554
0.188446
0.00604572
0.215784
0.0663695
-0.191274
0.0921896
-0.137344
-0.453582
-0.134599
-0.430817
-0.759756
-0.43082
-0.741245
-1.01138
-0.759761
-1.01138
-1.14981
-1.05637
-1.1992
-1.14888
-1.16365
-1.11966
-0.888447
-1.10983
-0.884791
-0.5262
-0.868642
-0.509095
-0.106848
-0.509091
-0.109302
0.2452
-0.106838
0.245204
0.489521
-1.05638
-1.16365
-1.10983
-1.1992
-1.11965
-0.884783
-1.14886
-0.888431
-0.526186
-0.893227
-0.53713
-0.185043
-0.508003
-0.127732
0.162455
-0.106758
0.221
0.405795
0.068086
0.143946
0.0754047
0.298114
0.260582
0.10595
0.424534
0.305375
0.112044
0.453213
0.291599
0.0995227
0.408797
0.242806
0.0784991
0.326495
0.181458
0.0557507
0.258233
0.472937
0.533357
0.494448
0.583692
0.544089
0.602379
0.582755
0.478393
0.590555
0.49752
0.368232
0.49752
0.378986
0.257775
0.36823
0.257774
0.163158
0.230142
0.120105
0.0351844
0.150014
0.0737161
0.0207643
0.0886855
0.0413689
0.0112413
0.0453786
0.0198458
0.00531032
0.0198457
0.00857074
0.0018524
0.00531028
0.00185239
0.000739227
0.23014
0.150013
0.0886851
0.120104
0.0737153
0.0413686
0.0351839
0.020764
0.0112411
-0.893199
-0.507977
-0.106737
-0.537092
-0.127701
0.221021
-0.185002
0.162484
0.405812
0.258245
0.494453
0.60238
0.472948
0.583696
0.582755
0.533364
0.54409
0.478392
0.453216
0.408796
0.326493
0.291599
0.242804
0.181456
0.0995222
0.0784982
0.0557499
0.0681194
0.298135
0.424544
0.143967
0.260593
0.30538
0.0754112
0.105953
0.112045
0.0853282
0.0912509
0.101084
0.0947163
0.10122
0.11311
0.0975697
0.102609
0.114478
0.117086
0.138556
0.166955
0.132718
0.158609
0.18985
0.134947
0.159847
0.184914
0.0993709
0.109292
0.108544
-0.000245535
-0.0254189
-0.0736963
-0.191874
-0.274437
-0.389036
0.0824466
0.0818612
0.0880358
0.0365854
0.0237362
0.0136028
-0.0561669
-0.0901117
-0.131243
0.202913
0.238321
0.264996
0.223439
0.245727
0.242585
0.200666
0.189566
0.133866
0.265554
0.215784
0.0921888
0.188446
0.0663674
-0.137347
0.00604281
-0.191279
-0.453588
-0.316427
-0.562543
-0.825046
-0.716498
-0.943077
-1.12276
-1.12669
-1.25222
-1.27376
0.081319
0.0125953
-0.113688
-0.164127
-0.298182
-0.482025
-0.548168
-0.731925
-0.931917
-1.04615
-1.23343
-1.37843
-1.4757
-1.60594
-1.63665
-1.70162
-1.73341
-1.63216
-1.44574
-1.39482
-1.21351
-1.53503
-1.30516
-0.965919
-1.3796
-1.02915
-0.617787
-1.00652
-0.64159
-0.270263
-0.57014
-0.302879
-0.0568858
-0.170037
-0.0717346
0.0126603
-1.58364
-1.51743
-1.32429
-1.1146
-1.01522
-0.829859
-0.407363
-0.355323
-0.27399
-0.212646
-0.276781
-0.365285
-0.402218
-0.494181
-0.631152
-0.581403
-0.687087
-0.856646
-0.494069
-0.651773
-0.836877
-0.82575
-1.04338
-1.26811
-1.09085
-1.33261
-1.54941
-1.15145
-1.36171
-1.51989
-0.90069
-1.03634
-1.11785
-0.360784
-0.405403
-0.42423
-0.669589
-0.761082
-0.927107
-0.569698
-0.617701
-0.741038
-0.24323
-0.253809
-0.301488
0.0853282
0.0947163
0.0975696
0.0912508
0.10122
0.102608
0.101084
0.11311
0.114478
0.0824465
0.0365852
-0.0561671
0.0818608
0.0237356
-0.0901123
0.0880351
0.0136019
-0.131244
0.0993699
-0.000247014
-0.191876
0.109291
-0.0254211
-0.27444
0.108542
-0.0736996
-0.38904
0.117086
0.132718
0.134947
0.138557
0.158609
0.159846
0.166956
0.18985
0.184913
-0.212647
-0.402218
-0.581402
-0.276781
-0.494181
-0.687086
-0.365286
-0.631153
-0.856647
-0.669588
-0.569698
-0.24323
-0.761082
-0.6177
-0.253809
-0.927107
-0.741037
-0.301488
-1.15145
-0.90069
-0.360784
-1.36171
-1.03634
-0.405403
-1.51989
-1.11785
-0.424229
-0.494071
-0.825752
-1.09085
-0.651776
-1.04339
-1.33261
-0.836882
-1.26812
-1.54941
-1.04616
-1.47571
-1.70162
-1.23343
-1.60594
-1.73341
-1.37844
-1.63665
-1.63216
-1.58364
-1.1146
-0.407362
-1.51743
-1.01522
-0.355321
-1.32429
-0.829853
-0.273988
-1.00651
-0.570133
-0.170034
-0.641578
-0.302871
-0.071732
-0.270252
-0.0568789
0.0126625
-1.44575
-1.53502
-1.37959
-1.39482
-1.30515
-1.02913
-1.2135
-0.965905
-0.617773
0.202914
0.223439
0.200665
0.238322
0.245727
0.189563
0.264996
0.242583
0.133862
0.081316
-0.164132
-0.548175
0.0125905
-0.298189
-0.731933
-0.113695
-0.482035
-0.931926
-0.316437
-0.716509
-1.1267
-0.562556
-0.943088
-1.25222
-0.825059
-1.12276
-1.27376
0.265553
0.188442
0.00603546
0.21578
0.0663598
-0.19129
0.0921806
-0.137359
-0.453603
-0.134614
-0.430837
-0.759777
-0.430837
-0.741264
-1.0114
-0.759777
-1.0114
-1.14981
-1.05639
-1.1992
-1.14886
-1.16365
-1.11964
-0.888413
-1.10982
-0.884763
-0.52616
-0.868618
-0.509061
-0.10681
-0.509061
-0.109269
0.245229
-0.10681
0.245229
0.489538
-1.05639
-1.16365
-1.10982
-1.1992
-1.11964
-0.884763
-1.14886
-0.888414
-0.526161
-0.893184
-0.537074
-0.184987
-0.507955
-0.127682
0.162497
-0.106714
0.221038
0.405821
0.0681296
0.143972
0.0754126
0.298142
0.260596
0.105954
0.424547
0.305379
0.112044
0.453213
0.291595
0.0995203
0.408789
0.242799
0.0784959
0.326484
0.18145
0.0557477
0.258265
0.472959
0.533366
0.494467
0.583699
0.544086
0.602384
0.58275
0.478383
0.59055
0.497509
0.36822
0.497509
0.378974
0.257763
0.368219
0.257763
0.163149
0.230131
0.120098
0.0351821
0.150006
0.0737111
0.0207627
0.0886797
0.0413657
0.0112403
0.0453752
0.0198441
0.00530983
0.0198441
0.00856996
0.00185218
0.00530982
0.00185218
0.000739166
0.230131
0.150006
0.0886797
0.120098
0.0737111
0.0413657
0.035182
0.0207627
0.0112403
-0.893185
-0.507956
-0.106714
-0.537075
-0.127682
0.221038
-0.184987
0.162497
0.405821
0.258265
0.494467
0.602384
0.472959
0.583699
0.58275
0.533366
0.544086
0.478383
0.453213
0.408789
0.326484
0.291595
0.242798
0.18145
0.0995203
0.0784958
0.0557477
0.0681294
0.298142
0.424547
0.143972
0.260596
0.305379
0.0754127
0.105954
0.112044
0.0853278
0.0912505
0.101083
0.0947158
0.101219
0.113109
0.0975689
0.102608
0.114477
0.117086
0.138556
0.166955
0.132718
0.158608
0.18985
0.134946
0.159846
0.184913
0.0993695
0.109291
0.108542
-0.000246923
-0.0254207
-0.0736988
-0.191875
-0.274439
-0.389039
0.0824456
0.08186
0.0880344
0.0365845
0.0237351
0.0136016
-0.056167
-0.0901119
-0.131243
0.202913
0.238322
0.264996
0.223439
0.245727
0.242583
0.200665
0.189564
0.133862
0.265553
0.21578
0.0921808
0.188442
0.0663603
-0.137359
0.00603623
-0.191289
-0.453602
-0.316436
-0.562555
-0.825058
-0.716508
-0.943086
-1.12276
-1.1267
-1.25222
-1.27376
0.0813165
0.0125913
-0.113694
-0.164131
-0.298187
-0.482033
-0.548173
-0.731931
-0.931925
-1.04616
-1.23343
-1.37844
-1.4757
-1.60594
-1.63665
-1.70162
-1.73341
-1.63216
-1.44575
-1.39482
-1.2135
-1.53502
-1.30515
-0.965906
-1.37959
-1.02914
-0.617773
-1.00651
-0.641579
-0.270252
-0.570134
-0.302871
-0.056879
-0.170035
-0.071732
0.0126625
-1.58364
-1.51743
-1.32429
-1.1146
-1.01522
-0.829854
-0.407361
-0.355321
-0.273988
-0.212645
-0.276779
-0.365284
-0.402214
-0.494177
-0.631149
-0.581396
-0.68708
-0.856641
-0.494069
-0.651774
-0.83688
-0.825748
-1.04338
-1.26811
-1.09085
-1.33261
-1.54941
-1.15145
-1.36171
-1.51989
-0.900687
-1.03634
-1.11784
-0.360783
-0.405402
-0.424229
-0.669581
-0.761075
-0.927101
-0.569692
-0.617695
-0.741033
-0.243228
-0.253807
-0.301487
