FiniteElementSpace
FiniteElementCollection: H1_2D_P4
VDim: 1
Ordering: 0

-1.36078
0
0
0
0
0
0
0
0
0
0
-0.601933
0
0
-0.601931
0
0
-0.601932
0
0
-0.601932
0
0
-0.601931
0
0
-0.226944
-0.226944
-0.226951
-0.226944
-0.226944
-0.118407
0.442148
0.442144
-0.118401
0.44215
0.442143
-0.118399
0.442151
0.442149
-0.118398
0.442144
0.44215
-0.118401
0.442144
0.442148
-0.714102
0
0.701802
0
0
0.701802
0
-0.714104
0
0.701799
0
0
0.701817
0
-0.714107
0
0.701798
0
0
0.701801
0
-0.714106
0
0.701817
0
0
0.701796
0
-0.714104
0
0.701802
0
0
0.701802
0
0.754227
0.754228
0.754232
0.754229
0.754227
0.514781
-0.234495
0.514779
0.5148
-0.234544
0.514778
0.514814
-0.234593
0.514811
0.514777
-0.234541
0.5148
0.514779
-0.234495
0.514781
-0.799451
0.417007
0.417007
-0.799449
-0.313036
-0.045888
0.482718
0.0801469
0.0801473
0.482715
-0.0458957
-0.313031
0.417017
0.417008
-0.799442
-0.0458758
0.482719
0.0801409
0.080146
0.482713
-0.0458934
-0.313034
0.417021
0.41702
-0.799441
-0.0458775
0.482717
0.0801348
0.0801358
0.482716
-0.0458799
-0.313034
0.417008
0.417018
-0.799449
-0.045894
0.482714
0.0801482
0.0801412
0.48272
-0.0458761
-0.313031
0.417007
0.417007
-0.0458958
0.482715
0.0801473
0.0801469
0.482718
-0.045888
-0.703404
-0.293635
0.544288
-0.542076
0
0.385594
0
1.07343
0.90792
-0.0366513
0.441757
0.441754
-0.0366499
0
-1.16713
0
0
-1.16713
0
1.07342
0.544285
-0.293639
-0.703403
0.907918
0
0.385593
0
-0.542078
-0.293624
0.544296
0
0.385619
0
1.0734
0.907925
-0.0366505
0.441741
0.441755
-0.0366387
0
-1.16717
0
0
-1.16716
0
1.07343
0.544284
-0.293642
-0.703405
0.907927
0
0.385591
0
-0.542082
-0.29362
0.5443
0
0.385641
0
1.07336
0.907933
-0.0366444
0.441737
0.441739
-0.0366417
0
-1.16722
0
0
-1.16722
0
1.07336
0.544297
-0.293622
-0.703404
0.907934
0
0.385638
0
-0.542081
-0.293642
0.544284
0
0.38559
0
1.07343
0.907926
-0.0366385
0.441756
0.441741
-0.0366524
0
-1.16716
0
0
-1.16717
0
1.0734
0.544296
-0.293624
-0.703403
0.907924
0
0.385619
0
-0.542079
-0.293639
0.544285
0
0.385593
0
1.07342
0.907918
-0.0366499
0.441754
0.441757
-0.0366513
0
-1.16713
0
0
-1.16713
0
1.07343
0.544288
-0.293635
0.90792
0
0.385594
0
-0.0800871
0.146203
0.155498
0.146198
-0.0800809
0.146214
0.155495
0.146197
-0.0800699
0.146211
0.155488
0.146209
-0.0800806
0.146197
0.155497
0.146214
-0.0800872
0.146198
0.155498
0.146203
-0.14551
-0.305007
1.15515
0.38365
0.0431257
0.13609
-1.40878
0.136085
-0.145517
0.38365
1.15515
-0.305008
-0.145497
-0.304999
1.15516
0.383644
0.0431419
0.136028
-1.40876
0.136063
-0.145517
0.383655
1.15515
-0.30501
-0.145497
-0.304993
1.15517
0.383643
0.0431667
0.135971
-1.40876
0.135972
-0.145499
0.383644
1.15517
-0.304994
-0.145518
-0.30501
1.15515
0.383656
0.04314
0.136065
-1.40876
0.136029
-0.145498
0.383643
1.15516
-0.304999
-0.145517
-0.305008
1.15515
0.38365
0.0431257
0.136085
-1.40878
0.13609
-0.14551
0.38365
1.15515
-0.305007
-1.34234
-1.20265
-0.956008
-0.732068
-0.522421
-0.237508
-0.732066
-0.522421
-0.237508
-1.34234
-1.20265
-0.956007
-0.169587
-0.361703
-0.63788
-0.0872424
0.0602348
0.289151
0.405189
0.292552
0.0690405
0.762946
0.701378
0.535553
0.762946
0.701377
0.535552
0.405189
0.292552
0.0690405
-0.0872376
0.0602372
0.289152
-0.169582
-0.361699
-0.637878
-0.0968786
-0.138806
-0.246913
-0.312613
-0.195864
0.0193001
0.401679
0.317065
0.203411
-0.571052
-0.48934
-0.380613
-0.587506
-0.443255
-0.193418
-0.0275684
0.0200661
0.0943179
0.429598
0.316109
0.0966408
0.426656
0.419944
0.449884
0.493268
0.431504
0.264062
0.723534
0.628144
0.526592
0.447434
0.33773
0.212426
0.447431
0.337729
0.212426
0.723534
0.628142
0.526589
0.421776
0.318673
0.165023
0.059874
0.0584855
0.107983
-0.206881
-0.127761
-0.00157083
-0.206881
-0.127761
-0.00157016
0.0598742
0.0584853
0.107983
0.421773
0.318672
0.165023
0.426652
0.41994
0.449881
0.401679
0.317063
0.203407
-0.312609
-0.195865
0.0192964
-0.096872
-0.138799
-0.246906
0.493264
0.431499
0.264057
0.429593
0.316103
0.0966332
-0.0275758
0.0200596
0.0943126
-0.587506
-0.44326
-0.193426
-0.571049
-0.489336
-0.380608
-0.732065
-0.522417
-0.237502
-0.73206
-0.522415
-0.237502
-1.34234
-1.20265
-0.956001
-0.0872345
0.060245
0.289162
0.405198
0.29256
0.0690473
0.762949
0.701384
0.535562
0.762947
0.701378
0.535553
0.405191
0.292556
0.0690464
-0.0872359
0.0602382
0.289152
-0.169578
-0.361694
-0.637871
-0.312605
-0.195853
0.0193118
0.40169
0.317077
0.203422
-0.5875
-0.443245
-0.193406
-0.0275567
0.0200774
0.094329
0.429602
0.316118
0.0966523
0.426657
0.419945
0.449884
0.49327
0.43151
0.264072
0.723536
0.628145
0.526593
0.447433
0.337728
0.212423
0.447429
0.337727
0.212423
0.723534
0.628141
0.526588
0.421775
0.318669
0.165018
0.0598683
0.0584809
0.10798
-0.206883
-0.127766
-0.00157668
-0.206881
-0.127762
-0.00157132
0.0598725
0.058483
0.10798
0.421771
0.31867
0.165022
0.426651
0.419939
0.449879
0.401678
0.317062
0.203406
-0.312612
-0.195867
0.019295
-0.0968713
-0.138801
-0.24691
0.493262
0.431497
0.264056
0.429592
0.316104
0.0966349
-0.0275743
0.0200599
0.0943117
-0.587507
-0.443258
-0.193424
-0.571052
-0.489339
-0.380612
-0.732058
-0.522408
-0.237492
-0.732057
-0.522408
-0.237492
-1.34234
-1.20265
-0.956001
-0.0872326
0.0602471
0.289165
0.405204
0.292569
0.069058
0.762954
0.701389
0.535566
0.762954
0.701389
0.535566
0.405204
0.292569
0.0690581
-0.0872319
0.0602473
0.289165
-0.169577
-0.361693
-0.637871
-0.312609
-0.195858
0.0193082
0.401692
0.317076
0.20342
-0.587504
-0.443249
-0.193409
-0.0275587
0.0200748
0.0943261
0.429603
0.316119
0.0966515
0.426657
0.419944
0.449883
0.493269
0.431509
0.26407
0.723539
0.628145
0.526592
0.447431
0.337723
0.212416
0.44743
0.337723
0.212416
0.723538
0.628144
0.52659
0.421775
0.318666
0.165013
0.0598617
0.0584736
0.107972
-0.206891
-0.127774
-0.00158375
-0.20689
-0.127773
-0.00158256
0.0598625
0.0584739
0.107972
0.421774
0.318666
0.165013
0.426655
0.419943
0.449882
0.401691
0.317074
0.203418
-0.312609
-0.195859
0.0193066
-0.0968705
-0.138801
-0.246909
0.493267
0.431507
0.264068
0.429601
0.316116
0.0966488
-0.0275611
0.0200726
0.0943241
-0.587504
-0.44325
-0.193411
-0.571052
-0.489339
-0.380612
-0.732059
-0.522415
-0.237502
-0.732065
-0.522417
-0.237502
-1.34234
-1.20265
-0.956007
-0.0872349
0.060239
0.289153
0.405191
0.292557
0.0690467
0.762948
0.701379
0.535553
0.76295
0.701385
0.535562
0.405198
0.29256
0.0690474
-0.0872346
0.060245
0.289162
-0.169582
-0.3617
-0.637878
-0.312612
-0.195867
0.019295
0.401679
0.317062
0.203406
-0.587507
-0.443258
-0.193424
-0.0275749
0.0200595
0.0943115
0.429592
0.316103
0.096634
0.426651
0.41994
0.44988
0.493263
0.431497
0.264056
0.723535
0.628142
0.526588
0.447431
0.337728
0.212425
0.447434
0.337729
0.212424
0.723537
0.628146
0.526594
0.421772
0.318672
0.165024
0.0598746
0.0584849
0.107982
-0.20688
-0.12776
-0.00156918
-0.206882
-0.127765
-0.0015763
0.0598689
0.058482
0.107981
0.421775
0.318669
0.165018
0.426657
0.419945
0.449885
0.40169
0.317077
0.203422
-0.312605
-0.195853
0.019312
-0.0968722
-0.138799
-0.246907
0.493271
0.431511
0.264072
0.429601
0.316118
0.096652
-0.0275569
0.0200773
0.0943292
-0.5875
-0.443245
-0.193407
-0.571049
-0.489336
-0.380608
-0.732066
-0.522421
-0.237508
-0.732068
-0.522422
-0.237508
-0.0872378
0.060237
0.289151
0.405188
0.292552
0.0690404
0.762946
0.701377
0.535552
0.762946
0.701378
0.535553
0.405188
0.292552
0.0690403
-0.0872424
0.0602348
0.289151
-0.31261
-0.195865
0.0192962
0.401678
0.317063
0.203407
-0.587506
-0.44326
-0.193426
-0.0275759
0.0200595
0.0943125
0.429593
0.316103
0.0966331
0.426652
0.41994
0.44988
0.493264
0.431499
0.264057
0.723534
0.628142
0.526589
0.447431
0.337729
0.212426
0.447434
0.33773
0.212426
0.723534
0.628144
0.526592
0.421773
0.318672
0.165023
0.0598742
0.0584853
0.107983
-0.206881
-0.127761
-0.00157016
-0.206881
-0.127761
-0.00157083
0.059874
0.0584855
0.107983
0.421776
0.318673
0.165023
0.426656
0.419944
0.449884
0.401679
0.317065
0.203411
-0.312613
-0.195864
0.0193001
0.493268
0.431504
0.264062
0.429598
0.316109
0.0966408
-0.0275684
0.0200661
0.0943179
-0.587506
-0.443255
-0.193418
-0.62803
-0.664659
-0.691689
-0.68445
-0.542452
-0.296212
-0.0612495
-0.090223
-0.123796
-0.721479
-0.72281
-0.712159
-0.696385
-0.591659
-0.412061
-0.268861
-0.218307
-0.168442
0.381701
0.108716
-0.161446
0.530748
0.551066
0.551674
0.479997
0.280769
0.009714
0.459575
0.498747
0.531744
-0.701487
-0.660129
-0.591168
-0.521265
-0.461153
-0.370449
-0.314575
-0.337418
-0.327454
-0.144427
-0.338255
-0.483269
0
0
0
-0.0577615
-0.174741
-0.270829
0
0
0
0.114774
0.267178
0.354461
0.233534
-0.023733
-0.224134
0.494916
0.454283
0.410955
0.541735
0.828353
1.06481
0.99969
1.14016
1.18799
0.632973
0.804485
0.893746
0
0
0
0.294921
0.770527
1.07358
0
0
0
0.220501
0.643275
0.971432
1.16148
1.24679
1.21748
0.845228
1.05627
1.1192
0.753178
0.843366
0.900522
0.578353
0.562085
0.459285
0.110607
0.196282
0.311892
0.810019
0.628324
0.461666
0.550797
0.277767
0.0549315
0.0117722
0.140935
0.299736
-0.231801
-0.199566
-0.109037
-0.0671104
-0.0741639
-0.0128373
-0.0671093
-0.0741633
-0.0128371
-0.2318
-0.199565
-0.109036
0.651641
0.566773
0.488622
0.397251
0.264201
0.113952
-0.0516158
0.215986
0.382875
-0.0516163
0.215985
0.382873
0.397249
0.2642
0.113952
0.65164
0.566772
0.48862
0.550797
0.277768
0.0549329
0.960223
0.683716
0.340279
0.458193
0.401055
0.241172
0
0
0
-0.0734805
-0.0914598
0.0353651
0
0
0
-0.344155
-0.876656
-1.14759
-0.958328
-0.520734
-0.0817107
-0.43627
-0.824031
-1.1059
-1.34314
-1.54452
-1.51949
-1.34314
-1.54452
-1.51949
-0.43627
-0.824032
-1.1059
0
0
0
-0.262523
-0.783954
-1.23598
0
0
0
0
0
0
-0.262523
-0.783954
-1.23598
0
0
0
-0.344155
-0.876655
-1.14759
0.458189
0.401051
0.241167
0.960218
0.68371
0.340274
0.845227
1.05626
1.1192
-0.958329
-0.520736
-0.0817143
0
0
0
-0.0734811
-0.0914618
0.0353614
0
0
0
0.220499
0.643271
0.971427
-0.0612571
-0.0902302
-0.123802
-0.684452
-0.542457
-0.296218
-0.628028
-0.664657
-0.691688
0.459571
0.498743
0.53174
0.479992
0.280764
0.00970792
0.530745
0.551063
0.55167
0.381698
0.108713
-0.161449
-0.268865
-0.218313
-0.168448
-0.696388
-0.591664
-0.412065
-0.721481
-0.722811
-0.712159
0.110607
0.196282
0.311892
0.578349
0.562082
0.459284
0.0117736
0.140936
0.299737
0.753177
0.843365
0.90052
0.810017
0.628322
0.461666
0.632971
0.804482
0.893744
0.999688
1.14016
1.18799
0.541734
0.828351
1.0648
0.494913
0.454281
0.410953
1.16148
1.24679
1.21747
0
0
0
0.29492
0.770525
1.07358
0
0
0
0.114773
0.267177
0.35446
-0.314579
-0.33742
-0.327456
-0.521268
-0.461156
-0.37045
-0.701489
-0.660132
-0.591171
0.233532
-0.0237339
-0.224135
0
0
0
-0.0577616
-0.174742
-0.270829
0
0
0
-0.144427
-0.338257
-0.483272
-0.684447
-0.542444
-0.2962
-0.0612372
-0.0902103
-0.123783
-0.696385
-0.591656
-0.412053
-0.268849
-0.218295
-0.168429
0.38172
0.108733
-0.161432
0.530764
0.551079
0.551683
0.480007
0.280783
0.00972775
0.459578
0.498751
0.53175
-0.521267
-0.461153
-0.370444
-0.314565
-0.337408
-0.327446
0
0
0
-0.0577593
-0.174736
-0.270822
0
0
0
0.11478
0.267194
0.354484
0.233556
-0.0237154
-0.224123
0.494937
0.454307
0.41098
0.54176
0.828377
1.06482
0.999698
1.14017
1.188
0.632991
0.804498
0.893754
0
0
0
0.294921
0.770531
1.07359
0
0
0
0.220489
0.643247
0.971399
1.16146
1.24678
1.21748
0.84522
1.05625
1.11917
0.753174
0.843364
0.900524
0.578358
0.562084
0.45928
0.110601
0.196275
0.311885
0.810021
0.628321
0.461661
0.550795
0.277768
0.0549325
0.01177
0.14093
0.29973
-0.231801
-0.199566
-0.109037
-0.067107
-0.0741547
-0.0128229
-0.0670971
-0.0741488
-0.0128209
-0.231799
-0.19956
-0.109027
0.651636
0.566766
0.48861
0.397245
0.264209
0.113967
-0.0516597
0.215955
0.382855
-0.0516564
0.215963
0.382867
0.397256
0.264215
0.113969
0.651655
0.566784
0.488626
0.550813
0.277784
0.054946
0.960185
0.683666
0.34022
0.458166
0.401008
0.241111
0
0
0
-0.0734958
-0.0915021
0.0353059
0
0
0
-0.344159
-0.876672
-1.14762
-0.958381
-0.520796
-0.0817748
-0.436325
-0.824091
-1.10595
-1.34317
-1.54454
-1.51948
-1.34316
-1.54453
-1.51948
-0.436322
-0.824081
-1.10594
0
0
0
-0.262516
-0.783936
-1.23596
0
0
0
0
0
0
-0.262516
-0.783937
-1.23596
0
0
0
-0.344156
-0.876662
-1.14761
0.458184
0.401035
0.241145
0.960217
0.683703
0.340256
0.84524
1.05627
1.1192
-0.958362
-0.520769
-0.081742
0
0
0
-0.0734858
-0.0914759
0.0353403
0
0
0
0.2205
0.643271
0.971427
-0.0612554
-0.0902293
-0.123802
-0.684453
-0.542458
-0.296219
-0.62803
-0.664659
-0.69169
0.459571
0.498743
0.531739
0.479991
0.280763
0.0097071
0.530744
0.551062
0.55167
0.381697
0.10871
-0.161452
-0.268868
-0.218315
-0.168449
-0.696392
-0.591668
-0.412069
-0.721484
-0.722813
-0.712161
0.110607
0.196284
0.311895
0.578349
0.562084
0.459287
0.0117835
0.140944
0.299742
0.753193
0.843379
0.900531
0.810026
0.62833
0.461671
0.632971
0.804486
0.893751
0.999697
1.14016
1.18799
0.541732
0.828351
1.06481
0.494913
0.45428
0.410952
1.16148
1.24679
1.21748
0
0
0
0.294919
0.770523
1.07357
0
0
0
0.114772
0.267175
0.354458
-0.314582
-0.337423
-0.327459
-0.521272
-0.461159
-0.370453
-0.701493
-0.660136
-0.591175
0.233531
-0.0237357
-0.224137
0
0
0
-0.0577622
-0.174743
-0.270832
0
0
0
-0.144428
-0.338258
-0.483275
-0.684449
-0.542446
-0.296201
-0.0612386
-0.0902106
-0.123782
-0.696388
-0.591657
-0.412051
-0.268846
-0.218293
-0.168428
0.381733
0.108743
-0.161426
0.530776
0.551087
0.551688
0.480011
0.280786
0.00972967
0.459579
0.498753
0.531753
-0.521271
-0.461154
-0.370441
-0.314561
-0.337403
-0.32744
0
0
0
-0.0577569
-0.174731
-0.270815
0
0
0
0.114785
0.267209
0.354505
0.233577
-0.0236996
-0.224113
0.494953
0.454327
0.411002
0.541783
0.828396
1.06484
0.999708
1.14018
1.18801
0.633005
0.804511
0.893764
0
0
0
0.294919
0.77053
1.07359
0
0
0
0.220478
0.643218
0.971362
1.16143
1.24676
1.21748
0.845214
1.05623
1.11914
0.753174
0.843367
0.90053
0.578361
0.562085
0.459279
0.110595
0.196271
0.311882
0.810028
0.628324
0.461661
0.550799
0.277775
0.0549398
0.011773
0.140929
0.299728
-0.231806
-0.199566
-0.109033
-0.0670973
-0.0741375
-0.0127996
-0.067095
-0.074136
-0.0127991
-0.231806
-0.199565
-0.10903
0.651635
0.566766
0.488608
0.397252
0.26423
0.113993
-0.0516992
0.215933
0.382846
-0.051699
0.215934
0.382848
0.397254
0.264231
0.113993
0.651638
0.566769
0.488611
0.550802
0.277779
0.0549429
0.960143
0.683615
0.340164
0.458149
0.400968
0.241057
0
0
0
-0.0735099
-0.0915412
0.0352512
0
0
0
-0.344163
-0.876689
-1.14766
-0.958431
-0.520852
-0.0818321
-0.43638
-0.824151
-1.106
-1.34321
-1.54456
-1.51948
-1.34321
-1.54456
-1.51948
-0.43638
-0.824151
-1.106
0
0
0
-0.262508
-0.783921
-1.23595
0
0
0
0
0
0
-0.262508
-0.783921
-1.23595
0
0
0
-0.344164
-0.87669
-1.14766
0.458152
0.400971
0.241059
0.960146
0.683618
0.340166
0.845217
1.05623
1.11914
-0.958432
-0.520851
-0.081831
0
0
0
-0.0735101
-0.0915409
0.0352524
0
0
0
0.220479
0.64322
0.971365
-0.061241
-0.0902131
-0.123785
-0.684449
-0.542447
-0.296203
-0.62803
-0.664658
-0.691689
0.459577
0.498751
0.53175
0.480008
0.280783
0.00972675
0.530772
0.551083
0.551685
0.381729
0.10874
-0.161429
-0.268848
-0.218295
-0.16843
-0.696388
-0.591658
-0.412053
-0.721483
-0.722813
-0.71216
0.110596
0.196272
0.311884
0.578358
0.562084
0.45928
0.0117759
0.140932
0.29973
0.753178
0.84337
0.900532
0.810028
0.628325
0.461662
0.633002
0.804509
0.893764
0.999708
1.14018
1.18801
0.54178
0.828394
1.06483
0.494949
0.454324
0.410999
1.16143
1.24677
1.21748
0
0
0
0.294919
0.770529
1.07359
0
0
0
0.114784
0.267206
0.354502
-0.314562
-0.337405
-0.327441
-0.52127
-0.461153
-0.370441
-0.701492
-0.660135
-0.591174
0.233574
-0.0237023
-0.224115
0
0
0
-0.0577573
-0.174732
-0.270816
0
0
0
-0.144427
-0.338258
-0.483274
-0.684452
-0.542457
-0.296219
-0.061256
-0.0902297
-0.123803
-0.696391
-0.591667
-0.412068
-0.268868
-0.218315
-0.168449
0.381696
0.10871
-0.161452
0.530743
0.551061
0.551669
0.479991
0.280762
0.00970657
0.459571
0.498743
0.531739
-0.521271
-0.461159
-0.370453
-0.314582
-0.337423
-0.327458
0
0
0
-0.0577621
-0.174743
-0.270831
0
0
0
0.114772
0.267175
0.354458
0.23353
-0.023736
-0.224137
0.494912
0.454279
0.410951
0.541732
0.82835
1.0648
0.999696
1.14016
1.18799
0.63297
0.804485
0.89375
0
0
0
0.294919
0.770523
1.07357
0
0
0
0.2205
0.643272
0.971429
1.16148
1.24679
1.21747
0.84524
1.05627
1.1192
0.753192
0.843378
0.90053
0.578349
0.562084
0.459288
0.110609
0.196286
0.311897
0.810025
0.62833
0.461672
0.550813
0.277783
0.054946
0.0117842
0.140945
0.299743
-0.231799
-0.199559
-0.109027
-0.0670973
-0.0741499
-0.0128227
-0.067109
-0.0741567
-0.0128249
-0.231801
-0.199567
-0.109038
0.651655
0.566784
0.488626
0.397256
0.264214
0.113967
-0.0516539
0.215965
0.382868
-0.0516573
0.215956
0.382855
0.397245
0.264207
0.113965
0.651633
0.566765
0.48861
0.550793
0.277765
0.0549303
0.960219
0.683704
0.340258
0.458185
0.401037
0.241147
0
0
0
-0.0734857
-0.0914753
0.0353418
0
0
0
-0.344156
-0.876662
-1.14761
-0.958361
-0.520768
-0.0817401
-0.436319
-0.824079
-1.10594
-1.34316
-1.54453
-1.51948
-1.34317
-1.54454
-1.51948
-0.436322
-0.824089
-1.10595
0
0
0
-0.262516
-0.783937
-1.23596
0
0
0
0
0
0
-0.262516
-0.783937
-1.23596
0
0
0
-0.344159
-0.876672
-1.14762
0.458167
0.401009
0.241113
0.960186
0.683667
0.340221
0.845218
1.05625
1.11917
-0.958381
-0.520795
-0.0817734
0
0
0
-0.0734958
-0.0915017
0.0353069
0
0
0
0.220489
0.643248
0.9714
-0.0612375
-0.0902107
-0.123783
-0.684447
-0.542444
-0.296201
-0.628028
-0.664657
-0.691688
0.459577
0.498751
0.53175
0.480007
0.280782
0.00972744
0.530764
0.551079
0.551683
0.38172
0.108733
-0.161432
-0.268849
-0.218295
-0.16843
-0.696385
-0.591656
-0.412053
-0.721481
-0.722811
-0.712159
0.110601
0.196275
0.311884
0.578357
0.562084
0.459279
0.0117684
0.140928
0.299729
0.753172
0.843362
0.900522
0.81002
0.62832
0.46166
0.63299
0.804497
0.893753
0.999697
1.14017
1.188
0.54176
0.828377
1.06482
0.494936
0.454306
0.41098
1.16146
1.24678
1.21748
0
0
0
0.294922
0.770532
1.07359
0
0
0
0.11478
0.267194
0.354484
-0.314565
-0.337409
-0.327446
-0.521268
-0.461153
-0.370444
-0.701489
-0.660132
-0.591171
0.233556
-0.0237157
-0.224123
0
0
0
-0.0577593
-0.174736
-0.270822
0
0
0
-0.144427
-0.338257
-0.483272
-0.684452
-0.542457
-0.296218
-0.0612571
-0.0902302
-0.123802
-0.696388
-0.591664
-0.412065
-0.268865
-0.218313
-0.168448
0.381698
0.108713
-0.161449
0.530745
0.551063
0.55167
0.479992
0.280764
0.00970788
0.459571
0.498743
0.53174
-0.521268
-0.461156
-0.37045
-0.314579
-0.33742
-0.327456
0
0
0
-0.0577616
-0.174742
-0.270829
0
0
0
0.114773
0.267177
0.35446
0.233532
-0.0237339
-0.224135
0.494913
0.454281
0.410953
0.541734
0.828351
1.0648
0.999688
1.14016
1.18799
0.632971
0.804482
0.893744
0
0
0
0.29492
0.770525
1.07358
0
0
0
0.220499
0.643271
0.971427
1.16148
1.24679
1.21747
0.845227
1.05626
1.1192
0.753177
0.843365
0.90052
0.578349
0.562082
0.459284
0.110607
0.196282
0.311892
0.810017
0.628322
0.461666
0.550797
0.277768
0.0549329
0.0117736
0.140936
0.299737
-0.2318
-0.199565
-0.109036
-0.0671093
-0.0741633
-0.0128371
-0.0671104
-0.0741639
-0.0128373
-0.231801
-0.199566
-0.109037
0.65164
0.566772
0.48862
0.397249
0.2642
0.113952
-0.0516163
0.215985
0.382873
-0.0516158
0.215986
0.382875
0.397251
0.264201
0.113952
0.651641
0.566773
0.488622
0.550797
0.277767
0.0549315
0.960218
0.68371
0.340274
0.458189
0.401051
0.241167
0
0
0
-0.0734811
-0.0914618
0.0353614
0
0
0
-0.344155
-0.876655
-1.14759
-0.958329
-0.520736
-0.0817143
-0.43627
-0.824032
-1.1059
-1.34314
-1.54452
-1.51949
-1.34314
-1.54452
-1.51949
-0.43627
-0.824031
-1.1059
0
0
0
-0.262523
-0.783954
-1.23598
0
0
0
0
0
0
-0.262523
-0.783954
-1.23598
0
0
0
-0.344155
-0.876656
-1.14759
0.458193
0.401055
0.241172
0.960223
0.683716
0.340279
0.845228
1.05627
1.1192
-0.958328
-0.520734
-0.0817107
0
0
0
-0.0734805
-0.0914597
0.0353651
0
0
0
0.220501
0.643275
0.971432
-0.0612495
-0.090223
-0.123796
-0.68445
-0.542452
-0.296212
0.459575
0.498747
0.531744
0.479997
0.280769
0.009714
0.530748
0.551066
0.551674
0.381701
0.108716
-0.161446
-0.268861
-0.218307
-0.168442
-0.696385
-0.591659
-0.412061
0.110607
0.196282
0.311892
0.578353
0.562085
0.459285
0.0117722
0.140935
0.299736
0.753178
0.843366
0.900522
0.810019
0.628324
0.461666
0.632973
0.804485
0.893746
0.99969
1.14016
1.18799
0.541735
0.828353
1.06481
0.494916
0.454283
0.410955
1.16148
1.24679
1.21748
0
0
0
0.294921
0.770527
1.07358
0
0
0
0.114774
0.267178
0.354461
-0.314575
-0.337418
-0.327454
-0.521265
-0.461153
-0.370449
0.233534
-0.023733
-0.224134
0
0
0
-0.0577615
-0.174741
-0.270829
0
0
0
-1.31168
-1.15166
-0.891547
-1.15166
-0.961655
-0.683676
-0.891546
-0.683675
-0.397983
-0.573123
-0.304588
-0.131253
-0.364867
-0.114326
0.0322159
-0.0852225
0.148257
0.271389
0.21359
0.426034
0.528135
0.426034
0.618437
0.701409
0.528134
0.701409
0.769024
-0.573121
-0.364866
-0.0852221
-0.304585
-0.114325
0.148258
-0.131249
0.0322181
0.27139
-0.0773828
-0.132254
-0.245133
0.0576521
-0.0139049
-0.131231
0.276552
0.195538
0.0801462
-0.377076
-0.482264
-0.558057
-0.256629
-0.351094
-0.417449
-0.0348436
-0.117176
-0.171957
0.216858
0.150088
0.111019
0.391063
0.340764
0.319692
0.458557
0.422689
0.421546
0.516279
0.429902
0.319036
0.676834
0.586659
0.480945
0.733897
0.640921
0.538469
0.691202
0.594097
0.491521
0.594096
0.492059
0.383765
0.491519
0.383764
0.26561
0.41523
0.388704
0.402721
0.302849
0.275214
0.293479
0.171027
0.131408
0.141854
0.0560147
-0.00605356
-0.0156752
-0.00605353
-0.093444
-0.129543
-0.0156748
-0.129543
-0.194307
0.415227
0.302847
0.171026
0.388701
0.275212
0.131407
0.402718
0.293478
0.141854
-0.0773778
0.0576542
0.276552
-0.13225
-0.0139036
0.195537
-0.245129
-0.131231
0.0801433
0.516278
0.676832
0.733896
0.429899
0.586656
0.640919
0.319032
0.480941
0.538465
0.216853
0.391057
0.458553
0.150082
0.340758
0.422684
0.111011
0.319685
0.421541
-0.377073
-0.256631
-0.0348482
-0.482263
-0.351098
-0.117182
-0.558057
-0.417453
-0.171964
-1.31168
-1.15166
-0.891544
-1.15166
-0.961651
-0.683671
-0.89154
-0.68367
-0.397977
-0.57312
-0.304583
-0.131246
-0.364862
-0.114319
0.0322252
-0.0852158
0.148265
0.271399
0.213597
0.426042
0.528143
0.426039
0.618443
0.701415
0.528136
0.701411
0.769027
-0.573115
-0.364861
-0.0852165
-0.30458
-0.11432
0.148262
-0.131246
0.0322204
0.271392
-0.0773744
-0.132246
-0.245124
0.0576629
-0.0138935
-0.13122
0.276563
0.19555
0.0801581
-0.377068
-0.482258
-0.558051
-0.256618
-0.351084
-0.417439
-0.034832
-0.117164
-0.171945
0.216868
0.150098
0.11103
0.391069
0.340771
0.3197
0.45856
0.422691
0.42155
0.516289
0.429912
0.319046
0.676841
0.586665
0.480952
0.733901
0.640924
0.538471
0.691202
0.594097
0.49152
0.594094
0.492057
0.383762
0.491517
0.383761
0.265607
0.415229
0.388703
0.40272
0.302846
0.27521
0.293475
0.171023
0.131403
0.141849
0.0560113
-0.0060578
-0.0156804
-0.00605605
-0.0934471
-0.129547
-0.0156764
-0.129544
-0.194309
0.415225
0.302845
0.171023
0.388699
0.275211
0.131405
0.402717
0.293476
0.141852
-0.0773774
0.0576542
0.276552
-0.132251
-0.0139052
0.195536
-0.245132
-0.131233
0.0801416
0.516278
0.676832
0.733897
0.429898
0.586655
0.640918
0.31903
0.480939
0.538463
0.216852
0.391056
0.458551
0.150082
0.340758
0.422683
0.111013
0.319686
0.421541
-0.377076
-0.256632
-0.0348491
-0.482265
-0.351098
-0.117181
-0.558058
-0.417453
-0.171962
-1.31168
-1.15165
-0.891538
-1.15165
-0.961645
-0.683663
-0.891537
-0.683663
-0.397967
-0.573112
-0.304577
-0.131243
-0.364853
-0.114312
0.0322292
-0.0852057
0.148274
0.271404
0.213608
0.426051
0.52815
0.426051
0.618453
0.701422
0.528149
0.701422
0.769034
-0.573112
-0.364853
-0.0852056
-0.304576
-0.114312
0.148274
-0.131242
0.0322295
0.271404
-0.0773741
-0.132248
-0.245128
0.0576632
-0.0138961
-0.131224
0.276564
0.195549
0.0801547
-0.377073
-0.482262
-0.558055
-0.256623
-0.351089
-0.417443
-0.0348357
-0.117168
-0.171948
0.216866
0.150097
0.111029
0.391068
0.340771
0.3197
0.458559
0.422691
0.421551
0.516291
0.429911
0.319044
0.676844
0.586666
0.480951
0.733903
0.640924
0.53847
0.691204
0.594096
0.491518
0.594095
0.492055
0.383758
0.491517
0.383758
0.265601
0.415226
0.388701
0.402719
0.302841
0.275207
0.293472
0.171016
0.131397
0.141843
0.0560029
-0.00606617
-0.015688
-0.00606586
-0.0934569
-0.129556
-0.0156872
-0.129555
-0.194317
0.415225
0.302841
0.171016
0.3887
0.275206
0.131397
0.402718
0.293472
0.141844
-0.0773736
0.0576632
0.276564
-0.132248
-0.0138965
0.195548
-0.245128
-0.131225
0.0801532
0.51629
0.676843
0.733903
0.42991
0.586664
0.640923
0.319042
0.480949
0.538469
0.216864
0.391066
0.458557
0.150094
0.340768
0.422689
0.111026
0.319698
0.421548
-0.377073
-0.256624
-0.0348375
-0.482262
-0.35109
-0.11717
-0.558055
-0.417444
-0.17195
-1.31168
-1.15166
-0.89154
-1.15166
-0.961651
-0.683669
-0.891544
-0.683671
-0.397977
-0.573114
-0.304579
-0.131245
-0.36486
-0.11432
0.0322213
-0.0852161
0.148262
0.271392
0.213597
0.426039
0.528137
0.426042
0.618443
0.701412
0.528144
0.701416
0.769027
-0.57312
-0.364862
-0.0852157
-0.304583
-0.114319
0.148265
-0.131246
0.0322252
0.271399
-0.0773766
-0.132251
-0.245131
0.0576549
-0.0139046
-0.131233
0.276552
0.195536
0.0801418
-0.377076
-0.482265
-0.558058
-0.256632
-0.351098
-0.417452
-0.0348492
-0.117182
-0.171963
0.216852
0.150081
0.111012
0.391056
0.340757
0.319685
0.458552
0.422683
0.421541
0.516278
0.429898
0.31903
0.676833
0.586655
0.480939
0.733897
0.640918
0.538464
0.691203
0.594096
0.491518
0.594098
0.492059
0.383763
0.491522
0.383764
0.265609
0.415226
0.3887
0.402717
0.302847
0.275212
0.293478
0.171025
0.131407
0.141854
0.0560129
-0.00605423
-0.0156744
-0.0060566
-0.0934457
-0.129543
-0.0156798
-0.129546
-0.194308
0.41523
0.302847
0.171024
0.388703
0.275211
0.131404
0.40272
0.293476
0.141849
-0.0773745
0.057663
0.276564
-0.132246
-0.0138934
0.195551
-0.245124
-0.13122
0.0801583
0.516289
0.676841
0.733901
0.429912
0.586666
0.640925
0.319047
0.480952
0.538472
0.216869
0.39107
0.45856
0.150098
0.340771
0.422692
0.111029
0.319699
0.42155
-0.377068
-0.256618
-0.0348319
-0.482258
-0.351084
-0.117164
-0.558051
-0.417439
-0.171945
-1.31168
-1.15166
-0.891546
-1.15166
-0.961655
-0.683675
-0.891547
-0.683676
-0.397983
-0.573121
-0.304585
-0.131249
-0.364867
-0.114325
0.0322179
-0.0852222
0.148257
0.27139
0.21359
0.426034
0.528134
0.426034
0.618437
0.701409
0.528135
0.701409
0.769024
-0.573123
-0.364867
-0.0852227
-0.304588
-0.114327
0.148257
-0.131253
0.0322159
0.271389
-0.077378
-0.13225
-0.245129
0.057654
-0.0139038
-0.131232
0.276552
0.195537
0.0801431
-0.377074
-0.482263
-0.558057
-0.256631
-0.351098
-0.417453
-0.0348483
-0.117182
-0.171964
0.216853
0.150081
0.111011
0.391057
0.340758
0.319685
0.458553
0.422684
0.421541
0.516278
0.429899
0.319032
0.676832
0.586656
0.480941
0.733896
0.640919
0.538465
0.691202
0.594096
0.491519
0.594097
0.492059
0.383764
0.491521
0.383765
0.26561
0.415227
0.388701
0.402718
0.302847
0.275212
0.293478
0.171026
0.131407
0.141854
0.0560147
-0.00605353
-0.0156748
-0.00605356
-0.093444
-0.129543
-0.0156752
-0.129543
-0.194307
0.41523
0.302849
0.171027
0.388704
0.275214
0.131408
0.402721
0.293479
0.141854
-0.0773828
0.0576521
0.276552
-0.132254
-0.0139049
0.195538
-0.245133
-0.131231
0.0801462
0.516279
0.676834
0.733897
0.429902
0.586659
0.640921
0.319036
0.480945
0.538469
0.216858
0.391063
0.458557
0.150088
0.340764
0.422689
0.111019
0.319692
0.421546
-0.377076
-0.256629
-0.0348436
-0.482264
-0.351094
-0.117176
-0.558057
-0.417449
-0.171957
-0.611979
-0.646834
-0.673492
-0.464777
-0.498504
-0.527934
-0.211899
-0.243522
-0.277191
-0.694129
-0.704933
-0.70377
-0.556162
-0.577992
-0.590825
-0.317518
-0.357792
-0.396339
-0.0152596
-0.0696481
-0.130946
0.260809
0.210049
0.145183
0.475148
0.45167
0.409046
0.0849101
0.0618765
0.0306213
0.314138
0.309889
0.294803
0.441058
0.464138
0.478314
-0.683695
-0.641956
-0.571762
-0.588071
-0.562384
-0.506214
-0.42435
-0.429335
-0.401735
-0.460039
-0.311997
-0.11703
-0.404941
-0.26567
-0.0939801
-0.327393
-0.213053
-0.0728753
-0.19985
-0.125991
-0.0386178
-0.0207814
-0.000204231
0.0112542
0.214271
0.167031
0.0764452
-0.19099
-0.229911
-0.23712
0.072674
0.014519
-0.0192449
0.352287
0.29816
0.253212
0.627568
0.607672
0.571958
0.834781
0.871299
0.862277
0.964992
1.07006
1.09802
0.499931
0.370743
0.153778
0.767819
0.560941
0.223548
0.989016
0.714463
0.277089
1.13019
0.805359
0.303904
1.15256
0.805806
0.295172
1.06149
0.720272
0.253898
1.01199
1.18381
1.24882
0.981238
1.19503
1.27953
0.900094
1.12235
1.2003
0.446546
0.500737
0.554017
0.351032
0.428076
0.514961
0.198644
0.284889
0.394619
0.599204
0.625404
0.634697
0.608872
0.693319
0.769541
0.529308
0.670063
0.817471
0.38483
0.571895
0.784799
0.233229
0.446432
0.701722
0.104189
0.327476
0.600603
0.0257243
0.106866
0.223605
-0.112501
-0.0479983
0.0629274
-0.204819
-0.161381
-0.063598
-0.243342
-0.221133
-0.13758
-0.221132
-0.213784
-0.140216
-0.137579
-0.140215
-0.0743126
0.0221712
0.241507
0.507283
0.0105641
0.214338
0.448283
0.063808
0.238224
0.414068
0.17351
0.29225
0.373479
0.292249
0.324032
0.282134
0.373477
0.282133
0.092938
0.0221723
0.0105647
0.0638081
0.241508
0.214338
0.238224
0.507283
0.448282
0.414066
0.786658
0.97456
1.014
0.669271
0.784222
0.757605
0.539233
0.54782
0.435922
0.855379
0.547629
0.179999
0.576101
0.323409
0.0885591
0.234724
0.0587143
-0.0160895
-0.17432
-0.244511
-0.131101
-0.583763
-0.529378
-0.233301
-0.972293
-0.77655
-0.314826
0.361885
0.235482
0.0298273
0.117905
-0.137618
-0.410633
-0.222965
-0.57893
-0.873728
-0.661145
-1.06096
-1.31254
-1.06096
-1.42575
-1.57901
-1.31254
-1.57901
-1.6115
-1.2884
-0.947576
-0.361294
-1.42448
-0.984308
-0.356752
-1.35547
-0.885233
-0.304853
-1.06762
-0.657596
-0.213248
-0.657596
-0.381473
-0.114383
-0.213248
-0.114383
-0.0293852
-1.2884
-1.42448
-1.35547
-0.947575
-0.984308
-0.885233
-0.361293
-0.356752
-0.304853
0.786656
0.669268
0.539229
0.974556
0.784218
0.547815
1.01399
0.757599
0.435917
0.361882
0.117903
-0.222966
0.235478
-0.137621
-0.578931
0.0298233
-0.410635
-0.873729
-0.174323
-0.583765
-0.972294
-0.244513
-0.529378
-0.776549
-0.131101
-0.233301
-0.314826
0.855374
0.576096
0.234719
0.547625
0.323406
0.0587117
0.179997
0.0885579
-0.0160903
-0.611979
-0.464783
-0.211906
-0.646835
-0.498509
-0.243529
-0.673494
-0.527939
-0.277198
0.0849026
0.314132
0.441053
0.0618695
0.309883
0.464134
0.0306149
0.294797
0.47831
-0.0152652
0.260804
0.475144
-0.0696529
0.210045
0.451666
-0.13095
0.14518
0.409043
-0.694132
-0.556167
-0.317524
-0.704936
-0.577997
-0.357797
-0.703773
-0.59083
-0.396344
0.446543
0.35103
0.198644
0.500734
0.428074
0.284889
0.554014
0.51496
0.394618
0.0257251
-0.1125
-0.204819
0.106867
-0.0479972
-0.16138
0.223606
0.0629284
-0.0635967
0.38483
0.23323
0.10419
0.571894
0.446432
0.327477
0.784797
0.701722
0.600603
0.599201
0.60887
0.529307
0.625401
0.693316
0.670061
0.634695
0.769539
0.817469
0.627566
0.834779
0.96499
0.60767
0.871296
1.07006
0.571956
0.862275
1.09802
1.01199
0.981237
0.900092
1.18381
1.19502
1.12235
1.24881
1.27953
1.2003
1.13019
1.15256
1.06149
0.805356
0.805803
0.720268
0.303903
0.29517
0.253896
0.499929
0.767817
0.989014
0.370742
0.56094
0.714462
0.153778
0.223547
0.277088
-0.683699
-0.588075
-0.424354
-0.64196
-0.562388
-0.429337
-0.571765
-0.506217
-0.401737
-0.190993
0.0726714
0.352284
-0.229913
0.0145172
0.298158
-0.237122
-0.0192461
0.25321
-0.199851
-0.0207821
0.214271
-0.125992
-0.000204693
0.167031
-0.038618
0.011254
0.0764449
-0.460041
-0.404943
-0.327394
-0.311998
-0.265671
-0.213053
-0.11703
-0.0939804
-0.0728755
-0.611974
-0.64683
-0.673488
-0.464768
-0.498495
-0.527926
-0.211887
-0.24351
-0.27718
-0.694127
-0.704932
-0.70377
-0.556155
-0.577987
-0.590821
-0.317507
-0.357782
-0.39633
-0.0152456
-0.069634
-0.130933
0.260823
0.210065
0.1452
0.47516
0.451684
0.409064
0.0849219
0.0618892
0.0306347
0.314147
0.3099
0.294815
0.441063
0.464145
0.478323
-0.683697
-0.641958
-0.571764
-0.588068
-0.562383
-0.506214
-0.424343
-0.429328
-0.40173
-0.460041
-0.311998
-0.11703
-0.404941
-0.26567
-0.0939799
-0.327389
-0.213049
-0.0728739
-0.19984
-0.125984
-0.0386147
-0.0207652
-0.000192406
0.0112589
0.214293
0.167047
0.076451
-0.190977
-0.229898
-0.237109
0.0726921
0.0145376
-0.0192267
0.352307
0.298183
0.253235
0.627588
0.607696
0.571983
0.834798
0.87132
0.8623
0.965003
1.07007
1.09804
0.499954
0.37076
0.153784
0.76784
0.560955
0.223553
0.989031
0.714472
0.277091
1.1302
0.805358
0.303903
1.15255
0.805795
0.295166
1.06147
0.720249
0.253888
1.012
1.18382
1.24882
0.981237
1.19502
1.27953
0.900088
1.12234
1.20028
0.446545
0.500738
0.554021
0.351028
0.428073
0.51496
0.198638
0.284883
0.394613
0.599211
0.625415
0.634712
0.608874
0.693324
0.769552
0.529304
0.670063
0.817475
0.384824
0.571891
0.784799
0.233224
0.446428
0.70172
0.104187
0.327475
0.6006
0.025718
0.106859
0.223598
-0.112506
-0.0480039
0.0629215
-0.204822
-0.161384
-0.0636004
-0.24334
-0.221131
-0.137577
-0.221127
-0.213777
-0.140207
-0.137569
-0.140203
-0.0742985
0.0221749
0.24151
0.507282
0.0105734
0.214345
0.448282
0.0638218
0.238233
0.414065
0.173525
0.292256
0.37347
0.29226
0.324031
0.282113
0.373478
0.282118
0.0929042
0.0221865
0.0105811
0.0638256
0.241525
0.214356
0.23824
0.5073
0.448297
0.414077
0.786648
0.974537
1.01396
0.669255
0.78419
0.757559
0.539211
0.547778
0.435866
0.85534
0.547597
0.179986
0.576051
0.323371
0.0885442
0.234667
0.0586723
-0.0161051
-0.17438
-0.244553
-0.131115
-0.583819
-0.529413
-0.233312
-0.972338
-0.776574
-0.314833
0.361853
0.23543
0.0297635
0.117862
-0.137678
-0.410699
-0.223018
-0.578992
-0.873788
-0.6612
-1.06102
-1.31258
-1.06101
-1.42579
-1.57903
-1.31257
-1.57903
-1.6115
-1.28843
-0.947584
-0.361294
-1.42449
-0.984302
-0.356748
-1.35545
-0.885217
-0.304846
-1.06759
-0.657578
-0.213241
-0.657579
-0.381461
-0.114379
-0.213242
-0.114379
-0.0293843
-1.28842
-1.42448
-1.35545
-0.947577
-0.984299
-0.885217
-0.361292
-0.356747
-0.304846
0.786669
0.669277
0.53923
0.974563
0.784219
0.547806
1.01399
0.757593
0.435901
0.361869
0.117874
-0.223011
0.235455
-0.137658
-0.578978
0.029795
-0.410673
-0.87377
-0.174347
-0.583793
-0.972319
-0.244529
-0.529395
-0.776561
-0.131106
-0.233305
-0.314828
0.855373
0.576087
0.234703
0.547623
0.323399
0.0586999
0.179997
0.0885555
-0.0160943
-0.61198
-0.464781
-0.211904
-0.646836
-0.498508
-0.243528
-0.673494
-0.527939
-0.277198
0.0849041
0.314132
0.441053
0.0618702
0.309883
0.464133
0.0306146
0.294797
0.478309
-0.0152665
0.260803
0.475143
-0.0696551
0.210043
0.451665
-0.130953
0.145177
0.409042
-0.694133
-0.556169
-0.317525
-0.704938
-0.577999
-0.357799
-0.703776
-0.590834
-0.396347
0.446542
0.351029
0.198644
0.500733
0.428074
0.28489
0.554014
0.514961
0.394621
0.025725
-0.1125
-0.204818
0.106869
-0.047994
-0.161376
0.22361
0.0629347
-0.0635887
0.384837
0.233239
0.104202
0.571903
0.446445
0.327492
0.784808
0.701735
0.600618
0.599201
0.608872
0.529311
0.625401
0.693319
0.670067
0.634695
0.769542
0.817475
0.627566
0.834782
0.964997
0.60767
0.871299
1.07006
0.571955
0.862275
1.09802
1.012
0.98125
0.900106
1.18382
1.19503
1.12236
1.24882
1.27954
1.2003
1.13019
1.15256
1.06149
0.805355
0.805803
0.720269
0.303903
0.29517
0.253897
0.499927
0.767815
0.989013
0.370739
0.560937
0.714459
0.153776
0.223546
0.277087
-0.683703
-0.588079
-0.424358
-0.641964
-0.562392
-0.429341
-0.571769
-0.506221
-0.40174
-0.190996
0.0726691
0.352283
-0.229916
0.014515
0.298157
-0.237124
-0.019248
0.253209
-0.199853
-0.0207838
0.214269
-0.125993
-0.000206213
0.167029
-0.0386185
0.0112532
0.0764437
-0.460045
-0.404947
-0.327396
-0.312
-0.265673
-0.213055
-0.117031
-0.0939812
-0.0728761
-0.611976
-0.646832
-0.67349
-0.464771
-0.498497
-0.527927
-0.211889
-0.243511
-0.27718
-0.694129
-0.704934
-0.703772
-0.556157
-0.577988
-0.590823
-0.317507
-0.357781
-0.396329
-0.0152431
-0.0696303
-0.130928
0.260827
0.210071
0.145208
0.475165
0.451692
0.409075
0.0849217
0.0618898
0.0306362
0.314148
0.309902
0.294818
0.441064
0.464147
0.478326
-0.6837
-0.641962
-0.571768
-0.58807
-0.562384
-0.506215
-0.424341
-0.429326
-0.401726
-0.460044
-0.311999
-0.117031
-0.404942
-0.26567
-0.0939797
-0.327385
-0.213046
-0.0728724
-0.199831
-0.125977
-0.0386116
-0.02075
-0.000181107
0.0112633
0.214312
0.16706
0.0764561
-0.19097
-0.22989
-0.237099
0.0727035
0.0145517
-0.0192109
0.352322
0.298202
0.253256
0.627605
0.607717
0.572006
0.834814
0.87134
0.862321
0.965016
1.07009
1.09805
0.499975
0.370773
0.153789
0.767857
0.560965
0.223556
0.98904
0.714475
0.277091
1.13019
0.805351
0.303899
1.15254
0.805778
0.295158
1.06144
0.720224
0.253878
1.012
1.18382
1.24882
0.981238
1.19502
1.27952
0.900083
1.12232
1.20026
0.446546
0.500739
0.554023
0.351026
0.428071
0.51496
0.198634
0.28488
0.394611
0.599215
0.625422
0.634724
0.608876
0.69333
0.769562
0.529305
0.670066
0.817484
0.384824
0.571893
0.784804
0.233224
0.446431
0.701723
0.104192
0.32748
0.600603
0.0257117
0.106854
0.223595
-0.112513
-0.0480084
0.0629194
-0.204827
-0.161386
-0.063599
-0.243344
-0.221128
-0.13757
-0.221127
-0.21377
-0.140193
-0.137568
-0.140192
-0.0742784
0.022186
0.241521
0.507287
0.0105921
0.214362
0.44829
0.0638464
0.238254
0.414073
0.17355
0.292275
0.373473
0.292276
0.324038
0.282103
0.373474
0.282104
0.0928739
0.0221887
0.010594
0.0638474
0.241524
0.214365
0.238256
0.507291
0.448293
0.414076
0.78664
0.974513
1.01393
0.669245
0.78416
0.757512
0.539197
0.547742
0.435813
0.855298
0.547563
0.179973
0.576
0.323332
0.0885293
0.234612
0.0586323
-0.0161198
-0.174433
-0.24459
-0.131128
-0.583869
-0.529445
-0.233323
-0.972379
-0.776597
-0.314839
0.361832
0.235387
0.0297072
0.117829
-0.137729
-0.410756
-0.223066
-0.579049
-0.873843
-0.661262
-1.06108
-1.31263
-1.06108
-1.42584
-1.57906
-1.31263
-1.57906
-1.61151
-1.28846
-0.947595
-0.361296
-1.4245
-0.9843
-0.356745
-1.35545
-0.885205
-0.30484
-1.06758
-0.657561
-0.213234
-0.657561
-0.381447
-0.114374
-0.213234
-0.114374
-0.0293826
-1.28846
-1.4245
-1.35545
-0.947596
-0.984301
-0.885205
-0.361296
-0.356745
-0.30484
0.786643
0.669249
0.5392
0.974516
0.784163
0.547745
1.01393
0.757515
0.435816
0.361834
0.11783
-0.223065
0.235389
-0.137728
-0.579049
0.0297088
-0.410756
-0.873844
-0.174433
-0.583869
-0.97238
-0.24459
-0.529446
-0.776598
-0.131128
-0.233323
-0.31484
0.8553
0.576002
0.234614
0.547565
0.323333
0.0586329
0.179973
0.0885294
-0.0161199
-0.611977
-0.464772
-0.211891
-0.646832
-0.498498
-0.243513
-0.67349
-0.527928
-0.277182
0.084919
0.314146
0.441062
0.061887
0.309899
0.464145
0.0306333
0.294815
0.478323
-0.015246
0.260824
0.475161
-0.0696332
0.210067
0.451688
-0.13093
0.145205
0.409071
-0.694129
-0.556157
-0.317509
-0.704934
-0.577988
-0.357782
-0.703772
-0.590823
-0.39633
0.446544
0.351026
0.198635
0.500738
0.428071
0.284881
0.554021
0.514959
0.394612
0.0257132
-0.112511
-0.204826
0.106856
-0.0480063
-0.161384
0.223597
0.062922
-0.0635964
0.384826
0.233227
0.104195
0.571895
0.446434
0.327484
0.784805
0.701726
0.600607
0.599212
0.608875
0.529305
0.625419
0.693328
0.670066
0.634721
0.76956
0.817483
0.627602
0.834811
0.965015
0.607714
0.871338
1.07009
0.572003
0.862319
1.09805
1.012
0.98124
0.900087
1.18382
1.19502
1.12233
1.24883
1.27952
1.20026
1.13019
1.15254
1.06144
0.805351
0.805779
0.720225
0.303899
0.295159
0.253878
0.499972
0.767855
0.989038
0.370771
0.560964
0.714474
0.153788
0.223555
0.277091
-0.683699
-0.58807
-0.424342
-0.641961
-0.562384
-0.429327
-0.571766
-0.506215
-0.401727
-0.190972
0.0727002
0.352319
-0.229892
0.0145486
0.298198
-0.237101
-0.0192137
0.253253
-0.199832
-0.0207524
0.214309
-0.125978
-0.000182929
0.167058
-0.0386122
0.0112626
0.0764552
-0.460043
-0.404941
-0.327385
-0.311999
-0.26567
-0.213047
-0.11703
-0.0939796
-0.0728726
-0.61198
-0.646835
-0.673494
-0.464781
-0.498508
-0.527938
-0.211904
-0.243528
-0.277198
-0.694132
-0.704937
-0.703775
-0.556168
-0.577999
-0.590833
-0.317525
-0.357799
-0.396346
-0.015267
-0.0696554
-0.130953
0.260802
0.210042
0.145177
0.475142
0.451664
0.409041
0.0849032
0.0618694
0.030614
0.314131
0.309882
0.294796
0.441052
0.464133
0.478308
-0.683702
-0.641963
-0.571768
-0.588078
-0.562391
-0.50622
-0.424357
-0.429341
-0.40174
-0.460044
-0.312
-0.117031
-0.404946
-0.265673
-0.0939811
-0.327396
-0.213054
-0.072876
-0.199853
-0.125993
-0.0386185
-0.020784
-0.000206295
0.0112532
0.214268
0.167028
0.0764437
-0.190996
-0.229916
-0.237124
0.0726685
0.0145145
-0.0192484
0.352282
0.298156
0.253208
0.627565
0.607669
0.571954
0.834781
0.871298
0.862274
0.964996
1.07006
1.09802
0.499927
0.370739
0.153776
0.767815
0.560937
0.223546
0.989013
0.71446
0.277087
1.13019
0.805355
0.303903
1.15256
0.805803
0.29517
1.06149
0.720269
0.253897
1.012
1.18381
1.24882
0.981249
1.19503
1.27954
0.900106
1.12236
1.20031
0.446542
0.500734
0.554014
0.351031
0.428075
0.514961
0.198646
0.284892
0.394622
0.5992
0.625401
0.634694
0.608872
0.693319
0.769541
0.529312
0.670067
0.817475
0.384838
0.571904
0.784808
0.23324
0.446445
0.701735
0.104203
0.327492
0.600618
0.025727
0.106871
0.223612
-0.112498
-0.0479924
0.062936
-0.204817
-0.161375
-0.0635879
-0.24334
-0.221127
-0.137569
-0.221131
-0.213778
-0.140204
-0.137579
-0.140209
-0.0743003
0.0221861
0.241524
0.507299
0.0105799
0.214355
0.448297
0.0638239
0.238239
0.414077
0.173524
0.292259
0.373479
0.292255
0.324031
0.282119
0.37347
0.282114
0.0929064
0.0221726
0.010571
0.0638197
0.241507
0.214342
0.238231
0.50728
0.44828
0.414064
0.786669
0.974564
1.014
0.669277
0.78422
0.757595
0.539231
0.547808
0.435903
0.855374
0.547624
0.179997
0.576089
0.3234
0.0885557
0.234704
0.0587006
-0.0160942
-0.174346
-0.244528
-0.131106
-0.583792
-0.529394
-0.233305
-0.972319
-0.776561
-0.314829
0.361871
0.235457
0.0297972
0.117876
-0.137655
-0.410671
-0.223008
-0.578976
-0.873768
-0.661198
-1.06101
-1.31257
-1.06102
-1.42578
-1.57903
-1.31258
-1.57903
-1.6115
-1.28842
-0.947577
-0.361292
-1.42448
-0.9843
-0.356747
-1.35545
-0.885217
-0.304846
-1.06759
-0.657579
-0.213242
-0.657579
-0.381461
-0.114379
-0.213241
-0.114379
-0.0293843
-1.28843
-1.42449
-1.35546
-0.947584
-0.984303
-0.885217
-0.361294
-0.356748
-0.304846
0.786646
0.669254
0.539211
0.974537
0.784191
0.547779
1.01396
0.75756
0.435867
0.361854
0.117864
-0.223015
0.235432
-0.137676
-0.57899
0.0297652
-0.410697
-0.873787
-0.174379
-0.583819
-0.972337
-0.244552
-0.529413
-0.776574
-0.131115
-0.233312
-0.314833
0.855342
0.576052
0.234668
0.547598
0.323371
0.0586728
0.179986
0.0885443
-0.016105
-0.611974
-0.464768
-0.211887
-0.64683
-0.498495
-0.24351
-0.673489
-0.527926
-0.27718
0.0849216
0.314147
0.441063
0.0618888
0.3099
0.464145
0.0306343
0.294815
0.478323
-0.0152459
0.260823
0.47516
-0.0696342
0.210064
0.451684
-0.130933
0.1452
0.409064
-0.694127
-0.556155
-0.317507
-0.704932
-0.577987
-0.357782
-0.70377
-0.590822
-0.39633
0.446545
0.351028
0.198638
0.500738
0.428072
0.284883
0.554021
0.51496
0.394613
0.0257181
-0.112506
-0.204822
0.106859
-0.0480044
-0.161384
0.223597
0.0629204
-0.0636017
0.384823
0.233222
0.104185
0.57189
0.446426
0.327472
0.784797
0.701718
0.600598
0.59921
0.608873
0.529304
0.625414
0.693323
0.670062
0.634712
0.769551
0.817474
0.627588
0.834797
0.965002
0.607696
0.87132
1.07007
0.571983
0.8623
1.09804
1.01199
0.981235
0.900086
1.18382
1.19502
1.12234
1.24882
1.27953
1.20028
1.1302
1.15255
1.06147
0.805359
0.805796
0.72025
0.303903
0.295166
0.253888
0.499954
0.76784
0.989031
0.37076
0.560956
0.714473
0.153785
0.223553
0.277091
-0.683697
-0.588069
-0.424343
-0.641958
-0.562383
-0.429329
-0.571764
-0.506214
-0.40173
-0.190977
0.0726919
0.352307
-0.229899
0.0145374
0.298183
-0.237109
-0.0192269
0.253235
-0.19984
-0.0207654
0.214293
-0.125984
-0.000192526
0.167047
-0.0386148
0.0112589
0.0764511
-0.460041
-0.404941
-0.327389
-0.311998
-0.26567
-0.21305
-0.11703
-0.09398
-0.0728739
-0.61198
-0.646835
-0.673494
-0.464783
-0.498509
-0.527939
-0.211906
-0.243529
-0.277198
-0.694132
-0.704936
-0.703773
-0.556167
-0.577997
-0.59083
-0.317524
-0.357797
-0.396344
-0.0152653
-0.0696529
-0.13095
0.260804
0.210045
0.14518
0.475144
0.451666
0.409043
0.0849025
0.0618695
0.0306148
0.314131
0.309883
0.294797
0.441053
0.464134
0.47831
-0.683699
-0.64196
-0.571765
-0.588075
-0.562388
-0.506217
-0.424354
-0.429337
-0.401737
-0.460042
-0.311998
-0.11703
-0.404943
-0.265671
-0.0939805
-0.327394
-0.213053
-0.0728755
-0.199851
-0.125992
-0.038618
-0.0207821
-0.000204693
0.011254
0.214271
0.167031
0.0764449
-0.190993
-0.229913
-0.237122
0.0726714
0.0145172
-0.0192461
0.352284
0.298158
0.25321
0.627566
0.60767
0.571956
0.834779
0.871296
0.862275
0.96499
1.07006
1.09802
0.499929
0.370742
0.153778
0.767817
0.56094
0.223547
0.989014
0.714462
0.277088
1.13019
0.805356
0.303903
1.15256
0.805803
0.29517
1.06149
0.720268
0.253896
1.01199
1.18381
1.24881
0.981237
1.19502
1.27953
0.900092
1.12235
1.2003
0.446543
0.500734
0.554014
0.35103
0.428074
0.51496
0.198644
0.284889
0.394618
0.599201
0.625401
0.634695
0.60887
0.693316
0.769539
0.529307
0.670061
0.817469
0.38483
0.571894
0.784797
0.23323
0.446432
0.701722
0.10419
0.327477
0.600603
0.0257251
0.106867
0.223606
-0.1125
-0.0479972
0.0629284
-0.204819
-0.16138
-0.0635967
-0.243342
-0.221132
-0.137579
-0.221133
-0.213784
-0.140215
-0.13758
-0.140216
-0.0743126
0.0221723
0.241508
0.507283
0.0105647
0.214338
0.448282
0.0638081
0.238224
0.414066
0.17351
0.292249
0.373477
0.29225
0.324032
0.282133
0.373479
0.282134
0.092938
0.0221712
0.0105641
0.063808
0.241507
0.214338
0.238224
0.507283
0.448283
0.414068
0.786656
0.974556
1.01399
0.669268
0.784218
0.757599
0.539229
0.547815
0.435917
0.855374
0.547625
0.179997
0.576096
0.323406
0.0885579
0.234719
0.0587117
-0.0160903
-0.174323
-0.244513
-0.131101
-0.583765
-0.529378
-0.233301
-0.972294
-0.776549
-0.314826
0.361882
0.235478
0.0298233
0.117903
-0.137621
-0.410635
-0.222966
-0.578931
-0.873729
-0.661145
-1.06096
-1.31254
-1.06096
-1.42575
-1.57901
-1.31254
-1.57901
-1.6115
-1.2884
-0.947575
-0.361293
-1.42448
-0.984308
-0.356752
-1.35547
-0.885233
-0.304853
-1.06762
-0.657596
-0.213248
-0.657596
-0.381473
-0.114383
-0.213248
-0.114383
-0.0293852
-1.2884
-1.42448
-1.35547
-0.947576
-0.984308
-0.885233
-0.361294
-0.356752
-0.304853
0.786658
0.669271
0.539233
0.97456
0.784222
0.54782
1.014
0.757605
0.435922
0.361885
0.117905
-0.222965
0.235482
-0.137618
-0.57893
0.0298273
-0.410633
-0.873728
-0.17432
-0.583763
-0.972293
-0.244511
-0.529378
-0.77655
-0.131101
-0.233301
-0.314826
0.855379
0.576101
0.234724
0.547629
0.323409
0.0587143
0.179999
0.0885591
-0.0160895
-0.611979
-0.464777
-0.211899
-0.646834
-0.498504
-0.243522
-0.673492
-0.527934
-0.277191
0.0849101
0.314138
0.441058
0.0618765
0.309889
0.464138
0.0306213
0.294803
0.478314
-0.0152596
0.260809
0.475148
-0.0696481
0.210049
0.45167
-0.130946
0.145183
0.409046
-0.694129
-0.556162
-0.317518
-0.704933
-0.577992
-0.357792
-0.70377
-0.590825
-0.396339
0.446546
0.351032
0.198644
0.500737
0.428076
0.284889
0.554017
0.514961
0.394619
0.0257243
-0.112501
-0.204819
0.106866
-0.0479983
-0.161381
0.223605
0.0629274
-0.063598
0.38483
0.233229
0.104189
0.571895
0.446432
0.327476
0.784799
0.701722
0.600603
0.599204
0.608872
0.529308
0.625404
0.693319
0.670063
0.634697
0.769541
0.817471
0.627568
0.834781
0.964992
0.607672
0.871299
1.07006
0.571958
0.862277
1.09802
1.01199
0.981238
0.900094
1.18381
1.19503
1.12235
1.24882
1.27953
1.2003
1.13019
1.15256
1.06149
0.805359
0.805806
0.720272
0.303904
0.295172
0.253898
0.499931
0.767819
0.989016
0.370743
0.560941
0.714463
0.153778
0.223548
0.277089
-0.683695
-0.588071
-0.42435
-0.641956
-0.562384
-0.429335
-0.571762
-0.506214
-0.401735
-0.19099
0.072674
0.352287
-0.229911
0.014519
0.29816
-0.23712
-0.0192449
0.253212
-0.19985
-0.0207814
0.214271
-0.125991
-0.000204232
0.167031
-0.0386178
0.0112542
0.0764452
-0.460039
-0.404941
-0.327393
-0.311997
-0.26567
-0.213053
-0.11703
-0.0939801
-0.0728753
