FiniteElementSpace
FiniteElementCollection: H1_2D_P4
VDim: 1
Ordering: 0

-0.171797
9.35762e-14
9.35736e-14
7.76165e-35
9.3577e-14
7.76496e-35
9.3577e-14
7.7667e-35
9.35736e-14
7.76496e-35
7.76165e-35
-0.0865073
4.87272e-21
4.87272e-21
-0.0865079
4.87302e-21
4.87451e-21
-0.0865081
4.87525e-21
4.87533e-21
-0.0865079
4.87451e-21
4.87302e-21
-0.086508
4.87272e-21
4.87272e-21
0.0604773
0.0604774
0.0604775
0.0604774
0.0604773
-0.133959
-0.00191937
-0.00191954
-0.13396
-0.00191835
-0.00191932
-0.133959
-0.00191793
-0.00191812
-0.133959
-0.00191949
-0.00191837
-0.13396
-0.00191954
-0.00191937
-0.0679894
1.39243e-16
0.0868908
4.0102e-27
4.01022e-27
0.0868907
1.39242e-16
-0.0679901
1.39245e-16
0.0868932
4.01112e-27
4.01183e-27
0.0868915
1.39265e-16
-0.0679907
1.39274e-16
0.0868954
4.01258e-27
4.0126e-27
0.0868953
1.39276e-16
-0.0679905
1.39265e-16
0.0868913
4.01183e-27
4.01112e-27
0.086893
1.39245e-16
-0.0679901
1.39242e-16
0.0868907
4.01022e-27
4.0102e-27
0.0868908
1.39243e-16
-0.02698
-0.0269796
-0.0269787
-0.0269797
-0.0269801
-0.0558782
0.204999
-0.0558781
-0.0558771
0.204999
-0.0558783
-0.0558763
0.204998
-0.0558765
-0.0558784
0.204998
-0.0558771
-0.0558781
0.204999
-0.0558782
-0.169668
-0.0954181
-0.0954184
-0.169668
-0.0939021
-0.0632711
0.00749929
0.0483328
0.0483326
0.00749927
-0.0632714
-0.0939028
-0.0954183
-0.0954181
-0.169668
-0.0632709
0.00750005
0.0483335
0.0483327
0.00749957
-0.0632713
-0.0939025
-0.0954178
-0.0954177
-0.169668
-0.0632711
0.00750073
0.048334
0.0483338
0.00750068
-0.063271
-0.0939024
-0.0954181
-0.0954184
-0.169668
-0.0632712
0.00749944
0.0483326
0.0483335
0.00749997
-0.063271
-0.0939028
-0.0954184
-0.0954181
-0.0632714
0.00749926
0.0483326
0.0483328
0.00749929
-0.0632711
-0.0832455
-0.0726915
-0.027817
-0.0422107
5.76828e-15
-0.054789
1.31628e-18
0.0988001
0.0122869
0.0651576
0.151669
0.151669
0.0651575
7.06389e-24
0.149991
8.91529e-31
8.91533e-31
0.14999
7.06393e-24
0.0988
-0.0278171
-0.0726915
-0.0832463
0.0122869
1.31628e-18
-0.0547888
5.76819e-15
-0.0422112
-0.0726921
-0.0278159
5.76822e-15
-0.054788
1.31633e-18
0.0988029
0.0122893
0.0651584
0.151671
0.151671
0.0651578
7.0649e-24
0.149986
8.91819e-31
8.91903e-31
0.149987
7.06665e-24
0.0988003
-0.0278172
-0.0726918
-0.0832467
0.0122868
1.31662e-18
-0.0547888
5.76872e-15
-0.0422117
-0.0726924
-0.0278154
5.76887e-15
-0.0547869
1.31675e-18
0.0988052
0.0122914
0.0651587
0.151673
0.151673
0.0651586
7.06784e-24
0.149981
8.92086e-31
8.92087e-31
0.149982
7.06791e-24
0.0988053
-0.0278156
-0.0726923
-0.0832465
0.0122911
1.31678e-18
-0.054787
5.76892e-15
-0.0422115
-0.0726917
-0.0278173
5.76872e-15
-0.0547888
1.31662e-18
0.0988002
0.0122866
0.0651577
0.151671
0.151671
0.0651583
7.06665e-24
0.149987
8.91903e-31
8.91819e-31
0.149986
7.0649e-24
0.0988029
-0.0278159
-0.0726921
-0.0832463
0.0122893
1.31633e-18
-0.0547881
5.76822e-15
-0.0422112
-0.0726915
-0.0278171
5.76819e-15
-0.0547888
1.31628e-18
0.0988
0.0122869
0.0651575
0.151669
0.151669
0.0651576
7.06393e-24
0.14999
8.91533e-31
8.91529e-31
0.149991
7.06389e-24
0.0988001
-0.027817
-0.0726915
0.0122869
1.31628e-18
-0.054789
5.76828e-15
-0.150409
-0.060266
0.0479654
-0.0602662
-0.150409
-0.0602658
0.0479659
-0.060266
-0.150409
-0.0602656
0.0479668
-0.0602655
-0.150409
-0.0602659
0.0479658
-0.0602659
-0.150409
-0.0602662
0.0479654
-0.060266
-0.0726441
-0.0529206
0.00575097
0.0335866
0.0907631
0.161573
0.0608395
0.161573
-0.0726442
0.0335864
0.00575109
-0.0529205
-0.0726443
-0.0529212
0.00575396
0.0335878
0.0907644
0.161573
0.0608351
0.161573
-0.0726444
0.0335863
0.00575102
-0.0529206
-0.0726445
-0.0529215
0.00575692
0.0335885
0.0907653
0.161572
0.0608292
0.161573
-0.0726443
0.0335882
0.00575672
-0.0529214
-0.0726444
-0.0529206
0.00575091
0.0335861
0.0907642
0.161573
0.0608351
0.161573
-0.0726443
0.0335878
0.0057539
-0.0529212
-0.0726442
-0.0529205
0.00575109
0.0335864
0.0907631
0.161573
0.0608395
0.161573
-0.0726441
0.0335866
0.00575097
-0.0529206
-0.171871
-0.172308
-0.17142
-0.168648
-0.16466
-0.156646
-0.168649
-0.16466
-0.156646
-0.171871
-0.172308
-0.171421
-0.142554
-0.156821
-0.166596
-0.13065
-0.120636
-0.10544
-0.105514
-0.125152
-0.142784
-0.0380998
-0.061186
-0.0842676
-0.0380998
-0.0611861
-0.0842678
-0.105514
-0.125152
-0.142784
-0.130651
-0.120636
-0.10544
-0.142555
-0.156822
-0.166596
-0.12526
-0.109999
-0.0982844
-0.0919309
-0.0837287
-0.0697549
-0.0861136
-0.0718286
-0.0628698
-0.0865551
-0.0874638
-0.0907189
-0.085779
-0.0806114
-0.0705482
-0.0615388
-0.0591077
-0.0589327
-0.0135535
-0.0353347
-0.0546766
0.00142525
0.00622582
0.00811549
-0.00394489
-0.0270483
-0.0495598
-0.0171209
-0.00274635
0.00548301
0.0179179
0.0339713
0.0445335
0.0179179
0.0339713
0.0445335
-0.0171209
-0.00274635
0.005483
0.00930171
0.0282081
0.0426883
0.0498294
0.0513043
0.050109
0.0599664
0.0577543
0.0526591
0.0599663
0.0577542
0.052659
0.0498292
0.0513042
0.050109
0.00930152
0.0282079
0.0426881
0.00142511
0.00622573
0.00811545
-0.0861139
-0.0718289
-0.0628701
-0.0919316
-0.0837292
-0.0697553
-0.125261
-0.109999
-0.0982851
-0.00394492
-0.0270484
-0.04956
-0.0135537
-0.0353349
-0.0546769
-0.0615391
-0.059108
-0.058933
-0.0857796
-0.080612
-0.0705486
-0.0865557
-0.0874644
-0.0907196
-0.168649
-0.164661
-0.156647
-0.168649
-0.164661
-0.156647
-0.171871
-0.172308
-0.171421
-0.130651
-0.120636
-0.10544
-0.105514
-0.125152
-0.142784
-0.0380994
-0.0611858
-0.0842676
-0.0380994
-0.0611858
-0.0842675
-0.105514
-0.125152
-0.142784
-0.13065
-0.120636
-0.10544
-0.142554
-0.156822
-0.166597
-0.0919315
-0.083729
-0.069755
-0.0861138
-0.0718286
-0.0628697
-0.0857796
-0.0806118
-0.0705483
-0.0615386
-0.0591075
-0.0589325
-0.0135526
-0.035334
-0.0546763
0.00142623
0.00622672
0.00811631
-0.00394414
-0.0270477
-0.0495595
-0.0171204
-0.00274574
0.00548373
0.0179187
0.033972
0.044534
0.0179182
0.0339717
0.0445339
-0.0171205
-0.00274594
0.00548335
0.00930274
0.028209
0.0426891
0.04983
0.0513048
0.0501095
0.0599666
0.0577546
0.0526597
0.0599664
0.0577543
0.0526591
0.0498294
0.0513044
0.0501093
0.00930173
0.028208
0.0426883
0.00142533
0.00622597
0.00811572
-0.0861136
-0.0718286
-0.0628698
-0.0919313
-0.083729
-0.069755
-0.125261
-0.109999
-0.0982848
-0.00394462
-0.0270481
-0.0495597
-0.0135535
-0.0353347
-0.0546767
-0.0615389
-0.0591078
-0.0589327
-0.0857798
-0.080612
-0.0705486
-0.0865558
-0.0874644
-0.0907194
-0.168649
-0.164661
-0.156647
-0.168649
-0.164661
-0.156647
-0.171871
-0.172308
-0.171421
-0.13065
-0.120636
-0.10544
-0.105514
-0.125152
-0.142784
-0.0380986
-0.0611851
-0.0842671
-0.0380986
-0.0611851
-0.084267
-0.105514
-0.125152
-0.142784
-0.13065
-0.120636
-0.10544
-0.142554
-0.156822
-0.166596
-0.0919313
-0.0837289
-0.0697548
-0.0861133
-0.0718282
-0.0628695
-0.0857798
-0.0806121
-0.0705485
-0.0615387
-0.0591076
-0.0589324
-0.0135523
-0.0353339
-0.0546764
0.00142667
0.00622724
0.00811692
-0.00394356
-0.0270473
-0.0495592
-0.0171196
-0.00274491
0.00548446
0.0179194
0.0339729
0.044535
0.0179194
0.0339728
0.0445349
-0.0171196
-0.00274492
0.00548443
0.00930324
0.0282096
0.0426897
0.0498305
0.0513055
0.0501103
0.0599667
0.0577549
0.0526601
0.0599667
0.0577548
0.05266
0.0498304
0.0513054
0.0501103
0.00930302
0.0282094
0.0426895
0.00142651
0.00622712
0.00811685
-0.0861132
-0.0718281
-0.0628694
-0.0919311
-0.0837287
-0.0697547
-0.125261
-0.109999
-0.0982846
-0.00394359
-0.0270473
-0.0495591
-0.0135524
-0.035334
-0.0546763
-0.0615386
-0.0591075
-0.0589323
-0.0857796
-0.0806119
-0.0705484
-0.0865556
-0.0874642
-0.0907192
-0.168649
-0.164661
-0.156647
-0.168649
-0.164661
-0.156647
-0.171871
-0.172308
-0.171421
-0.13065
-0.120636
-0.10544
-0.105514
-0.125152
-0.142784
-0.0380995
-0.0611858
-0.0842675
-0.0380995
-0.0611859
-0.0842677
-0.105515
-0.125152
-0.142784
-0.130651
-0.120636
-0.10544
-0.142555
-0.156822
-0.166596
-0.0919312
-0.0837288
-0.069755
-0.0861136
-0.0718286
-0.0628698
-0.0857796
-0.0806119
-0.0705485
-0.0615389
-0.0591078
-0.0589327
-0.0135536
-0.0353348
-0.0546767
0.00142517
0.00622582
0.00811559
-0.00394475
-0.0270482
-0.0495597
-0.0171206
-0.00274606
0.00548322
0.0179181
0.0339716
0.0445338
0.0179186
0.0339719
0.044534
-0.0171206
-0.00274586
0.00548363
0.00930155
0.0282079
0.0426881
0.0498293
0.0513043
0.0501093
0.0599664
0.0577543
0.052659
0.0599666
0.0577547
0.0526597
0.04983
0.0513048
0.0501094
0.00930272
0.028209
0.0426891
0.0014262
0.00622667
0.00811624
-0.0861139
-0.0718287
-0.0628698
-0.0919316
-0.0837291
-0.0697551
-0.125261
-0.109999
-0.0982851
-0.00394422
-0.0270478
-0.0495595
-0.0135526
-0.035334
-0.0546763
-0.0615386
-0.0591076
-0.0589326
-0.0857796
-0.0806119
-0.0705484
-0.0865557
-0.0874644
-0.0907196
-0.168649
-0.16466
-0.156646
-0.168648
-0.16466
-0.156646
-0.130651
-0.120636
-0.10544
-0.105514
-0.125152
-0.142784
-0.0380998
-0.0611861
-0.0842678
-0.0380998
-0.061186
-0.0842676
-0.105514
-0.125152
-0.142784
-0.13065
-0.120636
-0.10544
-0.0919316
-0.0837292
-0.0697553
-0.086114
-0.0718289
-0.0628701
-0.0857797
-0.080612
-0.0705486
-0.0615391
-0.059108
-0.058933
-0.0135537
-0.0353349
-0.0546769
0.0014251
0.00622573
0.00811545
-0.00394492
-0.0270484
-0.04956
-0.0171209
-0.00274635
0.005483
0.0179179
0.0339713
0.0445335
0.0179179
0.0339713
0.0445335
-0.0171209
-0.00274635
0.00548301
0.00930152
0.0282079
0.0426881
0.0498292
0.0513042
0.050109
0.0599663
0.0577542
0.052659
0.0599664
0.0577543
0.0526591
0.0498294
0.0513043
0.050109
0.00930171
0.0282081
0.0426883
0.00142525
0.00622582
0.00811549
-0.0861136
-0.0718286
-0.0628698
-0.0919309
-0.0837287
-0.0697549
-0.00394489
-0.0270483
-0.0495598
-0.0135535
-0.0353347
-0.0546766
-0.0615388
-0.0591077
-0.0589327
-0.085779
-0.0806114
-0.0705482
-0.0864843
-0.0860544
-0.084566
-0.0825563
-0.0802448
-0.0760824
-0.0651084
-0.0685322
-0.07144
-0.0714782
-0.0771723
-0.0815207
-0.0672967
-0.0683756
-0.0713069
-0.0737425
-0.0743879
-0.0735666
-0.0629511
-0.0712123
-0.0733657
-0.0518497
-0.0427984
-0.0329818
-0.0383799
-0.0555877
-0.0680367
-0.00568667
-0.0137537
-0.0227699
-0.0641898
-0.0562373
-0.0473441
-0.0414094
-0.0436672
-0.049444
-0.0710724
-0.0661823
-0.0584102
-0.0107065
-0.025126
-0.0368319
6.18433e-14
2.61216e-14
9.97893e-15
-0.0114691
-0.0308621
-0.046392
2.83215e-16
1.00764e-15
3.24242e-15
-0.0111067
-0.0318618
-0.0485533
-0.0583707
-0.0598914
-0.0561455
-0.0590812
-0.0619227
-0.0590478
-0.0490865
-0.0324243
-0.00885673
0.00931478
0.00565989
0.00504767
-0.0470169
-0.0260542
-0.00140996
6.65722e-17
1.52214e-17
3.14772e-18
0.00464349
0.0079013
0.00678566
1.37e-20
9.00439e-20
5.35258e-19
0.0261612
0.0666973
0.0918586
0.0834354
0.0525765
0.0214129
0.0919607
0.0999442
0.101934
0.0751429
0.051454
0.026055
-0.016648
0.00480652
0.0245325
0.0464776
0.0421361
0.0368023
0.0157575
0.0229748
0.0301099
0.0818731
0.0735134
0.0674233
0.0616801
0.0533434
0.0415079
0.0608284
0.0616343
0.0634931
0.0683974
0.0750304
0.0842216
0.0683973
0.0750304
0.0842216
0.0608284
0.0616342
0.0634931
0.0982405
0.119187
0.140293
0.139907
0.117598
0.0987063
0.200061
0.183864
0.163115
0.200061
0.183863
0.163115
0.139907
0.117598
0.0987063
0.0982405
0.119187
0.140293
0.081873
0.0735133
0.0674232
0.113167
0.136874
0.154853
0.162237
0.174955
0.171704
1.68532e-21
2.08594e-22
2.33506e-23
0.0357391
0.0981148
0.145185
1.55856e-26
1.89234e-25
2.07802e-24
0.0248811
0.0758202
0.126237
0.158947
0.167678
0.166087
0.206399
0.196978
0.170364
0.138228
0.109835
0.0775252
0.138228
0.109835
0.0775252
0.206399
0.196978
0.170364
1.00338e-27
6.72271e-29
4.07378e-30
0.00566604
0.0215884
0.0454232
4.16985e-34
9.35274e-33
1.89729e-31
4.16986e-34
9.35276e-33
1.8973e-31
0.00566605
0.0215884
0.0454232
1.00339e-27
6.72275e-29
4.0738e-30
0.0248811
0.0758201
0.126236
0.162237
0.174955
0.171704
0.113167
0.136874
0.154853
0.0919606
0.0999441
0.101934
0.158947
0.167678
0.166087
1.55857e-26
1.89235e-25
2.07803e-24
0.035739
0.0981146
0.145184
1.68532e-21
2.08594e-22
2.33507e-23
0.0261612
0.0666972
0.0918584
-0.0651087
-0.0685324
-0.0714402
-0.0825569
-0.0802453
-0.0760827
-0.086485
-0.0860551
-0.0845667
-0.00568683
-0.0137538
-0.0227699
-0.03838
-0.0555877
-0.0680368
-0.0518496
-0.0427983
-0.0329818
-0.062951
-0.0712122
-0.0733657
-0.0737426
-0.0743879
-0.0735667
-0.0672973
-0.0683759
-0.071307
-0.0714789
-0.077173
-0.0815214
0.0464774
0.0421359
0.0368021
-0.0166481
0.00480639
0.0245323
0.06168
0.0533433
0.0415077
0.0751428
0.0514539
0.026055
0.0157574
0.0229747
0.0301098
-0.0470168
-0.0260541
-0.00140997
0.00931479
0.00565996
0.00504778
-0.0490863
-0.0324242
-0.0088566
-0.0590811
-0.0619225
-0.0590476
0.0834354
0.0525765
0.021413
1.37e-20
9.00439e-20
5.35258e-19
0.00464351
0.00790137
0.00678576
6.65718e-17
1.52214e-17
3.14771e-18
-0.0111066
-0.0318617
-0.0485531
-0.0710724
-0.0661823
-0.0584101
-0.0414097
-0.0436673
-0.049444
-0.0641905
-0.0562379
-0.0473447
-0.0583705
-0.0598912
-0.0561454
2.83213e-16
1.00763e-15
3.24237e-15
-0.0114691
-0.030862
-0.0463919
6.18417e-14
2.61211e-14
9.97875e-15
-0.0107066
-0.0251262
-0.0368323
-0.082557
-0.0802455
-0.0760829
-0.0651084
-0.0685322
-0.0714402
-0.0672975
-0.0683765
-0.0713076
-0.0737431
-0.0743883
-0.0735668
-0.0629504
-0.0712122
-0.0733661
-0.0518486
-0.0427973
-0.0329806
-0.038379
-0.0555872
-0.0680367
-0.00568563
-0.0137526
-0.0227688
-0.04141
-0.0436679
-0.0494447
-0.071073
-0.066183
-0.0584109
6.18418e-14
2.61211e-14
9.97879e-15
-0.0114692
-0.0308624
-0.0463925
2.83217e-16
1.00764e-15
3.2424e-15
-0.0111064
-0.0318612
-0.0485524
-0.0583702
-0.0598914
-0.056146
-0.0590802
-0.0619217
-0.0590469
-0.0490852
-0.0324223
-0.00885401
0.00931737
0.00566284
0.00505075
-0.0470155
-0.0260523
-0.00140772
6.65731e-17
1.52218e-17
3.14781e-18
0.00464423
0.00790327
0.00678843
1.37008e-20
9.00482e-20
5.35279e-19
0.0261616
0.0666988
0.091861
0.0834385
0.0525798
0.0214161
0.0919635
0.0999474
0.101937
0.0751454
0.0514565
0.0260575
-0.0166468
0.00480789
0.0245338
0.0464783
0.042137
0.0368034
0.0157596
0.0229766
0.0301113
0.0818752
0.0735149
0.0674243
0.0616809
0.0533443
0.041509
0.0608286
0.0616346
0.0634937
0.0683981
0.0750312
0.0842226
0.0683977
0.0750311
0.0842226
0.0608285
0.0616343
0.0634933
0.098243
0.119189
0.140295
0.139909
0.1176
0.0987078
0.200061
0.183864
0.163117
0.200061
0.183865
0.163117
0.139909
0.1176
0.0987078
0.0982416
0.119188
0.140295
0.0818738
0.0735139
0.0674236
0.113169
0.136876
0.154854
0.162239
0.174957
0.171704
1.68544e-21
2.08615e-22
2.33536e-23
0.0357387
0.098114
0.145184
1.5589e-26
1.89269e-25
2.07835e-24
0.0248799
0.0758169
0.126232
0.158943
0.167675
0.166087
0.206397
0.196975
0.17036
0.138223
0.10983
0.0775203
0.138224
0.10983
0.0775204
0.206397
0.196976
0.170361
1.00363e-27
6.72458e-29
4.07504e-30
0.00566525
0.021586
0.0454194
4.17156e-34
9.35625e-33
1.89794e-31
4.17163e-34
9.3567e-33
1.89809e-31
0.00566533
0.0215862
0.0454195
1.0038e-27
6.7255e-29
4.07549e-30
0.0248802
0.0758177
0.126233
0.162239
0.174956
0.171704
0.113167
0.136875
0.154853
0.0919615
0.0999449
0.101934
0.158944
0.167676
0.166087
1.55919e-26
1.89309e-25
2.07884e-24
0.0357388
0.0981141
0.145184
1.68595e-21
2.08673e-22
2.33597e-23
0.0261612
0.0666972
0.0918586
-0.0651087
-0.0685325
-0.0714404
-0.0825573
-0.0802456
-0.076083
-0.0864852
-0.0860554
-0.084567
-0.00568668
-0.0137538
-0.02277
-0.0383801
-0.0555878
-0.068037
-0.0518499
-0.0427986
-0.032982
-0.0629512
-0.0712124
-0.0733659
-0.0737429
-0.0743882
-0.0735669
-0.0672978
-0.0683764
-0.0713073
-0.0714794
-0.0771735
-0.0815218
0.0464774
0.0421358
0.0368019
-0.0166483
0.00480618
0.0245321
0.0616802
0.0533433
0.0415076
0.0751434
0.0514542
0.026055
0.0157573
0.0229745
0.0301096
-0.047017
-0.0260544
-0.00141017
0.00931471
0.00565993
0.00504775
-0.0490864
-0.0324243
-0.00885669
-0.0590813
-0.0619227
-0.0590477
0.0834357
0.0525766
0.0214129
1.37048e-20
9.00719e-20
5.35405e-19
0.0046434
0.00790121
0.00678566
6.65837e-17
1.52246e-17
3.14846e-18
-0.0111067
-0.0318617
-0.0485531
-0.0710727
-0.0661825
-0.0584103
-0.0414102
-0.0436677
-0.0494442
-0.064191
-0.0562385
-0.0473452
-0.0583705
-0.0598912
-0.0561454
2.83255e-16
1.00775e-15
3.24271e-15
-0.0114691
-0.030862
-0.046392
6.18445e-14
2.61227e-14
9.97956e-15
-0.0107067
-0.0251265
-0.0368328
-0.0825574
-0.0802459
-0.0760832
-0.0651085
-0.0685324
-0.0714404
-0.0672981
-0.068377
-0.0713081
-0.0737434
-0.0743886
-0.0735671
-0.0629498
-0.0712121
-0.0733664
-0.0518479
-0.0427967
-0.0329801
-0.0383786
-0.0555871
-0.0680368
-0.00568522
-0.0137522
-0.0227683
-0.0414105
-0.0436685
-0.0494452
-0.0710734
-0.0661834
-0.0584112
6.18448e-14
2.6123e-14
9.97977e-15
-0.0114693
-0.0308626
-0.0463928
2.83271e-16
1.0078e-15
3.24281e-15
-0.011106
-0.0318603
-0.0485513
-0.0583693
-0.0598912
-0.0561461
-0.0590794
-0.0619207
-0.0590457
-0.0490837
-0.0324201
-0.00885124
0.00931976
0.00566572
0.00505381
-0.0470145
-0.0260508
-0.00140581
6.65882e-17
1.52258e-17
3.14876e-18
0.00464488
0.00790512
0.00679114
1.37067e-20
9.00831e-20
5.35464e-19
0.0261621
0.0667
0.091863
0.0834412
0.0525828
0.0214191
0.091966
0.0999501
0.101939
0.0751476
0.0514588
0.0260597
-0.0166462
0.0048086
0.0245345
0.0464788
0.0421375
0.036804
0.0157614
0.0229778
0.0301122
0.0818771
0.073516
0.0674248
0.0616812
0.0533448
0.0415096
0.0608286
0.0616346
0.0634938
0.0683984
0.0750316
0.0842234
0.0683983
0.0750316
0.0842234
0.0608286
0.0616345
0.0634937
0.0982451
0.119191
0.140297
0.139911
0.117602
0.098709
0.200061
0.183866
0.163119
0.200061
0.183866
0.163119
0.139911
0.117602
0.098709
0.0982451
0.119191
0.140298
0.081877
0.0735159
0.0674247
0.113171
0.136877
0.154854
0.162241
0.174958
0.171704
1.6862e-21
2.08706e-22
2.33635e-23
0.0357382
0.0981129
0.145183
1.55948e-26
1.89343e-25
2.0792e-24
0.0248786
0.0758135
0.126228
0.158939
0.167673
0.166085
0.206395
0.196972
0.170356
0.138218
0.109824
0.0775141
0.138218
0.109824
0.0775141
0.206395
0.196972
0.170356
1.00399e-27
6.72681e-29
4.07631e-30
0.00566416
0.0215828
0.0454143
4.17255e-34
9.35871e-33
1.89848e-31
4.17255e-34
9.35871e-33
1.89848e-31
0.00566416
0.0215828
0.0454143
1.00399e-27
6.72683e-29
4.07632e-30
0.0248786
0.0758136
0.126228
0.162241
0.174958
0.171704
0.113171
0.136877
0.154854
0.0919659
0.0999501
0.101939
0.158939
0.167673
0.166086
1.55949e-26
1.89344e-25
2.07921e-24
0.0357382
0.0981131
0.145184
1.68623e-21
2.08709e-22
2.33638e-23
0.0261621
0.0667001
0.0918631
-0.0651084
-0.0685323
-0.0714402
-0.0825572
-0.0802457
-0.076083
-0.086485
-0.0860552
-0.0845668
-0.00568541
-0.0137524
-0.0227685
-0.0383788
-0.0555871
-0.0680367
-0.0518481
-0.0427969
-0.0329803
-0.0629499
-0.071212
-0.0733662
-0.0737432
-0.0743884
-0.0735669
-0.0672978
-0.0683768
-0.0713079
-0.0714792
-0.0771733
-0.0815216
0.0464786
0.0421372
0.0368036
-0.0166464
0.00480827
0.0245342
0.0616811
0.0533446
0.0415093
0.0751475
0.0514585
0.0260594
0.015761
0.0229774
0.0301118
-0.0470147
-0.0260511
-0.00140614
0.00931944
0.00566544
0.00505357
-0.0490838
-0.0324202
-0.00885146
-0.0590795
-0.0619208
-0.0590458
0.0834412
0.0525827
0.0214189
1.3707e-20
9.00847e-20
5.35473e-19
0.00464483
0.007905
0.00679096
6.65892e-17
1.5226e-17
3.14881e-18
-0.0111061
-0.0318603
-0.0485513
-0.0710733
-0.0661833
-0.0584111
-0.0414103
-0.0436683
-0.049445
-0.0641908
-0.0562383
-0.047345
-0.0583694
-0.0598911
-0.056146
2.83274e-16
1.00781e-15
3.24284e-15
-0.0114692
-0.0308625
-0.0463926
6.18448e-14
2.61231e-14
9.97984e-15
-0.0107066
-0.0251264
-0.0368326
-0.0825571
-0.0802455
-0.0760829
-0.0651087
-0.0685325
-0.0714403
-0.0672976
-0.0683762
-0.0713072
-0.0737428
-0.0743882
-0.0735669
-0.0629512
-0.0712124
-0.0733659
-0.0518499
-0.0427987
-0.0329821
-0.0383802
-0.0555879
-0.068037
-0.00568684
-0.0137539
-0.0227702
-0.04141
-0.0436676
-0.0494441
-0.0710726
-0.0661825
-0.0584102
6.18445e-14
2.61227e-14
9.97956e-15
-0.0114691
-0.030862
-0.0463919
2.83255e-16
1.00775e-15
3.24271e-15
-0.0111067
-0.0318617
-0.0485531
-0.0583706
-0.0598912
-0.0561454
-0.0590814
-0.0619227
-0.0590478
-0.0490864
-0.0324243
-0.00885679
0.00931453
0.00565976
0.00504761
-0.0470171
-0.0260545
-0.00141033
6.65837e-17
1.52246e-17
3.14846e-18
0.0046434
0.00790117
0.00678557
1.37048e-20
9.00719e-20
5.35405e-19
0.0261612
0.0666972
0.0918586
0.0834355
0.0525765
0.0214128
0.0919612
0.0999446
0.101934
0.0751432
0.051454
0.0260548
-0.0166484
0.00480602
0.0245319
0.0464773
0.0421357
0.0368018
0.0157571
0.0229744
0.0301094
0.0818735
0.0735137
0.0674235
0.0616801
0.0533432
0.0415074
0.0608285
0.0616343
0.0634932
0.0683976
0.0750309
0.0842224
0.068398
0.0750311
0.0842224
0.0608286
0.0616346
0.0634936
0.0982413
0.119188
0.140295
0.139909
0.1176
0.0987075
0.200061
0.183864
0.163117
0.200061
0.183864
0.163117
0.139909
0.1176
0.0987076
0.0982428
0.119189
0.140295
0.081875
0.0735147
0.0674241
0.113167
0.136875
0.154853
0.162239
0.174956
0.171704
1.68595e-21
2.08673e-22
2.33597e-23
0.0357388
0.0981142
0.145184
1.55919e-26
1.89309e-25
2.07884e-24
0.0248802
0.0758178
0.126233
0.158944
0.167676
0.166087
0.206397
0.196976
0.170361
0.138224
0.10983
0.0775205
0.138223
0.10983
0.0775204
0.206397
0.196975
0.17036
1.0038e-27
6.7255e-29
4.07549e-30
0.00566533
0.0215862
0.0454195
4.17163e-34
9.3567e-33
1.89809e-31
4.17156e-34
9.35625e-33
1.89794e-31
0.00566525
0.021586
0.0454194
1.00363e-27
6.72458e-29
4.07504e-30
0.0248799
0.075817
0.126232
0.162239
0.174956
0.171704
0.113169
0.136876
0.154854
0.0919633
0.0999472
0.101937
0.158943
0.167676
0.166087
1.5589e-26
1.89269e-25
2.07835e-24
0.0357387
0.0981141
0.145184
1.68544e-21
2.08615e-22
2.33536e-23
0.0261617
0.0666989
0.091861
-0.0651084
-0.0685323
-0.0714402
-0.082557
-0.0802455
-0.0760829
-0.086485
-0.0860551
-0.0845667
-0.00568565
-0.0137526
-0.0227688
-0.038379
-0.0555872
-0.0680367
-0.0518486
-0.0427973
-0.0329806
-0.0629504
-0.0712122
-0.0733662
-0.0737431
-0.0743883
-0.0735669
-0.0672975
-0.0683765
-0.0713076
-0.0714789
-0.077173
-0.0815214
0.0464783
0.042137
0.0368034
-0.0166468
0.00480789
0.0245338
0.0616808
0.0533443
0.041509
0.0751452
0.0514564
0.0260574
0.0157596
0.0229765
0.0301113
-0.0470155
-0.0260523
-0.00140775
0.00931732
0.00566278
0.00505068
-0.0490853
-0.0324223
-0.00885407
-0.0590802
-0.0619218
-0.0590469
0.0834385
0.0525797
0.021416
1.37008e-20
9.00482e-20
5.35279e-19
0.00464423
0.00790325
0.00678838
6.65731e-17
1.52218e-17
3.14781e-18
-0.0111064
-0.0318612
-0.0485524
-0.0710731
-0.066183
-0.0584109
-0.04141
-0.0436679
-0.0494447
-0.0641905
-0.056238
-0.0473447
-0.0583702
-0.0598914
-0.056146
2.83217e-16
1.00764e-15
3.2424e-15
-0.0114692
-0.0308625
-0.0463925
6.18418e-14
2.61211e-14
9.97879e-15
-0.0107066
-0.0251262
-0.0368323
-0.0825569
-0.0802453
-0.0760827
-0.0651087
-0.0685324
-0.0714402
-0.0672973
-0.0683759
-0.071307
-0.0737426
-0.0743879
-0.0735667
-0.062951
-0.0712122
-0.0733657
-0.0518496
-0.0427983
-0.0329818
-0.03838
-0.0555877
-0.0680368
-0.00568683
-0.0137538
-0.0227699
-0.0414097
-0.0436673
-0.049444
-0.0710724
-0.0661823
-0.0584101
6.18417e-14
2.61211e-14
9.97875e-15
-0.0114691
-0.030862
-0.0463919
2.83213e-16
1.00763e-15
3.24237e-15
-0.0111066
-0.0318617
-0.0485531
-0.0583705
-0.0598912
-0.0561454
-0.0590811
-0.0619225
-0.0590476
-0.0490863
-0.0324242
-0.0088566
0.00931479
0.00565996
0.00504778
-0.0470168
-0.0260541
-0.00140997
6.65718e-17
1.52214e-17
3.14771e-18
0.00464351
0.00790137
0.00678576
1.37e-20
9.00439e-20
5.35258e-19
0.0261612
0.0666972
0.0918584
0.0834354
0.0525765
0.021413
0.0919606
0.0999441
0.101934
0.0751428
0.0514539
0.026055
-0.0166481
0.00480639
0.0245323
0.0464774
0.0421359
0.0368021
0.0157574
0.0229747
0.0301098
0.081873
0.0735133
0.0674232
0.06168
0.0533433
0.0415077
0.0608284
0.0616342
0.0634931
0.0683973
0.0750304
0.0842216
0.0683974
0.0750304
0.0842216
0.0608284
0.0616343
0.0634931
0.0982405
0.119187
0.140293
0.139907
0.117598
0.0987063
0.200061
0.183863
0.163115
0.200061
0.183864
0.163115
0.139907
0.117598
0.0987063
0.0982405
0.119187
0.140293
0.0818731
0.0735134
0.0674233
0.113167
0.136874
0.154853
0.162237
0.174955
0.171704
1.68532e-21
2.08594e-22
2.33507e-23
0.035739
0.0981146
0.145184
1.55857e-26
1.89235e-25
2.07803e-24
0.0248811
0.0758201
0.126236
0.158947
0.167678
0.166087
0.206399
0.196978
0.170364
0.138228
0.109835
0.0775252
0.138228
0.109835
0.0775252
0.206399
0.196978
0.170364
1.00339e-27
6.72275e-29
4.0738e-30
0.00566605
0.0215884
0.0454232
4.16986e-34
9.35276e-33
1.8973e-31
4.16985e-34
9.35274e-33
1.89729e-31
0.00566604
0.0215884
0.0454232
1.00338e-27
6.72271e-29
4.07378e-30
0.0248811
0.0758202
0.126237
0.162237
0.174955
0.171704
0.113167
0.136874
0.154853
0.0919607
0.0999442
0.101934
0.158947
0.167678
0.166087
1.55856e-26
1.89234e-25
2.07802e-24
0.0357391
0.0981148
0.145185
1.68532e-21
2.08594e-22
2.33506e-23
0.0261612
0.0666973
0.0918586
-0.0651084
-0.0685322
-0.07144
-0.0825563
-0.0802448
-0.0760824
-0.00568667
-0.0137537
-0.0227699
-0.0383799
-0.0555877
-0.0680367
-0.0518497
-0.0427984
-0.0329818
-0.0629511
-0.0712123
-0.0733657
-0.0737425
-0.0743879
-0.0735666
-0.0672967
-0.0683756
-0.0713069
0.0464776
0.0421361
0.0368023
-0.016648
0.00480652
0.0245325
0.0616801
0.0533434
0.0415079
0.0751429
0.051454
0.026055
0.0157575
0.0229748
0.0301099
-0.0470169
-0.0260542
-0.00140996
0.00931478
0.00565989
0.00504767
-0.0490865
-0.0324243
-0.00885673
-0.0590812
-0.0619227
-0.0590478
0.0834354
0.0525765
0.0214129
1.37e-20
9.00439e-20
5.35258e-19
0.00464349
0.0079013
0.00678566
6.65722e-17
1.52214e-17
3.14772e-18
-0.0111067
-0.0318618
-0.0485533
-0.0710724
-0.0661823
-0.0584102
-0.0414094
-0.0436672
-0.049444
-0.0583707
-0.0598914
-0.0561455
2.83215e-16
1.00764e-15
3.24242e-15
-0.0114691
-0.0308621
-0.046392
6.18433e-14
2.61216e-14
9.97893e-15
-0.172029
-0.172298
-0.170874
-0.172298
-0.171578
-0.16819
-0.170875
-0.168191
-0.161909
-0.165074
-0.154331
-0.139387
-0.159696
-0.146497
-0.129846
-0.149955
-0.133857
-0.115229
-0.134256
-0.1152
-0.0946297
-0.1152
-0.0939261
-0.0719582
-0.0946299
-0.0719583
-0.0491255
-0.165075
-0.159697
-0.149955
-0.154332
-0.146498
-0.133858
-0.139388
-0.129846
-0.11523
-0.121937
-0.107028
-0.095951
-0.111756
-0.0972426
-0.0871426
-0.0962793
-0.0819406
-0.0726228
-0.0890964
-0.0863457
-0.0857484
-0.0814995
-0.0798136
-0.08013
-0.0681246
-0.0676491
-0.0692973
-0.0484985
-0.0492854
-0.0524744
-0.026367
-0.028038
-0.0323826
-0.00338126
-0.00536641
-0.010218
-0.0748175
-0.0605736
-0.0519261
-0.0515333
-0.0373256
-0.0290973
-0.0282975
-0.0140292
-0.00589863
-0.00718201
0.00734372
0.0157782
0.00734372
0.0223335
0.0314214
0.0157781
0.0314214
0.0414288
0.018676
0.0170639
0.0125231
0.035173
0.0344688
0.0309059
0.046332
0.0468417
0.0446193
0.052604
0.0544807
0.0537306
0.0544807
0.0576093
0.0581125
0.0537305
0.0581124
0.0597345
0.0186759
0.035173
0.046332
0.0170638
0.0344687
0.0468416
0.012523
0.0309058
0.0446191
-0.121937
-0.111756
-0.0962797
-0.107029
-0.0972432
-0.081941
-0.0959517
-0.0871432
-0.0726232
-0.0748178
-0.0515334
-0.0282975
-0.0605737
-0.0373257
-0.0140293
-0.0519262
-0.0290974
-0.00589865
-0.0484987
-0.026367
-0.0033813
-0.0492856
-0.0280381
-0.0053665
-0.0524746
-0.0323828
-0.0102182
-0.089097
-0.0815
-0.0681249
-0.0863463
-0.0798141
-0.0676495
-0.0857491
-0.0801305
-0.0692977
-0.172029
-0.172299
-0.170875
-0.172299
-0.171578
-0.168191
-0.170875
-0.168191
-0.161909
-0.165075
-0.154332
-0.139388
-0.159697
-0.146498
-0.129847
-0.149956
-0.133858
-0.11523
-0.134257
-0.115201
-0.0946298
-0.1152
-0.093926
-0.071958
-0.0946297
-0.071958
-0.0491251
-0.165075
-0.159697
-0.149956
-0.154332
-0.146498
-0.133858
-0.139388
-0.129846
-0.115229
-0.121937
-0.107029
-0.0959516
-0.111756
-0.0972432
-0.087143
-0.0962796
-0.0819408
-0.0726229
-0.089097
-0.0863462
-0.085749
-0.0814999
-0.079814
-0.0801304
-0.0681246
-0.0676491
-0.0692973
-0.0484982
-0.049285
-0.052474
-0.0263663
-0.0280373
-0.0323819
-0.00338046
-0.00536554
-0.0102171
-0.0748175
-0.0605734
-0.0519258
-0.051533
-0.0373252
-0.0290968
-0.0282971
-0.0140287
-0.00589794
-0.00718151
0.00734432
0.0157789
0.00734417
0.022334
0.031422
0.0157785
0.0314218
0.0414292
0.0186768
0.0170648
0.0125241
0.0351737
0.0344695
0.0309068
0.0463326
0.0468423
0.04462
0.0526044
0.0544811
0.0537311
0.0544809
0.0576095
0.0581128
0.0537306
0.0581126
0.0597347
0.0186762
0.0351733
0.0463323
0.017064
0.0344689
0.0468418
0.0125232
0.030906
0.0446192
-0.121937
-0.111756
-0.0962794
-0.107029
-0.0972429
-0.0819406
-0.0959514
-0.0871429
-0.0726229
-0.0748174
-0.051533
-0.0282971
-0.0605734
-0.0373253
-0.0140289
-0.0519259
-0.0290971
-0.00589833
-0.0484985
-0.0263668
-0.00338104
-0.0492854
-0.0280379
-0.00536626
-0.0524744
-0.0323826
-0.0102179
-0.0890969
-0.0814999
-0.0681247
-0.0863462
-0.0798141
-0.0676493
-0.0857491
-0.0801305
-0.0692976
-0.172029
-0.172299
-0.170875
-0.172299
-0.171578
-0.168191
-0.170875
-0.168191
-0.161909
-0.165075
-0.154332
-0.139388
-0.159697
-0.146498
-0.129846
-0.149956
-0.133858
-0.115229
-0.134256
-0.1152
-0.0946293
-0.1152
-0.0939255
-0.0719574
-0.0946292
-0.0719574
-0.0491244
-0.165075
-0.159697
-0.149956
-0.154331
-0.146497
-0.133858
-0.139388
-0.129846
-0.115229
-0.121937
-0.107029
-0.0959514
-0.111756
-0.0972428
-0.0871428
-0.0962792
-0.0819404
-0.0726227
-0.0890969
-0.0863463
-0.0857492
-0.0814998
-0.079814
-0.0801306
-0.0681245
-0.0676492
-0.0692975
-0.048498
-0.049285
-0.0524741
-0.026366
-0.0280371
-0.0323818
-0.00337994
-0.00536512
-0.0102168
-0.074817
-0.0605729
-0.0519255
-0.0515323
-0.0373246
-0.0290963
-0.0282963
-0.0140279
-0.00589729
-0.00718057
0.00734523
0.0157797
0.00734522
0.022335
0.031423
0.0157796
0.0314229
0.0414302
0.0186775
0.0170654
0.0125246
0.0351745
0.0344702
0.0309075
0.0463334
0.0468431
0.0446206
0.0526053
0.0544818
0.0537316
0.0544817
0.0576101
0.0581132
0.0537315
0.0581131
0.059735
0.0186774
0.0351744
0.0463334
0.0170652
0.0344701
0.0468429
0.0125244
0.0309073
0.0446204
-0.121937
-0.111756
-0.096279
-0.107028
-0.0972426
-0.0819403
-0.0959512
-0.0871426
-0.0726225
-0.0748169
-0.0515323
-0.0282963
-0.0605728
-0.0373245
-0.0140279
-0.0519254
-0.0290963
-0.00589731
-0.0484979
-0.026366
-0.00338
-0.0492849
-0.0280371
-0.00536521
-0.052474
-0.0323818
-0.0102169
-0.0890967
-0.0814996
-0.0681244
-0.0863461
-0.0798139
-0.0676491
-0.085749
-0.0801304
-0.0692974
-0.172029
-0.172299
-0.170875
-0.172299
-0.171578
-0.168191
-0.170875
-0.168191
-0.161909
-0.165075
-0.154331
-0.139388
-0.159697
-0.146498
-0.129846
-0.149956
-0.133858
-0.115229
-0.134257
-0.1152
-0.0946297
-0.115201
-0.0939261
-0.0719581
-0.0946299
-0.0719581
-0.0491252
-0.165075
-0.159697
-0.149956
-0.154332
-0.146498
-0.133858
-0.139388
-0.129847
-0.11523
-0.121937
-0.107029
-0.0959512
-0.111756
-0.0972428
-0.0871428
-0.0962793
-0.0819406
-0.0726228
-0.0890967
-0.0863461
-0.085749
-0.0814997
-0.0798139
-0.0801304
-0.0681246
-0.0676493
-0.0692975
-0.0484985
-0.0492855
-0.0524745
-0.0263669
-0.028038
-0.0323827
-0.00338116
-0.0053664
-0.0102181
-0.0748175
-0.0605734
-0.051926
-0.0515331
-0.0373254
-0.0290972
-0.0282973
-0.014029
-0.00589844
-0.00718164
0.00734404
0.0157784
0.00734421
0.0223339
0.0314217
0.0157788
0.0314219
0.0414291
0.0186761
0.0170639
0.012523
0.0351731
0.0344687
0.0309058
0.0463322
0.0468417
0.0446191
0.0526044
0.0544808
0.0537306
0.0544811
0.0576095
0.0581125
0.0537311
0.0581128
0.0597347
0.0186767
0.0351737
0.0463325
0.0170647
0.0344695
0.0468423
0.0125241
0.0309068
0.04462
-0.121937
-0.111756
-0.0962797
-0.107029
-0.0972432
-0.0819409
-0.0959517
-0.0871431
-0.072623
-0.0748176
-0.0515331
-0.0282972
-0.0605735
-0.0373253
-0.0140288
-0.0519259
-0.0290969
-0.00589803
-0.0484983
-0.0263664
-0.00338053
-0.0492851
-0.0280374
-0.00536559
-0.0524741
-0.0323819
-0.0102171
-0.089097
-0.0814999
-0.0681247
-0.0863463
-0.079814
-0.0676492
-0.085749
-0.0801304
-0.0692974
-0.172029
-0.172298
-0.170875
-0.172298
-0.171578
-0.168191
-0.170874
-0.16819
-0.161909
-0.165075
-0.154332
-0.139388
-0.159697
-0.146498
-0.129846
-0.149955
-0.133858
-0.11523
-0.134256
-0.1152
-0.0946299
-0.1152
-0.0939261
-0.0719583
-0.0946297
-0.0719582
-0.0491255
-0.165074
-0.159696
-0.149955
-0.154331
-0.146497
-0.133857
-0.139387
-0.129846
-0.115229
-0.121937
-0.107029
-0.0959517
-0.111756
-0.0972433
-0.0871432
-0.0962797
-0.081941
-0.0726232
-0.0890971
-0.0863463
-0.0857491
-0.0815001
-0.0798142
-0.0801305
-0.0681249
-0.0676495
-0.0692977
-0.0484987
-0.0492856
-0.0524746
-0.0263671
-0.0280381
-0.0323828
-0.00338131
-0.0053665
-0.0102182
-0.0748178
-0.0605738
-0.0519262
-0.0515334
-0.0373257
-0.0290974
-0.0282975
-0.0140293
-0.00589865
-0.00718201
0.00734372
0.0157781
0.00734372
0.0223335
0.0314214
0.0157782
0.0314214
0.0414288
0.0186759
0.0170638
0.012523
0.035173
0.0344687
0.0309058
0.046332
0.0468416
0.0446191
0.052604
0.0544807
0.0537305
0.0544807
0.0576093
0.0581124
0.0537306
0.0581125
0.0597345
0.018676
0.035173
0.046332
0.0170639
0.0344688
0.0468417
0.0125231
0.0309059
0.0446193
-0.121937
-0.111756
-0.0962793
-0.107028
-0.0972426
-0.0819406
-0.095951
-0.0871426
-0.0726228
-0.0748175
-0.0515333
-0.0282975
-0.0605736
-0.0373256
-0.0140292
-0.0519261
-0.0290973
-0.00589863
-0.0484985
-0.026367
-0.00338126
-0.0492854
-0.028038
-0.00536641
-0.0524744
-0.0323826
-0.010218
-0.0890964
-0.0814995
-0.0681246
-0.0863457
-0.0798136
-0.0676491
-0.0857484
-0.08013
-0.0692973
-0.0858102
-0.0853993
-0.0838951
-0.0810851
-0.0815531
-0.0810227
-0.0718628
-0.0741225
-0.0756685
-0.0808258
-0.0764682
-0.0707836
-0.0790981
-0.0758855
-0.0713206
-0.0761752
-0.0753734
-0.0731351
-0.0698435
-0.0724277
-0.0735437
-0.0590352
-0.0649904
-0.0696043
-0.043115
-0.0518866
-0.0596514
-0.0570553
-0.0616646
-0.0659982
-0.0385804
-0.045193
-0.0520283
-0.0172748
-0.0251179
-0.0336858
-0.0635078
-0.0555447
-0.0465781
-0.0650653
-0.0577608
-0.0489923
-0.06899
-0.0630915
-0.0548755
-0.0357949
-0.0238347
-0.00900364
-0.0378034
-0.0247905
-0.00916777
-0.0431216
-0.0285833
-0.0106082
-0.0493947
-0.0329581
-0.0121923
-0.0529687
-0.0353356
-0.0128835
-0.0517427
-0.0342491
-0.0121815
-0.0725396
-0.0688232
-0.0616163
-0.072047
-0.0708992
-0.0651472
-0.0654205
-0.0669759
-0.0630658
-0.050786
-0.0547003
-0.0528276
-0.0302864
-0.0353198
-0.0350215
-0.00509757
-0.00968197
-0.0102194
-0.0434105
-0.0280863
-0.00950964
-0.0282347
-0.0171036
-0.00506465
-0.00663981
-0.00163972
0.000982934
0.0211817
0.0180756
0.00849473
0.0497926
0.0380791
0.0159201
0.077964
0.0573895
0.0228902
0.0240691
0.0217945
0.0213522
0.0519513
0.053305
0.0537139
0.078606
0.084309
0.0858316
0.00563175
-0.002343
-0.011454
0.0250645
0.0180333
0.00969912
0.0403603
0.034996
0.0284557
-0.0220337
-0.0324939
-0.0424412
-0.000387636
-0.0107923
-0.0211189
0.0202976
0.0116375
0.00284699
0.0389067
0.0336454
0.0284584
0.0526244
0.0515689
0.0512346
0.0629162
0.0665169
0.0718098
0.0512671
0.0479618
0.0439223
0.0571514
0.0556882
0.0541306
0.0600059
0.060095
0.0608346
0.0614742
0.0629834
0.0659209
0.0629834
0.0659862
0.0710344
0.0659208
0.0710344
0.078608
0.0716611
0.0802118
0.091578
0.0801559
0.0931635
0.109783
0.0911957
0.108232
0.129012
0.107594
0.128066
0.151303
0.128066
0.150408
0.173339
0.151303
0.173339
0.19274
0.071661
0.0801558
0.0911957
0.0802117
0.0931635
0.108232
0.0915779
0.109783
0.129012
0.104836
0.114907
0.117132
0.128218
0.14116
0.142787
0.150711
0.164284
0.163347
0.104712
0.0751171
0.0290484
0.125414
0.0880175
0.0332407
0.140199
0.0960906
0.035459
0.147973
0.0984561
0.0353657
0.146558
0.094226
0.0328359
0.135705
0.0836516
0.0280913
0.173341
0.184277
0.178017
0.191975
0.196896
0.183267
0.204164
0.200146
0.177932
0.204856
0.190006
0.159519
0.190006
0.166289
0.131166
0.159519
0.131166
0.0964154
0.11451
0.0668045
0.0213563
0.0878739
0.0480079
0.0144464
0.059432
0.0298372
0.0082755
0.0329296
0.0146863
0.00360526
0.0146864
0.00565017
0.0011703
0.00360527
0.0011703
0.000192909
0.11451
0.0878738
0.059432
0.0668044
0.0480079
0.0298372
0.0213563
0.0144464
0.00827551
0.104836
0.128218
0.150711
0.114907
0.14116
0.164284
0.117131
0.142787
0.163347
0.173341
0.191974
0.204164
0.184276
0.196896
0.200146
0.178017
0.183266
0.177932
0.147973
0.146558
0.135705
0.0984559
0.0942258
0.0836515
0.0353656
0.0328358
0.0280913
0.104712
0.125414
0.140199
0.075117
0.0880173
0.0960904
0.0290483
0.0332407
0.0354589
-0.0858108
-0.0810856
-0.0718632
-0.0854
-0.0815536
-0.0741228
-0.0838957
-0.0810232
-0.0756688
-0.0570555
-0.0385805
-0.017275
-0.0616648
-0.0451931
-0.025118
-0.0659983
-0.0520284
-0.0336859
-0.0698436
-0.0590352
-0.043115
-0.0724277
-0.0649903
-0.0518866
-0.0735436
-0.0696042
-0.0596513
-0.0808265
-0.0790986
-0.0761754
-0.0764689
-0.0758859
-0.0753736
-0.0707842
-0.0713209
-0.0731352
0.00563158
0.0250643
0.0403601
-0.00234316
0.0180331
0.0349958
-0.0114541
0.00969896
0.0284555
0.0512669
0.0571513
0.0600058
0.0479616
0.0556881
0.0600949
0.0439221
0.0541304
0.0608345
0.0389066
0.0526243
0.062916
0.0336452
0.0515688
0.0665168
0.0284583
0.0512345
0.0718097
-0.0220337
-0.000387751
0.0202975
-0.0324939
-0.0107924
0.0116374
-0.0424411
-0.0211188
0.00284695
-0.0507859
-0.0302863
-0.00509754
-0.0547001
-0.0353197
-0.00968188
-0.0528274
-0.0350213
-0.0102193
0.0240691
0.0519513
0.078606
0.0217946
0.053305
0.084309
0.0213523
0.0537139
0.0858316
0.0211818
0.0497926
0.0779639
0.0180756
0.0380791
0.0573894
0.00849474
0.0159201
0.0228902
-0.0434104
-0.0282346
-0.00663968
-0.0280862
-0.0171035
-0.00163964
-0.0095096
-0.00506462
0.000982959
-0.0635084
-0.0650656
-0.0689901
-0.0555452
-0.057761
-0.0630916
-0.0465785
-0.0489925
-0.0548755
-0.0725395
-0.0720469
-0.0654203
-0.0688231
-0.070899
-0.0669757
-0.0616161
-0.065147
-0.0630656
-0.0493946
-0.0529685
-0.0517425
-0.032958
-0.0353355
-0.034249
-0.0121923
-0.0128834
-0.0121814
-0.0357952
-0.0378035
-0.0431215
-0.0238349
-0.0247905
-0.0285832
-0.00900369
-0.00916777
-0.0106081
-0.0858108
-0.0854
-0.0838958
-0.0810856
-0.0815536
-0.0810234
-0.071863
-0.0741227
-0.0756689
-0.0808266
-0.076469
-0.0707844
-0.0790988
-0.0758863
-0.0713215
-0.0761757
-0.075374
-0.0731358
-0.0698436
-0.0724279
-0.073544
-0.0590348
-0.06499
-0.0696041
-0.0431141
-0.0518858
-0.0596506
-0.057055
-0.0616644
-0.0659981
-0.0385797
-0.0451923
-0.0520278
-0.0172739
-0.0251169
-0.0336849
-0.0635086
-0.0555454
-0.0465788
-0.0650662
-0.0577616
-0.0489931
-0.0689908
-0.0630923
-0.0548762
-0.0357954
-0.023835
-0.00900377
-0.037804
-0.0247909
-0.00916792
-0.0431222
-0.0285837
-0.0106083
-0.0493951
-0.0329584
-0.0121924
-0.0529687
-0.0353356
-0.0128834
-0.0517422
-0.0342487
-0.0121813
-0.07254
-0.0688237
-0.0616168
-0.072047
-0.0708992
-0.0651473
-0.0654198
-0.0669753
-0.0630653
-0.0507846
-0.0546989
-0.0528262
-0.0302845
-0.0353177
-0.0350194
-0.00509515
-0.00967926
-0.0102166
-0.0434093
-0.0280854
-0.00950926
-0.0282328
-0.0171022
-0.00506409
-0.00663728
-0.0016379
0.000983633
0.0211847
0.0180776
0.0084955
0.0497956
0.0380812
0.0159208
0.0779667
0.0573912
0.0228908
0.0240718
0.0217977
0.0213555
0.0519542
0.0533084
0.0537173
0.0786088
0.0843123
0.0858349
0.00563283
-0.00234186
-0.0114528
0.0250655
0.0180345
0.0097004
0.0403611
0.034997
0.0284569
-0.0220324
-0.0324926
-0.0424398
-0.000386192
-0.0107907
-0.0211171
0.0202991
0.0116392
0.00284905
0.038908
0.0336471
0.0284606
0.0526256
0.0515705
0.0512368
0.0629171
0.0665184
0.0718119
0.0512677
0.0479626
0.0439233
0.0571518
0.0556888
0.0541313
0.0600061
0.0600954
0.0608352
0.0614743
0.0629837
0.0659214
0.0629836
0.0659866
0.071035
0.0659212
0.0710349
0.0786089
0.0716621
0.0802133
0.0915801
0.0801569
0.0931651
0.109785
0.091197
0.108233
0.129014
0.107596
0.128068
0.151305
0.128068
0.15041
0.173341
0.151305
0.173341
0.19274
0.0716616
0.0801567
0.0911969
0.0802125
0.0931647
0.108233
0.0915789
0.109784
0.129013
0.104839
0.11491
0.117134
0.128221
0.141163
0.142789
0.150713
0.164286
0.163348
0.104714
0.0751183
0.0290487
0.125416
0.088018
0.0332408
0.140199
0.0960903
0.0354588
0.147972
0.0984548
0.035365
0.146556
0.0942237
0.0328349
0.135701
0.0836486
0.0280902
0.173342
0.184277
0.178017
0.191975
0.196895
0.183265
0.204163
0.200143
0.177928
0.204853
0.190002
0.159514
0.190003
0.166284
0.131161
0.159515
0.131161
0.0964102
0.114505
0.0668011
0.021355
0.087869
0.0480046
0.0144453
0.0594276
0.0298344
0.00827456
0.0329263
0.0146844
0.00360463
0.0146845
0.00564908
0.00116998
0.00360468
0.00116998
0.000192827
0.114506
0.0878696
0.0594279
0.0668018
0.0480051
0.0298346
0.0213553
0.0144455
0.00827468
0.104838
0.12822
0.150712
0.114908
0.141161
0.164285
0.117132
0.142788
0.163347
0.173342
0.191975
0.204164
0.184277
0.196896
0.200144
0.178017
0.183265
0.177929
0.147972
0.146556
0.135702
0.0984552
0.0942245
0.0836494
0.0353652
0.0328352
0.0280905
0.104712
0.125414
0.140199
0.0751171
0.0880173
0.0960901
0.0290483
0.0332406
0.0354588
-0.085811
-0.0810857
-0.0718632
-0.0854002
-0.0815538
-0.0741229
-0.0838961
-0.0810235
-0.075669
-0.0570554
-0.0385804
-0.0172748
-0.0616648
-0.0451931
-0.025118
-0.0659984
-0.0520285
-0.033686
-0.0698438
-0.0590354
-0.0431152
-0.0724279
-0.0649905
-0.0518868
-0.0735439
-0.0696044
-0.0596516
-0.0808269
-0.0790989
-0.0761757
-0.0764693
-0.0758864
-0.0753739
-0.0707848
-0.0713214
-0.0731356
0.00563171
0.0250644
0.0403601
-0.00234316
0.0180331
0.0349958
-0.0114542
0.0096988
0.0284554
0.0512669
0.0571513
0.0600059
0.0479616
0.0556881
0.060095
0.043922
0.0541304
0.0608346
0.0389064
0.0526243
0.0629163
0.0336451
0.0515689
0.0665173
0.0284583
0.0512348
0.0718103
-0.0220339
-0.000387999
0.0202973
-0.0324942
-0.0107927
0.0116371
-0.0424414
-0.0211191
0.00284673
-0.0507861
-0.0302866
-0.0050977
-0.0547003
-0.0353199
-0.00968198
-0.0528275
-0.0350215
-0.0102193
0.0240691
0.0519516
0.0786066
0.0217947
0.0533054
0.0843096
0.0213523
0.0537141
0.085832
0.0211817
0.0497926
0.077964
0.0180755
0.038079
0.0573894
0.00849463
0.01592
0.0228902
-0.0434104
-0.0282347
-0.0066398
-0.0280862
-0.0171036
-0.00163979
-0.00950963
-0.00506469
0.000982861
-0.0635089
-0.065066
-0.0689904
-0.0555457
-0.0577614
-0.0630919
-0.046579
-0.0489929
-0.0548757
-0.0725397
-0.0720471
-0.0654205
-0.0688233
-0.0708992
-0.0669759
-0.0616163
-0.0651471
-0.0630657
-0.0493946
-0.0529685
-0.0517425
-0.032958
-0.0353355
-0.0342489
-0.0121923
-0.0128834
-0.0121814
-0.0357956
-0.0378038
-0.0431217
-0.0238351
-0.0247907
-0.0285833
-0.00900379
-0.00916781
-0.0106081
-0.0858111
-0.0854003
-0.0838962
-0.0810858
-0.0815539
-0.0810237
-0.0718632
-0.0741229
-0.0756691
-0.0808271
-0.0764695
-0.070785
-0.0790993
-0.0758868
-0.071322
-0.076176
-0.0753744
-0.0731363
-0.0698437
-0.072428
-0.0735442
-0.0590346
-0.0649899
-0.069604
-0.0431137
-0.0518854
-0.0596502
-0.057055
-0.0616645
-0.0659982
-0.0385796
-0.0451922
-0.0520277
-0.0172736
-0.0251166
-0.0336845
-0.0635092
-0.055546
-0.0465794
-0.0650668
-0.0577622
-0.0489937
-0.0689913
-0.0630929
-0.0548767
-0.0357959
-0.0238354
-0.0090039
-0.0378045
-0.0247913
-0.00916804
-0.0431226
-0.0285839
-0.0106084
-0.0493952
-0.0329584
-0.0121924
-0.0529684
-0.0353354
-0.0128833
-0.0517414
-0.034248
-0.012181
-0.0725403
-0.068824
-0.061617
-0.0720469
-0.0708991
-0.0651471
-0.0654192
-0.0669746
-0.0630645
-0.0507835
-0.0546975
-0.0528247
-0.0302827
-0.0353157
-0.0350171
-0.00509296
-0.00967662
-0.0102138
-0.0434078
-0.0280843
-0.00950882
-0.0282307
-0.0171007
-0.00506353
-0.00663472
-0.00163612
0.000984271
0.0211874
0.0180795
0.00849613
0.0497983
0.0380829
0.0159214
0.077969
0.0573926
0.0228912
0.0240743
0.0218007
0.0213587
0.0519568
0.0533115
0.0537205
0.0786114
0.0843153
0.0858378
0.00563332
-0.00234136
-0.0114522
0.0250661
0.018035
0.00970105
0.0403617
0.0349976
0.0284576
-0.0220318
-0.0324918
-0.0424389
-0.000385396
-0.0107897
-0.0211157
0.0202999
0.0116404
0.0028507
0.0389088
0.0336483
0.0284624
0.0526263
0.0515717
0.0512387
0.0629177
0.0665196
0.0718138
0.0512681
0.047963
0.0439238
0.057152
0.055689
0.0541317
0.0600062
0.0600954
0.0608354
0.0614743
0.0629836
0.0659215
0.0629836
0.0659866
0.0710352
0.0659215
0.0710352
0.0786094
0.0716626
0.0802144
0.0915819
0.0801576
0.0931664
0.109787
0.091198
0.108235
0.129016
0.107597
0.12807
0.151307
0.12807
0.150412
0.173342
0.151307
0.173342
0.192741
0.0716625
0.0801576
0.091198
0.0802144
0.0931664
0.108235
0.0915819
0.109787
0.129016
0.104842
0.114912
0.117137
0.128223
0.141165
0.142791
0.150715
0.164287
0.163348
0.104716
0.0751192
0.0290489
0.125416
0.0880182
0.0332407
0.140199
0.0960897
0.0354584
0.14797
0.0984533
0.0353643
0.146553
0.0942215
0.032834
0.135697
0.0836455
0.0280889
0.173344
0.184278
0.178016
0.191976
0.196894
0.183263
0.204163
0.200141
0.177925
0.204851
0.189998
0.159509
0.189998
0.166278
0.131154
0.159509
0.131155
0.0964036
0.1145
0.0667974
0.0213536
0.0878634
0.0480007
0.0144439
0.0594221
0.0298308
0.00827332
0.0329218
0.0146816
0.00360373
0.0146816
0.00564743
0.00116948
0.00360373
0.00116948
0.000192697
0.1145
0.0878634
0.0594221
0.0667975
0.0480008
0.0298308
0.0213536
0.0144439
0.00827331
0.104842
0.128223
0.150715
0.114912
0.141165
0.164288
0.117137
0.142791
0.163349
0.173344
0.191976
0.204163
0.184278
0.196895
0.200141
0.178016
0.183263
0.177925
0.147971
0.146553
0.135697
0.0984535
0.0942216
0.0836457
0.0353644
0.032834
0.028089
0.104716
0.125417
0.140199
0.0751193
0.0880183
0.0960898
0.029049
0.0332408
0.0354585
-0.0858109
-0.0810856
-0.0718631
-0.0854001
-0.0815537
-0.0741228
-0.083896
-0.0810235
-0.075669
-0.057055
-0.0385796
-0.0172737
-0.0616644
-0.0451923
-0.0251168
-0.0659981
-0.0520277
-0.0336847
-0.0698436
-0.0590347
-0.0431138
-0.0724279
-0.0649899
-0.0518855
-0.0735441
-0.069604
-0.0596503
-0.0808268
-0.079099
-0.0761758
-0.0764693
-0.0758866
-0.0753742
-0.0707848
-0.0713218
-0.0731361
0.00563309
0.0250658
0.0403614
-0.00234161
0.0180347
0.0349973
-0.0114525
0.00970072
0.0284572
0.0512679
0.0571519
0.0600061
0.0479627
0.0556888
0.0600953
0.0439235
0.0541315
0.0608352
0.0389085
0.052626
0.0629175
0.033648
0.0515714
0.0665194
0.0284621
0.0512384
0.0718136
-0.022032
-0.000385735
0.0202996
-0.0324921
-0.01079
0.01164
-0.0424391
-0.0211161
0.00285034
-0.0507837
-0.030283
-0.00509328
-0.0546977
-0.0353159
-0.0096769
-0.0528248
-0.0350173
-0.010214
0.024074
0.0519566
0.0786113
0.0218005
0.0533113
0.0843152
0.0213585
0.0537204
0.0858377
0.0211873
0.0497982
0.077969
0.0180794
0.0380828
0.0573926
0.00849609
0.0159214
0.0228913
-0.0434079
-0.0282309
-0.00663491
-0.0280844
-0.0171008
-0.00163625
-0.00950885
-0.00506357
0.000984223
-0.063509
-0.0650665
-0.068991
-0.0555458
-0.057762
-0.0630926
-0.0465792
-0.0489935
-0.0548765
-0.0725401
-0.0720468
-0.0654193
-0.0688238
-0.070899
-0.0669747
-0.0616169
-0.065147
-0.0630645
-0.0493951
-0.0529684
-0.0517414
-0.0329583
-0.0353353
-0.034248
-0.0121924
-0.0128833
-0.012181
-0.0357957
-0.0378044
-0.0431224
-0.0238353
-0.0247911
-0.0285838
-0.00900385
-0.00916799
-0.0106083
-0.0858108
-0.0854001
-0.0838959
-0.0810856
-0.0815536
-0.0810234
-0.0718632
-0.0741228
-0.0756689
-0.0808267
-0.0764691
-0.0707846
-0.0790988
-0.0758862
-0.0713213
-0.0761756
-0.0753738
-0.0731355
-0.0698438
-0.0724279
-0.0735439
-0.0590354
-0.0649905
-0.0696044
-0.0431152
-0.0518869
-0.0596516
-0.0570554
-0.0616648
-0.0659984
-0.0385805
-0.0451931
-0.0520285
-0.017275
-0.0251181
-0.0336861
-0.0635087
-0.0555455
-0.0465789
-0.0650659
-0.0577613
-0.0489928
-0.0689903
-0.0630918
-0.0548756
-0.0357954
-0.0238351
-0.00900375
-0.0378037
-0.0247906
-0.0091678
-0.0431216
-0.0285832
-0.0106081
-0.0493946
-0.032958
-0.0121923
-0.0529685
-0.0353355
-0.0128834
-0.0517425
-0.0342489
-0.0121814
-0.0725397
-0.0688233
-0.0616162
-0.0720471
-0.0708991
-0.0651471
-0.0654206
-0.0669759
-0.0630657
-0.0507862
-0.0547004
-0.0528276
-0.0302867
-0.03532
-0.0350215
-0.00509786
-0.00968213
-0.0102195
-0.0434104
-0.0280863
-0.00950964
-0.0282347
-0.0171037
-0.00506469
-0.00663987
-0.00163982
0.000982858
0.0211816
0.0180754
0.00849463
0.0497925
0.038079
0.01592
0.0779639
0.0573893
0.0228902
0.0240689
0.0217945
0.0213522
0.0519514
0.0533051
0.0537139
0.0786064
0.0843093
0.0858318
0.00563154
-0.00234332
-0.0114544
0.0250642
0.0180329
0.00969864
0.04036
0.0349956
0.0284552
-0.0220341
-0.0324943
-0.0424415
-0.00038815
-0.0107928
-0.0211193
0.0202971
0.011637
0.00284656
0.0389063
0.033645
0.0284581
0.0526242
0.0515687
0.0512345
0.0629162
0.0665171
0.07181
0.0512668
0.0479615
0.0439219
0.0571513
0.055688
0.0541303
0.0600059
0.0600949
0.0608345
0.0614743
0.0629835
0.0659211
0.0629837
0.0659865
0.0710348
0.0659214
0.0710349
0.0786087
0.0716614
0.0802123
0.0915787
0.0801566
0.0931645
0.109784
0.0911967
0.108233
0.129013
0.107596
0.128067
0.151305
0.128067
0.15041
0.17334
0.151305
0.17334
0.19274
0.0716619
0.0801567
0.0911968
0.0802131
0.0931648
0.108233
0.0915799
0.109784
0.129014
0.104837
0.114907
0.117132
0.128219
0.141161
0.142787
0.150712
0.164285
0.163347
0.104712
0.0751171
0.0290483
0.125414
0.0880173
0.0332406
0.140199
0.0960902
0.0354588
0.147972
0.0984552
0.0353652
0.146557
0.0942245
0.0328353
0.135702
0.0836495
0.0280905
0.173342
0.184277
0.178017
0.191975
0.196896
0.183265
0.204164
0.200144
0.177929
0.204853
0.190003
0.159515
0.190003
0.166284
0.131161
0.159514
0.131161
0.0964103
0.114506
0.0668019
0.0213553
0.0878696
0.0480051
0.0144455
0.0594279
0.0298347
0.00827468
0.0329263
0.0146845
0.00360468
0.0146844
0.00564908
0.00116999
0.00360464
0.00116998
0.000192827
0.114505
0.0878691
0.0594277
0.0668012
0.0480046
0.0298344
0.021355
0.0144453
0.00827456
0.104839
0.12822
0.150713
0.11491
0.141162
0.164286
0.117134
0.142789
0.163348
0.173342
0.191975
0.204163
0.184277
0.196895
0.200143
0.178017
0.183265
0.177928
0.147972
0.146556
0.135701
0.0984549
0.0942238
0.0836487
0.0353651
0.032835
0.0280902
0.104714
0.125416
0.140199
0.0751184
0.0880181
0.0960904
0.0290487
0.0332409
0.0354588
-0.0858108
-0.0810856
-0.071863
-0.0854
-0.0815536
-0.0741227
-0.0838958
-0.0810234
-0.0756689
-0.057055
-0.0385797
-0.0172739
-0.0616644
-0.0451924
-0.025117
-0.0659981
-0.0520278
-0.0336849
-0.0698436
-0.0590348
-0.0431141
-0.0724279
-0.0649901
-0.0518858
-0.073544
-0.0696041
-0.0596507
-0.0808266
-0.0790989
-0.0761757
-0.076469
-0.0758864
-0.075374
-0.0707844
-0.0713215
-0.0731359
0.00563281
0.0250655
0.0403611
-0.00234187
0.0180345
0.034997
-0.0114528
0.0097004
0.0284569
0.0512677
0.0571518
0.0600061
0.0479626
0.0556888
0.0600954
0.0439233
0.0541313
0.0608351
0.038908
0.0526255
0.062917
0.033647
0.0515704
0.0665183
0.0284605
0.0512367
0.0718117
-0.0220324
-0.000386187
0.0202991
-0.0324926
-0.0107907
0.0116392
-0.0424398
-0.0211171
0.00284903
-0.0507846
-0.0302845
-0.00509519
-0.0546989
-0.0353178
-0.00967932
-0.0528263
-0.0350194
-0.0102167
0.0240717
0.051954
0.0786087
0.0217976
0.0533083
0.0843122
0.0213554
0.0537172
0.0858348
0.0211846
0.0497955
0.0779667
0.0180776
0.0380812
0.0573913
0.0084955
0.0159209
0.0228908
-0.0434093
-0.0282329
-0.00663733
-0.0280854
-0.0171023
-0.00163793
-0.00950927
-0.0050641
0.000983629
-0.0635086
-0.0650662
-0.0689908
-0.0555454
-0.0577616
-0.0630924
-0.0465788
-0.0489931
-0.0548763
-0.07254
-0.072047
-0.0654198
-0.0688237
-0.0708992
-0.0669753
-0.0616168
-0.0651473
-0.0630653
-0.0493951
-0.0529687
-0.0517422
-0.0329584
-0.0353356
-0.0342487
-0.0121924
-0.0128834
-0.0121813
-0.0357954
-0.037804
-0.0431222
-0.023835
-0.0247909
-0.0285837
-0.00900377
-0.00916792
-0.0106083
-0.0858109
-0.0854
-0.0838957
-0.0810857
-0.0815536
-0.0810232
-0.0718632
-0.0741228
-0.0756688
-0.0808265
-0.0764689
-0.0707842
-0.0790986
-0.0758859
-0.071321
-0.0761754
-0.0753736
-0.0731353
-0.0698436
-0.0724277
-0.0735436
-0.0590352
-0.0649903
-0.0696042
-0.043115
-0.0518866
-0.0596513
-0.0570555
-0.0616648
-0.0659983
-0.0385805
-0.0451931
-0.0520284
-0.017275
-0.025118
-0.0336859
-0.0635084
-0.0555452
-0.0465785
-0.0650656
-0.057761
-0.0489925
-0.0689901
-0.0630916
-0.0548755
-0.0357952
-0.0238349
-0.00900369
-0.0378035
-0.0247905
-0.00916777
-0.0431215
-0.0285832
-0.0106081
-0.0493946
-0.032958
-0.0121923
-0.0529685
-0.0353355
-0.0128834
-0.0517425
-0.034249
-0.0121814
-0.0725395
-0.0688231
-0.0616161
-0.0720469
-0.070899
-0.065147
-0.0654203
-0.0669757
-0.0630656
-0.0507859
-0.0547001
-0.0528274
-0.0302863
-0.0353197
-0.0350213
-0.00509754
-0.00968188
-0.0102193
-0.0434104
-0.0280862
-0.0095096
-0.0282346
-0.0171035
-0.00506462
-0.00663968
-0.00163964
0.000982959
0.0211818
0.0180756
0.00849474
0.0497926
0.0380791
0.0159201
0.0779639
0.0573894
0.0228902
0.0240691
0.0217946
0.0213523
0.0519513
0.053305
0.0537139
0.078606
0.084309
0.0858316
0.00563158
-0.00234316
-0.0114541
0.0250643
0.0180331
0.00969896
0.0403601
0.0349958
0.0284555
-0.0220337
-0.0324939
-0.0424411
-0.000387751
-0.0107924
-0.0211188
0.0202975
0.0116374
0.00284695
0.0389066
0.0336452
0.0284583
0.0526243
0.0515688
0.0512345
0.062916
0.0665168
0.0718097
0.0512669
0.0479616
0.0439221
0.0571513
0.0556881
0.0541304
0.0600058
0.0600949
0.0608345
0.0614742
0.0629834
0.0659208
0.0629834
0.0659862
0.0710344
0.0659209
0.0710344
0.078608
0.071661
0.0802117
0.0915779
0.0801558
0.0931635
0.109783
0.0911957
0.108232
0.129012
0.107594
0.128066
0.151303
0.128066
0.150408
0.173339
0.151303
0.173339
0.19274
0.0716611
0.0801559
0.0911957
0.0802118
0.0931635
0.108232
0.091578
0.109783
0.129012
0.104836
0.114907
0.117131
0.128218
0.14116
0.142787
0.150711
0.164284
0.163347
0.104712
0.075117
0.0290483
0.125414
0.0880173
0.0332407
0.140199
0.0960904
0.0354589
0.147973
0.0984559
0.0353656
0.146558
0.0942258
0.0328358
0.135705
0.0836515
0.0280913
0.173341
0.184276
0.178017
0.191974
0.196896
0.183266
0.204164
0.200146
0.177932
0.204856
0.190006
0.159519
0.190006
0.166289
0.131166
0.159519
0.131166
0.0964154
0.11451
0.0668044
0.0213563
0.0878738
0.0480079
0.0144464
0.059432
0.0298372
0.00827551
0.0329296
0.0146864
0.00360527
0.0146863
0.00565017
0.0011703
0.00360526
0.0011703
0.000192909
0.11451
0.0878739
0.059432
0.0668045
0.0480079
0.0298372
0.0213563
0.0144464
0.0082755
0.104836
0.128218
0.150711
0.114907
0.14116
0.164284
0.117132
0.142787
0.163347
0.173341
0.191975
0.204164
0.184277
0.196896
0.200146
0.178017
0.183267
0.177932
0.147973
0.146558
0.135705
0.0984561
0.094226
0.0836516
0.0353657
0.0328359
0.0280913
0.104712
0.125414
0.140199
0.0751171
0.0880175
0.0960906
0.0290484
0.0332407
0.035459
-0.0858102
-0.0810851
-0.0718628
-0.0853993
-0.0815531
-0.0741225
-0.0838951
-0.0810227
-0.0756685
-0.0570553
-0.0385804
-0.0172748
-0.0616646
-0.045193
-0.0251179
-0.0659982
-0.0520283
-0.0336858
-0.0698435
-0.0590352
-0.043115
-0.0724277
-0.0649904
-0.0518866
-0.0735437
-0.0696043
-0.0596514
-0.0808258
-0.0790981
-0.0761752
-0.0764682
-0.0758855
-0.0753734
-0.0707836
-0.0713206
-0.0731351
0.00563175
0.0250645
0.0403603
-0.002343
0.0180333
0.034996
-0.011454
0.00969912
0.0284557
0.0512671
0.0571514
0.0600059
0.0479618
0.0556882
0.060095
0.0439223
0.0541306
0.0608346
0.0389067
0.0526244
0.0629162
0.0336454
0.0515689
0.0665169
0.0284584
0.0512346
0.0718098
-0.0220337
-0.000387636
0.0202976
-0.0324939
-0.0107923
0.0116375
-0.0424412
-0.0211189
0.00284699
-0.050786
-0.0302864
-0.00509757
-0.0547003
-0.0353198
-0.00968197
-0.0528276
-0.0350215
-0.0102194
0.0240691
0.0519513
0.078606
0.0217945
0.053305
0.084309
0.0213522
0.0537139
0.0858316
0.0211817
0.0497926
0.077964
0.0180756
0.0380791
0.0573895
0.00849473
0.0159201
0.0228902
-0.0434105
-0.0282347
-0.00663981
-0.0280863
-0.0171036
-0.00163972
-0.00950964
-0.00506465
0.000982934
-0.0635078
-0.0650653
-0.06899
-0.0555447
-0.0577608
-0.0630915
-0.0465781
-0.0489923
-0.0548755
-0.0725396
-0.072047
-0.0654205
-0.0688232
-0.0708992
-0.0669759
-0.0616163
-0.0651472
-0.0630658
-0.0493947
-0.0529687
-0.0517427
-0.0329581
-0.0353356
-0.0342491
-0.0121923
-0.0128835
-0.0121815
-0.0357949
-0.0378034
-0.0431216
-0.0238347
-0.0247905
-0.0285833
-0.00900364
-0.00916777
-0.0106082
