FiniteElementSpace
FiniteElementCollection: H1_2D_P4
VDim: 1
Ordering: 0

0.0283793
0
0
0
0
0
0
0
0
0
0
0.0429275
0
0
0.0429276
0
0
0.042927
0
0
0.042927
0
0
0.0429276
0
0
0.233609
0.233609
0.23361
0.233611
0.233609
0.0334018
0.0871179
0.0871181
0.0334017
0.0871183
0.0871171
0.0334017
0.0871163
0.0871161
0.0334017
0.0871168
0.0871182
0.0334017
0.0871181
0.0871179
-0.170697
0
-1.36758
0
0
-1.36758
0
-0.170698
0
-1.36757
0
0
-1.36758
0
-0.1707
0
-1.36758
0
0
-1.36758
0
-0.170701
0
-1.36758
0
0
-1.36757
0
-0.170698
0
-1.36758
0
0
-1.36758
0
0.0453354
0.0453354
0.0453353
0.0453353
0.0453354
-0.419737
0.357746
-0.419739
-0.419737
0.357724
-0.419732
-0.419728
0.3577
-0.419728
-0.419731
0.357722
-0.419736
-0.419739
0.357746
-0.419737
0.0284934
0.0369289
0.0369289
0.0284934
0.0411177
0.0458514
0.0645048
0.193263
0.193263
0.0645049
0.0458516
0.0411177
0.0369289
0.0369289
0.0284934
0.0458519
0.0645048
0.193263
0.193262
0.0645047
0.0458509
0.0411176
0.0369289
0.0369289
0.0284934
0.0458506
0.0645045
0.193261
0.19326
0.0645044
0.0458505
0.0411176
0.0369289
0.0369289
0.0284934
0.0458509
0.0645046
0.193261
0.193262
0.0645047
0.0458519
0.0411177
0.0369289
0.0369289
0.0458516
0.0645049
0.193263
0.193263
0.0645048
0.0458514
-0.0476953
-0.179289
0.0247487
0.178264
0
-1.04918
0
-0.96989
-0.953272
-0.355879
-0.746554
-0.746554
-0.35588
0
0.467151
0
0
0.467151
0
-0.969889
0.0247488
-0.17929
-0.0476947
-0.953273
0
-1.04919
0
0.178258
-0.17929
0.0247497
0
-1.04919
0
-0.969901
-0.953268
-0.355873
-0.746575
-0.746591
-0.355866
0
0.467157
0
0
0.467156
0
-0.969946
0.0247455
-0.17929
-0.0476977
-0.953258
0
-1.04916
0
0.17827
-0.17929
0.0247437
0
-1.04915
0
-0.969972
-0.95325
-0.355856
-0.746619
-0.74662
-0.355857
0
0.46716
0
0
0.467159
0
-0.969974
0.0247431
-0.17929
-0.0476979
-0.95325
0
-1.04914
0
0.178271
-0.17929
0.0247453
0
-1.04916
0
-0.969949
-0.953255
-0.355861
-0.746595
-0.746579
-0.355867
0
0.467156
0
0
0.467157
0
-0.969904
0.0247501
-0.17929
-0.0476947
-0.953264
0
-1.04919
0
0.178258
-0.17929
0.0247488
0
-1.04919
0
-0.969889
-0.953273
-0.35588
-0.746554
-0.746554
-0.355879
0
0.467151
0
0
0.467151
0
-0.96989
0.0247487
-0.179289
-0.953272
0
-1.04918
0
0.0308491
0.04768
0.107863
0.04768
0.0308491
0.0476801
0.107862
0.04768
0.0308491
0.0476799
0.107862
0.0476799
0.0308491
0.04768
0.107862
0.0476801
0.0308491
0.04768
0.107863
0.04768
-0.0588814
-0.101553
-1.65673
0.0730779
-1.10697
0.184488
0.183544
0.184488
-0.0588809
0.0730774
-1.65673
-0.101559
-0.0588802
-0.101559
-1.65673
0.0730792
-1.10697
0.184474
0.183553
0.184451
-0.0588839
0.0730779
-1.65673
-0.10154
-0.0588848
-0.101533
-1.65673
0.0730788
-1.10696
0.184431
0.183559
0.18443
-0.0588852
0.0730783
-1.65673
-0.101532
-0.058884
-0.101539
-1.65673
0.0730789
-1.10696
0.18445
0.183553
0.184473
-0.05888
0.0730812
-1.65673
-0.101559
-0.0588809
-0.101559
-1.65673
0.0730774
-1.10697
0.184488
0.183544
0.184488
-0.0588814
0.0730779
-1.65673
-0.101553
0.0272822
0.0276133
0.0277162
0.0289429
0.0291406
0.0301563
0.0289429
0.0291406
0.0301562
0.0272822
0.0276133
0.0277162
0.0314095
0.0293815
0.0282952
0.0332545
0.034482
0.0359617
0.0349334
0.0330636
0.0313007
0.0435604
0.0405051
0.0381474
0.0435604
0.040505
0.0381474
0.0349334
0.0330637
0.0313007
0.0332545
0.034482
0.0359617
0.0314094
0.0293815
0.0282952
0.0346591
0.0364416
0.0396197
0.0418111
0.0437801
0.0457239
0.0376973
0.041464
0.0451201
0.0456064
0.0455954
0.0432482
0.0420324
0.0416937
0.0434418
0.0496382
0.0518932
0.0490196
0.0754104
0.059204
0.0488465
0.0844546
0.0772187
0.0680107
0.0598792
0.054155
0.0496848
0.0479314
0.053366
0.0599538
0.0688521
0.0807421
0.0968182
0.0688521
0.0807421
0.0968182
0.0479314
0.053366
0.0599538
0.100967
0.132416
0.171433
0.178389
0.14752
0.119787
0.251655
0.246912
0.214581
0.251655
0.246912
0.214581
0.178389
0.14752
0.119787
0.100967
0.132416
0.171433
0.0844547
0.0772188
0.0680108
0.0376973
0.041464
0.0451202
0.0418111
0.0437801
0.045724
0.0346591
0.0364416
0.0396197
0.0598792
0.0541551
0.0496849
0.0754106
0.0592042
0.0488466
0.0496383
0.0518933
0.0490196
0.0420326
0.0416939
0.043442
0.0456066
0.0455955
0.0432483
0.0289429
0.0291406
0.0301563
0.0289429
0.0291406
0.0301563
0.0272822
0.0276133
0.0277162
0.0332545
0.034482
0.0359617
0.0349334
0.0330636
0.0313007
0.0435605
0.0405051
0.0381474
0.0435604
0.0405051
0.0381474
0.0349334
0.0330637
0.0313007
0.0332545
0.0344819
0.0359617
0.0314094
0.0293815
0.0282952
0.0418111
0.0437801
0.045724
0.0376973
0.041464
0.0451202
0.0420327
0.0416941
0.0434423
0.0496385
0.0518934
0.0490197
0.0754109
0.0592045
0.048847
0.0844549
0.0772189
0.0680108
0.0598792
0.0541551
0.0496849
0.0479315
0.053366
0.0599538
0.0688521
0.0807421
0.0968181
0.068852
0.080742
0.096818
0.0479315
0.053366
0.0599538
0.100967
0.132416
0.171433
0.178389
0.14752
0.119786
0.251655
0.246912
0.214581
0.251655
0.246911
0.21458
0.178388
0.14752
0.119786
0.100966
0.132415
0.171432
0.0844541
0.0772185
0.0680106
0.0376973
0.041464
0.0451201
0.041811
0.0437801
0.0457239
0.0346591
0.0364416
0.0396196
0.0598791
0.054155
0.0496848
0.0754097
0.0592034
0.048846
0.0496378
0.051893
0.0490195
0.0420321
0.0416933
0.0434414
0.0456062
0.0455953
0.0432482
0.0289429
0.0291406
0.0301562
0.0289429
0.0291406
0.0301562
0.0272822
0.0276133
0.0277162
0.0332545
0.0344819
0.0359617
0.0349334
0.0330636
0.0313007
0.0435603
0.040505
0.0381473
0.0435604
0.040505
0.0381473
0.0349334
0.0330636
0.0313007
0.0332545
0.0344819
0.0359617
0.0314094
0.0293815
0.0282952
0.041811
0.04378
0.0457239
0.0376972
0.041464
0.04512
0.042032
0.0416932
0.0434411
0.0496376
0.0518929
0.0490194
0.075409
0.0592029
0.0488456
0.0844534
0.077218
0.0680103
0.0598789
0.0541548
0.0496847
0.0479313
0.0533659
0.0599536
0.0688517
0.0807415
0.0968174
0.0688517
0.0807415
0.0968174
0.0479313
0.0533659
0.0599535
0.100965
0.132413
0.17143
0.178387
0.147518
0.119785
0.251655
0.24691
0.214579
0.251655
0.24691
0.214579
0.178387
0.147518
0.119785
0.100965
0.132413
0.17143
0.0844533
0.077218
0.0680103
0.0376972
0.041464
0.04512
0.041811
0.04378
0.0457239
0.0346591
0.0364416
0.0396196
0.0598789
0.0541548
0.0496847
0.0754088
0.0592028
0.0488455
0.0496376
0.0518929
0.0490194
0.042032
0.0416931
0.0434411
0.0456062
0.0455953
0.0432482
0.0289429
0.0291406
0.0301563
0.0289429
0.0291406
0.0301563
0.0272822
0.0276133
0.0277162
0.0332545
0.0344819
0.0359617
0.0349334
0.0330637
0.0313007
0.0435604
0.040505
0.0381474
0.0435604
0.0405051
0.0381474
0.0349334
0.0330636
0.0313007
0.0332545
0.034482
0.0359617
0.0314094
0.0293815
0.0282952
0.041811
0.04378
0.0457239
0.0376973
0.041464
0.0451201
0.042032
0.0416933
0.0434414
0.0496378
0.051893
0.0490195
0.0754095
0.0592033
0.048846
0.0844538
0.0772183
0.0680105
0.059879
0.0541549
0.0496847
0.0479314
0.053366
0.0599537
0.0688519
0.0807418
0.0968178
0.068852
0.0807419
0.0968178
0.0479314
0.053366
0.0599538
0.100966
0.132414
0.171431
0.178388
0.147519
0.119786
0.251655
0.246911
0.21458
0.251655
0.246911
0.214581
0.178388
0.147519
0.119786
0.100967
0.132415
0.171432
0.0844548
0.0772188
0.0680107
0.0376973
0.041464
0.0451202
0.0418111
0.0437801
0.045724
0.0346591
0.0364416
0.0396197
0.0598792
0.054155
0.0496849
0.0754108
0.0592045
0.048847
0.0496386
0.0518934
0.0490197
0.0420327
0.0416941
0.0434423
0.0456066
0.0455955
0.0432483
0.0289429
0.0291406
0.0301562
0.0289429
0.0291406
0.0301563
0.0332545
0.034482
0.0359617
0.0349334
0.0330637
0.0313007
0.0435604
0.040505
0.0381474
0.0435604
0.0405051
0.0381474
0.0349334
0.0330636
0.0313007
0.0332545
0.034482
0.0359617
0.0418111
0.0437801
0.045724
0.0376973
0.041464
0.0451202
0.0420326
0.0416939
0.043442
0.0496383
0.0518933
0.0490196
0.0754106
0.0592042
0.0488466
0.0844547
0.0772188
0.0680108
0.0598792
0.0541551
0.0496848
0.0479314
0.053366
0.0599538
0.0688521
0.0807421
0.0968182
0.0688521
0.0807421
0.0968182
0.0479314
0.053366
0.0599538
0.100967
0.132416
0.171433
0.178389
0.14752
0.119787
0.251655
0.246912
0.214581
0.251655
0.246912
0.214581
0.178389
0.14752
0.119787
0.100967
0.132416
0.171433
0.0844546
0.0772187
0.0680107
0.0376973
0.041464
0.0451201
0.0418111
0.0437801
0.0457239
0.0598792
0.054155
0.0496848
0.0754104
0.059204
0.0488465
0.0496382
0.0518932
0.0490196
0.0420324
0.0416937
0.0434418
0.038264
0.0178431
-0.0200926
-0.0558579
-0.064794
-0.0642077
0.0379414
0.0121417
-0.031121
-0.173524
-0.13903
-0.0789458
-0.165605
-0.159863
-0.166787
-0.176448
-0.144085
-0.0901681
-0.355594
-0.26134
-0.199828
-0.302331
-0.127102
-0.0136879
0.00509665
-0.0279969
-0.0512287
0.0878916
0.0800025
0.0517837
-0.146152
-0.0441143
0.105436
0.189883
0.142953
0.00749528
-0.173208
-0.142222
-0.109705
0.126715
0.249083
0.235507
0
0
0
-0.0554235
-0.0965322
-0.0976715
0
0
0
-0.326527
-0.806723
-1.03258
-0.868872
-0.531228
-0.231157
-0.549704
-0.806398
-1.00258
-1.21655
-1.48267
-1.63426
-1.1881
-1.55478
-1.70141
-0.492914
-0.657448
-0.847116
0
0
0
-0.37158
-1.0392
-1.51998
0
0
0
-0.105885
-0.396423
-0.76777
-1.16759
-1.47001
-1.63373
-1.43251
-1.39083
-1.15048
-1.34857
-1.23482
-1.05797
0.0443926
0.0755448
0.084358
0.204074
0.201909
0.141739
-0.71543
-0.313945
-0.026787
-1.24954
-0.923146
-0.544924
-0.232596
-0.054916
0.0473344
0.196655
0.0564488
-0.187329
-0.494332
-0.772903
-1.0179
-0.494333
-0.772903
-1.0179
0.196655
0.0564484
-0.18733
-1.35098
-1.21179
-0.935973
-0.912307
-1.12092
-1.15824
0.215872
-0.135725
-0.539732
0.215872
-0.135725
-0.539732
-0.912307
-1.12092
-1.15824
-1.35098
-1.21179
-0.935973
-1.24955
-0.923148
-0.544925
-0.752871
-0.338835
0.028869
-0.559859
-0.198968
0.0887235
0
0
0
0.0948058
0.224488
0.238441
0
0
0
0.0776255
0.23695
0.397918
0.487222
0.453626
0.31027
0.463781
0.556101
0.523951
0.434474
0.33926
0.236857
0.434474
0.33926
0.236857
0.463781
0.556101
0.523951
0
0
0
0.0196334
0.0691962
0.140132
0
0
0
0
0
0
0.0196334
0.0691962
0.140132
0
0
0
0.0776256
0.23695
0.397918
-0.559859
-0.198968
0.0887235
-0.75287
-0.338835
0.028869
-1.43251
-1.39083
-1.15048
0.487222
0.453626
0.31027
0
0
0
0.0948058
0.224488
0.238441
0
0
0
-0.105885
-0.396422
-0.767769
0.0379416
0.012142
-0.0311206
-0.0558573
-0.0647934
-0.0642072
0.0382643
0.0178435
-0.020092
0.0878918
0.0800026
0.0517839
0.00509686
-0.0279966
-0.0512282
-0.302332
-0.127102
-0.0136879
-0.355596
-0.261342
-0.199829
-0.176449
-0.144085
-0.0901676
-0.165605
-0.159865
-0.166789
-0.173524
-0.139029
-0.0789451
0.204074
0.201908
0.141738
0.0443926
0.0755446
0.0843576
-0.232597
-0.0549168
0.0473337
-1.34857
-1.23482
-1.05797
-0.715432
-0.313946
-0.0267878
-0.492916
-0.65745
-0.847117
-1.1881
-1.55478
-1.70141
-1.21656
-1.48267
-1.63426
-0.549706
-0.806401
-1.00259
-1.16759
-1.47001
-1.63373
0
0
0
-0.37158
-1.0392
-1.51998
0
0
0
-0.326528
-0.806725
-1.03259
-0.17321
-0.142226
-0.109711
0.189877
0.142948
0.00748963
-0.146153
-0.0441172
0.105431
-0.868876
-0.531233
-0.231162
0
0
0
-0.0554249
-0.096536
-0.0976769
0
0
0
0.126713
0.249078
0.235501
-0.0558572
-0.064793
-0.0642065
0.037942
0.0121426
-0.0311199
-0.165605
-0.159865
-0.166789
-0.176448
-0.144084
-0.0901669
-0.355595
-0.261342
-0.199829
-0.30233
-0.127101
-0.0136868
0.00509778
-0.0279957
-0.0512274
0.0878922
0.0800032
0.0517847
0.189877
0.142947
0.00748889
-0.17321
-0.142227
-0.109711
0
0
0
-0.0554247
-0.0965359
-0.0976771
0
0
0
-0.326527
-0.806723
-1.03258
-0.868874
-0.531232
-0.231162
-0.549704
-0.806399
-1.00258
-1.21655
-1.48267
-1.63426
-1.1881
-1.55478
-1.70141
-0.492914
-0.657446
-0.847113
0
0
0
-0.371582
-1.0392
-1.51998
0
0
0
-0.105888
-0.396431
-0.767781
-1.1676
-1.47001
-1.63373
-1.43251
-1.39084
-1.15049
-1.34857
-1.23481
-1.05797
0.0443935
0.0755457
0.084359
0.204074
0.201909
0.14174
-0.715426
-0.313942
-0.0267852
-1.24954
-0.923141
-0.544917
-0.232591
-0.0549128
0.0473361
0.196657
0.0564523
-0.187324
-0.494323
-0.772892
-1.01789
-0.494317
-0.772888
-1.01789
0.196657
0.0564542
-0.187319
-1.35099
-1.21179
-0.935989
-0.912325
-1.12093
-1.15824
0.215847
-0.135753
-0.539757
0.215844
-0.135761
-0.539771
-0.912336
-1.12094
-1.15824
-1.35099
-1.21181
-0.936007
-1.24954
-0.923132
-0.544909
-0.752884
-0.338851
0.0288534
-0.559881
-0.19899
0.0887064
0
0
0
0.0948049
0.224484
0.238431
0
0
0
0.077628
0.236956
0.397924
0.487224
0.453621
0.310259
0.463766
0.556096
0.523954
0.434482
0.33927
0.236866
0.434482
0.33927
0.236867
0.463764
0.556093
0.523952
0
0
0
0.0196347
0.0692004
0.140139
0
0
0
0
0
0
0.0196348
0.0692007
0.14014
0
0
0
0.0776284
0.236957
0.397924
-0.559902
-0.199015
0.0886807
-0.752929
-0.338891
0.028824
-1.43252
-1.39086
-1.15054
0.487222
0.453613
0.310241
0
0
0
0.0948014
0.224472
0.238411
0
0
0
-0.105902
-0.396467
-0.767826
0.0379407
0.0121404
-0.031123
-0.0558602
-0.0647963
-0.06421
0.0382635
0.0178421
-0.0200944
0.0878905
0.0800005
0.0517809
0.00509355
-0.0279997
-0.0512312
-0.302329
-0.127104
-0.0136911
-0.355591
-0.26134
-0.199829
-0.176451
-0.144088
-0.090171
-0.165607
-0.159866
-0.166789
-0.173528
-0.139033
-0.0789485
0.204073
0.201907
0.141738
0.0443894
0.0755421
0.0843567
-0.232585
-0.0549103
0.0473359
-1.34857
-1.2348
-1.05796
-0.715418
-0.313939
-0.0267855
-0.492907
-0.657438
-0.847103
-1.18808
-1.55477
-1.7014
-1.21653
-1.48265
-1.63425
-0.549695
-0.80638
-1.00256
-1.16764
-1.47004
-1.63374
0
0
0
-0.371587
-1.03921
-1.51998
0
0
0
-0.32652
-0.806703
-1.03256
-0.173208
-0.142217
-0.109695
0.189889
0.142961
0.00750604
-0.146154
-0.0441133
0.10544
-0.868846
-0.531207
-0.231141
0
0
0
-0.055417
-0.096518
-0.0976565
0
0
0
0.126719
0.249091
0.235515
-0.0558604
-0.0647967
-0.0642108
0.0379403
0.0121398
-0.0311239
-0.165607
-0.159866
-0.166789
-0.176451
-0.144089
-0.090172
-0.355588
-0.261338
-0.199828
-0.302327
-0.127104
-0.0136928
0.00509177
-0.0280012
-0.0512324
0.0878895
0.079999
0.0517791
0.18989
0.142963
0.00751082
-0.173206
-0.142214
-0.109689
0
0
0
-0.0554146
-0.0965124
-0.0976499
0
0
0
-0.326517
-0.806694
-1.03254
-0.868834
-0.531196
-0.231133
-0.549689
-0.80637
-1.00255
-1.21652
-1.48264
-1.63425
-1.18808
-1.55476
-1.7014
-0.492903
-0.657431
-0.847095
0
0
0
-0.37159
-1.03921
-1.51999
0
0
0
-0.105909
-0.396485
-0.767851
-1.16766
-1.47005
-1.63374
-1.43253
-1.39088
-1.15056
-1.34857
-1.2348
-1.05795
0.0443876
0.0755408
0.0843566
0.204071
0.201906
0.141738
-0.715411
-0.313934
-0.0267833
-1.24953
-0.923122
-0.544898
-0.232577
-0.054905
0.0473381
0.196659
0.0564595
-0.18731
-0.494305
-0.772874
-1.01788
-0.494305
-0.772874
-1.01788
0.196659
0.0564593
-0.18731
-1.351
-1.21182
-0.93603
-0.91236
-1.12095
-1.15824
0.215815
-0.135794
-0.539802
0.215815
-0.135794
-0.539803
-0.912361
-1.12095
-1.15824
-1.351
-1.21182
-0.936031
-1.24953
-0.923122
-0.544898
-0.752957
-0.338919
0.0288008
-0.559932
-0.199045
0.0886569
0
0
0
0.0947996
0.224465
0.238395
0
0
0
0.07763
0.236961
0.397929
0.487223
0.453606
0.310226
0.463746
0.556087
0.523954
0.434488
0.339278
0.236874
0.434487
0.339278
0.236874
0.463746
0.556087
0.523953
0
0
0
0.0196356
0.0692034
0.140145
0
0
0
0
0
0
0.0196355
0.0692034
0.140145
0
0
0
0.0776299
0.23696
0.397929
-0.559933
-0.199047
0.0886552
-0.752959
-0.338921
0.0287989
-1.43253
-1.39088
-1.15056
0.487222
0.453605
0.310225
0
0
0
0.0947993
0.224464
0.238394
0
0
0
-0.10591
-0.396487
-0.767853
0.0379401
0.0121396
-0.0311242
-0.0558606
-0.064797
-0.0642112
0.0382634
0.017842
-0.0200946
0.0878892
0.0799986
0.0517786
0.00509122
-0.0280017
-0.0512328
-0.302327
-0.127105
-0.0136934
-0.355588
-0.261338
-0.199828
-0.176451
-0.14409
-0.0901724
-0.165608
-0.159866
-0.166789
-0.173528
-0.139034
-0.0789488
0.204071
0.201905
0.141737
0.044387
0.0755402
0.084356
-0.232577
-0.0549054
0.0473377
-1.34857
-1.2348
-1.05795
-0.715411
-0.313934
-0.0267838
-0.492903
-0.657431
-0.847095
-1.18808
-1.55476
-1.7014
-1.21651
-1.48264
-1.63424
-0.549689
-0.806369
-1.00254
-1.16766
-1.47005
-1.63374
0
0
0
-0.371591
-1.03921
-1.51999
0
0
0
-0.326516
-0.806693
-1.03254
-0.173206
-0.142214
-0.109688
0.18989
0.142964
0.007512
-0.146154
-0.0441132
0.105441
-0.868832
-0.531194
-0.231131
0
0
0
-0.0554138
-0.0965108
-0.0976484
0
0
0
0.126719
0.249091
0.235515
-0.0558604
-0.0647964
-0.0642101
0.0379406
0.0121404
-0.0311231
-0.165608
-0.159866
-0.166789
-0.176451
-0.144089
-0.0901711
-0.35559
-0.261339
-0.199829
-0.302328
-0.127103
-0.0136912
0.00509335
-0.0279999
-0.0512313
0.0878903
0.0800002
0.0517806
0.189889
0.142961
0.0075063
-0.173208
-0.142217
-0.109694
0
0
0
-0.055417
-0.0965178
-0.0976562
0
0
0
-0.32652
-0.806703
-1.03256
-0.868845
-0.531206
-0.23114
-0.549694
-0.806379
-1.00256
-1.21653
-1.48265
-1.63425
-1.18808
-1.55476
-1.7014
-0.492906
-0.657436
-0.8471
0
0
0
-0.371588
-1.03921
-1.51999
0
0
0
-0.105902
-0.396468
-0.767829
-1.16764
-1.47004
-1.63374
-1.43252
-1.39087
-1.15054
-1.34857
-1.2348
-1.05796
0.0443893
0.0755422
0.0843573
0.204072
0.201907
0.141738
-0.715415
-0.313936
-0.0267838
-1.24954
-0.923127
-0.544903
-0.23258
-0.0549071
0.0473376
0.196659
0.0564584
-0.187313
-0.494311
-0.772883
-1.01789
-0.494317
-0.772886
-1.01789
0.196659
0.0564569
-0.187318
-1.35099
-1.21181
-0.93601
-0.91234
-1.12094
-1.15824
0.215842
-0.135764
-0.539775
0.215844
-0.135756
-0.539761
-0.912328
-1.12093
-1.15824
-1.35099
-1.2118
-0.935993
-1.24954
-0.923135
-0.544911
-0.752932
-0.338893
0.0288223
-0.559906
-0.199019
0.0886788
0
0
0
0.0948014
0.224472
0.23841
0
0
0
0.0776285
0.236957
0.397925
0.487222
0.453613
0.310241
0.463763
0.556093
0.523952
0.434482
0.339271
0.236867
0.434482
0.33927
0.236867
0.463765
0.556096
0.523954
0
0
0
0.0196348
0.0692007
0.14014
0
0
0
0
0
0
0.0196347
0.0692004
0.14014
0
0
0
0.077628
0.236956
0.397925
-0.559885
-0.198993
0.0887048
-0.752887
-0.338853
0.0288521
-1.43251
-1.39084
-1.1505
0.487225
0.453621
0.310259
0
0
0
0.094805
0.224484
0.23843
0
0
0
-0.105888
-0.396432
-0.767783
0.0379421
0.0121427
-0.0311197
-0.0558571
-0.0647929
-0.0642063
0.0382643
0.0178435
-0.020092
0.0878921
0.0800033
0.0517849
0.00509809
-0.0279954
-0.0512272
-0.302329
-0.1271
-0.0136863
-0.355594
-0.261341
-0.199829
-0.176448
-0.144084
-0.0901667
-0.165605
-0.159865
-0.166789
-0.173524
-0.139029
-0.0789451
0.204074
0.201909
0.141741
0.044394
0.0755465
0.0843605
-0.232585
-0.0549086
0.0473388
-1.34857
-1.23481
-1.05796
-0.715422
-0.313938
-0.0267825
-0.492912
-0.657443
-0.847109
-1.18809
-1.55477
-1.70141
-1.21655
-1.48267
-1.63426
-0.549703
-0.806397
-1.00258
-1.1676
-1.47001
-1.63373
0
0
0
-0.371582
-1.0392
-1.51998
0
0
0
-0.326527
-0.806723
-1.03258
-0.17321
-0.142227
-0.109711
0.189877
0.142947
0.00748892
-0.146153
-0.0441172
0.105431
-0.868874
-0.531232
-0.231162
0
0
0
-0.0554247
-0.0965358
-0.097677
0
0
0
0.126713
0.249078
0.235501
-0.0558573
-0.0647934
-0.0642072
0.0379416
0.012142
-0.0311206
-0.165605
-0.159865
-0.166789
-0.176449
-0.144085
-0.0901676
-0.355596
-0.261342
-0.199829
-0.302332
-0.127102
-0.0136879
0.00509686
-0.0279966
-0.0512282
0.0878918
0.0800026
0.0517839
0.189877
0.142948
0.00748963
-0.17321
-0.142226
-0.109711
0
0
0
-0.0554249
-0.096536
-0.0976769
0
0
0
-0.326528
-0.806725
-1.03259
-0.868876
-0.531233
-0.231162
-0.549706
-0.806401
-1.00259
-1.21656
-1.48267
-1.63426
-1.1881
-1.55478
-1.70141
-0.492916
-0.65745
-0.847117
0
0
0
-0.37158
-1.0392
-1.51998
0
0
0
-0.105885
-0.396422
-0.767769
-1.16759
-1.47001
-1.63373
-1.43251
-1.39083
-1.15048
-1.34857
-1.23482
-1.05797
0.0443926
0.0755447
0.0843576
0.204074
0.201908
0.141738
-0.715432
-0.313946
-0.0267878
-1.24955
-0.923148
-0.544925
-0.232597
-0.0549168
0.0473337
0.196655
0.0564484
-0.18733
-0.494333
-0.772903
-1.0179
-0.494332
-0.772903
-1.0179
0.196655
0.0564488
-0.187329
-1.35098
-1.21179
-0.935973
-0.912307
-1.12092
-1.15824
0.215872
-0.135725
-0.539732
0.215872
-0.135725
-0.539732
-0.912307
-1.12092
-1.15824
-1.35098
-1.21179
-0.935973
-1.24954
-0.923146
-0.544924
-0.75287
-0.338835
0.028869
-0.559859
-0.198968
0.0887235
0
0
0
0.0948058
0.224488
0.238441
0
0
0
0.0776256
0.23695
0.397918
0.487222
0.453626
0.31027
0.463781
0.556101
0.523951
0.434474
0.33926
0.236857
0.434474
0.33926
0.236857
0.463781
0.556101
0.523951
0
0
0
0.0196334
0.0691962
0.140132
0
0
0
0
0
0
0.0196334
0.0691962
0.140132
0
0
0
0.0776255
0.23695
0.397918
-0.559859
-0.198968
0.0887235
-0.752871
-0.338835
0.028869
-1.43251
-1.39083
-1.15048
0.487222
0.453626
0.31027
0
0
0
0.0948058
0.224488
0.238441
0
0
0
-0.105885
-0.396423
-0.76777
0.0379414
0.0121417
-0.031121
-0.0558579
-0.064794
-0.0642077
0.0878916
0.0800025
0.0517837
0.00509665
-0.0279969
-0.0512287
-0.302331
-0.127102
-0.0136879
-0.355594
-0.26134
-0.199828
-0.176448
-0.144085
-0.0901681
-0.165605
-0.159863
-0.166787
0.204074
0.201909
0.141739
0.0443926
0.0755448
0.084358
-0.232596
-0.054916
0.0473344
-1.34857
-1.23482
-1.05797
-0.71543
-0.313945
-0.026787
-0.492914
-0.657448
-0.847116
-1.1881
-1.55478
-1.70141
-1.21655
-1.48267
-1.63426
-0.549704
-0.806398
-1.00258
-1.16759
-1.47001
-1.63373
0
0
0
-0.37158
-1.0392
-1.51998
0
0
0
-0.326527
-0.806723
-1.03258
-0.173208
-0.142222
-0.109705
0.189883
0.142953
0.00749528
-0.868872
-0.531228
-0.231157
0
0
0
-0.0554235
-0.0965322
-0.0976715
0
0
0
0.0275195
0.0278157
0.0284319
0.0278157
0.0281047
0.0287744
0.0284319
0.0287744
0.0296963
0.0295031
0.0308574
0.0323368
0.029831
0.0311228
0.0331348
0.0309042
0.032538
0.0343946
0.0321495
0.0339599
0.0362995
0.0339599
0.0360144
0.0384565
0.0362995
0.0384565
0.0418185
0.0295031
0.029831
0.0309042
0.0308574
0.0311228
0.032538
0.0323369
0.0331348
0.0343946
0.0343574
0.0371037
0.0401864
0.0355101
0.0383941
0.0415586
0.0368943
0.0402745
0.0437064
0.0435289
0.046062
0.0452634
0.0450595
0.0474338
0.0454436
0.0475659
0.0498827
0.0475592
0.0512344
0.0542647
0.0527313
0.0562346
0.060834
0.0613913
0.0635209
0.0703409
0.075109
0.0392008
0.0429489
0.0467121
0.0417777
0.0462449
0.0507647
0.0456826
0.0505236
0.0563622
0.0505485
0.0565454
0.0642893
0.0565454
0.0640779
0.074176
0.0642893
0.074176
0.0879436
0.0740181
0.0851587
0.095918
0.0879547
0.104616
0.123359
0.107202
0.130769
0.157831
0.134318
0.166015
0.199739
0.166015
0.20383
0.237029
0.199739
0.237029
0.256541
0.0740181
0.0879547
0.107202
0.0851587
0.104616
0.130769
0.0959181
0.12336
0.157831
0.0343574
0.0355101
0.0368943
0.0371038
0.0383941
0.0402745
0.0401865
0.0415587
0.0437065
0.0392008
0.0417777
0.0456826
0.0429489
0.0462449
0.0505236
0.0467121
0.0507648
0.0563622
0.0512345
0.0562346
0.063521
0.0542648
0.0608341
0.070341
0.0527315
0.0613915
0.0751091
0.0435289
0.0450596
0.0475659
0.0460621
0.0474339
0.0498828
0.0452636
0.0454437
0.0475594
0.0275195
0.0278157
0.0284319
0.0278157
0.0281047
0.0287744
0.0284319
0.0287744
0.0296963
0.0295031
0.0308574
0.0323369
0.029831
0.0311228
0.0331348
0.0309042
0.032538
0.0343946
0.0321495
0.0339599
0.0362995
0.0339599
0.0360145
0.0384565
0.0362995
0.0384565
0.0418185
0.0295031
0.029831
0.0309042
0.0308574
0.0311228
0.032538
0.0323368
0.0331348
0.0343946
0.0343574
0.0371038
0.0401865
0.0355101
0.0383941
0.0415587
0.0368943
0.0402745
0.0437065
0.0435289
0.0460621
0.0452636
0.0450596
0.047434
0.0454438
0.047566
0.0498829
0.0475595
0.0512345
0.0542649
0.0527316
0.0562347
0.0608342
0.0613917
0.063521
0.0703411
0.0751094
0.0392008
0.0429489
0.0467121
0.0417777
0.0462449
0.0507648
0.0456826
0.0505236
0.0563622
0.0505485
0.0565454
0.0642893
0.0565454
0.0640779
0.074176
0.0642892
0.0741759
0.0879435
0.0740181
0.0851588
0.0959182
0.0879547
0.104616
0.12336
0.107201
0.130769
0.15783
0.134318
0.166015
0.199739
0.166014
0.203829
0.237029
0.199738
0.237028
0.25654
0.0740179
0.0879545
0.107201
0.0851583
0.104616
0.130769
0.0959173
0.123359
0.15783
0.0343574
0.0355101
0.0368943
0.0371037
0.0383941
0.0402745
0.0401864
0.0415586
0.0437064
0.0392008
0.0417777
0.0456826
0.0429489
0.0462449
0.0505236
0.046712
0.0507647
0.0563621
0.0512343
0.0562345
0.0635208
0.0542645
0.0608338
0.0703406
0.0527309
0.0613909
0.0751085
0.0435288
0.0450595
0.0475658
0.0460619
0.0474337
0.0498826
0.0452631
0.0454433
0.0475589
0.0275195
0.0278157
0.0284319
0.0278157
0.0281047
0.0287744
0.0284319
0.0287744
0.0296963
0.0295031
0.0308574
0.0323368
0.029831
0.0311228
0.0331348
0.0309042
0.032538
0.0343946
0.0321495
0.0339599
0.0362995
0.0339599
0.0360144
0.0384564
0.0362995
0.0384564
0.0418184
0.0295031
0.029831
0.0309042
0.0308574
0.0311228
0.032538
0.0323368
0.0331348
0.0343946
0.0343574
0.0371037
0.0401864
0.0355101
0.0383941
0.0415586
0.0368942
0.0402745
0.0437063
0.0435288
0.0460618
0.0452631
0.0450594
0.0474336
0.0454432
0.0475657
0.0498825
0.0475587
0.0512342
0.0542643
0.0527306
0.0562343
0.0608336
0.0613905
0.0635205
0.0703403
0.0751079
0.0392007
0.0429488
0.046712
0.0417776
0.0462448
0.0507646
0.0456825
0.0505235
0.056362
0.0505484
0.0565452
0.064289
0.0565452
0.0640776
0.0741756
0.064289
0.0741756
0.0879429
0.0740176
0.0851578
0.0959165
0.087954
0.104615
0.123358
0.107201
0.130768
0.157828
0.134317
0.166013
0.199737
0.166013
0.203828
0.237027
0.199737
0.237027
0.256539
0.0740176
0.087954
0.107201
0.0851578
0.104615
0.130768
0.0959164
0.123358
0.157828
0.0343574
0.0355101
0.0368942
0.0371037
0.0383941
0.0402745
0.0401864
0.0415586
0.0437063
0.0392007
0.0417776
0.0456825
0.0429488
0.0462448
0.0505235
0.046712
0.0507646
0.056362
0.0512342
0.0562343
0.0635205
0.0542643
0.0608335
0.0703402
0.0527305
0.0613904
0.0751078
0.0435288
0.0450594
0.0475657
0.0460618
0.0474336
0.0498824
0.0452631
0.0454431
0.0475587
0.0275195
0.0278157
0.0284319
0.0278157
0.0281047
0.0287744
0.0284319
0.0287744
0.0296963
0.0295031
0.0308574
0.0323368
0.029831
0.0311228
0.0331348
0.0309042
0.032538
0.0343946
0.0321495
0.0339599
0.0362995
0.0339599
0.0360145
0.0384565
0.0362995
0.0384565
0.0418185
0.0295031
0.029831
0.0309042
0.0308574
0.0311228
0.032538
0.0323369
0.0331348
0.0343946
0.0343574
0.0371037
0.0401864
0.0355101
0.0383941
0.0415586
0.0368943
0.0402745
0.0437064
0.0435288
0.0460618
0.0452631
0.0450594
0.0474337
0.0454433
0.0475658
0.0498826
0.0475589
0.0512343
0.0542645
0.0527308
0.0562344
0.0608337
0.0613908
0.0635207
0.0703405
0.0751083
0.0392008
0.0429488
0.046712
0.0417777
0.0462449
0.0507647
0.0456825
0.0505236
0.0563621
0.0505485
0.0565453
0.0642891
0.0565453
0.0640778
0.0741758
0.0642892
0.0741759
0.0879432
0.0740178
0.0851581
0.095917
0.0879543
0.104615
0.123358
0.107201
0.130768
0.157829
0.134317
0.166014
0.199737
0.166014
0.203828
0.237028
0.199738
0.237028
0.25654
0.074018
0.0879545
0.107201
0.0851586
0.104616
0.130769
0.095918
0.123359
0.15783
0.0343574
0.0355101
0.0368943
0.0371038
0.0383941
0.0402745
0.0401865
0.0415587
0.0437065
0.0392008
0.0417777
0.0456826
0.0429489
0.0462449
0.0505236
0.0467121
0.0507648
0.0563622
0.0512345
0.0562346
0.0635209
0.0542648
0.0608342
0.070341
0.0527317
0.0613917
0.0751093
0.0435289
0.0450596
0.047566
0.0460621
0.047434
0.0498829
0.0452636
0.0454438
0.0475595
0.0275195
0.0278157
0.0284319
0.0278157
0.0281047
0.0287744
0.0284319
0.0287744
0.0296963
0.0295031
0.0308574
0.0323369
0.029831
0.0311228
0.0331348
0.0309042
0.032538
0.0343946
0.0321495
0.0339599
0.0362995
0.0339599
0.0360144
0.0384565
0.0362995
0.0384565
0.0418185
0.0295031
0.029831
0.0309042
0.0308574
0.0311228
0.032538
0.0323368
0.0331348
0.0343946
0.0343574
0.0371038
0.0401865
0.0355101
0.0383941
0.0415587
0.0368943
0.0402745
0.0437065
0.0435289
0.0460621
0.0452636
0.0450596
0.0474339
0.0454437
0.0475659
0.0498828
0.0475594
0.0512345
0.0542648
0.0527315
0.0562346
0.0608341
0.0613915
0.063521
0.070341
0.0751091
0.0392008
0.0429489
0.0467121
0.0417777
0.0462449
0.0507648
0.0456826
0.0505236
0.0563622
0.0505485
0.0565454
0.0642893
0.0565454
0.0640779
0.074176
0.0642893
0.074176
0.0879436
0.0740181
0.0851587
0.0959181
0.0879547
0.104616
0.12336
0.107202
0.130769
0.157831
0.134318
0.166015
0.199739
0.166015
0.20383
0.237029
0.199739
0.237029
0.256541
0.0740181
0.0879547
0.107202
0.0851587
0.104616
0.130769
0.095918
0.123359
0.157831
0.0343574
0.0355101
0.0368943
0.0371037
0.0383941
0.0402745
0.0401864
0.0415586
0.0437064
0.0392008
0.0417777
0.0456826
0.0429489
0.0462449
0.0505236
0.0467121
0.0507647
0.0563622
0.0512344
0.0562346
0.0635209
0.0542647
0.060834
0.0703409
0.0527313
0.0613913
0.075109
0.0435289
0.0450595
0.0475659
0.046062
0.0474338
0.0498827
0.0452634
0.0454436
0.0475592
0.0362422
0.0137471
-0.0272403
0.034301
0.00864485
-0.0355012
0.0356029
0.00897372
-0.0351169
-0.087717
-0.146063
-0.174128
-0.096936
-0.151279
-0.171878
-0.0953203
-0.148127
-0.172371
-0.0818858
-0.139225
-0.184186
-0.0588155
-0.129862
-0.212647
-0.0296077
-0.124935
-0.264102
0.0421325
0.0173585
-0.023761
0.0545459
0.03454
-0.00152751
0.0742627
0.0616783
0.0312582
-0.136628
-0.0263669
0.1207
-0.128815
-0.0266681
0.0941759
-0.148329
-0.0846314
-0.0165964
0.235197
0.230907
0.0986279
0.170137
0.145818
0.050981
0.0166041
0.00235448
-0.0137948
-0.233691
-0.208499
-0.101542
-0.535597
-0.446278
-0.195071
-0.864754
-0.689249
-0.285585
-0.209708
-0.218678
-0.226611
-0.312239
-0.41344
-0.502322
-0.457697
-0.66128
-0.826262
-0.651434
-0.954981
-1.17524
-0.861555
-1.23044
-1.46106
-1.07959
-1.46294
-1.65299
-1.18765
-0.908203
-0.36047
-1.41596
-1.04001
-0.396589
-1.52313
-1.0691
-0.391568
-1.47437
-0.978602
-0.341024
-1.27679
-0.791271
-0.258646
-0.963185
-0.539564
-0.159145
-1.28661
-1.61711
-1.70812
-1.42383
-1.63805
-1.59863
-1.46289
-1.51457
-1.33792
0.103891
0.100545
0.0736673
0.140383
0.143538
0.113731
0.182068
0.184999
0.139914
0.000626632
-0.134742
-0.3494
0.0158325
-0.17166
-0.465893
0.000424225
-0.250832
-0.620153
-0.0710263
-0.392858
-0.817548
-0.2078
-0.582643
-1.01618
-0.414222
-0.805786
-1.18699
0.223919
0.212025
0.130778
0.246685
0.200427
0.063994
0.230229
0.127528
-0.0790897
0.140023
-0.039487
-0.316535
-0.0394873
-0.288651
-0.601191
-0.316535
-0.601192
-0.8894
-0.683054
-1.02973
-1.28336
-0.934881
-1.16912
-1.24717
-1.11468
-1.17966
-1.06395
-1.1555
-1.01807
-0.729845
-1.01807
-0.718254
-0.338416
-0.729845
-0.338416
0.0444549
-0.683055
-0.934882
-1.11468
-1.02973
-1.16912
-1.17966
-1.28336
-1.24717
-1.06395
-1.36304
-1.23063
-0.939838
-1.12501
-0.850358
-0.509002
-0.773479
-0.420729
-0.0985093
-0.565183
-0.255011
-0.0559208
-0.192904
-0.0151237
0.0247812
0.115139
0.162052
0.0783584
0.331149
0.265474
0.103657
0.423739
0.290464
0.103582
0.423453
0.264246
0.0881913
-0.340728
0.00676383
0.244919
0.0508154
0.321092
0.44757
0.354229
0.509909
0.525588
0.534495
0.569116
0.498474
0.569116
0.519534
0.408977
0.498474
0.408977
0.295282
0.358262
0.206844
0.0651399
0.269843
0.145862
0.0441148
0.180601
0.0926386
0.026573
0.103662
0.0499944
0.0137915
0.0499944
0.0230302
0.00589922
0.0137915
0.00589922
0.00130626
0.358262
0.269843
0.180601
0.206844
0.145862
0.0926386
0.0651399
0.0441148
0.026573
-1.36304
-1.12501
-0.773479
-1.23063
-0.850358
-0.420729
-0.939837
-0.509002
-0.0985093
-0.340728
0.0508154
0.354229
0.00676388
0.321092
0.509909
0.244919
0.44757
0.525588
0.331149
0.423739
0.423453
0.265474
0.290464
0.264246
0.103656
0.103582
0.0881914
-0.565183
-0.192904
0.115139
-0.255011
-0.0151238
0.162051
-0.0559208
0.0247811
0.0783584
0.0362424
0.0343013
0.0356032
0.0137475
0.00864526
0.00897409
-0.0272397
-0.0355006
-0.0351164
0.0421327
0.0545461
0.0742629
0.0173589
0.0345403
0.0616786
-0.0237606
-0.00152715
0.0312585
-0.0818854
-0.0588152
-0.0296076
-0.139225
-0.129862
-0.124935
-0.184187
-0.212648
-0.264103
-0.0877164
-0.0969355
-0.0953198
-0.146062
-0.151279
-0.148127
-0.174128
-0.171878
-0.172372
0.103891
0.140383
0.182068
0.100545
0.143538
0.184999
0.0736674
0.113731
0.139914
0.223919
0.246685
0.230228
0.212025
0.200426
0.127527
0.130777
0.0639933
-0.0790905
-0.0710272
-0.207801
-0.414223
-0.39286
-0.582644
-0.805787
-0.81755
-1.01618
-1.187
0.000626521
0.0158321
0.00042361
-0.134743
-0.171661
-0.250833
-0.349401
-0.465894
-0.620155
-0.651436
-0.861558
-1.0796
-0.954984
-1.23044
-1.46294
-1.17525
-1.46106
-1.65299
-1.28661
-1.42383
-1.46289
-1.61711
-1.63805
-1.51457
-1.70812
-1.59863
-1.33792
-1.47437
-1.27679
-0.963184
-0.978602
-0.791271
-0.539563
-0.341024
-0.258646
-0.159145
-1.18765
-1.41596
-1.52313
-0.908204
-1.04001
-1.0691
-0.36047
-0.396589
-0.391568
-0.13663
-0.128817
-0.148331
-0.0263701
-0.0266717
-0.0846354
0.120695
0.0941708
-0.0166017
-0.209711
-0.312242
-0.457699
-0.218683
-0.413444
-0.661284
-0.226616
-0.502327
-0.826266
-0.233697
-0.535601
-0.864758
-0.208503
-0.446281
-0.689251
-0.101543
-0.195072
-0.285585
0.235191
0.170132
0.0165986
0.230902
0.145813
0.00235044
0.0986259
0.0509794
-0.0137963
0.0362425
0.0137476
-0.0272395
0.0343015
0.00864554
-0.0355002
0.0356035
0.00897455
-0.0351158
-0.0877162
-0.146062
-0.174128
-0.096935
-0.151278
-0.171878
-0.0953192
-0.148126
-0.172372
-0.0818846
-0.139224
-0.184186
-0.0588143
-0.129861
-0.212648
-0.0296066
-0.124934
-0.264102
0.0421331
0.0173595
-0.0237598
0.0545466
0.034541
-0.00152631
0.0742633
0.0616792
0.0312593
-0.13663
-0.0263704
0.120695
-0.128817
-0.0266724
0.0941699
-0.148332
-0.0846362
-0.0166026
0.235191
0.230902
0.0986258
0.170131
0.145813
0.0509793
0.0165981
0.00235032
-0.0137962
-0.233696
-0.208502
-0.101543
-0.5356
-0.44628
-0.195072
-0.864756
-0.68925
-0.285585
-0.209711
-0.218683
-0.226616
-0.312241
-0.413443
-0.502326
-0.457698
-0.661282
-0.826264
-0.651434
-0.954981
-1.17524
-0.861554
-1.23043
-1.46106
-1.07959
-1.46294
-1.65299
-1.18765
-0.908203
-0.36047
-1.41596
-1.04001
-0.396589
-1.52313
-1.0691
-0.391569
-1.47437
-0.978606
-0.341026
-1.2768
-0.791277
-0.258648
-0.963194
-0.539571
-0.159148
-1.2866
-1.61711
-1.70812
-1.42383
-1.63805
-1.59863
-1.46289
-1.51457
-1.33793
0.103892
0.100545
0.0736682
0.140383
0.143538
0.113731
0.182068
0.184999
0.139915
0.00062762
-0.134741
-0.349399
0.0158335
-0.171659
-0.465891
0.000425629
-0.250829
-0.62015
-0.071024
-0.392855
-0.817544
-0.207796
-0.582638
-1.01617
-0.414216
-0.80578
-1.18699
0.223919
0.212025
0.130779
0.246685
0.200428
0.0639963
0.230229
0.12753
-0.0790855
0.140026
-0.0394813
-0.316527
-0.0394796
-0.288641
-0.60118
-0.316522
-0.601177
-0.889388
-0.683045
-1.02973
-1.28335
-0.934872
-1.16911
-1.24717
-1.11468
-1.17966
-1.06397
-1.1555
-1.01808
-0.729867
-1.01809
-0.718281
-0.338445
-0.729878
-0.338451
0.0444248
-0.683038
-0.934868
-1.11468
-1.02972
-1.16911
-1.17966
-1.28336
-1.24718
-1.06398
-1.36305
-1.23064
-0.939851
-1.12502
-0.850374
-0.50902
-0.773498
-0.42075
-0.0985276
-0.565196
-0.255021
-0.0559245
-0.192918
-0.015133
0.024778
0.115127
0.162045
0.0783566
0.331142
0.265472
0.103656
0.423738
0.290466
0.103583
0.423458
0.264251
0.0881936
-0.340753
0.00674236
0.244905
0.0507902
0.321075
0.447561
0.354209
0.5099
0.525588
0.534484
0.569116
0.498481
0.569114
0.519541
0.408988
0.49848
0.408988
0.295293
0.35827
0.206851
0.0651423
0.269852
0.145869
0.044117
0.180609
0.0926437
0.0265746
0.103668
0.0499978
0.0137925
0.0499979
0.0230321
0.00589972
0.0137926
0.00589974
0.00130641
0.358271
0.269853
0.18061
0.206852
0.145869
0.0926441
0.0651428
0.0441174
0.0265748
-1.36306
-1.12504
-0.773521
-1.23068
-0.850408
-0.42078
-0.939894
-0.50906
-0.098559
-0.340771
0.0507797
0.354205
0.00672134
0.321063
0.509895
0.244885
0.447551
0.525584
0.331127
0.423732
0.423456
0.265464
0.290463
0.264251
0.103654
0.103583
0.0881939
-0.56524
-0.192955
0.115101
-0.255053
-0.0151576
0.162029
-0.0559365
0.0247696
0.0783516
0.0362416
0.0343004
0.0356022
0.013746
0.00864374
0.00897253
-0.027242
-0.035503
-0.0351188
0.0421317
0.0545451
0.0742617
0.0173572
0.0345385
0.0616765
-0.0237631
-0.00152992
0.0312555
-0.0818888
-0.0588187
-0.029611
-0.139228
-0.129865
-0.124937
-0.184188
-0.212648
-0.264102
-0.0877198
-0.0969388
-0.0953231
-0.146066
-0.151282
-0.14813
-0.174132
-0.171881
-0.172374
0.10389
0.140381
0.182067
0.100543
0.143535
0.184997
0.0736644
0.113728
0.139912
0.223918
0.246684
0.230229
0.212024
0.200427
0.127531
0.130778
0.0639974
-0.0790818
-0.0710228
-0.207792
-0.414209
-0.39285
-0.58263
-0.805771
-0.817535
-1.01616
-1.18698
0.000623553
0.0158304
0.000424151
-0.134744
-0.17166
-0.250828
-0.349397
-0.465886
-0.620143
-0.651423
-0.861541
-1.07958
-0.954961
-1.23042
-1.46293
-1.17522
-1.46104
-1.65298
-1.28659
-1.42382
-1.46289
-1.6171
-1.63806
-1.51459
-1.70813
-1.59865
-1.33796
-1.47438
-1.27683
-0.963236
-0.978622
-0.791305
-0.539606
-0.341034
-0.258661
-0.159162
-1.18762
-1.41594
-1.52313
-0.908185
-1.04
-1.0691
-0.360464
-0.396587
-0.391572
-0.13663
-0.128816
-0.14833
-0.0263659
-0.0266665
-0.0846281
0.120705
0.0941815
-0.0165881
-0.209707
-0.312235
-0.45769
-0.218672
-0.413429
-0.661265
-0.226598
-0.502304
-0.826238
-0.233673
-0.535574
-0.864728
-0.208483
-0.446258
-0.689228
-0.101534
-0.195063
-0.285576
0.235205
0.170146
0.0166165
0.230915
0.145827
0.00236654
0.0986314
0.0509852
-0.0137892
0.0362415
0.0137459
-0.0272422
0.0343003
0.00864348
-0.0355034
0.0356019
0.00897205
-0.0351195
-0.0877199
-0.146066
-0.174132
-0.0969392
-0.151283
-0.171881
-0.0953239
-0.148131
-0.172374
-0.0818899
-0.139229
-0.184188
-0.0588202
-0.129866
-0.212648
-0.0296126
-0.124938
-0.2641
0.0421312
0.0173564
-0.0237642
0.0545444
0.0345374
-0.0015313
0.0742608
0.0616752
0.0312538
-0.13663
-0.0263656
0.120705
-0.128816
-0.0266655
0.0941835
-0.148329
-0.0846257
-0.0165839
0.235205
0.230915
0.0986318
0.170149
0.145829
0.0509863
0.0166216
0.00237101
-0.0137872
-0.233665
-0.208476
-0.101532
-0.535563
-0.44625
-0.19506
-0.864716
-0.689219
-0.285573
-0.209705
-0.218667
-0.226591
-0.312232
-0.413422
-0.502294
-0.457685
-0.661256
-0.826226
-0.651416
-0.954951
-1.17521
-0.861533
-1.23041
-1.46103
-1.07957
-1.46292
-1.65297
-1.18761
-0.908178
-0.360461
-1.41594
-1.04
-0.396587
-1.52312
-1.06911
-0.391574
-1.47439
-0.97863
-0.341038
-1.27684
-0.791319
-0.258667
-0.963259
-0.539624
-0.159169
-1.28659
-1.6171
-1.70813
-1.42382
-1.63806
-1.59866
-1.46289
-1.5146
-1.33798
0.103889
0.100541
0.0736625
0.14038
0.143533
0.113726
0.182065
0.184995
0.139911
0.000622067
-0.134744
-0.349394
0.0158297
-0.171658
-0.465882
0.000425107
-0.250824
-0.620137
-0.0710191
-0.392843
-0.817527
-0.207785
-0.582621
-1.01616
-0.414199
-0.805761
-1.18698
0.223916
0.212023
0.130779
0.246683
0.200428
0.064001
0.23023
0.127535
-0.0790748
0.14003
-0.0394716
-0.316511
-0.0394717
-0.288627
-0.601162
-0.316511
-0.601162
-0.889373
-0.683026
-1.02971
-1.28335
-0.934856
-1.16911
-1.24719
-1.11467
-1.17967
-1.064
-1.15551
-1.01811
-0.729906
-1.01811
-0.718314
-0.338485
-0.729907
-0.338486
0.0443907
-0.683026
-0.934856
-1.11467
-1.02971
-1.16911
-1.17967
-1.28335
-1.24719
-1.064
-1.36307
-1.2307
-0.93992
-1.12506
-0.850436
-0.509089
-0.773548
-0.42081
-0.0985858
-0.565266
-0.255072
-0.0559431
-0.192979
-0.0151727
0.0247647
0.115082
0.162019
0.0783488
0.331116
0.26546
0.103654
0.423729
0.290463
0.103584
0.423459
0.264255
0.0881953
-0.340802
0.00669379
0.244865
0.0507502
0.321042
0.44754
0.354182
0.509884
0.525582
0.534472
0.569113
0.498485
0.569113
0.519546
0.408996
0.498485
0.408996
0.295301
0.358277
0.206856
0.0651444
0.26986
0.145874
0.0441187
0.180616
0.0926475
0.0265759
0.103672
0.05
0.0137932
0.05
0.0230331
0.00589997
0.0137932
0.00589997
0.00130649
0.358277
0.26986
0.180616
0.206856
0.145874
0.0926474
0.0651443
0.0441187
0.0265758
-1.36307
-1.12507
-0.773549
-1.2307
-0.850438
-0.420812
-0.939923
-0.509091
-0.0985878
-0.340803
0.0507495
0.354182
0.00669239
0.321041
0.509883
0.244863
0.447539
0.525581
0.331115
0.423728
0.423458
0.265459
0.290463
0.264254
0.103653
0.103583
0.0881951
-0.565268
-0.192981
0.115081
-0.255073
-0.015174
0.162018
-0.0559435
0.0247643
0.0783484
0.0362415
0.0343002
0.0356018
0.0137458
0.00864332
0.00897185
-0.0272424
-0.0355036
-0.0351198
0.0421311
0.0545442
0.0742606
0.0173562
0.0345371
0.0616749
-0.0237645
-0.00153173
0.0312533
-0.0818905
-0.0588208
-0.0296133
-0.139229
-0.129867
-0.124939
-0.184188
-0.212648
-0.264101
-0.0877202
-0.0969396
-0.0953243
-0.146067
-0.151283
-0.148131
-0.174132
-0.171882
-0.172375
0.103889
0.14038
0.182065
0.100541
0.143533
0.184995
0.073662
0.113726
0.139911
0.223916
0.246683
0.23023
0.212023
0.200428
0.127535
0.130778
0.0640007
-0.0790751
-0.0710196
-0.207785
-0.414199
-0.392844
-0.582622
-0.805761
-0.817527
-1.01616
-1.18698
0.000621437
0.0158291
0.000424549
-0.134744
-0.171659
-0.250824
-0.349395
-0.465882
-0.620137
-0.651416
-0.861533
-1.07957
-0.95495
-1.2304
-1.46292
-1.1752
-1.46103
-1.65297
-1.28659
-1.42382
-1.4629
-1.6171
-1.63806
-1.51461
-1.70813
-1.59866
-1.33798
-1.47439
-1.27685
-0.963261
-0.978631
-0.791321
-0.539626
-0.341039
-0.258668
-0.15917
-1.18761
-1.41593
-1.52312
-0.908177
-1.04
-1.06911
-0.360461
-0.396587
-0.391574
-0.136631
-0.128816
-0.148329
-0.0263656
-0.0266653
-0.0846254
0.120706
0.0941841
-0.0165831
-0.209706
-0.312232
-0.457685
-0.218667
-0.413422
-0.661255
-0.22659
-0.502293
-0.826225
-0.233664
-0.535561
-0.864714
-0.208474
-0.446248
-0.689217
-0.101531
-0.195059
-0.285572
0.235206
0.17015
0.0166231
0.230916
0.14583
0.00237247
0.0986322
0.0509869
-0.0137865
0.0362416
0.0137459
-0.0272422
0.0343004
0.00864368
-0.0355031
0.0356022
0.00897248
-0.0351189
-0.08772
-0.146067
-0.174132
-0.096939
-0.151283
-0.171881
-0.0953233
-0.14813
-0.172374
-0.0818889
-0.139228
-0.184188
-0.0588188
-0.129865
-0.212648
-0.0296111
-0.124937
-0.264101
0.0421317
0.0173571
-0.0237633
0.054545
0.0345383
-0.00153008
0.0742615
0.0616763
0.0312553
-0.136631
-0.0263659
0.120705
-0.128817
-0.0266665
0.0941817
-0.14833
-0.0846281
-0.0165878
0.235205
0.230915
0.0986316
0.170147
0.145827
0.0509853
0.0166168
0.00236673
-0.0137891
-0.233673
-0.208482
-0.101534
-0.535573
-0.446258
-0.195063
-0.864727
-0.689228
-0.285576
-0.209707
-0.218671
-0.226597
-0.312235
-0.413428
-0.502303
-0.457689
-0.661264
-0.826237
-0.651422
-0.95496
-1.17522
-0.861539
-1.23041
-1.46104
-1.07958
-1.46292
-1.65298
-1.18762
-0.908185
-0.360464
-1.41594
-1.04
-0.396588
-1.52313
-1.0691
-0.391572
-1.47439
-0.978623
-0.341034
-1.27683
-0.791306
-0.258661
-0.963238
-0.539607
-0.159162
-1.28659
-1.6171
-1.70813
-1.42382
-1.63806
-1.59865
-1.46289
-1.51459
-1.33796
0.10389
0.100542
0.0736641
0.140381
0.143535
0.113728
0.182066
0.184996
0.139912
0.00062359
-0.134743
-0.349396
0.0158308
-0.171658
-0.465884
0.000425259
-0.250826
-0.620141
-0.0710205
-0.392847
-0.817532
-0.207788
-0.582626
-1.01616
-0.414203
-0.805766
-1.18698
0.223917
0.212024
0.130779
0.246684
0.200428
0.0639999
0.23023
0.127534
-0.0790774
0.14003
-0.0394745
-0.316516
-0.0394759
-0.288634
-0.601171
-0.31652
-0.601173
-0.889383
-0.683033
-1.02972
-1.28335
-0.934864
-1.16911
-1.24718
-1.11468
-1.17966
-1.06398
-1.1555
-1.01809
-0.729882
-1.01809
-0.718285
-0.338455
-0.729871
-0.338449
0.0444218
-0.683039
-0.934867
-1.11468
-1.02972
-1.16911
-1.17966
-1.28335
-1.24717
-1.06397
-1.36307
-1.23068
-0.939897
-1.12505
-0.850412
-0.509063
-0.773524
-0.420783
-0.0985614
-0.565243
-0.255054
-0.0559366
-0.192956
-0.0151582
0.0247695
0.1151
0.162029
0.0783516
0.331127
0.265464
0.103654
0.423732
0.290463
0.103583
0.423457
0.264252
0.0881939
-0.340774
0.00671867
0.244883
0.0507768
0.321061
0.447551
0.354203
0.509894
0.525584
0.534483
0.569115
0.498481
0.569116
0.519541
0.408988
0.498481
0.408988
0.295293
0.358271
0.206852
0.0651428
0.269853
0.145869
0.0441174
0.18061
0.0926442
0.0265749
0.103668
0.0499979
0.0137926
0.0499978
0.0230321
0.00589974
0.0137926
0.00589972
0.00130641
0.35827
0.269853
0.18061
0.206851
0.145869
0.0926437
0.0651424
0.044117
0.0265747
-1.36305
-1.12502
-0.773502
-1.23065
-0.850378
-0.420753
-0.939854
-0.509022
-0.0985296
-0.340757
0.0507874
0.354207
0.00673991
0.321073
0.509899
0.244904
0.447561
0.525588
0.331141
0.423738
0.423458
0.265472
0.290466
0.264252
0.103657
0.103583
0.0881937
-0.565198
-0.19292
0.115126
-0.255022
-0.0151334
0.162045
-0.0559246
0.024778
0.0783567
0.0362425
0.0343015
0.0356035
0.0137476
0.00864562
0.00897468
-0.0272395
-0.0355001
-0.0351156
0.0421332
0.0545466
0.0742633
0.0173596
0.0345411
0.0616793
-0.0237596
-0.0015261
0.0312595
-0.0818844
-0.058814
-0.0296061
-0.139224
-0.129861
-0.124933
-0.184186
-0.212647
-0.264101
-0.0877162
-0.0969349
-0.095319
-0.146062
-0.151278
-0.148126
-0.174128
-0.171878
-0.172372
0.103891
0.140383
0.182068
0.100545
0.143538
0.184999
0.0736684
0.113732
0.139915
0.223918
0.246685
0.230231
0.212026
0.200429
0.127533
0.130781
0.0639997
-0.0790802
-0.0710205
-0.207791
-0.41421
-0.39285
-0.582632
-0.805774
-0.817539
-1.01617
-1.18699
0.000628338
0.0158348
0.000427741
-0.13474
-0.171657
-0.250826
-0.349398
-0.465888
-0.620146
-0.651432
-0.861551
-1.07959
-0.954979
-1.23043
-1.46294
-1.17524
-1.46106
-1.65299
-1.2866
-1.42382
-1.46289
-1.6171
-1.63805
-1.51457
-1.70812
-1.59863
-1.33793
-1.47437
-1.2768
-0.963197
-0.978607
-0.791279
-0.539573
-0.341026
-0.258649
-0.159148
-1.18765
-1.41596
-1.52313
-0.908203
-1.04001
-1.0691
-0.36047
-0.39659
-0.39157
-0.13663
-0.128817
-0.148332
-0.0263704
-0.0266726
-0.0846363
0.120695
0.0941698
-0.0166026
-0.209711
-0.312241
-0.457697
-0.218683
-0.413443
-0.661281
-0.226616
-0.502326
-0.826263
-0.233696
-0.5356
-0.864756
-0.208502
-0.44628
-0.68925
-0.101543
-0.195072
-0.285585
0.235191
0.170131
0.0165981
0.230902
0.145813
0.00235037
0.0986258
0.0509793
-0.0137962
0.0362424
0.0137475
-0.0272397
0.0343013
0.00864526
-0.0355006
0.0356032
0.00897409
-0.0351164
-0.0877164
-0.146062
-0.174128
-0.0969355
-0.151279
-0.171878
-0.0953198
-0.148127
-0.172372
-0.0818854
-0.139225
-0.184187
-0.0588152
-0.129862
-0.212648
-0.0296076
-0.124935
-0.264103
0.0421327
0.0173589
-0.0237606
0.0545461
0.0345403
-0.00152715
0.0742629
0.0616786
0.0312585
-0.13663
-0.0263701
0.120695
-0.128817
-0.0266717
0.0941708
-0.148331
-0.0846354
-0.0166017
0.235191
0.230902
0.0986259
0.170132
0.145813
0.0509794
0.0165986
0.00235044
-0.0137963
-0.233697
-0.208503
-0.101543
-0.535601
-0.446281
-0.195072
-0.864758
-0.689251
-0.285585
-0.209711
-0.218683
-0.226616
-0.312242
-0.413444
-0.502327
-0.457699
-0.661284
-0.826266
-0.651436
-0.954984
-1.17525
-0.861558
-1.23044
-1.46106
-1.0796
-1.46294
-1.65299
-1.18765
-0.908204
-0.36047
-1.41596
-1.04001
-0.396589
-1.52313
-1.0691
-0.391568
-1.47437
-0.978602
-0.341024
-1.27679
-0.791271
-0.258646
-0.963184
-0.539563
-0.159145
-1.28661
-1.61711
-1.70812
-1.42383
-1.63805
-1.59863
-1.46289
-1.51457
-1.33792
0.103891
0.100545
0.0736674
0.140383
0.143538
0.113731
0.182068
0.184999
0.139914
0.00062652
-0.134743
-0.349401
0.0158321
-0.171661
-0.465894
0.000423611
-0.250833
-0.620155
-0.0710272
-0.39286
-0.81755
-0.207801
-0.582644
-1.01618
-0.414223
-0.805787
-1.187
0.223919
0.212025
0.130777
0.246685
0.200426
0.0639933
0.230228
0.127527
-0.0790905
0.140023
-0.0394873
-0.316535
-0.039487
-0.288651
-0.601192
-0.316535
-0.601191
-0.8894
-0.683055
-1.02973
-1.28336
-0.934882
-1.16912
-1.24717
-1.11468
-1.17966
-1.06395
-1.1555
-1.01807
-0.729845
-1.01807
-0.718254
-0.338416
-0.729845
-0.338416
0.0444549
-0.683054
-0.934881
-1.11468
-1.02973
-1.16912
-1.17966
-1.28336
-1.24717
-1.06395
-1.36304
-1.23063
-0.939837
-1.12501
-0.850358
-0.509002
-0.773479
-0.420729
-0.0985093
-0.565183
-0.255011
-0.0559208
-0.192904
-0.0151238
0.0247811
0.115139
0.162051
0.0783584
0.331149
0.265474
0.103656
0.423739
0.290464
0.103582
0.423453
0.264246
0.0881914
-0.340728
0.00676388
0.244919
0.0508154
0.321092
0.44757
0.354229
0.509909
0.525588
0.534495
0.569116
0.498474
0.569116
0.519534
0.408977
0.498474
0.408977
0.295282
0.358262
0.206844
0.0651399
0.269843
0.145862
0.0441148
0.180601
0.0926386
0.026573
0.103662
0.0499944
0.0137915
0.0499944
0.0230302
0.00589922
0.0137915
0.00589922
0.00130626
0.358262
0.269843
0.180601
0.206844
0.145862
0.0926386
0.0651399
0.0441148
0.026573
-1.36304
-1.12501
-0.773479
-1.23063
-0.850358
-0.420729
-0.939838
-0.509002
-0.0985093
-0.340728
0.0508154
0.354229
0.00676383
0.321092
0.509909
0.244919
0.44757
0.525588
0.331149
0.423739
0.423453
0.265474
0.290464
0.264246
0.103657
0.103582
0.0881913
-0.565183
-0.192904
0.115139
-0.255011
-0.0151237
0.162052
-0.0559208
0.0247812
0.0783584
0.0362422
0.034301
0.0356029
0.0137471
0.00864485
0.00897372
-0.0272403
-0.0355012
-0.0351169
0.0421325
0.0545459
0.0742627
0.0173585
0.03454
0.0616783
-0.023761
-0.00152751
0.0312582
-0.0818858
-0.0588155
-0.0296077
-0.139225
-0.129862
-0.124935
-0.184186
-0.212647
-0.264102
-0.087717
-0.096936
-0.0953203
-0.146063
-0.151279
-0.148127
-0.174128
-0.171878
-0.172371
0.103891
0.140383
0.182068
0.100545
0.143538
0.184999
0.0736673
0.113731
0.139914
0.223919
0.246685
0.230229
0.212025
0.200427
0.127528
0.130778
0.063994
-0.0790897
-0.0710263
-0.2078
-0.414222
-0.392858
-0.582643
-0.805786
-0.817548
-1.01618
-1.18699
0.000626632
0.0158325
0.000424225
-0.134742
-0.17166
-0.250832
-0.3494
-0.465893
-0.620153
-0.651434
-0.861555
-1.07959
-0.954981
-1.23044
-1.46294
-1.17524
-1.46106
-1.65299
-1.28661
-1.42383
-1.46289
-1.61711
-1.63805
-1.51457
-1.70812
-1.59863
-1.33792
-1.47437
-1.27679
-0.963185
-0.978602
-0.791271
-0.539564
-0.341024
-0.258646
-0.159145
-1.18765
-1.41596
-1.52313
-0.908203
-1.04001
-1.0691
-0.36047
-0.396589
-0.391568
-0.136628
-0.128815
-0.148329
-0.0263669
-0.0266681
-0.0846314
0.1207
0.0941759
-0.0165964
-0.209708
-0.312239
-0.457697
-0.218678
-0.41344
-0.66128
-0.226611
-0.502322
-0.826262
-0.233691
-0.535597
-0.864754
-0.208499
-0.446278
-0.689249
-0.101542
-0.195071
-0.285585
0.235197
0.170137
0.0166041
0.230907
0.145818
0.00235448
0.0986279
0.050981
-0.0137948
