FiniteElementSpace
FiniteElementCollection: H1_2D_P4
VDim: 1
Ordering: 0

-0.0143795
9.35762e-14
9.35736e-14
7.76165e-35
9.3577e-14
7.76496e-35
9.3577e-14
7.7667e-35
9.35736e-14
7.76496e-35
7.76165e-35
-0.0224692
4.87272e-21
4.87272e-21
-0.0224693
4.87302e-21
4.87451e-21
-0.0224693
4.87525e-21
4.87533e-21
-0.0224693
4.87451e-21
4.87302e-21
-0.0224693
4.87272e-21
4.87272e-21
-0.0641265
-0.0641263
-0.0641261
-0.0641261
-0.0641265
-0.0157191
-0.0314236
-0.0314236
-0.0157191
-0.0314236
-0.0314236
-0.0157191
-0.0314236
-0.0314236
-0.0157191
-0.0314236
-0.0314236
-0.0157191
-0.0314236
-0.0314236
-0.104865
1.39243e-16
0.00243237
4.0102e-27
4.01022e-27
0.00243245
1.39242e-16
-0.104865
1.39245e-16
0.00243147
4.01112e-27
4.01183e-27
0.00242849
1.39265e-16
-0.104866
1.39274e-16
0.00242647
4.01258e-27
4.0126e-27
0.00242632
1.39276e-16
-0.104866
1.39265e-16
0.00242797
4.01183e-27
4.01112e-27
0.00243098
1.39245e-16
-0.104865
1.39242e-16
0.00243245
4.01022e-27
4.0102e-27
0.00243237
1.39243e-16
-0.0184529
-0.0184529
-0.0184529
-0.0184529
-0.0184529
-0.130926
0.110137
-0.130926
-0.130926
0.110138
-0.130927
-0.130927
0.110139
-0.130927
-0.130927
0.110138
-0.130926
-0.130926
0.110137
-0.130926
-0.0147004
-0.0165802
-0.0165802
-0.0147004
-0.0177834
-0.0257921
-0.0221468
-0.0430185
-0.0430185
-0.0221468
-0.0257921
-0.0177834
-0.0165802
-0.0165802
-0.0147004
-0.0257921
-0.0221468
-0.0430184
-0.0430184
-0.0221468
-0.0257921
-0.0177834
-0.0165802
-0.0165802
-0.0147004
-0.0257921
-0.0221468
-0.0430182
-0.0430182
-0.0221468
-0.0257921
-0.0177834
-0.0165802
-0.0165802
-0.0147004
-0.0257921
-0.0221468
-0.0430183
-0.0430182
-0.0221468
-0.0257921
-0.0177834
-0.0165802
-0.0165802
-0.0257921
-0.0221468
-0.0430185
-0.0430185
-0.0221468
-0.0257921
-0.040833
-0.127132
-0.0629969
-0.168102
5.76828e-15
-0.134795
1.31628e-18
0.0678173
-0.0932262
-0.0678195
0.102964
0.102964
-0.0678195
7.06389e-24
0.0468379
8.91529e-31
8.91533e-31
0.0468379
7.06393e-24
0.0678173
-0.062997
-0.127132
-0.0408331
-0.0932261
1.31628e-18
-0.134795
5.76819e-15
-0.168102
-0.127132
-0.0629969
5.76822e-15
-0.134795
1.31633e-18
0.0678167
-0.0932263
-0.0678197
0.102963
0.102962
-0.0678202
7.0649e-24
0.0468394
8.91819e-31
8.91903e-31
0.0468397
7.06665e-24
0.0678138
-0.0629969
-0.127132
-0.0408332
-0.0932281
1.31662e-18
-0.134797
5.76872e-15
-0.168103
-0.127132
-0.0629969
5.76887e-15
-0.134798
1.31675e-18
0.0678122
-0.0932291
-0.0678207
0.10296
0.10296
-0.0678208
7.06784e-24
0.046841
8.92086e-31
8.92087e-31
0.046841
7.06791e-24
0.0678121
-0.0629969
-0.127132
-0.0408332
-0.0932293
1.31678e-18
-0.134798
5.76892e-15
-0.168103
-0.127132
-0.0629969
5.76872e-15
-0.134797
1.31662e-18
0.0678136
-0.0932283
-0.0678205
0.102962
0.102963
-0.06782
7.06665e-24
0.0468398
8.91903e-31
8.91819e-31
0.0468394
7.0649e-24
0.0678166
-0.0629967
-0.127131
-0.0408331
-0.0932264
1.31633e-18
-0.134795
5.76822e-15
-0.168102
-0.127132
-0.062997
5.76819e-15
-0.134795
1.31628e-18
0.0678173
-0.0932261
-0.0678195
0.102964
0.102964
-0.0678195
7.06393e-24
0.0468379
8.91533e-31
8.91529e-31
0.0468379
7.06389e-24
0.0678173
-0.0629969
-0.127132
-0.0932262
1.31628e-18
-0.134795
5.76828e-15
-0.0152385
-0.0192136
-0.0282061
-0.0192136
-0.0152385
-0.0192136
-0.0282061
-0.0192136
-0.0152385
-0.0192135
-0.028206
-0.0192135
-0.0152385
-0.0192136
-0.0282061
-0.0192136
-0.0152385
-0.0192136
-0.0282061
-0.0192136
-0.0519926
-0.165435
-0.0374061
-0.0749465
0.00614727
0.0903591
0.0113464
0.0903591
-0.0519927
-0.0749465
-0.0374059
-0.165435
-0.0519926
-0.165435
-0.0374066
-0.0749464
0.00614524
0.0903598
0.0113471
0.0903599
-0.0519927
-0.0749464
-0.0374107
-0.165435
-0.0519927
-0.165436
-0.0374127
-0.0749463
0.00614264
0.0903604
0.0113477
0.0903603
-0.0519927
-0.0749464
-0.037413
-0.165436
-0.0519927
-0.165435
-0.0374109
-0.0749463
0.00614467
0.0903599
0.0113471
0.0903599
-0.0519925
-0.0749462
-0.0374068
-0.165435
-0.0519927
-0.165435
-0.0374059
-0.0749465
0.00614727
0.0903591
0.0113464
0.0903591
-0.0519926
-0.0749465
-0.0374061
-0.165435
-0.0143956
-0.0144631
-0.0145988
-0.0147433
-0.0148814
-0.015093
-0.0147433
-0.0148814
-0.015093
-0.0143956
-0.0144631
-0.0145988
-0.0154815
-0.0151083
-0.0148212
-0.0158176
-0.016047
-0.0163713
-0.0162794
-0.0157926
-0.0154052
-0.018036
-0.0173617
-0.0168186
-0.018036
-0.0173617
-0.0168186
-0.0162794
-0.0157926
-0.0154052
-0.0158176
-0.016047
-0.0163713
-0.0154815
-0.0151083
-0.0148212
-0.0159919
-0.0165899
-0.0173237
-0.0179524
-0.018354
-0.0188796
-0.0169168
-0.0176734
-0.0186146
-0.0212501
-0.0195372
-0.0183087
-0.0229222
-0.0239114
-0.0250913
-0.0240104
-0.021575
-0.0199073
-0.030186
-0.0281946
-0.0265538
-0.0289672
-0.0255264
-0.0231359
-0.0214918
-0.0204374
-0.0195885
-0.018919
-0.0199724
-0.0212977
-0.0228896
-0.0245812
-0.0267769
-0.0228896
-0.0245812
-0.0267769
-0.018919
-0.0199724
-0.0212977
-0.0328357
-0.0360877
-0.040318
-0.0393779
-0.0338895
-0.0298753
-0.0602248
-0.052758
-0.0460706
-0.0602248
-0.0527581
-0.0460707
-0.0393779
-0.0338896
-0.0298753
-0.0328357
-0.0360877
-0.040318
-0.0289673
-0.0255264
-0.0231359
-0.0169168
-0.0176734
-0.0186146
-0.0179524
-0.018354
-0.0188796
-0.0159919
-0.01659
-0.0173237
-0.0214918
-0.0204374
-0.0195885
-0.030186
-0.0281946
-0.0265538
-0.0240104
-0.021575
-0.0199073
-0.0229222
-0.0239114
-0.0250914
-0.0212501
-0.0195372
-0.0183087
-0.0147433
-0.0148814
-0.015093
-0.0147433
-0.0148814
-0.015093
-0.0143956
-0.0144631
-0.0145988
-0.0158176
-0.016047
-0.0163713
-0.0162794
-0.0157926
-0.0154052
-0.018036
-0.0173617
-0.0168186
-0.018036
-0.0173617
-0.0168186
-0.0162794
-0.0157926
-0.0154052
-0.0158176
-0.016047
-0.0163713
-0.0154815
-0.0151083
-0.0148212
-0.0179524
-0.018354
-0.0188796
-0.0169168
-0.0176734
-0.0186146
-0.0229222
-0.0239114
-0.0250914
-0.0240104
-0.021575
-0.0199073
-0.030186
-0.0281946
-0.0265538
-0.0289672
-0.0255264
-0.0231359
-0.0214918
-0.0204374
-0.0195885
-0.018919
-0.0199724
-0.0212977
-0.0228896
-0.0245812
-0.0267769
-0.0228896
-0.0245812
-0.0267769
-0.018919
-0.0199724
-0.0212977
-0.0328356
-0.0360877
-0.0403179
-0.0393779
-0.0338895
-0.0298753
-0.0602246
-0.0527579
-0.0460706
-0.0602246
-0.0527579
-0.0460706
-0.0393779
-0.0338895
-0.0298753
-0.0328356
-0.0360877
-0.0403179
-0.0289672
-0.0255263
-0.0231359
-0.0169168
-0.0176734
-0.0186146
-0.0179524
-0.018354
-0.0188796
-0.0159919
-0.0165899
-0.0173237
-0.0214918
-0.0204374
-0.0195885
-0.030186
-0.0281946
-0.0265538
-0.0240104
-0.021575
-0.0199073
-0.0229222
-0.0239114
-0.0250914
-0.0212501
-0.0195372
-0.0183087
-0.0147433
-0.0148814
-0.015093
-0.0147433
-0.0148814
-0.015093
-0.0143956
-0.0144631
-0.0145988
-0.0158176
-0.016047
-0.0163713
-0.0162794
-0.0157926
-0.0154052
-0.0180359
-0.0173617
-0.0168186
-0.0180359
-0.0173617
-0.0168186
-0.0162794
-0.0157926
-0.0154052
-0.0158176
-0.016047
-0.0163713
-0.0154815
-0.0151083
-0.0148212
-0.0179524
-0.018354
-0.0188796
-0.0169168
-0.0176734
-0.0186145
-0.0229222
-0.0239114
-0.0250913
-0.0240103
-0.0215749
-0.0199073
-0.0301859
-0.0281946
-0.0265538
-0.0289672
-0.0255263
-0.0231358
-0.0214918
-0.0204374
-0.0195884
-0.018919
-0.0199724
-0.0212977
-0.0228896
-0.0245812
-0.0267768
-0.0228896
-0.0245812
-0.0267768
-0.018919
-0.0199724
-0.0212977
-0.0328356
-0.0360876
-0.0403178
-0.0393777
-0.0338894
-0.0298752
-0.0602244
-0.0527577
-0.0460704
-0.0602244
-0.0527577
-0.0460704
-0.0393777
-0.0338894
-0.0298752
-0.0328356
-0.0360876
-0.0403178
-0.0289672
-0.0255263
-0.0231358
-0.0169168
-0.0176734
-0.0186145
-0.0179524
-0.018354
-0.0188796
-0.0159919
-0.0165899
-0.0173237
-0.0214918
-0.0204374
-0.0195884
-0.0301859
-0.0281946
-0.0265538
-0.0240103
-0.0215749
-0.0199073
-0.0229222
-0.0239114
-0.0250913
-0.0212501
-0.0195372
-0.0183087
-0.0147433
-0.0148814
-0.015093
-0.0147433
-0.0148814
-0.015093
-0.0143956
-0.0144631
-0.0145988
-0.0158176
-0.016047
-0.0163713
-0.0162794
-0.0157926
-0.0154052
-0.018036
-0.0173617
-0.0168186
-0.018036
-0.0173617
-0.0168186
-0.0162794
-0.0157926
-0.0154052
-0.0158176
-0.016047
-0.0163713
-0.0154815
-0.0151083
-0.0148212
-0.0179524
-0.018354
-0.0188796
-0.0169168
-0.0176734
-0.0186145
-0.0229222
-0.0239114
-0.0250913
-0.0240104
-0.021575
-0.0199073
-0.0301859
-0.0281946
-0.0265538
-0.0289672
-0.0255263
-0.0231359
-0.0214918
-0.0204374
-0.0195885
-0.018919
-0.0199724
-0.0212977
-0.0228896
-0.0245812
-0.0267768
-0.0228896
-0.0245812
-0.0267768
-0.018919
-0.0199724
-0.0212977
-0.0328356
-0.0360876
-0.0403178
-0.0393778
-0.0338894
-0.0298753
-0.0602244
-0.0527577
-0.0460704
-0.0602244
-0.0527577
-0.0460704
-0.0393777
-0.0338894
-0.0298753
-0.0328356
-0.0360876
-0.0403178
-0.0289672
-0.0255263
-0.0231359
-0.0169168
-0.0176734
-0.0186146
-0.0179524
-0.018354
-0.0188796
-0.0159919
-0.01659
-0.0173237
-0.0214918
-0.0204374
-0.0195885
-0.0301859
-0.0281946
-0.0265538
-0.0240104
-0.021575
-0.0199073
-0.0229222
-0.0239114
-0.0250913
-0.0212501
-0.0195372
-0.0183087
-0.0147433
-0.0148814
-0.015093
-0.0147433
-0.0148814
-0.015093
-0.0158176
-0.016047
-0.0163713
-0.0162794
-0.0157926
-0.0154052
-0.018036
-0.0173617
-0.0168186
-0.018036
-0.0173617
-0.0168186
-0.0162794
-0.0157926
-0.0154052
-0.0158176
-0.016047
-0.0163713
-0.0179524
-0.018354
-0.0188796
-0.0169168
-0.0176734
-0.0186146
-0.0229222
-0.0239114
-0.0250914
-0.0240104
-0.021575
-0.0199073
-0.030186
-0.0281946
-0.0265538
-0.0289673
-0.0255264
-0.0231359
-0.0214918
-0.0204374
-0.0195885
-0.018919
-0.0199724
-0.0212977
-0.0228896
-0.0245812
-0.0267769
-0.0228896
-0.0245812
-0.0267769
-0.018919
-0.0199724
-0.0212977
-0.0328357
-0.0360877
-0.040318
-0.0393779
-0.0338896
-0.0298753
-0.0602248
-0.0527581
-0.0460707
-0.0602248
-0.052758
-0.0460706
-0.0393779
-0.0338895
-0.0298753
-0.0328357
-0.0360877
-0.040318
-0.0289672
-0.0255264
-0.0231359
-0.0169168
-0.0176734
-0.0186146
-0.0179524
-0.018354
-0.0188796
-0.0214918
-0.0204374
-0.0195885
-0.030186
-0.0281946
-0.0265538
-0.0240104
-0.021575
-0.0199073
-0.0229222
-0.0239114
-0.0250913
-0.0240218
-0.0283147
-0.0354246
-0.0427452
-0.0464348
-0.0500971
-0.0280682
-0.0343781
-0.044539
-0.0898664
-0.0655101
-0.0477149
-0.109518
-0.117486
-0.1242
-0.111409
-0.0835253
-0.0611592
-0.132448
-0.132474
-0.129573
-0.118896
-0.0947029
-0.07275
-0.0610115
-0.0574008
-0.0538701
-0.0344989
-0.0425813
-0.0546703
-0.120593
-0.148769
-0.166661
-0.167753
-0.1667
-0.16623
-0.142348
-0.165123
-0.171633
-0.057711
-0.127286
-0.162721
6.18433e-14
2.61216e-14
9.97893e-15
-0.0386625
-0.10519
-0.151766
2.83215e-16
1.00764e-15
3.24242e-15
-0.0256593
-0.0756886
-0.118389
-0.144785
-0.15769
-0.164021
-0.141192
-0.151914
-0.145895
-0.122512
-0.0932549
-0.0577085
-0.0889647
-0.0733398
-0.050479
-0.128174
-0.119015
-0.103876
6.65722e-17
1.52214e-17
3.14772e-18
0.000728065
-0.00678719
-0.0249894
1.37e-20
9.00439e-20
5.35258e-19
0.0186538
0.0485418
0.065573
0.0538804
0.0211529
-0.0167489
0.0193992
0.047872
0.0651369
-0.0172479
-0.0517588
-0.080667
-0.0650596
-0.0691294
-0.0731222
-0.0472535
-0.0569648
-0.0685164
-0.0946924
-0.090866
-0.0811833
-0.0143691
-0.0423109
-0.0616355
-0.0726728
-0.0768207
-0.0763273
-0.0676846
-0.0722102
-0.0713959
-0.0607392
-0.0405447
-0.0117649
-0.0607391
-0.0405446
-0.0117649
-0.0676847
-0.0722102
-0.0713959
0.022467
0.0591622
0.0902715
0.0913268
0.0610319
0.0251278
0.116631
0.120769
0.112457
0.116631
0.120769
0.112457
0.0913268
0.0610319
0.0251278
0.0224671
0.0591622
0.0902715
-0.014369
-0.0423109
-0.0616355
0.0789227
0.0915531
0.0932901
0.110722
0.113628
0.101637
1.68532e-21
2.08594e-22
2.33506e-23
0.0154883
0.0465539
0.0766088
1.55856e-26
1.89234e-25
2.07802e-24
0.00564844
0.0190045
0.0362533
0.0553795
0.0715911
0.0853056
0.101374
0.0806852
0.058221
0.0387621
0.0254783
0.0153851
0.0387621
0.0254783
0.0153851
0.101374
0.0806852
0.058221
1.00338e-27
6.72271e-29
4.07378e-30
0.00098066
0.00368847
0.00808498
4.16985e-34
9.35274e-33
1.89729e-31
4.16986e-34
9.35276e-33
1.8973e-31
0.000980661
0.00368847
0.00808498
1.00339e-27
6.72275e-29
4.0738e-30
0.00564845
0.0190045
0.0362533
0.110722
0.113628
0.101637
0.0789227
0.0915531
0.0932901
0.0193992
0.0478721
0.065137
0.0553795
0.0715911
0.0853056
1.55857e-26
1.89235e-25
2.07803e-24
0.0154883
0.0465539
0.0766088
1.68532e-21
2.08594e-22
2.33507e-23
0.0186537
0.0485418
0.065573
-0.0280682
-0.0343782
-0.044539
-0.0427452
-0.0464348
-0.0500971
-0.0240218
-0.0283147
-0.0354246
-0.0344989
-0.0425814
-0.0546704
-0.0610116
-0.0574009
-0.0538702
-0.118896
-0.0947029
-0.07275
-0.132448
-0.132474
-0.129573
-0.111409
-0.0835253
-0.0611592
-0.109518
-0.117486
-0.1242
-0.0898665
-0.0655102
-0.0477149
-0.0472535
-0.0569649
-0.0685164
-0.0650597
-0.0691295
-0.0731223
-0.0726728
-0.0768207
-0.0763274
-0.0172478
-0.0517587
-0.080667
-0.0946923
-0.090866
-0.0811834
-0.128174
-0.119015
-0.103876
-0.0889646
-0.0733397
-0.0504789
-0.122512
-0.0932548
-0.0577084
-0.141192
-0.151914
-0.145895
0.0538804
0.021153
-0.0167488
1.37e-20
9.00439e-20
5.35258e-19
0.000728076
-0.00678714
-0.0249894
6.65718e-17
1.52214e-17
3.14771e-18
-0.0256592
-0.0756885
-0.118389
-0.142348
-0.165123
-0.171634
-0.167754
-0.166701
-0.16623
-0.120593
-0.148769
-0.166661
-0.144785
-0.15769
-0.164021
2.83213e-16
1.00763e-15
3.24237e-15
-0.0386625
-0.10519
-0.151766
6.18417e-14
2.61211e-14
9.97875e-15
-0.057711
-0.127286
-0.162721
-0.0427452
-0.0464348
-0.0500971
-0.0280682
-0.0343781
-0.044539
-0.109518
-0.117486
-0.1242
-0.111409
-0.0835252
-0.0611591
-0.132448
-0.132474
-0.129573
-0.118896
-0.0947027
-0.0727498
-0.0610114
-0.0574008
-0.0538701
-0.0344989
-0.0425813
-0.0546703
-0.167754
-0.166701
-0.166231
-0.142348
-0.165123
-0.171633
6.18418e-14
2.61211e-14
9.97879e-15
-0.0386625
-0.10519
-0.151766
2.83217e-16
1.00764e-15
3.2424e-15
-0.0256593
-0.0756887
-0.118389
-0.144785
-0.15769
-0.164021
-0.141192
-0.151914
-0.145895
-0.122513
-0.0932552
-0.057709
-0.088965
-0.0733402
-0.0504795
-0.128174
-0.119015
-0.103876
6.65731e-17
1.52218e-17
3.14781e-18
0.000727898
-0.00678761
-0.02499
1.37008e-20
9.00482e-20
5.35279e-19
0.0186537
0.0485416
0.0655725
0.0538797
0.0211522
-0.0167496
0.0193982
0.0478711
0.0651362
-0.0172487
-0.0517593
-0.0806673
-0.0650595
-0.0691293
-0.0731221
-0.0472534
-0.0569647
-0.0685163
-0.0946925
-0.0908659
-0.0811832
-0.0143699
-0.0423115
-0.0616359
-0.0726729
-0.0768207
-0.0763272
-0.0676845
-0.0722101
-0.0713961
-0.0607396
-0.0405457
-0.0117665
-0.0607401
-0.0405461
-0.0117668
-0.0676845
-0.0722102
-0.0713963
0.0224659
0.0591609
0.0902702
0.0913253
0.0610299
0.0251257
0.116632
0.120769
0.112456
0.116632
0.120768
0.112456
0.0913244
0.0610293
0.0251254
0.0224632
0.0591588
0.0902688
-0.0143725
-0.0423131
-0.0616367
0.0789222
0.091553
0.0932906
0.110721
0.113628
0.101638
1.68544e-21
2.08615e-22
2.33536e-23
0.0154885
0.0465545
0.0766095
1.5589e-26
1.89269e-25
2.07835e-24
0.0056487
0.0190053
0.0362545
0.0553809
0.0715924
0.0853066
0.101375
0.080687
0.0582226
0.0387635
0.0254794
0.015386
0.0387638
0.0254796
0.015386
0.101375
0.0806872
0.0582229
1.00363e-27
6.72458e-29
4.07504e-30
0.000980739
0.00368874
0.00808552
4.17156e-34
9.35625e-33
1.89794e-31
4.17163e-34
9.3567e-33
1.89809e-31
0.000980748
0.00368876
0.00808553
1.0038e-27
6.7255e-29
4.07549e-30
0.00564879
0.0190055
0.0362549
0.11072
0.113628
0.101637
0.0789199
0.0915519
0.0932903
0.0193949
0.0478675
0.0651329
0.0553814
0.0715929
0.0853069
1.55919e-26
1.89309e-25
2.07884e-24
0.0154887
0.0465549
0.0766098
1.68595e-21
2.08673e-22
2.33597e-23
0.0186534
0.0485403
0.0655701
-0.0280682
-0.0343782
-0.044539
-0.0427453
-0.0464349
-0.0500972
-0.0240218
-0.0283147
-0.0354247
-0.0344989
-0.0425813
-0.0546703
-0.0610115
-0.0574009
-0.0538702
-0.118896
-0.094703
-0.07275
-0.132448
-0.132474
-0.129574
-0.111409
-0.0835254
-0.0611593
-0.109518
-0.117486
-0.124201
-0.0898669
-0.0655104
-0.0477151
-0.0472534
-0.0569647
-0.0685163
-0.0650596
-0.0691294
-0.0731222
-0.0726733
-0.0768209
-0.0763273
-0.0172516
-0.0517618
-0.0806693
-0.0946938
-0.0908665
-0.0811834
-0.128175
-0.119016
-0.103877
-0.0889673
-0.0733435
-0.0504835
-0.122515
-0.0932584
-0.0577128
-0.141192
-0.151915
-0.145897
0.0538763
0.0211482
-0.0167537
1.37048e-20
9.00719e-20
5.35405e-19
0.000726782
-0.0067905
-0.0249939
6.65837e-17
1.52246e-17
3.14846e-18
-0.0256601
-0.0756905
-0.118391
-0.142349
-0.165123
-0.171634
-0.167754
-0.166701
-0.166231
-0.120593
-0.148769
-0.166661
-0.144787
-0.157692
-0.164021
2.83255e-16
1.00775e-15
3.24271e-15
-0.0386627
-0.10519
-0.151766
6.18445e-14
2.61227e-14
9.97956e-15
-0.0577108
-0.127286
-0.162721
-0.0427453
-0.0464349
-0.0500972
-0.0280682
-0.0343781
-0.044539
-0.109518
-0.117486
-0.124201
-0.111409
-0.0835254
-0.0611593
-0.132449
-0.132474
-0.129574
-0.118896
-0.094703
-0.0727499
-0.0610115
-0.0574008
-0.0538702
-0.0344988
-0.0425812
-0.0546702
-0.167754
-0.166701
-0.166231
-0.142349
-0.165123
-0.171634
6.18448e-14
2.6123e-14
9.97977e-15
-0.0386628
-0.10519
-0.151766
2.83271e-16
1.0078e-15
3.24281e-15
-0.0256604
-0.0756912
-0.118392
-0.144787
-0.157692
-0.164022
-0.141193
-0.151916
-0.145898
-0.122516
-0.0932599
-0.0577148
-0.0889686
-0.0733454
-0.0504856
-0.128175
-0.119017
-0.103878
6.65882e-17
1.52258e-17
3.14876e-18
0.000726263
-0.00679189
-0.0249958
1.37067e-20
9.00831e-20
5.35464e-19
0.0186532
0.0485397
0.0655689
0.0538745
0.021146
-0.0167559
0.0193927
0.0478653
0.0651311
-0.0172535
-0.0517634
-0.0806706
-0.0650595
-0.0691293
-0.0731221
-0.0472532
-0.0569645
-0.0685161
-0.0946945
-0.0908668
-0.0811834
-0.0143743
-0.0423144
-0.0616375
-0.0726736
-0.0768209
-0.0763273
-0.0676843
-0.0722101
-0.0713966
-0.0607409
-0.0405476
-0.011769
-0.0607409
-0.0405476
-0.011769
-0.0676843
-0.0722101
-0.0713966
0.022461
0.0591566
0.090267
0.0913225
0.0610268
0.0251228
0.116633
0.120768
0.112455
0.116633
0.120768
0.112455
0.0913224
0.0610268
0.0251228
0.0224609
0.0591565
0.0902669
-0.0143744
-0.0423145
-0.0616375
0.0789187
0.0915514
0.0932906
0.110719
0.113628
0.101638
1.6862e-21
2.08706e-22
2.33635e-23
0.0154889
0.0465554
0.0766104
1.55948e-26
1.89343e-25
2.0792e-24
0.00564898
0.0190061
0.0362559
0.0553827
0.0715941
0.0853077
0.101377
0.0806888
0.0582244
0.038765
0.0254805
0.0153867
0.038765
0.0254805
0.0153867
0.101377
0.0806888
0.0582244
1.00399e-27
6.72681e-29
4.07631e-30
0.000980796
0.00368894
0.00808592
4.17255e-34
9.35871e-33
1.89848e-31
4.17255e-34
9.35871e-33
1.89848e-31
0.000980794
0.00368894
0.00808592
1.00399e-27
6.72683e-29
4.07632e-30
0.00564897
0.0190061
0.0362559
0.110719
0.113628
0.101638
0.0789186
0.0915512
0.0932905
0.0193926
0.0478651
0.0651309
0.0553826
0.0715941
0.0853077
1.55949e-26
1.89344e-25
2.07921e-24
0.0154889
0.0465554
0.0766104
1.68623e-21
2.08709e-22
2.33638e-23
0.0186532
0.0485396
0.0655688
-0.0280682
-0.0343782
-0.044539
-0.0427454
-0.0464349
-0.0500972
-0.0240218
-0.0283147
-0.0354247
-0.0344988
-0.0425813
-0.0546703
-0.0610115
-0.0574009
-0.0538702
-0.118896
-0.094703
-0.07275
-0.132449
-0.132474
-0.129574
-0.111409
-0.0835254
-0.0611593
-0.109518
-0.117486
-0.124201
-0.0898669
-0.0655105
-0.0477151
-0.0472532
-0.0569645
-0.0685162
-0.0650595
-0.0691293
-0.0731221
-0.0726736
-0.076821
-0.0763273
-0.0172536
-0.0517636
-0.0806707
-0.0946946
-0.0908669
-0.0811835
-0.128175
-0.119017
-0.103878
-0.0889688
-0.0733456
-0.0504859
-0.122516
-0.0932602
-0.0577151
-0.141193
-0.151916
-0.145898
0.0538743
0.0211458
-0.0167562
1.3707e-20
9.00847e-20
5.35473e-19
0.000726179
-0.0067921
-0.0249961
6.65892e-17
1.5226e-17
3.14881e-18
-0.0256605
-0.0756914
-0.118392
-0.142349
-0.165123
-0.171634
-0.167754
-0.166701
-0.166231
-0.120593
-0.148769
-0.166661
-0.144787
-0.157692
-0.164022
2.83274e-16
1.00781e-15
3.24284e-15
-0.0386628
-0.10519
-0.151767
6.18448e-14
2.61231e-14
9.97984e-15
-0.0577108
-0.127286
-0.162721
-0.0427453
-0.0464349
-0.0500972
-0.0280682
-0.0343781
-0.044539
-0.109518
-0.117486
-0.124201
-0.111409
-0.0835254
-0.0611593
-0.132448
-0.132474
-0.129574
-0.118896
-0.0947029
-0.0727499
-0.0610115
-0.0574008
-0.0538702
-0.0344988
-0.0425813
-0.0546702
-0.167754
-0.166701
-0.166231
-0.142349
-0.165123
-0.171634
6.18445e-14
2.61227e-14
9.97956e-15
-0.0386627
-0.10519
-0.151766
2.83255e-16
1.00775e-15
3.24271e-15
-0.0256601
-0.0756905
-0.118391
-0.144787
-0.157692
-0.164021
-0.141192
-0.151915
-0.145897
-0.122515
-0.0932585
-0.057713
-0.0889675
-0.0733438
-0.0504837
-0.128175
-0.119017
-0.103878
6.65837e-17
1.52246e-17
3.14846e-18
0.000726775
-0.00679056
-0.024994
1.37048e-20
9.00719e-20
5.35405e-19
0.0186534
0.0485403
0.0655701
0.0538762
0.021148
-0.0167539
0.0193944
0.0478671
0.0651327
-0.017252
-0.0517622
-0.0806696
-0.0650595
-0.0691293
-0.0731221
-0.0472532
-0.0569646
-0.0685162
-0.0946939
-0.0908666
-0.0811834
-0.014373
-0.0423136
-0.061637
-0.0726734
-0.0768209
-0.0763273
-0.0676843
-0.0722101
-0.0713964
-0.0607405
-0.0405466
-0.0117673
-0.0607399
-0.0405461
-0.0117671
-0.0676844
-0.0722101
-0.0713962
0.0224627
0.0591583
0.0902686
0.0913241
0.0610288
0.0251249
0.116632
0.120768
0.112456
0.116632
0.120769
0.112456
0.091325
0.0610295
0.0251251
0.0224654
0.0591604
0.0902699
-0.0143704
-0.042312
-0.0616362
0.0789199
0.0915519
0.0932904
0.11072
0.113628
0.101637
1.68595e-21
2.08673e-22
2.33597e-23
0.0154887
0.0465549
0.0766099
1.55919e-26
1.89309e-25
2.07884e-24
0.0056488
0.0190055
0.036255
0.0553814
0.071593
0.085307
0.101376
0.0806873
0.058223
0.0387639
0.0254796
0.015386
0.0387636
0.0254795
0.015386
0.101375
0.0806871
0.0582227
1.0038e-27
6.7255e-29
4.07549e-30
0.000980749
0.00368876
0.00808554
4.17163e-34
9.3567e-33
1.89809e-31
4.17156e-34
9.35625e-33
1.89794e-31
0.00098074
0.00368874
0.00808552
1.00363e-27
6.72458e-29
4.07504e-30
0.0056487
0.0190053
0.0362546
0.110721
0.113628
0.101638
0.0789222
0.091553
0.0932906
0.0193978
0.0478708
0.0651361
0.055381
0.0715925
0.0853067
1.5589e-26
1.89269e-25
2.07835e-24
0.0154886
0.0465546
0.0766096
1.68544e-21
2.08615e-22
2.33536e-23
0.0186537
0.0485416
0.0655725
-0.0280682
-0.0343781
-0.0445389
-0.0427452
-0.0464347
-0.050097
-0.0240218
-0.0283147
-0.0354246
-0.0344988
-0.0425812
-0.0546701
-0.0610113
-0.0574007
-0.05387
-0.118895
-0.0947026
-0.0727497
-0.132448
-0.132473
-0.129573
-0.111409
-0.0835251
-0.0611591
-0.109518
-0.117486
-0.1242
-0.0898665
-0.0655102
-0.0477149
-0.0472532
-0.0569646
-0.0685161
-0.0650594
-0.0691292
-0.0731219
-0.072673
-0.0768206
-0.0763271
-0.0172491
-0.0517596
-0.0806675
-0.0946925
-0.0908659
-0.0811831
-0.128174
-0.119015
-0.103876
-0.0889651
-0.0733404
-0.0504797
-0.122513
-0.0932553
-0.0577092
-0.141191
-0.151914
-0.145895
0.0538796
0.0211521
-0.0167497
1.37008e-20
9.00482e-20
5.35279e-19
0.000727894
-0.00678766
-0.0249901
6.65731e-17
1.52218e-17
3.14781e-18
-0.0256594
-0.0756888
-0.118389
-0.142348
-0.165123
-0.171633
-0.167754
-0.166701
-0.166231
-0.120593
-0.148769
-0.166661
-0.144785
-0.157691
-0.164021
2.83217e-16
1.00764e-15
3.2424e-15
-0.0386625
-0.10519
-0.151766
6.18418e-14
2.61211e-14
9.97879e-15
-0.057711
-0.127286
-0.162721
-0.0427452
-0.0464348
-0.0500971
-0.0280682
-0.0343782
-0.044539
-0.109518
-0.117486
-0.1242
-0.111409
-0.0835253
-0.0611592
-0.132448
-0.132474
-0.129573
-0.118896
-0.0947029
-0.07275
-0.0610116
-0.0574009
-0.0538702
-0.0344989
-0.0425814
-0.0546704
-0.167754
-0.166701
-0.16623
-0.142348
-0.165123
-0.171634
6.18417e-14
2.61211e-14
9.97875e-15
-0.0386625
-0.10519
-0.151766
2.83213e-16
1.00763e-15
3.24237e-15
-0.0256592
-0.0756885
-0.118389
-0.144785
-0.15769
-0.164021
-0.141192
-0.151914
-0.145895
-0.122512
-0.0932548
-0.0577084
-0.0889646
-0.0733397
-0.0504789
-0.128174
-0.119015
-0.103876
6.65718e-17
1.52214e-17
3.14771e-18
0.000728076
-0.00678714
-0.0249894
1.37e-20
9.00439e-20
5.35258e-19
0.0186537
0.0485418
0.065573
0.0538804
0.021153
-0.0167488
0.0193992
0.0478721
0.065137
-0.0172478
-0.0517587
-0.080667
-0.0650597
-0.0691295
-0.0731223
-0.0472535
-0.0569649
-0.0685164
-0.0946923
-0.090866
-0.0811834
-0.014369
-0.0423109
-0.0616355
-0.0726728
-0.0768207
-0.0763274
-0.0676847
-0.0722102
-0.0713959
-0.0607391
-0.0405446
-0.0117649
-0.0607392
-0.0405447
-0.0117649
-0.0676846
-0.0722102
-0.0713959
0.0224671
0.0591622
0.0902715
0.0913268
0.0610319
0.0251278
0.116631
0.120769
0.112457
0.116631
0.120769
0.112457
0.0913268
0.0610319
0.0251278
0.022467
0.0591622
0.0902715
-0.0143691
-0.0423109
-0.0616355
0.0789227
0.0915531
0.0932901
0.110722
0.113628
0.101637
1.68532e-21
2.08594e-22
2.33507e-23
0.0154883
0.0465539
0.0766088
1.55857e-26
1.89235e-25
2.07803e-24
0.00564845
0.0190045
0.0362533
0.0553795
0.0715911
0.0853056
0.101374
0.0806852
0.058221
0.0387621
0.0254783
0.0153851
0.0387621
0.0254783
0.0153851
0.101374
0.0806852
0.058221
1.00339e-27
6.72275e-29
4.0738e-30
0.000980661
0.00368847
0.00808498
4.16986e-34
9.35276e-33
1.8973e-31
4.16985e-34
9.35274e-33
1.89729e-31
0.00098066
0.00368847
0.00808498
1.00338e-27
6.72271e-29
4.07378e-30
0.00564844
0.0190045
0.0362533
0.110722
0.113628
0.101637
0.0789227
0.0915531
0.0932901
0.0193992
0.047872
0.0651369
0.0553795
0.0715911
0.0853056
1.55856e-26
1.89234e-25
2.07802e-24
0.0154883
0.0465539
0.0766088
1.68532e-21
2.08594e-22
2.33506e-23
0.0186538
0.0485418
0.065573
-0.0280682
-0.0343781
-0.044539
-0.0427452
-0.0464348
-0.0500971
-0.0344989
-0.0425813
-0.0546703
-0.0610115
-0.0574008
-0.0538701
-0.118896
-0.0947029
-0.07275
-0.132448
-0.132474
-0.129573
-0.111409
-0.0835253
-0.0611592
-0.109518
-0.117486
-0.1242
-0.0472535
-0.0569648
-0.0685164
-0.0650596
-0.0691294
-0.0731222
-0.0726728
-0.0768207
-0.0763273
-0.0172479
-0.0517588
-0.080667
-0.0946924
-0.090866
-0.0811833
-0.128174
-0.119015
-0.103876
-0.0889647
-0.0733398
-0.050479
-0.122512
-0.0932549
-0.0577085
-0.141192
-0.151914
-0.145895
0.0538804
0.0211529
-0.0167489
1.37e-20
9.00439e-20
5.35258e-19
0.000728065
-0.00678719
-0.0249894
6.65722e-17
1.52214e-17
3.14772e-18
-0.0256593
-0.0756886
-0.118389
-0.142348
-0.165123
-0.171633
-0.167753
-0.1667
-0.16623
-0.144785
-0.15769
-0.164021
2.83215e-16
1.00764e-15
3.24242e-15
-0.0386625
-0.10519
-0.151766
6.18433e-14
2.61216e-14
9.97893e-15
-0.0144117
-0.0144886
-0.0146351
-0.0144886
-0.0145898
-0.0147597
-0.0146351
-0.0147597
-0.0149569
-0.0148702
-0.0151766
-0.0155718
-0.0150231
-0.0153562
-0.0157828
-0.0152504
-0.0156188
-0.016083
-0.0155807
-0.0159885
-0.0164993
-0.0159885
-0.0164442
-0.0170079
-0.0164993
-0.0170079
-0.0176397
-0.0148702
-0.0150231
-0.0152504
-0.0151766
-0.0153562
-0.0156188
-0.0155719
-0.0157828
-0.016083
-0.0160917
-0.0167101
-0.0174727
-0.0163461
-0.0170107
-0.0178334
-0.016693
-0.0174142
-0.0183114
-0.0184979
-0.0197886
-0.021609
-0.0189508
-0.0203743
-0.0224221
-0.0195365
-0.0211159
-0.0234109
-0.0203222
-0.0220893
-0.0246672
-0.0212529
-0.0232291
-0.0261055
-0.0224114
-0.0246415
-0.0278659
-0.0171728
-0.0179675
-0.0189589
-0.0177511
-0.0186316
-0.0197323
-0.0184716
-0.0194595
-0.0206957
-0.0194198
-0.0205479
-0.021973
-0.0205479
-0.0218516
-0.0235108
-0.021973
-0.0235108
-0.025492
-0.0239532
-0.0265315
-0.0302192
-0.0258299
-0.0288519
-0.0331194
-0.0282775
-0.0319003
-0.0369209
-0.0317402
-0.0361993
-0.0421861
-0.0361993
-0.0416079
-0.048523
-0.0421861
-0.048523
-0.0560194
-0.0239532
-0.0258299
-0.0282775
-0.0265315
-0.0288519
-0.0319003
-0.0302192
-0.0331195
-0.0369209
-0.0160917
-0.0163461
-0.016693
-0.0167101
-0.0170107
-0.0174142
-0.0174727
-0.0178334
-0.0183114
-0.0171728
-0.0177511
-0.0184716
-0.0179675
-0.0186316
-0.0194595
-0.0189589
-0.0197323
-0.0206957
-0.0203223
-0.0212529
-0.0224114
-0.0220893
-0.0232291
-0.0246415
-0.0246672
-0.0261055
-0.0278659
-0.0184979
-0.0189508
-0.0195365
-0.0197886
-0.0203743
-0.021116
-0.021609
-0.0224221
-0.0234109
-0.0144117
-0.0144886
-0.0146351
-0.0144886
-0.0145898
-0.0147597
-0.0146351
-0.0147597
-0.0149569
-0.0148702
-0.0151766
-0.0155719
-0.0150231
-0.0153562
-0.0157828
-0.0152504
-0.0156188
-0.016083
-0.0155807
-0.0159885
-0.0164993
-0.0159885
-0.0164442
-0.0170079
-0.0164993
-0.0170079
-0.0176398
-0.0148702
-0.0150231
-0.0152504
-0.0151766
-0.0153562
-0.0156188
-0.0155718
-0.0157828
-0.016083
-0.0160917
-0.0167101
-0.0174727
-0.0163461
-0.0170107
-0.0178334
-0.016693
-0.0174142
-0.0183114
-0.0184979
-0.0197886
-0.021609
-0.0189508
-0.0203743
-0.0224221
-0.0195365
-0.021116
-0.0234109
-0.0203223
-0.0220893
-0.0246672
-0.0212529
-0.0232291
-0.0261055
-0.0224114
-0.0246415
-0.0278659
-0.0171728
-0.0179675
-0.0189589
-0.0177511
-0.0186316
-0.0197323
-0.0184716
-0.0194595
-0.0206957
-0.0194198
-0.0205479
-0.021973
-0.0205479
-0.0218516
-0.0235108
-0.021973
-0.0235108
-0.0254919
-0.0239532
-0.0265315
-0.0302192
-0.0258299
-0.0288519
-0.0331194
-0.0282775
-0.0319003
-0.0369209
-0.0317402
-0.0361992
-0.042186
-0.0361992
-0.0416078
-0.0485229
-0.042186
-0.0485229
-0.0560193
-0.0239532
-0.0258299
-0.0282775
-0.0265315
-0.0288519
-0.0319003
-0.0302192
-0.0331194
-0.0369209
-0.0160917
-0.0163461
-0.016693
-0.0167101
-0.0170107
-0.0174142
-0.0174727
-0.0178334
-0.0183114
-0.0171728
-0.0177511
-0.0184716
-0.0179675
-0.0186316
-0.0194595
-0.0189589
-0.0197323
-0.0206957
-0.0203222
-0.0212529
-0.0224114
-0.0220893
-0.0232291
-0.0246415
-0.0246672
-0.0261055
-0.0278659
-0.0184979
-0.0189508
-0.0195365
-0.0197886
-0.0203743
-0.0211159
-0.021609
-0.0224221
-0.0234109
-0.0144117
-0.0144886
-0.0146351
-0.0144886
-0.0145898
-0.0147597
-0.0146351
-0.0147597
-0.0149569
-0.0148702
-0.0151766
-0.0155718
-0.0150231
-0.0153562
-0.0157828
-0.0152504
-0.0156188
-0.016083
-0.0155807
-0.0159885
-0.0164993
-0.0159885
-0.0164442
-0.0170079
-0.0164993
-0.0170079
-0.0176397
-0.0148702
-0.0150231
-0.0152504
-0.0151766
-0.0153562
-0.0156188
-0.0155718
-0.0157828
-0.016083
-0.0160917
-0.0167101
-0.0174727
-0.0163461
-0.0170107
-0.0178334
-0.016693
-0.0174142
-0.0183114
-0.0184979
-0.0197886
-0.021609
-0.0189508
-0.0203743
-0.0224221
-0.0195365
-0.0211159
-0.0234109
-0.0203222
-0.0220892
-0.0246672
-0.0212528
-0.023229
-0.0261055
-0.0224114
-0.0246414
-0.0278658
-0.0171727
-0.0179675
-0.0189589
-0.0177511
-0.0186316
-0.0197323
-0.0184716
-0.0194595
-0.0206956
-0.0194197
-0.0205479
-0.021973
-0.0205479
-0.0218515
-0.0235107
-0.021973
-0.0235107
-0.0254919
-0.0239532
-0.0265314
-0.0302191
-0.0258298
-0.0288518
-0.0331193
-0.0282774
-0.0319002
-0.0369208
-0.0317401
-0.0361991
-0.0421858
-0.0361991
-0.0416076
-0.0485227
-0.0421858
-0.0485227
-0.0560191
-0.0239532
-0.0258298
-0.0282774
-0.0265314
-0.0288518
-0.0319002
-0.0302191
-0.0331193
-0.0369208
-0.0160917
-0.0163461
-0.016693
-0.0167101
-0.0170107
-0.0174142
-0.0174727
-0.0178334
-0.0183114
-0.0171727
-0.0177511
-0.0184716
-0.0179675
-0.0186316
-0.0194595
-0.0189589
-0.0197323
-0.0206956
-0.0203222
-0.0212528
-0.0224114
-0.0220892
-0.023229
-0.0246414
-0.0246672
-0.0261055
-0.0278658
-0.0184979
-0.0189508
-0.0195365
-0.0197886
-0.0203743
-0.0211159
-0.021609
-0.0224221
-0.0234109
-0.0144117
-0.0144886
-0.0146351
-0.0144886
-0.0145898
-0.0147597
-0.0146351
-0.0147597
-0.0149569
-0.0148702
-0.0151766
-0.0155718
-0.0150231
-0.0153562
-0.0157828
-0.0152504
-0.0156188
-0.016083
-0.0155807
-0.0159885
-0.0164993
-0.0159885
-0.0164442
-0.0170079
-0.0164993
-0.0170079
-0.0176397
-0.0148702
-0.0150231
-0.0152504
-0.0151766
-0.0153562
-0.0156188
-0.0155719
-0.0157828
-0.016083
-0.0160917
-0.0167101
-0.0174727
-0.0163461
-0.0170107
-0.0178334
-0.016693
-0.0174142
-0.0183114
-0.0184979
-0.0197886
-0.021609
-0.0189508
-0.0203743
-0.0224221
-0.0195365
-0.0211159
-0.0234109
-0.0203222
-0.0220892
-0.0246672
-0.0212529
-0.0232291
-0.0261055
-0.0224114
-0.0246414
-0.0278659
-0.0171728
-0.0179675
-0.0189589
-0.0177511
-0.0186316
-0.0197323
-0.0184716
-0.0194595
-0.0206956
-0.0194197
-0.0205479
-0.021973
-0.0205479
-0.0218516
-0.0235108
-0.021973
-0.0235108
-0.0254919
-0.0239532
-0.0265314
-0.0302191
-0.0258298
-0.0288518
-0.0331194
-0.0282775
-0.0319002
-0.0369208
-0.0317401
-0.0361992
-0.0421859
-0.0361991
-0.0416077
-0.0485227
-0.0421859
-0.0485227
-0.0560191
-0.0239532
-0.0258298
-0.0282775
-0.0265314
-0.0288518
-0.0319002
-0.0302191
-0.0331193
-0.0369208
-0.0160917
-0.0163461
-0.016693
-0.0167101
-0.0170107
-0.0174142
-0.0174727
-0.0178334
-0.0183114
-0.0171728
-0.0177511
-0.0184716
-0.0179675
-0.0186316
-0.0194595
-0.0189589
-0.0197323
-0.0206956
-0.0203222
-0.0212529
-0.0224114
-0.0220893
-0.0232291
-0.0246414
-0.0246672
-0.0261055
-0.0278658
-0.0184979
-0.0189508
-0.0195365
-0.0197886
-0.0203743
-0.0211159
-0.021609
-0.0224221
-0.0234109
-0.0144117
-0.0144886
-0.0146351
-0.0144886
-0.0145898
-0.0147597
-0.0146351
-0.0147597
-0.0149569
-0.0148702
-0.0151766
-0.0155719
-0.0150231
-0.0153562
-0.0157828
-0.0152504
-0.0156188
-0.016083
-0.0155807
-0.0159885
-0.0164993
-0.0159885
-0.0164442
-0.0170079
-0.0164993
-0.0170079
-0.0176397
-0.0148702
-0.0150231
-0.0152504
-0.0151766
-0.0153562
-0.0156188
-0.0155718
-0.0157828
-0.016083
-0.0160917
-0.0167101
-0.0174727
-0.0163461
-0.0170107
-0.0178334
-0.016693
-0.0174142
-0.0183114
-0.0184979
-0.0197886
-0.021609
-0.0189508
-0.0203743
-0.0224221
-0.0195365
-0.021116
-0.0234109
-0.0203223
-0.0220893
-0.0246672
-0.0212529
-0.0232291
-0.0261055
-0.0224114
-0.0246415
-0.0278659
-0.0171728
-0.0179675
-0.0189589
-0.0177511
-0.0186316
-0.0197323
-0.0184716
-0.0194595
-0.0206957
-0.0194198
-0.0205479
-0.021973
-0.0205479
-0.0218516
-0.0235108
-0.021973
-0.0235108
-0.025492
-0.0239532
-0.0265315
-0.0302192
-0.0258299
-0.0288519
-0.0331195
-0.0282775
-0.0319003
-0.0369209
-0.0317402
-0.0361993
-0.0421861
-0.0361993
-0.0416079
-0.048523
-0.0421861
-0.048523
-0.0560194
-0.0239532
-0.0258299
-0.0282775
-0.0265315
-0.0288519
-0.0319003
-0.0302192
-0.0331194
-0.0369209
-0.0160917
-0.0163461
-0.016693
-0.0167101
-0.0170107
-0.0174142
-0.0174727
-0.0178334
-0.0183114
-0.0171728
-0.0177511
-0.0184716
-0.0179675
-0.0186316
-0.0194595
-0.0189589
-0.0197323
-0.0206957
-0.0203222
-0.0212529
-0.0224114
-0.0220893
-0.0232291
-0.0246415
-0.0246672
-0.0261055
-0.0278659
-0.0184979
-0.0189508
-0.0195365
-0.0197886
-0.0203743
-0.0211159
-0.021609
-0.0224221
-0.0234109
-0.0245906
-0.0292378
-0.0369272
-0.0258213
-0.0311459
-0.0398905
-0.0272407
-0.0332212
-0.0429251
-0.0501008
-0.0689295
-0.0942157
-0.0546134
-0.0751361
-0.101827
-0.058963
-0.0808038
-0.108419
-0.0632832
-0.0860412
-0.11401
-0.0671394
-0.090197
-0.11766
-0.0708409
-0.0934377
-0.11918
-0.0289567
-0.0355848
-0.0461632
-0.030846
-0.0380506
-0.0493243
-0.0331023
-0.040877
-0.0527201
-0.125293
-0.152589
-0.168016
-0.133195
-0.158725
-0.170037
-0.13964
-0.163432
-0.171473
-0.159465
-0.119983
-0.047431
-0.155593
-0.111057
-0.0415278
-0.15309
-0.107115
-0.0394743
-0.149654
-0.102885
-0.0375115
-0.142297
-0.0958477
-0.0342578
-0.128605
-0.0840476
-0.0291431
-0.144431
-0.166052
-0.170957
-0.14622
-0.164808
-0.166199
-0.144201
-0.158153
-0.154981
-0.136609
-0.143562
-0.134454
-0.123082
-0.121612
-0.106406
-0.102627
-0.0918292
-0.0711528
-0.106071
-0.0659149
-0.0216828
-0.0774653
-0.0441399
-0.0131294
-0.0437683
-0.0197955
-0.00398441
-0.00623914
0.00579118
0.00516112
0.0271323
0.0270073
0.0122874
0.0545384
0.0428605
0.0171355
-0.0734009
-0.0533323
-0.0290229
-0.0393445
-0.0128225
0.0116356
-0.0012336
0.0278301
0.0485715
-0.0360754
-0.0444814
-0.0567586
-0.039698
-0.0487204
-0.0611486
-0.0443401
-0.0538931
-0.0659702
-0.0746227
-0.0955873
-0.117704
-0.0779476
-0.0958886
-0.112447
-0.0804929
-0.0935771
-0.102348
-0.0811428
-0.0868266
-0.0852391
-0.0780634
-0.0746648
-0.0620997
-0.0692579
-0.0554808
-0.0323171
-0.050485
-0.0601914
-0.0708807
-0.0573122
-0.0662604
-0.0740557
-0.0643622
-0.0709853
-0.07377
-0.0703257
-0.0720545
-0.0670069
-0.0720545
-0.0665039
-0.0521091
-0.0670069
-0.0521091
-0.0279298
-0.0516899
-0.0271287
0.00464126
-0.0263643
0.00616061
0.041626
0.00617836
0.0423785
0.0759496
0.0443456
0.0783186
0.103974
0.0783186
0.104554
0.118809
0.103974
0.118809
0.120635
-0.0516898
-0.0263643
0.00617838
-0.0271286
0.00616065
0.0423785
0.00464132
0.041626
0.0759496
0.0396177
0.0661129
0.07903
0.0744453
0.0937535
0.0968447
0.101107
0.110034
0.102896
0.0738896
0.0522586
0.0194545
0.0818933
0.0541308
0.0191828
0.0804735
0.0502727
0.0170767
0.0711181
0.0420862
0.0137215
0.0579125
0.032636
0.0102542
0.0435054
0.0233801
0.0070815
0.116877
0.113872
0.0977377
0.118922
0.106227
0.0848158
0.109715
0.0907189
0.0677183
0.0913797
0.0701257
0.048954
0.0701257
0.0504126
0.0331354
0.048954
0.0331354
0.0205837
0.0295603
0.0151195
0.00441059
0.0188999
0.00923419
0.00259779
0.0111172
0.00519122
0.00140724
0.00568734
0.00253574
0.000659077
0.00253574
0.00107937
0.000266668
0.000659077
0.000266668
5.63739e-05
0.0295603
0.0188999
0.0111172
0.0151195
0.00923419
0.00519123
0.0044106
0.00259779
0.00140724
0.0396178
0.0744453
0.101107
0.0661129
0.0937535
0.110034
0.07903
0.0968447
0.102896
0.116877
0.118922
0.109715
0.113872
0.106227
0.0907189
0.0977377
0.0848158
0.0677183
0.0711181
0.0579125
0.0435054
0.0420862
0.032636
0.0233801
0.0137215
0.0102542
0.00708151
0.0738896
0.0818933
0.0804735
0.0522586
0.0541308
0.0502727
0.0194545
0.0191828
0.0170767
-0.0245906
-0.0258213
-0.0272407
-0.0292378
-0.031146
-0.0332212
-0.0369272
-0.0398905
-0.0429251
-0.0289567
-0.030846
-0.0331023
-0.0355848
-0.0380507
-0.040877
-0.0461632
-0.0493244
-0.0527201
-0.0632832
-0.0671394
-0.070841
-0.0860412
-0.0901971
-0.0934377
-0.11401
-0.11766
-0.11918
-0.0501008
-0.0546134
-0.058963
-0.0689295
-0.0751361
-0.0808038
-0.0942157
-0.101827
-0.108419
-0.0360754
-0.0396981
-0.0443402
-0.0444815
-0.0487204
-0.0538931
-0.0567586
-0.0611486
-0.0659703
-0.050485
-0.0573122
-0.0643622
-0.0601914
-0.0662604
-0.0709853
-0.0708807
-0.0740557
-0.07377
-0.0811428
-0.0780634
-0.0692579
-0.0868266
-0.0746648
-0.0554807
-0.0852391
-0.0620997
-0.032317
-0.0746228
-0.0779476
-0.0804929
-0.0955873
-0.0958886
-0.0935771
-0.117704
-0.112447
-0.102348
-0.136609
-0.123082
-0.102627
-0.143562
-0.121612
-0.0918291
-0.134453
-0.106405
-0.0711526
-0.0734008
-0.0393444
-0.00123353
-0.0533322
-0.0128225
0.0278302
-0.0290228
0.0116357
0.0485715
-0.00623907
0.0271324
0.0545384
0.00579122
0.0270074
0.0428605
0.00516113
0.0122874
0.0171355
-0.10607
-0.0774652
-0.0437682
-0.0659149
-0.0441398
-0.0197954
-0.0216828
-0.0131293
-0.0039844
-0.125293
-0.133195
-0.13964
-0.152589
-0.158725
-0.163432
-0.168016
-0.170037
-0.171474
-0.144431
-0.14622
-0.144201
-0.166052
-0.164808
-0.158153
-0.170957
-0.166199
-0.154981
-0.149654
-0.142297
-0.128605
-0.102885
-0.0958477
-0.0840476
-0.0375115
-0.0342578
-0.0291431
-0.159465
-0.155593
-0.15309
-0.119984
-0.111057
-0.107115
-0.047431
-0.0415278
-0.0394743
-0.0245906
-0.0292378
-0.0369272
-0.0258213
-0.0311459
-0.0398905
-0.0272407
-0.0332212
-0.0429251
-0.0501008
-0.0689295
-0.0942157
-0.0546133
-0.075136
-0.101827
-0.0589629
-0.0808037
-0.108419
-0.0632831
-0.0860411
-0.11401
-0.0671393
-0.0901969
-0.117659
-0.0708408
-0.0934375
-0.11918
-0.0289567
-0.0355848
-0.0461632
-0.030846
-0.0380506
-0.0493243
-0.0331023
-0.0408769
-0.05272
-0.125293
-0.152589
-0.168016
-0.133195
-0.158725
-0.170037
-0.13964
-0.163432
-0.171474
-0.159465
-0.119984
-0.047431
-0.155593
-0.111057
-0.0415279
-0.15309
-0.107116
-0.0394744
-0.149655
-0.102885
-0.0375115
-0.142297
-0.0958478
-0.0342579
-0.128605
-0.0840477
-0.0291431
-0.14443
-0.166052
-0.170957
-0.14622
-0.164807
-0.166199
-0.144201
-0.158153
-0.154981
-0.136609
-0.143562
-0.134454
-0.123082
-0.121612
-0.106406
-0.102627
-0.0918295
-0.0711532
-0.106071
-0.0659151
-0.0216829
-0.0774656
-0.0441402
-0.0131295
-0.0437688
-0.0197959
-0.00398457
-0.00623976
0.00579074
0.00516096
0.0271317
0.0270069
0.0122873
0.0545379
0.0428602
0.0171354
-0.0734013
-0.0533329
-0.0290236
-0.0393451
-0.0128233
0.0116348
-0.00123447
0.0278292
0.0485707
-0.0360753
-0.0444814
-0.0567585
-0.039698
-0.0487203
-0.0611485
-0.0443401
-0.053893
-0.0659701
-0.0746226
-0.0955871
-0.117704
-0.0779474
-0.0958885
-0.112446
-0.0804928
-0.093577
-0.102348
-0.0811427
-0.0868266
-0.0852393
-0.0780635
-0.074665
-0.0621002
-0.0692582
-0.0554813
-0.0323178
-0.0504849
-0.0601913
-0.0708806
-0.057312
-0.0662603
-0.0740556
-0.0643621
-0.0709852
-0.07377
-0.0703256
-0.0720546
-0.0670072
-0.0720546
-0.0665043
-0.0521099
-0.0670075
-0.0521102
-0.0279313
-0.0516905
-0.0271295
0.00464019
-0.0263655
0.00615919
0.0416245
0.00617656
0.0423766
0.0759481
0.0443433
0.0783167
0.103973
0.0783163
0.104552
0.118809
0.103972
0.118809
0.120635
-0.0516913
-0.0263662
0.0061761
-0.0271311
0.00615783
0.0423757
0.0046378
0.0416226
0.0759468
0.0396166
0.0661119
0.0790294
0.0744441
0.0937527
0.0968444
0.101106
0.110033
0.102896
0.0738892
0.0522585
0.0194545
0.0818934
0.054131
0.0191829
0.0804741
0.0502733
0.017077
0.0711191
0.042087
0.0137218
0.0579137
0.0326368
0.0102545
0.0435067
0.0233809
0.00708179
0.116877
0.113872
0.0977385
0.118923
0.106228
0.0848171
0.109716
0.0907205
0.0677198
0.0913814
0.0701275
0.0489556
0.0701277
0.0504144
0.0331368
0.0489559
0.0331369
0.0205848
0.0295615
0.0151202
0.00441082
0.0189008
0.00923471
0.00259795
0.0111179
0.00519157
0.00140734
0.00568776
0.00253594
0.000659134
0.00253595
0.00107947
0.000266694
0.000659139
0.000266695
5.63802e-05
0.0295618
0.018901
0.0111179
0.0151204
0.00923481
0.00519162
0.00441089
0.00259799
0.00140736
0.0396136
0.0744419
0.101104
0.0661088
0.0937507
0.110032
0.0790267
0.0968429
0.102896
0.116876
0.118922
0.109716
0.113872
0.106228
0.0907207
0.0977387
0.0848175
0.0677202
0.0711195
0.0579143
0.0435071
0.0420874
0.0326372
0.0233813
0.0137219
0.0102547
0.00708191
0.0738875
0.0818927
0.0804741
0.0522576
0.0541308
0.0502735
0.0194543
0.0191829
0.0170771
-0.0245906
-0.0258213
-0.0272407
-0.0292378
-0.031146
-0.0332212
-0.0369273
-0.0398905
-0.0429252
-0.0289567
-0.030846
-0.0331023
-0.0355848
-0.0380506
-0.040877
-0.0461633
-0.0493244
-0.0527201
-0.0632832
-0.0671394
-0.070841
-0.0860413
-0.0901971
-0.0934378
-0.11401
-0.11766
-0.11918
-0.0501009
-0.0546135
-0.0589631
-0.0689298
-0.0751363
-0.080804
-0.0942161
-0.101827
-0.10842
-0.0360753
-0.039698
-0.0443401
-0.0444814
-0.0487203
-0.053893
-0.0567585
-0.0611485
-0.0659701
-0.0504848
-0.057312
-0.064362
-0.0601912
-0.0662603
-0.0709852
-0.0708806
-0.0740557
-0.0737702
-0.0811429
-0.0780639
-0.0692588
-0.0868273
-0.074666
-0.0554826
-0.0852408
-0.0621021
-0.0323202
-0.0746227
-0.0779476
-0.0804929
-0.0955874
-0.0958888
-0.0935775
-0.117704
-0.112447
-0.102349
-0.13661
-0.123084
-0.102629
-0.143563
-0.121615
-0.0918325
-0.134456
-0.106409
-0.0711569
-0.0734039
-0.0393482
-0.00123779
-0.0533364
-0.0128272
0.0278254
-0.0290277
0.0116306
0.0485669
-0.00624368
0.027128
0.0545349
0.00578791
0.0270045
0.0428585
0.00515989
0.0122864
0.0171349
-0.106073
-0.0774688
-0.0437725
-0.0659172
-0.0441427
-0.0197987
-0.0216838
-0.0131306
-0.0039857
-0.125293
-0.133195
-0.139641
-0.15259
-0.158725
-0.163432
-0.168016
-0.170037
-0.171474
-0.144431
-0.14622
-0.144202
-0.166052
-0.164808
-0.158154
-0.170958
-0.1662
-0.154983
-0.149655
-0.142298
-0.128607
-0.102886
-0.0958488
-0.0840492
-0.0375118
-0.0342583
-0.0291438
-0.159465
-0.155593
-0.15309
-0.119984
-0.111057
-0.107116
-0.047431
-0.041528
-0.0394745
-0.0245906
-0.0292378
-0.0369273
-0.0258213
-0.031146
-0.0398905
-0.0272407
-0.0332212
-0.0429251
-0.0501009
-0.0689298
-0.0942161
-0.0546135
-0.0751363
-0.101827
-0.0589631
-0.080804
-0.10842
-0.0632832
-0.0860413
-0.11401
-0.0671394
-0.0901971
-0.11766
-0.0708409
-0.0934378
-0.11918
-0.0289567
-0.0355848
-0.0461632
-0.030846
-0.0380506
-0.0493243
-0.0331022
-0.0408769
-0.05272
-0.125293
-0.15259
-0.168016
-0.133195
-0.158725
-0.170037
-0.139641
-0.163432
-0.171474
-0.159465
-0.119984
-0.047431
-0.155593
-0.111057
-0.041528
-0.15309
-0.107116
-0.0394746
-0.149655
-0.102886
-0.0375119
-0.142299
-0.0958491
-0.0342585
-0.128607
-0.0840498
-0.029144
-0.144431
-0.166053
-0.170958
-0.146221
-0.164808
-0.1662
-0.144202
-0.158155
-0.154984
-0.136611
-0.143564
-0.134457
-0.123084
-0.121616
-0.10641
-0.10263
-0.0918341
-0.0711588
-0.106074
-0.0659181
-0.0216842
-0.0774704
-0.0441439
-0.013131
-0.0437744
-0.0198001
-0.00398622
-0.00624566
0.00578654
0.00515939
0.0271262
0.0270033
0.012286
0.0545334
0.0428576
0.0171346
-0.0734054
-0.0533384
-0.0290299
-0.03935
-0.0128294
0.0116284
-0.00123989
0.0278231
0.0485649
-0.0360753
-0.0444813
-0.0567584
-0.0396979
-0.0487202
-0.0611484
-0.0443399
-0.0538928
-0.06597
-0.0746227
-0.0955874
-0.117704
-0.0779475
-0.0958889
-0.112448
-0.0804929
-0.0935777
-0.10235
-0.081143
-0.0868277
-0.0852418
-0.0780641
-0.0746668
-0.0621034
-0.0692594
-0.0554837
-0.0323218
-0.0504846
-0.060191
-0.0708804
-0.0573118
-0.0662601
-0.0740556
-0.0643618
-0.0709851
-0.0737703
-0.0703255
-0.0720547
-0.067008
-0.0720547
-0.0665049
-0.0521113
-0.0670081
-0.0521113
-0.0279333
-0.0516924
-0.0271327
0.00463578
-0.026368
0.0061557
0.0416204
0.00617372
0.0423733
0.0759447
0.0443405
0.0783139
0.10397
0.0783139
0.10455
0.118808
0.10397
0.118808
0.120635
-0.0516924
-0.026368
0.0061737
-0.0271328
0.00615564
0.0423732
0.00463566
0.0416203
0.0759446
0.0396115
0.0661068
0.0790252
0.0744399
0.0937492
0.0968421
0.101103
0.110032
0.102896
0.0738866
0.0522573
0.0194543
0.0818924
0.0541309
0.019183
0.0804745
0.0502739
0.0170773
0.0711203
0.042088
0.0137222
0.0579153
0.0326379
0.0102549
0.0435082
0.0233819
0.00708212
0.116876
0.113872
0.0977394
0.118923
0.106229
0.0848187
0.109718
0.0907222
0.0677217
0.0913831
0.0701293
0.0489573
0.0701293
0.050416
0.0331381
0.0489572
0.0331381
0.0205857
0.0295627
0.0151209
0.00441105
0.0189017
0.00923518
0.0025981
0.0111184
0.00519186
0.00140742
0.00568805
0.00253608
0.000659172
0.00253608
0.00107953
0.000266708
0.000659171
0.000266708
5.63828e-05
0.0295627
0.0189017
0.0111184
0.0151209
0.00923518
0.00519185
0.00441104
0.00259809
0.00140742
0.0396113
0.0744398
0.101103
0.0661067
0.0937491
0.110031
0.079025
0.096842
0.102896
0.116876
0.118923
0.109718
0.113872
0.106229
0.0907222
0.0977393
0.0848187
0.0677216
0.0711203
0.0579153
0.0435082
0.042088
0.0326379
0.0233819
0.0137222
0.0102549
0.00708211
0.0738865
0.0818923
0.0804744
0.0522572
0.0541308
0.0502739
0.0194542
0.019183
0.0170773
-0.0245906
-0.0258213
-0.0272407
-0.0292378
-0.031146
-0.0332212
-0.0369273
-0.0398905
-0.0429252
-0.0289567
-0.030846
-0.0331022
-0.0355848
-0.0380506
-0.0408769
-0.0461633
-0.0493243
-0.0527201
-0.0632832
-0.0671394
-0.0708409
-0.0860413
-0.0901972
-0.0934378
-0.11401
-0.11766
-0.11918
-0.050101
-0.0546135
-0.0589631
-0.0689298
-0.0751363
-0.080804
-0.0942161
-0.101827
-0.10842
-0.0360753
-0.0396979
-0.0443399
-0.0444813
-0.0487202
-0.0538928
-0.0567584
-0.0611484
-0.06597
-0.0504846
-0.0573118
-0.0643618
-0.060191
-0.0662601
-0.0709851
-0.0708805
-0.0740556
-0.0737703
-0.081143
-0.0780642
-0.0692594
-0.0868278
-0.0746668
-0.0554838
-0.0852419
-0.0621035
-0.0323219
-0.0746227
-0.0779475
-0.0804929
-0.0955875
-0.095889
-0.0935778
-0.117704
-0.112448
-0.10235
-0.136611
-0.123085
-0.10263
-0.143564
-0.121616
-0.0918343
-0.134457
-0.106411
-0.0711591
-0.0734056
-0.0393502
-0.00124008
-0.0533387
-0.0128297
0.0278229
-0.0290302
0.0116281
0.0485647
-0.00624594
0.0271259
0.0545333
0.00578634
0.0270031
0.0428575
0.00515932
0.0122859
0.0171346
-0.106075
-0.0774706
-0.0437747
-0.0659183
-0.0441441
-0.0198003
-0.0216843
-0.0131311
-0.00398631
-0.125293
-0.133196
-0.139641
-0.15259
-0.158726
-0.163432
-0.168016
-0.170037
-0.171474
-0.144431
-0.146221
-0.144202
-0.166053
-0.164808
-0.158155
-0.170958
-0.1662
-0.154984
-0.149655
-0.142299
-0.128607
-0.102886
-0.0958492
-0.08405
-0.0375119
-0.0342585
-0.0291441
-0.159465
-0.155593
-0.15309
-0.119984
-0.111057
-0.107116
-0.047431
-0.041528
-0.0394746
-0.0245906
-0.0292378
-0.0369273
-0.0258213
-0.031146
-0.0398905
-0.0272407
-0.0332212
-0.0429251
-0.050101
-0.0689298
-0.0942161
-0.0546135
-0.0751363
-0.101827
-0.0589631
-0.080804
-0.10842
-0.0632832
-0.0860413
-0.11401
-0.0671394
-0.0901971
-0.11766
-0.0708409
-0.0934377
-0.11918
-0.0289567
-0.0355848
-0.0461632
-0.030846
-0.0380506
-0.0493243
-0.0331022
-0.0408769
-0.05272
-0.125293
-0.15259
-0.168016
-0.133195
-0.158725
-0.170037
-0.139641
-0.163432
-0.171474
-0.159465
-0.119984
-0.047431
-0.155593
-0.111057
-0.041528
-0.15309
-0.107116
-0.0394745
-0.149655
-0.102886
-0.0375118
-0.142298
-0.0958488
-0.0342583
-0.128607
-0.0840492
-0.0291438
-0.144431
-0.166052
-0.170958
-0.14622
-0.164808
-0.1662
-0.144202
-0.158154
-0.154983
-0.13661
-0.143563
-0.134456
-0.123084
-0.121615
-0.106409
-0.102629
-0.0918327
-0.0711571
-0.106073
-0.0659172
-0.0216838
-0.0774689
-0.0441428
-0.0131306
-0.0437727
-0.0197988
-0.00398571
-0.00624383
0.00578786
0.00515989
0.0271279
0.0270044
0.0122864
0.0545348
0.0428584
0.0171349
-0.0734042
-0.0533367
-0.029028
-0.0393486
-0.0128276
0.0116304
-0.00123825
0.027825
0.0485667
-0.0360753
-0.0444813
-0.0567584
-0.0396979
-0.0487202
-0.0611484
-0.04434
-0.0538928
-0.06597
-0.0746226
-0.0955873
-0.117704
-0.0779475
-0.0958888
-0.112447
-0.0804929
-0.0935775
-0.102349
-0.0811429
-0.0868274
-0.085241
-0.0780639
-0.0746663
-0.0621024
-0.069259
-0.055483
-0.0323206
-0.0504847
-0.0601911
-0.0708805
-0.0573118
-0.0662601
-0.0740556
-0.0643619
-0.0709851
-0.0737702
-0.0703255
-0.0720546
-0.0670077
-0.0720546
-0.0665045
-0.0521106
-0.0670074
-0.0521103
-0.0279318
-0.0516917
-0.0271317
0.00463726
-0.0263668
0.00615727
0.0416221
0.00617554
0.0423752
0.0759464
0.0443428
0.0783159
0.103972
0.0783163
0.104552
0.118809
0.103972
0.118809
0.120635
-0.0516909
-0.026366
0.00617599
-0.02713
0.00615864
0.0423761
0.00463967
0.041624
0.0759477
0.0396132
0.0661085
0.0790266
0.0744416
0.0937505
0.0968429
0.101104
0.110032
0.102896
0.0738874
0.0522576
0.0194543
0.0818927
0.0541308
0.0191829
0.0804741
0.0502735
0.0170771
0.0711196
0.0420874
0.0137219
0.0579143
0.0326373
0.0102547
0.0435071
0.0233813
0.00708191
0.116876
0.113872
0.0977388
0.118923
0.106228
0.0848176
0.109717
0.0907209
0.0677203
0.0913815
0.0701278
0.0489559
0.0701276
0.0504145
0.033137
0.0489557
0.0331369
0.0205848
0.0295618
0.0151204
0.00441089
0.018901
0.00923482
0.00259799
0.0111179
0.00519162
0.00140736
0.00568776
0.00253595
0.000659139
0.00253594
0.00107947
0.000266695
0.000659134
0.000266694
5.63802e-05
0.0295615
0.0189009
0.0111179
0.0151202
0.00923471
0.00519158
0.00441082
0.00259796
0.00140734
0.0396162
0.0744438
0.101105
0.0661117
0.0937526
0.110033
0.0790293
0.0968444
0.102896
0.116877
0.118923
0.109716
0.113872
0.106228
0.0907206
0.0977386
0.0848172
0.0677199
0.0711192
0.0579138
0.0435067
0.042087
0.0326369
0.023381
0.0137218
0.0102545
0.0070818
0.0738893
0.0818935
0.0804742
0.0522585
0.0541311
0.0502734
0.0194546
0.0191829
0.017077
-0.0245906
-0.0258213
-0.0272407
-0.0292378
-0.0311459
-0.0332212
-0.0369272
-0.0398904
-0.042925
-0.0289567
-0.0308459
-0.0331022
-0.0355847
-0.0380505
-0.0408768
-0.0461631
-0.0493242
-0.0527199
-0.063283
-0.0671392
-0.0708407
-0.086041
-0.0901968
-0.0934374
-0.11401
-0.117659
-0.119179
-0.0501008
-0.0546133
-0.0589629
-0.0689295
-0.075136
-0.0808037
-0.0942157
-0.101827
-0.108419
-0.0360753
-0.0396979
-0.0443399
-0.0444813
-0.0487202
-0.0538928
-0.0567583
-0.0611483
-0.06597
-0.0504847
-0.0573118
-0.0643619
-0.0601911
-0.0662601
-0.0709851
-0.0708804
-0.0740555
-0.07377
-0.0811426
-0.0780635
-0.0692584
-0.0868266
-0.0746652
-0.0554816
-0.0852395
-0.0621004
-0.0323182
-0.0746224
-0.0779473
-0.0804926
-0.095587
-0.0958883
-0.0935769
-0.117703
-0.112446
-0.102348
-0.136609
-0.123082
-0.102627
-0.143562
-0.121613
-0.0918297
-0.134454
-0.106406
-0.0711534
-0.0734015
-0.0393454
-0.00123488
-0.0533331
-0.0128236
0.0278289
-0.0290238
0.0116346
0.0485705
-0.00623986
0.0271316
0.0545378
0.00579071
0.0270069
0.0428602
0.00516096
0.0122873
0.0171354
-0.106071
-0.0774658
-0.0437689
-0.0659152
-0.0441403
-0.0197959
-0.0216829
-0.0131295
-0.00398458
-0.125293
-0.133195
-0.13964
-0.152589
-0.158725
-0.163432
-0.168016
-0.170037
-0.171474
-0.14443
-0.14622
-0.144201
-0.166052
-0.164807
-0.158153
-0.170957
-0.166199
-0.154981
-0.149655
-0.142297
-0.128605
-0.102885
-0.0958478
-0.0840478
-0.0375116
-0.0342579
-0.0291432
-0.159465
-0.155593
-0.15309
-0.119984
-0.111057
-0.107116
-0.047431
-0.0415279
-0.0394744
-0.0245906
-0.0292378
-0.0369272
-0.0258213
-0.031146
-0.0398905
-0.0272407
-0.0332212
-0.0429251
-0.0501008
-0.0689295
-0.0942157
-0.0546134
-0.0751361
-0.101827
-0.058963
-0.0808038
-0.108419
-0.0632832
-0.0860412
-0.11401
-0.0671394
-0.0901971
-0.11766
-0.070841
-0.0934377
-0.11918
-0.0289567
-0.0355848
-0.0461632
-0.030846
-0.0380507
-0.0493244
-0.0331023
-0.040877
-0.0527201
-0.125293
-0.152589
-0.168016
-0.133195
-0.158725
-0.170037
-0.13964
-0.163432
-0.171474
-0.159465
-0.119984
-0.047431
-0.155593
-0.111057
-0.0415278
-0.15309
-0.107115
-0.0394743
-0.149654
-0.102885
-0.0375115
-0.142297
-0.0958477
-0.0342578
-0.128605
-0.0840476
-0.0291431
-0.144431
-0.166052
-0.170957
-0.14622
-0.164808
-0.166199
-0.144201
-0.158153
-0.154981
-0.136609
-0.143562
-0.134453
-0.123082
-0.121612
-0.106405
-0.102627
-0.0918291
-0.0711526
-0.10607
-0.0659149
-0.0216828
-0.0774652
-0.0441398
-0.0131293
-0.0437682
-0.0197954
-0.0039844
-0.00623907
0.00579122
0.00516113
0.0271324
0.0270074
0.0122874
0.0545384
0.0428605
0.0171355
-0.0734008
-0.0533322
-0.0290228
-0.0393444
-0.0128225
0.0116357
-0.00123353
0.0278302
0.0485715
-0.0360754
-0.0444815
-0.0567586
-0.0396981
-0.0487204
-0.0611486
-0.0443402
-0.0538931
-0.0659703
-0.0746228
-0.0955873
-0.117704
-0.0779476
-0.0958886
-0.112447
-0.0804929
-0.0935771
-0.102348
-0.0811428
-0.0868266
-0.0852391
-0.0780634
-0.0746648
-0.0620997
-0.0692579
-0.0554807
-0.032317
-0.050485
-0.0601914
-0.0708807
-0.0573122
-0.0662604
-0.0740557
-0.0643622
-0.0709853
-0.07377
-0.0703257
-0.0720545
-0.0670069
-0.0720545
-0.0665039
-0.0521091
-0.0670069
-0.0521091
-0.0279298
-0.0516898
-0.0271286
0.00464132
-0.0263643
0.00616065
0.041626
0.00617838
0.0423785
0.0759496
0.0443456
0.0783186
0.103974
0.0783186
0.104554
0.118809
0.103974
0.118809
0.120635
-0.0516899
-0.0263643
0.00617836
-0.0271287
0.00616061
0.0423785
0.00464126
0.041626
0.0759496
0.0396178
0.0661129
0.07903
0.0744453
0.0937535
0.0968447
0.101107
0.110034
0.102896
0.0738896
0.0522586
0.0194545
0.0818933
0.0541308
0.0191828
0.0804735
0.0502727
0.0170767
0.0711181
0.0420862
0.0137215
0.0579125
0.032636
0.0102542
0.0435054
0.0233801
0.00708151
0.116877
0.113872
0.0977377
0.118922
0.106227
0.0848158
0.109715
0.0907189
0.0677183
0.0913797
0.0701257
0.048954
0.0701257
0.0504126
0.0331354
0.048954
0.0331354
0.0205837
0.0295603
0.0151195
0.0044106
0.0188999
0.00923419
0.00259779
0.0111172
0.00519123
0.00140724
0.00568734
0.00253574
0.000659077
0.00253574
0.00107937
0.000266668
0.000659077
0.000266668
5.63739e-05
0.0295603
0.0188999
0.0111172
0.0151195
0.00923419
0.00519122
0.00441059
0.00259779
0.00140724
0.0396177
0.0744453
0.101107
0.0661129
0.0937535
0.110034
0.07903
0.0968447
0.102896
0.116877
0.118922
0.109715
0.113872
0.106227
0.0907189
0.0977377
0.0848158
0.0677183
0.0711181
0.0579125
0.0435054
0.0420862
0.032636
0.0233801
0.0137215
0.0102542
0.0070815
0.0738896
0.0818933
0.0804735
0.0522586
0.0541308
0.0502727
0.0194545
0.0191828
0.0170767
-0.0245906
-0.0258213
-0.0272407
-0.0292378
-0.0311459
-0.0332212
-0.0369272
-0.0398905
-0.0429251
-0.0289567
-0.030846
-0.0331023
-0.0355848
-0.0380506
-0.040877
-0.0461632
-0.0493243
-0.0527201
-0.0632832
-0.0671394
-0.0708409
-0.0860412
-0.090197
-0.0934377
-0.11401
-0.11766
-0.11918
-0.0501008
-0.0546134
-0.058963
-0.0689295
-0.0751361
-0.0808038
-0.0942157
-0.101827
-0.108419
-0.0360754
-0.039698
-0.0443401
-0.0444814
-0.0487204
-0.0538931
-0.0567586
-0.0611486
-0.0659702
-0.050485
-0.0573122
-0.0643622
-0.0601914
-0.0662604
-0.0709853
-0.0708807
-0.0740557
-0.07377
-0.0811428
-0.0780634
-0.0692579
-0.0868266
-0.0746648
-0.0554808
-0.0852391
-0.0620997
-0.0323171
-0.0746227
-0.0779476
-0.0804929
-0.0955873
-0.0958886
-0.0935771
-0.117704
-0.112447
-0.102348
-0.136609
-0.123082
-0.102627
-0.143562
-0.121612
-0.0918292
-0.134454
-0.106406
-0.0711528
-0.0734009
-0.0393445
-0.0012336
-0.0533323
-0.0128225
0.0278301
-0.0290229
0.0116356
0.0485715
-0.00623914
0.0271323
0.0545384
0.00579118
0.0270073
0.0428605
0.00516112
0.0122874
0.0171355
-0.106071
-0.0774653
-0.0437683
-0.0659149
-0.0441399
-0.0197955
-0.0216828
-0.0131294
-0.00398441
-0.125293
-0.133195
-0.13964
-0.152589
-0.158725
-0.163432
-0.168016
-0.170037
-0.171473
-0.144431
-0.14622
-0.144201
-0.166052
-0.164808
-0.158153
-0.170957
-0.166199
-0.154981
-0.149654
-0.142297
-0.128605
-0.102885
-0.0958477
-0.0840476
-0.0375115
-0.0342578
-0.0291431
-0.159465
-0.155593
-0.15309
-0.119983
-0.111057
-0.107115
-0.047431
-0.0415278
-0.0394743
