FiniteElementSpace
FiniteElementCollection: H1_2D_P4
VDim: 1
Ordering: 0

0.571763
0
0
0
0
0
0
0
0
0
0
0.67845
0
0
0.678459
0
0
0.678463
0
0
0.678461
0
0
0.678459
0
0
0.145958
0.145973
0.145999
0.14597
0.145958
0.361512
-0.252151
-0.252155
0.361525
-0.252156
-0.252156
0.361526
-0.252158
-0.252157
0.361525
-0.252155
-0.252156
0.361525
-0.252155
-0.252151
0.361074
0
0.027292
0
0
0.0272884
0
0.361089
0
0.0272576
0
0
0.0272656
0
0.361103
0
0.0272209
0
0
0.0272196
0
0.361099
0
0.0272689
0
0
0.0272622
0
0.361089
0
0.0272884
0
0
0.027292
0
-0.493866
-0.493869
-0.493869
-0.493868
-0.493866
0.616873
-1.64585
0.616868
0.616869
-1.64582
0.616873
0.616866
-1.64582
0.616868
0.616873
-1.64582
0.616868
0.616868
-1.64585
0.616873
0.429389
-0.0824529
-0.0824455
0.4294
0.56686
0.164203
-0.39413
-0.145973
-0.145974
-0.394132
0.164208
0.56687
-0.0824497
-0.0824459
0.429403
0.164202
-0.394135
-0.14597
-0.14597
-0.394135
0.164206
0.566872
-0.0824491
-0.0824497
0.429403
0.164206
-0.394136
-0.145964
-0.145963
-0.394135
0.164206
0.566871
-0.0824456
-0.0824488
0.429401
0.164207
-0.394135
-0.145971
-0.145972
-0.394135
0.164203
0.56687
-0.0824455
-0.082453
0.164208
-0.394132
-0.145974
-0.145973
-0.39413
0.164203
0.591312
0.485183
0.0193928
0.213318
0
0.791003
0
-0.915679
0.382032
0.515818
-0.901217
-0.901215
0.515817
0
-0.705296
0
0
-0.705295
0
-0.915677
0.019389
0.48518
0.591324
0.38203
0
0.790998
0
0.213333
0.485197
0.0193901
0
0.790982
0
-0.915699
0.382019
0.515828
-0.901263
-0.901262
0.515824
0
-0.705242
0
0
-0.705253
0
-0.91569
0.0193918
0.485185
0.591331
0.382031
0
0.790997
0
0.213351
0.485209
0.0193929
0
0.790951
0
-0.915708
0.382
0.515841
-0.901322
-0.901325
0.515841
0
-0.705193
0
0
-0.705194
0
-0.915711
0.0193952
0.485206
0.591328
0.382002
0
0.790954
0
0.213347
0.485185
0.0193925
0
0.790998
0
-0.915689
0.382032
0.515822
-0.901258
-0.901259
0.515827
0
-0.705254
0
0
-0.705243
0
-0.915698
0.0193892
0.485197
0.591324
0.38202
0
0.790982
0
0.213333
0.48518
0.019389
0
0.790998
0
-0.915677
0.38203
0.515817
-0.901215
-0.901217
0.515818
0
-0.705295
0
0
-0.705296
0
-0.915679
0.0193928
0.485183
0.382032
0
0.791003
0
0.13278
0.0517799
-0.292148
0.0517867
0.132788
0.0517791
-0.29215
0.0517846
0.132784
0.0517826
-0.292151
0.0517822
0.132789
0.0517851
-0.292151
0.0517797
0.13278
0.0517866
-0.292148
0.0517799
0.258773
0.68602
-0.107931
0.1387
0.429696
-1.26461
0.0696934
-1.2646
0.258774
0.138699
-0.107934
0.686016
0.258776
0.686035
-0.107969
0.138709
0.42966
-1.26458
0.0697108
-1.2646
0.258776
0.13871
-0.107936
0.686017
0.258781
0.686044
-0.108009
0.138723
0.429618
-1.26457
0.0697416
-1.26457
0.25878
0.138725
-0.108007
0.68604
0.258777
0.686017
-0.107935
0.138709
0.429664
-1.2646
0.0697106
-1.26459
0.258777
0.138707
-0.107967
0.686035
0.258774
0.686016
-0.107934
0.138699
0.429696
-1.2646
0.0696934
-1.26461
0.258773
0.1387
-0.107931
0.68602
0.570683
0.530711
0.468079
0.411869
0.330025
0.206466
0.411879
0.330031
0.206468
0.570684
0.530716
0.468087
0.346194
0.350574
0.395792
0.349847
0.236512
0.0358488
-0.0807082
-0.0338663
0.066437
-0.471913
-0.372699
-0.197295
-0.471912
-0.372697
-0.19729
-0.0807011
-0.0338611
0.0664391
0.349861
0.236524
0.0358582
0.346207
0.350588
0.395804
0.387193
0.454864
0.530951
0.555584
0.420026
0.186667
-0.0731418
-0.0304245
0.0236202
0.674257
0.648005
0.600798
0.657476
0.515176
0.290367
0.150072
0.118788
0.0774483
-0.230475
-0.130743
0.0464706
-0.278775
-0.322669
-0.368982
-0.373588
-0.268086
-0.0761909
-0.496887
-0.470124
-0.421852
-0.398308
-0.369034
-0.319863
-0.398309
-0.369035
-0.319863
-0.496887
-0.470125
-0.421853
-0.258661
-0.234031
-0.18145
-0.173983
-0.219874
-0.266074
0.0826827
-0.0215409
-0.107291
0.0826826
-0.0215411
-0.107292
-0.173984
-0.219875
-0.266074
-0.258665
-0.234034
-0.181452
-0.278778
-0.322672
-0.368984
-0.073134
-0.030417
0.0236272
0.555594
0.420037
0.186675
0.387206
0.454875
0.530961
-0.373589
-0.268085
-0.0761863
-0.230478
-0.130744
0.0464733
0.150077
0.118793
0.0774546
0.657486
0.515187
0.290374
0.674266
0.648014
0.600807
0.411881
0.330037
0.206476
0.411884
0.330038
0.206477
0.570686
0.530719
0.468091
0.349859
0.236521
0.0358538
-0.0807039
-0.0338599
0.0664451
-0.471915
-0.372701
-0.197294
-0.471915
-0.372699
-0.197291
-0.0807004
-0.0338578
0.0664458
0.349862
0.236525
0.0358583
0.346209
0.35059
0.395808
0.555592
0.42003
0.186667
-0.0731397
-0.030424
0.0236197
0.657483
0.51518
0.290367
0.150071
0.118786
0.0774472
-0.230479
-0.130748
0.046468
-0.278779
-0.322673
-0.368986
-0.373592
-0.26809
-0.0761929
-0.49689
-0.470128
-0.421856
-0.398311
-0.369037
-0.319865
-0.398312
-0.369038
-0.319865
-0.49689
-0.470128
-0.421856
-0.258665
-0.234033
-0.181449
-0.173981
-0.219874
-0.266075
0.0826959
-0.0215319
-0.107286
0.082696
-0.0215317
-0.107286
-0.173981
-0.219874
-0.266075
-0.258666
-0.234033
-0.181449
-0.27878
-0.322674
-0.368987
-0.073135
-0.0304189
0.0236251
0.555596
0.420037
0.186673
0.387207
0.454877
0.530963
-0.373592
-0.268088
-0.0761887
-0.23048
-0.130747
0.0464706
0.150075
0.118791
0.0774525
0.657489
0.515187
0.290372
0.674269
0.648017
0.600809
0.411883
0.330036
0.206473
0.411883
0.330035
0.206473
0.570686
0.530719
0.468091
0.349861
0.236522
0.0358547
-0.0807041
-0.0338619
0.0664417
-0.471915
-0.3727
-0.197293
-0.471915
-0.3727
-0.197294
-0.0807045
-0.0338623
0.0664415
0.349859
0.236521
0.035854
0.346208
0.350589
0.395807
0.555595
0.420035
0.186671
-0.0731381
-0.0304214
0.023623
0.657489
0.515187
0.290373
0.150074
0.11879
0.0774506
-0.230481
-0.130748
0.0464702
-0.278781
-0.322675
-0.368987
-0.373593
-0.268089
-0.0761904
-0.496889
-0.470128
-0.421856
-0.398312
-0.369039
-0.319865
-0.398312
-0.369038
-0.319865
-0.496889
-0.470128
-0.421855
-0.258667
-0.234033
-0.181446
-0.173977
-0.219872
-0.266075
0.0827178
-0.0215169
-0.107277
0.082718
-0.0215165
-0.107277
-0.173976
-0.219872
-0.266075
-0.258666
-0.234032
-0.181445
-0.27878
-0.322674
-0.368987
-0.0731386
-0.0304218
0.0236225
0.555594
0.420034
0.18667
0.387206
0.454875
0.530962
-0.373592
-0.268089
-0.0761906
-0.23048
-0.130748
0.04647
0.150074
0.118789
0.0774502
0.657487
0.515185
0.290372
0.674267
0.648016
0.600808
0.411884
0.330038
0.206477
0.411882
0.330038
0.206477
0.570685
0.530716
0.468088
0.349861
0.236524
0.0358582
-0.0807
-0.0338574
0.0664464
-0.471914
-0.372698
-0.19729
-0.471915
-0.3727
-0.197293
-0.0807029
-0.0338589
0.0664459
0.34986
0.236522
0.0358547
0.346208
0.350588
0.395805
0.555594
0.420036
0.186673
-0.0731347
-0.0304185
0.0236256
0.657487
0.515186
0.290373
0.150076
0.118792
0.077453
-0.230478
-0.130746
0.0464718
-0.278779
-0.322673
-0.368986
-0.373591
-0.268087
-0.0761879
-0.496889
-0.470128
-0.421855
-0.398312
-0.369038
-0.319865
-0.398312
-0.369038
-0.319865
-0.49689
-0.470128
-0.421856
-0.258665
-0.234033
-0.18145
-0.173982
-0.219875
-0.266076
0.0826929
-0.0215339
-0.107287
0.0826928
-0.0215341
-0.107288
-0.173982
-0.219875
-0.266075
-0.258666
-0.234034
-0.181451
-0.278779
-0.322673
-0.368986
-0.0731388
-0.0304233
0.0236204
0.555592
0.420031
0.186668
0.387206
0.454876
0.530962
-0.373592
-0.268089
-0.0761923
-0.230479
-0.130747
0.0464685
0.150071
0.118787
0.0774478
0.657484
0.515181
0.290368
0.674266
0.648014
0.600807
0.411879
0.330031
0.206468
0.411869
0.330025
0.206466
0.349861
0.236524
0.0358583
-0.080701
-0.0338609
0.0664393
-0.471913
-0.372697
-0.19729
-0.471913
-0.3727
-0.197296
-0.0807083
-0.0338663
0.0664371
0.349847
0.236512
0.0358487
0.555595
0.420037
0.186675
-0.073134
-0.030417
0.0236271
0.657486
0.515187
0.290374
0.150077
0.118793
0.0774546
-0.230478
-0.130744
0.0464732
-0.278778
-0.322672
-0.368984
-0.373589
-0.268085
-0.0761864
-0.496887
-0.470125
-0.421853
-0.398309
-0.369036
-0.319863
-0.398308
-0.369034
-0.319863
-0.496887
-0.470125
-0.421852
-0.258665
-0.234034
-0.181452
-0.173984
-0.219875
-0.266074
0.0826826
-0.0215411
-0.107292
0.0826827
-0.0215409
-0.107291
-0.173983
-0.219874
-0.266074
-0.258661
-0.234031
-0.18145
-0.278775
-0.322669
-0.368982
-0.0731419
-0.0304246
0.0236202
0.555584
0.420026
0.186666
-0.373588
-0.268086
-0.0761909
-0.230475
-0.130743
0.0464706
0.150072
0.118788
0.0774483
0.657476
0.515176
0.290367
0.677517
0.658161
0.619907
0.568902
0.467434
0.330835
0.177917
0.204907
0.236986
0.403689
0.484382
0.558338
0.353978
0.372055
0.43833
0.432721
0.348135
0.284535
0.625788
0.602446
0.532028
0.504363
0.290545
0.101597
0.0342977
0.0941917
0.192602
-0.224277
-0.153126
-0.0513264
0.323697
0.263468
0.226665
0.229156
0.359612
0.571347
0.539259
0.635656
0.689977
0.0809758
0.164137
0.200714
0
0
0
0.191425
0.484639
0.650664
0
0
0
0.140584
0.435738
0.696151
0.865488
0.894815
0.785854
0.715959
0.844289
0.848088
0.682091
0.400287
0.0684978
0.347719
0.202951
-0.0037134
0.593211
0.522074
0.431613
0
0
0
-0.121153
-0.23952
-0.190195
0
0
0
-0.264265
-0.684918
-0.904745
-0.807982
-0.567553
-0.278085
-0.178887
-0.572841
-0.854013
0.110539
0.232189
0.331741
0.0149096
0.0355565
0.0934642
-0.113722
-0.034516
0.0725273
0.385591
0.32325
0.206032
0.209614
0.446991
0.527914
0.448965
0.314405
0.191911
0.215654
0.354654
0.475518
0.571121
0.617617
0.537581
0.57112
0.617616
0.537581
0.215654
0.354654
0.475517
-0.0752706
-0.33954
-0.691681
-0.647536
-0.146778
0.271472
-1.64009
-1.45681
-1.11177
-1.64009
-1.45681
-1.11177
-0.647535
-0.146779
0.271472
-0.0752736
-0.339542
-0.691681
0.20961
0.446988
0.527912
-1.01205
-1.16122
-1.25183
-1.11995
-1.37582
-1.37054
0
0
0
-0.232466
-0.689933
-1.10156
0
0
0
-0.0468424
-0.215211
-0.507511
-0.868883
-1.11681
-1.24673
-1.58465
-1.31236
-0.91924
-0.532889
-0.22603
-0.00213514
-0.532889
-0.22603
-0.00213516
-1.58465
-1.31236
-0.919239
0
0
0
0.0425894
0.106581
0.108347
0
0
0
0
0
0
0.0425894
0.106581
0.108347
0
0
0
-0.0468424
-0.21521
-0.50751
-1.11995
-1.37581
-1.37053
-1.01204
-1.16122
-1.25183
-0.178891
-0.572842
-0.854012
-0.868881
-1.11681
-1.24672
0
0
0
-0.232465
-0.68993
-1.10156
0
0
0
-0.264264
-0.684915
-0.904743
0.177921
0.20491
0.236988
0.568914
0.467442
0.330839
0.677526
0.658171
0.619918
-0.224281
-0.153129
-0.0513302
0.0342935
0.094188
0.192601
0.504358
0.290541
0.101593
0.625783
0.60244
0.532023
0.432718
0.348134
0.284536
0.353991
0.372062
0.438329
0.403704
0.484395
0.55835
-0.113723
-0.0345167
0.0725269
0.0149065
0.0355547
0.0934635
0.448964
0.314404
0.19191
0.110535
0.232186
0.331738
0.385589
0.323249
0.206031
0.593206
0.522071
0.43161
0.347716
0.202948
-0.00371683
0.682086
0.400283
0.0684944
0.715954
0.844284
0.848083
-0.807982
-0.567554
-0.278088
0
0
0
-0.121153
-0.239521
-0.190198
0
0
0
0.140583
0.435735
0.696146
0.539256
0.635652
0.689973
0.229166
0.359615
0.571344
0.323712
0.263484
0.22668
0.865483
0.894809
0.785849
0
0
0
0.191424
0.484636
0.65066
0
0
0
0.0809799
0.164147
0.200728
0.568913
0.467443
0.330841
0.177916
0.204907
0.236988
0.353995
0.372074
0.438346
0.432733
0.348143
0.28454
0.625786
0.60245
0.532038
0.50436
0.290544
0.101594
0.0342945
0.0941896
0.192603
-0.224282
-0.15313
-0.0513297
0.229174
0.359633
0.571365
0.539275
0.635673
0.689994
0
0
0
0.191427
0.484646
0.650676
0
0
0
0.140577
0.435719
0.696129
0.865474
0.894813
0.785864
0.715953
0.844276
0.848069
0.682064
0.400253
0.0684604
0.347699
0.20292
-0.00375107
0.593204
0.522065
0.431601
0
0
0
-0.121161
-0.239543
-0.190229
0
0
0
-0.264263
-0.68492
-0.904758
-0.808007
-0.567584
-0.278121
-0.178926
-0.572879
-0.854041
0.11051
0.232169
0.331726
0.0149081
0.0355585
0.0934709
-0.113718
-0.0345091
0.0725362
0.385585
0.323254
0.20604
0.209586
0.44698
0.527918
0.448978
0.314419
0.191922
0.215672
0.354672
0.475532
0.571127
0.617609
0.537556
0.571123
0.617607
0.537555
0.215671
0.35467
0.475529
-0.0753102
-0.339588
-0.691731
-0.64759
-0.146834
0.271428
-1.64008
-1.45683
-1.11181
-1.64008
-1.45683
-1.11181
-0.647588
-0.146833
0.271428
-0.0753033
-0.339583
-0.691729
0.209591
0.446979
0.527915
-1.01206
-1.16122
-1.25182
-1.11998
-1.37583
-1.37053
0
0
0
-0.232456
-0.689909
-1.10153
0
0
0
-0.0468336
-0.215183
-0.507464
-0.868829
-1.11677
-1.2467
-1.58462
-1.3123
-0.919182
-0.532839
-0.225991
-0.00211071
-0.532847
-0.225995
-0.0021116
-1.58462
-1.31231
-0.919192
0
0
0
0.0425901
0.106585
0.108358
0
0
0
0
0
0
0.04259
0.106585
0.108358
0
0
0
-0.0468363
-0.21519
-0.507475
-1.11999
-1.37583
-1.37054
-1.01206
-1.16123
-1.25183
-0.178915
-0.572865
-0.854029
-0.868842
-1.11678
-1.24671
0
0
0
-0.232461
-0.689921
-1.10155
0
0
0
-0.264265
-0.68492
-0.904752
0.177919
0.20491
0.236989
0.56892
0.467447
0.330841
0.677531
0.658177
0.619924
-0.224282
-0.153129
-0.0513283
0.0342953
0.0941888
0.192602
0.504363
0.290546
0.101596
0.625786
0.602443
0.532027
0.432723
0.348138
0.284539
0.354004
0.372072
0.438336
0.403716
0.484405
0.558358
-0.113718
-0.0345084
0.0725371
0.0149105
0.0355615
0.0934729
0.448974
0.314417
0.191922
0.110518
0.232178
0.331737
0.385593
0.323257
0.206042
0.593211
0.522076
0.431614
0.347715
0.202944
-0.0037202
0.682086
0.400283
0.0684934
0.715957
0.844285
0.848082
-0.807993
-0.567562
-0.278092
0
0
0
-0.121152
-0.23952
-0.190198
0
0
0
0.140584
0.435735
0.696145
0.539261
0.635656
0.689975
0.229183
0.359625
0.571348
0.323727
0.263501
0.226699
0.865481
0.894807
0.785848
0
0
0
0.191423
0.484635
0.65066
0
0
0
0.0809855
0.16416
0.200745
0.568921
0.467451
0.330847
0.177919
0.204911
0.236993
0.35401
0.37209
0.43836
0.432744
0.348151
0.284546
0.625786
0.602456
0.532048
0.504361
0.290548
0.101598
0.0342965
0.0941917
0.192607
-0.224283
-0.15313
-0.051328
0.229194
0.359652
0.571378
0.539288
0.635686
0.690005
0
0
0
0.191426
0.484647
0.650682
0
0
0
0.140567
0.435695
0.696098
0.86545
0.894803
0.785867
0.715945
0.844258
0.848042
0.682028
0.40021
0.0684175
0.347671
0.202879
-0.00379482
0.593198
0.522053
0.431584
0
0
0
-0.121166
-0.239563
-0.190264
0
0
0
-0.264261
-0.684915
-0.90476
-0.808022
-0.56761
-0.278158
-0.178965
-0.572911
-0.854058
0.110477
0.232142
0.331704
0.0149121
0.0355662
0.0934828
-0.11371
-0.034497
0.0725506
0.385574
0.323258
0.206052
0.209554
0.446965
0.527923
0.448994
0.314437
0.191938
0.215699
0.354699
0.475552
0.571135
0.617602
0.537526
0.571135
0.617601
0.537526
0.215699
0.3547
0.475552
-0.0753521
-0.33964
-0.691789
-0.647656
-0.146902
0.271374
-1.64009
-1.45687
-1.11187
-1.64009
-1.45687
-1.11187
-0.647659
-0.146904
0.271373
-0.0753541
-0.339643
-0.691793
0.209553
0.446964
0.527923
-1.01207
-1.16122
-1.25181
-1.12003
-1.37584
-1.37052
0
0
0
-0.232448
-0.689888
-1.10151
0
0
0
-0.046824
-0.215155
-0.507421
-0.868784
-1.11673
-1.24668
-1.5846
-1.31226
-0.919132
-0.532788
-0.225944
-0.00207315
-0.532788
-0.225943
-0.00207305
-1.5846
-1.31226
-0.919132
0
0
0
0.042593
0.106596
0.108381
0
0
0
0
0
0
0.042593
0.106596
0.108382
0
0
0
-0.0468237
-0.215154
-0.507421
-1.12004
-1.37585
-1.37052
-1.01207
-1.16122
-1.25181
-0.178966
-0.572913
-0.854061
-0.868785
-1.11673
-1.24668
0
0
0
-0.232448
-0.68989
-1.10152
0
0
0
-0.264262
-0.684917
-0.904763
0.177919
0.20491
0.236992
0.568918
0.467448
0.330845
0.677528
0.658174
0.619921
-0.224282
-0.153128
-0.0513258
0.0342984
0.0941924
0.192606
0.504363
0.29055
0.1016
0.625788
0.602456
0.532047
0.432741
0.348149
0.284545
0.354006
0.372085
0.438356
0.403712
0.484401
0.558354
-0.113709
-0.0344955
0.0725524
0.0149146
0.0355688
0.0934851
0.448995
0.314438
0.191939
0.110476
0.232142
0.331705
0.385576
0.32326
0.206054
0.593201
0.522056
0.431587
0.347673
0.202881
-0.00379292
0.682031
0.400213
0.0684198
0.715947
0.84426
0.848044
-0.808024
-0.567611
-0.278157
0
0
0
-0.121166
-0.239562
-0.190263
0
0
0
0.140568
0.435697
0.6961
0.539285
0.635683
0.690001
0.229189
0.359647
0.571374
0.323723
0.263497
0.226695
0.865451
0.894802
0.785864
0
0
0
0.191426
0.484645
0.650679
0
0
0
0.0809841
0.164157
0.200742
0.568917
0.467446
0.330841
0.17792
0.20491
0.23699
0.354001
0.37207
0.438335
0.432723
0.348138
0.284539
0.625787
0.602443
0.532027
0.504364
0.290547
0.101597
0.0342962
0.0941899
0.192603
-0.224281
-0.153128
-0.0513275
0.229179
0.359624
0.571347
0.539261
0.635656
0.689975
0
0
0
0.191423
0.484635
0.65066
0
0
0
0.140584
0.435735
0.696146
0.865482
0.894807
0.785848
0.715958
0.844286
0.848083
0.682087
0.400285
0.068495
0.347717
0.202946
-0.00371827
0.593212
0.522077
0.431614
0
0
0
-0.121152
-0.23952
-0.190197
0
0
0
-0.264265
-0.68492
-0.904752
-0.807992
-0.56756
-0.27809
-0.178912
-0.572862
-0.854027
0.110521
0.23218
0.331738
0.0149109
0.0355612
0.0934719
-0.113719
-0.0345098
0.0725357
0.385594
0.323257
0.20604
0.209593
0.44698
0.527914
0.448972
0.314414
0.19192
0.215667
0.354666
0.475526
0.571122
0.617608
0.537558
0.571126
0.61761
0.537559
0.215668
0.354669
0.47553
-0.0752996
-0.339579
-0.691724
-0.647583
-0.146827
0.271433
-1.64008
-1.45683
-1.11181
-1.64008
-1.45683
-1.11181
-0.647584
-0.146828
0.271433
-0.0753051
-0.339583
-0.691726
0.20959
0.446982
0.527918
-1.01206
-1.16123
-1.25183
-1.11998
-1.37583
-1.37054
0
0
0
-0.232461
-0.689921
-1.10155
0
0
0
-0.0468364
-0.215191
-0.507476
-0.868843
-1.11678
-1.24671
-1.58462
-1.31231
-0.919194
-0.532848
-0.225996
-0.00211192
-0.53284
-0.225992
-0.00211102
-1.58462
-1.3123
-0.919184
0
0
0
0.04259
0.106585
0.108358
0
0
0
0
0
0
0.0425901
0.106585
0.108358
0
0
0
-0.0468337
-0.215183
-0.507465
-1.11998
-1.37582
-1.37053
-1.01206
-1.16122
-1.25182
-0.178921
-0.572875
-0.854039
-0.86883
-1.11677
-1.2467
0
0
0
-0.232457
-0.68991
-1.10153
0
0
0
-0.264264
-0.68492
-0.904758
0.177916
0.204908
0.236989
0.568914
0.467443
0.330841
0.677526
0.658171
0.619918
-0.224282
-0.15313
-0.0513305
0.0342938
0.0941893
0.192603
0.504359
0.290543
0.101593
0.625785
0.60245
0.532038
0.432733
0.348143
0.28454
0.353995
0.372074
0.438346
0.403704
0.484395
0.55835
-0.11372
-0.0345108
0.0725343
0.0149069
0.035557
0.0934691
0.448976
0.314416
0.19192
0.110514
0.232172
0.331728
0.385585
0.323253
0.206038
0.593203
0.522064
0.431601
0.3477
0.202921
-0.00374939
0.682065
0.400254
0.0684617
0.715952
0.844276
0.84807
-0.808006
-0.567583
-0.27812
0
0
0
-0.121161
-0.239543
-0.190229
0
0
0
0.140577
0.43572
0.69613
0.539274
0.635673
0.689994
0.229174
0.359633
0.571365
0.323712
0.263484
0.22668
0.865474
0.894813
0.785864
0
0
0
0.191427
0.484646
0.650676
0
0
0
0.0809799
0.164147
0.200728
0.568914
0.467442
0.330838
0.177921
0.20491
0.236988
0.353991
0.372061
0.438329
0.432718
0.348134
0.284536
0.625783
0.60244
0.532023
0.504358
0.290541
0.101593
0.0342934
0.0941879
0.192601
-0.224281
-0.153129
-0.0513302
0.229166
0.359615
0.571344
0.539256
0.635651
0.689973
0
0
0
0.191424
0.484636
0.65066
0
0
0
0.140583
0.435735
0.696146
0.865483
0.894809
0.785849
0.715954
0.844284
0.848083
0.682086
0.400283
0.0684944
0.347716
0.202948
-0.00371683
0.593206
0.522071
0.43161
0
0
0
-0.121153
-0.239521
-0.190198
0
0
0
-0.264264
-0.684915
-0.904743
-0.807982
-0.567554
-0.278088
-0.178891
-0.572842
-0.854012
0.110535
0.232186
0.331738
0.0149065
0.0355547
0.0934635
-0.113723
-0.0345167
0.0725269
0.385589
0.323249
0.206031
0.20961
0.446988
0.527912
0.448964
0.314404
0.19191
0.215654
0.354654
0.475517
0.57112
0.617616
0.537581
0.571121
0.617617
0.537581
0.215654
0.354654
0.475518
-0.0752736
-0.339542
-0.691681
-0.647535
-0.146779
0.271472
-1.64009
-1.45681
-1.11177
-1.64009
-1.45681
-1.11177
-0.647536
-0.146778
0.271472
-0.0752706
-0.33954
-0.691681
0.209614
0.446991
0.527914
-1.01204
-1.16122
-1.25183
-1.11995
-1.37581
-1.37053
0
0
0
-0.232465
-0.68993
-1.10156
0
0
0
-0.0468424
-0.21521
-0.50751
-0.868881
-1.11681
-1.24672
-1.58465
-1.31236
-0.919239
-0.532889
-0.22603
-0.00213516
-0.532889
-0.22603
-0.00213515
-1.58465
-1.31236
-0.91924
0
0
0
0.0425894
0.106581
0.108347
0
0
0
0
0
0
0.0425894
0.106581
0.108347
0
0
0
-0.0468424
-0.215211
-0.507511
-1.11995
-1.37582
-1.37054
-1.01205
-1.16122
-1.25183
-0.178887
-0.572841
-0.854013
-0.868883
-1.11681
-1.24673
0
0
0
-0.232466
-0.689933
-1.10156
0
0
0
-0.264265
-0.684918
-0.904745
0.177917
0.204907
0.236986
0.568902
0.467434
0.330835
-0.224277
-0.153126
-0.0513264
0.0342977
0.0941917
0.192602
0.504363
0.290545
0.101597
0.625788
0.602446
0.532028
0.432721
0.348135
0.284535
0.353978
0.372055
0.43833
-0.113722
-0.034516
0.0725273
0.0149096
0.0355565
0.0934642
0.448965
0.314405
0.191911
0.110539
0.232189
0.331741
0.385591
0.32325
0.206032
0.593211
0.522074
0.431613
0.347719
0.202951
-0.0037134
0.682091
0.400287
0.0684978
0.715959
0.844289
0.848088
-0.807982
-0.567553
-0.278085
0
0
0
-0.121153
-0.23952
-0.190195
0
0
0
0.140584
0.435738
0.696151
0.539259
0.635656
0.689977
0.229156
0.359612
0.571347
0.865488
0.894815
0.785854
0
0
0
0.191425
0.484639
0.650664
0
0
0
0.560083
0.517554
0.448835
0.517558
0.460175
0.377202
0.448842
0.377206
0.267993
0.376456
0.33391
0.332904
0.288259
0.233304
0.223428
0.148104
0.0654796
0.0328854
-0.0113704
-0.129113
-0.188718
-0.12911
-0.275795
-0.356804
-0.188712
-0.356802
-0.451224
0.376467
0.288267
0.148109
0.333923
0.233314
0.0654869
0.332918
0.22344
0.0328944
0.376959
0.445185
0.519856
0.259508
0.320695
0.38777
0.0506839
0.0991142
0.157541
0.587552
0.631782
0.654297
0.448322
0.488547
0.510659
0.212931
0.252736
0.28004
-0.0502137
-0.00776901
0.028424
-0.241897
-0.196726
-0.154152
-0.347074
-0.300712
-0.255995
-0.190728
-0.15454
-0.103022
-0.372589
-0.34305
-0.29458
-0.474301
-0.447831
-0.399881
-0.500056
-0.473173
-0.424893
-0.473173
-0.445304
-0.396154
-0.424894
-0.396155
-0.346804
-0.371962
-0.326662
-0.28349
-0.343593
-0.299494
-0.258334
-0.293982
-0.249424
-0.206676
-0.238663
-0.189559
-0.1384
-0.18956
-0.130559
-0.0634609
-0.138401
-0.0634611
0.026624
-0.371964
-0.343595
-0.293982
-0.326665
-0.299496
-0.249425
-0.283494
-0.258336
-0.206678
0.376972
0.25952
0.0506935
0.445197
0.320706
0.0991235
0.519867
0.387781
0.15755
-0.190723
-0.372586
-0.474301
-0.154535
-0.343047
-0.44783
-0.103017
-0.294578
-0.399881
-0.0502094
-0.241896
-0.347075
-0.00776539
-0.196726
-0.300715
0.028427
-0.154152
-0.255998
0.587563
0.448332
0.212939
0.631792
0.488557
0.252744
0.654308
0.510669
0.280048
0.560086
0.517561
0.448845
0.517563
0.460184
0.377213
0.448848
0.377214
0.268003
0.376469
0.333923
0.332917
0.288271
0.233315
0.223438
0.148114
0.0654881
0.0328917
-0.0113643
-0.129109
-0.188715
-0.129108
-0.275793
-0.356805
-0.188712
-0.356803
-0.451226
0.376472
0.288273
0.148116
0.333926
0.233318
0.0654906
0.332919
0.223441
0.0328955
0.37697
0.445195
0.519864
0.259516
0.3207
0.387775
0.0506879
0.0991164
0.157542
0.58756
0.631789
0.654305
0.448325
0.48855
0.510662
0.212931
0.252736
0.28004
-0.0502159
-0.00777151
0.0284214
-0.2419
-0.19673
-0.154156
-0.347078
-0.300717
-0.256
-0.190728
-0.154541
-0.103024
-0.372591
-0.343052
-0.294583
-0.474304
-0.447834
-0.399885
-0.50006
-0.473177
-0.424897
-0.473177
-0.445308
-0.396158
-0.424898
-0.396158
-0.346807
-0.371966
-0.326666
-0.283494
-0.343596
-0.299497
-0.258336
-0.293984
-0.249425
-0.206676
-0.238664
-0.189558
-0.138397
-0.189558
-0.130555
-0.0634539
-0.138397
-0.0634537
0.0266352
-0.371967
-0.343597
-0.293984
-0.326667
-0.299498
-0.249425
-0.283495
-0.258336
-0.206676
0.376973
0.25952
0.0506929
0.445198
0.320706
0.0991221
0.519868
0.387781
0.157549
-0.190724
-0.372589
-0.474304
-0.154537
-0.34305
-0.447834
-0.103019
-0.294581
-0.399885
-0.0502118
-0.241899
-0.347078
-0.00776792
-0.196729
-0.300717
0.0284244
-0.154155
-0.256
0.587564
0.448332
0.212937
0.631794
0.488557
0.252742
0.65431
0.510669
0.280046
0.560087
0.517563
0.448847
0.517563
0.460183
0.377213
0.448847
0.377212
0.268
0.376471
0.333924
0.332918
0.28827
0.233315
0.223438
0.148112
0.0654864
0.0328917
-0.0113681
-0.129111
-0.188715
-0.129111
-0.275795
-0.356805
-0.188716
-0.356805
-0.451226
0.37647
0.28827
0.148111
0.333924
0.233314
0.0654859
0.332917
0.223437
0.032891
0.376972
0.445197
0.519867
0.259518
0.320703
0.387779
0.0506897
0.0991194
0.157546
0.587564
0.631794
0.65431
0.44833
0.488556
0.510668
0.212935
0.252741
0.280045
-0.0502134
-0.00776928
0.0284235
-0.2419
-0.19673
-0.154156
-0.347079
-0.300718
-0.256002
-0.190727
-0.154539
-0.103021
-0.37259
-0.343051
-0.294582
-0.474303
-0.447833
-0.399885
-0.500059
-0.473176
-0.424898
-0.473176
-0.445308
-0.396158
-0.424897
-0.396158
-0.346807
-0.371967
-0.326668
-0.283496
-0.343598
-0.299498
-0.258336
-0.293984
-0.249425
-0.206674
-0.238663
-0.189555
-0.13839
-0.189555
-0.130548
-0.0634419
-0.13839
-0.0634416
0.0266536
-0.371967
-0.343597
-0.293984
-0.326668
-0.299498
-0.249424
-0.283495
-0.258335
-0.206673
0.376971
0.259517
0.0506889
0.445196
0.320702
0.0991187
0.519866
0.387778
0.157545
-0.190727
-0.37259
-0.474303
-0.154539
-0.343051
-0.447833
-0.103021
-0.294582
-0.399884
-0.0502136
-0.2419
-0.347078
-0.00776941
-0.19673
-0.300718
0.0284234
-0.154156
-0.256001
0.587562
0.448329
0.212934
0.631792
0.488555
0.25274
0.654308
0.510667
0.280044
0.560086
0.517563
0.448848
0.517561
0.460184
0.377215
0.448846
0.377214
0.268004
0.376471
0.333925
0.332918
0.288273
0.233318
0.223441
0.148116
0.0654907
0.0328955
-0.0113635
-0.129107
-0.188712
-0.129108
-0.275792
-0.356802
-0.188714
-0.356804
-0.451225
0.37647
0.288272
0.148115
0.333924
0.233316
0.065489
0.332918
0.223438
0.0328927
0.376972
0.445197
0.519866
0.25952
0.320705
0.38778
0.0506928
0.099122
0.157548
0.587563
0.631792
0.654308
0.448331
0.488556
0.510668
0.212937
0.252743
0.280046
-0.0502109
-0.00776684
0.0284256
-0.241898
-0.196728
-0.154154
-0.347077
-0.300716
-0.255999
-0.190723
-0.154536
-0.103018
-0.372588
-0.343049
-0.29458
-0.474303
-0.447833
-0.399884
-0.500059
-0.473177
-0.424897
-0.473177
-0.445308
-0.396158
-0.424897
-0.396158
-0.346807
-0.371966
-0.326667
-0.283494
-0.343598
-0.299498
-0.258336
-0.293984
-0.249426
-0.206676
-0.238664
-0.189559
-0.138398
-0.189559
-0.130556
-0.0634555
-0.138398
-0.0634557
0.0266326
-0.371966
-0.343597
-0.293984
-0.326667
-0.299497
-0.249426
-0.283495
-0.258336
-0.206677
0.376971
0.259517
0.0506888
0.445195
0.320701
0.0991171
0.519865
0.387775
0.157543
-0.190727
-0.37259
-0.474304
-0.15454
-0.343052
-0.447834
-0.103023
-0.294583
-0.399885
-0.0502154
-0.2419
-0.347078
-0.00777097
-0.19673
-0.300717
0.0284219
-0.154156
-0.256
0.58756
0.448326
0.212931
0.631789
0.488551
0.252737
0.654305
0.510663
0.280041
0.560083
0.517558
0.448843
0.517554
0.460175
0.377207
0.448835
0.377202
0.267993
0.376468
0.333923
0.332918
0.288267
0.233315
0.22344
0.148109
0.0654872
0.0328946
-0.0113703
-0.12911
-0.188712
-0.129114
-0.275795
-0.356802
-0.188718
-0.356804
-0.451224
0.376456
0.288259
0.148105
0.33391
0.233304
0.0654796
0.332904
0.223428
0.0328854
0.376973
0.445198
0.519867
0.259521
0.320706
0.387781
0.0506936
0.0991236
0.15755
0.587563
0.631792
0.654308
0.448332
0.488557
0.510669
0.212939
0.252744
0.280048
-0.0502095
-0.00776552
0.0284268
-0.241896
-0.196726
-0.154152
-0.347075
-0.300715
-0.255998
-0.190723
-0.154535
-0.103017
-0.372587
-0.343047
-0.294579
-0.474301
-0.44783
-0.399881
-0.500056
-0.473173
-0.424895
-0.473173
-0.445304
-0.396155
-0.424893
-0.396154
-0.346804
-0.371964
-0.326665
-0.283494
-0.343595
-0.299496
-0.258336
-0.293982
-0.249425
-0.206678
-0.238663
-0.18956
-0.138401
-0.189559
-0.130559
-0.0634611
-0.1384
-0.0634609
0.026624
-0.371962
-0.343593
-0.293982
-0.326662
-0.299494
-0.249424
-0.28349
-0.258334
-0.206676
0.376959
0.259508
0.0506838
0.445185
0.320694
0.0991142
0.519856
0.38777
0.157541
-0.190729
-0.372589
-0.474301
-0.15454
-0.34305
-0.447831
-0.103022
-0.29458
-0.399881
-0.0502138
-0.241897
-0.347074
-0.00776903
-0.196726
-0.300712
0.028424
-0.154152
-0.255995
0.587552
0.448322
0.212931
0.631782
0.488547
0.252736
0.654297
0.510659
0.28004
0.655387
0.635469
0.596226
0.515819
0.50563
0.483386
0.299019
0.311359
0.323172
0.536144
0.465996
0.390958
0.449871
0.414673
0.383764
0.340224
0.366913
0.409102
0.234621
0.333399
0.458732
0.159732
0.313336
0.498549
0.114015
0.29741
0.51128
0.0652209
0.105173
0.157765
-0.104803
-0.0447689
0.0379133
-0.201385
-0.132115
-0.0332159
0.319498
0.270108
0.240346
0.364475
0.361598
0.364239
0.470813
0.533736
0.572871
0.216637
0.173489
0.0764946
0.345181
0.270267
0.114667
0.545423
0.414528
0.168082
0.739107
0.538671
0.207283
0.825701
0.575289
0.209914
0.77701
0.50974
0.173518
0.60611
0.731037
0.794501
0.702785
0.858793
0.919095
0.731822
0.88022
0.910135
0.680723
0.777962
0.750336
0.571682
0.585946
0.488055
0.428677
0.340816
0.169684
0.581702
0.340031
0.0998205
0.299751
0.118152
0.0114328
-0.0219714
-0.12045
-0.0781998
-0.348805
-0.348666
-0.159128
-0.61154
-0.519558
-0.215996
-0.817689
-0.640221
-0.252429
0.265333
0.0645557
-0.173135
0.105254
-0.191539
-0.469887
-0.07087
-0.440203
-0.729743
-0.229967
-0.159473
-0.0563128
-0.206525
-0.136591
-0.0342588
-0.151628
-0.0778554
0.0265214
0.0978331
0.284973
0.49074
0.114914
0.284762
0.451427
0.165975
0.304053
0.40751
0.25465
0.347645
0.365625
0.364014
0.401643
0.325525
0.477643
0.443046
0.263004
-0.0705546
0.0163557
0.127857
0.025713
0.133223
0.254204
0.144478
0.274113
0.399197
0.291394
0.435152
0.545309
0.435152
0.569126
0.632845
0.545308
0.632844
0.61168
0.562952
0.429826
0.133084
0.558155
0.311126
-0.0912944
0.414674
0.0501568
-0.430669
0.0818563
-0.377037
-0.877472
-0.377037
-0.858369
-1.2919
-0.877471
-1.2919
-1.57648
0.56295
0.558153
0.414674
0.429823
0.311123
0.0501556
0.133081
-0.0912964
-0.43067
-0.302267
-0.709554
-0.970497
-0.587308
-0.981083
-1.16956
-0.930801
-1.25096
-1.32233
-0.977869
-0.717351
-0.271148
-1.07778
-0.745708
-0.270757
-1.11507
-0.724588
-0.251185
-1.06045
-0.637982
-0.207991
-0.902867
-0.495414
-0.148367
-0.657073
-0.313992
-0.0808887
-1.29934
-1.47443
-1.38649
-1.55765
-1.55059
-1.30897
-1.63434
-1.44305
-1.08488
-1.47522
-1.14078
-0.735058
-1.14078
-0.755338
-0.384006
-0.735057
-0.384006
-0.102732
-0.35715
-0.122454
-0.0165865
-0.105057
0.017488
0.0247477
0.0618807
0.0932446
0.0421738
0.127435
0.104604
0.0384765
0.104604
0.0715292
0.0230799
0.0384765
0.0230799
0.00624916
-0.357149
-0.105057
0.0618806
-0.122453
0.0174878
0.0932445
-0.0165866
0.0247476
0.0421738
-0.302269
-0.587308
-0.930799
-0.709554
-0.98108
-1.25096
-0.970495
-1.16956
-1.32232
-1.29934
-1.55765
-1.63434
-1.47443
-1.55058
-1.44305
-1.38649
-1.30897
-1.08488
-1.06044
-0.902864
-0.657072
-0.637979
-0.495412
-0.313992
-0.20799
-0.148367
-0.0808886
-0.977866
-1.07777
-1.11506
-0.717348
-0.745704
-0.724584
-0.271146
-0.270756
-0.251184
0.655397
0.515829
0.299026
0.63548
0.50564
0.311365
0.596237
0.483395
0.323177
0.065223
-0.104804
-0.201388
0.105174
-0.0447713
-0.132118
0.157765
0.03791
-0.0332199
0.234619
0.159728
0.114011
0.333396
0.313331
0.297405
0.458727
0.498543
0.511275
0.536155
0.449879
0.340227
0.466008
0.414681
0.366915
0.39097
0.383771
0.409103
-0.22997
-0.206527
-0.15163
-0.159476
-0.136593
-0.0778565
-0.056316
-0.0342607
0.0265206
-0.0705553
0.0257128
0.144478
0.0163553
0.133223
0.274113
0.127857
0.254204
0.399196
0.254649
0.364013
0.477641
0.347643
0.401641
0.443043
0.365622
0.325522
0.263001
0.09783
0.114912
0.165974
0.28497
0.28476
0.304052
0.490737
0.451425
0.407508
0.680719
0.571678
0.428674
0.777957
0.585942
0.340812
0.750331
0.488051
0.16968
0.265329
0.105251
-0.0708735
0.0645521
-0.191543
-0.440205
-0.173138
-0.469889
-0.729743
-0.348806
-0.61154
-0.817687
-0.348666
-0.519558
-0.640219
-0.159128
-0.215995
-0.252428
0.581698
0.299747
-0.0219742
0.340028
0.11815
-0.120451
0.0998196
0.0114322
-0.0782002
0.31951
0.364481
0.470812
0.27012
0.361603
0.533734
0.240357
0.364243
0.572869
0.606105
0.702778
0.731816
0.731031
0.858787
0.880214
0.794495
0.919089
0.910129
0.739101
0.825696
0.777005
0.538667
0.575285
0.509737
0.207282
0.209913
0.173517
0.216646
0.345183
0.54542
0.173496
0.270267
0.414525
0.0764966
0.114667
0.168081
0.655395
0.635478
0.596236
0.515823
0.505637
0.483394
0.29902
0.311362
0.323177
0.536156
0.46601
0.390974
0.449882
0.414687
0.383781
0.340231
0.366924
0.409117
0.234623
0.333405
0.458741
0.159731
0.313337
0.498552
0.114013
0.297409
0.511279
0.0652187
0.105171
0.157765
-0.104807
-0.0447727
0.0379104
-0.20139
-0.132119
-0.0332197
0.319516
0.270127
0.240365
0.364495
0.36162
0.364261
0.470831
0.533756
0.572891
0.216654
0.173501
0.0764991
0.345199
0.270279
0.114672
0.545439
0.414537
0.168085
0.739114
0.538674
0.207284
0.825697
0.575284
0.209911
0.776994
0.509726
0.173512
0.606122
0.73105
0.794512
0.702789
0.858797
0.919096
0.731818
0.880212
0.910122
0.680713
0.777944
0.750312
0.571667
0.585921
0.488022
0.428659
0.340786
0.169646
0.581675
0.340009
0.0998119
0.299717
0.118127
0.0114234
-0.0220066
-0.120474
-0.0782084
-0.348837
-0.348686
-0.159135
-0.611566
-0.519572
-0.216
-0.817707
-0.640227
-0.25243
0.265311
0.0645225
-0.173173
0.105228
-0.191575
-0.469922
-0.070904
-0.44024
-0.729774
-0.229971
-0.159476
-0.0563149
-0.206526
-0.136591
-0.0342573
-0.151626
-0.0778511
0.0265276
0.097832
0.284972
0.490737
0.114916
0.284762
0.451422
0.165981
0.304056
0.407505
0.25466
0.347648
0.365617
0.364025
0.401645
0.325513
0.477651
0.443041
0.262983
-0.0705482
0.0163651
0.127869
0.0257239
0.133237
0.254219
0.144493
0.274131
0.399213
0.291412
0.435169
0.545321
0.435168
0.569138
0.632845
0.545318
0.632844
0.611664
0.56295
0.429807
0.13305
0.558137
0.311091
-0.0913407
0.414639
0.0501066
-0.430723
0.0818045
-0.377095
-0.877522
-0.377095
-0.858422
-1.29194
-0.877521
-1.29194
-1.57649
0.562947
0.558136
0.414639
0.429807
0.311092
0.0501078
0.133054
-0.0913371
-0.430721
-0.302308
-0.709591
-0.970521
-0.587353
-0.981114
-1.16958
-0.930843
-1.25098
-1.32232
-0.977877
-0.717349
-0.271145
-1.07777
-0.745697
-0.270751
-1.11505
-0.724568
-0.251176
-1.06041
-0.637953
-0.20798
-0.902822
-0.495381
-0.148356
-0.657025
-0.313961
-0.0808785
-1.29937
-1.47443
-1.38647
-1.55766
-1.55056
-1.30893
-1.63432
-1.443
-1.08482
-1.47517
-1.14072
-0.735001
-1.14072
-0.755282
-0.383959
-0.735009
-0.383963
-0.102701
-0.357108
-0.12243
-0.0165793
-0.105026
0.0175032
0.0247517
0.0618982
0.0932519
0.0421754
0.127442
0.104606
0.0384766
0.104605
0.0715292
0.0230797
0.0384766
0.0230797
0.00624912
-0.357116
-0.10503
0.0618969
-0.122435
0.0175003
0.0932509
-0.0165813
0.0247508
0.0421751
-0.3023
-0.587348
-0.930841
-0.709581
-0.981111
-1.25099
-0.970514
-1.16958
-1.32233
-1.29937
-1.55766
-1.63432
-1.47444
-1.55057
-1.44301
-1.38648
-1.30894
-1.08483
-1.06043
-0.902837
-0.657038
-0.637966
-0.495393
-0.313971
-0.207985
-0.14836
-0.0808819
-0.977875
-1.07778
-1.11506
-0.717352
-0.745705
-0.724579
-0.271147
-0.270755
-0.251181
0.6554
0.51583
0.299025
0.635484
0.505642
0.311365
0.596242
0.483399
0.323179
0.065221
-0.104806
-0.20139
0.105173
-0.0447723
-0.132119
0.157765
0.0379103
-0.0332189
0.234621
0.159729
0.114013
0.333399
0.313334
0.297409
0.458731
0.498546
0.511279
0.536163
0.449885
0.340231
0.466017
0.414689
0.36692
0.390982
0.38378
0.409109
-0.229971
-0.206526
-0.151626
-0.159475
-0.136589
-0.0778499
-0.0563129
-0.034255
0.0265293
-0.0705478
0.0257239
0.144493
0.0163654
0.133237
0.274129
0.127869
0.254217
0.399209
0.25466
0.364023
0.477648
0.347651
0.401645
0.44304
0.365624
0.325518
0.262987
0.0978349
0.114919
0.165983
0.284976
0.284768
0.304061
0.490742
0.451431
0.407514
0.680722
0.571682
0.428675
0.777958
0.585943
0.34081
0.750331
0.488051
0.169678
0.265326
0.10524
-0.070893
0.0645459
-0.191555
-0.440225
-0.173143
-0.469899
-0.729758
-0.348808
-0.611545
-0.817696
-0.348666
-0.519559
-0.640223
-0.159128
-0.215996
-0.25243
0.581698
0.299748
-0.0219741
0.340029
0.118152
-0.12045
0.0998206
0.0114336
-0.0781989
0.319525
0.364492
0.470819
0.270136
0.361615
0.533741
0.240374
0.364254
0.572873
0.606108
0.702781
0.731819
0.731034
0.858787
0.880215
0.794495
0.919088
0.910128
0.7391
0.825693
0.777003
0.538665
0.575283
0.509736
0.207281
0.209912
0.173517
0.216661
0.345191
0.545423
0.173506
0.270272
0.414525
0.0765003
0.114669
0.16808
0.6554
0.635485
0.596243
0.51583
0.505643
0.483401
0.299025
0.311367
0.323182
0.536165
0.46602
0.390987
0.44989
0.414698
0.383795
0.340238
0.366933
0.409129
0.234628
0.333412
0.45875
0.159734
0.313342
0.498558
0.114016
0.297413
0.511281
0.0652208
0.105174
0.157768
-0.104807
-0.0447728
0.0379117
-0.201391
-0.13212
-0.0332187
0.319532
0.270146
0.240385
0.364513
0.36164
0.364281
0.470846
0.533773
0.572906
0.216672
0.173515
0.0765042
0.345216
0.27029
0.114675
0.54545
0.414543
0.168086
0.739114
0.53867
0.207281
0.825685
0.575271
0.209905
0.776969
0.509705
0.173504
0.606132
0.73106
0.794518
0.702793
0.858796
0.919089
0.731815
0.8802
0.910101
0.680702
0.77792
0.750278
0.571648
0.585887
0.48798
0.428633
0.340746
0.169602
0.58164
0.339983
0.099802
0.299677
0.1181
0.011414
-0.0220447
-0.120498
-0.0782156
-0.348867
-0.348701
-0.159138
-0.611585
-0.519579
-0.216
-0.817714
-0.640226
-0.252428
0.26528
0.064481
-0.173214
0.105193
-0.191614
-0.469955
-0.0709414
-0.440275
-0.729797
-0.229972
-0.159475
-0.0563119
-0.206525
-0.136587
-0.0342505
-0.151621
-0.077842
0.0265393
0.0978367
0.284975
0.490735
0.114923
0.284767
0.451418
0.165992
0.30406
0.407496
0.254673
0.347651
0.365604
0.364039
0.401643
0.325494
0.47766
0.443031
0.262956
-0.070537
0.0163805
0.127886
0.0257416
0.133259
0.25424
0.144518
0.274157
0.399234
0.291441
0.435196
0.545337
0.435196
0.569158
0.632849
0.545337
0.632849
0.611647
0.562948
0.429784
0.133012
0.558118
0.31105
-0.0913925
0.414597
0.0500468
-0.430786
0.0817399
-0.37717
-0.877589
-0.377171
-0.858496
-1.29199
-0.877591
-1.29199
-1.57652
0.562947
0.558117
0.414597
0.429784
0.311049
0.0500453
0.13301
-0.091395
-0.430789
-0.30235
-0.709622
-0.970535
-0.5874
-0.981144
-1.16958
-0.930892
-1.25101
-1.32232
-0.977874
-0.71734
-0.27114
-1.07776
-0.745683
-0.270745
-1.11503
-0.724549
-0.251168
-1.06039
-0.637931
-0.207971
-0.902787
-0.495355
-0.148346
-0.656983
-0.313933
-0.0808684
-1.29941
-1.47444
-1.38646
-1.55768
-1.55055
-1.3089
-1.63431
-1.44297
-1.08478
-1.47514
-1.14067
-0.734946
-1.14067
-0.755221
-0.383905
-0.734947
-0.383905
-0.102655
-0.357064
-0.122403
-0.0165704
-0.104987
0.0175251
0.0247585
0.0619274
0.0932668
0.0421796
0.127459
0.104613
0.0384785
0.104613
0.0715321
0.0230803
0.0384785
0.0230803
0.00624916
-0.357064
-0.104987
0.0619276
-0.122402
0.0175255
0.093267
-0.0165702
0.0247587
0.0421796
-0.302353
-0.587404
-0.930896
-0.709625
-0.981148
-1.25101
-0.970538
-1.16959
-1.32233
-1.29941
-1.55768
-1.63431
-1.47445
-1.55056
-1.44297
-1.38646
-1.3089
-1.08478
-1.06039
-0.902788
-0.656984
-0.637932
-0.495355
-0.313933
-0.207971
-0.148346
-0.0808682
-0.977877
-1.07776
-1.11504
-0.717343
-0.745685
-0.724551
-0.271141
-0.270746
-0.251169
0.655398
0.515828
0.299024
0.635482
0.505641
0.311365
0.59624
0.483398
0.323181
0.0652206
-0.104807
-0.20139
0.105173
-0.044772
-0.132118
0.157768
0.0379124
-0.0332169
0.234627
0.159735
0.114018
0.333411
0.313343
0.297415
0.458749
0.498558
0.511283
0.536161
0.449887
0.340236
0.466017
0.414695
0.366931
0.390983
0.383791
0.409126
-0.22997
-0.206523
-0.15162
-0.159473
-0.136585
-0.0778403
-0.0563095
-0.0342481
0.0265414
-0.0705361
0.0257422
0.144518
0.0163817
0.13326
0.274157
0.127887
0.254241
0.399235
0.254675
0.364039
0.47766
0.347653
0.401644
0.443031
0.365605
0.325494
0.262956
0.0978394
0.114926
0.165994
0.284978
0.28477
0.304063
0.490738
0.451421
0.407499
0.680704
0.571651
0.428636
0.777923
0.585891
0.340749
0.750281
0.487983
0.169604
0.265281
0.105193
-0.0709424
0.0644824
-0.191614
-0.440277
-0.173212
-0.469955
-0.729799
-0.348866
-0.611585
-0.817716
-0.348701
-0.519579
-0.640227
-0.159138
-0.216
-0.252429
0.581642
0.29968
-0.0220426
0.339985
0.118102
-0.120496
0.0998028
0.0114148
-0.0782151
0.319528
0.364508
0.470842
0.270142
0.361635
0.533769
0.240381
0.364276
0.572902
0.60613
0.702793
0.731817
0.731057
0.858796
0.880202
0.794515
0.919088
0.910103
0.739112
0.825685
0.77697
0.538669
0.575271
0.509706
0.207281
0.209905
0.173504
0.216668
0.345212
0.545446
0.173511
0.270287
0.41454
0.0765028
0.114674
0.168085
0.655398
0.635482
0.59624
0.515828
0.505641
0.483397
0.299025
0.311365
0.323179
0.53616
0.466014
0.390979
0.449883
0.414687
0.383779
0.34023
0.36692
0.409108
0.234621
0.3334
0.458732
0.15973
0.313334
0.498547
0.114014
0.29741
0.511279
0.0652222
0.105174
0.157766
-0.104805
-0.0447709
0.0379115
-0.201388
-0.132118
-0.0332179
0.319521
0.270133
0.240371
0.36449
0.361613
0.364252
0.470818
0.53374
0.572873
0.216659
0.173504
0.0764996
0.34519
0.270271
0.114668
0.545422
0.414525
0.16808
0.7391
0.538665
0.207281
0.825694
0.575284
0.209912
0.777004
0.509736
0.173518
0.606108
0.731034
0.794496
0.702781
0.858788
0.919088
0.731819
0.880215
0.910129
0.680723
0.777959
0.750333
0.571683
0.585944
0.488052
0.428677
0.340812
0.16968
0.581699
0.340029
0.0998207
0.299749
0.118152
0.0114336
-0.0219729
-0.120449
-0.0781988
-0.348807
-0.348666
-0.159128
-0.611544
-0.519559
-0.215996
-0.817695
-0.640223
-0.25243
0.265328
0.0645481
-0.173141
0.105242
-0.191552
-0.469897
-0.07089
-0.440222
-0.729756
-0.22997
-0.159474
-0.0563125
-0.206526
-0.13659
-0.0342553
-0.151627
-0.0778509
0.0265282
0.0978352
0.284976
0.490743
0.114919
0.284768
0.451431
0.165983
0.30406
0.407514
0.254659
0.34765
0.365625
0.364022
0.401644
0.325519
0.477646
0.44304
0.262989
-0.0705494
0.0163636
0.127867
0.0257215
0.133234
0.254215
0.14449
0.274125
0.399207
0.291408
0.435164
0.545315
0.435166
0.569135
0.632843
0.545319
0.632845
0.611666
0.562946
0.429808
0.133058
0.558138
0.311095
-0.0913326
0.414643
0.050113
-0.430715
0.0818103
-0.377089
-0.877516
-0.377089
-0.858417
-1.29194
-0.877517
-1.29193
-1.57649
0.56295
0.55814
0.414643
0.42981
0.311095
0.0501124
0.133055
-0.0913351
-0.430717
-0.302296
-0.709578
-0.970512
-0.587344
-0.981108
-1.16958
-0.930837
-1.25098
-1.32233
-0.977875
-0.717352
-0.271147
-1.07778
-0.745705
-0.270755
-1.11506
-0.724579
-0.251181
-1.06043
-0.637966
-0.207985
-0.902838
-0.495394
-0.14836
-0.657039
-0.313971
-0.080882
-1.29937
-1.47444
-1.38648
-1.55766
-1.55057
-1.30894
-1.63432
-1.44301
-1.08484
-1.47517
-1.14073
-0.73501
-1.14072
-0.755284
-0.383964
-0.735002
-0.38396
-0.102701
-0.357117
-0.122436
-0.0165814
-0.105031
0.0175002
0.0247508
0.0618968
0.0932509
0.0421751
0.127442
0.104606
0.0384766
0.104606
0.0715292
0.0230797
0.0384767
0.0230797
0.00624912
-0.357108
-0.105027
0.061898
-0.12243
0.0175031
0.0932519
-0.0165794
0.0247517
0.0421754
-0.302304
-0.587348
-0.930839
-0.709587
-0.981112
-1.25098
-0.97052
-1.16958
-1.32232
-1.29937
-1.55766
-1.63432
-1.47443
-1.55056
-1.443
-1.38647
-1.30893
-1.08482
-1.06041
-0.902823
-0.657026
-0.637954
-0.495382
-0.313962
-0.207981
-0.148356
-0.0808786
-0.977877
-1.07777
-1.11505
-0.71735
-0.745698
-0.724569
-0.271145
-0.270752
-0.251177
0.655395
0.515824
0.299021
0.635478
0.505637
0.311362
0.596236
0.483394
0.323177
0.0652191
-0.104807
-0.20139
0.105172
-0.0447727
-0.132119
0.157765
0.0379102
-0.0332203
0.234623
0.15973
0.114012
0.333404
0.313337
0.297408
0.45874
0.498551
0.511278
0.536156
0.449882
0.340231
0.46601
0.414687
0.366924
0.390974
0.383781
0.409117
-0.229971
-0.206527
-0.151627
-0.159477
-0.136592
-0.0778526
-0.0563159
-0.0342587
0.0265259
-0.0705499
0.0257216
0.14449
0.0163631
0.133235
0.274127
0.127866
0.254217
0.39921
0.254658
0.364024
0.47765
0.347648
0.401645
0.443042
0.365618
0.325515
0.262986
0.0978307
0.114914
0.165979
0.28497
0.284761
0.304055
0.490735
0.451421
0.407504
0.680713
0.571667
0.42866
0.777944
0.585922
0.340787
0.750313
0.488023
0.169648
0.265312
0.10523
-0.0709
0.0645247
-0.191572
-0.440237
-0.173171
-0.46992
-0.729772
-0.348836
-0.611565
-0.817706
-0.348686
-0.519573
-0.640228
-0.159135
-0.216
-0.25243
0.581676
0.299718
-0.0220056
0.34001
0.118127
-0.120474
0.099812
0.0114235
-0.0782085
0.319516
0.364495
0.47083
0.270127
0.36162
0.533756
0.240365
0.364261
0.572891
0.606121
0.702789
0.731818
0.73105
0.858796
0.880212
0.794512
0.919096
0.910122
0.739114
0.825698
0.776995
0.538674
0.575284
0.509726
0.207284
0.209911
0.173512
0.216653
0.345199
0.545439
0.173501
0.270279
0.414537
0.076499
0.114672
0.168085
0.655397
0.63548
0.596237
0.515829
0.50564
0.483395
0.299026
0.311365
0.323177
0.536155
0.466008
0.39097
0.449879
0.414681
0.383771
0.340227
0.366915
0.409103
0.234619
0.333396
0.458727
0.159728
0.313331
0.498543
0.114011
0.297405
0.511275
0.0652229
0.105174
0.157765
-0.104804
-0.0447714
0.0379099
-0.201388
-0.132118
-0.03322
0.31951
0.27012
0.240357
0.36448
0.361603
0.364242
0.470811
0.533734
0.572868
0.216646
0.173496
0.0764966
0.345183
0.270267
0.114667
0.54542
0.414525
0.168081
0.739101
0.538667
0.207282
0.825696
0.575285
0.209913
0.777005
0.509737
0.173517
0.606104
0.731031
0.794495
0.702778
0.858786
0.919089
0.731816
0.880214
0.910129
0.680719
0.777957
0.750331
0.571678
0.585942
0.488051
0.428674
0.340812
0.16968
0.581698
0.340028
0.0998196
0.299747
0.11815
0.0114322
-0.0219742
-0.120451
-0.0782002
-0.348806
-0.348666
-0.159128
-0.61154
-0.519558
-0.215995
-0.817687
-0.640219
-0.252428
0.265329
0.0645521
-0.173138
0.105251
-0.191543
-0.469889
-0.0708735
-0.440205
-0.729743
-0.22997
-0.159476
-0.0563161
-0.206527
-0.136593
-0.0342608
-0.15163
-0.0778566
0.0265206
0.0978299
0.28497
0.490737
0.114912
0.28476
0.451425
0.165974
0.304052
0.407508
0.254649
0.347643
0.365622
0.364013
0.401641
0.325522
0.477641
0.443043
0.263001
-0.0705553
0.0163553
0.127857
0.0257128
0.133223
0.254204
0.144478
0.274113
0.399196
0.291394
0.435152
0.545308
0.435152
0.569126
0.632844
0.545309
0.632845
0.61168
0.56295
0.429823
0.133081
0.558153
0.311123
-0.0912964
0.414674
0.0501556
-0.43067
0.0818563
-0.377037
-0.877471
-0.377037
-0.858369
-1.2919
-0.877472
-1.2919
-1.57648
0.562952
0.558155
0.414674
0.429826
0.311126
0.0501568
0.133084
-0.0912944
-0.430669
-0.302269
-0.709554
-0.970495
-0.587308
-0.98108
-1.16956
-0.930799
-1.25096
-1.32232
-0.977866
-0.717348
-0.271146
-1.07777
-0.745704
-0.270756
-1.11506
-0.724584
-0.251184
-1.06044
-0.637979
-0.20799
-0.902864
-0.495412
-0.148367
-0.657072
-0.313992
-0.0808886
-1.29934
-1.47443
-1.38649
-1.55765
-1.55058
-1.30897
-1.63434
-1.44305
-1.08488
-1.47522
-1.14078
-0.735057
-1.14078
-0.755338
-0.384006
-0.735058
-0.384006
-0.102732
-0.357149
-0.122453
-0.0165866
-0.105057
0.0174878
0.0247476
0.0618806
0.0932445
0.0421738
0.127435
0.104604
0.0384765
0.104604
0.0715292
0.0230799
0.0384765
0.0230799
0.00624916
-0.35715
-0.105057
0.0618807
-0.122454
0.017488
0.0932446
-0.0165865
0.0247477
0.0421738
-0.302267
-0.587308
-0.930801
-0.709554
-0.981083
-1.25096
-0.970497
-1.16956
-1.32233
-1.29934
-1.55765
-1.63434
-1.47443
-1.55059
-1.44305
-1.38649
-1.30897
-1.08488
-1.06045
-0.902867
-0.657073
-0.637982
-0.495414
-0.313992
-0.207991
-0.148367
-0.0808887
-0.977869
-1.07778
-1.11507
-0.717351
-0.745708
-0.724588
-0.271148
-0.270757
-0.251185
0.655387
0.515819
0.299019
0.635469
0.50563
0.311359
0.596226
0.483386
0.323172
0.0652209
-0.104803
-0.201385
0.105173
-0.0447689
-0.132115
0.157765
0.0379133
-0.0332159
0.234621
0.159732
0.114015
0.333399
0.313336
0.29741
0.458732
0.498549
0.51128
0.536144
0.449871
0.340224
0.465996
0.414673
0.366913
0.390958
0.383764
0.409102
-0.229967
-0.206525
-0.151628
-0.159473
-0.136591
-0.0778554
-0.0563128
-0.0342588
0.0265214
-0.0705546
0.025713
0.144478
0.0163557
0.133223
0.274113
0.127857
0.254204
0.399197
0.25465
0.364014
0.477643
0.347645
0.401643
0.443046
0.365625
0.325525
0.263004
0.0978331
0.114914
0.165975
0.284973
0.284762
0.304053
0.49074
0.451427
0.40751
0.680723
0.571682
0.428677
0.777962
0.585946
0.340816
0.750336
0.488055
0.169684
0.265333
0.105254
-0.07087
0.0645557
-0.191539
-0.440203
-0.173135
-0.469887
-0.729743
-0.348805
-0.61154
-0.817689
-0.348666
-0.519558
-0.640221
-0.159128
-0.215996
-0.252429
0.581702
0.299751
-0.0219714
0.340031
0.118152
-0.12045
0.0998205
0.0114328
-0.0781998
0.319498
0.364475
0.470813
0.270108
0.361598
0.533736
0.240346
0.364239
0.572871
0.60611
0.702785
0.731822
0.731037
0.858793
0.88022
0.794501
0.919095
0.910135
0.739107
0.825701
0.77701
0.538671
0.575289
0.50974
0.207283
0.209914
0.173518
0.216637
0.345181
0.545423
0.173489
0.270267
0.414528
0.0764946
0.114667
0.168082
