FiniteElementSpace
FiniteElementCollection: H1_2D_P4
VDim: 1
Ordering: 0

-0.277329
9.35762e-14
9.35736e-14
7.76165e-35
9.3577e-14
7.76496e-35
9.3577e-14
7.7667e-35
9.35736e-14
7.76496e-35
7.76165e-35
-0.0888693
4.87272e-21
4.87272e-21
-0.0888687
4.87302e-21
4.87451e-21
-0.0888686
4.87525e-21
4.87533e-21
-0.0888686
4.87451e-21
4.87302e-21
-0.0888687
4.87272e-21
4.87272e-21
0.0439618
0.043963
0.0439644
0.0439628
0.0439618
-0.111489
0.0156061
0.0156053
-0.111488
0.0156065
0.0156053
-0.111488
0.0156067
0.0156065
-0.111488
0.0156053
0.0156064
-0.111488
0.0156053
0.0156061
-0.126916
1.39243e-16
0.15013
4.0102e-27
4.01022e-27
0.150129
1.39242e-16
-0.126916
1.39245e-16
0.15013
4.01112e-27
4.01183e-27
0.15013
1.39265e-16
-0.126916
1.39274e-16
0.15013
4.01258e-27
4.0126e-27
0.15013
1.39276e-16
-0.126916
1.39265e-16
0.15013
4.01183e-27
4.01112e-27
0.15013
1.39245e-16
-0.126916
1.39242e-16
0.150129
4.01022e-27
4.0102e-27
0.15013
1.39243e-16
-0.00880204
-0.00880194
-0.00880081
-0.00880192
-0.00880205
0.0538501
0.0342575
0.0538496
0.0538523
0.0342522
0.0538498
0.0538543
0.0342449
0.053854
0.0538497
0.0342525
0.0538522
0.0538496
0.0342575
0.0538501
-0.208679
-0.0622583
-0.0622583
-0.208679
-0.0805715
-0.0463125
0.0100533
0.0328864
0.0328863
0.0100528
-0.0463135
-0.0805707
-0.0622575
-0.0622582
-0.208678
-0.0463114
0.0100535
0.0328867
0.0328865
0.0100527
-0.0463133
-0.0805706
-0.0622567
-0.0622567
-0.208678
-0.0463114
0.010054
0.032887
0.0328869
0.0100539
-0.0463116
-0.0805706
-0.0622581
-0.0622575
-0.208679
-0.0463133
0.0100527
0.0328865
0.0328866
0.0100535
-0.0463114
-0.0805707
-0.0622583
-0.0622584
-0.0463135
0.0100528
0.0328863
0.0328864
0.0100533
-0.0463125
-0.109728
-0.0569483
0.0260052
-0.10383
5.76828e-15
0.0756574
1.31628e-18
0.103072
0.117401
0.0917904
0.140376
0.140376
0.0917904
7.06389e-24
-0.0453676
8.91529e-31
8.91533e-31
-0.0453676
7.06393e-24
0.103071
0.0260046
-0.0569492
-0.109728
0.1174
1.31628e-18
0.075657
5.76819e-15
-0.10383
-0.0569464
0.0260062
5.76822e-15
0.0756596
1.31633e-18
0.103069
0.117402
0.0917929
0.140372
0.140373
0.0917926
7.0649e-24
-0.045369
8.91819e-31
8.91903e-31
-0.0453689
7.06665e-24
0.103071
0.0260046
-0.0569496
-0.109728
0.117402
1.31662e-18
0.0756569
5.76872e-15
-0.103829
-0.0569453
0.0260069
5.76887e-15
0.075661
1.31675e-18
0.103066
0.117404
0.0917958
0.140368
0.140368
0.0917959
7.06784e-24
-0.045372
8.92086e-31
8.92087e-31
-0.0453721
7.06791e-24
0.103066
0.0260067
-0.0569457
-0.109728
0.117404
1.31678e-18
0.0756607
5.76892e-15
-0.103829
-0.0569495
0.0260045
5.76872e-15
0.0756569
1.31662e-18
0.103071
0.117401
0.0917923
0.140373
0.140373
0.0917924
7.06665e-24
-0.0453688
8.91903e-31
8.91819e-31
-0.045369
7.0649e-24
0.103069
0.0260061
-0.0569464
-0.109728
0.117402
1.31633e-18
0.0756595
5.76822e-15
-0.10383
-0.0569492
0.0260046
5.76819e-15
0.075657
1.31628e-18
0.103071
0.1174
0.0917904
0.140376
0.140376
0.0917904
7.06393e-24
-0.0453676
8.91533e-31
8.91529e-31
-0.0453676
7.06389e-24
0.103072
0.0260052
-0.0569483
0.117401
1.31628e-18
0.0756574
5.76828e-15
-0.133724
-0.0428483
0.027411
-0.0428488
-0.133723
-0.0428474
0.0274111
-0.0428488
-0.133722
-0.0428471
0.0274114
-0.0428472
-0.133723
-0.0428487
0.0274111
-0.0428474
-0.133724
-0.0428488
0.027411
-0.0428483
-0.0547136
-0.0299381
0.124117
0.0579332
0.150989
0.0329039
-0.0446993
0.0329037
-0.0547146
0.0579331
0.124117
-0.0299387
-0.0547122
-0.0299361
0.124117
0.0579343
0.15099
0.0328996
-0.0446985
0.0329009
-0.0547148
0.0579341
0.124117
-0.0299391
-0.054712
-0.0299345
0.124115
0.0579359
0.150992
0.0328952
-0.0446983
0.032895
-0.0547122
0.0579359
0.124116
-0.0299348
-0.0547147
-0.0299391
0.124117
0.057934
0.15099
0.0329011
-0.0446985
0.0328998
-0.0547122
0.0579341
0.124117
-0.0299361
-0.0547146
-0.0299387
0.124117
0.0579331
0.150989
0.0329037
-0.0446993
0.0329039
-0.0547136
0.0579332
0.124117
-0.0299381
-0.27488
-0.257578
-0.227509
-0.201034
-0.178668
-0.149788
-0.201033
-0.178668
-0.149788
-0.27488
-0.257578
-0.227508
-0.123932
-0.153624
-0.189164
-0.10692
-0.0927316
-0.0734135
-0.0705422
-0.0913055
-0.118011
-0.0154848
-0.031479
-0.0511111
-0.0154849
-0.0314791
-0.0511111
-0.0705421
-0.0913053
-0.11801
-0.106919
-0.092731
-0.0734132
-0.123931
-0.153623
-0.189163
-0.101419
-0.0883654
-0.0819177
-0.0790567
-0.0695581
-0.0531431
-0.0557361
-0.0475757
-0.0436791
-0.0861172
-0.0821313
-0.0803069
-0.0881184
-0.0779534
-0.058644
-0.0451326
-0.0433775
-0.0426216
0.0081707
-0.0104341
-0.0335016
0.0146363
0.0130076
0.0112496
0.00336133
-0.0127519
-0.0321704
-0.00335227
0.00405719
0.00849961
0.0154401
0.0224497
0.0262435
0.0154396
0.0224495
0.0262434
-0.00335236
0.0040569
0.00849915
0.0213926
0.028426
0.0318483
0.0313894
0.0295688
0.0282539
0.0403153
0.0359931
0.0337784
0.0403153
0.0359931
0.0337783
0.0313893
0.0295687
0.0282539
0.021392
0.0284256
0.0318481
0.0146356
0.0130069
0.011249
-0.0557361
-0.047576
-0.0436795
-0.0790561
-0.069558
-0.0531434
-0.101418
-0.0883644
-0.0819168
0.0033607
-0.0127527
-0.032171
0.00816984
-0.0104352
-0.0335026
-0.0451335
-0.0433782
-0.0426222
-0.088118
-0.0779537
-0.0586448
-0.0861166
-0.0821306
-0.0803061
-0.201033
-0.178667
-0.149787
-0.201033
-0.178667
-0.149787
-0.274879
-0.257577
-0.227507
-0.106919
-0.0927304
-0.0734124
-0.0705414
-0.0913046
-0.11801
-0.0154846
-0.0314786
-0.0511104
-0.0154848
-0.031479
-0.0511111
-0.0705419
-0.0913049
-0.11801
-0.106919
-0.0927308
-0.0734131
-0.123931
-0.153623
-0.189163
-0.0790557
-0.069557
-0.0531421
-0.0557352
-0.0475748
-0.0436782
-0.0881175
-0.0779523
-0.0586428
-0.0451315
-0.0433765
-0.0426207
0.00817121
-0.0104334
-0.0335005
0.0146366
0.0130078
0.0112498
0.0033616
-0.0127514
-0.0321696
-0.00335216
0.00405732
0.00849977
0.0154402
0.0224497
0.0262435
0.0154396
0.0224494
0.0262434
-0.00335233
0.00405687
0.0084991
0.0213929
0.0284262
0.0318485
0.0313896
0.0295689
0.028254
0.0403163
0.0359937
0.0337787
0.0403163
0.0359937
0.0337786
0.0313895
0.0295688
0.0282539
0.021392
0.0284256
0.0318482
0.0146355
0.0130068
0.011249
-0.0557361
-0.047576
-0.0436795
-0.0790561
-0.0695579
-0.0531434
-0.101418
-0.0883643
-0.0819167
0.00336065
-0.0127527
-0.032171
0.00816979
-0.0104352
-0.0335025
-0.0451333
-0.0433782
-0.0426222
-0.0881179
-0.0779535
-0.0586446
-0.0861165
-0.0821306
-0.080306
-0.201032
-0.178666
-0.149786
-0.201032
-0.178666
-0.149786
-0.274879
-0.257577
-0.227507
-0.106918
-0.0927299
-0.0734118
-0.0705405
-0.0913036
-0.118009
-0.0154835
-0.0314776
-0.0511095
-0.0154835
-0.0314776
-0.0511096
-0.0705405
-0.0913036
-0.118009
-0.106918
-0.0927299
-0.0734118
-0.123931
-0.153622
-0.189163
-0.0790557
-0.0695569
-0.0531419
-0.0557346
-0.0475744
-0.0436779
-0.0881175
-0.0779523
-0.0586428
-0.0451314
-0.0433764
-0.0426205
0.00817139
-0.0104332
-0.0335005
0.0146368
0.0130081
0.0112502
0.00336205
-0.012751
-0.0321693
-0.00335117
0.00405807
0.00850032
0.0154406
0.0224501
0.0262438
0.0154406
0.0224501
0.0262438
-0.00335118
0.00405804
0.00850025
0.0213931
0.0284264
0.0318487
0.0313898
0.029569
0.0282542
0.0403174
0.0359943
0.0337791
0.0403174
0.0359944
0.0337791
0.0313898
0.029569
0.0282542
0.021393
0.0284263
0.0318487
0.0146367
0.013008
0.0112501
-0.0557346
-0.0475745
-0.043678
-0.0790557
-0.0695569
-0.053142
-0.101418
-0.0883642
-0.0819167
0.00336197
-0.0127511
-0.0321694
0.0081712
-0.0104335
-0.0335007
-0.0451316
-0.0433765
-0.0426206
-0.0881175
-0.0779524
-0.058643
-0.0861165
-0.0821306
-0.080306
-0.201033
-0.178667
-0.149787
-0.201033
-0.178667
-0.149787
-0.27488
-0.257578
-0.227508
-0.106919
-0.0927308
-0.0734131
-0.0705419
-0.0913048
-0.11801
-0.0154848
-0.031479
-0.051111
-0.0154846
-0.0314785
-0.0511104
-0.0705414
-0.0913046
-0.11801
-0.106919
-0.0927304
-0.0734124
-0.123931
-0.153623
-0.189163
-0.079056
-0.0695579
-0.0531433
-0.055736
-0.0475759
-0.0436794
-0.0881179
-0.0779534
-0.0586445
-0.0451333
-0.0433781
-0.0426221
0.00816976
-0.0104352
-0.0335025
0.0146355
0.0130068
0.011249
0.00336067
-0.0127527
-0.032171
-0.00335231
0.00405689
0.00849911
0.0154396
0.0224494
0.0262434
0.0154402
0.0224497
0.0262435
-0.00335215
0.00405732
0.00849976
0.0213919
0.0284256
0.0318482
0.0313895
0.0295688
0.0282539
0.0403161
0.0359936
0.0337786
0.0403161
0.0359936
0.0337786
0.0313896
0.0295689
0.028254
0.0213929
0.0284262
0.0318484
0.0146366
0.0130078
0.0112498
-0.0557352
-0.0475748
-0.0436782
-0.0790557
-0.069557
-0.0531421
-0.101418
-0.0883644
-0.0819168
0.00336159
-0.0127514
-0.0321696
0.00817115
-0.0104334
-0.0335006
-0.0451315
-0.0433765
-0.0426207
-0.0881175
-0.0779523
-0.0586428
-0.0861166
-0.0821306
-0.0803061
-0.201033
-0.178668
-0.149788
-0.201034
-0.178668
-0.149788
-0.106919
-0.092731
-0.0734133
-0.0705422
-0.0913053
-0.11801
-0.0154849
-0.0314791
-0.0511112
-0.0154848
-0.031479
-0.0511111
-0.0705423
-0.0913055
-0.118011
-0.10692
-0.0927316
-0.0734135
-0.0790561
-0.069558
-0.0531435
-0.0557362
-0.047576
-0.0436795
-0.0881181
-0.0779538
-0.0586448
-0.0451335
-0.0433783
-0.0426222
0.00816982
-0.0104352
-0.0335026
0.0146355
0.0130069
0.011249
0.00336069
-0.0127527
-0.0321711
-0.00335238
0.00405689
0.00849914
0.0154396
0.0224495
0.0262434
0.0154401
0.0224497
0.0262435
-0.00335228
0.00405718
0.00849961
0.021392
0.0284256
0.0318481
0.0313893
0.0295687
0.0282539
0.0403153
0.0359931
0.0337783
0.0403153
0.0359931
0.0337784
0.0313894
0.0295688
0.0282539
0.0213926
0.028426
0.0318483
0.0146363
0.0130076
0.0112496
-0.0557361
-0.0475757
-0.0436791
-0.0790567
-0.0695581
-0.0531431
0.00336133
-0.0127519
-0.0321704
0.0081707
-0.0104341
-0.0335016
-0.0451326
-0.0433775
-0.0426216
-0.0881184
-0.0779534
-0.058644
-0.0919538
-0.0985559
-0.1058
-0.108766
-0.0955291
-0.0705749
-0.0476204
-0.0503563
-0.0532419
-0.125439
-0.120376
-0.113604
-0.124665
-0.107262
-0.0764746
-0.0580038
-0.0579201
-0.0560738
0.0375603
0.00239433
-0.0364011
0.047644
0.0372455
0.029262
0.0158469
-0.00858632
-0.0382778
0.0167227
0.0194325
0.0233097
-0.127242
-0.123645
-0.112934
-0.098666
-0.0783236
-0.0482818
-0.0549192
-0.0479723
-0.0369993
-0.0266378
-0.0638019
-0.0925189
6.18433e-14
2.61216e-14
9.97893e-15
-0.00111719
-0.00938336
-0.0225575
2.83215e-16
1.00764e-15
3.24242e-15
0.0209045
0.0528195
0.0714186
0.0598403
0.025846
-0.0107909
0.0602095
0.0709997
0.0764988
0.089546
0.109747
0.121366
0.12667
0.136957
0.133052
0.0684276
0.0915151
0.109508
6.65722e-17
1.52214e-17
3.14772e-18
0.0260362
0.0730249
0.110394
1.37e-20
9.00439e-20
5.35258e-19
0.0151324
0.0482864
0.084583
0.110515
0.120575
0.124708
0.15169
0.142969
0.119751
0.145914
0.136124
0.124461
0.0343257
0.0459291
0.0541036
0.0349601
0.0410347
0.0508998
0.106689
0.0853911
0.0662988
0.1448
0.126959
0.104023
0.0835186
0.0710152
0.0619181
0.048829
0.0619272
0.0803001
0.10119
0.121306
0.141728
0.10119
0.121306
0.141728
0.048829
0.0619272
0.0803001
0.153368
0.155248
0.148527
0.152213
0.162651
0.158098
0.056752
0.0971318
0.128682
0.056752
0.0971317
0.128682
0.152213
0.162651
0.158098
0.153367
0.155247
0.148526
0.1448
0.126959
0.104023
0.0941991
0.0734679
0.0479085
0.124767
0.0883223
0.050416
1.68532e-21
2.08594e-22
2.33506e-23
-0.00218684
0.00149913
0.0184792
1.55856e-26
1.89234e-25
2.07802e-24
-0.0124282
-0.0330142
-0.0446753
-0.0358621
-0.0115575
0.0173546
0.0126166
-0.0215856
-0.0415613
-0.0520069
-0.0562522
-0.0506395
-0.0520069
-0.0562522
-0.0506395
0.0126166
-0.0215856
-0.0415612
1.00338e-27
6.72271e-29
4.07378e-30
-0.00696343
-0.0219767
-0.0374279
4.16985e-34
9.35274e-33
1.89729e-31
4.16986e-34
9.35276e-33
1.8973e-31
-0.00696343
-0.0219767
-0.0374279
1.00339e-27
6.72275e-29
4.0738e-30
-0.0124282
-0.0330141
-0.0446753
0.124767
0.088322
0.0504158
0.0941986
0.0734675
0.0479083
0.151689
0.142969
0.119751
-0.035862
-0.0115574
0.0173546
1.55857e-26
1.89235e-25
2.07803e-24
-0.00218683
0.00149911
0.0184791
1.68532e-21
2.08594e-22
2.33507e-23
0.0151323
0.0482861
0.0845825
-0.0476213
-0.0503573
-0.0532429
-0.108766
-0.0955296
-0.0705758
-0.0919532
-0.0985553
-0.105799
0.016722
0.0194318
0.0233091
0.0158461
-0.00858729
-0.0382789
0.0476435
0.0372449
0.0292614
0.0375597
0.00239359
-0.036402
-0.0580047
-0.0579211
-0.0560748
-0.124665
-0.107263
-0.0764754
-0.125438
-0.120376
-0.113604
0.03496
0.0410346
0.0508997
0.0343252
0.0459288
0.0541034
0.0835186
0.0710152
0.0619181
0.145914
0.136124
0.124461
0.106689
0.0853909
0.0662987
0.0684272
0.0915148
0.109507
0.12667
0.136957
0.133051
0.0895456
0.109747
0.121365
0.060209
0.0709992
0.0764983
0.110515
0.120574
0.124708
1.37e-20
9.00439e-20
5.35258e-19
0.0260361
0.0730245
0.110393
6.65718e-17
1.52214e-17
3.14771e-18
0.0209044
0.0528193
0.0714182
-0.0549201
-0.047973
-0.0369999
-0.0986661
-0.078324
-0.0482823
-0.127242
-0.123645
-0.112934
0.0598399
0.0258456
-0.0107915
2.83213e-16
1.00763e-15
3.24237e-15
-0.0011173
-0.00938366
-0.0225579
6.18417e-14
2.61211e-14
9.97875e-15
-0.0266377
-0.0638017
-0.0925186
-0.108765
-0.0955279
-0.0705735
-0.0476192
-0.0503551
-0.0532405
-0.124665
-0.107261
-0.0764728
-0.058002
-0.0579185
-0.0560723
0.0375625
0.0023966
-0.0363991
0.047646
0.037247
0.0292632
0.0158479
-0.00858507
-0.0382764
0.0167232
0.0194331
0.0233106
-0.0986655
-0.0783224
-0.04828
-0.0549172
-0.0479701
-0.0369971
6.18418e-14
2.61211e-14
9.97879e-15
-0.0011167
-0.00938206
-0.0225556
2.83217e-16
1.00764e-15
3.2424e-15
0.0209049
0.0528206
0.0714204
0.0598427
0.0258485
-0.0107887
0.0602119
0.0710023
0.0765011
0.0895478
0.109748
0.121366
0.126672
0.136958
0.133052
0.0684298
0.0915171
0.109509
6.65731e-17
1.52218e-17
3.14781e-18
0.0260359
0.0730242
0.110393
1.37008e-20
9.00482e-20
5.35279e-19
0.0151316
0.0482841
0.08458
0.110513
0.120573
0.124707
0.151689
0.142967
0.119748
0.145915
0.136125
0.124462
0.0343266
0.04593
0.0541046
0.0349605
0.0410354
0.0509007
0.106691
0.0853927
0.0663002
0.144801
0.126961
0.104025
0.0835209
0.071017
0.0619195
0.0488304
0.0619291
0.0803024
0.101192
0.121308
0.14173
0.101192
0.121308
0.14173
0.0488304
0.0619291
0.0803023
0.153367
0.155246
0.148524
0.15221
0.16265
0.158098
0.0567464
0.0971263
0.128677
0.0567465
0.0971267
0.128678
0.152211
0.16265
0.158098
0.153368
0.155247
0.148524
0.144801
0.126961
0.104025
0.0941956
0.0734639
0.0479043
0.124763
0.0883172
0.0504113
1.68544e-21
2.08615e-22
2.33536e-23
-0.00218747
0.00149709
0.0184757
1.5589e-26
1.89269e-25
2.07835e-24
-0.0124281
-0.0330143
-0.0446761
-0.0358642
-0.0115607
0.0173506
0.0126117
-0.0215893
-0.0415634
-0.0520077
-0.056252
-0.0506387
-0.0520076
-0.056252
-0.0506387
0.0126118
-0.0215891
-0.0415632
1.00363e-27
6.72458e-29
4.07504e-30
-0.00696323
-0.0219761
-0.0374271
4.17156e-34
9.35625e-33
1.89794e-31
4.17163e-34
9.3567e-33
1.89809e-31
-0.00696325
-0.0219762
-0.0374271
1.0038e-27
6.7255e-29
4.07549e-30
-0.0124281
-0.0330143
-0.044676
0.124764
0.0883184
0.0504126
0.0941975
0.0734656
0.0479057
0.15169
0.142969
0.11975
-0.0358638
-0.01156
0.0173517
1.55919e-26
1.89309e-25
2.07884e-24
-0.0021872
0.00149786
0.0184769
1.68595e-21
2.08673e-22
2.33597e-23
0.0151322
0.0482857
0.0845819
-0.0476212
-0.0503574
-0.053243
-0.108766
-0.0955296
-0.0705759
-0.0919531
-0.0985552
-0.105799
0.0167219
0.0194317
0.023309
0.015846
-0.00858756
-0.0382791
0.0476436
0.037245
0.0292614
0.0375597
0.0023933
-0.0364025
-0.0580052
-0.0579215
-0.0560751
-0.124665
-0.107263
-0.0764759
-0.125438
-0.120376
-0.113604
0.0349603
0.0410352
0.0509006
0.0343253
0.0459292
0.0541043
0.0835207
0.0710169
0.0619194
0.145915
0.136125
0.124462
0.10669
0.0853923
0.0662999
0.0684276
0.0915156
0.109508
0.126671
0.136957
0.133052
0.0895455
0.109747
0.121365
0.0602092
0.0709994
0.0764983
0.110514
0.120574
0.124708
1.37048e-20
9.00719e-20
5.35405e-19
0.0260361
0.0730245
0.110393
6.65837e-17
1.52246e-17
3.14846e-18
0.0209043
0.052819
0.071418
-0.0549205
-0.0479735
-0.0370004
-0.098666
-0.0783243
-0.0482828
-0.127242
-0.123645
-0.112933
0.0598397
0.0258452
-0.0107919
2.83255e-16
1.00775e-15
3.24271e-15
-0.00111747
-0.00938403
-0.0225584
6.18445e-14
2.61227e-14
9.97956e-15
-0.0266374
-0.0638012
-0.0925182
-0.108765
-0.0955278
-0.0705733
-0.0476191
-0.050355
-0.0532403
-0.124664
-0.107261
-0.076472
-0.0580012
-0.0579179
-0.056072
0.0375645
0.00239822
-0.0363978
0.0476478
0.0372484
0.0292641
0.0158485
-0.00858465
-0.0382762
0.0167234
0.0194334
0.0233111
-0.0986649
-0.0783215
-0.0482786
-0.054916
-0.0479686
-0.0369955
6.18448e-14
2.6123e-14
9.97977e-15
-0.00111632
-0.00938101
-0.0225541
2.83271e-16
1.0078e-15
3.24281e-15
0.0209049
0.0528211
0.0714216
0.0598444
0.0258505
-0.0107869
0.0602141
0.0710044
0.0765029
0.0895489
0.109749
0.121365
0.126673
0.136958
0.133051
0.0684319
0.0915191
0.109511
6.65882e-17
1.52258e-17
3.14876e-18
0.0260353
0.0730227
0.110392
1.37067e-20
9.00831e-20
5.35464e-19
0.0151309
0.0482822
0.0845769
0.110509
0.120571
0.124706
0.151688
0.142965
0.119745
0.145915
0.136126
0.124464
0.0343274
0.045931
0.0541059
0.0349609
0.0410361
0.050902
0.106692
0.0853947
0.0663019
0.144802
0.126964
0.104028
0.0835236
0.0710192
0.0619212
0.0488322
0.0619315
0.0803053
0.101195
0.121312
0.141732
0.101196
0.121312
0.141732
0.0488322
0.0619316
0.0803054
0.153367
0.155245
0.148521
0.152207
0.162649
0.1581
0.0567392
0.09712
0.128672
0.0567392
0.0971199
0.128672
0.152207
0.162649
0.1581
0.153367
0.155245
0.148521
0.144802
0.126964
0.104028
0.094192
0.0734598
0.0478999
0.124758
0.0883117
0.0504062
1.6862e-21
2.08706e-22
2.33635e-23
-0.00218819
0.00149487
0.0184719
1.55948e-26
1.89343e-25
2.0792e-24
-0.0124283
-0.0330152
-0.0446782
-0.0358676
-0.0115649
0.0173461
0.0126048
-0.0215949
-0.0415673
-0.05201
-0.0562532
-0.0506389
-0.0520101
-0.0562532
-0.0506389
0.0126047
-0.021595
-0.0415674
1.00399e-27
6.72681e-29
4.07631e-30
-0.00696304
-0.0219757
-0.0374267
4.17255e-34
9.35871e-33
1.89848e-31
4.17255e-34
9.35871e-33
1.89848e-31
-0.00696304
-0.0219757
-0.0374267
1.00399e-27
6.72683e-29
4.07632e-30
-0.0124284
-0.0330153
-0.0446784
0.124758
0.0883116
0.050406
0.094192
0.0734597
0.0478997
0.151688
0.142965
0.119745
-0.0358678
-0.0115651
0.0173459
1.55949e-26
1.89344e-25
2.07921e-24
-0.00218827
0.00149469
0.0184717
1.68623e-21
2.08709e-22
2.33638e-23
0.0151309
0.0482822
0.084577
-0.0476194
-0.0503552
-0.0532406
-0.108765
-0.095528
-0.0705736
-0.0919531
-0.0985553
-0.105799
0.0167232
0.0194332
0.0233109
0.0158483
-0.00858494
-0.0382764
0.0476476
0.0372481
0.0292638
0.0375641
0.00239785
-0.0363982
-0.0580015
-0.0579182
-0.0560723
-0.124664
-0.107261
-0.0764723
-0.125438
-0.120376
-0.113604
0.0349609
0.0410361
0.050902
0.0343272
0.045931
0.0541059
0.0835237
0.0710193
0.0619212
0.145915
0.136126
0.124464
0.106692
0.0853948
0.0663019
0.0684316
0.091519
0.109511
0.126673
0.136958
0.133051
0.0895487
0.109748
0.121365
0.0602138
0.0710041
0.0765026
0.110509
0.120571
0.124706
1.3707e-20
9.00847e-20
5.35473e-19
0.0260353
0.0730227
0.110392
6.65892e-17
1.5226e-17
3.14881e-18
0.0209049
0.0528209
0.0714213
-0.0549163
-0.047969
-0.0369958
-0.098665
-0.0783217
-0.0482789
-0.127242
-0.123645
-0.112933
0.0598441
0.0258501
-0.0107872
2.83274e-16
1.00781e-15
3.24284e-15
-0.00111643
-0.00938126
-0.0225544
6.18448e-14
2.61231e-14
9.97984e-15
-0.0266374
-0.0638012
-0.0925182
-0.108766
-0.0955295
-0.0705758
-0.0476212
-0.0503573
-0.0532429
-0.124665
-0.107263
-0.0764757
-0.0580051
-0.0579214
-0.056075
0.0375596
0.00239329
-0.0364024
0.0476436
0.0372449
0.0292613
0.0158459
-0.00858756
-0.0382791
0.0167219
0.0194316
0.0233089
-0.0986659
-0.0783241
-0.0482827
-0.0549204
-0.0479734
-0.0370003
6.18445e-14
2.61227e-14
9.97956e-15
-0.00111745
-0.00938398
-0.0225583
2.83255e-16
1.00775e-15
3.24271e-15
0.0209043
0.0528191
0.071418
0.0598397
0.0258452
-0.0107919
0.0602091
0.0709993
0.0764982
0.0895455
0.109747
0.121365
0.126671
0.136957
0.133052
0.0684275
0.0915154
0.109508
6.65837e-17
1.52246e-17
3.14846e-18
0.0260361
0.0730245
0.110394
1.37048e-20
9.00719e-20
5.35405e-19
0.0151323
0.0482858
0.084582
0.110514
0.120574
0.124708
0.15169
0.142969
0.11975
0.145915
0.136125
0.124462
0.0343252
0.0459292
0.0541041
0.0349603
0.0410351
0.0509005
0.10669
0.0853921
0.0662997
0.144801
0.126961
0.104024
0.0835204
0.0710167
0.0619192
0.0488302
0.0619287
0.0803019
0.101192
0.121308
0.141729
0.101192
0.121308
0.141729
0.0488302
0.0619287
0.080302
0.153368
0.155247
0.148524
0.152211
0.16265
0.158098
0.0567469
0.097127
0.128678
0.0567467
0.0971267
0.128678
0.15221
0.16265
0.158098
0.153367
0.155246
0.148524
0.144801
0.126961
0.104025
0.0941977
0.0734658
0.0479059
0.124764
0.0883186
0.0504128
1.68595e-21
2.08673e-22
2.33597e-23
-0.0021872
0.0014979
0.018477
1.55919e-26
1.89309e-25
2.07884e-24
-0.0124281
-0.0330143
-0.044676
-0.0358638
-0.0115599
0.0173519
0.012612
-0.0215889
-0.0415631
-0.0520076
-0.056252
-0.0506388
-0.0520077
-0.056252
-0.0506387
0.0126119
-0.0215892
-0.0415633
1.0038e-27
6.7255e-29
4.07549e-30
-0.00696325
-0.0219762
-0.0374271
4.17163e-34
9.3567e-33
1.89809e-31
4.17156e-34
9.35625e-33
1.89794e-31
-0.00696323
-0.0219761
-0.0374271
1.00363e-27
6.72458e-29
4.07504e-30
-0.0124281
-0.0330143
-0.0446761
0.124763
0.0883175
0.0504115
0.0941958
0.0734641
0.0479044
0.151689
0.142968
0.119749
-0.0358641
-0.0115606
0.0173508
1.5589e-26
1.89269e-25
2.07835e-24
-0.00218747
0.00149713
0.0184758
1.68544e-21
2.08615e-22
2.33536e-23
0.0151316
0.0482843
0.0845801
-0.0476192
-0.0503551
-0.0532405
-0.108765
-0.0955279
-0.0705735
-0.0919532
-0.0985554
-0.105799
0.0167231
0.019433
0.0233105
0.0158479
-0.00858514
-0.0382765
0.0476459
0.0372469
0.0292631
0.0375624
0.00239651
-0.0363991
-0.0580021
-0.0579185
-0.0560724
-0.124665
-0.107261
-0.0764729
-0.125439
-0.120376
-0.113604
0.0349604
0.0410352
0.0509006
0.0343265
0.0459299
0.0541045
0.0835205
0.0710167
0.0619192
0.145915
0.136125
0.124462
0.10669
0.0853925
0.0662999
0.0684296
0.0915169
0.109509
0.126671
0.136958
0.133052
0.0895478
0.109748
0.121366
0.0602118
0.0710022
0.0765011
0.110513
0.120573
0.124708
1.37008e-20
9.00482e-20
5.35279e-19
0.0260359
0.0730243
0.110393
6.65731e-17
1.52218e-17
3.14781e-18
0.0209049
0.0528207
0.0714204
-0.0549173
-0.0479702
-0.0369972
-0.0986655
-0.0783225
-0.0482801
-0.127242
-0.123645
-0.112934
0.0598426
0.0258485
-0.0107887
2.83217e-16
1.00764e-15
3.2424e-15
-0.0011167
-0.00938208
-0.0225556
6.18418e-14
2.61211e-14
9.97879e-15
-0.0266377
-0.0638017
-0.0925187
-0.108766
-0.0955296
-0.0705758
-0.0476213
-0.0503573
-0.0532429
-0.124665
-0.107263
-0.0764754
-0.0580048
-0.0579211
-0.0560748
0.0375597
0.00239358
-0.036402
0.0476435
0.0372449
0.0292614
0.0158461
-0.0085873
-0.0382789
0.016722
0.0194318
0.0233091
-0.0986661
-0.078324
-0.0482823
-0.0549201
-0.047973
-0.0369999
6.18417e-14
2.61211e-14
9.97875e-15
-0.0011173
-0.00938367
-0.0225579
2.83213e-16
1.00763e-15
3.24237e-15
0.0209044
0.0528193
0.0714182
0.0598399
0.0258456
-0.0107915
0.060209
0.0709992
0.0764983
0.0895456
0.109747
0.121365
0.12667
0.136957
0.133051
0.0684272
0.0915148
0.109507
6.65718e-17
1.52214e-17
3.14771e-18
0.0260361
0.0730245
0.110393
1.37e-20
9.00439e-20
5.35258e-19
0.0151323
0.0482861
0.0845825
0.110515
0.120574
0.124708
0.151689
0.142969
0.119751
0.145914
0.136124
0.124461
0.0343252
0.0459288
0.0541034
0.03496
0.0410346
0.0508997
0.106689
0.0853909
0.0662987
0.1448
0.126959
0.104023
0.0835186
0.0710152
0.0619181
0.048829
0.0619272
0.0803001
0.10119
0.121306
0.141728
0.10119
0.121306
0.141728
0.048829
0.0619272
0.0803001
0.153367
0.155247
0.148526
0.152213
0.162651
0.158098
0.056752
0.0971317
0.128682
0.056752
0.0971318
0.128682
0.152213
0.162651
0.158098
0.153368
0.155248
0.148527
0.1448
0.126959
0.104023
0.0941986
0.0734675
0.0479083
0.124767
0.088322
0.0504158
1.68532e-21
2.08594e-22
2.33507e-23
-0.00218683
0.00149911
0.0184791
1.55857e-26
1.89235e-25
2.07803e-24
-0.0124282
-0.0330141
-0.0446753
-0.035862
-0.0115574
0.0173546
0.0126166
-0.0215856
-0.0415612
-0.0520069
-0.0562522
-0.0506395
-0.0520069
-0.0562522
-0.0506395
0.0126166
-0.0215856
-0.0415613
1.00339e-27
6.72275e-29
4.0738e-30
-0.00696343
-0.0219767
-0.0374279
4.16986e-34
9.35276e-33
1.8973e-31
4.16985e-34
9.35274e-33
1.89729e-31
-0.00696343
-0.0219767
-0.0374279
1.00338e-27
6.72271e-29
4.07378e-30
-0.0124282
-0.0330142
-0.0446753
0.124767
0.0883223
0.050416
0.0941991
0.0734679
0.0479085
0.15169
0.142969
0.119751
-0.0358621
-0.0115575
0.0173546
1.55856e-26
1.89234e-25
2.07802e-24
-0.00218684
0.00149913
0.0184792
1.68532e-21
2.08594e-22
2.33506e-23
0.0151324
0.0482864
0.084583
-0.0476204
-0.0503563
-0.0532419
-0.108766
-0.0955291
-0.0705749
0.0167227
0.0194325
0.0233097
0.0158469
-0.00858632
-0.0382778
0.047644
0.0372455
0.029262
0.0375603
0.00239433
-0.0364011
-0.0580038
-0.0579201
-0.0560738
-0.124665
-0.107262
-0.0764746
0.0349601
0.0410347
0.0508998
0.0343257
0.0459291
0.0541036
0.0835186
0.0710152
0.0619181
0.145914
0.136124
0.124461
0.106689
0.0853911
0.0662988
0.0684276
0.0915151
0.109508
0.12667
0.136957
0.133052
0.089546
0.109747
0.121366
0.0602095
0.0709997
0.0764988
0.110515
0.120575
0.124708
1.37e-20
9.00439e-20
5.35258e-19
0.0260362
0.0730249
0.110394
6.65722e-17
1.52214e-17
3.14772e-18
0.0209045
0.0528195
0.0714186
-0.0549192
-0.0479723
-0.0369993
-0.098666
-0.0783236
-0.0482818
0.0598403
0.025846
-0.0107909
2.83215e-16
1.00764e-15
3.24242e-15
-0.00111719
-0.00938336
-0.0225575
6.18433e-14
2.61216e-14
9.97893e-15
-0.270956
-0.251386
-0.220061
-0.251385
-0.229028
-0.197148
-0.22006
-0.197147
-0.166831
-0.18163
-0.146954
-0.118599
-0.160256
-0.128274
-0.102933
-0.133073
-0.104521
-0.0822768
-0.103328
-0.0783527
-0.0589016
-0.0783526
-0.056153
-0.0386133
-0.0589016
-0.0386134
-0.0222521
-0.181629
-0.160255
-0.133073
-0.146953
-0.128273
-0.104521
-0.118598
-0.102932
-0.0822765
-0.0975684
-0.0856854
-0.080088
-0.0846873
-0.0747132
-0.0702594
-0.0664434
-0.0578143
-0.0538634
-0.0790569
-0.0811883
-0.0853389
-0.0697179
-0.0717946
-0.0755145
-0.0531146
-0.0544369
-0.0569767
-0.0317181
-0.0318727
-0.0328184
-0.0118964
-0.0110106
-0.0105946
0.00449232
0.00606929
0.0074092
-0.044933
-0.0371008
-0.0331511
-0.0257448
-0.018221
-0.0140375
-0.00996065
-0.00253504
0.00186411
0.00207602
0.00944453
0.013886
0.00944434
0.0167133
0.0209894
0.0138856
0.0209892
0.0249654
0.0166545
0.0184838
0.0202749
0.0235751
0.0252945
0.0271556
0.0271893
0.0286405
0.0304491
0.0290082
0.0302211
0.0321234
0.030221
0.0314608
0.0338376
0.0321233
0.0338376
0.0372942
0.016654
0.0235748
0.0271891
0.0184833
0.0252942
0.0286403
0.0202743
0.0271552
0.0304489
-0.0975675
-0.0846868
-0.0664433
-0.0856846
-0.0747129
-0.0578143
-0.0800873
-0.0702592
-0.0538636
-0.0449331
-0.025745
-0.00996083
-0.0371012
-0.0182214
-0.00253541
-0.0331516
-0.0140381
0.00186356
-0.0317189
-0.0118972
0.00449163
-0.0318736
-0.0110115
0.00606851
-0.0328194
-0.0105956
0.00740836
-0.0790563
-0.0697178
-0.0531151
-0.0811879
-0.0717947
-0.0544374
-0.0853386
-0.0755147
-0.0569774
-0.270955
-0.251385
-0.22006
-0.251385
-0.229027
-0.197147
-0.220059
-0.197146
-0.16683
-0.181629
-0.146953
-0.118598
-0.160255
-0.128273
-0.102931
-0.133072
-0.10452
-0.0822757
-0.103328
-0.078352
-0.0589009
-0.0783522
-0.0561526
-0.0386129
-0.0589014
-0.0386132
-0.0222519
-0.181628
-0.160255
-0.133072
-0.146952
-0.128273
-0.10452
-0.118598
-0.102932
-0.0822763
-0.0975673
-0.0856843
-0.080087
-0.0846861
-0.0747121
-0.0702583
-0.0664424
-0.0578132
-0.0538623
-0.0790559
-0.0811874
-0.085338
-0.0697168
-0.0717935
-0.0755133
-0.0531136
-0.0544357
-0.0569755
-0.0317173
-0.0318718
-0.0328174
-0.0118959
-0.01101
-0.0105939
0.00449262
0.00606966
0.00740965
-0.0449322
-0.0371001
-0.0331503
-0.0257444
-0.0182205
-0.014037
-0.00996046
-0.00253483
0.00186436
0.00207607
0.0094446
0.0138861
0.00944432
0.0167133
0.0209894
0.0138856
0.0209892
0.0249654
0.0166547
0.018484
0.0202752
0.0235751
0.0252946
0.0271558
0.0271893
0.0286406
0.0304493
0.0290083
0.0302212
0.0321237
0.0302212
0.0314611
0.033838
0.0321236
0.033838
0.037295
0.016654
0.0235747
0.0271891
0.0184832
0.0252941
0.0286403
0.0202742
0.0271552
0.030449
-0.0975674
-0.0846867
-0.0664432
-0.0856845
-0.0747129
-0.0578143
-0.0800873
-0.0702592
-0.0538636
-0.0449331
-0.025745
-0.00996079
-0.0371012
-0.0182214
-0.00253544
-0.0331517
-0.0140381
0.00186351
-0.0317189
-0.0118972
0.00449158
-0.0318735
-0.0110115
0.00606845
-0.0328193
-0.0105956
0.0074083
-0.0790563
-0.0697178
-0.053115
-0.0811878
-0.0717946
-0.0544373
-0.0853385
-0.0755145
-0.0569773
-0.270955
-0.251385
-0.220059
-0.251385
-0.229026
-0.197146
-0.220059
-0.197146
-0.166829
-0.181628
-0.146952
-0.118597
-0.160254
-0.128272
-0.102931
-0.133071
-0.104519
-0.082275
-0.103326
-0.0783509
-0.0588999
-0.0783509
-0.0561513
-0.0386118
-0.0589
-0.0386118
-0.0222507
-0.181628
-0.160254
-0.133071
-0.146952
-0.128272
-0.104519
-0.118597
-0.102931
-0.082275
-0.097567
-0.0856841
-0.080087
-0.0846857
-0.0747119
-0.0702581
-0.0664419
-0.0578129
-0.0538621
-0.0790559
-0.0811874
-0.085338
-0.0697167
-0.0717935
-0.0755133
-0.0531134
-0.0544357
-0.0569755
-0.0317171
-0.0318717
-0.0328173
-0.0118955
-0.0110097
-0.0105938
0.004493
0.00606992
0.00740985
-0.0449315
-0.0370996
-0.03315
-0.0257435
-0.0182199
-0.0140365
-0.00995949
-0.00253409
0.00186489
0.00207708
0.00944535
0.0138866
0.00944533
0.0167141
0.0209899
0.0138866
0.0209899
0.0249658
0.016655
0.0184843
0.0202753
0.0235754
0.0252948
0.027156
0.0271895
0.0286407
0.0304494
0.0290085
0.0302214
0.0321239
0.0302214
0.0314613
0.0338385
0.0321239
0.0338385
0.0372958
0.016655
0.0235754
0.0271895
0.0184842
0.0252948
0.0286407
0.0202752
0.0271559
0.0304494
-0.097567
-0.0846857
-0.0664419
-0.0856841
-0.0747119
-0.0578129
-0.0800869
-0.0702582
-0.0538622
-0.0449315
-0.0257435
-0.00995951
-0.0370996
-0.0182199
-0.00253414
-0.03315
-0.0140366
0.00186482
-0.0317172
-0.0118956
0.0044929
-0.0318718
-0.0110099
0.00606979
-0.0328175
-0.010594
0.00740968
-0.0790559
-0.0697168
-0.0531136
-0.0811874
-0.0717935
-0.0544358
-0.0853381
-0.0755134
-0.0569757
-0.270955
-0.251385
-0.220059
-0.251385
-0.229027
-0.197146
-0.22006
-0.197146
-0.16683
-0.181628
-0.146952
-0.118597
-0.160255
-0.128273
-0.102932
-0.133072
-0.10452
-0.0822762
-0.103328
-0.0783522
-0.0589014
-0.078352
-0.0561526
-0.0386131
-0.0589009
-0.0386129
-0.0222519
-0.181629
-0.160255
-0.133072
-0.146953
-0.128272
-0.10452
-0.118598
-0.102931
-0.0822757
-0.0975673
-0.0856844
-0.0800873
-0.0846866
-0.0747128
-0.0702591
-0.0664432
-0.0578142
-0.0538635
-0.0790562
-0.0811877
-0.0853384
-0.0697177
-0.0717945
-0.0755144
-0.0531149
-0.0544372
-0.0569772
-0.0317188
-0.0318735
-0.0328192
-0.0118972
-0.0110115
-0.0105956
0.00449159
0.00606845
0.00740829
-0.044933
-0.0371011
-0.0331516
-0.025745
-0.0182214
-0.0140381
-0.00996077
-0.00253542
0.00186353
0.00207608
0.00944433
0.0138856
0.0094446
0.0167133
0.0209892
0.0138861
0.0209894
0.0249654
0.016654
0.0184832
0.0202742
0.0235747
0.0252941
0.0271552
0.0271891
0.0286403
0.030449
0.0290083
0.0302212
0.0321236
0.0302212
0.0314611
0.033838
0.0321236
0.033838
0.0372949
0.0166547
0.0235751
0.0271893
0.018484
0.0252946
0.0286406
0.0202751
0.0271558
0.0304492
-0.0975673
-0.0846861
-0.0664424
-0.0856843
-0.0747121
-0.0578132
-0.080087
-0.0702583
-0.0538623
-0.0449322
-0.0257444
-0.00996045
-0.0371001
-0.0182205
-0.00253483
-0.0331503
-0.014037
0.00186434
-0.0317173
-0.0118959
0.0044926
-0.0318719
-0.01101
0.00606962
-0.0328174
-0.010594
0.0074096
-0.0790559
-0.0697168
-0.0531136
-0.0811874
-0.0717935
-0.0544358
-0.0853381
-0.0755133
-0.0569756
-0.270956
-0.251385
-0.22006
-0.251386
-0.229028
-0.197147
-0.220061
-0.197148
-0.166831
-0.181629
-0.146953
-0.118598
-0.160255
-0.128273
-0.102932
-0.133073
-0.104521
-0.0822765
-0.103328
-0.0783527
-0.0589016
-0.0783527
-0.056153
-0.0386134
-0.0589016
-0.0386133
-0.0222521
-0.18163
-0.160256
-0.133073
-0.146954
-0.128274
-0.104521
-0.118599
-0.102933
-0.0822768
-0.0975675
-0.0856846
-0.0800874
-0.0846868
-0.0747129
-0.0702592
-0.0664433
-0.0578143
-0.0538636
-0.0790563
-0.0811879
-0.0853386
-0.0697179
-0.0717947
-0.0755147
-0.0531151
-0.0544374
-0.0569774
-0.0317189
-0.0318736
-0.0328194
-0.0118972
-0.0110115
-0.0105956
0.00449161
0.0060685
0.00740835
-0.0449331
-0.0371012
-0.0331517
-0.0257451
-0.0182214
-0.0140381
-0.00996085
-0.00253543
0.00186354
0.00207601
0.00944433
0.0138856
0.00944453
0.0167133
0.0209892
0.013886
0.0209894
0.0249654
0.016654
0.0184832
0.0202743
0.0235748
0.0252942
0.0271552
0.0271891
0.0286403
0.0304489
0.0290082
0.030221
0.0321233
0.0302211
0.0314608
0.0338376
0.0321234
0.0338376
0.0372942
0.0166545
0.0235751
0.0271893
0.0184838
0.0252945
0.0286405
0.0202749
0.0271556
0.0304491
-0.0975684
-0.0846873
-0.0664434
-0.0856854
-0.0747133
-0.0578143
-0.080088
-0.0702594
-0.0538634
-0.044933
-0.0257448
-0.00996067
-0.0371008
-0.018221
-0.00253505
-0.0331511
-0.0140375
0.0018641
-0.0317181
-0.0118964
0.00449232
-0.0318727
-0.0110106
0.00606929
-0.0328184
-0.0105946
0.0074092
-0.0790569
-0.0697179
-0.0531146
-0.0811883
-0.0717946
-0.0544369
-0.0853389
-0.0755145
-0.0569767
-0.0912218
-0.0977944
-0.104932
-0.0806451
-0.0862791
-0.0923254
-0.060489
-0.0643397
-0.0684359
-0.112526
-0.118968
-0.123533
-0.0986272
-0.103751
-0.106899
-0.0726036
-0.0757193
-0.0769881
-0.0389135
-0.0393606
-0.0380873
-0.00775317
-0.00518516
-0.000801248
0.0182455
0.0242666
0.0324565
-0.0342728
-0.0358724
-0.0375012
-0.0102744
-0.00987627
-0.00918121
0.00902267
0.0110421
0.0138745
-0.124574
-0.120028
-0.108228
-0.106407
-0.100523
-0.0879181
-0.0748779
-0.0682458
-0.0564268
-0.086545
-0.0574797
-0.020821
-0.06689
-0.0409069
-0.0131564
-0.039103
-0.0209073
-0.00537044
-0.00529612
0.00238068
0.00322296
0.0274633
0.0243573
0.0111309
0.0575758
0.0440396
0.0179687
-0.0338614
-0.0265559
-0.0165462
0.00618489
0.0145442
0.0226942
0.0429806
0.0528906
0.0593148
0.0757016
0.0872713
0.0917511
0.100219
0.112556
0.114569
0.118863
0.130397
0.128865
0.0834159
0.0601886
0.0232718
0.100289
0.0697664
0.0260491
0.108994
0.0733841
0.0265812
0.109779
0.0712632
0.0250012
0.103757
0.064672
0.0219188
0.0924128
0.0546686
0.0177068
0.133293
0.14172
0.135085
0.143121
0.146294
0.133633
0.149695
0.145539
0.126053
0.0227094
0.0260246
0.0309018
0.0300289
0.0343654
0.0411115
0.0337277
0.0391315
0.047851
0.0384571
0.0484634
0.0611133
0.0517466
0.0655864
0.0823186
0.0615994
0.0790131
0.0990647
0.0711265
0.0916942
0.113789
0.0817044
0.104327
0.126505
0.0953709
0.118696
0.138719
0.0360959
0.0429751
0.0540819
0.0390242
0.0478713
0.0616435
0.0444389
0.0559133
0.0726806
0.0545305
0.0693456
0.0892151
0.0693456
0.0872772
0.109169
0.0892151
0.109169
0.13095
0.113553
0.135437
0.150295
0.132952
0.150592
0.157475
0.150928
0.160902
0.156978
0.162561
0.160918
0.143743
0.160918
0.146391
0.117175
0.143743
0.117175
0.0792415
0.113553
0.132952
0.150928
0.135437
0.150592
0.160902
0.150294
0.157475
0.156978
0.152362
0.138722
0.111839
0.148657
0.125247
0.0921861
0.13593
0.103413
0.066303
0.0755714
0.0412492
0.0123634
0.0554213
0.0263711
0.00670193
0.0318188
0.0101519
0.000818649
0.00501766
-0.00686037
-0.00498882
-0.0190035
-0.0207295
-0.00933696
-0.0378848
-0.0302463
-0.0119041
0.11038
0.0709982
0.0334438
0.0752958
0.033939
0.000470755
0.0342131
-0.00377341
-0.029127
-0.00732736
-0.0366855
-0.0509866
-0.0366855
-0.0553662
-0.0595128
-0.0509866
-0.0595128
-0.0562278
-0.0489159
-0.0341441
-0.0123921
-0.0499329
-0.0321572
-0.0110193
-0.0431642
-0.0261074
-0.00849821
-0.0308354
-0.017594
-0.0054134
-0.017594
-0.00949086
-0.00271772
-0.00541341
-0.00271772
-0.000672444
-0.0489158
-0.0499328
-0.0431642
-0.034144
-0.0321572
-0.0261074
-0.0123921
-0.0110193
-0.00849821
0.152362
0.148656
0.13593
0.138722
0.125246
0.103412
0.111838
0.0921857
0.0663026
0.11038
0.0752956
0.034213
0.070998
0.033939
-0.00377341
0.0334437
0.000470737
-0.0291269
0.00501762
-0.0190035
-0.0378847
-0.00686036
-0.0207294
-0.0302462
-0.00498881
-0.00933694
-0.0119041
0.0755709
0.0554209
0.0318186
0.0412489
0.0263709
0.0101518
0.0123633
0.00670188
0.000818639
-0.0912216
-0.0806454
-0.0604898
-0.0977942
-0.0862795
-0.0643406
-0.104932
-0.0923258
-0.0684368
-0.0342738
-0.0102754
0.00902182
-0.0358734
-0.00987729
0.0110413
-0.0375023
-0.0091822
0.0138737
-0.0389145
-0.00775411
0.0182448
-0.0393616
-0.00518603
0.0242659
-0.0380882
-0.00080204
0.0324559
-0.112526
-0.0986277
-0.0726045
-0.118968
-0.103752
-0.0757202
-0.123533
-0.1069
-0.0769889
0.0227088
0.0300285
0.0337276
0.026024
0.034365
0.0391314
0.0309013
0.0411112
0.0478508
0.0360958
0.0390242
0.0444389
0.0429751
0.0478713
0.0559134
0.0540819
0.0616435
0.0726806
0.0711264
0.0817044
0.0953708
0.0916941
0.104327
0.118695
0.113789
0.126505
0.138719
0.0384566
0.0517463
0.0615992
0.0484629
0.0655861
0.0790129
0.0611129
0.0823183
0.0990645
0.0757012
0.100219
0.118863
0.0872709
0.112556
0.130396
0.0917507
0.114569
0.128865
0.133293
0.14312
0.149695
0.141719
0.146294
0.145539
0.135085
0.133633
0.126052
0.109779
0.103756
0.0924123
0.0712629
0.0646716
0.0546683
0.0250011
0.0219187
0.0177067
0.0834155
0.100288
0.108993
0.0601884
0.0697661
0.0733838
0.0232717
0.026049
0.0265811
-0.124574
-0.106407
-0.0748787
-0.120028
-0.100524
-0.0682465
-0.108228
-0.0879185
-0.0564274
-0.0338622
0.00618419
0.04298
-0.0265566
0.0145436
0.0528901
-0.0165467
0.0226937
0.0593144
-0.00529656
0.027463
0.0575755
0.00238039
0.0243571
0.0440393
0.00322285
0.0111308
0.0179686
-0.086545
-0.0668903
-0.0391035
-0.0574797
-0.0409071
-0.0209076
-0.020821
-0.0131565
-0.00537056
-0.091221
-0.0977936
-0.104931
-0.0806439
-0.0862779
-0.0923242
-0.0604877
-0.0643384
-0.0684345
-0.112525
-0.118968
-0.123532
-0.098626
-0.10375
-0.106898
-0.0726022
-0.0757177
-0.0769864
-0.038912
-0.0393589
-0.0380854
-0.00775178
-0.00518346
-0.000799176
0.0182468
0.0242682
0.0324586
-0.0342717
-0.0358712
-0.0374999
-0.0102735
-0.00987532
-0.00918008
0.00902323
0.0110428
0.0138754
-0.124574
-0.120027
-0.108227
-0.106405
-0.100522
-0.0879168
-0.0748761
-0.0682439
-0.0564249
-0.0865444
-0.0574793
-0.0208208
-0.0668889
-0.0409061
-0.0131561
-0.0391014
-0.0209061
-0.00537
-0.00529406
0.00238209
0.00322348
0.0274656
0.0243588
0.0111314
0.0575779
0.0440409
0.0179691
-0.0338592
-0.0265535
-0.0165438
0.00618733
0.0145469
0.0226969
0.0429831
0.0528932
0.0593174
0.075704
0.0872737
0.0917532
0.100221
0.112558
0.114571
0.118865
0.130398
0.128866
0.0834174
0.0601895
0.023272
0.10029
0.0697666
0.0260491
0.108994
0.0733838
0.026581
0.109778
0.0712622
0.0250007
0.103755
0.0646704
0.0219181
0.0924101
0.0546665
0.017706
0.133294
0.14172
0.135085
0.143121
0.146294
0.133632
0.149695
0.145538
0.126051
0.0227097
0.0260251
0.0309026
0.0300291
0.0343658
0.0411123
0.033728
0.0391321
0.0478518
0.0384582
0.0484649
0.0611153
0.0517477
0.0655879
0.0823205
0.0616006
0.0790147
0.0990665
0.071128
0.091696
0.113791
0.0817063
0.104329
0.126507
0.0953732
0.118698
0.13872
0.0360963
0.0429759
0.0540831
0.0390249
0.0478724
0.061645
0.04444
0.055915
0.0726826
0.0545321
0.0693478
0.0892176
0.0693477
0.0872797
0.109172
0.0892174
0.109172
0.130952
0.113556
0.135439
0.150295
0.132954
0.150593
0.157475
0.15093
0.160902
0.156976
0.162561
0.160917
0.143739
0.160917
0.146388
0.11717
0.143739
0.11717
0.0792359
0.113556
0.132954
0.15093
0.135438
0.150593
0.160902
0.150295
0.157475
0.156976
0.152361
0.13872
0.111836
0.148655
0.125243
0.0921819
0.135926
0.103408
0.0662983
0.0755681
0.0412468
0.0123626
0.0554176
0.0263687
0.0067011
0.0318151
0.0101497
0.000817931
0.00501439
-0.00686215
-0.00498934
-0.0190059
-0.0207306
-0.00933723
-0.0378862
-0.0302467
-0.0119041
0.110375
0.0709929
0.0334391
0.0752901
0.0339338
0.000466718
0.0342077
-0.00377779
-0.0291298
-0.00733165
-0.0366885
-0.050988
-0.0366883
-0.0553677
-0.059513
-0.050988
-0.0595131
-0.0562273
-0.0489161
-0.0341438
-0.0123919
-0.0499324
-0.0321566
-0.0110191
-0.0431634
-0.0261068
-0.00849798
-0.0308347
-0.0175935
-0.00541324
-0.0175935
-0.00949057
-0.00271764
-0.00541326
-0.00271765
-0.000672428
-0.0489161
-0.0499324
-0.0431635
-0.0341439
-0.0321567
-0.0261068
-0.012392
-0.0110191
-0.00849801
0.152362
0.148655
0.135927
0.138721
0.125245
0.103409
0.111837
0.0921836
0.0662998
0.110375
0.0752906
0.0342079
0.0709939
0.0339345
-0.00377739
0.0334403
0.000467466
-0.0291295
0.00501536
-0.0190054
-0.037886
-0.00686154
-0.0207303
-0.0302466
-0.00498914
-0.00933714
-0.0119041
0.07557
0.0554193
0.0318165
0.0412483
0.0263699
0.0101506
0.0123631
0.00670155
0.000818257
-0.0912214
-0.0806452
-0.0604896
-0.0977941
-0.0862794
-0.0643406
-0.104932
-0.0923258
-0.0684369
-0.0342738
-0.0102755
0.00902173
-0.0358735
-0.00987745
0.0110412
-0.0375025
-0.00918245
0.0138735
-0.0389148
-0.00775441
0.0182447
-0.039362
-0.00518635
0.0242659
-0.0380887
-0.000802341
0.0324559
-0.112526
-0.0986278
-0.0726047
-0.118968
-0.103752
-0.0757205
-0.123533
-0.1069
-0.0769893
0.0227087
0.0300286
0.0337278
0.026024
0.0343652
0.0391318
0.0309013
0.0411115
0.0478515
0.0360963
0.039025
0.0444401
0.0429758
0.0478724
0.055915
0.054083
0.061645
0.0726825
0.0711278
0.0817062
0.095373
0.0916957
0.104328
0.118697
0.113791
0.126506
0.13872
0.0384568
0.0517468
0.0616002
0.0484632
0.0655868
0.0790141
0.0611133
0.0823192
0.0990657
0.0757016
0.100219
0.118864
0.0872711
0.112557
0.130397
0.0917507
0.114569
0.128865
0.133294
0.143121
0.149696
0.14172
0.146294
0.145539
0.135085
0.133633
0.126052
0.109779
0.103756
0.0924119
0.0712628
0.0646715
0.054668
0.0250011
0.0219187
0.0177066
0.0834154
0.100288
0.108993
0.0601882
0.069766
0.0733838
0.0232716
0.0260489
0.0265811
-0.124574
-0.106408
-0.0748791
-0.120028
-0.100524
-0.068247
-0.108228
-0.0879188
-0.0564278
-0.0338626
0.00618391
0.0429801
-0.0265571
0.0145433
0.05289
-0.0165472
0.0226934
0.0593143
-0.00529701
0.0274626
0.0575752
0.00238001
0.0243567
0.044039
0.00322268
0.0111307
0.0179684
-0.0865448
-0.0668905
-0.0391039
-0.0574796
-0.0409073
-0.0209079
-0.0208209
-0.0131566
-0.00537072
-0.0912209
-0.0977936
-0.104931
-0.0806439
-0.0862779
-0.0923241
-0.0604877
-0.0643384
-0.0684344
-0.112525
-0.118968
-0.123532
-0.0986259
-0.10375
-0.106898
-0.0726019
-0.0757173
-0.0769858
-0.0389116
-0.0393583
-0.0380844
-0.00775122
-0.00518253
-0.000797799
0.0182476
0.0242694
0.0324603
-0.0342717
-0.0358711
-0.0374997
-0.0102734
-0.00987514
-0.00917977
0.00902342
0.0110431
0.0138759
-0.124573
-0.120027
-0.108227
-0.106405
-0.100521
-0.0879159
-0.0748751
-0.0682427
-0.0564235
-0.0865438
-0.0574788
-0.0208206
-0.0668879
-0.0409054
-0.0131558
-0.0391001
-0.0209052
-0.00536965
-0.00529242
0.0023832
0.00322386
0.0274673
0.0243598
0.0111318
0.0575793
0.0440416
0.0179693
-0.0338577
-0.0265517
-0.0165419
0.00618917
0.014549
0.022699
0.0429852
0.0528955
0.0593194
0.0757061
0.0872757
0.0917547
0.100223
0.11256
0.114571
0.118866
0.130398
0.128866
0.0834182
0.0601896
0.0232719
0.100289
0.0697661
0.0260488
0.108992
0.0733826
0.0265805
0.109776
0.0712605
0.0250001
0.103752
0.0646684
0.0219174
0.0924072
0.0546645
0.0177053
0.133295
0.14172
0.135083
0.143121
0.146292
0.13363
0.149695
0.145536
0.126048
0.0227099
0.0260255
0.0309032
0.0300294
0.0343663
0.041113
0.0337284
0.0391327
0.0478529
0.0384593
0.0484664
0.0611173
0.051749
0.0655896
0.0823225
0.0616022
0.0790166
0.0990685
0.07113
0.0916981
0.113793
0.0817087
0.104331
0.126508
0.0953759
0.1187
0.138721
0.0360969
0.0429768
0.0540845
0.0390258
0.0478738
0.061647
0.0444415
0.055917
0.0726852
0.0545343
0.0693506
0.0892207
0.0693506
0.0872831
0.109175
0.0892208
0.109176
0.130956
0.113559
0.135441
0.150296
0.132957
0.150594
0.157474
0.150932
0.160902
0.156974
0.162561
0.160915
0.143735
0.160915
0.146384
0.117164
0.143735
0.117164
0.0792289
0.113559
0.132957
0.150932
0.135441
0.150594
0.160902
0.150296
0.157474
0.156974
0.15236
0.138717
0.111832
0.148652
0.125239
0.0921776
0.135922
0.103403
0.0662934
0.0755648
0.0412447
0.0123618
0.055414
0.0263664
0.00670032
0.0318114
0.0101474
0.000817173
0.0050107
-0.00686426
-0.00499001
-0.0190093
-0.0207324
-0.00933775
-0.0378888
-0.030248
-0.0119044
0.110369
0.070987
0.033434
0.0752835
0.0339275
0.000461682
0.0342006
-0.00378381
-0.0291342
-0.00733817
-0.0366934
-0.0509913
-0.0366935
-0.0553711
-0.0595149
-0.0509914
-0.0595149
-0.0562279
-0.0489177
-0.0341444
-0.012392
-0.049933
-0.0321567
-0.011019
-0.0431633
-0.0261064
-0.00849781
-0.0308341
-0.017593
-0.00541306
-0.017593
-0.00949022
-0.00271752
-0.00541306
-0.00271752
-0.000672389
-0.0489179
-0.049933
-0.0431633
-0.0341445
-0.0321567
-0.0261064
-0.0123921
-0.011019
-0.00849781
0.15236
0.148652
0.135922
0.138717
0.125239
0.103403
0.111832
0.0921776
0.0662933
0.110369
0.0752834
0.0342005
0.0709869
0.0339274
-0.00378395
0.0334338
0.000461448
-0.0291344
0.00501046
-0.0190095
-0.037889
-0.00686445
-0.0207326
-0.0302481
-0.00499009
-0.00933782
-0.0119045
0.0755648
0.0554139
0.0318112
0.0412446
0.0263663
0.0101472
0.0123618
0.00670026
0.000817094
-0.091221
-0.080644
-0.0604879
-0.0977936
-0.0862781
-0.0643386
-0.104931
-0.0923243
-0.0684346
-0.0342719
-0.0102736
0.00902323
-0.0358713
-0.00987539
0.0110429
-0.0375
-0.00918005
0.0138756
-0.0389119
-0.00775152
0.0182473
-0.0393586
-0.00518285
0.0242692
-0.0380847
-0.000798151
0.03246
-0.112525
-0.098626
-0.0726022
-0.118968
-0.10375
-0.0757176
-0.123532
-0.106898
-0.076986
0.0227098
0.0300293
0.0337283
0.0260253
0.0343662
0.0391327
0.030903
0.041113
0.0478529
0.0360969
0.0390258
0.0444415
0.0429769
0.0478739
0.0559171
0.0540846
0.061647
0.0726853
0.07113
0.0817088
0.095376
0.0916981
0.104331
0.1187
0.113793
0.126508
0.138721
0.0384591
0.0517489
0.0616022
0.0484662
0.0655895
0.0790166
0.061117
0.0823224
0.0990684
0.0757058
0.100223
0.118866
0.0872754
0.11256
0.130398
0.0917544
0.114571
0.128866
0.133295
0.143122
0.149695
0.14172
0.146293
0.145536
0.135083
0.13363
0.126048
0.109776
0.103752
0.0924072
0.0712605
0.0646685
0.0546645
0.0250001
0.0219174
0.0177053
0.083418
0.100289
0.108992
0.0601895
0.0697661
0.0733826
0.0232719
0.0260487
0.0265805
-0.124573
-0.106405
-0.0748754
-0.120027
-0.100521
-0.068243
-0.108227
-0.0879161
-0.0564238
-0.0338581
0.00618879
0.0429848
-0.0265521
0.0145486
0.0528951
-0.0165423
0.0226986
0.059319
-0.00529277
0.0274669
0.057579
0.00238293
0.0243596
0.0440414
0.00322375
0.0111317
0.0179692
-0.0865439
-0.0668881
-0.0391004
-0.0574789
-0.0409055
-0.0209054
-0.0208206
-0.0131558
-0.00536974
-0.0912214
-0.0977941
-0.104932
-0.0806451
-0.0862793
-0.0923257
-0.0604895
-0.0643405
-0.0684368
-0.112525
-0.118968
-0.123533
-0.0986277
-0.103752
-0.1069
-0.0726046
-0.0757204
-0.0769892
-0.0389148
-0.0393619
-0.0380886
-0.0077544
-0.00518635
-0.000802346
0.0182446
0.0242658
0.0324559
-0.0342738
-0.0358735
-0.0375024
-0.0102755
-0.00987745
-0.00918244
0.0090217
0.0110411
0.0138735
-0.124574
-0.120028
-0.108228
-0.106407
-0.100524
-0.0879187
-0.074879
-0.0682469
-0.0564277
-0.0865447
-0.0574795
-0.0208209
-0.0668904
-0.0409072
-0.0131565
-0.0391038
-0.0209078
-0.00537069
-0.00529696
0.00238005
0.0032227
0.0274626
0.0243567
0.0111307
0.0575752
0.0440391
0.0179684
-0.0338626
-0.026557
-0.0165471
0.0061839
0.0145433
0.0226934
0.04298
0.05289
0.0593142
0.0757015
0.0872711
0.0917507
0.100219
0.112556
0.114569
0.118864
0.130397
0.128865
0.0834154
0.0601882
0.0232716
0.100288
0.069766
0.0260489
0.108993
0.0733838
0.0265811
0.109779
0.0712628
0.0250011
0.103756
0.0646716
0.0219187
0.092412
0.054668
0.0177066
0.133294
0.14172
0.135085
0.143121
0.146294
0.133633
0.149696
0.145539
0.126052
0.0227087
0.026024
0.0309013
0.0300285
0.0343651
0.0411115
0.0337278
0.0391317
0.0478514
0.0384567
0.0484631
0.0611132
0.0517468
0.0655867
0.082319
0.0616001
0.0790139
0.0990655
0.0711277
0.0916955
0.113791
0.081706
0.104328
0.126506
0.0953726
0.118697
0.13872
0.0360962
0.0429757
0.0540828
0.0390249
0.0478723
0.0616448
0.0444399
0.0559147
0.0726822
0.0545318
0.0693473
0.089217
0.0693474
0.0872793
0.109171
0.0892171
0.109172
0.130952
0.113555
0.135438
0.150295
0.132953
0.150593
0.157475
0.150929
0.160902
0.156976
0.16256
0.160917
0.14374
0.160917
0.146388
0.11717
0.143739
0.11717
0.0792363
0.113555
0.132954
0.150929
0.135438
0.150593
0.160902
0.150295
0.157475
0.156976
0.152362
0.138721
0.111838
0.148655
0.125245
0.0921838
0.135927
0.103409
0.0663
0.0755701
0.0412484
0.0123631
0.0554194
0.0263699
0.00670156
0.0318166
0.0101507
0.000818263
0.00501546
-0.00686151
-0.00498914
-0.0190053
-0.0207303
-0.00933715
-0.0378859
-0.0302466
-0.0119041
0.110376
0.0709942
0.0334405
0.075291
0.0339348
0.00046763
0.0342082
-0.00377718
-0.0291294
-0.00733144
-0.0366882
-0.0509879
-0.0366883
-0.0553676
-0.0595131
-0.050988
-0.059513
-0.0562273
-0.0489161
-0.0341439
-0.012392
-0.0499325
-0.0321567
-0.0110191
-0.0431635
-0.0261068
-0.00849801
-0.0308347
-0.0175935
-0.00541326
-0.0175935
-0.00949058
-0.00271765
-0.00541324
-0.00271764
-0.000672428
-0.0489162
-0.0499324
-0.0431634
-0.0341439
-0.0321567
-0.0261068
-0.0123919
-0.0110191
-0.00849798
0.152361
0.148655
0.135926
0.13872
0.125244
0.103408
0.111836
0.0921822
0.0662985
0.110375
0.0752904
0.034208
0.0709932
0.0339341
-0.00377759
0.0334393
0.000466872
-0.0291297
0.00501449
-0.0190059
-0.0378862
-0.00686212
-0.0207306
-0.0302467
-0.00498934
-0.00933724
-0.0119041
0.0755682
0.0554178
0.0318153
0.0412469
0.0263687
0.0101497
0.0123626
0.00670112
0.000817936
-0.091221
-0.0806439
-0.0604877
-0.0977936
-0.086278
-0.0643385
-0.104931
-0.0923242
-0.0684345
-0.0342718
-0.0102736
0.00902317
-0.0358712
-0.00987538
0.0110428
-0.0375
-0.00918015
0.0138753
-0.0389121
-0.00775186
0.0182467
-0.039359
-0.00518354
0.0242681
-0.0380854
-0.000799265
0.0324585
-0.112525
-0.098626
-0.0726022
-0.118968
-0.10375
-0.0757177
-0.123532
-0.106898
-0.0769864
0.0227097
0.0300291
0.033728
0.0260251
0.0343657
0.039132
0.0309025
0.0411121
0.0478517
0.0360962
0.0390248
0.0444398
0.0429757
0.0478722
0.0559147
0.0540829
0.0616447
0.0726823
0.0711278
0.081706
0.0953728
0.0916957
0.104328
0.118697
0.113791
0.126506
0.13872
0.0384581
0.0517476
0.0616004
0.0484648
0.0655878
0.0790145
0.0611152
0.0823203
0.0990663
0.0757038
0.100221
0.118864
0.0872736
0.112558
0.130398
0.0917532
0.114571
0.128866
0.133294
0.143121
0.149695
0.14172
0.146294
0.145538
0.135085
0.133632
0.126051
0.109778
0.103755
0.0924103
0.0712623
0.0646705
0.0546666
0.0250008
0.0219182
0.017706
0.0834174
0.10029
0.108994
0.0601895
0.0697667
0.0733838
0.023272
0.0260491
0.026581
-0.124574
-0.106406
-0.0748761
-0.120027
-0.100522
-0.068244
-0.108227
-0.0879169
-0.056425
-0.0338592
0.00618724
0.042983
-0.0265536
0.0145468
0.0528931
-0.0165438
0.0226968
0.0593174
-0.0052941
0.0274655
0.0575779
0.00238208
0.0243588
0.0440409
0.00322347
0.0111314
0.0179691
-0.0865444
-0.0668889
-0.0391014
-0.0574793
-0.0409061
-0.0209061
-0.0208208
-0.0131561
-0.00537001
-0.0912216
-0.0977942
-0.104932
-0.0806454
-0.0862796
-0.0923259
-0.0604898
-0.0643406
-0.0684368
-0.112526
-0.118968
-0.123533
-0.0986277
-0.103752
-0.1069
-0.0726045
-0.0757202
-0.0769889
-0.0389145
-0.0393616
-0.0380883
-0.00775412
-0.00518604
-0.000802046
0.0182448
0.0242659
0.0324559
-0.0342739
-0.0358734
-0.0375023
-0.0102754
-0.00987731
-0.00918221
0.0090218
0.0110413
0.0138737
-0.124574
-0.120028
-0.108228
-0.106407
-0.100524
-0.0879185
-0.0748787
-0.0682466
-0.0564274
-0.086545
-0.0574797
-0.020821
-0.0668903
-0.0409071
-0.0131565
-0.0391035
-0.0209076
-0.00537056
-0.00529656
0.00238039
0.00322285
0.027463
0.0243571
0.0111308
0.0575755
0.0440393
0.0179686
-0.0338622
-0.0265566
-0.0165467
0.00618419
0.0145436
0.0226937
0.04298
0.0528901
0.0593144
0.0757012
0.0872709
0.0917507
0.100219
0.112556
0.114569
0.118863
0.130396
0.128865
0.0834155
0.0601884
0.0232717
0.100288
0.0697661
0.026049
0.108993
0.0733838
0.0265811
0.109779
0.0712629
0.0250011
0.103756
0.0646716
0.0219187
0.0924123
0.0546683
0.0177067
0.133293
0.141719
0.135085
0.14312
0.146294
0.133633
0.149695
0.145539
0.126052
0.0227088
0.026024
0.0309013
0.0300285
0.034365
0.0411112
0.0337275
0.0391314
0.0478508
0.0384566
0.0484629
0.0611129
0.0517463
0.0655861
0.0823183
0.0615992
0.0790129
0.0990645
0.0711264
0.0916941
0.113789
0.0817044
0.104327
0.126505
0.0953708
0.118695
0.138719
0.0360958
0.0429751
0.0540819
0.0390242
0.0478713
0.0616435
0.0444389
0.0559134
0.0726806
0.0545305
0.0693456
0.0892151
0.0693456
0.0872772
0.109169
0.0892151
0.109169
0.13095
0.113553
0.135437
0.150294
0.132952
0.150592
0.157475
0.150928
0.160902
0.156978
0.162561
0.160918
0.143743
0.160918
0.146391
0.117175
0.143743
0.117175
0.0792415
0.113553
0.132952
0.150928
0.135437
0.150592
0.160902
0.150295
0.157475
0.156978
0.152362
0.138722
0.111838
0.148656
0.125246
0.0921857
0.13593
0.103412
0.0663026
0.0755709
0.0412489
0.0123633
0.0554209
0.0263709
0.00670188
0.0318186
0.0101518
0.000818639
0.00501762
-0.00686036
-0.00498881
-0.0190035
-0.0207294
-0.00933694
-0.0378847
-0.0302462
-0.0119041
0.11038
0.070998
0.0334437
0.0752956
0.033939
0.000470737
0.034213
-0.00377341
-0.0291269
-0.00732736
-0.0366855
-0.0509866
-0.0366855
-0.0553662
-0.0595128
-0.0509866
-0.0595128
-0.0562278
-0.0489158
-0.034144
-0.0123921
-0.0499328
-0.0321572
-0.0110193
-0.0431642
-0.0261074
-0.00849821
-0.0308354
-0.017594
-0.00541341
-0.017594
-0.00949086
-0.00271772
-0.0054134
-0.00271772
-0.000672444
-0.0489159
-0.0499329
-0.0431642
-0.0341441
-0.0321572
-0.0261074
-0.0123921
-0.0110193
-0.00849821
0.152362
0.148657
0.13593
0.138722
0.125247
0.103413
0.111839
0.0921861
0.066303
0.11038
0.0752958
0.0342131
0.0709982
0.033939
-0.00377341
0.0334438
0.000470755
-0.029127
0.00501766
-0.0190035
-0.0378848
-0.00686037
-0.0207295
-0.0302463
-0.00498882
-0.00933696
-0.0119041
0.0755714
0.0554213
0.0318188
0.0412492
0.0263711
0.0101519
0.0123634
0.00670193
0.000818649
-0.0912218
-0.0806451
-0.060489
-0.0977944
-0.0862791
-0.0643397
-0.104932
-0.0923254
-0.0684359
-0.0342728
-0.0102744
0.00902267
-0.0358724
-0.00987627
0.0110421
-0.0375012
-0.00918121
0.0138745
-0.0389135
-0.00775317
0.0182455
-0.0393606
-0.00518516
0.0242666
-0.0380873
-0.000801248
0.0324565
-0.112526
-0.0986272
-0.0726036
-0.118968
-0.103751
-0.0757193
-0.123533
-0.106899
-0.0769881
0.0227094
0.0300289
0.0337277
0.0260246
0.0343654
0.0391315
0.0309018
0.0411115
0.047851
0.0360959
0.0390242
0.0444389
0.0429751
0.0478713
0.0559133
0.0540819
0.0616435
0.0726806
0.0711265
0.0817044
0.0953709
0.0916942
0.104327
0.118696
0.113789
0.126505
0.138719
0.0384571
0.0517466
0.0615994
0.0484634
0.0655864
0.0790131
0.0611133
0.0823186
0.0990647
0.0757016
0.100219
0.118863
0.0872713
0.112556
0.130397
0.0917511
0.114569
0.128865
0.133293
0.143121
0.149695
0.14172
0.146294
0.145539
0.135085
0.133633
0.126053
0.109779
0.103757
0.0924128
0.0712632
0.064672
0.0546686
0.0250012
0.0219188
0.0177068
0.0834159
0.100289
0.108994
0.0601886
0.0697664
0.0733841
0.0232718
0.0260491
0.0265812
-0.124574
-0.106407
-0.0748779
-0.120028
-0.100523
-0.0682458
-0.108228
-0.0879181
-0.0564268
-0.0338614
0.00618489
0.0429806
-0.0265559
0.0145442
0.0528906
-0.0165462
0.0226942
0.0593148
-0.00529612
0.0274633
0.0575758
0.00238068
0.0243573
0.0440396
0.00322296
0.0111309
0.0179687
-0.086545
-0.06689
-0.039103
-0.0574797
-0.0409069
-0.0209073
-0.020821
-0.0131564
-0.00537044
