FiniteElementSpace
FiniteElementCollection: H1_2D_P4
VDim: 1
Ordering: 0

-0.0101649
9.35762e-14
9.35736e-14
7.76165e-35
9.3577e-14
7.76496e-35
9.3577e-14
7.7667e-35
9.35736e-14
7.76496e-35
7.76165e-35
-0.0403263
4.87272e-21
4.87272e-21
-0.0403263
4.87302e-21
4.87451e-21
-0.0403267
4.87525e-21
4.87533e-21
-0.0403267
4.87451e-21
4.87302e-21
-0.0403263
4.87272e-21
4.87272e-21
-0.0659842
-0.0659846
-0.0659857
-0.0659844
-0.0659842
-0.0110394
-0.0554867
-0.0554868
-0.0110394
-0.0554865
-0.0554871
-0.0110394
-0.0554873
-0.0554874
-0.0110394
-0.0554871
-0.0554864
-0.0110394
-0.0554868
-0.0554867
-0.0800102
1.39243e-16
-0.166654
4.0102e-27
4.01022e-27
-0.166654
1.39242e-16
-0.0800105
1.39245e-16
-0.166654
4.01112e-27
4.01183e-27
-0.166654
1.39265e-16
-0.0800102
1.39274e-16
-0.166655
4.01258e-27
4.0126e-27
-0.166655
1.39276e-16
-0.0800102
1.39265e-16
-0.166654
4.01183e-27
4.01112e-27
-0.166654
1.39245e-16
-0.0800105
1.39242e-16
-0.166654
4.01022e-27
4.0102e-27
-0.166654
1.39243e-16
-0.0133251
-0.0133252
-0.0133252
-0.0133251
-0.0133251
-0.095492
-0.0596352
-0.0954922
-0.0954923
-0.0596398
-0.0954915
-0.0954911
-0.0596461
-0.0954911
-0.0954915
-0.0596401
-0.0954923
-0.0954922
-0.0596352
-0.095492
-0.0103274
-0.0117074
-0.0117074
-0.0103274
-0.0155901
-0.0510846
-0.0217168
-0.0554903
-0.0554904
-0.0217168
-0.0510847
-0.0155901
-0.0117074
-0.0117074
-0.0103274
-0.0510845
-0.0217168
-0.0554903
-0.0554908
-0.0217169
-0.051085
-0.0155901
-0.0117074
-0.0117074
-0.0103274
-0.0510851
-0.0217169
-0.0554912
-0.0554913
-0.021717
-0.0510852
-0.0155901
-0.0117074
-0.0117074
-0.0103274
-0.051085
-0.0217169
-0.0554907
-0.05549
-0.0217167
-0.0510845
-0.0155901
-0.0117074
-0.0117074
-0.0510847
-0.0217168
-0.0554904
-0.0554903
-0.0217168
-0.0510846
-0.0887393
-0.0733185
-0.105056
-0.0103328
5.76828e-15
-0.0366567
1.31628e-18
-0.150067
-0.138156
-0.108928
-0.145161
-0.145161
-0.108928
7.06389e-24
0.0223344
8.91529e-31
8.91533e-31
0.0223344
7.06393e-24
-0.150067
-0.105057
-0.0733188
-0.0887394
-0.138156
1.31628e-18
-0.0366568
5.76819e-15
-0.0103329
-0.0733189
-0.105056
5.76822e-15
-0.0366568
1.31633e-18
-0.150068
-0.138156
-0.108928
-0.145163
-0.145164
-0.108929
7.0649e-24
0.0223314
8.91819e-31
8.91903e-31
0.0223298
7.06665e-24
-0.150067
-0.105057
-0.0733185
-0.0887399
-0.138155
1.31662e-18
-0.0366552
5.76872e-15
-0.0103322
-0.0733183
-0.105057
5.76887e-15
-0.0366545
1.31675e-18
-0.150067
-0.138155
-0.10893
-0.145167
-0.145167
-0.10893
7.06784e-24
0.0223262
8.92086e-31
8.92087e-31
0.022326
7.06791e-24
-0.150067
-0.105057
-0.0733183
-0.08874
-0.138155
1.31678e-18
-0.0366543
5.76892e-15
-0.0103322
-0.0733185
-0.105057
5.76872e-15
-0.0366552
1.31662e-18
-0.150067
-0.138155
-0.108929
-0.145164
-0.145163
-0.108928
7.06665e-24
0.0223297
8.91903e-31
8.91819e-31
0.0223313
7.0649e-24
-0.150068
-0.105056
-0.073319
-0.0887394
-0.138156
1.31633e-18
-0.0366568
5.76822e-15
-0.0103329
-0.0733188
-0.105057
5.76819e-15
-0.0366568
1.31628e-18
-0.150067
-0.138156
-0.108928
-0.145161
-0.145161
-0.108928
7.06393e-24
0.0223344
8.91533e-31
8.91529e-31
0.0223344
7.06389e-24
-0.150067
-0.105056
-0.0733185
-0.138156
1.31628e-18
-0.0366567
5.76828e-15
-0.010609
-0.0189166
-0.0280822
-0.0189166
-0.010609
-0.0189165
-0.0280823
-0.0189167
-0.010609
-0.0189167
-0.0280826
-0.0189167
-0.010609
-0.0189167
-0.0280823
-0.0189165
-0.010609
-0.0189166
-0.0280822
-0.0189166
-0.0974057
-0.00717931
-0.103559
-0.109149
-0.12439
-0.0935171
0.0537645
-0.0935172
-0.0974059
-0.109149
-0.103559
-0.00717941
-0.0974059
-0.00717949
-0.103559
-0.109149
-0.124391
-0.0935195
0.0537638
-0.093522
-0.0974063
-0.10915
-0.103556
-0.00717878
-0.0974063
-0.00717859
-0.103555
-0.10915
-0.124393
-0.093525
0.0537626
-0.0935251
-0.0974064
-0.10915
-0.103555
-0.0071785
-0.0974063
-0.00717877
-0.103556
-0.109149
-0.124391
-0.0935222
0.0537638
-0.0935197
-0.0974058
-0.109149
-0.103559
-0.0071795
-0.0974059
-0.00717941
-0.103559
-0.109149
-0.12439
-0.0935172
0.0537645
-0.0935171
-0.0974057
-0.109149
-0.103559
-0.00717931
-0.0101765
-0.0102089
-0.0102782
-0.0103489
-0.0104199
-0.0105311
-0.0103489
-0.0104199
-0.0105311
-0.0101765
-0.0102089
-0.0102782
-0.0108302
-0.0105636
-0.0103928
-0.0111205
-0.0113145
-0.0115586
-0.0113657
-0.0109542
-0.0107013
-0.0128767
-0.0122844
-0.0118793
-0.0128767
-0.0122844
-0.0118793
-0.0113657
-0.0109542
-0.0107013
-0.0111204
-0.0113145
-0.0115586
-0.0108302
-0.0105636
-0.0103928
-0.0113298
-0.0122496
-0.0140475
-0.0161558
-0.0172631
-0.0183631
-0.0121872
-0.0136992
-0.0165641
-0.0335927
-0.0238575
-0.017707
-0.0425313
-0.046369
-0.0496322
-0.0430425
-0.0305964
-0.0220463
-0.0552009
-0.0541379
-0.0523356
-0.0472134
-0.0342675
-0.0251387
-0.0212361
-0.0203663
-0.0194423
-0.0139352
-0.0157709
-0.0190788
-0.0222586
-0.0236841
-0.0261224
-0.0222586
-0.0236841
-0.0261224
-0.0139352
-0.0157709
-0.0190788
-0.0556037
-0.0555164
-0.0553798
-0.0483835
-0.0377857
-0.0306672
-0.0622997
-0.0578444
-0.0558681
-0.0622998
-0.0578445
-0.0558682
-0.0483836
-0.0377857
-0.0306672
-0.0556038
-0.0555165
-0.0553799
-0.0472134
-0.0342675
-0.0251387
-0.0121872
-0.0136992
-0.0165641
-0.0161558
-0.0172631
-0.0183631
-0.0113298
-0.0122496
-0.0140475
-0.0212361
-0.0203663
-0.0194423
-0.055201
-0.054138
-0.0523357
-0.0430425
-0.0305964
-0.0220462
-0.0425313
-0.046369
-0.0496323
-0.0335927
-0.0238575
-0.017707
-0.0103489
-0.0104199
-0.0105311
-0.0103489
-0.0104199
-0.0105311
-0.0101765
-0.0102089
-0.0102782
-0.0111204
-0.0113145
-0.0115586
-0.0113657
-0.0109542
-0.0107013
-0.0128767
-0.0122844
-0.0118793
-0.0128767
-0.0122844
-0.0118793
-0.0113657
-0.0109542
-0.0107013
-0.0111205
-0.0113145
-0.0115586
-0.0108302
-0.0105636
-0.0103928
-0.0161558
-0.0172631
-0.0183631
-0.0121872
-0.0136992
-0.0165641
-0.0425313
-0.046369
-0.0496321
-0.0430424
-0.0305963
-0.0220462
-0.0552008
-0.0541378
-0.0523355
-0.0472132
-0.0342674
-0.0251387
-0.0212361
-0.0203662
-0.0194423
-0.0139352
-0.0157709
-0.0190788
-0.0222586
-0.0236841
-0.0261225
-0.0222587
-0.0236843
-0.0261225
-0.0139352
-0.015771
-0.0190789
-0.0556035
-0.0555163
-0.0553798
-0.0483835
-0.0377857
-0.0306673
-0.0623
-0.0578446
-0.0558681
-0.0623002
-0.0578449
-0.0558686
-0.0483839
-0.037786
-0.0306674
-0.0556041
-0.0555169
-0.0553803
-0.0472138
-0.0342678
-0.0251389
-0.0121872
-0.0136992
-0.0165642
-0.0161559
-0.0172632
-0.0183632
-0.0113298
-0.0122497
-0.0140476
-0.0212362
-0.0203664
-0.0194424
-0.0552013
-0.0541383
-0.052336
-0.0430428
-0.0305966
-0.0220464
-0.0425316
-0.0463694
-0.0496326
-0.033593
-0.0238577
-0.0177071
-0.0103489
-0.0104199
-0.0105311
-0.0103489
-0.0104199
-0.0105311
-0.0101765
-0.0102089
-0.0102782
-0.0111205
-0.0113145
-0.0115586
-0.0113657
-0.0109542
-0.0107013
-0.0128767
-0.0122844
-0.0118793
-0.0128767
-0.0122844
-0.0118793
-0.0113657
-0.0109542
-0.0107013
-0.0111205
-0.0113145
-0.0115586
-0.0108302
-0.0105636
-0.0103928
-0.0161559
-0.0172632
-0.0183632
-0.0121872
-0.0136992
-0.0165642
-0.0425316
-0.0463694
-0.0496327
-0.0430428
-0.0305967
-0.0220464
-0.0552015
-0.0541384
-0.0523361
-0.0472139
-0.0342679
-0.025139
-0.0212363
-0.0203664
-0.0194424
-0.0139352
-0.015771
-0.0190789
-0.0222588
-0.0236843
-0.0261227
-0.0222588
-0.0236844
-0.0261227
-0.0139352
-0.015771
-0.019079
-0.0556043
-0.0555171
-0.0553806
-0.0483842
-0.0377862
-0.0306676
-0.0623011
-0.0578455
-0.0558691
-0.0623011
-0.0578456
-0.0558692
-0.0483843
-0.0377863
-0.0306676
-0.0556044
-0.0555172
-0.0553808
-0.047214
-0.0342679
-0.025139
-0.0121872
-0.0136992
-0.0165642
-0.0161559
-0.0172632
-0.0183632
-0.0113298
-0.0122497
-0.0140476
-0.0212363
-0.0203664
-0.0194424
-0.0552016
-0.0541385
-0.0523362
-0.0430429
-0.0305967
-0.0220464
-0.0425317
-0.0463695
-0.0496327
-0.033593
-0.0238577
-0.0177071
-0.0103489
-0.0104199
-0.0105311
-0.0103489
-0.0104199
-0.0105311
-0.0101765
-0.0102089
-0.0102782
-0.0111205
-0.0113145
-0.0115586
-0.0113657
-0.0109542
-0.0107013
-0.0128767
-0.0122844
-0.0118793
-0.0128767
-0.0122844
-0.0118793
-0.0113657
-0.0109542
-0.0107013
-0.0111204
-0.0113145
-0.0115586
-0.0108302
-0.0105636
-0.0103928
-0.0161559
-0.0172632
-0.0183632
-0.0121872
-0.0136992
-0.0165642
-0.0425317
-0.0463694
-0.0496326
-0.0430428
-0.0305966
-0.0220464
-0.0552013
-0.0541383
-0.052336
-0.0472137
-0.0342678
-0.0251389
-0.0212362
-0.0203664
-0.0194424
-0.0139352
-0.015771
-0.0190789
-0.0222587
-0.0236842
-0.0261225
-0.0222585
-0.0236841
-0.0261224
-0.0139352
-0.0157709
-0.0190788
-0.0556041
-0.0555168
-0.0553803
-0.0483838
-0.0377859
-0.0306673
-0.0623
-0.0578448
-0.0558685
-0.0622998
-0.0578443
-0.0558679
-0.0483833
-0.0377856
-0.0306672
-0.0556034
-0.0555161
-0.0553795
-0.0472131
-0.0342673
-0.0251386
-0.0121872
-0.0136992
-0.016564
-0.0161558
-0.0172631
-0.0183631
-0.0113298
-0.0122496
-0.0140475
-0.021236
-0.0203662
-0.0194422
-0.0552006
-0.0541376
-0.0523354
-0.0430423
-0.0305963
-0.0220462
-0.0425312
-0.0463689
-0.0496321
-0.0335927
-0.0238575
-0.017707
-0.0103489
-0.0104199
-0.0105311
-0.0103489
-0.0104199
-0.0105311
-0.0111204
-0.0113145
-0.0115586
-0.0113657
-0.0109542
-0.0107013
-0.0128767
-0.0122844
-0.0118793
-0.0128767
-0.0122844
-0.0118793
-0.0113657
-0.0109542
-0.0107013
-0.0111205
-0.0113145
-0.0115586
-0.0161558
-0.0172631
-0.0183631
-0.0121872
-0.0136992
-0.0165641
-0.0425313
-0.046369
-0.0496323
-0.0430425
-0.0305964
-0.0220462
-0.055201
-0.054138
-0.0523357
-0.0472134
-0.0342675
-0.0251387
-0.0212361
-0.0203663
-0.0194423
-0.0139352
-0.0157709
-0.0190788
-0.0222586
-0.0236841
-0.0261224
-0.0222586
-0.0236841
-0.0261224
-0.0139352
-0.0157709
-0.0190788
-0.0556038
-0.0555165
-0.0553799
-0.0483836
-0.0377857
-0.0306672
-0.0622998
-0.0578445
-0.0558682
-0.0622997
-0.0578444
-0.0558681
-0.0483835
-0.0377857
-0.0306672
-0.0556037
-0.0555164
-0.0553798
-0.0472134
-0.0342675
-0.0251387
-0.0121872
-0.0136992
-0.0165641
-0.0161558
-0.0172631
-0.0183631
-0.0212361
-0.0203663
-0.0194423
-0.0552009
-0.0541379
-0.0523356
-0.0430425
-0.0305964
-0.0220463
-0.0425313
-0.046369
-0.0496322
-0.0481006
-0.0647893
-0.0814217
-0.0906041
-0.0935628
-0.0961116
-0.0598889
-0.0772021
-0.0920588
-0.0887463
-0.0970898
-0.0941494
-0.077171
-0.0735029
-0.0725685
-0.0839917
-0.097528
-0.100267
-0.0895892
-0.0806529
-0.0749714
-0.103119
-0.111118
-0.109532
-0.103779
-0.101237
-0.0987091
-0.0645027
-0.0823958
-0.098536
-0.0689334
-0.0444093
-0.0206114
-0.00790885
-0.00554062
-0.00583315
-0.0610841
-0.0366955
-0.0155231
0.00387211
0.00528067
-0.00236291
6.18433e-14
2.61216e-14
9.97893e-15
0.00187529
0.00350155
-0.00122518
2.83215e-16
1.00764e-15
3.24242e-15
-0.00636793
-0.0167585
-0.0287111
-0.0285024
-0.0167294
-0.00944205
-0.0861162
-0.0657914
-0.0458386
-0.0461072
-0.0671656
-0.0908588
-0.136759
-0.128733
-0.114006
-0.102092
-0.115995
-0.130633
6.65722e-17
1.52214e-17
3.14772e-18
-0.0233989
-0.0615384
-0.0911242
1.37e-20
9.00439e-20
5.35258e-19
-0.0311684
-0.0872164
-0.132433
-0.147843
-0.135591
-0.11576
-0.172349
-0.174793
-0.162971
-0.164469
-0.156711
-0.14524
-0.10623
-0.108005
-0.108979
-0.0635733
-0.0810253
-0.0996689
-0.137509
-0.130801
-0.117838
-0.158768
-0.140023
-0.119471
-0.108562
-0.108703
-0.109101
-0.0707312
-0.0828739
-0.0990499
-0.109832
-0.113451
-0.119942
-0.109832
-0.113451
-0.119942
-0.0707312
-0.082874
-0.09905
-0.167323
-0.163904
-0.153597
-0.144527
-0.138445
-0.129287
-0.0775678
-0.109013
-0.134596
-0.0775678
-0.109013
-0.134596
-0.144527
-0.138445
-0.129287
-0.167323
-0.163904
-0.153597
-0.158768
-0.140023
-0.119471
-0.14885
-0.136425
-0.111166
-0.143307
-0.131671
-0.109096
1.68532e-21
2.08594e-22
2.33506e-23
-0.0123711
-0.0423532
-0.0762675
1.55856e-26
1.89234e-25
2.07802e-24
0.0106567
0.0246056
0.0267197
0.00500687
-0.0334006
-0.0737102
-0.0415893
-0.0098405
0.014248
0.0366555
0.0537881
0.0570992
0.0366554
0.0537881
0.0570992
-0.0415893
-0.00984051
0.014248
1.00338e-27
6.72271e-29
4.07378e-30
0.0101847
0.0303542
0.04757
4.16985e-34
9.35274e-33
1.89729e-31
4.16986e-34
9.35276e-33
1.8973e-31
0.0101847
0.0303542
0.04757
1.00339e-27
6.72275e-29
4.0738e-30
0.0106567
0.0246056
0.0267197
-0.143307
-0.131671
-0.109097
-0.14885
-0.136425
-0.111166
-0.172349
-0.174793
-0.162971
0.00500684
-0.0334007
-0.0737102
1.55857e-26
1.89235e-25
2.07803e-24
-0.0123711
-0.0423533
-0.0762675
1.68532e-21
2.08594e-22
2.33507e-23
-0.0311684
-0.0872164
-0.132433
-0.0598889
-0.0772022
-0.092059
-0.0906043
-0.093563
-0.0961118
-0.0481006
-0.0647893
-0.0814218
-0.0645028
-0.0823959
-0.0985361
-0.103779
-0.101237
-0.0987092
-0.103119
-0.111118
-0.109532
-0.0895894
-0.0806532
-0.0749717
-0.0839919
-0.0975282
-0.100268
-0.0771713
-0.0735031
-0.0725688
-0.0887466
-0.09709
-0.0941495
-0.0635734
-0.0810255
-0.0996691
-0.10623
-0.108005
-0.10898
-0.108563
-0.108703
-0.109102
-0.16447
-0.156711
-0.14524
-0.137509
-0.130802
-0.117839
-0.102092
-0.115995
-0.130633
-0.136759
-0.128733
-0.114006
-0.0461074
-0.0671658
-0.0908589
-0.0861165
-0.0657916
-0.0458388
-0.147843
-0.135592
-0.11576
1.37e-20
9.00439e-20
5.35258e-19
-0.023399
-0.0615385
-0.0911244
6.65718e-17
1.52214e-17
3.14771e-18
-0.00636796
-0.0167586
-0.0287112
-0.0610844
-0.0366957
-0.0155233
-0.00790895
-0.00554071
-0.00583324
-0.0689337
-0.0444095
-0.0206115
-0.0285026
-0.0167295
-0.00944216
2.83213e-16
1.00763e-15
3.24237e-15
0.00187528
0.00350151
-0.00122525
6.18417e-14
2.61211e-14
9.97875e-15
0.0038721
0.00528063
-0.00236298
-0.0906043
-0.0935629
-0.0961117
-0.0598888
-0.077202
-0.0920589
-0.0771713
-0.0735032
-0.0725689
-0.083992
-0.0975283
-0.100268
-0.0895895
-0.0806533
-0.0749718
-0.103119
-0.111118
-0.109532
-0.103779
-0.101237
-0.0987092
-0.0645025
-0.0823957
-0.0985359
-0.00790897
-0.00554077
-0.00583332
-0.0610845
-0.0366959
-0.0155234
6.18418e-14
2.61211e-14
9.97879e-15
0.00187528
0.00350149
-0.0012253
2.83217e-16
1.00764e-15
3.2424e-15
-0.00636792
-0.0167585
-0.0287112
-0.0285026
-0.0167296
-0.00944223
-0.0861166
-0.0657916
-0.0458388
-0.0461073
-0.0671656
-0.0908586
-0.136759
-0.128733
-0.114006
-0.102092
-0.115995
-0.130633
6.65731e-17
1.52218e-17
3.14781e-18
-0.0233989
-0.0615383
-0.0911241
1.37008e-20
9.00482e-20
5.35279e-19
-0.0311685
-0.0872166
-0.132433
-0.147843
-0.135591
-0.11576
-0.172349
-0.174793
-0.162972
-0.16447
-0.156711
-0.14524
-0.10623
-0.108005
-0.108979
-0.0635732
-0.0810253
-0.0996689
-0.137509
-0.130802
-0.117838
-0.158768
-0.140023
-0.119471
-0.108563
-0.108703
-0.109101
-0.0707315
-0.0828742
-0.0990502
-0.109833
-0.113451
-0.119942
-0.109833
-0.113451
-0.119943
-0.0707317
-0.0828745
-0.0990507
-0.167323
-0.163904
-0.153598
-0.144528
-0.138446
-0.129288
-0.0775719
-0.109016
-0.134598
-0.0775723
-0.109017
-0.134599
-0.144529
-0.138447
-0.129288
-0.167323
-0.163905
-0.153599
-0.158768
-0.140023
-0.119471
-0.14885
-0.136426
-0.111168
-0.143309
-0.131673
-0.109099
1.68544e-21
2.08615e-22
2.33536e-23
-0.0123718
-0.042355
-0.0762698
1.5589e-26
1.89269e-25
2.07835e-24
0.0106562
0.0246043
0.0267172
0.00500365
-0.0334038
-0.0737129
-0.041594
-0.00984481
0.0142445
0.0366527
0.0537861
0.0570981
0.0366515
0.0537855
0.057098
-0.0415944
-0.00984598
0.0142429
1.00363e-27
6.72458e-29
4.07504e-30
0.0101848
0.0303544
0.0475698
4.17156e-34
9.35625e-33
1.89794e-31
4.17163e-34
9.3567e-33
1.89809e-31
0.0101848
0.0303543
0.0475697
1.0038e-27
6.7255e-29
4.07549e-30
0.0106559
0.0246032
0.0267157
-0.14331
-0.131675
-0.109101
-0.14885
-0.136427
-0.11117
-0.172349
-0.174793
-0.162971
0.00500164
-0.0334064
-0.0737156
1.55919e-26
1.89309e-25
2.07884e-24
-0.0123726
-0.0423568
-0.0762722
1.68595e-21
2.08673e-22
2.33597e-23
-0.0311687
-0.0872167
-0.132433
-0.0598893
-0.0772026
-0.0920594
-0.0906048
-0.0935634
-0.0961122
-0.048101
-0.0647899
-0.0814223
-0.0645032
-0.0823964
-0.0985365
-0.103779
-0.101237
-0.0987096
-0.103119
-0.111118
-0.109532
-0.0895888
-0.0806527
-0.0749713
-0.0839918
-0.0975283
-0.100268
-0.077171
-0.0735029
-0.0725685
-0.0887465
-0.0970902
-0.09415
-0.0635739
-0.081026
-0.0996696
-0.10623
-0.108006
-0.10898
-0.108563
-0.108704
-0.109102
-0.164469
-0.156711
-0.145239
-0.137508
-0.130802
-0.117839
-0.102091
-0.115994
-0.130632
-0.136758
-0.128731
-0.114003
-0.0461055
-0.0671634
-0.0908562
-0.0861156
-0.0657903
-0.0458372
-0.147842
-0.135589
-0.115757
1.37048e-20
9.00719e-20
5.35405e-19
-0.0233981
-0.0615364
-0.0911216
6.65837e-17
1.52246e-17
3.14846e-18
-0.00636742
-0.0167573
-0.0287096
-0.0610839
-0.0366951
-0.0155226
-0.00790834
-0.00554017
-0.00583267
-0.0689332
-0.0444089
-0.0206108
-0.0285012
-0.0167285
-0.00944144
2.83255e-16
1.00775e-15
3.24271e-15
0.00187546
0.00350194
-0.00122466
6.18445e-14
2.61227e-14
9.97956e-15
0.00387226
0.00528104
-0.00236237
-0.0906048
-0.0935634
-0.0961122
-0.0598894
-0.0772027
-0.0920594
-0.077171
-0.0735028
-0.0725684
-0.0839916
-0.0975282
-0.100268
-0.0895885
-0.0806524
-0.0749711
-0.103119
-0.111118
-0.109532
-0.103779
-0.101237
-0.0987096
-0.0645034
-0.0823966
-0.0985366
-0.00790832
-0.0055401
-0.00583253
-0.0610838
-0.036695
-0.0155224
6.18448e-14
2.6123e-14
9.97977e-15
0.00187551
0.00350207
-0.00122449
2.83271e-16
1.0078e-15
3.24281e-15
-0.00636721
-0.0167568
-0.0287089
-0.0285006
-0.0167281
-0.00944119
-0.0861151
-0.0657896
-0.0458365
-0.0461046
-0.0671623
-0.090855
-0.136757
-0.12873
-0.114002
-0.102091
-0.115994
-0.130632
6.65882e-17
1.52258e-17
3.14876e-18
-0.0233978
-0.0615356
-0.0911205
1.37067e-20
9.00831e-20
5.35464e-19
-0.0311689
-0.0872168
-0.132433
-0.147842
-0.135588
-0.115756
-0.172349
-0.174793
-0.162971
-0.164469
-0.15671
-0.145239
-0.10623
-0.108006
-0.10898
-0.0635742
-0.0810264
-0.09967
-0.137508
-0.130802
-0.117839
-0.158769
-0.140024
-0.119472
-0.108564
-0.108704
-0.109102
-0.0707327
-0.0828755
-0.0990517
-0.109834
-0.113453
-0.119944
-0.109834
-0.113453
-0.119944
-0.0707328
-0.0828756
-0.0990518
-0.167324
-0.163906
-0.153601
-0.144531
-0.138449
-0.12929
-0.077578
-0.109021
-0.134603
-0.0775781
-0.109021
-0.134603
-0.144531
-0.138449
-0.12929
-0.167324
-0.163906
-0.153602
-0.158769
-0.140024
-0.119472
-0.148851
-0.136429
-0.111172
-0.143313
-0.131678
-0.109104
1.6862e-21
2.08706e-22
2.33635e-23
-0.0123733
-0.0423587
-0.0762749
1.55948e-26
1.89343e-25
2.0792e-24
0.0106554
0.0246016
0.0267128
0.00499784
-0.0334102
-0.073719
-0.0416005
-0.00985139
0.0142386
0.0366482
0.053783
0.0570964
0.0366481
0.053783
0.0570964
-0.0416005
-0.00985148
0.0142385
1.00399e-27
6.72681e-29
4.07631e-30
0.0101848
0.0303541
0.0475689
4.17255e-34
9.35871e-33
1.89848e-31
4.17255e-34
9.35871e-33
1.89848e-31
0.0101848
0.030354
0.0475689
1.00399e-27
6.72683e-29
4.07632e-30
0.0106554
0.0246015
0.0267127
-0.143313
-0.131678
-0.109105
-0.148851
-0.136429
-0.111172
-0.172349
-0.174793
-0.162971
0.0049977
-0.0334103
-0.0737191
1.55949e-26
1.89344e-25
2.07921e-24
-0.0123732
-0.0423587
-0.076275
1.68623e-21
2.08709e-22
2.33638e-23
-0.0311689
-0.0872168
-0.132433
-0.0598895
-0.0772028
-0.0920595
-0.0906048
-0.0935635
-0.0961123
-0.0481011
-0.0647899
-0.0814224
-0.0645035
-0.0823967
-0.0985368
-0.103779
-0.101237
-0.0987097
-0.103119
-0.111118
-0.109532
-0.0895884
-0.0806524
-0.0749711
-0.0839916
-0.0975283
-0.100268
-0.077171
-0.0735028
-0.0725684
-0.0887465
-0.0970903
-0.0941501
-0.0635744
-0.0810266
-0.0996701
-0.10623
-0.108006
-0.10898
-0.108564
-0.108704
-0.109103
-0.164469
-0.15671
-0.145239
-0.137508
-0.130802
-0.117839
-0.102091
-0.115994
-0.130632
-0.136757
-0.12873
-0.114002
-0.0461045
-0.0671622
-0.0908548
-0.086115
-0.0657895
-0.0458364
-0.147842
-0.135588
-0.115756
1.3707e-20
9.00847e-20
5.35473e-19
-0.0233978
-0.0615354
-0.0911203
6.65892e-17
1.5226e-17
3.14881e-18
-0.00636716
-0.0167567
-0.0287088
-0.0610837
-0.0366949
-0.0155224
-0.00790826
-0.00554003
-0.00583245
-0.0689332
-0.0444088
-0.0206107
-0.0285005
-0.016728
-0.00944109
2.83274e-16
1.00781e-15
3.24284e-15
0.00187554
0.00350214
-0.0012244
6.18448e-14
2.61231e-14
9.97984e-15
0.00387227
0.00528108
-0.00236231
-0.0906048
-0.0935635
-0.0961122
-0.0598893
-0.0772026
-0.0920594
-0.077171
-0.0735029
-0.0725685
-0.0839918
-0.0975283
-0.100268
-0.0895888
-0.0806527
-0.0749714
-0.103119
-0.111118
-0.109532
-0.103779
-0.101237
-0.0987096
-0.0645031
-0.0823964
-0.0985365
-0.00790829
-0.00554014
-0.00583266
-0.061084
-0.0366952
-0.0155226
6.18445e-14
2.61227e-14
9.97956e-15
0.00187546
0.00350195
-0.00122465
2.83255e-16
1.00775e-15
3.24271e-15
-0.00636742
-0.0167573
-0.0287096
-0.0285012
-0.0167285
-0.00944143
-0.0861156
-0.0657903
-0.0458372
-0.0461054
-0.0671633
-0.0908561
-0.136758
-0.128731
-0.114003
-0.102091
-0.115994
-0.130632
6.65837e-17
1.52246e-17
3.14846e-18
-0.0233981
-0.0615364
-0.0911216
1.37048e-20
9.00719e-20
5.35405e-19
-0.0311687
-0.0872167
-0.132433
-0.147842
-0.135589
-0.115757
-0.172349
-0.174793
-0.162971
-0.164469
-0.15671
-0.145239
-0.10623
-0.108006
-0.10898
-0.0635738
-0.081026
-0.0996696
-0.137508
-0.130802
-0.117839
-0.158768
-0.140023
-0.119471
-0.108563
-0.108704
-0.109102
-0.0707315
-0.0828743
-0.0990506
-0.109833
-0.113451
-0.119942
-0.109832
-0.113451
-0.119942
-0.0707313
-0.0828739
-0.0990499
-0.167323
-0.163905
-0.153599
-0.144529
-0.138447
-0.129288
-0.0775725
-0.109017
-0.1346
-0.0775721
-0.109016
-0.134598
-0.144528
-0.138446
-0.129288
-0.167323
-0.163904
-0.153598
-0.158768
-0.140023
-0.119471
-0.148851
-0.136427
-0.11117
-0.14331
-0.131675
-0.109102
1.68595e-21
2.08673e-22
2.33597e-23
-0.0123726
-0.0423569
-0.0762724
1.55919e-26
1.89309e-25
2.07884e-24
0.0106559
0.0246032
0.0267156
0.00500152
-0.0334065
-0.0737158
-0.0415947
-0.00984618
0.0142428
0.0366514
0.0537855
0.057098
0.0366527
0.0537861
0.0570982
-0.0415942
-0.00984498
0.0142444
1.0038e-27
6.7255e-29
4.07549e-30
0.0101848
0.0303543
0.0475697
4.17163e-34
9.3567e-33
1.89809e-31
4.17156e-34
9.35625e-33
1.89794e-31
0.0101849
0.0303544
0.0475698
1.00363e-27
6.72458e-29
4.07504e-30
0.0106563
0.0246043
0.0267172
-0.143309
-0.131673
-0.109099
-0.148851
-0.136426
-0.111168
-0.172349
-0.174793
-0.162972
0.00500357
-0.033404
-0.0737131
1.5589e-26
1.89269e-25
2.07835e-24
-0.0123718
-0.0423551
-0.07627
1.68544e-21
2.08615e-22
2.33536e-23
-0.0311686
-0.0872167
-0.132433
-0.0598887
-0.0772019
-0.0920588
-0.0906042
-0.0935629
-0.0961117
-0.0481006
-0.0647893
-0.0814218
-0.0645024
-0.0823956
-0.0985358
-0.103779
-0.101237
-0.0987091
-0.103119
-0.111118
-0.109532
-0.0895896
-0.0806534
-0.0749719
-0.0839921
-0.0975283
-0.100268
-0.0771713
-0.0735032
-0.0725689
-0.0887466
-0.09709
-0.0941495
-0.063573
-0.0810251
-0.0996687
-0.10623
-0.108005
-0.108979
-0.108562
-0.108703
-0.109101
-0.164469
-0.156711
-0.14524
-0.137509
-0.130801
-0.117838
-0.102092
-0.115995
-0.130633
-0.136759
-0.128733
-0.114006
-0.0461073
-0.0671656
-0.0908587
-0.0861166
-0.0657917
-0.0458388
-0.147844
-0.135591
-0.11576
1.37008e-20
9.00482e-20
5.35279e-19
-0.0233989
-0.0615384
-0.0911241
6.65731e-17
1.52218e-17
3.14781e-18
-0.00636792
-0.0167585
-0.0287112
-0.0610846
-0.0366959
-0.0155234
-0.00790898
-0.00554078
-0.00583333
-0.0689337
-0.0444095
-0.0206115
-0.0285026
-0.0167296
-0.00944225
2.83217e-16
1.00764e-15
3.2424e-15
0.00187528
0.00350149
-0.00122531
6.18418e-14
2.61211e-14
9.97879e-15
0.0038721
0.00528063
-0.00236298
-0.0906043
-0.093563
-0.0961118
-0.0598889
-0.0772022
-0.092059
-0.0771713
-0.0735031
-0.0725688
-0.0839919
-0.0975282
-0.100268
-0.0895894
-0.0806532
-0.0749717
-0.103119
-0.111118
-0.109532
-0.103779
-0.101237
-0.0987092
-0.0645028
-0.0823959
-0.0985361
-0.00790895
-0.00554071
-0.00583324
-0.0610844
-0.0366957
-0.0155233
6.18417e-14
2.61211e-14
9.97875e-15
0.00187528
0.00350151
-0.00122525
2.83213e-16
1.00763e-15
3.24237e-15
-0.00636796
-0.0167586
-0.0287112
-0.0285026
-0.0167295
-0.00944216
-0.0861165
-0.0657916
-0.0458388
-0.0461074
-0.0671658
-0.0908589
-0.136759
-0.128733
-0.114006
-0.102092
-0.115995
-0.130633
6.65718e-17
1.52214e-17
3.14771e-18
-0.023399
-0.0615385
-0.0911244
1.37e-20
9.00439e-20
5.35258e-19
-0.0311684
-0.0872164
-0.132433
-0.147843
-0.135592
-0.11576
-0.172349
-0.174793
-0.162971
-0.16447
-0.156711
-0.14524
-0.10623
-0.108005
-0.10898
-0.0635734
-0.0810255
-0.0996691
-0.137509
-0.130802
-0.117839
-0.158768
-0.140023
-0.119471
-0.108563
-0.108703
-0.109102
-0.0707312
-0.082874
-0.09905
-0.109832
-0.113451
-0.119942
-0.109832
-0.113451
-0.119942
-0.0707312
-0.0828739
-0.0990499
-0.167323
-0.163904
-0.153597
-0.144527
-0.138445
-0.129287
-0.0775678
-0.109013
-0.134596
-0.0775678
-0.109013
-0.134596
-0.144527
-0.138445
-0.129287
-0.167323
-0.163904
-0.153597
-0.158768
-0.140023
-0.119471
-0.14885
-0.136425
-0.111166
-0.143307
-0.131671
-0.109097
1.68532e-21
2.08594e-22
2.33507e-23
-0.0123711
-0.0423533
-0.0762675
1.55857e-26
1.89235e-25
2.07803e-24
0.0106567
0.0246056
0.0267197
0.00500684
-0.0334007
-0.0737102
-0.0415893
-0.00984051
0.014248
0.0366554
0.0537881
0.0570992
0.0366555
0.0537881
0.0570992
-0.0415893
-0.0098405
0.014248
1.00339e-27
6.72275e-29
4.0738e-30
0.0101847
0.0303542
0.04757
4.16986e-34
9.35276e-33
1.8973e-31
4.16985e-34
9.35274e-33
1.89729e-31
0.0101847
0.0303542
0.04757
1.00338e-27
6.72271e-29
4.07378e-30
0.0106567
0.0246056
0.0267197
-0.143307
-0.131671
-0.109096
-0.14885
-0.136425
-0.111166
-0.172349
-0.174793
-0.162971
0.00500687
-0.0334006
-0.0737102
1.55856e-26
1.89234e-25
2.07802e-24
-0.0123711
-0.0423532
-0.0762675
1.68532e-21
2.08594e-22
2.33506e-23
-0.0311684
-0.0872164
-0.132433
-0.0598889
-0.0772021
-0.0920588
-0.0906041
-0.0935628
-0.0961116
-0.0645027
-0.0823958
-0.098536
-0.103779
-0.101237
-0.0987091
-0.103119
-0.111118
-0.109532
-0.0895892
-0.0806529
-0.0749714
-0.0839917
-0.097528
-0.100267
-0.077171
-0.0735029
-0.0725685
-0.0635733
-0.0810253
-0.0996689
-0.10623
-0.108005
-0.108979
-0.108562
-0.108703
-0.109101
-0.164469
-0.156711
-0.14524
-0.137509
-0.130801
-0.117838
-0.102092
-0.115995
-0.130633
-0.136759
-0.128733
-0.114006
-0.0461072
-0.0671656
-0.0908588
-0.0861162
-0.0657914
-0.0458386
-0.147843
-0.135591
-0.11576
1.37e-20
9.00439e-20
5.35258e-19
-0.0233989
-0.0615384
-0.0911242
6.65722e-17
1.52214e-17
3.14772e-18
-0.00636793
-0.0167585
-0.0287111
-0.0610841
-0.0366955
-0.0155231
-0.00790885
-0.00554062
-0.00583315
-0.0285024
-0.0167294
-0.00944205
2.83215e-16
1.00764e-15
3.24242e-15
0.00187529
0.00350155
-0.00122518
6.18433e-14
2.61216e-14
9.97893e-15
-0.010183
-0.0102202
-0.0102951
-0.0102202
-0.010269
-0.0103567
-0.0102951
-0.0103567
-0.0104593
-0.0104184
-0.0105994
-0.0108907
-0.0104967
-0.0107051
-0.0110408
-0.0106186
-0.0108554
-0.0112423
-0.0108043
-0.0110742
-0.0115165
-0.0110742
-0.0113844
-0.0118814
-0.0115165
-0.0118814
-0.0124363
-0.0104184
-0.0104967
-0.0106186
-0.0105994
-0.010705
-0.0108554
-0.0108907
-0.0110408
-0.0112423
-0.0114432
-0.0124651
-0.0144595
-0.0116974
-0.012919
-0.0152834
-0.0120063
-0.0134207
-0.0161281
-0.0184751
-0.0251296
-0.0354758
-0.0199458
-0.0274688
-0.0388216
-0.0213564
-0.0295983
-0.0417284
-0.0226888
-0.031488
-0.044186
-0.0237621
-0.0328703
-0.045859
-0.0246792
-0.033866
-0.0468964
-0.0123875
-0.0139845
-0.0169915
-0.0128422
-0.0145748
-0.0177813
-0.0134703
-0.0152878
-0.0185916
-0.0145555
-0.0163883
-0.0196586
-0.0163883
-0.018152
-0.0212403
-0.0196586
-0.0212403
-0.023959
-0.0256332
-0.0346246
-0.0474057
-0.0268682
-0.0353724
-0.0475884
-0.0289619
-0.0366566
-0.0479261
-0.0329618
-0.0393904
-0.0491931
-0.0393904
-0.04424
-0.0521806
-0.0491931
-0.0521806
-0.0578974
-0.0256332
-0.0268683
-0.0289619
-0.0346246
-0.0353725
-0.0366566
-0.0474057
-0.0475885
-0.0479262
-0.0114432
-0.0116974
-0.0120063
-0.0124651
-0.012919
-0.0134207
-0.0144595
-0.0152834
-0.016128
-0.0123875
-0.0128422
-0.0134703
-0.0139845
-0.0145748
-0.0152878
-0.0169915
-0.0177813
-0.0185916
-0.0226888
-0.0237621
-0.0246792
-0.031488
-0.0328703
-0.033866
-0.044186
-0.045859
-0.0468964
-0.0184751
-0.0199458
-0.0213564
-0.0251296
-0.0274687
-0.0295983
-0.0354758
-0.0388216
-0.0417284
-0.010183
-0.0102202
-0.0102951
-0.0102202
-0.010269
-0.0103567
-0.0102951
-0.0103567
-0.0104593
-0.0104184
-0.0105994
-0.0108907
-0.0104967
-0.0107051
-0.0110408
-0.0106186
-0.0108554
-0.0112423
-0.0108043
-0.0110742
-0.0115165
-0.0110742
-0.0113844
-0.0118814
-0.0115165
-0.0118814
-0.0124363
-0.0104184
-0.0104967
-0.0106186
-0.0105994
-0.0107051
-0.0108554
-0.0108907
-0.0110408
-0.0112423
-0.0114432
-0.0124651
-0.0144595
-0.0116974
-0.012919
-0.0152833
-0.0120063
-0.0134207
-0.016128
-0.0184751
-0.0251296
-0.0354758
-0.0199458
-0.0274687
-0.0388215
-0.0213563
-0.0295982
-0.0417283
-0.0226888
-0.031488
-0.0441859
-0.0237621
-0.0328702
-0.0458589
-0.0246791
-0.0338659
-0.0468963
-0.0123875
-0.0139845
-0.0169915
-0.0128422
-0.0145748
-0.0177813
-0.0134703
-0.0152878
-0.0185916
-0.0145555
-0.0163883
-0.0196586
-0.0163883
-0.0181521
-0.0212403
-0.0196587
-0.0212404
-0.0239591
-0.0256331
-0.0346245
-0.0474055
-0.0268683
-0.0353724
-0.0475883
-0.028962
-0.0366566
-0.0479261
-0.032962
-0.0393905
-0.0491931
-0.0393907
-0.0442403
-0.0521808
-0.0491935
-0.052181
-0.0578977
-0.0256333
-0.0268684
-0.0289621
-0.0346249
-0.0353727
-0.0366569
-0.0474061
-0.0475888
-0.0479266
-0.0114432
-0.0116974
-0.0120064
-0.0124651
-0.012919
-0.0134207
-0.0144595
-0.0152834
-0.0161281
-0.0123875
-0.0128422
-0.0134703
-0.0139845
-0.0145748
-0.0152879
-0.0169916
-0.0177814
-0.0185917
-0.022689
-0.0237623
-0.0246793
-0.0314883
-0.0328705
-0.0338663
-0.0441863
-0.0458593
-0.0468968
-0.0184752
-0.0199459
-0.0213565
-0.0251298
-0.0274689
-0.0295985
-0.0354761
-0.0388219
-0.0417287
-0.010183
-0.0102202
-0.0102951
-0.0102202
-0.010269
-0.0103567
-0.0102951
-0.0103567
-0.0104593
-0.0104184
-0.0105994
-0.0108907
-0.0104967
-0.0107051
-0.0110408
-0.0106186
-0.0108554
-0.0112423
-0.0108043
-0.0110742
-0.0115165
-0.0110742
-0.0113844
-0.0118814
-0.0115165
-0.0118814
-0.0124363
-0.0104184
-0.0104967
-0.0106186
-0.0105994
-0.0107051
-0.0108554
-0.0108907
-0.0110408
-0.0112423
-0.0114432
-0.0124651
-0.0144595
-0.0116974
-0.012919
-0.0152834
-0.0120063
-0.0134207
-0.0161281
-0.0184752
-0.0251298
-0.0354761
-0.019946
-0.027469
-0.0388219
-0.0213565
-0.0295985
-0.0417288
-0.022689
-0.0314883
-0.0441864
-0.0237623
-0.0328706
-0.0458594
-0.0246794
-0.0338663
-0.0468969
-0.0123875
-0.0139845
-0.0169916
-0.0128422
-0.0145748
-0.0177814
-0.0134703
-0.0152879
-0.0185917
-0.0145556
-0.0163884
-0.0196588
-0.0163884
-0.0181522
-0.0212405
-0.0196588
-0.0212405
-0.0239593
-0.0256334
-0.0346249
-0.0474062
-0.0268685
-0.0353729
-0.047589
-0.0289623
-0.0366571
-0.0479268
-0.0329623
-0.039391
-0.0491939
-0.0393911
-0.0442408
-0.0521816
-0.049194
-0.0521816
-0.0578986
-0.0256334
-0.0268686
-0.0289623
-0.034625
-0.0353729
-0.0366571
-0.0474063
-0.0475891
-0.0479269
-0.0114432
-0.0116974
-0.0120063
-0.0124651
-0.012919
-0.0134207
-0.0144595
-0.0152834
-0.0161281
-0.0123875
-0.0128422
-0.0134703
-0.0139845
-0.0145748
-0.0152879
-0.0169916
-0.0177814
-0.0185917
-0.022689
-0.0237623
-0.0246794
-0.0314883
-0.0328706
-0.0338664
-0.0441865
-0.0458595
-0.046897
-0.0184752
-0.019946
-0.0213565
-0.0251298
-0.027469
-0.0295986
-0.0354761
-0.038822
-0.0417288
-0.010183
-0.0102202
-0.0102951
-0.0102202
-0.010269
-0.0103567
-0.0102951
-0.0103567
-0.0104593
-0.0104184
-0.0105994
-0.0108907
-0.0104967
-0.0107051
-0.0110408
-0.0106186
-0.0108554
-0.0112423
-0.0108043
-0.0110742
-0.0115165
-0.0110742
-0.0113844
-0.0118814
-0.0115165
-0.0118814
-0.0124363
-0.0104184
-0.0104967
-0.0106186
-0.0105994
-0.0107051
-0.0108554
-0.0108907
-0.0110408
-0.0112423
-0.0114432
-0.0124651
-0.0144595
-0.0116974
-0.012919
-0.0152834
-0.0120064
-0.0134207
-0.0161281
-0.0184752
-0.0251298
-0.0354761
-0.019946
-0.0274689
-0.0388219
-0.0213565
-0.0295985
-0.0417287
-0.022689
-0.0314883
-0.0441863
-0.0237623
-0.0328705
-0.0458593
-0.0246793
-0.0338662
-0.0468967
-0.0123875
-0.0139845
-0.0169916
-0.0128422
-0.0145748
-0.0177814
-0.0134703
-0.0152879
-0.0185917
-0.0145555
-0.0163883
-0.0196587
-0.0163883
-0.0181521
-0.0212404
-0.0196586
-0.0212403
-0.0239591
-0.0256333
-0.0346248
-0.047406
-0.0268684
-0.0353727
-0.0475887
-0.028962
-0.0366568
-0.0479265
-0.0329619
-0.0393906
-0.0491934
-0.0393904
-0.0442401
-0.0521808
-0.0491929
-0.0521806
-0.0578975
-0.0256331
-0.0268682
-0.0289619
-0.0346244
-0.0353723
-0.0366565
-0.0474054
-0.0475881
-0.0479259
-0.0114432
-0.0116974
-0.0120063
-0.0124651
-0.012919
-0.0134206
-0.0144595
-0.0152833
-0.016128
-0.0123875
-0.0128422
-0.0134703
-0.0139845
-0.0145748
-0.0152878
-0.0169915
-0.0177813
-0.0185916
-0.0226887
-0.023762
-0.024679
-0.0314879
-0.0328701
-0.0338658
-0.0441858
-0.0458588
-0.0468961
-0.0184751
-0.0199458
-0.0213563
-0.0251296
-0.0274687
-0.0295982
-0.0354758
-0.0388215
-0.0417283
-0.010183
-0.0102202
-0.0102951
-0.0102202
-0.010269
-0.0103567
-0.0102951
-0.0103567
-0.0104593
-0.0104184
-0.0105994
-0.0108907
-0.0104967
-0.010705
-0.0110408
-0.0106186
-0.0108554
-0.0112423
-0.0108043
-0.0110742
-0.0115165
-0.0110742
-0.0113844
-0.0118814
-0.0115165
-0.0118814
-0.0124363
-0.0104184
-0.0104967
-0.0106186
-0.0105994
-0.0107051
-0.0108554
-0.0108907
-0.0110408
-0.0112423
-0.0114432
-0.0124651
-0.0144595
-0.0116974
-0.012919
-0.0152834
-0.0120063
-0.0134207
-0.016128
-0.0184751
-0.0251296
-0.0354758
-0.0199458
-0.0274687
-0.0388216
-0.0213564
-0.0295983
-0.0417284
-0.0226888
-0.031488
-0.044186
-0.0237621
-0.0328703
-0.045859
-0.0246792
-0.033866
-0.0468964
-0.0123875
-0.0139845
-0.0169915
-0.0128422
-0.0145748
-0.0177813
-0.0134703
-0.0152878
-0.0185916
-0.0145555
-0.0163883
-0.0196586
-0.0163883
-0.018152
-0.0212403
-0.0196586
-0.0212403
-0.023959
-0.0256332
-0.0346246
-0.0474057
-0.0268683
-0.0353725
-0.0475885
-0.0289619
-0.0366566
-0.0479262
-0.0329618
-0.0393904
-0.0491931
-0.0393904
-0.04424
-0.0521806
-0.0491931
-0.0521806
-0.0578974
-0.0256332
-0.0268682
-0.0289619
-0.0346246
-0.0353724
-0.0366566
-0.0474057
-0.0475884
-0.0479261
-0.0114432
-0.0116974
-0.0120063
-0.0124651
-0.012919
-0.0134207
-0.0144595
-0.0152834
-0.0161281
-0.0123875
-0.0128422
-0.0134703
-0.0139845
-0.0145748
-0.0152878
-0.0169915
-0.0177813
-0.0185916
-0.0226888
-0.0237621
-0.0246792
-0.031488
-0.0328703
-0.033866
-0.044186
-0.045859
-0.0468964
-0.0184751
-0.0199458
-0.0213564
-0.0251296
-0.0274688
-0.0295983
-0.0354758
-0.0388216
-0.0417284
-0.0505727
-0.0674904
-0.0837649
-0.0548029
-0.0719615
-0.087525
-0.0583346
-0.0755994
-0.090617
-0.09535
-0.0966653
-0.0866356
-0.0972558
-0.0961714
-0.0838599
-0.0991387
-0.0966817
-0.0832663
-0.101538
-0.0988286
-0.0854852
-0.104379
-0.102574
-0.0904656
-0.107693
-0.107851
-0.0981319
-0.0612233
-0.0785937
-0.0934038
-0.0631307
-0.0806697
-0.095717
-0.0642306
-0.0820016
-0.0976827
-0.0655706
-0.0407649
-0.017597
-0.0613329
-0.0364531
-0.0143586
-0.0602628
-0.0356395
-0.0142496
-0.00070334
0.00559975
0.0032717
0.000767534
0.00554469
0.00287033
9.71001e-05
0.00459975
0.00235319
-0.00338066
0.00186132
0.00117128
-0.0101639
-0.00316614
-0.000908795
-0.0211164
-0.0112034
-0.00415587
-0.0629191
-0.0388406
-0.0178214
-0.0692594
-0.0461128
-0.0253322
-0.0793605
-0.0578227
-0.0374723
-0.0937398
-0.0749175
-0.0555171
-0.110045
-0.0948735
-0.07698
-0.127592
-0.116959
-0.10108
-0.0375428
-0.023197
-0.00890412
-0.0572203
-0.0374536
-0.0144209
-0.0793305
-0.0532522
-0.0203678
-0.102397
-0.0693168
-0.0261686
-0.120427
-0.0812316
-0.0301389
-0.130984
-0.0872034
-0.0316301
-0.1455
-0.140078
-0.12648
-0.159842
-0.158873
-0.146965
-0.169635
-0.17155
-0.160147
-0.06458
-0.0825786
-0.0992216
-0.0643035
-0.0823597
-0.0999817
-0.0637737
-0.0815577
-0.0999624
-0.111358
-0.114602
-0.108629
-0.114527
-0.121414
-0.120007
-0.116955
-0.127825
-0.131661
-0.11844
-0.133396
-0.142928
-0.118961
-0.137127
-0.151497
-0.119183
-0.139355
-0.157159
-0.0635696
-0.0805251
-0.0992531
-0.064573
-0.0801066
-0.098445
-0.067787
-0.0812498
-0.0983909
-0.0747088
-0.0854259
-0.1004
-0.0854259
-0.0932671
-0.105412
-0.1004
-0.105412
-0.114033
-0.120054
-0.140413
-0.159324
-0.122382
-0.140512
-0.157207
-0.126535
-0.139599
-0.150344
-0.13214
-0.136559
-0.137033
-0.136559
-0.129988
-0.117967
-0.137033
-0.117967
-0.0927966
-0.120054
-0.122382
-0.126535
-0.140413
-0.140512
-0.139599
-0.159324
-0.157207
-0.150344
-0.173055
-0.175177
-0.162409
-0.168175
-0.167118
-0.151196
-0.154337
-0.146956
-0.126709
-0.130595
-0.0848036
-0.0297851
-0.117614
-0.0735189
-0.0247114
-0.0929907
-0.0545498
-0.01705
-0.0578524
-0.0293572
-0.00754075
-0.0213228
-0.00479472
0.001175
0.0121664
0.0161634
0.00809223
-0.129798
-0.113607
-0.0889882
-0.0982547
-0.0737965
-0.0469272
-0.0615486
-0.0312431
-0.00527186
-0.022267
0.00960861
0.0309151
0.0096086
0.0381295
0.0524667
0.0309151
0.0524667
0.0592581
0.0383144
0.0308345
0.0123777
0.051004
0.0362469
0.0133488
0.0515284
0.0339778
0.0117565
0.0413465
0.0255746
0.00830279
0.0255746
0.014881
0.00446854
0.00830279
0.00446854
0.00114753
0.0383144
0.051004
0.0515284
0.0308344
0.0362469
0.0339778
0.0123777
0.0133488
0.0117565
-0.173056
-0.168175
-0.154337
-0.175178
-0.167118
-0.146956
-0.162409
-0.151196
-0.126709
-0.129798
-0.0982547
-0.0615486
-0.113607
-0.0737965
-0.0312431
-0.0889882
-0.0469273
-0.00527189
-0.0578525
-0.0213229
0.0121663
-0.0293572
-0.00479477
0.0161634
-0.00754077
0.00117497
0.00809222
-0.130595
-0.117614
-0.0929908
-0.0848036
-0.0735189
-0.0545498
-0.0297851
-0.0247114
-0.01705
-0.0505727
-0.0548029
-0.0583346
-0.0674905
-0.0719616
-0.0755994
-0.083765
-0.0875251
-0.0906171
-0.0612234
-0.0631307
-0.0642307
-0.0785938
-0.0806698
-0.0820017
-0.0934039
-0.0957172
-0.0976829
-0.101538
-0.104379
-0.107693
-0.0988288
-0.102574
-0.107851
-0.0854854
-0.0904659
-0.0981322
-0.0953502
-0.097256
-0.0991389
-0.0966655
-0.0961716
-0.0966819
-0.0866359
-0.0838602
-0.0832666
-0.0645801
-0.0643036
-0.0637739
-0.0825787
-0.0823599
-0.0815579
-0.0992217
-0.0999818
-0.0999625
-0.0635697
-0.0645731
-0.0677871
-0.0805253
-0.0801067
-0.0812499
-0.0992532
-0.0984452
-0.0983911
-0.118441
-0.118961
-0.119183
-0.133396
-0.137127
-0.139355
-0.142928
-0.151497
-0.157159
-0.111358
-0.114527
-0.116955
-0.114602
-0.121414
-0.127825
-0.108629
-0.120007
-0.131661
-0.0937401
-0.110045
-0.127592
-0.0749178
-0.0948737
-0.11696
-0.0555173
-0.0769802
-0.10108
-0.1455
-0.159842
-0.169635
-0.140078
-0.158873
-0.17155
-0.126481
-0.146965
-0.160147
-0.102397
-0.120427
-0.130984
-0.0693168
-0.0812316
-0.0872034
-0.0261686
-0.0301389
-0.0316301
-0.0375429
-0.0572204
-0.0793306
-0.023197
-0.0374536
-0.0532523
-0.00890415
-0.0144209
-0.0203679
-0.0655708
-0.0613331
-0.060263
-0.0407651
-0.0364533
-0.0356396
-0.0175972
-0.0143588
-0.0142497
-0.0629194
-0.0692597
-0.0793607
-0.0388408
-0.0461131
-0.057823
-0.0178215
-0.0253323
-0.0374725
-0.00338075
-0.010164
-0.0211166
0.00186128
-0.00316619
-0.0112035
0.00117127
-0.000908812
-0.00415589
-0.00070341
0.00076747
9.70313e-05
0.00559972
0.00554467
0.00459972
0.0032717
0.00287033
0.00235318
-0.0505727
-0.0674904
-0.0837649
-0.0548028
-0.0719615
-0.0875251
-0.0583345
-0.0755993
-0.090617
-0.0953502
-0.0966656
-0.0866359
-0.097256
-0.0961716
-0.0838603
-0.0991389
-0.096682
-0.0832667
-0.101538
-0.0988289
-0.0854856
-0.104379
-0.102574
-0.090466
-0.107693
-0.107851
-0.0981322
-0.0612232
-0.0785936
-0.0934038
-0.0631305
-0.0806696
-0.095717
-0.0642305
-0.0820015
-0.0976827
-0.0655709
-0.0407651
-0.0175972
-0.0613332
-0.0364534
-0.0143588
-0.0602632
-0.0356398
-0.0142498
-0.000703429
0.00559972
0.0032717
0.000767428
0.00554465
0.00287032
9.69782e-05
0.0045997
0.00235317
-0.0033808
0.00186126
0.00117127
-0.010164
-0.00316619
-0.000908802
-0.0211165
-0.0112034
-0.00415586
-0.0629195
-0.0388409
-0.0178216
-0.0692598
-0.0461132
-0.0253324
-0.0793608
-0.057823
-0.0374725
-0.0937401
-0.0749177
-0.0555172
-0.110045
-0.0948736
-0.07698
-0.127592
-0.116959
-0.10108
-0.0375428
-0.0231969
-0.0089041
-0.0572202
-0.0374535
-0.0144208
-0.0793303
-0.053252
-0.0203678
-0.102396
-0.0693166
-0.0261685
-0.120427
-0.0812315
-0.0301389
-0.130984
-0.0872035
-0.0316302
-0.1455
-0.140078
-0.12648
-0.159842
-0.158873
-0.146965
-0.169635
-0.17155
-0.160147
-0.0645798
-0.0825785
-0.0992215
-0.0643033
-0.0823596
-0.0999816
-0.0637737
-0.0815577
-0.0999623
-0.111358
-0.114602
-0.108629
-0.114527
-0.121414
-0.120007
-0.116955
-0.127825
-0.131661
-0.11844
-0.133396
-0.142928
-0.118961
-0.137127
-0.151497
-0.119183
-0.139355
-0.157159
-0.0635696
-0.0805252
-0.0992531
-0.0645731
-0.0801067
-0.0984451
-0.0677873
-0.0812501
-0.0983911
-0.0747092
-0.0854262
-0.100401
-0.0854265
-0.0932675
-0.105412
-0.100401
-0.105412
-0.114034
-0.120054
-0.140414
-0.159324
-0.122383
-0.140513
-0.157207
-0.126535
-0.1396
-0.150345
-0.132141
-0.13656
-0.137035
-0.13656
-0.12999
-0.11797
-0.137036
-0.117971
-0.0928004
-0.120055
-0.122383
-0.126536
-0.140414
-0.140513
-0.139601
-0.159325
-0.157208
-0.150346
-0.173056
-0.175178
-0.16241
-0.168176
-0.167119
-0.151197
-0.154339
-0.146958
-0.126711
-0.130595
-0.0848041
-0.0297854
-0.117615
-0.0735199
-0.0247119
-0.0929927
-0.0545514
-0.0170506
-0.057855
-0.0293591
-0.00754148
-0.0213257
-0.00479662
0.00117431
0.0121636
0.0161618
0.0080917
-0.1298
-0.113609
-0.088991
-0.0982579
-0.0737999
-0.0469307
-0.0615528
-0.0312472
-0.0052755
-0.022272
0.00960426
0.0309118
0.00960352
0.0381255
0.052464
0.0309106
0.0524635
0.0592563
0.0383123
0.0308334
0.0123774
0.0510027
0.0362464
0.0133487
0.0515278
0.0339778
0.0117566
0.0413465
0.0255749
0.00830294
0.0255749
0.0148813
0.00446866
0.00830294
0.00446867
0.00114758
0.0383111
0.0510021
0.0515277
0.0308325
0.036246
0.0339776
0.0123772
0.0133486
0.0117565
-0.173056
-0.168176
-0.15434
-0.175178
-0.16712
-0.146959
-0.16241
-0.151198
-0.126713
-0.129802
-0.0982593
-0.0615537
-0.113612
-0.0738021
-0.0312488
-0.0889936
-0.0469332
-0.00527748
-0.0578576
-0.0213281
0.0121617
-0.029361
-0.00479835
0.0161604
-0.00754221
0.00117367
0.00809122
-0.130596
-0.117617
-0.0929948
-0.0848045
-0.0735211
-0.054553
-0.0297857
-0.0247124
-0.0170513
-0.0505732
-0.0548033
-0.058335
-0.067491
-0.071962
-0.0755999
-0.0837655
-0.0875256
-0.0906175
-0.0612238
-0.0631311
-0.0642311
-0.0785942
-0.0806702
-0.0820022
-0.0934043
-0.0957176
-0.0976833
-0.101538
-0.10438
-0.107693
-0.0988289
-0.102574
-0.107851
-0.0854852
-0.0904656
-0.0981318
-0.0953506
-0.0972563
-0.0991392
-0.0966657
-0.0961717
-0.096682
-0.0866358
-0.0838601
-0.0832665
-0.0645805
-0.064304
-0.0637743
-0.0825791
-0.0823604
-0.0815584
-0.0992221
-0.0999823
-0.099963
-0.0635702
-0.0645736
-0.0677876
-0.0805259
-0.0801073
-0.0812505
-0.0992538
-0.0984458
-0.0983917
-0.118441
-0.118962
-0.119184
-0.133396
-0.137127
-0.139355
-0.142927
-0.151497
-0.157159
-0.111358
-0.114528
-0.116955
-0.114602
-0.121414
-0.127825
-0.108628
-0.120007
-0.13166
-0.093739
-0.110044
-0.127591
-0.0749162
-0.0948718
-0.116958
-0.0555154
-0.0769779
-0.101077
-0.145499
-0.159841
-0.169635
-0.140076
-0.158872
-0.171549
-0.126478
-0.146963
-0.160146
-0.102394
-0.120425
-0.130983
-0.0693148
-0.0812301
-0.0872029
-0.0261678
-0.0301384
-0.0316301
-0.037541
-0.0572181
-0.0793279
-0.0231956
-0.0374518
-0.0532502
-0.00890353
-0.0144201
-0.020367
-0.0655704
-0.0613327
-0.0602626
-0.0407645
-0.0364528
-0.0356391
-0.0175965
-0.0143582
-0.0142491
-0.0629189
-0.0692591
-0.0793599
-0.0388401
-0.0461122
-0.0578218
-0.0178208
-0.0253314
-0.0374712
-0.00338007
-0.010163
-0.0211152
0.00186179
-0.00316546
-0.0112024
0.00117148
-0.000908499
-0.00415544
-0.000702865
0.00076796
9.75593e-05
0.00560009
0.005545
0.0046001
0.00327183
0.00287045
0.00235333
-0.0505732
-0.067491
-0.0837655
-0.0548033
-0.0719621
-0.0875256
-0.0583351
-0.0756
-0.0906176
-0.0953506
-0.0966657
-0.0866357
-0.0972563
-0.0961717
-0.08386
-0.0991392
-0.096682
-0.0832664
-0.101538
-0.0988288
-0.0854851
-0.10438
-0.102574
-0.0904654
-0.107693
-0.107851
-0.0981315
-0.0612239
-0.0785943
-0.0934044
-0.0631312
-0.0806704
-0.0957176
-0.0642313
-0.0820023
-0.0976834
-0.0655704
-0.0407645
-0.0175965
-0.0613327
-0.0364527
-0.0143581
-0.0602625
-0.035639
-0.014249
-0.000702846
0.00560011
0.00327184
0.000768023
0.00554505
0.00287047
9.76868e-05
0.00460019
0.00235336
-0.00337984
0.00186196
0.00117155
-0.0101627
-0.00316518
-0.000908386
-0.0211146
-0.011202
-0.00415527
-0.0629187
-0.0388399
-0.0178205
-0.0692588
-0.0461118
-0.0253309
-0.0793595
-0.0578213
-0.0374706
-0.0937385
-0.0749155
-0.0555146
-0.110043
-0.0948709
-0.0769768
-0.12759
-0.116957
-0.101076
-0.0375402
-0.023195
-0.00890328
-0.0572171
-0.037451
-0.0144198
-0.0793268
-0.0532493
-0.0203667
-0.102393
-0.069314
-0.0261676
-0.120424
-0.0812296
-0.0301382
-0.130983
-0.0872028
-0.0316301
-0.145498
-0.140075
-0.126477
-0.159841
-0.158871
-0.146962
-0.169635
-0.171549
-0.160145
-0.0645807
-0.0825793
-0.0992223
-0.0643043
-0.0823606
-0.0999825
-0.0637746
-0.0815587
-0.0999633
-0.111359
-0.114602
-0.108628
-0.114528
-0.121414
-0.120006
-0.116956
-0.127825
-0.13166
-0.118441
-0.133396
-0.142927
-0.118962
-0.137128
-0.151497
-0.119184
-0.139356
-0.157159
-0.0635706
-0.0805263
-0.0992542
-0.0645742
-0.0801079
-0.0984464
-0.0677885
-0.0812514
-0.0983926
-0.0747104
-0.0854277
-0.100402
-0.0854277
-0.093269
-0.105414
-0.100402
-0.105414
-0.114036
-0.120056
-0.140415
-0.159325
-0.122384
-0.140514
-0.157209
-0.126538
-0.139603
-0.150348
-0.132143
-0.136563
-0.137039
-0.136563
-0.129994
-0.117975
-0.137039
-0.117975
-0.092806
-0.120056
-0.122385
-0.126538
-0.140415
-0.140515
-0.139603
-0.159325
-0.157209
-0.150348
-0.173056
-0.175178
-0.16241
-0.168178
-0.167121
-0.1512
-0.154342
-0.146962
-0.126716
-0.130596
-0.084805
-0.0297859
-0.117618
-0.0735222
-0.0247129
-0.0929972
-0.0545547
-0.017052
-0.0578606
-0.029363
-0.00754294
-0.0213314
-0.0048004
0.00117298
0.0121586
0.0161586
0.00809066
-0.129805
-0.113615
-0.0889972
-0.098264
-0.0738068
-0.0469374
-0.0615594
-0.0312541
-0.0052819
-0.0222783
0.00959817
0.0309065
0.00959811
0.0381207
0.0524603
0.0309064
0.0524602
0.0592541
0.0383085
0.0308312
0.0123768
0.0510003
0.0362452
0.0133484
0.0515266
0.0339772
0.0117564
0.041346
0.0255747
0.00830291
0.0255747
0.0148812
0.00446865
0.0083029
0.00446865
0.00114757
0.0383084
0.0510002
0.0515265
0.0308311
0.0362451
0.0339772
0.0123768
0.0133483
0.0117564
-0.173056
-0.168178
-0.154342
-0.175178
-0.167121
-0.146962
-0.16241
-0.1512
-0.126716
-0.129805
-0.0982641
-0.0615595
-0.113615
-0.0738069
-0.0312542
-0.0889973
-0.0469376
-0.00528203
-0.0578607
-0.0213315
0.0121585
-0.029363
-0.00480046
0.0161586
-0.00754293
0.00117297
0.00809064
-0.130596
-0.117618
-0.0929972
-0.0848049
-0.0735221
-0.0545547
-0.0297859
-0.0247129
-0.0170519
-0.0505732
-0.0548034
-0.0583352
-0.067491
-0.0719621
-0.0756
-0.0837656
-0.0875257
-0.0906177
-0.061224
-0.0631314
-0.0642314
-0.0785944
-0.0806705
-0.0820024
-0.0934045
-0.0957178
-0.0976835
-0.101539
-0.10438
-0.107694
-0.0988289
-0.102574
-0.107851
-0.0854851
-0.0904654
-0.0981315
-0.0953506
-0.0972564
-0.0991393
-0.0966658
-0.0961718
-0.096682
-0.0866358
-0.08386
-0.0832664
-0.0645808
-0.0643044
-0.0637748
-0.0825795
-0.0823608
-0.0815589
-0.0992224
-0.0999826
-0.0999635
-0.0635708
-0.0645743
-0.0677885
-0.0805265
-0.0801081
-0.0812515
-0.0992544
-0.0984466
-0.0983927
-0.118442
-0.118963
-0.119184
-0.133396
-0.137128
-0.139356
-0.142927
-0.151497
-0.157159
-0.111359
-0.114528
-0.116956
-0.114602
-0.121414
-0.127825
-0.108628
-0.120006
-0.13166
-0.0937384
-0.110043
-0.12759
-0.0749154
-0.0948708
-0.116956
-0.0555145
-0.0769767
-0.101076
-0.145498
-0.159841
-0.169635
-0.140075
-0.158871
-0.171549
-0.126477
-0.146962
-0.160145
-0.102393
-0.120424
-0.130982
-0.0693139
-0.0812295
-0.0872027
-0.0261675
-0.0301382
-0.0316301
-0.0375401
-0.0572169
-0.0793266
-0.0231948
-0.0374509
-0.0532492
-0.00890323
-0.0144198
-0.0203666
-0.0655704
-0.0613327
-0.0602625
-0.0407644
-0.0364526
-0.0356389
-0.0175965
-0.0143581
-0.0142489
-0.0629186
-0.0692587
-0.0793594
-0.0388398
-0.0461117
-0.0578212
-0.0178204
-0.0253308
-0.0374704
-0.00337974
-0.0101626
-0.0211145
0.00186203
-0.00316509
-0.0112019
0.00117158
-0.000908348
-0.00415522
-0.000702785
0.000768093
9.77683e-05
0.00560015
0.0055451
0.00460025
0.00327186
0.00287049
0.00235339
-0.0505732
-0.067491
-0.0837655
-0.0548033
-0.0719621
-0.0875256
-0.058335
-0.0755999
-0.0906176
-0.0953506
-0.0966658
-0.0866358
-0.0972564
-0.0961718
-0.0838601
-0.0991393
-0.0966821
-0.0832665
-0.101538
-0.0988289
-0.0854853
-0.10438
-0.102574
-0.0904656
-0.107693
-0.107851
-0.0981318
-0.0612238
-0.0785942
-0.0934043
-0.0631311
-0.0806702
-0.0957176
-0.0642311
-0.0820021
-0.0976833
-0.0655704
-0.0407645
-0.0175965
-0.0613328
-0.0364527
-0.0143582
-0.0602627
-0.0356391
-0.0142491
-0.000702821
0.00560012
0.00327184
0.000767986
0.00554502
0.00287046
9.75744e-05
0.00460011
0.00235333
-0.00338006
0.0018618
0.00117148
-0.010163
-0.00316545
-0.000908498
-0.0211152
-0.0112024
-0.00415544
-0.0629189
-0.0388402
-0.0178208
-0.0692591
-0.0461122
-0.0253313
-0.0793599
-0.0578218
-0.0374711
-0.093739
-0.0749162
-0.0555154
-0.110044
-0.0948718
-0.0769778
-0.127591
-0.116957
-0.101077
-0.037541
-0.0231955
-0.00890353
-0.057218
-0.0374518
-0.0144202
-0.0793279
-0.0532502
-0.020367
-0.102394
-0.0693148
-0.0261679
-0.120425
-0.0812302
-0.0301384
-0.130983
-0.087203
-0.0316301
-0.145499
-0.140076
-0.126478
-0.159841
-0.158872
-0.146963
-0.169635
-0.171549
-0.160146
-0.0645804
-0.0825791
-0.0992221
-0.0643039
-0.0823603
-0.0999822
-0.0637742
-0.0815583
-0.099963
-0.111358
-0.114602
-0.108628
-0.114528
-0.121414
-0.120007
-0.116955
-0.127825
-0.13166
-0.118441
-0.133396
-0.142927
-0.118962
-0.137127
-0.151497
-0.119183
-0.139355
-0.157159
-0.0635701
-0.0805258
-0.0992537
-0.0645735
-0.0801072
-0.0984457
-0.0677874
-0.0812504
-0.0983916
-0.0747089
-0.0854263
-0.100401
-0.085426
-0.0932673
-0.105412
-0.1004
-0.105412
-0.114034
-0.120055
-0.140414
-0.159325
-0.122383
-0.140513
-0.157208
-0.126536
-0.139601
-0.150346
-0.132141
-0.13656
-0.137036
-0.13656
-0.12999
-0.117971
-0.137035
-0.11797
-0.0928007
-0.120054
-0.122382
-0.126535
-0.140413
-0.140512
-0.1396
-0.159324
-0.157207
-0.150345
-0.173056
-0.175178
-0.16241
-0.168177
-0.16712
-0.151198
-0.15434
-0.14696
-0.126713
-0.130596
-0.0848046
-0.0297857
-0.117617
-0.0735212
-0.0247124
-0.092995
-0.0545531
-0.0170513
-0.0578577
-0.029361
-0.00754222
-0.0213282
-0.0047984
0.00117366
0.0121617
0.0161604
0.00809122
-0.129802
-0.113612
-0.0889938
-0.0982596
-0.0738023
-0.0469334
-0.0615539
-0.031249
-0.00527764
-0.0222722
0.00960336
0.0309105
0.00960412
0.0381254
0.0524635
0.0309117
0.052464
0.0592563
0.0383111
0.0308325
0.0123772
0.0510021
0.036246
0.0133486
0.0515277
0.0339776
0.0117565
0.0413465
0.0255749
0.00830294
0.0255749
0.0148813
0.00446867
0.00830295
0.00446867
0.00114758
0.0383123
0.0510027
0.0515279
0.0308334
0.0362465
0.0339778
0.0123775
0.0133487
0.0117566
-0.173056
-0.168176
-0.154339
-0.175178
-0.167119
-0.146958
-0.16241
-0.151197
-0.126711
-0.1298
-0.0982581
-0.0615531
-0.113609
-0.0738001
-0.0312474
-0.0889912
-0.0469308
-0.00527562
-0.0578552
-0.0213258
0.0121636
-0.0293591
-0.00479666
0.0161618
-0.00754149
0.00117431
0.0080917
-0.130596
-0.117616
-0.0929929
-0.0848042
-0.0735201
-0.0545514
-0.0297854
-0.0247119
-0.0170506
-0.0505727
-0.0548028
-0.0583344
-0.0674904
-0.0719614
-0.0755993
-0.0837649
-0.087525
-0.090617
-0.0612231
-0.0631304
-0.0642303
-0.0785935
-0.0806695
-0.0820014
-0.0934037
-0.095717
-0.0976826
-0.101538
-0.104379
-0.107693
-0.0988289
-0.102574
-0.107851
-0.0854856
-0.0904661
-0.0981323
-0.0953501
-0.097256
-0.0991389
-0.0966656
-0.0961716
-0.096682
-0.0866359
-0.0838603
-0.0832667
-0.0645796
-0.0643031
-0.0637734
-0.0825783
-0.0823594
-0.0815574
-0.0992214
-0.0999815
-0.0999621
-0.0635694
-0.0645729
-0.0677871
-0.0805249
-0.0801064
-0.0812498
-0.0992528
-0.0984448
-0.0983908
-0.11844
-0.118961
-0.119183
-0.133396
-0.137127
-0.139355
-0.142928
-0.151497
-0.157159
-0.111358
-0.114527
-0.116955
-0.114602
-0.121414
-0.127825
-0.108629
-0.120007
-0.131661
-0.0937402
-0.110045
-0.127592
-0.0749178
-0.0948736
-0.116959
-0.0555173
-0.0769801
-0.10108
-0.1455
-0.159842
-0.169635
-0.140078
-0.158873
-0.17155
-0.12648
-0.146965
-0.160147
-0.102397
-0.120427
-0.130984
-0.0693167
-0.0812316
-0.0872036
-0.0261686
-0.0301389
-0.0316302
-0.0375428
-0.0572203
-0.0793304
-0.0231969
-0.0374535
-0.0532521
-0.00890411
-0.0144209
-0.0203678
-0.0655709
-0.0613332
-0.0602632
-0.0407651
-0.0364534
-0.0356398
-0.0175972
-0.0143589
-0.0142498
-0.0629196
-0.0692599
-0.0793609
-0.038841
-0.0461132
-0.0578231
-0.0178217
-0.0253324
-0.0374726
-0.00338081
-0.010164
-0.0211165
0.00186126
-0.00316619
-0.0112034
0.00117127
-0.000908803
-0.00415587
-0.000703431
0.000767422
9.6971e-05
0.00559972
0.00554465
0.0045997
0.0032717
0.00287032
0.00235317
-0.0505727
-0.0674905
-0.083765
-0.0548029
-0.0719616
-0.0875251
-0.0583346
-0.0755994
-0.0906171
-0.0953502
-0.0966655
-0.0866359
-0.097256
-0.0961716
-0.0838602
-0.0991389
-0.0966819
-0.0832666
-0.101538
-0.0988288
-0.0854854
-0.104379
-0.102574
-0.0904659
-0.107693
-0.107851
-0.0981322
-0.0612234
-0.0785938
-0.0934039
-0.0631307
-0.0806698
-0.0957172
-0.0642307
-0.0820017
-0.0976829
-0.0655708
-0.0407651
-0.0175972
-0.0613331
-0.0364533
-0.0143588
-0.060263
-0.0356396
-0.0142497
-0.00070341
0.00559972
0.0032717
0.00076747
0.00554467
0.00287033
9.70313e-05
0.00459972
0.00235318
-0.00338075
0.00186128
0.00117127
-0.010164
-0.00316619
-0.000908812
-0.0211166
-0.0112035
-0.00415589
-0.0629194
-0.0388408
-0.0178215
-0.0692597
-0.0461131
-0.0253323
-0.0793607
-0.057823
-0.0374725
-0.0937401
-0.0749178
-0.0555173
-0.110045
-0.0948737
-0.0769802
-0.127592
-0.11696
-0.10108
-0.0375429
-0.023197
-0.00890415
-0.0572204
-0.0374536
-0.0144209
-0.0793306
-0.0532523
-0.0203679
-0.102397
-0.0693168
-0.0261686
-0.120427
-0.0812316
-0.0301389
-0.130984
-0.0872034
-0.0316301
-0.1455
-0.140078
-0.126481
-0.159842
-0.158873
-0.146965
-0.169635
-0.17155
-0.160147
-0.0645801
-0.0825787
-0.0992217
-0.0643036
-0.0823599
-0.0999818
-0.0637739
-0.0815579
-0.0999625
-0.111358
-0.114602
-0.108629
-0.114527
-0.121414
-0.120007
-0.116955
-0.127825
-0.131661
-0.118441
-0.133396
-0.142928
-0.118961
-0.137127
-0.151497
-0.119183
-0.139355
-0.157159
-0.0635697
-0.0805253
-0.0992532
-0.0645731
-0.0801067
-0.0984452
-0.0677871
-0.0812499
-0.0983911
-0.0747088
-0.0854259
-0.1004
-0.0854259
-0.0932671
-0.105412
-0.1004
-0.105412
-0.114033
-0.120054
-0.140413
-0.159324
-0.122382
-0.140512
-0.157207
-0.126535
-0.139599
-0.150344
-0.13214
-0.136559
-0.137033
-0.136559
-0.129988
-0.117967
-0.137033
-0.117967
-0.0927966
-0.120054
-0.122382
-0.126535
-0.140413
-0.140512
-0.139599
-0.159324
-0.157207
-0.150344
-0.173056
-0.175178
-0.162409
-0.168175
-0.167118
-0.151196
-0.154337
-0.146956
-0.126709
-0.130595
-0.0848036
-0.0297851
-0.117614
-0.0735189
-0.0247114
-0.0929908
-0.0545498
-0.01705
-0.0578525
-0.0293572
-0.00754077
-0.0213229
-0.00479477
0.00117497
0.0121663
0.0161634
0.00809222
-0.129798
-0.113607
-0.0889882
-0.0982547
-0.0737965
-0.0469273
-0.0615486
-0.0312431
-0.00527189
-0.022267
0.0096086
0.0309151
0.00960861
0.0381295
0.0524667
0.0309151
0.0524667
0.0592581
0.0383144
0.0308344
0.0123777
0.051004
0.0362469
0.0133488
0.0515284
0.0339778
0.0117565
0.0413465
0.0255746
0.00830279
0.0255746
0.014881
0.00446854
0.00830279
0.00446854
0.00114753
0.0383144
0.051004
0.0515284
0.0308345
0.0362469
0.0339778
0.0123777
0.0133488
0.0117565
-0.173055
-0.168175
-0.154337
-0.175177
-0.167118
-0.146956
-0.162409
-0.151196
-0.126709
-0.129798
-0.0982547
-0.0615486
-0.113607
-0.0737965
-0.0312431
-0.0889882
-0.0469272
-0.00527186
-0.0578524
-0.0213228
0.0121664
-0.0293572
-0.00479472
0.0161634
-0.00754075
0.001175
0.00809223
-0.130595
-0.117614
-0.0929907
-0.0848036
-0.0735189
-0.0545498
-0.0297851
-0.0247114
-0.01705
-0.0505727
-0.0548029
-0.0583346
-0.0674904
-0.0719615
-0.0755994
-0.0837649
-0.087525
-0.090617
-0.0612233
-0.0631307
-0.0642306
-0.0785937
-0.0806697
-0.0820016
-0.0934038
-0.095717
-0.0976827
-0.101538
-0.104379
-0.107693
-0.0988286
-0.102574
-0.107851
-0.0854852
-0.0904656
-0.0981319
-0.09535
-0.0972558
-0.0991387
-0.0966653
-0.0961714
-0.0966817
-0.0866356
-0.0838599
-0.0832663
-0.06458
-0.0643035
-0.0637737
-0.0825786
-0.0823597
-0.0815577
-0.0992216
-0.0999817
-0.0999624
-0.0635696
-0.064573
-0.067787
-0.0805251
-0.0801066
-0.0812498
-0.0992531
-0.098445
-0.0983909
-0.11844
-0.118961
-0.119183
-0.133396
-0.137127
-0.139355
-0.142928
-0.151497
-0.157159
-0.111358
-0.114527
-0.116955
-0.114602
-0.121414
-0.127825
-0.108629
-0.120007
-0.131661
-0.0937398
-0.110045
-0.127592
-0.0749175
-0.0948735
-0.116959
-0.0555171
-0.07698
-0.10108
-0.1455
-0.159842
-0.169635
-0.140078
-0.158873
-0.17155
-0.12648
-0.146965
-0.160147
-0.102397
-0.120427
-0.130984
-0.0693168
-0.0812316
-0.0872034
-0.0261686
-0.0301389
-0.0316301
-0.0375428
-0.0572203
-0.0793305
-0.023197
-0.0374536
-0.0532522
-0.00890412
-0.0144209
-0.0203678
-0.0655706
-0.0613329
-0.0602628
-0.0407649
-0.0364531
-0.0356395
-0.017597
-0.0143586
-0.0142496
-0.0629191
-0.0692594
-0.0793605
-0.0388406
-0.0461128
-0.0578227
-0.0178214
-0.0253322
-0.0374723
-0.00338066
-0.0101639
-0.0211164
0.00186132
-0.00316614
-0.0112034
0.00117128
-0.000908795
-0.00415587
-0.00070334
0.000767534
9.71001e-05
0.00559975
0.00554469
0.00459975
0.0032717
0.00287033
0.00235319
