337
-0.70710678118654746 -0.70710678118654746
0.70710678118654746 -0.70710678118654746
0.70710678118654746 0.70710678118654746
-0.70710678118654746 0.70710678118654746
-0.35355339059327373 -0.35355339059327373
0.35355339059327373 -0.35355339059327373
0.35355339059327373 0.35355339059327373
-0.35355339059327373 0.35355339059327373
-0.56663458569846548 -0.82396920227052683
-0.3971773474990708 -0.91774187799925677
-0.20490947445535665 -0.97878092915546178
1.9626155733547187e-17 -0.99999999999999989
0.2049094744553567 -0.97878092915546178
0.39717734749907074 -0.91774187799925644
0.56663458569846548 -0.82396920227052683
-0.2651650429449553 -0.35355339059327373
-0.17677669529663687 -0.35355339059327373
-0.088388347648318419 -0.35355339059327373
7.3598084000801949e-18 -0.35355339059327373
0.088388347648318433 -0.35355339059327373
0.17677669529663687 -0.35355339059327373
0.2651650429449553 -0.35355339059327373
0.2651650429449553 0.35355339059327373
0.17677669529663687 0.35355339059327373
0.088388347648318433 0.35355339059327373
7.3598084000801949e-18 0.35355339059327373
-0.088388347648318419 0.35355339059327373
-0.17677669529663687 0.35355339059327373
-0.2651650429449553 0.35355339059327373
0.56663458569846548 0.82396920227052683
0.39717734749907074 0.91774187799925644
0.2049094744553567 0.97878092915546178
1.9626155733547187e-17 0.99999999999999989
-0.20490947445535665 0.97878092915546178
-0.3971773474990708 0.91774187799925677
-0.56663458569846548 0.82396920227052683
0.82396920227052683 -0.56663458569846548
0.91774187799925677 -0.3971773474990708
0.97878092915546178 -0.20490947445535665
0.99999999999999989 1.9626155733547187e-17
0.97878092915546178 0.2049094744553567
0.91774187799925644 0.39717734749907074
0.82396920227052683 0.56663458569846548
0.35355339059327373 -0.2651650429449553
0.35355339059327373 -0.17677669529663687
0.35355339059327373 -0.088388347648318419
0.35355339059327373 7.3598084000801949e-18
0.35355339059327373 0.088388347648318433
0.35355339059327373 0.17677669529663687
0.35355339059327373 0.2651650429449553
-0.35355339059327373 -0.2651650429449553
-0.35355339059327373 -0.17677669529663687
-0.35355339059327373 -0.088388347648318419
-0.35355339059327373 7.3598084000801949e-18
-0.35355339059327373 0.088388347648318433
-0.35355339059327373 0.17677669529663687
-0.35355339059327373 0.2651650429449553
-0.82396920227052683 -0.56663458569846548
-0.91774187799925677 -0.3971773474990708
-0.97878092915546178 -0.20490947445535665
-0.99999999999999989 1.9626155733547187e-17
-0.97878092915546178 0.2049094744553567
-0.91774187799925644 0.39717734749907074
-0.82396920227052683 0.56663458569846548
-0.66291260736238822 -0.66291260736238822
-0.61871843353822908 -0.61871843353822908
-0.57452425971406984 -0.57452425971406984
-0.5303300858899106 -0.5303300858899106
-0.48613591206575141 -0.48613591206575141
-0.44194173824159216 -0.44194173824159216
-0.39774756441743297 -0.39774756441743297
0.66291260736238822 -0.66291260736238822
0.61871843353822908 -0.61871843353822908
0.57452425971406984 -0.57452425971406984
0.5303300858899106 -0.5303300858899106
0.48613591206575141 -0.48613591206575141
0.44194173824159216 -0.44194173824159216
0.39774756441743297 -0.39774756441743297
0.66291260736238822 0.66291260736238822
0.61871843353822908 0.61871843353822908
0.57452425971406984 0.57452425971406984
0.5303300858899106 0.5303300858899106
0.48613591206575141 0.48613591206575141
0.44194173824159216 0.44194173824159216
0.39774756441743297 0.39774756441743297
-0.66291260736238822 0.66291260736238822
-0.61871843353822908 0.61871843353822908
-0.57452425971406984 0.57452425971406984
-0.5303300858899106 0.5303300858899106
-0.48613591206575141 0.48613591206575141
-0.44194173824159216 0.44194173824159216
-0.39774756441743297 0.39774756441743297
-0.2651650429449553 -0.2651650429449553
-0.17677669529663687 -0.2651650429449553
-0.088388347648318433 -0.2651650429449553
7.3598084000801949e-18 -0.2651650429449553
0.088388347648318433 -0.2651650429449553
0.17677669529663687 -0.2651650429449553
0.2651650429449553 -0.2651650429449553
-0.2651650429449553 -0.17677669529663687
-0.17677669529663687 -0.17677669529663687
-0.088388347648318419 -0.17677669529663687
7.3598084000801949e-18 -0.17677669529663687
0.088388347648318433 -0.17677669529663687
0.17677669529663687 -0.17677669529663687
0.2651650429449553 -0.17677669529663687
-0.2651650429449553 -0.088388347648318433
-0.17677669529663687 -0.088388347648318433
-0.088388347648318419 -0.088388347648318433
7.3598084000801949e-18 -0.088388347648318433
0.088388347648318433 -0.088388347648318433
0.17677669529663687 -0.088388347648318433
0.2651650429449553 -0.088388347648318433
-0.2651650429449553 7.3598084000801949e-18
-0.17677669529663687 7.3598084000801949e-18
-0.088388347648318419 7.3598084000801949e-18
7.3598084000801949e-18 7.3598084000801949e-18
0.088388347648318433 7.3598084000801949e-18
0.17677669529663687 7.3598084000801949e-18
0.2651650429449553 7.3598084000801949e-18
-0.2651650429449553 0.088388347648318433
-0.17677669529663687 0.088388347648318433
-0.088388347648318433 0.088388347648318433
7.3598084000801949e-18 0.088388347648318433
0.088388347648318433 0.088388347648318433
0.17677669529663687 0.088388347648318433
0.2651650429449553 0.088388347648318433
-0.2651650429449553 0.17677669529663687
-0.17677669529663687 0.17677669529663687
-0.088388347648318433 0.17677669529663687
7.3598084000801949e-18 0.17677669529663687
0.088388347648318433 0.17677669529663687
0.17677669529663687 0.17677669529663687
0.2651650429449553 0.17677669529663687
-0.2651650429449553 0.2651650429449553
-0.17677669529663687 0.2651650429449553
-0.088388347648318433 0.2651650429449553
7.3598084000801949e-18 0.2651650429449553
0.088388347648318433 0.2651650429449553
0.17677669529663687 0.2651650429449553
0.2651650429449553 0.2651650429449553
-0.52671281479550913 -0.76561202305737674
-0.36669803360801112 -0.84676832237257404
-0.18835569526275386 -0.89900789459395924
9.8130778667735933e-18 -0.91706090764091108
0.18835569526275386 -0.89900789459395924
0.36669803360801112 -0.84676832237257404
0.52671281479550913 -0.76561202305737674
-0.48746277323816084 -0.70712134386992798
-0.33713077490699755 -0.77593487854012111
-0.17243532025483471 -0.81975071878945283
1.717288626685379e-17 -0.83480652496416285
0.17243532025483477 -0.81975071878945283
0.33713077490699755 -0.77593487854012111
0.48746277323816084 -0.70712134386992787
-0.44886764855194355 -0.64850050603147535
-0.30843523671910045 -0.70523535020586603
-0.1571126775807731 -0.7409803497762748
2.6985964133627383e-17 -0.75319546095705847
0.15711267758077316 -0.7409803497762748
0.30843523671910045 -0.70523535020586603
0.44886764855194355 -0.64850050603147535
-0.41091118467818122 -0.58975274028283731
-0.28057342816140246 -0.63466390113223525
-0.14235472463958479 -0.66266987690955803
2.6985964133627383e-17 -0.67218959485177432
0.14235472463958485 -0.66266987690955803
0.28057342816140246 -0.63466390113223503
0.41091118467818122 -0.58975274028283731
-0.37357765914437363 -0.53088117131953061
-0.25350953433932721 -0.5642150293614584
-0.12813081022181652 -0.58479433714802265
1.9626155733547187e-17 -0.59175375940944674
0.12813081022181658 -0.58479433714802254
0.25350953433932727 -0.5642150293614584
0.37357765914437363 -0.5308811713195305
-0.33685186134945677 -0.47188882210737365
-0.22720976275445157 -0.4938835436204233
-0.11441246201411105 -0.50733054199286742
1.2266347333466992e-17 -0.51185546031273255
0.11441246201411109 -0.50733054199286742
0.22720976275445159 -0.49388354362042336
0.33685186134945672 -0.47188882210737354
-0.30071907190094044 -0.41277861798903892
-0.20164220254078541 -0.42366454169626111
-0.10117319636655225 -0.43025692255797393
9.8130778667735933e-18 -0.43246462695359039
0.1011731963665523 -0.4302569225579741
0.20164220254078546 -0.42366454169626128
0.30071907190094044 -0.41277861798903892
0.76561202305737674 -0.52671281479550913
0.84676832237257404 -0.36669803360801112
0.89900789459395924 -0.18835569526275386
0.91706090764091108 9.8130778667735933e-18
0.89900789459395924 0.18835569526275386
0.84676832237257404 0.36669803360801112
0.76561202305737674 0.52671281479550913
0.70712134386992798 -0.48746277323816084
0.77593487854012111 -0.33713077490699755
0.81975071878945283 -0.17243532025483471
0.83480652496416285 1.717288626685379e-17
0.81975071878945283 0.17243532025483477
0.77593487854012111 0.33713077490699755
0.70712134386992787 0.48746277323816084
0.64850050603147535 -0.44886764855194355
0.70523535020586603 -0.30843523671910045
0.7409803497762748 -0.1571126775807731
0.75319546095705847 2.6985964133627383e-17
0.7409803497762748 0.15711267758077316
0.70523535020586603 0.30843523671910045
0.64850050603147535 0.44886764855194355
0.58975274028283731 -0.41091118467818122
0.63466390113223525 -0.28057342816140246
0.66266987690955803 -0.14235472463958479
0.67218959485177432 2.6985964133627383e-17
0.66266987690955803 0.14235472463958485
0.63466390113223503 0.28057342816140246
0.58975274028283731 0.41091118467818122
0.53088117131953061 -0.37357765914437363
0.5642150293614584 -0.25350953433932721
0.58479433714802265 -0.12813081022181652
0.59175375940944674 1.9626155733547187e-17
0.58479433714802254 0.12813081022181658
0.5642150293614584 0.25350953433932727
0.5308811713195305 0.37357765914437363
0.47188882210737365 -0.33685186134945677
0.4938835436204233 -0.22720976275445157
0.50733054199286742 -0.11441246201411105
0.51185546031273255 1.2266347333466992e-17
0.50733054199286742 0.11441246201411109
0.49388354362042336 0.22720976275445159
0.47188882210737354 0.33685186134945672
0.41277861798903892 -0.30071907190094044
0.42366454169626111 -0.20164220254078541
0.43025692255797393 -0.10117319636655225
0.43246462695359039 9.8130778667735933e-18
0.4302569225579741 0.1011731963665523
0.42366454169626128 0.20164220254078546
0.41277861798903892 0.30071907190094044
-0.52671281479550913 0.76561202305737663
-0.48746277323816078 0.70712134386992764
-0.44886764855194355 0.64850050603147535
-0.41091118467818122 0.58975274028283731
-0.37357765914437363 0.5308811713195305
-0.33685186134945677 0.47188882210737365
-0.30071907190094044 0.41277861798903887
-0.36669803360801112 0.84676832237257382
-0.33713077490699755 0.77593487854012111
-0.30843523671910045 0.70523535020586614
-0.28057342816140246 0.63466390113223514
-0.25350953433932732 0.56421502936145862
-0.22720976275445162 0.49388354362042336
-0.20164220254078546 0.42366454169626122
-0.18835569526275386 0.89900789459395924
-0.17243532025483474 0.81975071878945283
-0.15711267758077316 0.74098034977627492
-0.14235472463958479 0.66266987690955803
-0.12813081022181655 0.58479433714802265
-0.11441246201411109 0.50733054199286753
-0.10117319636655228 0.43025692255797393
9.8130778667735933e-18 0.91706090764091108
4.9065389333867966e-18 0.83480652496416285
1.2266347333466992e-17 0.75319546095705847
1.471961680016039e-17 0.67218959485177432
4.9065389333867966e-18 0.59175375940944652
0 0.51185546031273255
4.9065389333867966e-18 0.43246462695359039
0.18835569526275386 0.89900789459395924
0.17243532025483474 0.81975071878945294
0.15711267758077313 0.7409803497762748
0.14235472463958485 0.66266987690955803
0.12813081022181658 0.58479433714802254
0.11441246201411109 0.50733054199286753
0.1011731963665523 0.43025692255797404
0.36669803360801123 0.84676832237257404
0.33713077490699755 0.775934878540121
0.3084352367191005 0.70523535020586603
0.28057342816140246 0.63466390113223503
0.25350953433932732 0.56421502936145862
0.22720976275445159 0.49388354362042336
0.20164220254078541 0.42366454169626111
0.52671281479550891 0.76561202305737641
0.48746277323816078 0.70712134386992764
0.44886764855194355 0.64850050603147535
0.41091118467818133 0.58975274028283742
0.37357765914437363 0.5308811713195305
0.33685186134945672 0.47188882210737354
0.30071907190094038 0.41277861798903892
-0.76561202305737663 -0.52671281479550913
-0.70712134386992764 -0.48746277323816078
-0.64850050603147535 -0.44886764855194355
-0.58975274028283731 -0.41091118467818122
-0.5308811713195305 -0.37357765914437363
-0.47188882210737365 -0.33685186134945677
-0.41277861798903887 -0.30071907190094044
-0.84676832237257382 -0.36669803360801112
-0.77593487854012111 -0.33713077490699755
-0.70523535020586614 -0.30843523671910045
-0.63466390113223514 -0.28057342816140246
-0.56421502936145862 -0.25350953433932732
-0.49388354362042336 -0.22720976275445162
-0.42366454169626122 -0.20164220254078546
-0.89900789459395924 -0.18835569526275386
-0.81975071878945283 -0.17243532025483474
-0.74098034977627492 -0.15711267758077316
-0.66266987690955803 -0.14235472463958479
-0.58479433714802265 -0.12813081022181655
-0.50733054199286753 -0.11441246201411109
-0.43025692255797393 -0.10117319636655228
-0.91706090764091108 9.8130778667735933e-18
-0.83480652496416285 4.9065389333867966e-18
-0.75319546095705847 1.2266347333466992e-17
-0.67218959485177432 1.471961680016039e-17
-0.59175375940944652 4.9065389333867966e-18
-0.51185546031273255 0
-0.43246462695359039 4.9065389333867966e-18
-0.89900789459395924 0.18835569526275386
-0.81975071878945294 0.17243532025483474
-0.7409803497762748 0.15711267758077313
-0.66266987690955803 0.14235472463958485
-0.58479433714802254 0.12813081022181658
-0.50733054199286753 0.11441246201411109
-0.43025692255797404 0.1011731963665523
-0.84676832237257404 0.36669803360801123
-0.775934878540121 0.33713077490699755
-0.70523535020586603 0.3084352367191005
-0.63466390113223503 0.28057342816140246
-0.56421502936145862 0.25350953433932732
-0.49388354362042336 0.22720976275445159
-0.42366454169626111 0.20164220254078541
-0.76561202305737641 0.52671281479550891
-0.70712134386992764 0.48746277323816078
-0.64850050603147535 0.44886764855194355
-0.58975274028283742 0.41091118467818133
-0.5308811713195305 0.37357765914437363
-0.47188882210737354 0.33685186134945672
-0.41277861798903892 0.30071907190094038
320
4 15 92 50
15 16 93 92
16 17 94 93
17 18 95 94
18 19 96 95
19 20 97 96
20 21 98 97
21 5 43 98
50 92 99 51
92 93 100 99
93 94 101 100
94 95 102 101
95 96 103 102
96 97 104 103
97 98 105 104
98 43 44 105
51 99 106 52
99 100 107 106
100 101 108 107
101 102 109 108
102 103 110 109
103 104 111 110
104 105 112 111
105 44 45 112
52 106 113 53
106 107 114 113
107 108 115 114
108 109 116 115
109 110 117 116
110 111 118 117
111 112 119 118
112 45 46 119
53 113 120 54
113 114 121 120
114 115 122 121
115 116 123 122
116 117 124 123
117 118 125 124
118 119 126 125
119 46 47 126
54 120 127 55
120 121 128 127
121 122 129 128
122 123 130 129
123 124 131 130
124 125 132 131
125 126 133 132
126 47 48 133
55 127 134 56
127 128 135 134
128 129 136 135
129 130 137 136
130 131 138 137
131 132 139 138
132 133 140 139
133 48 49 140
56 134 28 7
134 135 27 28
135 136 26 27
136 137 25 26
137 138 24 25
138 139 23 24
139 140 22 23
140 49 6 22
0 8 141 64
8 9 142 141
9 10 143 142
10 11 144 143
11 12 145 144
12 13 146 145
13 14 147 146
14 1 71 147
64 141 148 65
141 142 149 148
142 143 150 149
143 144 151 150
144 145 152 151
145 146 153 152
146 147 154 153
147 71 72 154
65 148 155 66
148 149 156 155
149 150 157 156
150 151 158 157
151 152 159 158
152 153 160 159
153 154 161 160
154 72 73 161
66 155 162 67
155 156 163 162
156 157 164 163
157 158 165 164
158 159 166 165
159 160 167 166
160 161 168 167
161 73 74 168
67 162 169 68
162 163 170 169
163 164 171 170
164 165 172 171
165 166 173 172
166 167 174 173
167 168 175 174
168 74 75 175
68 169 176 69
169 170 177 176
170 171 178 177
171 172 179 178
172 173 180 179
173 174 181 180
174 175 182 181
175 75 76 182
69 176 183 70
176 177 184 183
177 178 185 184
178 179 186 185
179 180 187 186
180 181 188 187
181 182 189 188
182 76 77 189
70 183 15 4
183 184 16 15
184 185 17 16
185 186 18 17
186 187 19 18
187 188 20 19
188 189 21 20
189 77 5 21
1 36 190 71
36 37 191 190
37 38 192 191
38 39 193 192
39 40 194 193
40 41 195 194
41 42 196 195
42 2 78 196
71 190 197 72
190 191 198 197
191 192 199 198
192 193 200 199
193 194 201 200
194 195 202 201
195 196 203 202
196 78 79 203
72 197 204 73
197 198 205 204
198 199 206 205
199 200 207 206
200 201 208 207
201 202 209 208
202 203 210 209
203 79 80 210
73 204 211 74
204 205 212 211
205 206 213 212
206 207 214 213
207 208 215 214
208 209 216 215
209 210 217 216
210 80 81 217
74 211 218 75
211 212 219 218
212 213 220 219
213 214 221 220
214 215 222 221
215 216 223 222
216 217 224 223
217 81 82 224
75 218 225 76
218 219 226 225
219 220 227 226
220 221 228 227
221 222 229 228
222 223 230 229
223 224 231 230
224 82 83 231
76 225 232 77
225 226 233 232
226 227 234 233
227 228 235 234
228 229 236 235
229 230 237 236
230 231 238 237
231 83 84 238
77 232 43 5
232 233 44 43
233 234 45 44
234 235 46 45
235 236 47 46
236 237 48 47
237 238 49 48
238 84 6 49
3 85 239 35
85 86 240 239
86 87 241 240
87 88 242 241
88 89 243 242
89 90 244 243
90 91 245 244
91 7 28 245
35 239 246 34
239 240 247 246
240 241 248 247
241 242 249 248
242 243 250 249
243 244 251 250
244 245 252 251
245 28 27 252
34 246 253 33
246 247 254 253
247 248 255 254
248 249 256 255
249 250 257 256
250 251 258 257
251 252 259 258
252 27 26 259
33 253 260 32
253 254 261 260
254 255 262 261
255 256 263 262
256 257 264 263
257 258 265 264
258 259 266 265
259 26 25 266
32 260 267 31
260 261 268 267
261 262 269 268
262 263 270 269
263 264 271 270
264 265 272 271
265 266 273 272
266 25 24 273
31 267 274 30
267 268 275 274
268 269 276 275
269 270 277 276
270 271 278 277
271 272 279 278
272 273 280 279
273 24 23 280
30 274 281 29
274 275 282 281
275 276 283 282
276 277 284 283
277 278 285 284
278 279 286 285
279 280 287 286
280 23 22 287
29 281 78 2
281 282 79 78
282 283 80 79
283 284 81 80
284 285 82 81
285 286 83 82
286 287 84 83
287 22 6 84
0 64 288 57
64 65 289 288
65 66 290 289
66 67 291 290
67 68 292 291
68 69 293 292
69 70 294 293
70 4 50 294
57 288 295 58
288 289 296 295
289 290 297 296
290 291 298 297
291 292 299 298
292 293 300 299
293 294 301 300
294 50 51 301
58 295 302 59
295 296 303 302
296 297 304 303
297 298 305 304
298 299 306 305
299 300 307 306
300 301 308 307
301 51 52 308
59 302 309 60
302 303 310 309
303 304 311 310
304 305 312 311
305 306 313 312
306 307 314 313
307 308 315 314
308 52 53 315
60 309 316 61
309 310 317 316
310 311 318 317
311 312 319 318
312 313 320 319
313 314 321 320
314 315 322 321
315 53 54 322
61 316 323 62
316 317 324 323
317 318 325 324
318 319 326 325
319 320 327 326
320 321 328 327
321 322 329 328
322 54 55 329
62 323 330 63
323 324 331 330
324 325 332 331
325 326 333 332
326 327 334 333
327 328 335 334
328 329 336 335
329 55 56 336
63 330 85 3
330 331 86 85
331 332 87 86
332 333 88 87
333 334 89 88
334 335 90 89
335 336 91 90
336 56 7 91
32
0 8
8 9
9 10
10 11
11 12
12 13
13 14
14 1
35 3
34 35
33 34
32 33
31 32
30 31
29 30
2 29
1 36
36 37
37 38
38 39
39 40
40 41
41 42
42 2
57 0
58 57
59 58
60 59
61 60
62 61
63 62
3 63
