MFEM mesh v1.0

dimension
3

elements
320
2 4 22 1 23 24
2 4 1 25 26 27
2 4 23 26 28 29
2 4 24 27 29 30
2 4 23 1 27 24
2 4 23 24 27 29
2 4 23 29 27 26
2 4 23 26 27 1
2 4 22 1 24 31
2 4 1 25 27 32
2 4 24 27 30 33
2 4 31 32 33 34
2 4 1 33 24 31
2 4 1 33 31 32
2 4 1 33 32 27
2 4 1 33 27 24
2 4 22 1 31 35
2 4 1 25 32 36
2 4 31 32 34 37
2 4 35 36 37 38
2 4 35 1 31 32
2 4 35 31 37 32
2 4 35 37 36 32
2 4 35 36 1 32
2 4 22 1 35 23
2 4 1 25 36 26
2 4 35 36 38 39
2 4 23 26 39 28
2 4 1 39 35 23
2 4 1 39 23 26
2 4 1 39 26 36
2 4 1 39 36 35
2 4 40 41 42 2
2 4 41 43 44 3
2 4 42 44 28 4
2 4 2 3 4 5
2 4 41 4 42 2
2 4 41 4 2 3
2 4 41 4 3 44
2 4 41 4 44 42
2 4 43 45 46 6
2 4 45 47 48 7
2 4 46 48 49 8
2 4 6 7 8 9
2 4 45 8 46 6
2 4 45 8 6 7
2 4 45 8 7 48
2 4 45 8 48 46
2 4 28 50 51 10
2 4 50 49 52 11
2 4 51 52 53 12
2 4 10 11 12 13
2 4 50 12 51 10
2 4 50 12 10 11
2 4 50 12 11 52
2 4 50 12 52 51
2 4 5 14 15 16
2 4 14 9 17 18
2 4 15 17 13 19
2 4 16 18 19 20
2 4 14 19 15 16
2 4 14 19 16 18
2 4 14 19 18 17
2 4 14 19 17 15
2 4 43 21 44 3
2 4 21 13 10 15
2 4 44 10 28 4
2 4 3 15 4 5
2 4 44 21 15 3
2 4 44 3 15 4
2 4 44 4 15 10
2 4 44 10 15 21
2 4 43 21 3 6
2 4 21 13 15 17
2 4 3 15 5 14
2 4 6 17 14 9
2 4 21 14 3 6
2 4 21 14 6 17
2 4 21 14 17 15
2 4 21 14 15 3
2 4 43 21 6 46
2 4 21 13 17 11
2 4 6 17 9 8
2 4 46 11 8 49
2 4 46 21 6 17
2 4 46 6 8 17
2 4 46 8 11 17
2 4 46 11 21 17
2 4 43 21 46 44
2 4 21 13 11 10
2 4 46 11 49 50
2 4 44 10 50 28
2 4 21 50 46 44
2 4 21 50 44 10
2 4 21 50 10 11
2 4 21 50 11 46
2 4 54 55 56 57
2 4 56 58 22 35
2 4 57 59 35 38
2 4 55 35 56 57
2 4 55 35 57 59
2 4 55 35 59 58
2 4 55 35 58 56
2 4 60 47 48 45
2 4 61 48 49 46
2 4 62 45 46 43
2 4 60 46 61 62
2 4 60 46 62 45
2 4 60 46 45 48
2 4 60 46 48 61
2 4 22 63 64 23
2 4 63 49 52 50
2 4 64 52 53 51
2 4 23 50 51 28
2 4 63 51 64 23
2 4 63 51 23 50
2 4 63 51 50 52
2 4 63 51 52 64
2 4 38 65 39 66
2 4 65 43 44 41
2 4 39 44 28 42
2 4 66 41 42 40
2 4 65 42 39 66
2 4 65 42 66 41
2 4 65 42 41 44
2 4 65 42 44 39
2 4 67 28 23 39
2 4 58 23 22 35
2 4 59 39 35 38
2 4 67 35 58 59
2 4 67 35 59 39
2 4 67 35 39 23
2 4 67 35 23 58
2 4 67 28 39 44
2 4 59 39 38 65
2 4 62 44 65 43
2 4 67 65 62 44
2 4 67 65 44 39
2 4 67 65 39 59
2 4 67 28 44 50
2 4 62 44 43 46
2 4 61 50 46 49
2 4 67 46 62 61
2 4 67 46 61 50
2 4 67 46 50 44
2 4 67 46 44 62
2 4 67 28 50 23
2 4 61 50 49 63
2 4 58 23 63 22
2 4 67 63 58 23
2 4 67 63 23 50
2 4 67 63 50 61
2 4 54 55 57 68
2 4 57 59 38 69
2 4 60 47 45 70
2 4 62 45 43 71
2 4 60 71 70 45
2 4 60 71 45 62
2 4 38 65 66 72
2 4 65 43 41 73
2 4 66 41 40 74
2 4 65 74 73 41
2 4 65 74 41 66
2 4 59 72 38 69
2 4 62 73 71 43
2 4 62 73 43 65
2 4 59 72 65 38
2 4 53 64 51 75
2 4 64 22 23 24
2 4 51 23 28 29
2 4 75 24 29 30
2 4 64 29 51 75
2 4 64 29 75 24
2 4 64 29 24 23
2 4 64 29 23 51
2 4 22 56 35 31
2 4 56 54 57 76
2 4 35 57 38 37
2 4 31 76 37 34
2 4 56 37 35 31
2 4 56 37 31 76
2 4 56 37 76 57
2 4 56 37 57 35
2 4 28 39 42 26
2 4 39 38 66 36
2 4 42 66 40 77
2 4 26 36 77 25
2 4 39 77 42 26
2 4 39 77 26 36
2 4 39 77 36 66
2 4 39 77 66 42
2 4 30 33 27 78
2 4 33 34 32 79
2 4 27 32 25 80
2 4 33 80 27 78
2 4 33 80 78 79
2 4 33 80 79 32
2 4 33 80 32 27
2 6 81 82 83 84 85 86
2 6 84 85 86 87 88 89
2 6 87 88 89 90 91 92
2 6 90 91 92 47 7 48
2 6 93 92 91 8 48 7
2 6 91 94 93 7 9 8
2 6 92 93 95 48 8 49
2 6 96 97 98 13 11 17
2 6 93 98 97 8 17 11
2 6 97 95 93 11 49 8
2 6 98 93 94 17 8 9
2 6 94 99 98 9 18 17
2 6 100 98 99 19 17 18
2 6 99 101 100 18 20 19
2 6 98 100 96 17 19 13
2 6 95 97 102 49 11 52
2 6 103 102 97 12 52 11
2 6 97 96 103 11 13 12
2 6 102 103 104 52 12 53
2 4 55 105 58 59
2 4 105 60 61 62
2 4 105 67 58 59
2 4 105 67 59 62
2 4 67 65 59 62
2 4 105 67 62 61
2 4 105 67 61 58
2 4 67 63 61 58
2 4 55 105 59 106
2 4 55 69 57 68
2 4 55 69 68 106
2 4 55 69 106 59
2 4 55 69 59 57
2 4 105 60 62 107
2 4 60 71 62 107
2 4 60 71 107 70
2 4 65 74 66 72
2 4 65 74 72 73
2 4 105 108 59 106
2 4 59 108 109 106
2 4 59 106 109 69
2 4 59 69 109 72
2 4 59 72 109 108
2 4 105 108 106 107
2 4 108 110 106 107
2 4 108 110 107 111
2 4 108 110 111 109
2 4 108 110 109 106
2 4 105 108 107 62
2 4 62 108 107 111
2 4 62 107 71 111
2 4 62 71 73 111
2 4 62 73 108 111
2 4 105 108 62 59
2 4 108 65 62 59
2 4 108 65 59 72
2 4 108 65 72 73
2 4 108 65 73 62
2 4 78 79 80 112
2 6 113 83 82 114 86 85
2 6 82 115 113 85 116 114
2 6 83 113 117 86 114 118
2 6 114 86 85 119 89 88
2 6 85 116 114 88 120 119
2 6 86 114 118 89 119 121
2 6 122 117 113 123 118 114
2 6 124 113 115 125 114 116
2 6 123 118 114 126 121 119
2 6 125 114 116 127 119 120
2 6 115 128 124 116 129 125
2 6 130 124 128 131 125 129
2 6 128 132 130 129 133 131
2 6 124 130 134 125 131 135
2 6 116 129 125 120 136 127
2 6 131 125 129 137 127 136
2 6 129 133 131 136 138 137
2 6 125 131 135 127 137 139
2 6 117 122 140 118 123 141
2 6 142 140 122 143 141 123
2 6 122 134 142 123 135 143
2 6 140 142 144 141 143 145
2 6 118 123 141 121 126 146
2 6 143 141 123 147 146 126
2 6 123 135 143 126 139 147
2 6 141 143 145 146 147 148
2 6 119 89 88 93 92 91
2 6 88 120 119 91 94 93
2 6 89 119 121 92 93 95
2 6 139 126 127 96 97 98
2 6 119 127 126 93 98 97
2 6 126 121 119 97 95 93
2 6 127 119 120 98 93 94
2 6 120 136 127 94 99 98
2 6 137 127 136 100 98 99
2 6 136 138 137 99 101 100
2 6 127 137 139 98 100 96
2 6 121 126 146 95 97 102
2 6 147 146 126 103 102 97
2 6 126 139 147 97 96 103
2 6 146 147 148 102 103 104
2 4 68 106 69 149
2 4 107 70 71 150
2 4 72 73 74 151
2 4 149 110 109 152
2 4 110 150 111 153
2 4 152 153 154 155
2 4 110 154 109 152
2 4 110 154 152 153
2 4 110 154 153 111
2 4 110 154 111 109
2 4 108 151 72 109
2 4 106 109 69 149
2 4 108 151 109 111
2 4 106 109 149 110
2 4 107 111 110 150
2 4 108 151 111 73
2 4 107 111 150 71
2 4 108 151 73 72
2 6 134 122 124 135 123 125
2 6 113 124 122 114 125 123
2 6 135 123 125 139 126 127
2 6 114 125 123 119 127 126
2 4 109 111 151 154

boundary
208
11 2 9 18 14
25 2 149 68 106
11 2 43 41 73
11 2 6 14 3
11 2 151 111 73
25 3 53 104 52 102
23 2 155 152 154
16 2 12 53 51
16 2 53 75 51
23 2 38 66 72
25 2 54 56 76
25 3 148 104 146 102
16 2 13 10 15
23 2 68 57 69
16 2 40 42 77
25 3 90 47 48 92
2 2 115 82 113
25 2 49 52 63
23 2 149 68 69
11 2 150 153 111
23 2 76 57 37
16 2 13 19 15
10 3 81 84 82 85
16 2 25 80 27
23 2 151 74 72
25 2 55 68 106
25 3 121 89 95 92
16 2 19 16 15
11 2 40 41 74
25 2 48 60 61
23 2 40 66 77
16 2 25 27 26
25 2 54 55 56
25 3 117 83 118 86
25 2 30 75 24
11 2 47 70 45
2 2 117 83 113
2 2 140 142 122
2 2 83 82 113
25 2 53 64 75
25 2 149 106 110
16 2 5 2 4
23 2 34 76 37
2 2 128 130 124
2 2 134 142 122
10 3 20 18 101 99
25 2 149 152 110
2 2 134 122 124
16 2 2 40 42
13 3 138 101 137 100
16 2 78 80 27
11 2 70 45 71
11 2 6 43 45
16 2 10 28 51
25 2 49 61 63
25 2 105 107 106
10 3 90 7 47 91
23 2 25 80 32
25 2 150 153 110
25 3 49 48 95 92
2 2 81 83 82
13 3 139 135 147 143
11 2 155 153 154
25 2 56 76 31
11 2 150 70 71
25 2 107 106 110
25 2 47 60 70
2 2 132 128 130
13 3 148 104 147 103
16 2 4 28 42
25 2 150 70 107
23 2 149 152 109
25 2 53 52 64
16 2 5 15 4
25 2 55 56 58
16 2 30 29 27
23 2 38 66 36
13 3 139 135 137 131
2 2 117 140 122
25 3 148 145 146 141
25 3 49 52 95 102
16 2 20 19 16
16 2 29 27 26
11 2 9 7 6
16 2 25 77 26
25 2 61 63 58
25 2 105 55 106
25 2 78 79 33
23 2 79 80 32
11 2 2 40 41
11 2 5 16 14
25 3 121 146 95 102
25 2 49 48 61
10 3 115 128 116 129
11 2 7 6 45
25 2 112 78 79
10 3 120 116 136 129
13 3 134 142 135 143
11 2 2 3 41
13 3 20 19 101 100
25 2 64 75 24
13 3 144 142 145 143
25 3 87 84 89 86
10 3 138 133 136 129
23 2 25 77 36
16 2 13 12 10
2 2 144 140 142
10 3 115 82 116 85
11 2 6 3 43
13 3 13 19 96 100
13 3 132 130 133 131
13 3 139 137 96 100
23 2 151 154 109
23 2 34 37 32
11 2 3 43 41
25 2 105 60 107
2 2 113 122 124
13 3 13 12 96 103
10 3 132 128 133 129
16 2 28 51 29
23 2 152 154 109
25 2 150 107 110
11 2 20 18 16
2 2 134 130 124
25 2 30 78 33
23 2 112 79 80
11 2 5 2 3
10 3 120 88 94 91
23 2 38 57 37
10 3 9 7 94 91
23 2 66 74 72
25 2 105 55 58
25 2 105 60 61
16 2 75 51 29
25 2 22 56 58
16 2 112 78 80
10 3 120 116 88 85
23 2 25 32 36
11 2 41 74 73
23 2 69 109 72
25 2 34 31 33
16 2 5 16 15
25 2 24 31 33
25 2 47 48 60
25 2 60 70 107
13 3 139 147 96 103
16 2 30 75 29
11 2 151 154 111
23 2 34 79 32
23 2 38 37 36
23 2 66 77 36
25 2 30 24 33
23 2 54 76 57
23 2 38 57 69
10 3 9 18 94 99
16 2 2 4 42
25 2 34 79 33
25 2 22 56 31
25 3 121 118 89 86
16 2 42 77 26
11 2 71 111 73
25 2 153 152 110
11 2 43 71 73
11 2 153 154 111
16 2 28 29 26
11 2 43 45 71
25 2 22 64 24
23 2 38 69 72
11 2 151 74 73
11 2 5 14 3
25 2 22 63 58
25 2 54 55 68
25 2 105 61 58
10 3 87 84 88 85
2 2 117 113 122
10 3 120 136 94 99
25 2 155 153 152
25 3 87 90 89 92
13 3 134 130 135 131
25 3 117 140 118 141
10 3 138 101 136 99
16 2 10 4 28
25 2 34 76 31
23 2 37 32 36
23 2 54 68 57
10 3 87 90 88 91
23 2 151 109 72
16 2 10 15 4
16 2 30 78 27
2 2 115 128 124
25 3 121 118 146 141
13 3 148 145 147 143
25 3 144 140 145 141
2 2 115 113 124
11 2 7 47 45
13 3 138 133 137 131
23 2 40 66 74
23 2 149 69 109
11 2 150 71 111
25 2 22 64 63
16 2 12 10 51
16 2 28 42 26
25 3 81 84 83 86
25 2 52 64 63
25 2 22 24 31
11 2 18 16 14
13 3 12 53 104 103
11 2 9 6 14

vertices
155
3
 0.25 0.75 0.75
 1 1 0.75
 1 0.75 0.5
 0.75 1 0.5
 1 1 0.5
 1 0.5 0.25
 1 0.25 0
 0.75 0.5 0
 1 0.5 0
 0.5 1 0.25
 0.5 0.75 0
 0.25 1 0
 0.5 1 0
 1 0.75 0.25
 0.75 1 0.25
 1 1 0.25
 0.75 0.75 0
 1 0.75 0
 0.75 1 0
 1 1 0
 0.75 0.75 0.25
 0 0.5 0.5
 0.25 0.75 0.5
 0 0.75 0.5
 0.5 1 1
 0.5 1 0.75
 0.25 1 0.75
 0.5 1 0.5
 0.25 1 0.5
 0 1 0.5
 0 0.5 0.75
 0.25 0.75 1
 0 0.75 0.75
 0 0.5 1
 0.25 0.5 0.75
 0.5 0.75 1
 0.25 0.5 1
 0.5 0.5 1
 0.5 0.75 0.75
 1 1 1
 1 0.75 0.75
 0.75 1 0.75
 1 0.5 0.5
 0.75 0.75 0.5
 1 0.25 0.25
 0.75 0.5 0.25
 1 0 0
 0.75 0.25 0
 0.5 0.5 0
 0.5 0.75 0.25
 0.25 1 0.25
 0.25 0.75 0
 0 1 0
 0 0 1
 0.25 0 0.75
 0 0.25 0.75
 0.25 0.25 1
 0.25 0.25 0.5
 0.5 0.25 0.75
 0.75 0 0.25
 0.5 0.25 0.25
 0.75 0.25 0.5
 0.25 0.5 0.25
 0 0.75 0.25
 0.75 0.5 0.75
 0.75 0.75 1
 0.5 0.5 0.5
 0.25 0 1
 0.5 0.25 1
 1 0 0.25
 1 0.25 0.5
 0.75 0.5 1
 1 0.5 0.75
 1 0.75 1
 0 1 0.25
 0 0.25 1
 0.75 1 1
 0 1 0.75
 0 0.75 1
 0.25 1 1
 1 0 -1
 1 0.25 -1
 0.75 0.25 -1
 1 0 -0.75
 1 0.25 -0.75
 0.75 0.25 -0.75
 1 0 -0.5
 1 0.25 -0.5
 0.75 0.25 -0.5
 1 0 -0.25
 1 0.25 -0.25
 0.75 0.25 -0.25
 0.75 0.5 -0.25
 1 0.5 -0.25
 0.5 0.5 -0.25
 0.5 1 -0.25
 0.5 0.75 -0.25
 0.75 0.75 -0.25
 1 0.75 -0.25
 0.75 1 -0.25
 1 1 -0.25
 0.25 0.75 -0.25
 0.25 1 -0.25
 0 1 -0.25
 0.5 0 0.5
 0.5 0 0.75
 0.75 0 0.5
 0.75 0.25 0.75
 0.75 0.25 1
 0.75 0 0.75
 1 0.25 0.75
 0 1 1
 0.75 0.5 -1
 0.75 0.5 -0.75
 1 0.5 -1
 1 0.5 -0.75
 0.5 0.5 -1
 0.5 0.5 -0.75
 0.75 0.5 -0.5
 1 0.5 -0.5
 0.5 0.5 -0.5
 0.5 0.75 -1
 0.5 0.75 -0.75
 0.75 0.75 -1
 0.75 0.75 -0.75
 0.5 0.75 -0.5
 0.75 0.75 -0.5
 1 0.75 -1
 1 0.75 -0.75
 0.75 1 -1
 0.75 1 -0.75
 1 1 -1
 1 1 -0.75
 0.5 1 -1
 0.5 1 -0.75
 1 0.75 -0.5
 0.75 1 -0.5
 1 1 -0.5
 0.5 1 -0.5
 0.25 0.75 -1
 0.25 0.75 -0.75
 0.25 1 -1
 0.25 1 -0.75
 0 1 -1
 0 1 -0.75
 0.25 0.75 -0.5
 0.25 1 -0.5
 0 1 -0.5
 0.5 0 1
 1 0 0.5
 1 0.5 1
 0.75 0 1
 1 0 0.75
 1 0.25 1
 1 0 1
