MFEM mesh v1.0

dimension
3

elements
320
2 4 1 2 3 4
2 4 2 5 6 7
2 4 3 6 8 9
2 4 2 9 3 4
2 4 2 9 4 7
2 4 2 9 7 6
2 4 2 9 6 3
2 4 5 10 11 12
2 4 10 13 14 15
2 4 10 16 11 12
2 4 10 16 12 15
2 4 10 16 15 14
2 4 10 16 14 11
2 4 8 17 18 19
2 4 18 20 21 22
2 4 17 22 18 19
2 4 17 22 20 18
2 4 5 23 6 7
2 4 6 19 8 9
2 4 5 23 7 12
2 4 5 23 12 11
2 4 5 23 11 6
2 4 6 19 17 8
2 4 1 2 4 24
2 4 2 5 7 25
2 4 24 25 26 27
2 4 2 26 4 24
2 4 2 26 24 25
2 4 2 26 25 7
2 4 2 26 7 4
2 4 5 10 12 28
2 4 10 13 15 29
2 4 28 29 30 31
2 4 10 30 12 28
2 4 10 30 28 29
2 4 10 30 29 15
2 4 10 30 15 12
2 4 27 32 33 34
2 4 32 31 35 36
2 4 34 36 37 38
2 4 32 37 33 34
2 4 32 37 34 36
2 4 32 37 36 35
2 4 32 37 35 33
2 4 5 39 7 25
2 4 25 33 26 27
2 4 7 39 33 25
2 4 7 25 33 26
2 4 5 39 25 28
2 4 25 33 27 32
2 4 28 35 32 31
2 4 39 32 25 28
2 4 39 32 28 35
2 4 39 32 35 33
2 4 39 32 33 25
2 4 5 39 28 12
2 4 28 35 31 30
2 4 12 39 28 35
2 4 12 28 30 35
2 4 5 39 12 7
2 4 21 18 22 40
2 4 18 8 19 41
2 4 40 41 42 43
2 4 18 42 22 40
2 4 18 42 40 41
2 4 18 42 41 19
2 4 18 42 19 22
2 4 8 3 9 44
2 4 3 1 4 45
2 4 44 45 46 47
2 4 3 46 9 44
2 4 3 46 44 45
2 4 3 46 45 4
2 4 3 46 4 9
2 4 43 48 49 50
2 4 48 47 51 52
2 4 50 52 53 54
2 4 48 53 49 50
2 4 48 53 50 52
2 4 48 53 52 51
2 4 48 53 51 49
2 4 8 55 19 41
2 4 41 49 42 43
2 4 19 55 49 41
2 4 19 41 49 42
2 4 8 55 41 44
2 4 41 49 43 48
2 4 44 51 48 47
2 4 55 48 41 44
2 4 55 48 44 51
2 4 55 48 51 49
2 4 55 48 49 41
2 4 8 55 44 9
2 4 44 51 47 46
2 4 9 55 44 51
2 4 9 44 46 51
2 4 8 55 9 19
2 4 15 13 14 56
2 4 22 20 21 57
2 6 58 59 60 13 56 14
2 6 61 62 63 20 57 21
2 4 4 7 9 64
2 4 11 14 65 16
2 4 12 15 16 66
2 4 17 22 19 67
2 4 17 22 67 20
2 4 7 68 9 64
2 4 23 9 6 7
2 4 23 9 7 68
2 4 23 9 68 19
2 4 23 9 19 6
2 4 7 68 64 69
2 4 23 69 7 12
2 4 23 69 12 70
2 4 23 69 70 68
2 4 23 69 68 7
2 4 12 70 66 16
2 4 11 67 16 65
2 4 23 16 12 11
2 4 23 16 11 67
2 4 23 16 67 70
2 4 23 16 70 12
2 4 11 67 65 17
2 4 23 17 11 6
2 4 23 17 6 19
2 4 23 17 19 67
2 4 23 17 67 11
2 4 4 7 64 26
2 4 12 15 66 30
2 4 33 35 71 37
2 4 7 72 64 26
2 4 7 26 33 72
2 4 7 72 33 39
2 4 39 71 33 35
2 4 39 71 35 73
2 4 12 73 30 66
2 4 12 30 73 35
2 4 12 73 39 35
2 4 39 71 73 72
2 4 12 73 66 69
2 4 7 72 69 64
2 4 39 69 12 7
2 4 39 69 7 72
2 4 39 69 72 73
2 4 39 69 73 12
2 4 22 19 74 42
2 4 9 4 64 46
2 4 49 51 75 53
2 4 19 76 74 42
2 4 19 42 49 76
2 4 19 76 49 55
2 4 55 75 49 51
2 4 55 75 51 77
2 4 9 77 46 64
2 4 9 46 77 51
2 4 9 77 55 51
2 4 55 75 77 76
2 4 9 77 64 68
2 4 19 76 68 74
2 4 55 68 9 19
2 4 55 68 19 76
2 4 55 68 76 77
2 4 55 68 77 9
2 4 66 15 16 78
2 4 16 14 65 79
2 4 15 79 16 78
2 4 15 79 78 56
2 4 15 79 56 14
2 4 15 79 14 16
2 4 67 57 20 22
2 4 66 80 78 16
2 4 16 81 79 65
2 4 16 80 78 82
2 4 16 78 79 82
2 4 16 79 81 82
2 4 16 81 80 82
2 4 66 80 16 70
2 4 16 81 65 67
2 4 80 67 16 70
2 4 80 67 70 83
2 4 80 67 83 81
2 4 80 67 81 16
2 6 84 85 86 58 59 60
2 6 87 86 85 88 60 59
2 6 85 89 87 59 90 88
2 6 86 87 91 60 88 92
2 6 88 60 59 79 14 56
2 6 59 90 88 56 93 79
2 6 60 88 92 14 79 65
2 6 94 91 87 95 92 88
2 6 96 87 89 97 88 90
2 6 88 97 95 79 82 81
2 6 95 92 88 81 65 79
2 6 97 88 90 82 79 93
2 6 89 98 96 90 99 97
2 6 100 96 98 101 97 99
2 6 98 102 100 99 103 101
2 6 96 100 104 97 101 105
2 6 90 99 97 93 106 82
2 6 101 97 99 107 82 106
2 6 99 103 101 106 108 107
2 6 97 101 105 82 107 109
2 6 91 94 110 92 95 61
2 6 111 110 94 62 61 95
2 6 94 104 111 95 105 62
2 6 110 111 112 61 62 63
2 6 92 95 61 65 81 20
2 6 62 61 95 57 20 81
2 6 95 105 62 81 109 57
2 4 17 65 20 67
2 4 19 67 22 74
2 4 64 69 68 113
2 4 69 114 68 113
2 4 69 114 113 115
2 4 69 114 115 70
2 4 69 114 70 68
2 4 23 74 19 68
2 4 23 74 68 70
2 4 12 70 69 66
2 4 23 74 70 67
2 4 23 74 67 19
2 4 64 69 113 72
2 4 69 66 115 73
2 4 72 73 116 71
2 4 69 116 113 72
2 4 69 116 72 73
2 4 69 116 73 115
2 4 69 116 115 113
2 4 39 71 72 33
2 4 74 68 114 76
2 4 68 64 113 77
2 4 76 77 117 75
2 4 68 117 114 76
2 4 68 117 76 77
2 4 68 117 77 113
2 4 68 117 113 114
2 4 55 75 76 49
2 4 115 118 70 114
2 4 78 56 79 93
2 4 74 67 22 83
2 4 67 65 20 81
2 4 83 81 57 109
2 4 67 57 22 83
2 4 67 57 83 81
2 4 67 57 81 20
2 4 119 93 82 106
2 4 120 82 109 107
2 4 121 106 107 108
2 4 119 107 121 106
2 4 119 107 106 82
2 4 119 107 82 120
2 4 66 80 70 122
2 4 70 80 120 122
2 4 70 122 120 118
2 4 70 118 120 83
2 4 70 83 120 80
2 4 66 80 122 78
2 4 80 109 120 82
2 4 78 82 119 93
2 4 80 119 122 78
2 4 80 119 78 82
2 4 80 119 82 120
2 4 80 119 120 122
2 4 80 109 82 81
2 4 78 82 93 79
2 4 80 109 81 83
2 4 70 83 67 74
2 6 123 124 125 84 85 86
2 6 126 125 124 87 86 85
2 6 124 127 126 85 89 87
2 6 125 126 128 86 87 91
2 6 129 128 126 94 91 87
2 6 130 126 127 96 87 89
2 6 127 131 130 89 98 96
2 6 132 130 131 100 96 98
2 6 131 133 132 98 102 100
2 6 130 132 134 96 100 104
2 6 128 129 135 91 94 110
2 6 136 135 129 111 110 94
2 6 129 134 136 94 104 111
2 6 135 136 137 110 111 112
2 6 104 94 96 105 95 97
2 6 87 96 94 88 97 95
2 6 105 95 97 109 81 82
2 4 69 66 70 115
2 4 68 70 74 114
2 4 113 115 114 138
2 4 113 115 138 116
2 4 114 113 138 117
2 4 138 115 114 139
2 4 115 66 70 122
2 4 114 70 74 118
2 4 115 118 114 139
2 4 115 118 139 122
2 4 115 118 122 70
2 4 119 107 120 121
2 4 80 109 83 120
2 4 70 83 74 118
2 4 122 120 118 140
2 4 122 120 140 119
2 6 141 142 143 123 124 125
2 6 144 143 142 126 125 124
2 6 142 145 144 124 127 126
2 6 143 144 146 125 126 128
2 6 147 146 144 129 128 126
2 6 148 144 145 130 126 127
2 6 134 129 130 104 94 96
2 6 126 130 129 87 96 94
2 6 145 149 148 127 131 130
2 6 150 148 149 132 130 131
2 6 149 151 150 131 133 132
2 6 148 150 152 130 132 134
2 6 146 147 153 128 129 135
2 6 154 153 147 136 135 129
2 6 147 152 154 129 134 136
2 6 153 154 155 135 136 137
2 4 139 122 118 140
2 4 140 119 120 121
2 6 152 147 148 134 129 130
2 6 144 148 147 126 130 129

boundary
208
10 3 89 127 98 131
10 3 145 142 127 124
10 3 89 85 90 59
25 3 91 86 92 60
11 2 140 121 119
10 3 93 56 90 59
16 2 40 22 42
13 3 152 154 134 136
25 2 8 41 44
16 2 74 42 76
11 2 93 78 119
2 2 145 149 148
11 2 31 29 30
13 3 108 103 107 101
10 3 141 142 123 124
23 2 64 46 77
25 2 43 41 48
23 2 26 33 72
13 3 102 103 100 101
16 2 140 121 120
11 2 29 15 30
23 2 64 4 26
23 2 54 52 53
25 2 5 10 11
11 2 66 30 73
25 3 65 14 92 60
11 2 66 115 122
13 3 104 100 105 101
10 3 102 133 98 131
23 2 27 34 33
16 2 74 114 76
25 3 112 63 110 61
13 3 152 150 134 132
11 2 66 15 30
10 3 93 106 90 99
16 2 114 139 118
25 2 36 34 32
25 2 8 17 6
25 2 2 24 25
23 2 1 45 4
25 2 65 20 17
13 3 102 133 100 132
25 2 10 29 28
10 3 145 149 127 131
25 2 50 52 48
23 2 71 116 72
16 2 140 120 118
16 2 109 107 120
25 2 5 11 6
11 2 78 119 122
25 3 112 137 110 135
11 2 13 29 15
11 2 93 106 119
25 2 21 20 18
11 2 31 36 35
25 2 8 18 17
25 2 5 10 28
11 2 71 35 73
11 2 30 35 73
23 2 47 52 51
23 2 47 45 46
25 2 8 3 6
25 2 38 36 34
23 2 27 26 33
10 3 108 103 106 99
13 3 21 63 57 62
25 2 65 14 11
16 2 109 57 83
25 3 84 123 86 125
11 2 138 115 139
2 2 145 144 148
23 2 71 37 33
23 2 52 53 51
13 3 109 107 105 101
11 2 36 37 35
25 3 91 110 92 61
25 2 1 2 24
25 2 47 45 44
16 2 54 50 53
25 2 31 36 32
16 2 108 107 121
16 2 75 49 76
13 3 151 150 133 132
11 2 38 36 37
23 2 113 117 77
23 2 71 33 72
16 2 21 40 22
11 2 66 115 73
2 2 152 147 148
23 2 1 24 4
25 2 1 3 45
11 2 71 116 73
25 3 146 153 128 135
25 2 11 17 6
13 3 104 111 105 62
16 2 74 22 42
23 2 64 113 72
23 2 113 116 72
2 2 152 150 148
16 2 43 42 49
16 2 138 114 139
16 2 43 50 49
16 2 138 114 117
2 2 146 143 144
2 2 146 153 147
11 2 140 139 122
25 2 47 52 48
25 3 146 143 128 125
11 2 93 56 78
13 3 112 137 111 136
25 2 21 18 40
25 2 20 18 17
16 2 114 117 76
25 2 41 44 48
25 2 31 28 32
23 2 34 37 33
23 2 75 53 51
11 2 115 139 122
16 2 75 53 49
11 2 115 116 73
2 2 151 149 150
16 2 42 49 76
23 2 47 46 51
11 2 56 15 78
25 2 47 44 48
16 2 75 117 76
10 3 84 123 85 124
25 2 13 14 10
25 3 91 128 110 135
11 2 140 119 122
13 3 104 134 100 132
16 2 74 114 118
2 2 153 154 147
2 2 152 154 147
2 2 146 144 147
25 2 27 34 32
25 2 2 3 6
25 2 14 10 11
23 2 64 4 46
23 2 138 113 117
23 2 24 4 26
25 2 43 50 48
25 2 65 11 17
11 2 66 78 122
16 2 50 53 49
10 3 89 127 85 124
25 2 5 2 25
23 2 75 51 77
25 2 18 40 41
25 2 43 40 41
10 3 84 58 85 59
25 2 27 25 32
10 3 89 98 90 99
11 2 31 30 35
23 2 75 117 77
11 2 108 106 121
2 2 149 150 148
10 3 151 149 133 131
11 2 71 37 35
25 2 1 2 3
13 3 112 63 111 62
13 3 109 57 105 62
16 2 83 120 118
2 2 155 153 154
16 2 43 40 42
25 3 141 143 123 125
2 2 145 142 144
25 2 28 25 32
10 3 102 103 98 99
16 2 109 83 120
25 2 31 29 28
25 2 54 50 52
23 2 64 26 72
16 2 57 22 83
25 2 8 18 41
2 2 141 143 142
25 3 155 153 137 135
25 2 3 45 44
23 2 27 24 26
23 2 138 113 116
25 3 65 20 92 61
25 2 13 10 29
25 2 5 2 6
11 2 13 56 15
16 2 21 57 22
11 2 106 121 119
25 3 84 58 86 60
16 2 107 121 120
23 2 45 4 46
25 3 13 58 14 60
2 2 144 147 148
23 2 46 51 77
16 2 140 139 118
25 3 91 128 86 125
25 2 27 24 25
11 2 66 15 78
2 2 143 142 144
10 3 13 58 56 59
23 2 38 34 37
13 3 155 154 137 136
16 2 74 83 118
25 3 21 63 20 61
25 2 5 28 25
25 2 8 3 44
16 2 74 22 83
13 3 104 134 111 136
11 2 138 115 116
23 2 64 113 77

vertices
155
3
 0 0 1
 0.25 0 0.75
 0 0.25 0.75
 0.25 0.25 1
 0.5 0 0.5
 0.25 0.25 0.5
 0.5 0.25 0.75
 0 0.5 0.5
 0.25 0.5 0.75
 0.75 0 0.25
 0.5 0.25 0.25
 0.75 0.25 0.5
 1 0 0
 0.75 0.25 0
 1 0.25 0.25
 0.75 0.5 0.25
 0.25 0.5 0.25
 0 0.75 0.25
 0.25 0.75 0.5
 0.25 0.75 0
 0 1 0
 0.25 1 0.25
 0.5 0.5 0.5
 0.25 0 1
 0.5 0 0.75
 0.5 0.25 1
 0.5 0 1
 0.75 0 0.5
 1 0 0.25
 1 0.25 0.5
 1 0 0.5
 0.75 0 0.75
 0.75 0.25 1
 0.75 0 1
 1 0.25 0.75
 1 0 0.75
 1 0.25 1
 1 0 1
 0.75 0.25 0.75
 0 1 0.25
 0 0.75 0.5
 0.25 1 0.5
 0 1 0.5
 0 0.5 0.75
 0 0.25 1
 0.25 0.5 1
 0 0.5 1
 0 0.75 0.75
 0.25 1 0.75
 0 1 0.75
 0.25 0.75 1
 0 0.75 1
 0.25 1 1
 0 1 1
 0.25 0.75 0.75
 1 0.25 0
 0.25 1 0
 1 0 -0.25
 1 0.25 -0.25
 0.75 0.25 -0.25
 0.25 0.75 -0.25
 0.25 1 -0.25
 0 1 -0.25
 0.5 0.5 1
 0.5 0.5 0
 1 0.5 0.5
 0.5 0.75 0.25
 0.5 0.75 0.75
 0.75 0.5 0.75
 0.75 0.75 0.5
 1 0.5 1
 0.75 0.5 1
 1 0.5 0.75
 0.5 1 0.5
 0.5 1 1
 0.5 1 0.75
 0.5 0.75 1
 1 0.5 0.25
 0.75 0.5 0
 0.75 0.75 0.25
 0.5 0.75 0
 0.75 0.75 0
 0.5 1 0.25
 1 0 -0.5
 1 0.25 -0.5
 0.75 0.25 -0.5
 0.75 0.5 -0.5
 0.75 0.5 -0.25
 1 0.5 -0.5
 1 0.5 -0.25
 0.5 0.5 -0.5
 0.5 0.5 -0.25
 1 0.5 0
 0.5 0.75 -0.5
 0.5 0.75 -0.25
 0.75 0.75 -0.5
 0.75 0.75 -0.25
 1 0.75 -0.5
 1 0.75 -0.25
 0.75 1 -0.5
 0.75 1 -0.25
 1 1 -0.5
 1 1 -0.25
 0.5 1 -0.5
 0.5 1 -0.25
 1 0.75 0
 0.75 1 0
 1 1 0
 0.5 1 0
 0.25 0.75 -0.5
 0.25 1 -0.5
 0 1 -0.5
 0.75 0.75 1
 0.75 1 0.75
 1 0.75 0.75
 1 0.75 1
 0.75 1 1
 0.75 1 0.5
 1 0.75 0.25
 0.75 1 0.25
 1 1 0.25
 1 0.75 0.5
 1 0 -0.75
 1 0.25 -0.75
 0.75 0.25 -0.75
 0.75 0.5 -0.75
 1 0.5 -0.75
 0.5 0.5 -0.75
 0.5 0.75 -0.75
 0.75 0.75 -0.75
 1 0.75 -0.75
 0.75 1 -0.75
 1 1 -0.75
 0.5 1 -0.75
 0.25 0.75 -0.75
 0.25 1 -0.75
 0 1 -0.75
 1 1 1
 1 1 0.75
 1 1 0.5
 1 0 -1
 1 0.25 -1
 0.75 0.25 -1
 0.75 0.5 -1
 1 0.5 -1
 0.5 0.5 -1
 0.5 0.75 -1
 0.75 0.75 -1
 1 0.75 -1
 0.75 1 -1
 1 1 -1
 0.5 1 -1
 0.25 0.75 -1
 0.25 1 -1
 0 1 -1
