MFEM mesh v1.0

dimension
3

elements
320
2 4 1 2 3 4
2 4 2 5 6 7
2 4 3 6 8 9
2 4 4 7 9 10
2 4 2 9 3 4
2 4 2 9 4 7
2 4 2 9 7 6
2 4 2 9 6 3
2 4 5 11 12 13
2 4 11 14 15 16
2 4 12 15 17 18
2 4 13 16 18 19
2 4 11 18 12 13
2 4 11 18 13 16
2 4 11 18 16 15
2 4 11 18 15 12
2 4 8 20 21 22
2 4 20 17 23 24
2 4 21 23 25 26
2 4 22 24 26 27
2 4 20 26 21 22
2 4 20 26 22 24
2 4 20 26 24 23
2 4 20 26 23 21
2 4 10 28 29 30
2 4 28 19 31 32
2 4 29 31 27 33
2 4 30 32 33 34
2 4 28 33 29 30
2 4 28 33 30 32
2 4 28 33 32 31
2 4 28 33 31 29
2 4 5 35 6 7
2 4 35 27 22 29
2 4 6 22 8 9
2 4 7 29 9 10
2 4 35 9 6 7
2 4 35 9 7 29
2 4 35 9 29 22
2 4 35 9 22 6
2 4 5 35 7 13
2 4 35 27 29 31
2 4 7 29 10 28
2 4 13 31 28 19
2 4 35 28 7 13
2 4 35 28 13 31
2 4 35 28 31 29
2 4 35 28 29 7
2 4 5 35 13 12
2 4 35 27 31 24
2 4 13 31 19 18
2 4 12 24 18 17
2 4 35 18 13 12
2 4 35 18 12 24
2 4 35 18 24 31
2 4 35 18 31 13
2 4 5 35 12 6
2 4 35 27 24 22
2 4 12 24 17 20
2 4 6 22 20 8
2 4 35 20 12 6
2 4 35 20 6 22
2 4 35 20 22 24
2 4 35 20 24 12
2 4 1 2 4 36
2 4 2 5 7 37
2 4 4 7 10 38
2 4 36 37 38 39
2 4 2 38 4 36
2 4 2 38 36 37
2 4 2 38 37 7
2 4 2 38 7 4
2 4 5 11 13 40
2 4 11 14 16 41
2 4 13 16 19 42
2 4 40 41 42 43
2 4 11 42 13 40
2 4 11 42 40 41
2 4 11 42 41 16
2 4 11 42 16 13
2 4 10 28 30 44
2 4 28 19 32 45
2 4 30 32 34 46
2 4 44 45 46 47
2 4 28 46 30 44
2 4 28 46 44 45
2 4 28 46 45 32
2 4 28 46 32 30
2 4 39 48 49 50
2 4 48 43 51 52
2 4 49 51 47 53
2 4 50 52 53 54
2 4 48 53 49 50
2 4 48 53 50 52
2 4 48 53 52 51
2 4 48 53 51 49
2 4 5 55 7 37
2 4 55 47 44 49
2 4 7 44 10 38
2 4 37 49 38 39
2 4 7 55 49 37
2 4 7 37 49 38
2 4 7 38 49 44
2 4 7 44 49 55
2 4 5 55 37 40
2 4 55 47 49 51
2 4 37 49 39 48
2 4 40 51 48 43
2 4 55 48 37 40
2 4 55 48 40 51
2 4 55 48 51 49
2 4 55 48 49 37
2 4 5 55 40 13
2 4 55 47 51 45
2 4 40 51 43 42
2 4 13 45 42 19
2 4 13 55 40 51
2 4 13 40 42 51
2 4 13 42 45 51
2 4 13 45 55 51
2 4 5 55 13 7
2 4 55 47 45 44
2 4 13 45 19 28
2 4 7 44 28 10
2 4 55 28 13 7
2 4 55 28 7 44
2 4 55 28 44 45
2 4 55 28 45 13
2 4 25 21 26 56
2 4 21 8 22 57
2 4 26 22 27 58
2 4 56 57 58 59
2 4 21 58 26 56
2 4 21 58 56 57
2 4 21 58 57 22
2 4 21 58 22 26
2 4 8 3 9 60
2 4 3 1 4 61
2 4 9 4 10 62
2 4 60 61 62 63
2 4 3 62 9 60
2 4 3 62 60 61
2 4 3 62 61 4
2 4 3 62 4 9
2 4 27 29 33 64
2 4 29 10 30 65
2 4 33 30 34 66
2 4 64 65 66 67
2 4 29 66 33 64
2 4 29 66 64 65
2 4 29 66 65 30
2 4 29 66 30 33
2 4 59 68 69 70
2 4 68 63 71 72
2 4 69 71 67 73
2 4 70 72 73 74
2 4 68 73 69 70
2 4 68 73 70 72
2 4 68 73 72 71
2 4 68 73 71 69
2 4 8 75 22 57
2 4 75 67 64 69
2 4 22 64 27 58
2 4 57 69 58 59
2 4 22 75 69 57
2 4 22 57 69 58
2 4 22 58 69 64
2 4 22 64 69 75
2 4 8 75 57 60
2 4 75 67 69 71
2 4 57 69 59 68
2 4 60 71 68 63
2 4 75 68 57 60
2 4 75 68 60 71
2 4 75 68 71 69
2 4 75 68 69 57
2 4 8 75 60 9
2 4 75 67 71 65
2 4 60 71 63 62
2 4 9 65 62 10
2 4 9 75 60 71
2 4 9 60 62 71
2 4 9 62 65 71
2 4 9 65 75 71
2 4 8 75 9 22
2 4 75 67 65 64
2 4 9 65 10 29
2 4 22 64 29 27
2 4 75 29 9 22
2 4 75 29 22 64
2 4 75 29 64 65
2 4 75 29 65 9
2 4 34 32 33 76
2 4 32 19 31 77
2 4 33 31 27 78
2 4 32 78 33 76
2 4 32 78 76 77
2 4 32 78 77 31
2 4 32 78 31 33
2 4 19 16 18 79
2 4 16 14 15 80
2 4 18 15 17 81
2 4 16 81 18 79
2 4 16 81 79 80
2 4 16 81 80 15
2 4 16 81 15 18
2 4 27 24 26 82
2 4 24 17 23 83
2 4 26 23 25 84
2 4 24 84 26 82
2 4 24 84 82 83
2 4 24 84 83 23
2 4 24 84 23 26
2 4 19 85 31 77
2 4 31 82 27 78
2 4 31 85 86 77
2 4 31 77 86 78
2 4 31 78 86 82
2 4 31 82 86 85
2 4 19 85 77 79
2 4 19 85 79 18
2 4 18 83 81 17
2 4 18 85 79 87
2 4 18 79 81 87
2 4 18 81 83 87
2 4 18 83 85 87
2 4 19 85 18 31
2 4 18 83 17 24
2 4 31 82 24 27
2 4 85 24 18 31
2 4 85 24 31 82
2 4 85 24 82 83
2 4 85 24 83 18
2 6 88 89 90 14 80 15
2 6 91 90 89 81 15 80
2 6 90 91 92 15 81 17
2 6 93 92 91 83 17 81
2 6 92 93 94 17 83 23
2 6 95 94 93 84 23 83
2 6 94 95 96 23 84 25
2 4 76 77 78 97
2 4 79 80 81 98
2 4 82 83 84 99
2 4 85 99 82 86
2 4 77 86 78 97
2 4 85 99 86 87
2 4 77 86 97 100
2 4 85 100 77 79
2 4 85 100 79 87
2 4 85 100 87 86
2 4 85 100 86 77
2 4 85 99 87 83
2 4 79 87 98 81
2 4 85 99 83 82
2 6 101 102 103 88 89 90
2 6 104 103 102 91 90 89
2 6 102 105 104 89 106 91
2 6 103 104 107 90 91 92
2 6 89 106 91 80 98 81
2 6 108 107 104 93 92 91
2 6 109 104 105 110 91 106
2 6 111 93 110 99 83 87
2 6 91 110 93 81 87 83
2 6 110 91 106 87 81 98
2 6 105 112 109 106 113 110
2 6 114 109 112 115 110 113
2 6 112 116 114 113 117 115
2 6 109 114 118 110 115 111
2 6 106 113 110 98 119 87
2 6 115 110 113 120 87 119
2 6 113 117 115 119 121 120
2 6 110 115 111 87 120 99
2 6 107 108 122 92 93 94
2 6 123 122 108 95 94 93
2 6 108 118 123 93 111 95
2 6 122 123 124 94 95 96
2 6 93 111 95 83 99 84
2 4 97 100 86 125
2 4 100 98 87 119
2 4 86 87 99 120
2 4 125 119 120 121
2 4 100 120 86 125
2 4 100 120 125 119
2 4 100 120 119 87
2 4 100 120 87 86
2 4 79 87 100 98
2 6 126 127 128 101 102 103
2 6 129 128 127 104 103 102
2 6 127 130 129 102 105 104
2 6 128 129 131 103 104 107
2 6 132 131 129 108 107 104
2 6 133 129 130 109 104 105
2 6 130 134 133 105 112 109
2 6 135 133 134 114 109 112
2 6 134 136 135 112 116 114
2 6 133 135 137 109 114 118
2 6 131 132 138 107 108 122
2 6 139 138 132 123 122 108
2 6 132 137 139 108 118 123
2 6 138 139 140 122 123 124
2 6 118 108 109 111 93 110
2 6 104 109 108 91 110 93
2 6 141 142 143 126 127 128
2 6 144 143 142 129 128 127
2 6 142 145 144 127 130 129
2 6 143 144 146 128 129 131
2 6 147 146 144 132 131 129
2 6 148 144 145 133 129 130
2 6 137 132 133 118 108 109
2 6 129 133 132 104 109 108
2 6 145 149 148 130 134 133
2 6 150 148 149 135 133 134
2 6 149 151 150 134 136 135
2 6 148 150 152 133 135 137
2 6 146 147 153 131 132 138
2 6 154 153 147 139 138 132
2 6 147 152 154 132 137 139
2 6 153 154 155 138 139 140
2 6 152 147 148 137 132 133
2 6 144 148 147 129 133 132

boundary
208
16 2 121 120 125
2 2 145 149 148
23 2 47 46 44
25 3 146 153 131 138
25 2 63 72 68
11 2 98 80 79
11 2 43 41 42
11 2 19 16 79
25 2 5 40 37
25 2 43 40 48
2 2 146 144 147
25 2 8 3 6
23 2 1 36 4
25 2 5 2 6
25 2 43 52 48
11 2 16 80 79
25 3 25 23 96 94
10 3 105 112 106 113
25 2 59 56 57
25 2 1 2 3
11 2 47 51 45
25 2 54 52 50
25 2 70 72 68
25 2 8 21 20
11 2 79 100 77
23 2 39 50 49
23 2 30 66 65
2 2 144 147 148
10 3 14 88 80 89
11 2 14 16 80
25 2 14 11 41
11 2 42 51 45
16 2 56 26 58
25 2 1 2 36
10 3 101 126 102 127
11 2 41 16 42
2 2 141 143 142
23 2 47 53 49
16 2 120 125 86
16 2 25 26 84
11 2 52 53 51
2 2 152 154 147
23 2 10 62 65
25 2 17 15 12
25 3 101 88 103 90
25 2 59 70 68
11 2 43 42 51
13 3 121 117 120 115
10 3 105 102 106 89
16 2 59 70 69
16 2 82 86 78
13 3 116 136 114 135
10 3 151 149 136 134
23 2 47 49 44
16 2 27 33 64
13 3 25 96 84 95
23 2 10 4 62
25 3 14 15 88 90
25 3 101 126 103 128
25 2 17 12 20
13 3 124 140 123 139
25 3 155 153 140 138
16 2 27 33 78
16 2 26 84 82
11 2 43 52 51
16 2 34 33 66
16 2 74 70 73
23 2 63 72 71
25 2 25 23 21
25 2 3 61 60
11 2 19 16 42
23 2 30 46 44
25 2 12 20 6
25 2 39 36 37
11 2 14 41 16
23 2 10 4 38
23 2 72 73 71
23 2 36 4 38
13 3 116 117 114 115
25 3 17 15 92 90
10 3 145 142 130 127
11 2 34 32 76
25 3 107 122 92 94
25 2 15 11 12
10 3 105 130 102 127
2 2 145 142 144
13 3 118 137 123 139
25 2 5 2 37
10 3 101 88 102 89
25 2 1 3 61
2 2 153 154 147
25 2 2 36 37
13 3 118 114 111 115
13 3 99 120 111 115
11 2 34 32 46
25 3 107 131 103 128
25 2 8 21 57
13 3 118 123 111 95
16 2 58 69 64
16 2 67 66 64
16 2 59 58 69
25 3 107 103 92 90
10 3 141 142 126 127
13 3 155 154 140 139
2 2 151 149 150
11 2 98 79 100
2 2 146 143 144
11 2 47 46 45
25 2 23 21 20
16 2 97 86 78
25 2 43 41 40
23 2 67 71 65
11 2 121 119 125
2 2 155 153 154
16 2 34 33 76
2 2 146 153 147
16 2 27 26 58
2 2 149 150 148
25 2 11 41 40
11 2 47 53 51
16 2 70 73 69
11 2 19 79 77
11 2 19 32 77
16 2 99 120 86
25 2 14 15 11
16 2 99 82 86
16 2 97 125 86
23 2 63 61 62
11 2 97 100 77
10 3 145 149 130 134
16 2 27 26 82
25 2 57 60 68
23 2 54 50 53
25 3 124 96 122 94
10 3 121 117 119 113
23 2 34 30 46
16 2 67 73 69
25 2 2 3 6
23 2 10 30 65
25 3 146 143 131 128
25 2 8 57 60
16 2 97 76 78
25 3 107 131 122 138
25 2 39 37 48
10 3 98 80 106 89
11 2 19 32 45
2 2 143 142 144
11 2 54 52 53
25 3 124 140 122 138
25 2 8 3 60
16 2 59 56 58
25 2 5 11 40
23 2 39 38 49
10 3 116 117 112 113
2 2 152 147 148
10 3 116 136 112 134
25 2 63 60 68
11 2 119 125 100
13 3 151 150 136 135
13 3 152 150 137 135
25 2 5 11 12
13 3 152 154 137 139
23 2 62 71 65
25 2 17 23 20
25 2 25 21 56
25 2 8 20 6
10 3 98 119 106 113
10 3 105 130 112 134
25 2 40 37 48
25 2 74 70 72
25 2 39 50 48
25 3 17 23 92 94
16 2 99 84 82
16 2 67 69 64
25 2 5 12 6
11 2 97 125 100
16 2 33 76 78
23 2 67 66 65
23 2 38 49 44
2 2 152 150 148
25 2 63 61 60
23 2 74 72 73
23 2 1 61 4
13 3 118 137 114 135
11 2 97 76 77
25 2 52 50 48
16 2 27 58 64
11 2 98 119 100
13 3 124 96 123 95
2 2 145 144 148
23 2 67 73 71
25 2 59 57 68
25 3 141 143 126 128
16 2 33 66 64
16 2 27 82 78
16 2 25 56 26
25 2 21 56 57
13 3 99 84 111 95
23 2 50 53 49
23 2 63 62 71
23 2 10 38 44
11 2 19 42 45
23 2 61 4 62
23 2 34 30 66
11 2 32 46 45
23 2 10 30 44
11 2 32 76 77
23 2 39 36 38

vertices
155
3
 0 0 1
 0.25 0 0.75
 0 0.25 0.75
 0.25 0.25 1
 0.5 0 0.5
 0.25 0.25 0.5
 0.5 0.25 0.75
 0 0.5 0.5
 0.25 0.5 0.75
 0.5 0.5 1
 0.75 0 0.25
 0.5 0.25 0.25
 0.75 0.25 0.5
 1 0 0
 0.75 0.25 0
 1 0.25 0.25
 0.5 0.5 0
 0.75 0.5 0.25
 1 0.5 0.5
 0.25 0.5 0.25
 0 0.75 0.25
 0.25 0.75 0.5
 0.25 0.75 0
 0.5 0.75 0.25
 0 1 0
 0.25 1 0.25
 0.5 1 0.5
 0.75 0.5 0.75
 0.5 0.75 0.75
 0.75 0.75 1
 0.75 0.75 0.5
 1 0.75 0.75
 0.75 1 0.75
 1 1 1
 0.5 0.5 0.5
 0.25 0 1
 0.5 0 0.75
 0.5 0.25 1
 0.5 0 1
 0.75 0 0.5
 1 0 0.25
 1 0.25 0.5
 1 0 0.5
 0.75 0.5 1
 1 0.5 0.75
 1 0.75 1
 1 0.5 1
 0.75 0 0.75
 0.75 0.25 1
 0.75 0 1
 1 0.25 0.75
 1 0 0.75
 1 0.25 1
 1 0 1
 0.75 0.25 0.75
 0 1 0.25
 0 0.75 0.5
 0.25 1 0.5
 0 1 0.5
 0 0.5 0.75
 0 0.25 1
 0.25 0.5 1
 0 0.5 1
 0.5 1 0.75
 0.5 0.75 1
 0.75 1 1
 0.5 1 1
 0 0.75 0.75
 0.25 1 0.75
 0 1 0.75
 0.25 0.75 1
 0 0.75 1
 0.25 1 1
 0 1 1
 0.25 0.75 0.75
 1 1 0.75
 1 0.75 0.5
 0.75 1 0.5
 1 0.5 0.25
 1 0.25 0
 0.75 0.5 0
 0.5 1 0.25
 0.5 0.75 0
 0.25 1 0
 0.75 0.75 0.25
 0.75 1 0.25
 0.75 0.75 0
 1 0 -0.25
 1 0.25 -0.25
 0.75 0.25 -0.25
 0.75 0.5 -0.25
 0.5 0.5 -0.25
 0.5 0.75 -0.25
 0.25 0.75 -0.25
 0.25 1 -0.25
 0 1 -0.25
 1 1 0.5
 1 0.5 0
 0.5 1 0
 1 0.75 0.25
 1 0 -0.5
 1 0.25 -0.5
 0.75 0.25 -0.5
 0.75 0.5 -0.5
 1 0.5 -0.5
 1 0.5 -0.25
 0.5 0.5 -0.5
 0.5 0.75 -0.5
 0.75 0.75 -0.5
 0.75 0.75 -0.25
 0.5 1 -0.25
 1 0.75 -0.5
 1 0.75 -0.25
 0.75 1 -0.5
 0.75 1 -0.25
 1 1 -0.5
 1 1 -0.25
 0.5 1 -0.5
 1 0.75 0
 0.75 1 0
 1 1 0
 0.25 0.75 -0.5
 0.25 1 -0.5
 0 1 -0.5
 1 1 0.25
 1 0 -0.75
 1 0.25 -0.75
 0.75 0.25 -0.75
 0.75 0.5 -0.75
 1 0.5 -0.75
 0.5 0.5 -0.75
 0.5 0.75 -0.75
 0.75 0.75 -0.75
 1 0.75 -0.75
 0.75 1 -0.75
 1 1 -0.75
 0.5 1 -0.75
 0.25 0.75 -0.75
 0.25 1 -0.75
 0 1 -0.75
 1 0 -1
 1 0.25 -1
 0.75 0.25 -1
 0.75 0.5 -1
 1 0.5 -1
 0.5 0.5 -1
 0.5 0.75 -1
 0.75 0.75 -1
 1 0.75 -1
 0.75 1 -1
 1 1 -1
 0.5 1 -1
 0.25 0.75 -1
 0.25 1 -1
 0 1 -1
