MFEM mesh v1.0

dimension
3

elements
320
2 6 1 2 3 4 5 6
2 6 7 3 2 8 6 5
2 6 2 9 7 5 10 8
2 6 3 7 11 6 8 12
2 6 4 5 6 13 14 15
2 6 8 6 5 16 15 14
2 6 5 10 8 14 17 16
2 6 6 8 12 15 16 18
2 6 19 20 21 22 23 24
2 6 7 21 20 8 24 23
2 6 20 11 7 23 12 8
2 6 21 7 9 24 8 10
2 6 22 23 24 25 26 27
2 6 8 24 23 16 27 26
2 6 23 12 8 26 18 16
2 6 24 8 10 27 16 17
2 6 9 28 21 10 29 24
2 6 30 21 28 31 24 29
2 6 28 32 30 29 33 31
2 6 21 30 19 24 31 22
2 6 10 29 24 17 34 27
2 6 31 24 29 35 27 34
2 6 29 33 31 34 36 35
2 6 24 31 22 27 35 25
2 6 11 20 37 12 23 38
2 6 39 37 20 40 38 23
2 6 20 19 39 23 22 40
2 6 37 39 41 38 40 42
2 6 12 23 38 18 26 43
2 6 40 38 23 44 43 26
2 6 23 22 40 26 25 44
2 6 38 40 42 43 44 45
2 6 13 14 15 46 47 48
2 6 16 15 14 49 48 47
2 6 14 17 16 47 50 49
2 6 15 16 18 48 49 51
2 6 46 47 48 61 62 63
2 6 49 48 47 64 63 62
2 6 47 50 49 62 65 64
2 6 48 49 51 63 64 66
2 6 25 26 27 52 53 54
2 6 16 27 26 49 54 53
2 6 26 18 16 53 51 49
2 6 27 16 17 54 49 50
2 6 52 53 54 67 68 69
2 6 49 54 53 64 69 68
2 6 53 51 49 68 66 64
2 6 54 49 50 69 64 65
2 6 17 34 27 50 55 54
2 6 35 27 34 56 54 55
2 6 34 36 35 55 57 56
2 6 27 35 25 54 56 52
2 6 50 55 54 65 70 69
2 6 56 54 55 71 69 70
2 6 55 57 56 70 72 71
2 6 54 56 52 69 71 67
2 6 18 26 43 51 53 58
2 6 44 43 26 59 58 53
2 6 26 25 44 53 52 59
2 6 43 44 45 58 59 60
2 6 51 53 58 66 68 73
2 6 59 58 53 74 73 68
2 6 53 52 59 68 67 74
2 6 58 59 60 73 74 75
2 4 76 77 78 79
2 4 77 80 81 82
2 4 77 83 78 79
2 4 77 83 79 82
2 4 77 83 82 81
2 4 77 83 81 78
2 4 80 84 85 86
2 4 84 61 63 87
2 4 85 63 66 88
2 4 84 88 85 86
2 4 84 88 86 87
2 4 84 88 87 63
2 4 84 88 63 85
2 4 89 66 73 90
2 4 91 73 75 92
2 4 89 92 90 73
2 4 89 92 73 91
2 4 80 93 81 82
2 4 80 93 82 86
2 4 80 93 86 85
2 4 85 90 88 66
2 4 80 93 85 81
2 4 85 90 66 89
2 4 76 77 79 94
2 4 77 80 82 95
2 4 77 96 79 94
2 4 77 96 94 95
2 4 77 96 95 82
2 4 77 96 82 79
2 4 80 84 86 97
2 4 84 61 87 98
2 4 84 99 86 97
2 4 84 99 97 98
2 4 84 99 98 87
2 4 84 99 87 86
2 4 80 100 82 95
2 4 80 100 95 97
2 4 80 100 97 86
2 4 80 100 86 82
2 4 75 91 92 101
2 4 78 76 79 102
2 4 87 61 63 62
2 4 88 63 66 64
2 4 103 62 64 65
2 4 87 64 88 103
2 4 87 64 103 62
2 4 87 64 62 63
2 4 87 64 63 88
2 4 90 66 73 68
2 4 92 73 75 74
2 4 104 68 74 67
2 4 90 74 92 104
2 4 90 74 104 68
2 4 90 74 68 73
2 4 90 74 73 92
2 4 105 65 69 70
2 4 106 69 67 71
2 4 107 70 71 72
2 4 105 71 106 107
2 4 105 71 107 70
2 4 105 71 70 69
2 4 105 71 69 106
2 4 108 67 104 106
2 4 108 67 106 69
2 4 103 69 105 65
2 4 108 105 103 69
2 4 108 105 69 106
2 4 108 67 69 68
2 4 103 69 65 64
2 4 88 68 64 66
2 4 88 108 103 69
2 4 88 103 64 69
2 4 88 64 68 69
2 4 88 68 108 69
2 4 108 67 68 104
2 4 88 68 66 90
2 4 108 90 104 68
2 4 108 90 68 88
2 4 78 81 109 83
2 4 79 82 83 110
2 4 86 87 88 111
2 4 89 92 91 112
2 4 89 92 112 90
2 4 81 112 109 83
2 4 82 113 83 110
2 4 93 83 81 82
2 4 93 83 82 113
2 4 93 83 113 112
2 4 93 83 112 81
2 4 82 113 110 114
2 4 93 114 82 86
2 4 93 114 86 115
2 4 93 114 115 113
2 4 93 114 113 82
2 4 86 115 111 88
2 4 93 88 86 85
2 4 93 88 85 90
2 4 93 88 90 115
2 4 93 88 115 86
2 4 81 112 89 109
2 4 93 89 85 81
2 4 93 89 81 112
2 4 93 89 112 90
2 4 93 89 90 85
2 4 79 82 110 96
2 4 94 95 96 116
2 4 86 87 111 99
2 4 97 98 99 117
2 4 82 118 110 96
2 4 95 119 96 116
2 4 82 100 119 95
2 4 82 95 119 96
2 4 82 96 119 118
2 4 82 118 119 100
2 4 95 119 116 120
2 4 100 120 95 97
2 4 100 120 97 121
2 4 100 120 121 119
2 4 100 120 119 95
2 4 97 121 117 99
2 4 86 122 99 111
2 4 86 100 97 121
2 4 86 97 99 121
2 4 86 99 122 121
2 4 86 122 100 121
2 4 86 122 111 114
2 4 82 118 114 110
2 4 100 114 86 82
2 4 100 114 82 118
2 4 100 114 118 122
2 4 100 114 122 86
2 4 91 123 92 101
2 4 91 123 101 124
2 4 91 123 124 112
2 4 91 123 112 92
2 4 109 78 83 125
2 4 83 79 110 126
2 4 78 126 83 125
2 4 78 126 125 102
2 4 78 126 102 79
2 4 78 126 79 83
2 4 112 124 127 123
2 4 112 123 127 128
2 4 112 128 127 129
2 4 109 129 125 83
2 4 83 130 126 110
2 4 83 129 125 131
2 4 83 125 126 131
2 4 83 126 130 131
2 4 83 130 129 131
2 4 109 129 83 112
2 4 83 130 110 113
2 4 129 113 83 112
2 4 129 113 112 128
2 4 129 113 128 130
2 4 129 113 130 83
2 4 111 87 88 103
2 4 132 90 92 104
2 4 133 105 106 107
2 4 115 104 106 108
2 4 134 106 133 105
2 4 108 105 134 103
2 4 108 105 106 134
2 4 111 108 103 88
2 4 111 108 88 115
2 4 115 104 90 132
2 4 108 90 88 115
2 4 108 90 115 104
2 4 109 89 91 112
2 4 112 90 92 132
2 4 110 114 113 135
2 4 114 136 113 135
2 4 114 136 135 137
2 4 114 136 137 115
2 4 114 136 115 113
2 4 93 132 112 113
2 4 93 132 113 115
2 4 86 115 114 111
2 4 93 132 115 90
2 4 93 132 90 112
2 4 110 114 135 118
2 4 114 111 137 122
2 4 114 138 135 118
2 4 114 138 118 122
2 4 114 138 122 137
2 4 114 138 137 135
2 4 116 120 119 139
2 4 120 117 121 140
2 4 139 140 141 142
2 4 120 141 119 139
2 4 120 141 139 140
2 4 120 141 140 121
2 4 120 141 121 119
2 4 100 143 118 119
2 4 100 143 119 121
2 4 97 121 120 117
2 4 100 143 121 122
2 4 100 143 122 118
2 4 91 109 112 124
2 4 92 112 132 123
2 4 101 124 123 144
2 4 125 102 126 145
2 4 113 110 135 130
2 4 113 146 128 130
2 4 113 146 130 135
2 4 113 146 135 136
2 4 144 147 127 148
2 4 147 145 131 149
2 4 148 149 150 151
2 4 147 150 127 148
2 4 147 150 148 149
2 4 147 150 149 131
2 4 147 150 131 127
2 4 109 129 112 124
2 4 129 152 128 127
2 4 112 128 132 123
2 4 124 127 123 144
2 4 112 129 127 124
2 4 109 129 124 125
2 4 129 152 127 131
2 4 124 127 144 147
2 4 125 131 147 145
2 4 129 147 124 125
2 4 129 147 125 131
2 4 129 147 131 127
2 4 129 147 127 124
2 4 129 152 131 130
2 4 125 131 145 126
2 4 129 152 130 128
2 4 112 128 113 132
2 4 137 153 115 136
2 4 111 108 115 134
2 4 115 104 132 153
2 4 134 106 153 133
2 4 115 108 106 134
2 4 115 134 106 153
2 4 115 153 106 104
2 4 111 108 134 103
2 4 114 111 115 137
2 4 113 115 132 136
2 4 135 137 136 154
2 4 135 137 154 138
2 4 118 122 138 143
2 4 119 121 143 141
2 4 132 113 136 128
2 4 136 135 154 146
2 4 128 130 146 152
2 4 113 146 136 128
2 4 127 131 152 150
2 4 154 137 136 155
2 4 137 111 115 134
2 4 136 115 132 153
2 4 155 134 153 133
2 4 137 153 136 155
2 4 137 153 155 134
2 4 137 153 134 115

boundary
208
2 2 7 20 21
25 2 84 98 97
2 2 11 37 20
23 2 116 94 96
25 2 109 78 125
23 2 145 102 126
25 2 117 97 120
25 3 3 6 1 4
23 2 116 96 119
23 2 149 150 131
25 2 109 89 81
25 2 117 140 120
25 2 73 91 89
11 2 133 105 134
25 2 109 91 89
16 2 132 136 153
25 2 145 102 125
25 2 80 97 95
13 3 19 39 22 40
11 2 72 70 107
25 3 45 60 43 58
23 2 76 94 79
11 2 142 140 141
2 2 19 20 21
25 2 63 84 85
2 2 11 3 7
16 2 75 101 92
25 3 11 37 12 38
25 2 145 125 147
25 3 41 37 42 38
16 2 144 101 123
25 2 61 84 98
10 3 50 47 65 62
25 3 18 12 43 38
25 3 45 42 43 38
25 2 76 77 94
25 2 144 101 124
10 3 9 2 10 5
23 2 152 146 130
11 2 70 107 105
16 2 136 155 153
23 2 143 138 118
16 2 152 127 128
10 3 17 10 34 29
16 2 123 127 128
16 2 104 106 153
16 2 148 150 127
25 3 18 15 51 48
2 2 3 2 1
2 2 19 39 20
11 2 111 87 99
25 2 80 77 95
13 3 32 30 33 31
23 2 94 79 96
11 2 111 103 134
10 3 17 10 14 5
2 2 28 30 21
10 3 57 55 72 70
16 2 133 107 106
23 2 145 149 131
11 2 117 99 121
23 2 143 119 118
25 2 80 84 85
16 2 144 123 127
11 2 154 137 155
16 2 101 92 123
23 2 116 139 119
11 2 61 98 87
25 2 145 149 147
25 2 124 125 147
16 2 133 155 153
16 2 67 71 106
10 3 17 14 50 47
25 2 80 85 81
16 2 74 92 104
10 3 2 5 1 4
13 3 25 35 52 56
13 3 25 22 35 31
11 2 65 62 103
25 2 116 95 120
11 2 143 121 122
16 2 144 148 127
25 2 144 148 147
16 2 132 123 128
25 2 76 77 78
11 2 65 103 105
25 2 80 84 97
11 2 103 105 134
25 2 109 91 124
23 2 110 79 96
11 2 143 141 121
11 2 111 137 134
25 2 77 94 95
25 2 77 78 81
25 3 18 12 15 6
16 2 71 107 106
16 2 67 74 104
25 2 76 78 102
25 2 109 124 125
13 3 25 22 44 40
25 3 48 61 46 63
25 3 11 3 12 6
13 3 45 42 44 40
16 2 152 146 128
2 2 37 39 20
16 2 132 92 123
11 2 154 137 138
16 2 154 136 155
25 2 140 139 120
23 2 76 102 79
13 3 60 59 75 74
23 2 102 79 126
25 2 61 63 84
25 3 51 48 66 63
10 3 47 61 46 62
10 3 36 57 34 55
25 2 78 102 125
25 2 142 140 139
10 3 14 47 13 46
2 2 32 28 30
10 3 36 33 34 29
25 3 18 43 51 58
23 2 152 150 131
23 2 154 135 138
13 3 25 44 52 59
2 2 9 28 21
13 3 52 59 67 74
11 2 111 99 122
23 2 135 146 130
23 2 143 141 119
11 2 98 87 99
2 2 19 30 21
11 2 133 107 105
23 2 110 135 118
25 2 80 77 81
11 2 117 98 99
2 2 9 7 21
2 2 3 2 7
11 2 99 121 122
23 2 145 126 131
25 2 144 124 147
25 2 148 149 147
13 3 36 57 35 56
25 2 91 101 124
13 3 41 39 42 40
23 2 139 141 119
2 2 9 2 7
13 3 36 33 35 31
25 2 66 73 89
11 2 61 62 87
16 2 132 136 128
10 3 50 55 65 70
25 3 15 6 13 4
11 2 133 155 134
11 2 111 137 122
23 2 110 135 130
25 2 151 148 149
16 2 154 136 146
16 2 136 146 128
23 2 151 149 150
10 3 32 28 33 29
10 3 14 5 13 4
16 2 132 92 104
11 2 117 140 121
16 2 67 104 106
25 2 117 98 97
25 2 75 73 91
23 2 142 139 141
23 2 152 131 130
23 2 96 119 118
11 2 137 138 122
23 2 110 96 118
13 3 57 56 72 71
25 2 97 95 120
25 2 116 139 120
16 2 72 71 107
11 2 111 87 103
13 3 19 30 22 31
25 3 51 58 66 73
11 2 137 155 134
10 3 17 34 50 55
23 2 154 135 146
25 2 75 91 101
16 2 132 104 153
16 2 152 150 127
25 2 85 89 81
25 2 66 63 85
25 2 66 85 89
25 3 60 58 75 73
2 2 11 7 20
10 3 9 28 10 29
25 3 15 48 13 46
11 2 62 87 103
25 2 109 78 81
11 2 140 141 121
16 2 133 106 153
23 2 110 126 130
16 2 75 74 92
13 3 45 60 44 59
11 2 65 70 105
23 2 126 131 130
25 2 116 94 95
2 2 41 37 39
13 3 52 56 67 71
23 2 110 79 126
16 2 151 148 150
23 2 135 138 118
11 2 143 138 122

vertices
155
3
 1 0 -1
 1 0.25 -1
 0.75 0.25 -1
 1 0 -0.75
 1 0.25 -0.75
 0.75 0.25 -0.75
 0.75 0.5 -1
 0.75 0.5 -0.75
 1 0.5 -1
 1 0.5 -0.75
 0.5 0.5 -1
 0.5 0.5 -0.75
 1 0 -0.5
 1 0.25 -0.5
 0.75 0.25 -0.5
 0.75 0.5 -0.5
 1 0.5 -0.5
 0.5 0.5 -0.5
 0.5 1 -1
 0.5 0.75 -1
 0.75 0.75 -1
 0.5 1 -0.75
 0.5 0.75 -0.75
 0.75 0.75 -0.75
 0.5 1 -0.5
 0.5 0.75 -0.5
 0.75 0.75 -0.5
 1 0.75 -1
 1 0.75 -0.75
 0.75 1 -1
 0.75 1 -0.75
 1 1 -1
 1 1 -0.75
 1 0.75 -0.5
 0.75 1 -0.5
 1 1 -0.5
 0.25 0.75 -1
 0.25 0.75 -0.75
 0.25 1 -1
 0.25 1 -0.75
 0 1 -1
 0 1 -0.75
 0.25 0.75 -0.5
 0.25 1 -0.5
 0 1 -0.5
 1 0 -0.25
 1 0.25 -0.25
 0.75 0.25 -0.25
 0.75 0.5 -0.25
 1 0.5 -0.25
 0.5 0.5 -0.25
 0.5 1 -0.25
 0.5 0.75 -0.25
 0.75 0.75 -0.25
 1 0.75 -0.25
 0.75 1 -0.25
 1 1 -0.25
 0.25 0.75 -0.25
 0.25 1 -0.25
 0 1 -0.25
 1 0 0
 1 0.25 0
 0.75 0.25 0
 0.75 0.5 0
 1 0.5 0
 0.5 0.5 0
 0.5 1 0
 0.5 0.75 0
 0.75 0.75 0
 1 0.75 0
 0.75 1 0
 1 1 0
 0.25 0.75 0
 0.25 1 0
 0 1 0
 0 0 1
 0.25 0 0.75
 0 0.25 0.75
 0.25 0.25 1
 0.5 0 0.5
 0.25 0.25 0.5
 0.5 0.25 0.75
 0.25 0.5 0.75
 0.75 0 0.25
 0.5 0.25 0.25
 0.75 0.25 0.5
 1 0.25 0.25
 0.75 0.5 0.25
 0.25 0.5 0.25
 0.5 0.75 0.25
 0 0.75 0.25
 0.25 1 0.25
 0.5 0.5 0.5
 0.25 0 1
 0.5 0 0.75
 0.5 0.25 1
 0.75 0 0.5
 1 0 0.25
 1 0.25 0.5
 0.75 0.25 0.75
 0 1 0.25
 0 0.25 1
 1 0.5 0.25
 0.5 1 0.25
 1 0.75 0.25
 0.75 1 0.25
 1 1 0.25
 0.75 0.75 0.25
 0 0.5 0.5
 0.5 0.5 1
 1 0.5 0.5
 0.25 0.75 0.5
 0.5 0.75 0.75
 0.75 0.5 0.75
 0.75 0.75 0.5
 0.5 0 1
 1 0 0.5
 0.75 0.5 1
 0.75 0.25 1
 0.75 0 0.75
 1 0.25 0.75
 1 0.5 0.75
 0.25 1 0.5
 0 0.75 0.5
 0 0.5 0.75
 0.25 0.5 1
 0.25 1 0.75
 0.5 1 0.75
 0.25 0.75 0.75
 0.5 0.75 1
 0.25 0.75 1
 0.5 1 0.5
 1 1 0.5
 1 0.75 0.5
 0.75 0.75 1
 0.75 1 0.75
 1 0.75 0.75
 1 0.75 1
 0.75 0 1
 1 0 0.75
 1 0.25 1
 1 0 1
 1 0.5 1
 0 1 0.5
 0 0.5 1
 0.75 1 1
 0 0.75 0.75
 0 1 0.75
 0 0.75 1
 0.25 1 1
 0 1 1
 0.5 1 1
 0.75 1 0.5
 1 1 1
 1 1 0.75
