CPP_SHAPE at (0.5,0.5):
0.015625000000000 0.015625000000000 0.015625000000000 0.015625000000000 -0.078125000000000 -0.078125000000000 -0.078125000000000 -0.078125000000000 -0.078125000000000 -0.078125000000000 -0.078125000000000 -0.078125000000000 0.390625000000000 0.390625000000000 0.390625000000000 0.390625000000000
CPP_DSHAPE at (0.5,0.5):
-0.031250000000000 -0.031250000000000
0.031250000000000 -0.031250000000000
0.031250000000000 0.031250000000000
-0.031250000000000 0.031250000000000
0.349385621484342 0.156250000000000
-0.349385621484342 0.156250000000000
-0.156250000000000 0.349385621484342
-0.156250000000000 -0.349385621484342
-0.349385621484342 -0.156250000000000
0.349385621484342 -0.156250000000000
0.156250000000000 -0.349385621484342
0.156250000000000 0.349385621484342
-1.746928107421710 -1.746928107421710
1.746928107421710 -1.746928107421710
-1.746928107421710 1.746928107421710
1.746928107421710 1.746928107421710
CPP_DOF_COORDS:
0.000000000000000 0.000000000000000
0.000000000000000 0.000000000000000
0.000000000000000 0.000000000000000
0.000000000000000 0.000000000000000
0.000000000000000 0.000000000000000
0.000000000000000 0.000000000000000
0.000000000000000 0.000000000000000
0.000000000000000 0.000000000000000
0.000000000000000 0.000000000000000
0.000000000000000 0.000000000000000
0.000000000000000 0.000000000000000
0.000000000000000 0.000000000000000
0.000000000000000 0.000000000000000
0.000000000000000 0.000000000000000
0.000000000000000 0.000000000000000
0.000000000000000 0.000000000000000
