MFEM mesh v1.0

#
# MFEM Geometry Types (see fem/geom.hpp):
#
# POINT       = 0
# SEGMENT     = 1
# TRIANGLE    = 2
# SQUARE      = 3
# TETRAHEDRON = 4
# CUBE        = 5
# PRISM       = 6
#

dimension
2

elements
128
1 3 0 51 133 54
1 3 51 18 52 133
1 3 133 52 43 53
1 3 54 133 53 21
1 3 18 55 134 52
1 3 55 1 56 134
1 3 134 56 19 57
1 3 52 134 57 43
1 3 43 57 135 60
1 3 57 19 58 135
1 3 135 58 10 59
1 3 60 135 59 20
1 3 21 53 136 62
1 3 53 43 60 136
1 3 136 60 20 61
1 3 62 136 61 9
1 3 1 63 137 56
1 3 63 22 64 137
1 3 137 64 44 65
1 3 56 137 65 19
1 3 22 66 138 64
1 3 66 2 67 138
1 3 138 67 23 68
1 3 64 138 68 44
1 3 44 68 139 71
1 3 68 23 69 139
1 3 139 69 11 70
1 3 71 139 70 24
1 3 19 65 140 58
1 3 65 44 71 140
1 3 140 71 24 72
1 3 58 140 72 10
1 3 2 73 141 67
1 3 73 25 74 141
1 3 141 74 45 75
1 3 67 141 75 23
1 3 25 76 142 74
1 3 76 3 77 142
1 3 142 77 26 78
1 3 74 142 78 45
1 3 45 78 143 81
1 3 78 26 79 143
1 3 143 79 12 80
1 3 81 143 80 27
1 3 23 75 144 69
1 3 75 45 81 144
1 3 144 81 27 82
1 3 69 144 82 11
1 3 3 83 145 77
1 3 83 28 84 145
1 3 145 84 46 85
1 3 77 145 85 26
1 3 28 86 146 84
1 3 86 4 87 146
1 3 146 87 29 88
1 3 84 146 88 46
1 3 46 88 147 91
1 3 88 29 89 147
1 3 147 89 13 90
1 3 91 147 90 30
1 3 26 85 148 79
1 3 85 46 91 148
1 3 148 91 30 92
1 3 79 148 92 12
2 3 4 93 149 87
2 3 93 31 94 149
2 3 149 94 47 95
2 3 87 149 95 29
2 3 31 96 150 94
2 3 96 5 97 150
2 3 150 97 32 98
2 3 94 150 98 47
2 3 47 98 151 101
2 3 98 32 99 151
2 3 151 99 14 100
2 3 101 151 100 33
2 3 29 95 152 89
2 3 95 47 101 152
2 3 152 101 33 102
2 3 89 152 102 13
2 3 5 103 153 97
2 3 103 34 104 153
2 3 153 104 48 105
2 3 97 153 105 32
2 3 34 106 154 104
2 3 106 6 107 154
2 3 154 107 35 108
2 3 104 154 108 48
2 3 48 108 155 111
2 3 108 35 109 155
2 3 155 109 15 110
2 3 111 155 110 36
2 3 32 105 156 99
2 3 105 48 111 156
2 3 156 111 36 112
2 3 99 156 112 14
2 3 6 113 157 107
2 3 113 37 114 157
2 3 157 114 49 115
2 3 107 157 115 35
2 3 37 116 158 114
2 3 116 7 117 158
2 3 158 117 38 118
2 3 114 158 118 49
2 3 49 118 159 121
2 3 118 38 119 159
2 3 159 119 16 120
2 3 121 159 120 39
2 3 35 115 160 109
2 3 115 49 121 160
2 3 160 121 39 122
2 3 109 160 122 15
2 3 7 123 161 117
2 3 123 40 124 161
2 3 161 124 50 125
2 3 117 161 125 38
2 3 40 126 162 124
2 3 126 8 127 162
2 3 162 127 41 128
2 3 124 162 128 50
2 3 50 128 163 131
2 3 128 41 129 163
2 3 163 129 17 130
2 3 131 163 130 42
2 3 38 125 164 119
2 3 125 50 131 164
2 3 164 131 42 132
2 3 119 164 132 16

boundary
72
3 1 0 51
3 1 51 18
3 1 18 55
3 1 55 1
3 1 1 63
3 1 63 22
3 1 22 66
3 1 66 2
3 1 2 73
3 1 73 25
3 1 25 76
3 1 76 3
3 1 3 83
3 1 83 28
3 1 28 86
3 1 86 4
3 1 4 93
3 1 93 31
3 1 31 96
3 1 96 5
3 1 5 103
3 1 103 34
3 1 34 106
3 1 106 6
3 1 6 113
3 1 113 37
3 1 37 116
3 1 116 7
3 1 7 123
3 1 123 40
3 1 40 126
3 1 126 8
3 1 10 59
3 1 59 20
3 1 20 61
3 1 61 9
3 1 11 70
3 1 70 24
3 1 24 72
3 1 72 10
3 1 12 80
3 1 80 27
3 1 27 82
3 1 82 11
3 1 13 90
3 1 90 30
3 1 30 92
3 1 92 12
3 1 14 100
3 1 100 33
3 1 33 102
3 1 102 13
3 1 15 110
3 1 110 36
3 1 36 112
3 1 112 14
3 1 16 120
3 1 120 39
3 1 39 122
3 1 122 15
3 1 17 130
3 1 130 42
3 1 42 132
3 1 132 16
1 1 9 62
1 1 62 21
1 1 21 54
1 1 54 0
2 1 8 127
2 1 127 41
2 1 41 129
2 1 129 17

vertices
165

nodes
FiniteElementSpace
FiniteElementCollection: H1_2D_P2
VDim: 2
Ordering: 0

0
0.80286255
1.5293404
2.1562173
2.7071576
3.223795
3.7348878
4.249058
4.7649764
0
1.164065
2.1484557
2.9178539
3.5343855
4.0744892
4.5908936
5.1053446
5.6215103
0.40890907
0.99854683
0.59258545
0
1.1782388
1.8567693
1.6848441
1.8546343
2.5502501
2.5571197
2.4385482
3.1275499
3.2401958
2.9674482
3.6513475
3.809906
3.47911
4.1631738
4.3336754
3.9915798
4.6771278
4.8478991
4.5069729
5.1932584
5.363284
0.5090029
1.4493993
2.221958
2.8493018
3.3928201
3.9073546
4.4197313
4.9351002
0.20700473
0.46488897
0.2543027
0
0.60777545
0.90784314
0.75797118
1.0823511
0.88365484
0.5497817
0.29356145
0
0.99331421
1.3213904
1.2292883
1.3570195
1.7001744
1.6585504
2.0047348
1.9238016
1.5689313
1.4314696
1.6951526
2.0444461
2.0443807
2.0081513
2.3581605
2.3902741
2.73581
2.7429181
2.3916102
2.3593001
2.2994537
2.6475917
2.7029042
2.5742149
2.9198794
2.9905089
3.3317861
3.390185
3.046049
3.0831813
2.8380376
3.1817283
3.2613724
3.0958967
3.438475
3.5226147
3.8630504
3.9431658
3.6017742
3.6739472
3.3514582
3.6936746
3.7794805
3.606894
3.9492006
4.0352038
4.3769676
4.4623882
4.1204989
4.204497
3.863119
4.2056896
4.291341
4.1202403
4.4630769
4.5483366
4.8912044
4.9765542
4.6337548
4.7193629
4.3779853
4.7210164
4.8060644
4.6359762
4.9791112
5.064187
5.4074084
5.4923745
5.1491934
5.2342625
0.23695869
0.68931018
0.82124204
0.27055914
1.118801
1.5152135
1.793193
1.3318696
1.8764486
2.2047679
2.5685365
2.2039768
2.505469
2.785436
3.1914023
2.8945821
3.0517355
3.3104744
3.7331446
3.4682607
3.5661158
3.8213345
4.2487454
3.9920319
4.0773182
4.3342895
4.7623979
4.5052842
4.592003
4.8500657
5.2782982
5.0201482
0.10642034
0.22433077
0.12015996
0
0.30818638
0.43883389
0.35132884
0.48790264
0.38204921
0.24618273
0.12638129
0
0.50874064
0.6507226
0.57765381
0.70578565
0.85768138
0.79944098
0.95441601
0.87941256
0.72469864
0.63441931
0.78988874
0.68672716
0.52934375
1.040943
0.95317233
1.123234
1.0254461
0.85236319
0.7392313
0.57084104
0.26240708
0.13193025
0
0.41077167
0.44423046
0.28089444
0.14145957
0
0.89868111
1.0584397
1.0143191
1.0864673
1.2521759
1.2211636
1.3867931
1.3406979
1.1753839
1.1152045
1.2683806
1.4384008
1.419401
1.4439575
1.6169204
1.6087887
1.7798479
1.7590095
1.588289
1.5553467
1.7266285
1.6826711
1.5098764
1.9315236
1.9005394
2.0768807
2.0379332
1.8587457
1.8061732
1.6270794
1.2812065
1.2086319
1.4519953
1.5599979
1.3817865
1.2995243
1.6130202
1.7878088
1.7893704
1.7756377
1.9513704
1.9614438
2.1344291
2.1343783
1.9617283
1.9518683
1.9320861
2.108098
2.1255199
2.08281
2.2586301
2.2822781
2.4552123
2.4712434
2.2986438
2.3072189
2.4800839
2.4813514
2.3075123
2.643646
2.6533116
2.8270895
2.8316794
2.6560137
2.6514713
2.4746674
2.1249394
2.1058598
2.2991959
2.4598059
2.2819414
2.2555943
2.2283819
2.4037071
2.4325199
2.3694613
2.5441277
2.5771227
2.7492097
2.7768201
2.605072
2.6274278
2.506754
2.6807072
2.7169944
2.6409737
2.8142393
2.8530323
3.0242465
3.0594919
2.8886164
2.9204914
3.0913479
3.119418
2.9481443
3.2299865
3.262148
3.4331702
3.4629278
3.2909229
3.3159861
3.1432978
2.7992879
2.8161861
2.971155
3.1626472
2.9891011
3.0016442
2.7728066
2.9454636
2.9860856
2.902883
3.0750396
3.116926
3.2876121
3.3273486
3.1569832
3.1948114
3.0317552
3.2035295
3.2462253
3.1598837
3.3313892
3.3745432
3.5451033
3.5870854
3.4168033
3.4578875
3.6280168
3.667683
3.4974865
3.7572933
3.7982451
3.9687348
4.0090175
3.8381383
3.876812
3.7058496
3.3650667
3.4004512
3.5353347
3.7423072
3.5711476
3.6046697
3.2876316
3.4589682
3.5023224
3.4152674
3.5865158
3.6298935
3.8006086
3.8434358
3.6729355
3.7154681
3.5429729
3.7141935
3.7574849
3.6708567
3.8420908
3.8852387
4.0562235
4.0991695
3.9283299
3.9712737
4.1419918
4.1846365
4.013962
4.2700761
4.3128515
4.483888
4.5266488
4.3555192
4.3980648
4.2270381
3.8858168
3.9276296
4.0563102
4.2691564
4.0982191
4.139615
3.7989693
3.9702421
4.0132278
3.927319
4.0986428
4.1414738
4.3127182
4.3555093
4.1843487
4.2272317
4.0558852
4.2272637
4.2699636
4.1846308
4.3560613
4.3986629
4.5701
4.6127119
4.4413141
4.4840094
4.6553612
4.6980553
4.5267379
4.784161
4.8267823
4.9982622
5.0409309
4.8694563
4.9122077
4.7407992
4.3983109
4.44111
4.5694989
4.7836152
4.6122879
4.6551207
4.31351
4.4849863
4.5275259
4.4424739
4.6139872
4.6565021
4.8280557
4.8705732
4.6990304
4.7415811
4.5714748
4.7430142
4.7855397
4.700477
4.8720429
4.9145904
5.0861826
5.1287287
4.9571257
4.9996406
5.1712457
5.2137411
5.0421466
5.3003351
5.3428575
5.514471
5.556938
5.3853409
5.4278228
5.2562389
4.9131033
4.9556614
5.0846608
5.2987616
5.1271998
5.1697877
0.11591074
0.33165824
0.36756539
0.12367897
0.54525951
0.75488646
0.84056984
0.60702825
0.66070967
0.91669273
0.98927688
0.71278988
0.12916674
0.39625817
0.42691609
0.13526947
0.95887572
1.1562042
1.2823073
1.0660502
1.3462281
1.528609
1.6852959
1.4887829
1.6197457
1.830541
1.9695006
1.7446389
1.1624847
1.3970197
1.5061468
1.2541451
1.7032909
1.8704678
2.0491847
1.8719684
2.0305432
2.1840881
2.3778273
2.2175467
2.39499
2.5629259
2.7427674
2.5667051
2.0296322
2.2175332
2.3798023
2.1810192
2.3317973
2.4744457
2.6777959
2.530921
2.6128452
2.747805
2.9568494
2.8194462
3.0203855
3.1611752
3.3626461
3.2178555
2.7223881
2.8744948
3.0670994
2.9091541
2.8800955
3.010419
3.2225198
3.0909283
3.1393881
3.2675126
3.4810385
3.3523537
3.5629479
3.6927803
3.9036068
3.7722453
3.2979153
3.4315608
3.638849
3.5026259
3.3951948
3.5227328
3.7367794
3.6090589
3.6503302
3.7781105
3.9922519
3.8644559
4.0779809
4.2060214
4.419706
4.2913034
3.8216257
3.9499203
4.1626873
4.0335835
3.9061335
4.0344121
4.2485045
4.1202569
4.1629278
4.2916431
4.5056866
4.3769906
4.5910266
4.7197415
4.933841
4.8051083
4.3341724
4.4625005
4.676526
4.548077
4.4205109
4.5494803
4.7635346
4.6345506
4.6785002
4.8075288
5.0216588
4.8925883
5.1066923
5.2357962
5.4499055
5.3207844
4.8486172
4.9776153
5.1917087
5.0627159
0
-0.19880931
-0.65988832
-1.3168164
-2.0919681
-2.9272469
-3.7841897
-4.6439945
-5.5017335
1
0.71878752
0.11465482
-0.67648092
-1.5358338
-2.4061604
-3.2704677
-4.1291553
-4.985664
-0.071129222
0.29459916
0.89593183
0.5
-0.39929269
-0.25211921
0.450239
-0.96917884
-0.986401
-0.26658024
-1.6936974
-1.8096732
-1.1024425
-2.50497
-2.6654878
-1.9713381
-3.3546154
-3.5272702
-2.8392253
-4.2142564
-4.3867368
-3.7002803
-5.0731435
-5.2438053
-4.5575173
0.45491945
0.052691824
-0.60307818
-1.3912943
-2.2357278
-3.0964541
-3.9573877
-4.8154655
-0.039050409
0.20495677
0.49780245
0.25
-0.12502537
0.058020593
0.38606501
0.51413949
0.82026449
0.68335792
0.94390639
0.75
-0.29078544
-0.16624737
0.18266305
-0.52281237
-0.45147367
-0.092964898
-0.063084058
0.28939051
0.25807394
0.59438569
-0.80912138
-0.78354658
-0.42276332
-1.1388031
-1.1504069
-0.79143664
-0.82764717
-0.46883454
-0.4301341
-0.071423254
-1.5021208
-1.5421687
-1.1867153
-1.8906028
-1.950966
-1.5992091
-1.670576
-1.3186104
-1.2439156
-0.88807993
-2.2969976
-2.3706833
-2.0220276
-2.7152412
-2.7967185
-2.4503314
-2.5349097
-2.1889331
-2.1020456
-1.753546
-3.1405049
-3.2258191
-2.8809279
-3.5692587
-3.6559246
-3.3119301
-3.3986672
-3.0550554
-2.9673549
-2.6229329
-3.9992298
-4.0859372
-3.7424283
-4.4291923
-4.5154226
-4.1721518
-4.257977
-3.914806
-3.8287918
-3.4855215
-4.8586449
-4.9443231
-4.6011658
-5.2875037
-5.3727665
-5.0296648
-5.1147841
-4.7716075
-4.6865441
-4.343378
0.24421605
0.14231832
0.61094318
0.73075664
-0.045537229
-0.30216753
0.10434573
0.3955793
-0.61245906
-0.96329637
-0.62589852
-0.2419267
-1.3437111
-1.744858
-1.4563536
-1.034032
-2.1597806
-2.5831445
-2.318448
-1.8859669
-3.0110401
-3.4408341
-3.1831668
-2.7512495
-3.8709816
-4.3007553
-4.0434817
-3.6138662
-4.7299411
-5.1585862
-4.9006917
-4.4723182
-0.02416371
0.10659022
0.25184163
0.125
-0.052341374
0.070522134
0.22744527
0.3329236
0.47980508
0.37385579
0.50453523
0.375
-0.095674071
0.011999691
0.1764367
-0.15966416
-0.067584827
0.10267793
0.1786167
0.34302768
0.26679171
0.42343073
0.50063431
0.65034265
0.57147047
0.40635087
0.56544581
0.61823136
0.77272012
0.71740496
0.86162339
0.79128982
0.61667168
0.74333735
0.625
0.71021358
0.92361142
0.83943877
0.96594058
0.875
-0.24273783
-0.16586949
0.0084844865
-0.34315336
-0.28094042
-0.10389412
-0.055039515
0.11977021
0.070580827
0.24102309
-0.45933513
-0.41107008
-0.2324393
-0.58979723
-0.55462056
-0.37526924
-0.35056225
-0.17099038
-0.19609036
-0.018324861
0.0072079408
0.18308038
0.15705773
-0.15623853
0.022199339
0.027257816
0.2036425
0.19843007
0.37178535
0.35580093
0.29095178
0.45741128
0.32902719
0.52466902
0.49669805
0.65935694
-0.73311088
-0.71003923
-0.530617
-0.88790864
-0.87587187
-0.69683924
-0.69249233
-0.51182032
-0.51659601
-0.33612697
-1.0528943
-1.0507716
-0.87242693
-1.2268497
-1.2335016
-1.0560095
-1.0679013
-0.88817577
-0.87671723
-0.69634719
-0.70772614
-0.52717361
-0.5155325
-0.90620564
-0.72611292
-0.75098037
-0.57206935
-0.54618252
-0.36691581
-0.34707473
-0.33113048
-0.15120904
-0.33497589
-0.16797123
-0.15529619
0.022922196
-1.4086367
-1.4229334
-1.2463534
-1.597197
-1.6180418
-1.4423558
-1.466454
-1.288532
-1.264834
-1.0859604
-1.7915494
-1.8178995
-1.6430369
-1.9907876
-2.0216705
-1.8475303
-1.8801888
-1.7041645
-1.6718382
-1.4948853
-1.5272763
-1.3498665
-1.3170045
-1.7397059
-1.5632829
-1.6025354
-1.4271335
-1.3867085
-1.2103542
-1.1723011
-1.1096689
-0.93033496
-1.138599
-0.99497987
-0.96007443
-0.78186133
-2.1940791
-2.2286061
-2.0550745
-2.400665
-2.4380415
-2.2650048
-2.303161
-2.1287372
-2.0908228
-1.9156486
-2.609862
-2.6493942
-2.4767476
-2.8210654
-2.8621632
-2.6898159
-2.7311028
-2.5578571
-2.5167197
-2.3429385
-2.3841778
-2.210224
-2.1686146
-2.6000386
-2.4266836
-2.4702396
-2.2976052
-2.253312
-2.0801788
-2.036222
-1.9536562
-1.7781575
-1.9939446
-1.8624577
-1.8191888
-1.6446627
-3.0337518
-3.0759281
-2.9038047
-3.2474802
-3.2903466
-3.1183869
-3.1611539
-2.9886884
-2.9459949
-2.7731844
-3.4618916
-3.5051503
-3.3333077
-3.6767043
-3.7201377
-3.5483773
-3.5916179
-3.4196197
-3.3764022
-3.2042034
-3.2474953
-3.0752987
-3.0318232
-3.4629372
-3.2909553
-3.3344982
-3.1628133
-3.1190017
-2.9471995
-2.9031298
-2.8159719
-2.6431024
-2.8593355
-2.7311432
-2.6868688
-2.5146113
-3.8917077
-3.9351657
-3.7634619
-4.1067526
-4.1501397
-3.9784746
-4.0216796
-3.8499323
-3.8067243
-3.6348727
-4.3217406
-4.3650028
-4.1933645
-4.5366127
-4.5797265
-4.4081078
-4.4510915
-4.279465
-4.2364682
-4.0647929
-4.1078196
-3.9361635
-3.8930853
-4.3223641
-4.150751
-4.193574
-4.0220003
-3.9791421
-3.8075699
-3.7645192
-3.6781316
-3.5063025
-3.7213606
-3.5929356
-3.549655
-3.3780379
-4.7513397
-4.7943027
-4.6226997
-4.965913
-5.008737
-4.837148
-4.8799005
-4.7083299
-4.6655625
-4.4939689
-5.1803397
-5.2230443
-5.0514683
-5.3946347
-5.4372429
-5.2656821
-5.30829
-5.1367397
-5.0941289
-4.9225757
-4.9651879
-4.7936255
-4.7510149
-5.1793054
-5.0077451
-5.0502389
-4.8786396
-4.8361666
-4.664567
-4.6220466
-4.5367514
-4.3651643
-4.5794431
-4.450456
-4.4078615
-4.2362802
0.11830104
0.091278075
0.3567313
0.3801187
0.043927263
-0.025390567
0.2253091
0.30272744
0.53911152
0.45628781
0.67084674
0.75770588
0.62560184
0.59746337
0.81857036
0.85733611
-0.11456333
-0.22145433
0.0098153594
0.12691679
-0.34425666
-0.48128974
-0.27177667
-0.12377648
0.083971186
-0.072957778
0.1144298
0.27902598
0.35111965
0.2261485
0.42851595
0.56011142
-0.63095682
-0.79175299
-0.60341456
-0.43224948
-0.96227697
-1.1412368
-0.97151915
-0.78365488
-0.61075475
-0.80626606
-0.64795991
-0.44581529
-0.24238155
-0.42225615
-0.2501481
-0.062724482
-1.3274501
-1.5198407
-1.3651177
-1.1657183
-1.7174329
-1.9193457
-1.775686
-1.5687266
-1.4218243
-1.6332628
-1.4944866
-1.279285
-1.0073875
-1.2129142
-1.0658606
-0.85506717
-2.124787
-2.3330504
-2.1968092
-1.9852568
-2.5435121
-2.7556306
-2.6238277
-2.4098125
-2.2763401
-2.4920851
-2.3618075
-2.1447772
-1.8465241
-2.0610352
-1.9276823
-1.7107914
-2.9689451
-3.1830749
-3.053552
-2.8385002
-3.3977151
-3.6126318
-3.4840189
-3.2687744
-3.1396845
-3.3552457
-3.2267955
-3.0111148
-2.7080057
-2.9239136
-2.7950484
-2.5785982
-3.8276541
-4.0426642
-3.9142217
-3.6991873
-4.2575878
-4.4723832
-4.3437996
-4.1290945
-4.0004777
-4.2151133
-4.0863791
-3.8718578
-3.5705645
-3.7856368
-3.6571208
-3.4421167
-4.6870332
-4.901537
-4.7727466
-4.5583447
-5.1159055
-5.3301545
-5.2012142
-4.9870267
-4.8581106
-5.0722522
-4.9432091
-4.7291127
-4.4295751
-4.6438964
-4.5149645
-4.3007332
