-1.58071391443791e-31
1.06473737371226e-30
-6.53733958879954e-3
-6.82082041859644e-3
1.24273614277579e-31
-2.50565746644192e-32
-1.08554790515427e-2
-1.74376697545497e-32
6.52087985214678e-3
6.80370071666658e-3
1.97645006257907e-33
1.05963765965669e-2
1.08382033705965e-2
-1.04401722879082e-31
6.55041584168096e-32
-5.57964891535789e-3
-4.77499678562644e-31
-1.18868342453566e-31
-7.51078753655676e-3
0.00000000000000e0
1.18092961700801e-32
5.56798976937856e-3
1.05615768713903e-32
3.39436442357073e-31
6.82553583047252e-3
2.14771504729899e-30
6.45361680449322e-31
-1.02091294952515e-2
3.98220511684471e-31
6.92552744434119e-31
7.48365712193877e-3
0.00000000000000e0
1.01721606754666e-2
-5.93363408258344e-31
-1.93483631593787e-32
8.34006509552832e-32
2.46937632807814e-31
-4.38800576699805e-3
-6.03943021870279e-3
3.07986493656823e-30
-1.04247334804372e-31
-2.86459948596227e-30
-4.68175873683752e-3
6.98992835484802e-4
-7.09778873768130e-3
-7.37388031240194e-3
-8.57535008265131e-3
-1.91078400034073e-4
-5.10984109007291e-33
5.10984109007291e-33
-6.34327413308178e-3
5.44355024803281e-31
-5.44355024803281e-31
-6.07258820312140e-3
-6.02245648789735e-31
-6.55468846823859e-3
5.87460096595827e-4
-3.08160616170782e-31
3.57383697827451e-4
6.79168529232754e-3
-1.20471071225105e-30
-7.18665418092534e-3
-7.16313966846725e-31
-7.41294266679304e-3
7.16313966846725e-31
1.24824488947795e-4
-7.27742315125468e-3
-1.49989973063214e-3
-1.04807320329729e-33
-3.44987545755029e-33
-4.91536075901934e-33
4.37859846150346e-3
6.02696047208195e-3
-1.58684023739971e-31
-1.21708749522298e-31
1.52143822288980e-31
4.67387643077188e-3
-6.97560824704624e-4
7.05908280616541e-3
8.38715665037171e-3
6.21925915724830e-3
-2.14987672869427e-4
-2.13380760669679e-4
9.14967766266273e-3
-1.05739014090886e-2
-1.03375973531001e-2
-1.04319992956903e-4
-1.03088181998601e-2
7.07853001108560e-3
7.35387250908559e-3
8.28392824809043e-3
8.54536965505304e-3
-3.86134997665266e-4
1.90355027342548e-4
-5.03018858840520e-31
5.03018858840520e-31
6.32494255090421e-3
-1.88336645247933e-31
1.88336645247933e-31
6.05609515391592e-3
-5.57435281332081e-31
6.53792605467274e-3
-5.86444662509678e-4
-1.39619258864636e-30
-3.56902374907264e-4
-6.77167206717111e-3
3.69452797601444e-31
7.16463846760718e-3
2.43628391047366e-31
7.38743064867364e-3
-2.43628391047366e-31
-1.24583785117593e-4
7.25256529575447e-3
9.63277139499041e-3
8.38047354771732e-3
8.78624475925349e-3
-4.90457586010962e-5
1.78628258481695e-4
-9.05731741090676e-3
1.05461182322415e-2
1.03038893854261e-2
1.12989569402089e-4
1.02739283121807e-2
8.48152231296636e-31
0.00000000000000e0
-6.15854586761874e-31
0.00000000000000e0
6.15854586761874e-31
6.88429473197516e-3
-7.07153329813792e-3
-5.78380214392382e-3
2.52024359996339e-30
-7.16425777243748e-31
-1.20557327869619e-3
-7.95488349002227e-3
0.00000000000000e0
-8.86034832203819e-3
0.00000000000000e0
-1.51357322096146e-4
5.77190979517894e-3
-1.86901231610838e-31
6.17200402879803e-3
1.69576550189781e-30
-1.26350459942248e-3
1.19653090658289e-3
-1.76986577313807e-30
0.00000000000000e0
1.43297643274999e-31
0.00000000000000e0
-1.43297643274999e-31
-6.86259311174275e-3
7.04761729282466e-3
-7.89732561189017e-31
-1.42764747804273e-30
9.13819547093908e-3
-9.63760667190172e-3
-3.33900061411378e-30
7.81315479907957e-31
-9.07818775613123e-3
9.58632528949011e-3
0.00000000000000e0
7.92342977885241e-3
0.00000000000000e0
8.82291168431948e-3
1.50716105938642e-4
-4.80379486894833e-3
-6.43515496132352e-3
-4.93443797659587e-3
6.27044424067691e-4
-1.39439146560338e-3
4.92965723439553e-3
-6.26547585659054e-4
5.45111941691090e-3
-4.57475360347459e-4
-1.31063261879127e-3
-1.30443240178302e-3
-1.29750955775876e-3
4.79619946914767e-3
6.41958162416500e-3
5.69197036617197e-3
7.23163179786468e-3
-9.08388425870044e-4
-1.14797151538681e-3
-6.82484175486664e-3
-6.64100418831026e-4
-6.42401157426065e-3
-6.92384817175373e-3
5.17040704621330e-4
3.04763446969503e-4
7.14615496195847e-3
1.80385048537346e-4
7.87263636732405e-3
-9.85437098989905e-4
-7.58238605627071e-4
-7.69274821428212e-3
-8.77702368444488e-3
-1.74890420758800e-4
-7.88046965483602e-3
1.05825022573058e-4
-7.74686639611133e-3
-8.84896348223307e-3
5.88549416988826e-5
-8.74530933815976e-3
-1.59729978065570e-4
-3.18031974593680e-4
0.00000000000000e0
0.00000000000000e0
7.23106205778379e-3
-7.47044000527808e-3
0.00000000000000e0
-9.49418219320819e-4
0.00000000000000e0
-5.83745893557364e-4
7.95078858925535e-3
-8.31881335411566e-3
-7.16946604612190e-4
6.80291664084365e-3
7.82443196278848e-3
-8.24985040679849e-4
6.59344776508419e-4
6.40467691163948e-3
-5.16835925818526e-4
6.90331571762393e-3
-7.12207834628487e-3
-3.04750072999127e-4
7.13427332867056e-3
-3.49833764893503e-4
7.65568605653044e-3
-7.83793417493683e-3
-1.82643314502684e-4
-1.09608926015170e-3
9.77532843695172e-4
-1.04724025369762e-3
7.52924270521760e-4
0.00000000000000e0
0.00000000000000e0
9.41931390997297e-4
0.00000000000000e0
-7.20501737486501e-3
7.44137571737458e-3
0.00000000000000e0
-7.91205215321611e-3
8.27786172685308e-3
5.80299252691319e-4
7.11921867081244e-4
7.66609358150561e-3
8.73871754151878e-3
1.73694376869094e-4
7.85014334487322e-3
-1.05758042453274e-4
7.71669009639098e-3
8.81049604208783e-3
-6.10276217685168e-5
8.70490878079977e-3
1.58915859337583e-4
3.15747511844933e-4
1.32827683455217e-31
-3.27057542363107e-3
-5.52780133209652e-3
-7.12305491408216e-4
1.58587931258758e-3
-2.21279464773876e-31
-6.60049776410965e-3
-5.65966765462633e-3
-1.79648395329579e-4
-8.78764561811352e-5
1.20471071225105e-30
1.95604373614211e-4
6.02266895294079e-4
7.01204545381984e-3
-6.98143457701139e-3
-7.10336983115400e-4
1.77618549783415e-32
3.26553074057045e-3
5.51892414731014e-3
-1.58374335443057e-3
-2.46707182989780e-3
5.24870333873650e-3
6.94547052344774e-3
-7.37991172478303e-4
-3.30087768816156e-4
-1.17662142201880e-4
1.02591060731356e-2
-1.05335819450829e-2
-8.73968190248458e-33
6.58490916791266e-3
5.64586832050762e-3
-1.78668178639541e-4
8.74553771126330e-5
-3.69452797601444e-31
-1.95365487403620e-4
-6.01337225780041e-4
-6.99141548727766e-3
6.96013786464178e-3
9.89937244199268e-3
8.95785167716667e-3
-6.64536802645443e-4
3.25194390057959e-4
1.16115164928488e-4
-6.73485160973541e-5
-1.01580967566406e-2
1.04900922075331e-2
-4.78413411365097e-31
2.75316425671246e-4
-5.25499249737393e-3
-8.48152231296636e-31
6.16449752153869e-3
-6.13010204503794e-3
2.47178288346195e-4
-6.42666698001904e-3
-6.18585317389897e-4
-5.84848606180799e-4
1.18868342453566e-31
-7.43798395409456e-3
6.03313356046797e-5
7.35296382761774e-3
-7.28035824621998e-5
9.83348745231352e-32
-2.74671811439475e-4
5.24485205442815e-3
1.76986577313807e-30
-6.14913943114814e-3
6.11610950661756e-3
-2.46788647515928e-4
-6.14928753108757e-4
5.81149661769587e-4
6.40816970454772e-3
-8.81856298917683e-6
6.56110249353503e-3
7.73422953147929e-3
-1.36619993782006e-4
-7.67152244952740e-3
7.50378965710752e-3
1.07274625861464e-4
-1.91139904609372e-3
-1.98437041863997e-3
1.89152222574762e-3
-8.51223493691577e-3
8.44187797127915e-3
-1.01364458931243e-2
-6.33127868070460e-5
-2.25981735290759e-4
1.00365697444431e-2
-6.92552744434119e-31
7.41132282710066e-3
-6.01814656246979e-5
-7.32710984646356e-3
7.23342948381056e-5
1.00982866364916e-2
6.88174009582099e-5
-9.99021894045882e-3
2.26170086477850e-4
6.02245648789735e-31
-1.11041929925326e-3
6.01090941633853e-3
5.46599432826067e-3
-6.09803069226533e-4
-4.25346305461538e-4
-5.41005152451479e-4
-3.51886228650855e-3
-5.75722259974043e-3
1.49298699402323e-3
-6.72502402755626e-4
-6.39250674726810e-4
-6.30157844016210e-4
-7.11079043747986e-3
-6.18298945715878e-3
-3.47993015829218e-4
1.25519199116297e-4
1.72889630874806e-4
5.36740403427771e-4
8.46602223143123e-3
7.48231799776278e-3
-8.61650280187121e-3
-7.49242788591431e-3
3.08160616170782e-31
6.79821753443122e-3
-7.24950277860970e-3
-1.60154923836586e-4
-5.01234043381871e-4
-5.29946254679281e-4
-3.90852560137489e-4
-3.11387622910608e-4
-4.71918800858617e-4
-3.63915939932014e-4
-8.03951149661586e-5
-1.52744861594556e-4
-7.51881799345711e-5
-1.40981269143392e-3
4.06824161190400e-3
3.51644600574019e-3
-1.24544215866162e-3
-1.49123585695143e-3
5.74784450182264e-3
6.21531618736526e-3
5.57435281332081e-31
1.10872830080777e-3
-5.99929779599506e-3
-5.45260040720907e-3
-6.07465047504974e-4
-4.23104343596492e-4
-5.39633709770726e-4
-6.69574696113173e-4
-6.35568659802743e-4
-6.27860540515002e-4
4.20872308325215e-4
-7.28867069321382e-3
-7.80828762711394e-3
-2.13957902931838e-3
-1.53880388293715e-3
-1.90062761186027e-3
-2.21201352687928e-3
-2.06158042166038e-3
-2.09005367614878e-3
9.80365737925126e-3
-1.01359630953652e-2
1.45362553338746e-4
-1.09165347969054e-3
-1.57651005397952e-3
-1.25847372666499e-3
-2.76556361598068e-4
-5.25038723509397e-4
-2.38492352966801e-4
-7.22291414540166e-4
8.18099196040123e-3
7.09140262356556e-3
7.28460284844346e-3
6.16978443520111e-3
3.45647763694501e-4
-1.72442847784282e-4
-1.26602044247193e-4
-5.37030395449278e-4
-3.76743831758120e-4
-7.45744092887790e-3
-8.42877426924815e-3
8.57507395144808e-3
7.46655798002394e-3
1.39619258864636e-30
-6.77624194612747e-3
7.22538481523038e-3
1.59970897934514e-4
-4.98880984952876e-4
-5.26430309808035e-4
-3.88353722009072e-4
3.09570561469741e-4
4.68788265739484e-4
3.61472253864292e-4
7.99168178495790e-5
1.51764265641674e-4
7.46838872949240e-5
-9.72206160457745e-3
1.00773814690456e-2
-1.46138792505468e-4
-1.71116608146349e-3
-1.75768259214237e-3
-1.37047477869601e-3
1.08104376852225e-3
1.55948561682351e-3
1.24459451660641e-3
2.76310345185493e-4
5.26221261850424e-4
2.39028221045601e-4
-3.47393490002901e-4
-4.57627751956124e-4
-2.81430529479820e-4
2.36778249849579e-4
-5.48916002635735e-3
-1.05271761039205e-3
6.88949960317586e-3
6.40452681643922e-3
-6.36754229861936e-3
1.19337156085919e-4
2.08625089577197e-4
-7.40657455429528e-3
-6.73927159041909e-3
-2.97987303689240e-4
-8.78572390884358e-3
-7.87632975038832e-3
2.48917691720862e-5
4.90614605794804e-5
8.63354510915926e-3
7.77275536935917e-3
-1.23098112069453e-3
-1.50690864770375e-4
-2.36455326177776e-4
5.94871826651655e-3
5.48100308099109e-3
1.04469412868013e-3
-6.38729103998514e-3
-6.86699534796276e-3
6.35185388710902e-3
6.82251376155918e-3
-2.08656856692357e-4
-1.21708073117510e-4
7.37095849493130e-3
6.71750939106630e-3
3.44995079015531e-4
2.79492553638905e-4
4.54423407195037e-4
-1.14505062083481e-3
-1.49363225432353e-3
-8.98477648600959e-4
1.14122862063226e-3
8.96505494139888e-4
1.48302504928211e-3
2.96481274027371e-4
8.74745770377672e-3
7.84504796775209e-3
-8.59406796829632e-3
-7.74218241642721e-3
-2.54748995587306e-5
-4.92212764413580e-5
-1.01526350961478e-3
6.24639929376247e-3
5.85094255891860e-3
-1.18241910315220e-3
-6.23277668132793e-3
-6.69421605164544e-3
1.01504434940125e-3
7.87005335219249e-4
-5.83812052305888e-3
-6.64192646387107e-3
-6.12645278209811e-4
8.19248643983883e-3
7.23571418069824e-3
-8.59715753099977e-3
-7.68740430568471e-3
-6.00792513409942e-5
-1.30175167129210e-4
6.08288128304935e-4
-8.14696110651880e-3
-7.20878028995031e-3
6.34971799229334e-5
1.30568445555923e-4
8.55546265255214e-3
7.65846489263922e-3
-6.71346595877864e-4
-3.38563214189236e-4
-2.31144510825487e-3
-6.69650052303794e-4
-5.99793121992764e-4
-1.95408575095257e-3
-5.96585640751712e-4
-1.24193669472561e-3
-3.37703621624996e-4
-6.23992785364180e-4
-1.68912971759028e-3
-5.65504211175405e-4
-1.64993496805543e-4
-5.09347746827871e-4
-9.57237118029752e-4
-4.75057872538542e-4
-2.91130320341892e-4
-1.45351462080612e-4
-5.62030912021783e-4
1.64087864767737e-4
5.05818920915502e-4
-1.91713485060063e-3
6.18549490155829e-4
1.67036534878662e-3
9.53292494386915e-4
4.75345909066505e-4
2.89171971168400e-4
1.44394446261575e-4
