1.95141999601780e-31
4.26557696931260e-31
-5.45946949486887e-31
-7.79670081726784e-31
-2.76496860544875e-30
9.76516294990733e-31
-1.16673042115281e-2
-1.28706460560046e-31
3.41522190813960e-31
-8.90633928258922e-3
-1.24839703394173e-2
-2.65451811750593e-31
-4.07800482887012e-32
5.61962964994933e-3
-3.06243132065405e-30
2.79085261515425e-30
-2.85275825035569e-3
4.10390620969178e-31
8.91617986349047e-3
1.10300051561012e-2
1.24948057916185e-2
-5.15403699499419e-31
-1.55426468108999e-3
1.55661873316149e-3
2.56439911729584e-30
9.34300075156600e-33
-4.25870678643614e-3
3.66442272559694e-30
-9.62600661202373e-3
-2.82441416572965e-3
-8.98292455349292e-3
-1.22418246824054e-2
-1.06729607980469e-2
2.92148810827032e-32
6.46656351581498e-3
-2.42697494407196e-4
-2.71012079929278e-3
8.99363848111534e-3
1.13520671616243e-2
1.23146060170711e-2
-1.20042498735984e-4
-1.42688879187247e-3
1.41994468962992e-3
-6.85752608069379e-3
-7.01960321394048e-32
-1.28459789928846e-30
3.53071920789931e-31
1.51411127677179e-30
-3.78602795186822e-3
5.20392861458518e-31
3.03671048405954e-31
-1.32524409504140e-30
7.27022551881647e-31
4.00974506842644e-3
1.83505300003431e-30
-1.09712182210935e-31
-1.93807114947724e-31
3.01490723611139e-32
-1.06830388246593e-3
1.01837270764557e-30
1.41241829216387e-30
2.16974930718631e-31
-1.01052528074774e-3
-9.47717860333341e-3
-1.31567086987399e-30
1.90276690994798e-30
-7.45165645201951e-3
7.92794605645105e-32
-2.14749929533891e-30
-5.31143292317893e-3
7.83363962984527e-31
1.01738094235770e-3
9.48325275709294e-3
7.41517688598492e-3
-7.82571756952187e-32
-1.14514132122565e-2
-1.47524921319681e-30
-1.09221608793746e-2
-2.18163089016343e-6
-4.50992990892018e-4
8.05068982713771e-31
-8.05068982713771e-31
-2.91008692113337e-3
8.71800757731336e-31
-8.71800757731336e-31
2.91955634997976e-3
-2.17394244299371e-31
-1.04214213934029e-2
1.04274883951803e-2
-5.94910997272339e-31
8.08575215728524e-3
8.08226935282619e-3
-4.92120407526426e-31
-1.02177351272985e-2
-3.60074989152541e-32
-6.39919442289738e-3
3.60074989152541e-32
2.77711740784525e-3
-4.14995556923259e-3
-8.94140772507512e-3
-1.25093459514005e-2
-8.99886487516710e-3
-1.25405104010383e-2
3.16802544944039e-5
1.55597771822613e-5
1.60984427405852e-30
6.32510634418537e-3
-4.56675236453494e-30
7.83553800769710e-3
7.22040494181897e-4
5.77180452907555e-3
5.27360702093649e-31
6.06559814718821e-3
4.64351702317800e-32
-1.57106997164647e-4
-5.82949756441311e-31
1.02273661112804e-2
-2.77276200438097e-30
6.40565195931231e-3
2.77276200438097e-30
2.77583093202338e-3
4.15737325295140e-3
-2.83766319907386e-3
1.11045114360024e-2
8.95423990078825e-3
1.25242326662658e-2
-2.81462155959389e-3
1.12415297107447e-2
9.01564330072091e-3
1.25603618893990e-2
-8.22046585540193e-5
-3.62683177286272e-5
-1.73948513833011e-5
-1.54210460766535e-3
1.54390302949281e-3
-1.49972072345861e-3
1.51399400833441e-3
1.90167331481916e-6
-1.50191847906456e-3
-8.31082151475471e-3
-3.86352313729521e-4
-4.30001908066547e-30
-4.14528882698662e-3
-1.44204908508685e-30
-3.81681988123717e-3
-3.22660340812320e-3
6.72146917695269e-32
-1.74779073330988e-3
-4.68047913246384e-34
-8.04196495170828e-4
5.23363180545999e-3
-1.45884575368882e-3
-6.98455318865854e-3
-9.51503725286784e-3
-8.43268883204473e-3
-6.50063478428820e-3
-8.40125280603843e-4
-4.86250734513760e-3
-3.42935501997488e-4
1.54480083067199e-3
9.48612150330064e-3
7.95349669741086e-3
-6.13377972405260e-3
2.01348512973709e-4
-2.93904138621315e-3
2.92412942621922e-3
-1.01995117347542e-2
1.01381223271346e-2
7.68929862849177e-3
7.69462031709622e-3
-9.60259750627301e-3
-5.88606019027793e-3
2.56415667581678e-3
-3.82681938850737e-3
-9.77357828162440e-3
-8.50380378000892e-3
-8.85504970891304e-3
1.36161596060447e-5
7.08352059075423e-3
-2.20339431507455e-4
8.41845933308605e-3
-1.75465517273210e-4
6.35456235173137e-4
9.64226905830401e-3
5.89602345155527e-3
2.59109225078191e-3
3.91214799225281e-3
-6.18367383577834e-3
-1.27192550323940e-3
-1.06824104660319e-3
-9.47276326111535e-3
7.30629105589742e-5
6.57149714129446e-5
-1.22292752080000e-3
-9.45915927007945e-3
5.38755854790907e-5
-1.29933631434653e-3
-9.08092050153186e-4
-5.70326133600929e-3
-7.24007257105086e-3
-1.15710173521677e-3
-1.39803496842461e-3
-5.45368329767371e-3
4.67915661999996e-4
-1.31584906468518e-3
-1.31507473711423e-3
2.27123377971604e-31
1.26124222122317e-30
-3.16822791781135e-3
-1.70064090338972e-30
4.53632907342794e-3
2.46349852069858e-30
5.69981902550865e-3
2.07811621829990e-3
-3.10552934135291e-30
1.46990022839719e-30
-3.69107111893641e-3
1.79900808885266e-30
-9.80480148690788e-4
-1.79815205605202e-30
-7.80852755923434e-4
-3.49616118957385e-3
-7.33122505900496e-3
-5.24794717158983e-3
1.07834594521350e-3
9.47807364526909e-3
7.47106327511915e-3
-7.03979438469560e-3
-7.93359961619444e-5
-3.84243472311141e-4
-5.09887153975797e-3
-7.35057374185999e-5
-2.46455613364560e-4
1.22832175464538e-3
9.47515747139960e-3
7.64395994775668e-3
-5.38300708399220e-5
6.46133683392236e-3
7.94248204843484e-3
7.07067719297072e-4
6.72456390162779e-3
-1.42864818826638e-4
8.14185514366272e-3
-1.15270897424580e-4
6.77794932263609e-4
-1.30719434816125e-31
1.08531812041816e-31
4.16581829133378e-3
-1.52416686946611e-31
-8.36235828327148e-4
-3.74265850677905e-33
-4.96041262231017e-4
4.56622556212949e-3
-1.64168954293231e-3
-1.36541529276712e-3
-2.72025264118270e-3
-7.35081271241000e-4
5.67693177229955e-3
-5.77444406498984e-4
6.62143757625699e-3
1.80769679154480e-3
-2.91871464818882e-3
2.93168972195446e-3
-1.03891078862830e-2
1.03941320340368e-2
8.05317773446568e-3
8.04925035473048e-3
-2.93119050201085e-3
1.99845757151706e-5
1.44269658903795e-5
2.94303819789832e-3
-3.08075510702110e-5
-1.98440524172838e-5
-1.03191254303567e-2
1.03393359747770e-2
7.98241284957157e-3
7.97772585724488e-3
-4.04810066356731e-7
-3.69391818821896e-6
-1.01938331959985e-2
-6.36036437148846e-3
2.76220902394186e-3
-4.12863199022695e-3
-1.00725129881312e-2
2.25449991830828e-6
-6.22948923069089e-3
2.57665533354157e-7
2.71015856856138e-3
-4.05370010699357e-3
1.96966925614106e-6
1.02054624680186e-2
6.36768011540312e-3
2.76232806240273e-3
4.14102528438320e-3
1.01048639731971e-2
-9.21535558973119e-7
6.25848827282027e-3
2.71949510022296e-6
2.70294881352129e-3
4.06903512000056e-3
-8.20885509256186e-6
-7.85808412206279e-3
-8.28586546685273e-4
-7.16222625621299e-3
-7.67997549785093e-3
3.53154013538415e-4
-1.10345623493568e-3
-1.05709895159745e-3
-3.09302962503466e-3
5.80677837965027e-3
2.03248743101270e-3
4.67740672228700e-3
-6.13506025963773e-4
-7.65922682340658e-4
-2.93973287951133e-3
-3.65678231332822e-4
6.10413169584945e-3
-4.52853260640040e-4
1.94056637673157e-3
5.04849432633137e-3
-1.72322226558741e-3
2.18388558509020e-3
-4.60663319502785e-4
-6.64622522035074e-3
3.63970498889731e-31
2.46071280685101e-6
-8.43100300266997e-3
8.43453036716824e-3
5.20737963269369e-3
-5.38975342578851e-7
-1.86300641502157e-4
5.76796763157894e-32
-1.17421241097873e-2
-4.19798878675692e-3
4.92120407526426e-31
3.57100915869069e-3
7.52244023857429e-3
1.10022754049623e-2
-7.43819904369047e-3
1.67744031216444e-5
6.62189825106907e-6
5.20563695658183e-3
3.35180986212436e-4
-7.88117071550687e-5
-4.06232121109319e-32
1.17515140545947e-2
4.20617509797694e-3
9.33981574371501e-3
5.82949756441311e-31
3.57125508662648e-3
-7.52091898175422e-3
1.10110140941515e-2
1.20395992962585e-3
7.44787898042887e-3
-4.13910916705618e-5
-1.74240591945818e-5
-7.37084153357159e-6
5.15403699499419e-31
1.96611858882534e-6
2.24953838767306e-3
2.24735455856262e-3
-3.87933567935761e-7
-2.05723710407923e-3
-1.49276846870450e-3
3.69423815105918e-3
1.81399639131996e-6
-9.62022336750579e-4
-2.47659647786236e-3
-5.52698800787255e-3
3.22212500805108e-5
-5.20130425101684e-3
-8.03945281165852e-3
-6.96063101690925e-3
8.02159192303975e-3
5.96141043313736e-3
7.40951221587238e-4
5.73363606690691e-5
1.74600838818151e-5
-6.75811170310681e-4
-1.17943003924665e-2
-1.00069001352949e-2
-4.52538788749735e-3
-8.88740102573138e-3
3.40385977763447e-3
7.19160322250900e-3
1.05963235601818e-2
-7.07929816451269e-3
3.92038980407960e-5
-2.18620241938083e-4
6.14946763501223e-3
2.93018628342523e-4
-1.08051564893685e-4
-5.11286475557426e-5
-1.94163743003628e-5
1.17462144544334e-2
4.61753867685388e-3
9.71175763152132e-3
3.42305290320155e-3
-7.26182334256009e-3
1.06205868289067e-2
1.08180220315823e-3
7.17224322170296e-3
-9.81971779268065e-6
4.63834510213701e-5
2.05422175287140e-3
2.09401447079927e-3
-5.97269297486491e-6
-6.48574161004944e-3
-7.54115153762314e-3
-2.00430413044472e-3
2.48001380867180e-3
3.18697473301199e-3
-4.17208122392765e-4
-3.26777464536576e-4
1.45140468590199e-3
-9.61036146357230e-4
-3.74454797434254e-4
-2.34855741794604e-4
-1.68015677404121e-3
-1.59792658998370e-3
2.28779733700435e-3
2.58685981159701e-3
2.17394244299371e-31
-8.44352515429136e-3
8.43999678104979e-3
-4.20169163817263e-6
3.34408715936263e-5
3.34029992785645e-5
2.31281683085172e-5
5.41264639312544e-3
-3.50280354450661e-3
-1.68787194411379e-4
-3.45070271947634e-5
-1.16009479100398e-4
-3.43552640629241e-5
-2.58750337138736e-5
-9.50606420246913e-8
3.76095378129548e-6
2.18498238524489e-6
-8.36195267251583e-3
-8.20978004969675e-3
-6.49417976937627e-3
-6.13444657733453e-3
8.36474203526905e-3
8.22251988478229e-3
5.22192579225589e-3
5.29874364789862e-3
5.94910997272339e-31
-4.61468914636498e-6
-6.92561329344699e-3
-6.93129857404529e-3
-1.86531008239399e-6
-1.29869365537161e-5
1.11057661911218e-5
6.43632660057847e-6
-9.18839146635264e-6
-1.13188458783497e-6
2.41867576278310e-6
1.45968355980131e-6
-2.99533922998307e-7
4.83617892541588e-5
-1.17628659518232e-2
-1.17892632302699e-2
-4.25692719943527e-3
-4.39267692507883e-3
1.78384706259749e-5
3.55900034737999e-3
3.53974521941325e-3
7.47927204758980e-3
7.40415967396757e-3
1.09798830219461e-2
1.09067477189910e-2
-7.43178834784430e-3
-7.36504522342329e-3
7.29556915040064e-3
5.86661592883075e-3
-5.80494218525018e-5
-7.16309073851562e-5
3.27698168061996e-4
3.13062160369526e-4
5.36581107100176e-3
5.69102274204170e-3
-1.90561095791963e-6
-3.65619879971746e-6
-9.24147826708577e-7
-4.79389424867804e-5
1.17730588413565e-2
1.18154045302958e-2
4.26927694706336e-3
4.39270969071615e-3
9.41024130740686e-3
9.54098008122628e-3
1.18420663733332e-3
1.13991883637254e-3
-2.23620597950003e-5
3.55996875564202e-3
3.54269706558341e-3
-7.48026292660597e-3
-7.39406406142962e-3
1.09915957375932e-2
1.09269817789936e-2
7.44586906886013e-3
7.38097359629819e-3
-2.99361015265731e-6
4.08802867113423e-6
2.55189367237563e-6
2.23117518179095e-3
2.18547359254728e-3
2.23029847396106e-3
2.17033345076345e-3
-1.41671991507053e-3
-4.06982705325731e-3
-6.21491820899678e-3
1.25649214467671e-3
-7.29623791078993e-4
-8.19983219201958e-3
-7.31643002961846e-3
3.84482221761573e-4
-1.93665193673809e-3
-1.62444940247042e-3
3.94247182967078e-3
4.49275507851610e-3
-1.46701096064206e-3
-7.25139353882298e-4
1.25861388173476e-3
-8.36778688263706e-4
-7.98873318410642e-3
8.01571220881669e-3
-4.10938448226261e-4
7.31170780807133e-3
-4.44401294998897e-5
7.74388077206822e-3
1.05983958462730e-4
1.36128089820886e-4
6.26025229166771e-5
-1.56898607992417e-3
-2.16007218926251e-3
-1.89330629014250e-3
-7.29299792304516e-4
-1.24932250713528e-4
-3.49181269825749e-4
-8.99294965392983e-5
-8.85378846078311e-5
4.61937400834245e-3
-3.09800064297860e-3
-2.23341053185777e-3
-2.09391623744182e-3
-2.08966154337986e-3
-3.11657724978431e-5
-6.45288249029363e-3
-6.45801260463941e-3
-2.05364231078420e-5
-2.85738356069487e-5
3.62093214789638e-5
7.57133332474069e-6
-2.60617757987802e-5
-6.14543910160137e-6
-4.36304276263400e-7
-2.76610830951540e-6
-9.42680333082535e-6
-1.71658234441452e-3
-1.78114670808327e-3
-1.39117739257699e-3
-1.58142840177788e-4
-1.98403267873459e-4
7.95479068796112e-3
6.71914682028785e-3
7.53066058223339e-6
-2.18630990502788e-5
-1.64002070164315e-5
-1.24139714443317e-3
1.52945578797414e-4
-5.96148129548624e-3
-6.83768979661181e-3
-5.15583178639645e-6
-8.37377479739132e-3
-8.22750481188450e-3
8.37177266295441e-3
8.21212790293657e-3
-6.48464778407742e-6
-7.89316771943049e-8
-1.18531098593877e-3
-8.00606680130045e-4
6.69618576591802e-3
6.66733809151765e-3
-3.39492032839672e-4
-2.68425817189666e-4
-2.13206783470810e-4
-1.71062798699495e-4
2.57418637119500e-3
3.25718394183383e-3
2.85440638763390e-3
3.48188203431476e-3
5.29754385409831e-3
-3.43921527357338e-3
5.03963440482380e-3
-3.30457706277798e-3
7.40812165484783e-3
6.01073337124092e-3
7.63685929675262e-3
6.30429268069577e-3
1.41623992343654e-3
-9.38807259220908e-4
1.34859061821757e-3
-8.95699088260926e-4
-1.36886835974082e-3
-1.13585416217887e-3
-6.63784326533801e-4
-5.34395146232214e-4
-1.30025239286624e-6
-6.48941328051933e-6
-7.13851351008543e-6
-6.89033102841563e-3
-6.76859445309219e-3
-6.89705010265129e-3
-6.78772344929257e-3
2.16950844844632e-5
-1.06665167720621e-6
4.07884203923459e-5
-1.22854373171322e-3
-1.06499133494253e-5
-2.30531892614749e-3
-1.96466006676843e-3
-2.44199748067331e-5
-7.65697204769822e-5
-6.73318382382604e-7
6.93279734775842e-6
-8.11997288607813e-6
1.01421454701267e-5
1.58811948436366e-5
-1.90509427966390e-5
-1.07059149456745e-6
2.17710621086553e-7
-1.32907351826361e-5
9.59463801564198e-6
-1.95706999166134e-3
