FiniteElementSpace
FiniteElementCollection: L2_2D_P3
VDim: 1
Ordering: 0

0.028353431
0.012580805
0.017435996
0.025454482
0.0084172925
0.0058401555
0.011130442
0.01784399
0.0017621078
0.0021962375
0.0053274754
0.0090348186
0.0016154253
0.0016437773
0.0027276746
0.0038387419
0.018843558
0.018510318
0.017882671
0.017209359
0.01330888
0.012870764
0.012127444
0.011438873
0.007350775
0.0070766467
0.0066057402
0.0061723346
0.0039387406
0.0038669414
0.0037165141
0.0035594605
0.0027845973
0.0026823146
0.0025709507
0.0024757912
0.00098242101
0.00099940039
0.00098762355
0.00094991788
0.0002699428
0.00030311634
0.00032588179
0.00032284895
0.00061104129
0.0006885429
0.00074602255
0.00075063389
0.0014397343
0.0010311992
0.0015597274
0.0023348068
0.00092420181
0.00048281324
0.00053357075
0.00080662338
0.00077247609
0.00022931665
3.1058084e-05
8.4300619e-05
0.00068569685
0.00021013158
0.00018495925
0.00037163257
0.017223083
0.016893544
0.016301936
0.015732837
0.011415486
0.011170898
0.010709329
0.010254251
0.0060640512
0.0059182776
0.0056178202
0.0053098428
0.0033829076
0.0033128587
0.0031193007
0.0028975499
0.015394525
0.014905339
0.014143491
0.013475532
0.010068269
0.0097893571
0.0093207586
0.0088883786
0.0052429426
0.005137187
0.0049195894
0.0046961509
0.0028821179
0.0028548965
0.0027493958
0.0026193969
0.001952475
0.0019488944
0.0018880068
0.0018013468
0.00076705155
0.00077754481
0.00076422737
0.0007343376
0.00028807334
0.00028503418
0.00028164727
0.00027921222
0.00061824221
0.00058500611
0.00055529357
0.00054271216
0.0023139445
0.0022613923
0.0021164017
0.0019519081
0.00090239334
0.00088470069
0.00082653834
0.00075763696
0.00033200962
0.00031649355
0.00029777677
0.00028441101
0.00074867529
0.00069900677
0.00065245992
0.00062933456
0.0011793061
0.0010972028
0.001022208
0.00098891138
0.0023001317
0.002148346
0.0020120089
0.0019518325
0.0044643423
0.0042048449
0.0039548361
0.0038275903
0.0065554192
0.0062075828
0.0058562554
0.0056629912
0.00096720725
0.00090837754
0.00085681108
0.00083612616
0.0019063703
0.0017919399
0.0016915741
0.0016501411
0.0037441312
0.0035477455
0.0033631094
0.0032739702
0.0055466099
0.0052848185
0.0050268796
0.0048912553
0.0066041842
0.0063035569
0.0060051341
0.0058460435
0.008799983
0.0084183989
0.0080357353
0.007827793
0.012075367
0.011585111
0.011085682
0.010807082
0.014869237
0.014291821
0.013698915
0.013364026
0.0077072539
0.0073302181
0.0069492594
0.0067382169
0.0099800037
0.009576974
0.0091808468
0.0089721754
0.013259436
0.012857293
0.012482669
0.012306118
0.015960118
0.015591063
0.015271765
0.015147183
0.00064644155
0.00025440254
0.00037265844
0.00075009224
0.00063840215
0.00045112195
0.0010930162
0.0019764818
0.0009077638
0.0010467346
0.0026585387
0.0044479014
0.001526674
0.0018818314
0.0043718991
0.0069726985
0.00093946228
0.0010133461
0.0011196201
0.0011943379
0.0020739683
0.0021394277
0.0022689242
0.0023979681
0.0044517796
0.0044594141
0.0045542953
0.0046724453
0.0069804254
0.0068705069
0.0068425314
0.0068470289
0.0085128604
0.0082888633
0.0080782545
0.0079853368
0.011483622
0.010967314
0.010430953
0.010120004
0.01537375
0.014564352
0.013711107
0.013202962
0.018312567
0.017273236
0.016299223
0.01576822
0.0019802087
0.0026240017
0.0056251896
0.0088013907
0.0031802292
0.004123197
0.0086285804
0.013500886
0.009066004
0.0080683496
0.013543736
0.019496907
0.019557355
0.013246421
0.018107206
0.023558426
0.013181923
0.012719723
0.012027026
0.011435695
0.0087219079
0.0084549705
0.0080287125
0.007647746
0.0046298113
0.0045236706
0.004325085
0.0041302645
0.0025966197
0.0025616479
0.0024646443
0.002354469
0.011167996
0.010742575
0.010121237
0.0096008013
0.0074879463
0.0072313161
0.006838221
0.0064968331
0.0040599195
0.0039476999
0.0037560773
0.0035775374
0.002325591
0.002280058
0.0021826693
0.0020818349
0.0016376572
0.0016139117
0.0015529217
0.0014853388
0.00071591712
0.00071468082
0.00069901757
0.0006769354
0.00028855756
0.00028522258
0.00028349035
0.00028397797
0.00047504558
0.00045138165
0.00043234783
0.00042668756
0.0017946273
0.0017818221
0.0017240974
0.0016509425
0.0007423659
0.00074819694
0.00073620669
0.00071271406
0.00028687487
0.00028421679
0.00028256006
0.00028236428
0.00053862489
0.00051045731
0.00048654173
0.00047785914
0.0093596162
0.0089679341
0.0084097812
0.0079511011
0.0063485126
0.0061041441
0.0057433312
0.0054383456
0.0035083902
0.0033939284
0.0032118124
0.0030496251
0.0020505547
0.00199816
0.0019026827
0.0018111076
0.0077341584
0.0073759507
0.0068772807
0.0064751615
0.0053021313
0.0050726774
0.0047448437
0.004474752
0.0029836033
0.00287045
0.0027004537
0.0025550741
0.0017793676
0.0017232353
0.0016318734
0.0015498529
0.0012955212
0.0012598926
0.0011994621
0.0011439043
0.00062788496
0.00061678223
0.00059675212
0.00057771176
0.00028580429
0.00028063359
0.00027791849
0.00027888113
0.0003834515
0.00036628137
0.00035393234
0.00035205445
0.001468503
0.0014374826
0.0013757853
0.0013140343
0.00067658121
0.00066973944
0.00065134723
0.00063064511
0.00028838894
0.00028421428
0.00028209424
0.00028292595
0.00042426133
0.00040432604
0.00038918263
0.00038578254
0.00061041157
0.00057631571
0.00054821778
0.00053882634
0.0011506446
0.0010808177
0.0010174775
0.00098910875
0.0022825344
0.0021517954
0.0020212643
0.0019504169
0.0034419763
0.0032554601
0.0030598469
0.0029450334
0.00053112738
0.00050235163
0.00047907006
0.00047180324
0.00096652271
0.00090761123
0.0008535709
0.00082873863
0.0018995384
0.0017871592
0.0016728917
0.0016088659
0.0028665927
0.0027040118
0.0025304381
0.0024256926
0.0034512773
0.0032586704
0.0030498866
0.0029210771
0.0046775585
0.004422814
0.0041410702
0.003962177
0.006557313
0.0062130137
0.0058240297
0.0055700849
0.0081948812
0.0077756318
0.0072963334
0.0069788346
0.0041387879
0.0039191367
0.0036853743
0.003545076
0.0055954646
0.0053072685
0.0049947466
0.0048018039
0.0078130791
0.0074271123
0.0069995586
0.0067277964
0.0097346759
0.0092672894
0.0087432754
0.0084049974
0.0008229956
0.00077429857
0.00073256484
0.00071672024
0.0016151281
0.0015179202
0.0014317693
0.0013953073
0.0032013641
0.0030288365
0.0028634988
0.00278051
0.0047843709
0.0045476369
0.0043095337
0.004179396
0.00070635149
0.00066563769
0.00063142783
0.00061919973
0.0013654158
0.0012828599
0.0012088283
0.0011765684
0.0027158415
0.0025650047
0.0024173738
0.0023401389
0.0040822955
0.0038708053
0.0036533806
0.003529889
0.0048980695
0.0046507157
0.0043929528
0.0042433194
0.0065987051
0.0062770321
0.0059360593
0.0057326665
0.0091716829
0.0087451075
0.0082833527
0.0079994204
0.011390743
0.010877164
0.01031448
0.0099627534
0.0057218397
0.0054474726
0.00516832
0.0050126661
0.0076714381
0.0073190487
0.0069553519
0.0067475628
0.010603321
0.01014245
0.0096573394
0.009371605
0.013120566
0.012570418
0.011984588
0.01163365
0.0062819647
0.0059589854
0.005518932
0.00517046
0.0043512376
0.004139621
0.0038459782
0.0036097922
0.00249316
0.0023842551
0.0022282843
0.0020997172
0.0015185454
0.0014611207
0.0013753219
0.0013026742
0.005000983
0.0047151517
0.0043332768
0.0040360167
0.0034995796
0.0033084504
0.0030500172
0.0028467318
0.0020426751
0.0019405443
0.0018000625
0.0016880646
0.0012724503
0.001215816
0.0011366688
0.0010730321
0.00095915876
0.00091991326
0.00086526864
0.00082155464
0.00051423095
0.00049755291
0.00047606216
0.00046012014
0.00027138764
0.00026393952
0.00025932606
0.00025965421
0.00032029794
0.00030651563
0.00029718107
0.00029650837
0.0011245399
0.0010862641
0.0010282853
0.00097879627
0.00057309068
0.00055875287
0.00053775327
0.0005203477
0.00028033493
0.00027405153
0.00027050118
0.00027130693
0.00034962331
0.00033445008
0.00032398854
0.00032299735
0.0038901338
0.0036427382
0.00331806
0.0030693687
0.0027502938
0.0025817347
0.0023590022
0.0021873757
0.0016365649
0.0015433482
0.001419457
0.0013236244
0.0010444923
0.00099047381
0.00091888065
0.00086386959
0.0029466169
0.0027379672
0.0024685592
0.0022653141
0.0021049325
0.0019602624
0.0017729804
0.0016314004
0.001278211
0.0011955929
0.0010889755
0.0010087254
0.00083757358
0.00078772808
0.00072441746
0.00067765116
0.00065614974
0.00061935742
0.00057361805
0.00054060866
0.00039047547
0.00037169654
0.00035061052
0.0003371515
0.00024114781
0.0002315838
0.00022451412
0.00022312827
0.00026719359
0.00025486693
0.00024601385
0.00024457498
0.00080218695
0.00076348907
0.00071295038
0.00067471496
0.00045285553
0.00043469885
0.0004131668
0.00039851684
0.00025842461
0.0002498459
0.00024401547
0.00024358068
0.00029339821
0.00028052148
0.00027167262
0.00027081561
0.00036005854
0.0003414424
0.00032670097
0.00032244749
0.00056087375
0.00052593798
0.00049295718
0.00047683983
0.0010253586
0.00095767975
0.00088589667
0.0008428783
0.0015249379
0.0014243315
0.0013125313
0.0012410588
0.00031659251
0.00029992831
0.00028650361
0.00028232213
0.00046403332
0.00043468031
0.00040671017
0.00039277242
0.0008151096
0.00075911363
0.000699161
0.00066272635
0.0011976579
0.0011142424
0.0010207453
0.0009602761
0.0014322848
0.001331974
0.0012177421
0.0011423468
0.0019300098
0.0017942554
0.001636
0.0015284682
0.002720651
0.0025311819
0.0023057814
0.0021489807
0.003428377
0.0031924608
0.0029088328
0.0027092126
0.0018308697
0.0017101264
0.0015738049
0.0014848263
0.0024786097
0.0023157927
0.0021277343
0.0020013662
0.0034971344
0.0032714333
0.003005324
0.0028221004
0.0044020353
0.0041224792
0.0037892666
0.0035570105
0.00046490472
0.00044036861
0.00042082165
0.00041508136
0.00080909568
0.00075951003
0.00071354942
0.00069194176
0.0015643509
0.0014685347
0.0013695032
0.0013124945
0.0023565525
0.002216315
0.0020642318
0.0019702915
0.00040874179
0.00038754745
0.00037080982
0.0003660603
0.00067491104
0.00063327148
0.00059431103
0.00057562358
0.0012739883
0.0011930491
0.0011082043
0.0010582605
0.0019101672
0.0017905998
0.0016591845
0.0015764422
0.0022985087
0.0021554998
0.0019958252
0.001893132
0.0031184536
0.0029266614
0.0027077486
0.0025628079
0.0043958051
0.004132046
0.0038246445
0.0036158908
0.005522662
0.0051978111
0.0048149348
0.0045515385
0.0028380323
0.0026710379
0.0024870992
0.0023709902
0.0038513198
0.0036288317
0.003378531
0.0032158886
0.0054165345
0.0051131686
0.0047645973
0.0045320167
0.0067882904
0.0064168001
0.0059849939
0.0056928963
0.0021647691
0.0019939965
0.0017767661
0.0016152245
0.0015628282
0.0014424476
0.0012894615
0.0011758466
0.00096976196
0.00089887093
0.00080969451
0.00074421332
0.00065408694
0.00060964709
0.00055512066
0.0005161952
0.0015354288
0.001400395
0.0012309972
0.0011067507
0.0011206121
0.0010239091
0.00090306912
0.00081481885
0.00071182903
0.00065314954
0.00058097814
0.00052917223
0.00049573615
0.00045754185
0.00041199995
0.00038044024
0.00040573932
0.0003759576
0.00034138594
0.0003181712
0.00026938949
0.00025181786
0.00023322257
0.00022219537
0.00019458336
0.00018397347
0.00017503421
0.00017175606
0.00021236642
0.00020072336
0.0001912298
0.0001880834
0.00052334855
0.00048961671
0.00044925828
0.00042125697
0.00032873094
0.00031016758
0.00029005816
0.00027778073
0.00021966362
0.00020938467
0.00020122197
0.00019883698
0.00024040747
0.00022843396
0.00021928857
0.0002170247
0.0010457079
0.00094306563
0.00081599261
0.00072404075
0.00077195465
0.00069731447
0.00060550216
0.00053952533
0.00050322234
0.00045655596
0.00040031628
0.00036079457
0.00036330085
0.00033174673
0.00029502587
0.0002702396
0.00067929317
0.00060471585
0.00051357882
0.00044852929
0.00050766348
0.00045260432
0.00038590209
0.00033873619
0.00034085074
0.00030535426
0.00026338412
0.00023449057
0.00025644397
0.00023146797
0.00020301955
0.00018427342
0.00022094577
0.00020040188
0.00017759897
0.00016304631
0.00016480489
0.00015100212
0.00013675625
0.00012854353
0.00013844087
0.00012855178
0.00011946552
0.00011520933
0.00015320443
0.0001427466
0.00013322002
0.00012883048
0.00030472567
0.00027945921
0.00025083597
0.0002321345
0.00021422229
0.0001982973
0.00018169789
0.00017202898
0.00016701607
0.00015653251
0.00014726503
0.00014333436
0.00018308164
0.00017190623
0.00016223022
0.00015832712
0.00020175362
0.00018894058
0.00017740692
0.00017227632
0.00025030787
0.00023257539
0.00021502884
0.00020558114
0.00037685056
0.00034709219
0.00031470378
0.00029451781
0.00051992267
0.00047690847
0.00042811069
0.00039602336
0.00016653799
0.00015492592
0.00014405957
0.00013876109
0.0001979313
0.00018298437
0.00016796283
0.00015962728
0.0002818999
0.00025835147
0.00023264872
0.00021654416
0.00037774928
0.00034451797
0.00030681218
0.00028199555
0.00043497186
0.00039571747
0.00035053182
0.00032027867
0.00055472868
0.00050279058
0.00044151124
0.00039929947
0.0007550618
0.00068263673
0.00059549571
0.00053416709
0.00094046626
0.00084957294
0.00073917606
0.00066070179
0.00060654201
0.00055525549
0.00049618914
0.00045663374
0.00078937669
0.00072062468
0.00063947142
0.00058353726
0.0010906461
0.00099416899
0.00087802241
0.00079619895
0.0013670112
0.0012458003
0.0010984626
0.00099358932
0.00027648015
0.0002613081
0.00024870564
0.00024429284
0.00038158874
0.00035684259
0.00033300898
0.00032086424
0.00063956358
0.00059372038
0.00054428241
0.00051391452
0.0009243375
0.00085627186
0.00077950438
0.00072944115
0.00023841306
0.00022446281
0.00021241383
0.00020762733
0.00031103071
0.00029009308
0.00026967173
0.00025899103
0.00049480162
0.00045766303
0.00041739797
0.00039246228
0.00070021619
0.00064561465
0.00058378903
0.00054325267
0.00082560989
0.00076012644
0.00068481966
0.00063449097
0.0010914143
0.0010029661
0.0008987441
0.00082704383
0.001523571
0.0013992569
0.0012498351
0.0011447198
0.0019166597
0.0017606852
0.0015713421
0.001436711
0.0010988633
0.0010170141
0.00092323439
0.00086085516
0.0014693173
0.0013584498
0.0012283461
0.0011392555
0.0020643538
0.0019088602
0.0017226924
0.0015922651
0.002601192
0.0024067155
0.0021714868
0.0020048423
0.00041731412
0.00036586837
0.00030383492
0.00026020161
0.00031620469
0.00027763265
0.00023162108
0.00019963195
0.00021987273
0.00019418031
0.00016436687
0.00014426748
0.00017364984
0.00015477721
0.00013370495
0.000120136
0.00023966028
0.0002062541
0.00016656095
0.0001391041
0.00018460019
0.00015913878
0.00012927061
0.00010889628
0.00013411563
0.00011652717
9.6514063e-05
8.3324806e-05
0.00011234311
9.8783527e-05
8.393814e-05
7.4600994e-05
0.00010312556
9.1311498e-05
7.8645315e-05
7.0887709e-05
8.7335797e-05
7.8328175e-05
6.9137906e-05
6.3885419e-05
8.4662345e-05
7.7075432e-05
6.9705601e-05
6.5804015e-05
9.631672e-05
8.813648e-05
8.0116862e-05
7.5798689e-05
0.00015413499
0.00013817266
0.00012077019
0.0001098957
0.00012230671
0.00011088426
9.9173432e-05
9.2460058e-05
0.00011048471
0.00010160001
9.3180196e-05
8.8947432e-05
0.00012384827
0.00011440016
0.00010543263
0.00010090449
0.00012650368
0.00010632476
8.2766145e-05
6.6806177e-05
9.9541117e-05
8.3872047e-05
6.5848856e-05
5.3838005e-05
7.6696948e-05
6.5395374e-05
5.2816559e-05
4.4745069e-05
6.9180566e-05
5.9959594e-05
5.0070591e-05
4.4008487e-05
5.9730199e-05
4.859478e-05
3.5895967e-05
2.7541481e-05
4.8496682e-05
3.9647556e-05
2.9726581e-05
2.3324084e-05
4.0719228e-05
3.3972992e-05
2.6664594e-05
2.2134098e-05
4.0451696e-05
3.4548658e-05
2.8362756e-05
2.4683184e-05
4.0351021e-05
3.4838801e-05
2.9127497e-05
2.5775925e-05
3.9390682e-05
3.4587519e-05
2.9724554e-05
2.6955097e-05
4.362175e-05
3.8909214e-05
3.4165752e-05
3.1477776e-05
5.117246e-05
4.5886777e-05
4.0467487e-05
3.7308761e-05
6.5998213e-05
5.769866e-05
4.8947235e-05
4.3695838e-05
5.9884999e-05
5.3131088e-05
4.6267685e-05
4.2352469e-05
6.2146193e-05
5.6000676e-05
4.9911955e-05
4.656155e-05
7.1807835e-05
6.5057879e-05
5.8271463e-05
5.4445657e-05
7.6517412e-05
6.9345107e-05
6.2042222e-05
5.7845961e-05
8.3453708e-05
7.5458031e-05
6.7063782e-05
6.2028027e-05
0.00010237285
9.1941783e-05
8.0483758e-05
7.3201121e-05
0.0001240947
0.0001107924
9.5784354e-05
8.5941788e-05
5.4402151e-05
4.8809469e-05
4.3011533e-05
3.9578788e-05
5.8325157e-05
5.2252467e-05
4.5802329e-05
4.1858627e-05
6.8696601e-05
6.1175474e-05
5.2895675e-05
4.7607857e-05
8.0464265e-05
7.122627e-05
6.0829448e-05
5.4022348e-05
8.6397817e-05
7.6197108e-05
6.4614822e-05
5.6960886e-05
9.6914496e-05
8.4866637e-05
7.088859e-05
6.1436315e-05
0.00011669479
0.00010134189
8.3219986e-05
7.0751164e-05
0.00013600364
0.00011754145
9.5580003e-05
8.0356311e-05
0.00013582498
0.0001208374
0.00010374778
9.2408915e-05
0.00015836866
0.00013999616
0.00011855994
0.00010397527
0.00019880214
0.0001745846
0.00014580479
0.00012584617
0.00023750128
0.00020784997
0.00017231303
0.00014745816
0.00013334298
0.00012307859
0.00011314341
0.00010794348
0.00015296615
0.00014052734
0.00012782994
0.00012057662
0.00020647526
0.00018812747
0.00016805562
0.00015541823
0.00026796584
0.00024283908
0.00021436226
0.00019562908
0.00010304231
9.4278399e-05
8.5554473e-05
8.0738058e-05
0.00011490374
0.00010477622
9.4284529e-05
8.8131712e-05
0.00014751908
0.00013350631
0.00011814549
0.00010842849
0.00018509401
0.00016655287
0.00014558256
0.0001318062
0.00020635337
0.00018507352
0.00016071152
0.00014448478
0.00024906187
0.00022213763
0.00019056699
0.00016896978
0.0003233944
0.00028697644
0.00024345282
0.00021306998
0.00039358997
0.00034843795
0.0002939934
0.00025563731
0.00030388907
0.00027458636
0.00024092805
0.00021843743
0.00037794042
0.00033990703
0.00029513762
0.00026437996
0.00050402317
0.0004516182
0.00038872361
0.00034459801
0.00062181986
0.00055632628
0.00047699738
0.00042080436
2.4016852e-05
1.8578004e-05
1.2598238e-05
8.8526538e-06
2.0605122e-05
1.6138564e-05
1.1319974e-05
8.3679554e-06
1.9892951e-05
1.6207552e-05
1.2358455e-05
1.0089432e-05
2.2494356e-05
1.8959732e-05
1.5356114e-05
1.3292169e-05
7.3982425e-06
5.2010948e-06
2.9561324e-06
1.7000696e-06
7.2049629e-06
5.2928465e-06
3.372463e-06
2.3196489e-06
8.9730707e-06
7.1732769e-06
5.3959265e-06
4.4348526e-06
1.2037257e-05
1.007175e-05
8.1351214e-06
7.0806132e-06
1.3356937e-05
1.133805e-05
9.3306033e-06
8.2166561e-06
1.5162798e-05
1.3109991e-05
1.1045985e-05
9.8745145e-06
1.876089e-05
1.6427678e-05
1.4022884e-05
1.2603174e-05
2.2525809e-05
1.9791063e-05
1.6909094e-05
1.5154921e-05
2.3617063e-05
2.0171245e-05
1.6669443e-05
1.4666513e-05
2.4880106e-05
2.1648484e-05
1.8388543e-05
1.653538e-05
2.9254543e-05
2.5840291e-05
2.2359199e-05
2.0341178e-05
3.478234e-05
3.0867678e-05
2.6792255e-05
2.435752e-05
1.3023983e-06
7.1012815e-07
2.4678045e-07
1.2180383e-07
1.9689284e-06
1.364651e-06
8.7085173e-07
7.0566818e-07
3.9580341e-06
3.2022894e-06
2.5279201e-06
2.2276309e-06
6.4141843e-06
5.4044165e-06
4.4511507e-06
3.9669902e-06
1.5868433e-07
1.958871e-07
3.7661897e-07
6.12856e-07
7.0152868e-07
6.4290895e-07
6.9841819e-07
8.3558587e-07
2.0673421e-06
1.8108952e-06
1.6300251e-06
1.5968784e-06
3.6384232e-06
3.1552541e-06
2.7202554e-06
2.5175583e-06
4.3142399e-06
3.7410079e-06
3.1950035e-06
2.9106151e-06
5.3439968e-06
4.6420607e-06
3.9348824e-06
3.5302625e-06
6.8813015e-06
5.9665692e-06
5.0039029e-06
4.4176265e-06
8.2191596e-06
7.1050568e-06
5.9074921e-06
5.1583603e-06
7.4717904e-06
6.3648474e-06
5.2897185e-06
4.7132153e-06
9.018268e-06
7.7869461e-06
6.5508553e-06
5.8488899e-06
1.1548481e-05
1.0045446e-05
8.4807267e-06
7.542375e-06
1.3909567e-05
1.2110681e-05
1.0195422e-05
9.012355e-06
1.4715395e-05
1.2811536e-05
1.0766298e-05
9.488837e-06
1.5249035e-05
1.3264125e-05
1.1099012e-05
9.7223392e-06
1.6273306e-05
1.4081399e-05
1.1648152e-05
1.007206e-05
1.7277921e-05
1.4854254e-05
1.2138493e-05
1.0364267e-05
8.6538918e-06
7.4729186e-06
6.1928899e-06
5.3841656e-06
8.8685153e-06
7.6449539e-06
6.3003333e-06
5.4374359e-06
9.1833238e-06
7.869349e-06
6.4052383e-06
5.4525014e-06
9.4397108e-06
8.0317878e-06
6.453754e-06
5.4222397e-06
9.3949245e-06
7.962069e-06
6.353316e-06
5.3012086e-06
8.7676514e-06
7.3650617e-06
5.7688769e-06
4.7125462e-06
8.111642e-06
6.6906112e-06
5.0658374e-06
3.9899571e-06
7.7155807e-06
6.2553417e-06
4.59121e-06
3.4971698e-06
1.7516328e-05
1.5001523e-05
1.2174194e-05
1.0322702e-05
1.7171324e-05
1.4580698e-05
1.1622473e-05
9.6567347e-06
1.7254662e-05
1.4430552e-05
1.1175869e-05
8.9991224e-06
1.7654092e-05
1.4582491e-05
1.1037279e-05
8.6683654e-06
3.6926123e-05
3.2790274e-05
2.844084e-05
2.5806909e-05
3.9065234e-05
3.4657935e-05
2.9929397e-05
2.6992727e-05
4.4380296e-05
3.9160424e-05
3.34e-05
2.9703567e-05
5.0267013e-05
4.4087164e-05
3.7146975e-05
3.2608978e-05
2.3883838e-05
2.0993594e-05
1.7918781e-05
1.6024282e-05
2.499583e-05
2.1955753e-05
1.8665503e-05
1.6595678e-05
2.7491275e-05
2.4024586e-05
2.018837e-05
1.7715063e-05
3.0138115e-05
2.6175609e-05
2.1732393e-05
1.8829301e-05
3.1134113e-05
2.693816e-05
2.220903e-05
1.9105156e-05
3.2002252e-05
2.7463351e-05
2.2256215e-05
1.8777986e-05
3.4510282e-05
2.9246211e-05
2.3129502e-05
1.8997763e-05
3.731958e-05
3.1342165e-05
2.4364613e-05
1.9636375e-05
5.2936218e-05
4.6253789e-05
3.8696605e-05
3.3721182e-05
5.6923997e-05
4.9356052e-05
4.062635e-05
3.4760171e-05
6.5177138e-05
5.5933818e-05
4.5106042e-05
3.7721769e-05
7.3534065e-05
6.2688919e-05
4.9901323e-05
4.1129789e-05
7.5238223e-07
9.1786661e-07
1.1782658e-06
1.4103816e-06
9.2346768e-07
1.0050446e-06
1.1601619e-06
1.3134754e-06
1.5614699e-06
1.4913537e-06
1.4669592e-06
1.4936752e-06
2.3617741e-06
2.1335509e-06
1.9321342e-06
1.8415631e-06
1.510481e-06
1.6022551e-06
1.7315019e-06
1.8373652e-06
1.3800829e-06
1.4280222e-06
1.503866e-06
1.5712628e-06
1.4854662e-06
1.4489649e-06
1.427039e-06
1.4275262e-06
1.7612613e-06
1.635478e-06
1.5153464e-06
1.4523512e-06
1.8764969e-06
1.7146018e-06
1.5512943e-06
1.457831e-06
2.0685857e-06
1.8493569e-06
1.6170108e-06
1.4745519e-06
2.3594162e-06
2.0603304e-06
1.7346398e-06
1.5280345e-06
2.6100809e-06
2.2460431e-06
1.8456739e-06
1.5887929e-06
2.704345e-06
2.4123561e-06
2.1334064e-06
1.9869033e-06
3.245627e-06
2.8570784e-06
2.4595182e-06
2.2267292e-06
4.0270279e-06
3.4966284e-06
2.930501e-06
2.579484e-06
4.6846968e-06
4.0328295e-06
3.3248654e-06
2.876566e-06
1.8629924e-06
1.8409608e-06
1.8137485e-06
1.7940671e-06
1.5851825e-06
1.5557385e-06
1.5206458e-06
1.496268e-06
1.4080328e-06
1.349811e-06
1.2838012e-06
1.2402295e-06
1.3979919e-06
1.302335e-06
1.1974644e-06
1.1306511e-06
1.7592031e-06
1.653323e-06
1.5200537e-06
1.4218078e-06
1.4652448e-06
1.3745139e-06
1.2607673e-06
1.177416e-06
1.2030565e-06
1.1182696e-06
1.0145047e-06
9.4036498e-07
1.0824801e-06
9.9211435e-07
8.8546664e-07
8.1200315e-07
1.0260117e-06
9.340843e-07
8.2626271e-07
7.5252566e-07
9.3916883e-07
8.4339168e-07
7.3208005e-07
6.5678685e-07
8.5379381e-07
7.509367e-07
6.3311272e-07
5.5473564e-07
8.0647439e-07
6.9703248e-07
5.7299767e-07
4.9151424e-07
1.3891756e-06
1.278697e-06
1.1567043e-06
1.0783159e-06
1.3828887e-06
1.2473961e-06
1.0963132e-06
9.9814272e-07
1.4067627e-06
1.2364145e-06
1.0460107e-06
9.2197671e-07
1.445718e-06
1.2473551e-06
1.0258225e-06
8.8170143e-07
1.4423836e-06
1.2359382e-06
1.0048897e-06
8.5427261e-07
1.3703867e-06
1.1636868e-06
9.3082006e-07
7.7805743e-07
1.2458365e-06
1.0434643e-06
8.1464098e-07
6.6420698e-07
1.1311138e-06
9.3520347e-07
7.143302e-07
5.6984224e-07
7.774027e-07
6.6690784e-07
5.4187055e-07
4.5991255e-07
7.0314774e-07
5.9670419e-07
4.7601348e-07
3.9684194e-07
5.9486441e-07
4.9657663e-07
3.8521688e-07
3.1238796e-07
5.0665143e-07
4.1636186e-07
3.1464862e-07
2.486784e-07
4.5914895e-07
3.7425e-07
2.7890249e-07
2.1734845e-07
3.404913e-07
2.7423811e-07
1.9883778e-07
1.4967238e-07
1.9029873e-07
1.4785715e-07
9.9983966e-08
6.9336285e-08
9.258557e-08
6.7372909e-08
4.0267236e-08
2.4102486e-08
1.0575797e-06
8.6896616e-07
6.5677887e-07
5.1847453e-07
8.3904626e-07
6.8232892e-07
5.0404333e-07
3.8688592e-07
5.511984e-07
4.3465471e-07
3.0341777e-07
2.1877067e-07
3.4663404e-07
2.6026941e-07
1.6640062e-07
1.0887693e-07
4.8850902e-06
4.1939906e-06
3.4379925e-06
2.9552792e-06
4.9294422e-06
4.2175967e-06
3.4292925e-06
2.9191606e-06
4.9364426e-06
4.1917038e-06
3.3581662e-06
2.8133066e-06
4.9017974e-06
4.1279892e-06
3.2595205e-06
2.691236e-06
2.6749486e-06
2.2906719e-06
1.8658309e-06
1.5916788e-06
2.6354759e-06
2.2432849e-06
1.8053126e-06
1.5197047e-06
2.5318266e-06
2.1330151e-06
1.684352e-06
1.3899096e-06
2.4157345e-06
2.0145483e-06
1.5632678e-06
1.2677088e-06
2.3130571e-06
1.9193518e-06
1.4769378e-06
1.1878982e-06
1.9447416e-06
1.5984599e-06
1.205062e-06
9.4592871e-07
1.4597203e-06
1.1689695e-06
8.4067183e-07
6.2725963e-07
1.1031999e-06
8.5353687e-07
5.7752699e-07
4.0360497e-07
4.7884815e-06
4.0153206e-06
3.1473399e-06
2.5800049e-06
4.2467926e-06
3.5288147e-06
2.7131736e-06
2.1749122e-06
3.5680228e-06
2.900671e-06
2.1430107e-06
1.6461085e-06
3.0787522e-06
2.4430659e-06
1.7289071e-06
1.2683332e-06
1.3552157e-06
1.2138556e-06
1.0406449e-06
9.1665668e-07
1.1222961e-06
1.0049078e-06
8.6122129e-07
7.586553e-07
8.9305365e-07
7.9714726e-07
6.8081157e-07
5.9871449e-07
7.6626506e-07
6.800494e-07
5.7734249e-07
5.0627127e-07
8.4558843e-07
7.1277028e-07
5.5607286e-07
4.4877247e-07
7.0024664e-07
5.8946924e-07
4.5905112e-07
3.7009411e-07
5.5220731e-07
4.6411459e-07
3.6108932e-07
2.915037e-07
4.658882e-07
3.9107487e-07
3.0453895e-07
2.4691534e-07
4.2650592e-07
3.5804439e-07
2.792094e-07
2.2707715e-07
3.6124655e-07
3.0295808e-07
2.3642179e-07
1.9300053e-07
2.9014751e-07
2.4317651e-07
1.9042947e-07
1.5684774e-07
2.4499012e-07
2.0537001e-07
1.6161324e-07
1.3446806e-07
7.0799023e-07
6.2659812e-07
5.3012458e-07
4.6379269e-07
6.1435885e-07
5.3989708e-07
4.5249379e-07
3.9314299e-07
5.1387969e-07
4.4625607e-07
3.6822033e-07
3.1634451e-07
4.5121802e-07
3.8745999e-07
3.1497818e-07
2.676957e-07
3.9316127e-07
3.0123881e-07
1.9969471e-07
1.3592423e-07
3.2386976e-07
2.4469288e-07
1.5798673e-07
1.0425984e-07
2.5477396e-07
1.9039801e-07
1.2085909e-07
7.8704242e-08
2.1580687e-07
1.6144821e-07
1.035435e-07
6.9250083e-08
1.0467174e-07
6.1026048e-08
2.090257e-08
4.5242802e-09
7.6772382e-08
4.5615136e-08
1.7355118e-08
6.6628364e-09
5.6848756e-08
3.6960171e-08
1.9150353e-08
1.4035984e-08
5.0652561e-08
3.6558454e-08
2.3081709e-08
2.0797653e-08
5.2370124e-08
3.8896903e-08
2.4966202e-08
1.9144884e-08
5.1211493e-08
3.6894728e-08
2.2259285e-08
1.5380234e-08
5.0595335e-08
3.5484506e-08
2.0401902e-08
1.2915754e-08
5.0709211e-08
3.5326794e-08
2.0354055e-08
1.3003723e-08
1.988435e-07
1.498593e-07
9.8282262e-08
6.8429787e-08
1.7002223e-07
1.3014565e-07
8.8517764e-08
6.4814757e-08
1.3989793e-07
1.0978167e-07
7.8845139e-08
6.1770241e-08
1.2148874e-07
9.7452807e-08
7.3166542e-08
6.0212118e-08
1.1190347e-07
9.0485019e-08
6.9036774e-08
5.7788278e-08
9.2223737e-08
7.5044952e-08
5.8011763e-08
4.9294514e-08
6.6790351e-08
5.4909702e-08
4.3354628e-08
3.7734684e-08
4.8414936e-08
4.0213983e-08
3.2442105e-08
2.8929491e-08
4.910098e-08
3.3851457e-08
1.932867e-08
1.2437568e-08
4.243081e-08
2.8199846e-08
1.5551675e-08
1.0606035e-08
3.4053648e-08
2.1808718e-08
1.2403382e-08
1.0876626e-08
2.7962583e-08
1.766122e-08
1.1259861e-08
1.2992469e-08
2.066561e-08
1.2144271e-08
8.5904678e-09
1.4426635e-08
1.0217427e-08
5.1582471e-09
4.0604582e-09
8.841777e-09
1.5810426e-09
2.4416656e-10
4.6606766e-10
3.0352479e-09
1.542133e-09
1.7482994e-09
1.3841716e-09
1.5947367e-09
3.8038681e-08
3.1251405e-08
2.4577449e-08
2.1246839e-08
2.0418364e-08
1.618912e-08
1.1938206e-08
9.726075e-09
5.0564824e-09
3.6807208e-09
2.2128472e-09
1.3511745e-09
1.6180993e-09
1.872449e-09
1.9712343e-09
1.8292263e-09
4.2034276e-07
3.5895436e-07
2.8946979e-07
2.4442166e-07
3.6019586e-07
3.0475406e-07
2.4217185e-07
2.0181923e-07
2.8073513e-07
2.3397854e-07
1.814961e-07
1.4800003e-07
2.2147436e-07
1.817316e-07
1.3752374e-07
1.0970043e-07
2.2332372e-07
1.8715915e-07
1.4747869e-07
1.2313722e-07
1.8374511e-07
1.5364745e-07
1.2081405e-07
1.0090269e-07
1.3399963e-07
1.1145664e-07
8.7120167e-08
7.2669424e-08
9.8748518e-08
8.151726e-08
6.3178506e-08
5.2583739e-08
8.1411053e-08
6.6517313e-08
5.0735556e-08
4.1689683e-08
4.9727225e-08
3.9890496e-08
2.9225963e-08
2.2997931e-08
1.7291802e-08
1.3289734e-08
8.7276585e-09
5.9460775e-09
4.440419e-09
3.6765055e-09
2.4705323e-09
1.4855489e-09
1.923263e-07
1.5620789e-07
1.1618443e-07
9.1153602e-08
1.3098422e-07
1.0485217e-07
7.5373829e-08
5.6677338e-08
5.9637038e-08
4.5848561e-08
3.0183615e-08
2.0282521e-08
2.0692409e-08
1.499174e-08
8.6273576e-09
4.7525254e-09
