FiniteElementSpace
FiniteElementCollection: L2_2D_P3
VDim: 1
Ordering: 0

0.022388775
0.079186481
0.11829914
0.11669905
0.038619369
0.086155008
0.11199188
0.10383348
0.047301014
0.077911074
0.087472181
0.075322345
0.043760053
0.062103144
0.063400647
0.051803359
0.10718508
0.080804861
0.045079734
0.024779964
0.092774836
0.066777666
0.035287709
0.018657503
0.065052548
0.044182827
0.021788967
0.010958591
0.043645652
0.028396468
0.013296021
0.0064389581
0.033736937
0.02146251
0.0097786784
0.0046418367
0.019135202
0.011679827
0.0050585724
0.0023134365
0.0077501753
0.0044875087
0.0018209611
0.00079364059
0.0034202501
0.0019034417
0.00073523351
0.00030893246
0.039292415
0.052309557
0.050986375
0.040559467
0.028724866
0.03455504
0.031073146
0.02355113
0.015604056
0.016848791
0.013767835
0.0098256859
0.008454591
0.008505438
0.0064931246
0.0044331038
-0.0085517568
0.010320438
0.025811613
0.028363608
-0.055318301
-0.032908288
-0.0086964155
0.002069281
-0.08906533
-0.063840063
-0.033411375
-0.016848919
-0.089653669
-0.065451461
-0.036138512
-0.019787105
0.026951278
0.021214984
0.012256536
0.0068601263
0.005028238
0.0067156309
0.0049600737
0.0030254434
-0.010781752
-0.0037667336
-0.00030157188
0.00027961937
-0.013584977
-0.0060011742
-0.0016083189
-0.00045362604
-0.012886356
-0.0058706554
-0.001706636
-0.00055144843
-0.009636294
-0.0044613016
-0.0013611467
-0.00047366464
-0.0049888048
-0.0022851434
-0.00069554924
-0.00024473909
-0.0025280081
-0.0011370485
-0.00033924388
-0.00011800311
-0.08290086
-0.060445595
-0.033541152
-0.018578494
-0.063051794
-0.045421358
-0.024978502
-0.013841044
-0.035435834
-0.024874525
-0.013279949
-0.0072234045
-0.019554708
-0.013400827
-0.0069456103
-0.003699149
-0.027674034
-0.072807993
-0.10234653
-0.099169238
-0.072807993
-0.10649344
-0.11736656
-0.10255463
-0.10234653
-0.11736656
-0.10812177
-0.085735804
-0.099169238
-0.10255463
-0.085735804
-0.064032791
-0.090528149
-0.067693204
-0.037504749
-0.020540163
-0.08966727
-0.062627257
-0.03222229
-0.016787731
-0.07171629
-0.046511019
-0.021975497
-0.010785869
-0.052041938
-0.032105643
-0.014290164
-0.0067194
-0.041701446
-0.025091007
-0.010833571
-0.0049827255
-0.025091007
-0.014437241
-0.0058999023
-0.0026062279
-0.010833571
-0.0058999023
-0.0022508819
-0.00094492155
-0.0049827255
-0.0026062279
-0.00094492155
-0.0003818738
-0.090528149
-0.08966727
-0.07171629
-0.052041938
-0.067693204
-0.062627257
-0.046511019
-0.032105643
-0.037504749
-0.03222229
-0.021975497
-0.014290164
-0.020540163
-0.016787731
-0.010785869
-0.0067194
-0.0085517568
-0.055318302
-0.089065332
-0.089653675
0.010320438
-0.032908291
-0.063840078
-0.065451488
0.025811614
-0.008696418
-0.0334114
-0.036138554
0.028363611
0.0020692821
-0.01684894
-0.019787144
-0.082900867
-0.063051802
-0.03543584
-0.019554713
-0.060445626
-0.045421392
-0.024874553
-0.013400846
-0.0335412
-0.024978551
-0.013279987
-0.0069456352
-0.018578538
-0.013841089
-0.0072234372
-0.00369917
-0.012886394
-0.0096363325
-0.0049888326
-0.0025280257
-0.0058706801
-0.0044613268
-0.0022851612
-0.0011370595
-0.0017066465
-0.0013611579
-0.00069555703
-0.00033924854
-0.00055145281
-0.00047366961
-0.00024474256
-0.00011800515
0.026951282
0.0050282413
-0.010781769
-0.01358501
0.021214988
0.0067156376
-0.0037667423
-0.0060011952
0.01225654
0.0049600813
-0.00030157292
-0.0016083273
0.006860129
0.0030254495
0.00027962063
-0.00045362908
0.022388775
0.038619369
0.047301014
0.043760053
0.079186481
0.086155008
0.077911074
0.062103144
0.11829914
0.11199188
0.087472181
0.063400647
0.11669905
0.10383348
0.075322345
0.051803359
0.039292415
0.028724866
0.015604056
0.008454591
0.052309557
0.03455504
0.016848791
0.008505438
0.050986375
0.031073146
0.013767835
0.0064931246
0.040559467
0.02355113
0.0098256859
0.0044331038
0.033736937
0.019135202
0.0077501753
0.0034202501
0.02146251
0.011679827
0.0044875087
0.0019034417
0.0097786784
0.0050585724
0.0018209611
0.00073523351
0.0046418367
0.0023134365
0.00079364059
0.00030893246
0.10718508
0.092774836
0.065052548
0.043645652
0.080804861
0.066777666
0.044182827
0.028396468
0.045079734
0.035287709
0.021788967
0.013296021
0.024779964
0.018657503
0.010958591
0.0064389581
0.017118512
0.0077932444
0.0023369564
0.00081251982
0.012632385
0.005542552
0.001585785
0.00053219896
0.007229666
0.0030242088
0.00081413518
0.000260966
0.0041651258
0.001680182
0.00043179937
0.00013364345
0.00044165484
0.00012901875
2.1887358e-05
4.943578e-06
0.0002839336
8.0110561e-05
1.2993116e-05
2.8360309e-06
0.00013589061
3.6645982e-05
5.6059239e-06
1.1703241e-06
6.8313183e-05
1.7796502e-05
2.6033313e-06
5.2528237e-07
4.5332578e-05
1.159465e-05
1.6562075e-06
3.2817262e-07
1.935156e-05
4.7819901e-06
6.5327057e-07
1.2511737e-07
5.4292946e-06
1.2828365e-06
1.6535898e-07
3.0298424e-08
1.8127374e-06
4.1388276e-07
5.1030794e-08
9.0386847e-09
0.00297148
0.0011758161
0.00029482145
8.9564039e-05
0.0014524046
0.00055441186
0.00013274761
3.8945274e-05
0.00048585713
0.00017700893
3.9918883e-05
1.1192079e-05
0.00018553103
6.5232182e-05
1.4053701e-05
3.8060484e-06
0.00010632343
3.6683731e-05
7.7134487e-06
2.0508228e-06
3.4459395e-05
1.147657e-05
2.3058464e-06
5.9226727e-07
6.7462493e-06
2.1460541e-06
4.0641331e-07
9.9803343e-08
1.7090043e-06
5.2494156e-07
9.5018515e-08
2.2545907e-08
9.6726909e-07
2.1685443e-07
2.6112531e-08
4.5423962e-09
2.7427756e-07
5.9424628e-08
6.8452301e-09
1.1511478e-09
4.5130714e-08
9.3522608e-09
1.0168308e-09
1.6362334e-10
1.0011101e-08
2.005098e-09
2.0857652e-10
3.2449233e-11
4.2960819e-09
8.4499287e-10
8.5853714e-11
1.3118761e-11
8.0943299e-10
1.5388733e-10
1.496031e-11
2.2102332e-12
7.8139799e-11
1.4212404e-11
1.3044484e-12
1.8443688e-13
1.1518884e-11
2.0253046e-12
1.7788014e-13
2.4318751e-14
7.8706288e-07
2.3729675e-07
4.1932258e-08
9.7694454e-09
1.6926932e-07
4.9286055e-08
8.32576e-09
1.8744396e-09
1.941117e-08
5.4014939e-09
8.6052437e-10
1.8528631e-10
3.2641706e-09
8.7739408e-10
1.3365463e-10
2.7813016e-11
0.0058040271
0.0056401124
0.0041586555
0.0027744937
0.0026163582
0.0023930047
0.0016569009
0.0010594801
0.00077668185
0.00066079302
0.0004230672
0.00025632051
0.00026836544
0.00021684169
0.0001310464
7.6252422e-05
0.0021159214
0.0011532299
0.00043399017
0.00017885349
0.00079085285
0.00041464842
0.00014864422
5.9080046e-05
0.00018615072
9.2853756e-05
3.126129e-05
1.1855522e-05
5.4243648e-05
2.6055463e-05
8.363576e-06
3.0604217e-06
2.6906055e-05
1.2668765e-05
3.9650296e-06
1.4236178e-06
6.6468961e-06
3.0154662e-06
9.0024375e-07
3.1195656e-07
9.1226415e-07
3.944441e-07
1.107679e-07
3.6655184e-08
1.7590993e-07
7.333215e-08
1.965513e-08
6.2795229e-09
0.0001454511
0.00011446354
6.7126306e-05
3.8238098e-05
4.2286184e-05
3.1722877e-05
1.7602793e-05
9.6401281e-06
7.1358557e-06
5.0432706e-06
2.6085657e-06
1.3581553e-06
1.6061912e-06
1.0863016e-06
5.3305847e-07
2.6713796e-07
0.0047756925
0.0022000849
0.00066762241
0.00023379442
0.0021670677
0.0010324532
0.00031926819
0.00011207273
0.00030949719
0.00021215184
8.0093078e-05
3.0238549e-05
-0.00020031648
-2.1075523e-05
1.0544946e-05
6.3434156e-06
0.00012750386
3.745097e-05
6.3911339e-06
1.4490757e-06
6.1015678e-05
1.7787784e-05
2.9868551e-06
6.6644871e-07
1.685825e-05
5.0455527e-06
8.560701e-07
1.9023874e-07
3.9815974e-06
1.3586754e-06
2.5078762e-07
5.7503795e-08
1.1109162e-06
5.1896977e-07
1.1132635e-07
2.6911693e-08
-7.0888441e-07
-6.0041657e-08
9.2987781e-09
3.9946294e-09
-6.0955642e-07
-1.0741004e-07
-8.570625e-09
-9.2967935e-10
-3.0329212e-07
-5.6164392e-08
-5.1165332e-09
-6.9331825e-10
-0.00027945363
-6.4161733e-05
-3.9418142e-06
1.1097557e-06
-0.00025559816
-7.2004525e-05
-1.081156e-05
-1.98605e-06
-0.00013371558
-3.9247319e-05
-6.5902007e-06
-1.4465253e-06
-6.4189924e-05
-1.8764673e-05
-3.1699265e-06
-7.0817163e-07
-4.0612659e-05
-1.1787854e-05
-1.9791262e-06
-4.4153842e-07
-1.5387116e-05
-4.3838071e-06
-7.2098984e-07
-1.5890662e-07
-3.5442118e-06
-9.7956419e-07
-1.5524503e-07
-3.3338668e-08
-9.9466583e-07
-2.6785444e-07
-4.108177e-08
-8.6124448e-09
-1.8926311e-07
-3.524693e-08
-3.272824e-09
-4.5682424e-10
-6.778667e-08
-1.2560136e-08
-1.1709552e-09
-1.6595138e-10
-1.4040804e-08
-2.5459037e-09
-2.3210266e-10
-3.2531745e-11
-3.5825298e-09
-6.3527227e-10
-5.6383489e-11
-7.7588979e-12
-1.6411049e-09
-2.8722498e-10
-2.5081587e-11
-3.4113517e-12
-3.4477399e-10
-5.8786359e-11
-4.9669881e-12
-6.5937956e-13
-3.7565942e-11
-6.1774431e-12
-4.9832676e-13
-6.390105e-14
-6.000689e-12
-9.5868669e-13
-7.4513515e-14
-9.2905056e-15
-4.8087402e-07
-1.2763038e-07
-1.9216798e-08
-3.9736037e-09
-1.1225098e-07
-2.8967085e-08
-4.2071044e-09
-8.4672327e-10
-1.4117519e-08
-3.5073768e-09
-4.8506307e-10
-9.4076349e-11
-2.5254006e-09
-6.0898172e-10
-8.1033157e-11
-1.5262336e-11
-0.013531409
-0.0091465922
-0.0046594748
-0.0024503983
-0.0061762429
-0.0040635967
-0.0020001951
-0.0010253943
-0.0018569414
-0.0011773968
-0.00055267045
-0.00027338868
-0.00064666163
-0.00039818585
-0.00017997745
-8.6518767e-05
-0.0016637733
-0.00073967358
-0.00021763879
-7.499465e-05
-0.00068704833
-0.00029814908
-8.5143511e-05
-2.8719485e-05
-0.00017977728
-7.5362759e-05
-2.0599089e-05
-6.7268913e-06
-5.604111e-05
-2.2842934e-05
-6.0234053e-06
-1.9147219e-06
-2.8704619e-05
-1.1522316e-05
-2.9789435e-06
-9.3295945e-07
-7.4869477e-06
-2.9184876e-06
-7.2650871e-07
-2.2110285e-07
-1.0924568e-06
-4.0952005e-07
-9.6909987e-08
-2.8379959e-08
-2.1946878e-07
-7.9802494e-08
-1.8152979e-08
-5.158445e-09
-0.00035176167
-0.00021319284
-9.4405893e-05
-4.4681903e-05
-0.00010288469
-6.0505369e-05
-2.5767448e-05
-1.183898e-05
-1.7477215e-05
-9.876345e-06
-3.9938661e-06
-1.7640263e-06
-3.9509136e-06
-2.1646978e-06
-8.4090789e-07
-3.6020213e-07
-0.01416697
-0.0064335212
-0.0019243461
-0.00066802851
-0.01129311
-0.0049044906
-0.0013884791
-0.00046293965
-0.0070384567
-0.0028931325
-0.00076465049
-0.00024228383
-0.0042889919
-0.0016932427
-0.00042529501
-0.00012972795
-0.00036285413
-0.00010587315
-1.7937504e-05
-4.0480226e-06
-0.00024622711
-6.9118241e-05
-1.1147372e-05
-2.4242029e-06
-0.00012547529
-3.3528854e-05
-5.0770728e-06
-1.0528061e-06
-6.5855239e-05
-1.6957681e-05
-2.4484976e-06
-4.8978105e-07
-4.4648255e-05
-1.1274606e-05
-1.5875278e-06
-3.1156877e-07
-1.9790988e-05
-4.8194877e-06
-6.4758951e-07
-1.2266318e-07
-5.8065371e-06
-1.3493655e-06
-1.7067911e-07
-3.0877904e-08
-2.0003974e-06
-4.48653e-07
-5.4201885e-08
-9.4689955e-09
-0.003144247
-0.0012155002
-0.00029726819
-8.8882183e-05
-0.0016104095
-0.00059893239
-0.00013943602
-4.0175097e-05
-0.00056851478
-0.00020127372
-4.3994593e-05
-1.2087038e-05
-0.00022521051
-7.6833338e-05
-1.601403e-05
-4.2441294e-06
-0.00013142873
-4.3971552e-05
-8.9373537e-06
-2.32395e-06
-4.3971559e-05
-1.4186927e-05
-2.751707e-06
-6.9055755e-07
-8.9373605e-06
-2.7517084e-06
-5.0241733e-07
-1.2042382e-07
-2.3239535e-06
-6.9055828e-07
-1.2042387e-07
-2.7872755e-08
-1.084366e-06
-2.3867172e-07
-2.8140164e-08
-4.8257097e-09
-3.1621261e-07
-6.7197393e-08
-7.5703124e-09
-1.2539755e-09
-5.3816155e-08
-1.092752e-08
-1.1605038e-09
-1.8376922e-10
-1.2227129e-08
-2.3981373e-09
-2.4347251e-10
-3.725281e-11
-5.3112e-09
-1.0226917e-09
-1.0137577e-10
-1.5230522e-11
-1.0226922e-09
-1.9025528e-10
-1.8033878e-11
-2.6183495e-12
-1.0137588e-10
-1.8033887e-11
-1.6127814e-12
-2.2398148e-13
-1.5230545e-11
-2.6183515e-12
-2.2398152e-13
-3.0067534e-14
-1.0843681e-06
-3.1621306e-07
-5.3816195e-08
-1.2227132e-08
-2.3867244e-07
-6.7197544e-08
-1.0927534e-08
-2.3981391e-09
-2.8140298e-08
-7.5703394e-09
-1.1605064e-09
-2.4347286e-10
-4.8257405e-09
-1.2539815e-09
-1.8376978e-10
-3.7252883e-11
-0.01416697
-0.01129311
-0.0070384572
-0.0042889922
-0.0064335215
-0.0049044915
-0.0028931335
-0.0016932433
-0.0019243463
-0.0013884797
-0.00076465112
-0.00042529543
-0.00066802862
-0.00046293999
-0.00024228414
-0.00012972816
-0.0031442472
-0.0016104096
-0.0005685148
-0.00022521052
-0.0012155007
-0.00059893263
-0.00020127378
-7.6833356e-05
-0.00029726851
-0.00013943618
-4.3994638e-05
-1.6014044e-05
-8.8882334e-05
-4.017517e-05
-1.208706e-05
-4.2441364e-06
-4.4648349e-05
-1.9791033e-05
-5.8065504e-06
-2.0004017e-06
-1.1274639e-05
-4.8195033e-06
-1.3493701e-06
-4.4865448e-07
-1.5875345e-06
-6.475926e-07
-1.7067998e-07
-5.4202165e-08
-3.1157047e-07
-1.2266393e-07
-3.087811e-08
-9.4690603e-09
-0.00036285421
-0.00024622733
-0.00012547549
-6.5855368e-05
-0.00010587318
-6.9118325e-05
-3.3528927e-05
-1.6957727e-05
-1.7937511e-05
-1.1147391e-05
-5.0770884e-06
-2.4485072e-06
-4.0480245e-06
-2.424208e-06
-1.0528102e-06
-4.8978348e-07
-0.013531412
-0.0061762445
-0.0018569419
-0.00064666176
-0.0091466061
-0.0040636025
-0.0011773983
-0.0003981863
-0.0046594923
-0.0020002021
-0.00055267215
-0.00017997793
-0.0024504127
-0.0010253999
-0.00027338998
-8.6519118e-05
-0.00035176174
-0.0001028847
-1.7477216e-05
-3.9509137e-06
-0.00021319305
-6.0505417e-05
-9.8763492e-06
-2.164698e-06
-9.4406118e-05
-2.5767494e-05
-3.99387e-06
-8.4090807e-07
-4.4682066e-05
-1.1839013e-05
-1.7640288e-06
-3.6020224e-07
-2.8704745e-05
-7.4869726e-06
-1.0924587e-06
-2.1946886e-07
-1.1522385e-05
-2.9185006e-06
-4.0952101e-07
-7.9802535e-08
-2.978968e-06
-7.2651321e-07
-9.69103e-08
-1.8152992e-08
-9.3296898e-07
-2.2110455e-07
-2.8380072e-08
-5.1584495e-09
-0.0016637853
-0.00068705291
-0.00017977832
-5.6041384e-05
-0.00073968094
-0.00029815181
-7.5363349e-05
-2.2843086e-05
-0.00021764187
-8.5144608e-05
-2.0599315e-05
-6.0234609e-06
-7.4995983e-05
-2.8719949e-05
-6.7269832e-06
-1.9147438e-06
-4.0613413e-05
-1.5387375e-05
-3.5442621e-06
-9.9467768e-07
-1.1788058e-05
-4.3838756e-06
-9.7957706e-07
-2.6785739e-07
-1.979156e-06
-7.2099962e-07
-1.5524679e-07
-4.1082159e-08
-4.4154412e-07
-1.5890846e-07
-3.3338991e-08
-8.6125142e-09
-4.8087911e-07
-1.1225187e-07
-1.4117577e-08
-2.5254029e-09
-1.2763162e-07
-2.8967296e-08
-3.50739e-09
-6.0898222e-10
-1.921696e-08
-4.2071308e-09
-4.8506463e-10
-8.1033214e-11
-3.9736321e-09
-8.4672777e-10
-9.4076605e-11
-1.5262345e-11
-1.6411154e-09
-3.4477563e-10
-3.7566033e-11
-6.0006921e-12
-2.8722637e-10
-5.878657e-11
-6.1774545e-12
-9.5868707e-13
-2.5081651e-11
-4.9669974e-12
-4.9832724e-13
-7.451353e-14
-3.4113537e-12
-6.5937984e-13
-6.3901064e-14
-9.290506e-15
-1.8926531e-07
-6.7787376e-08
-1.4040926e-08
-3.5825557e-09
-3.5247243e-08
-1.2560235e-08
-2.5459204e-09
-6.3527575e-10
-3.2728393e-09
-1.1709601e-09
-2.3210346e-10
-5.6383651e-11
-4.5682471e-10
-1.6595153e-10
-3.253177e-11
-7.7589028e-12
0.0047756945
0.0021670723
0.00030949867
-0.00020031789
0.0022000858
0.0010324553
0.00021215281
-2.1075664e-05
0.00066762266
0.00031926879
8.0093405e-05
1.0545009e-05
0.0002337945
0.00011207291
3.0238657e-05
6.3434485e-06
-0.00027945597
-0.00025560098
-0.00013371757
-6.4191084e-05
-6.4162242e-05
-7.2005274e-05
-3.9247866e-05
-1.876499e-05
-3.941842e-06
-1.0811659e-05
-6.5902812e-06
-3.1699732e-06
1.1097625e-06
-1.9860658e-06
-1.4465406e-06
-7.0818059e-07
1.1109223e-06
-7.0888949e-07
-6.095622e-07
-3.0329557e-07
5.1897197e-07
-6.0041987e-08
-1.0741082e-07
-5.6164881e-08
1.113266e-07
9.2988053e-09
-8.570658e-09
-5.1165568e-09
2.6911706e-08
3.994632e-09
-9.2968015e-10
-6.9331896e-10
0.0001275039
6.101577e-05
1.6858304e-05
3.9816161e-06
3.7450979e-05
1.7787805e-05
5.0455653e-06
1.3586803e-06
6.3911347e-06
2.986857e-06
8.5607124e-07
2.5078811e-07
1.4490757e-06
6.6644881e-07
1.902388e-07
5.750382e-08
0.0058040271
0.0026163582
0.00077668185
0.00026836544
0.0056401124
0.0023930047
0.00066079302
0.00021684169
0.0041586555
0.0016569009
0.0004230672
0.0001310464
0.0027744937
0.0010594801
0.00025632051
7.6252422e-05
0.0001454511
4.2286184e-05
7.1358557e-06
1.6061912e-06
0.00011446354
3.1722877e-05
5.0432706e-06
1.0863016e-06
6.7126306e-05
1.7602793e-05
2.6085657e-06
5.3305847e-07
3.8238098e-05
9.6401281e-06
1.3581553e-06
2.6713796e-07
2.6906055e-05
6.6468961e-06
9.1226415e-07
1.7590993e-07
1.2668765e-05
3.0154662e-06
3.944441e-07
7.333215e-08
3.9650296e-06
9.0024375e-07
1.107679e-07
1.965513e-08
1.4236178e-06
3.1195656e-07
3.6655184e-08
6.2795229e-09
0.0021159214
0.00079085285
0.00018615072
5.4243648e-05
0.0011532299
0.00041464842
9.2853756e-05
2.6055463e-05
0.00043399017
0.00014864422
3.126129e-05
8.363576e-06
0.00017885349
5.9080046e-05
1.1855522e-05
3.0604217e-06
0.00010632343
3.4459395e-05
6.7462493e-06
1.7090043e-06
3.6683731e-05
1.147657e-05
2.1460541e-06
5.2494156e-07
7.7134487e-06
2.3058464e-06
4.0641331e-07
9.5018515e-08
2.0508228e-06
5.9226727e-07
9.9803343e-08
2.2545907e-08
7.8706288e-07
1.6926932e-07
1.941117e-08
3.2641706e-09
2.3729675e-07
4.9286055e-08
5.4014939e-09
8.7739408e-10
4.1932258e-08
8.32576e-09
8.6052437e-10
1.3365463e-10
9.7694454e-09
1.8744396e-09
1.8528631e-10
2.7813016e-11
4.2960819e-09
8.0943299e-10
7.8139799e-11
1.1518884e-11
8.4499287e-10
1.5388733e-10
1.4212404e-11
2.0253046e-12
8.5853714e-11
1.496031e-11
1.3044484e-12
1.7788014e-13
1.3118761e-11
2.2102332e-12
1.8443688e-13
2.4318751e-14
9.6726909e-07
2.7427756e-07
4.5130714e-08
1.0011101e-08
2.1685443e-07
5.9424628e-08
9.3522608e-09
2.005098e-09
2.6112531e-08
6.8452301e-09
1.0168308e-09
2.0857652e-10
4.5423962e-09
1.1511478e-09
1.6362334e-10
3.2449233e-11
0.017118512
0.012632385
0.007229666
0.0041651258
0.0077932444
0.005542552
0.0030242088
0.001680182
0.0023369564
0.001585785
0.00081413518
0.00043179937
0.00081251982
0.00053219896
0.000260966
0.00013364345
0.00297148
0.0014524046
0.00048585713
0.00018553103
0.0011758161
0.00055441186
0.00017700893
6.5232182e-05
0.00029482145
0.00013274761
3.9918883e-05
1.4053701e-05
8.9564039e-05
3.8945274e-05
1.1192079e-05
3.8060484e-06
4.5332578e-05
1.935156e-05
5.4292946e-06
1.8127374e-06
1.159465e-05
4.7819901e-06
1.2828365e-06
4.1388276e-07
1.6562075e-06
6.5327057e-07
1.6535898e-07
5.1030794e-08
3.2817262e-07
1.2511737e-07
3.0298424e-08
9.0386847e-09
0.00044165484
0.0002839336
0.00013589061
6.8313183e-05
0.00012901875
8.0110561e-05
3.6645982e-05
1.7796502e-05
2.1887358e-05
1.2993116e-05
5.6059239e-06
2.6033313e-06
4.943578e-06
2.8360309e-06
1.1703241e-06
5.2528237e-07
