FiniteElementSpace
FiniteElementCollection: H1_2D_P2
VDim: 1
Ordering: 0

1.2297632
1.1597423
1.1600077
1.1028295
1.1606004
1.1033219
1.1606004
1.103757
1.1600077
1.1033218
1.1028295
1.1986534
1.1266725
1.126719
1.1988664
1.1271416
1.1272698
1.1992889
1.1276367
1.1276367
1.1992889
1.1272698
1.1271415
1.1988664
1.126719
1.1266725
1.1612156
1.1617043
1.162093
1.1617044
1.1612156
1.2209
1.1841942
1.1842835
1.2210276
1.1845675
1.184765
1.2212561
1.1849859
1.1849859
1.2212561
1.1847651
1.1845676
1.2210276
1.1842834
1.1841942
1.1735449
1.1474695
1.1392149
1.1093703
1.1093786
1.1392597
1.1475957
1.1737992
1.1478714
1.1396868
1.1098618
1.1098861
1.1398052
1.1481881
1.1743475
1.1484247
1.1401666
1.1103105
1.1103105
1.1401666
1.1484248
1.1743475
1.1481881
1.1398052
1.1098861
1.1098618
1.1396868
1.1478713
1.1737991
1.1475957
1.1392597
1.1093786
1.1093703
1.1392149
1.1474694
1.2079502
1.2082765
1.2085089
1.2082765
1.2079501
1.1604869
1.1195203
1.1606193
1.1608729
1.1200274
1.16119
1.1614011
1.1204629
1.1614011
1.16119
1.1200273
1.1608729
1.1606193
1.1195202
1.1604869
1.2274323
1.2162635
1.2163236
1.2275004
1.2109127
1.192952
1.1968156
1.1732241
1.1732634
1.1968657
1.1931
1.211089
1.2164937
1.2166072
1.2276162
1.1932491
1.1971713
1.1736621
1.1737538
1.197277
1.1935593
1.2114214
1.2167266
1.2167266
1.2276162
1.1936738
1.1975049
1.1740675
1.1740675
1.1975049
1.1936738
1.2114214
1.2166072
1.2164937
1.2275004
1.1935593
1.1972771
1.1737539
1.1736621
1.1971713
1.1932491
1.211089
1.2163236
1.2162635
1.1931
1.1968657
1.1732634
1.1732241
1.1968155
1.192952
1.185631
1.1685186
1.1715788
1.1641909
1.155668
1.1522107
1.137274
1.1314419
1.1502965
1.1494554
1.1285685
1.1285857
1.1494835
1.1170135
1.1129375
1.1044987
1.1045001
1.1129456
1.1170362
1.1314926
1.1716955
1.1687093
1.1858695
1.1503797
1.1373547
1.1523465
1.1558526
1.1644535
1.1688427
1.1719607
1.1560141
1.1526017
1.1377163
1.1319088
1.1507322
1.1499362
1.1290636
1.1291111
1.1500079
1.1174981
1.1134325
1.1049916
1.104996
1.1134558
1.1175631
1.1320463
1.1722305
1.1692761
1.1863646
1.1509421
1.1379291
1.1529359
1.1564525
1.1650345
1.1693862
1.1724445
1.1565905
1.153153
1.1382412
1.1324049
1.1512379
1.1503805
1.1295185
1.1295185
1.1503805
1.1179665
1.1138808
1.1054294
1.1054294
1.1138808
1.1179665
1.132405
1.1724445
1.1693862
1.1863646
1.1512379
1.1382412
1.153153
1.1565905
1.1650346
1.1692761
1.1722305
1.1564525
1.1529359
1.1379291
1.1320463
1.1509421
1.1500079
1.1291111
1.1290636
1.1499362
1.1175631
1.1134558
1.1049959
1.1049915
1.1134324
1.117498
1.1319088
1.1719607
1.1688427
1.1858695
1.1507322
1.1377162
1.1526017
1.1560141
1.1644535
1.1687093
1.1716955
1.1558525
1.1523465
1.1373547
1.1314926
1.1503797
1.1494835
1.1285857
1.1285684
1.1494554
1.1170362
1.1129455
1.1045001
1.1044987
1.1129375
1.1170135
1.1314419
1.1715788
1.1685186
1.1502965
1.137274
1.1522107
1.155668
1.2238722
1.2055351
1.1856484
1.2056449
1.2240505
1.2058048
1.1860787
1.2060236
1.2241693
1.2061412
1.1864039
1.2061412
1.2240505
1.2060236
1.1860787
1.2058048
1.2238722
1.2056448
1.1856484
1.2055351
1.1800575
1.1599689
1.1422017
1.1609907
1.1382609
1.1213072
1.1071672
1.1213316
1.1802322
1.1610578
1.1422893
1.1601643
1.1803716
1.1603009
1.1426375
1.1614288
1.1387704
1.121793
1.1076645
1.121862
1.1807546
1.1615923
1.1428644
1.1607565
1.1808659
1.1608719
1.1431625
1.1618947
1.1391937
1.1222621
1.1081007
1.1222621
1.1808659
1.1618947
1.1431625
1.1608719
1.1807546
1.1607564
1.1428644
1.1615923
1.1387704
1.121862
1.1076644
1.121793
1.1803715
1.1614288
1.1426375
1.1603008
1.1802322
1.1601643
1.1422893
1.1610578
1.1382608
1.1213316
1.1071672
1.1213071
1.1800575
1.1609906
1.1422017
1.1599689
1.2291487
1.226185
1.2262182
1.2291836
1.2246525
1.2190794
1.2205216
1.2125195
1.2125484
1.2205528
1.2191725
1.2247516
1.2162685
1.2086796
1.2112178
1.2049728
1.1962194
1.1993832
1.1889117
1.1906005
1.2015464
1.2026553
1.1914672
1.191491
1.2026817
1.1789181
1.1795014
1.1672683
1.1672866
1.1795225
1.1789811
1.1906716
1.2113041
1.2088219
1.216422
1.2016253
1.1890293
1.1995134
1.1963993
1.205169
1.2263085
1.2263665
1.2292415
1.2192588
1.2207273
1.2127988
1.212855
1.2207847
1.21943
1.2249246
1.2089033
1.2114693
1.1964751
1.199668
1.1892481
1.1909664
1.2018603
1.2029979
1.1918619
1.1919134
1.2030521
1.1793253
1.1799368
1.1677334
1.1677771
1.1799848
1.1794686
1.1911201
1.2116368
1.2091792
1.2167039
1.202022
1.1895015
1.1999345
1.1968419
1.2055484
1.2264261
1.2264261
1.2292415
1.2194901
1.2209041
1.2130321
1.2130321
1.2209041
1.2194901
1.2249246
1.2092385
1.2117556
1.1968998
1.2000507
1.1896706
1.1913446
1.2021961
1.2032827
1.1921918
1.1921918
1.2032827
1.1797379
1.1803044
1.1681307
1.1681307
1.1803044
1.1797379
1.1913446
1.2117556
1.2092385
1.2167039
1.2021961
1.1896706
1.2000507
1.1968998
1.2055484
1.2263665
1.2263085
1.2291836
1.21943
1.2207847
1.212855
1.2127988
1.2207273
1.2192588
1.2247516
1.2091792
1.2116368
1.1968419
1.1999345
1.1895015
1.1911201
1.202022
1.2030521
1.1919134
1.1918619
1.2029979
1.1794687
1.1799848
1.1677772
1.1677335
1.1799368
1.1793254
1.1909664
1.2114693
1.2089032
1.2164219
1.2018603
1.1892481
1.199668
1.1964751
1.2051689
1.2262182
1.226185
1.2191725
1.2205528
1.2125484
1.2125195
1.2205216
1.2190794
1.2088219
1.211304
1.1963992
1.1995134
1.1890293
1.1906716
1.2016252
1.2026817
1.1914909
1.1914671
1.2026553
1.1789811
1.1795225
1.1672865
1.1672682
1.1795014
1.178918
1.1906005
1.2112178
1.2086796
1.2015464
1.1889117
1.1993831
1.1962194
1.1921276
1.1832363
1.1864401
1.1793537
1.171431
1.1740136
1.1648394
1.1657533
1.1761422
1.1777892
1.1684001
1.1625565
1.1637741
1.1611262
1.1584508
1.15726
1.1519382
1.1493875
1.1564655
1.155935
1.1473929
1.1458759
1.1555869
1.1425224
1.1393304
1.1319393
1.128667
1.1368258
1.1349763
1.1447824
1.1664815
1.1669956
1.1553758
1.1440776
1.1552609
1.1552183
1.1437371
1.1437498
1.1552337
1.1337591
1.1331594
1.1237824
1.1237898
1.1331693
1.1337888
1.1441155
1.1262192
1.1245917
1.1216554
1.1187718
1.1128882
1.1107579
1.1168424
1.1158773
1.1096887
1.1096918
1.1158824
1.1065557
1.1054261
1.1032499
1.1032501
1.1054275
1.1065597
1.110767
1.1246137
1.1262555
1.1350254
1.1168575
1.1129026
1.1187964
1.1216887
1.1287168
1.1866028
1.1834424
1.1923547
1.1778936
1.176287
1.1658794
1.1650001
1.1741976
1.1716531
1.1796012
1.1670503
1.1665723
1.1553072
1.144845
1.1554525
1.1556935
1.1459628
1.1475032
1.1560707
1.1368936
1.1320015
1.1394159
1.1426244
1.1495202
1.1639687
1.162785
1.1686593
1.1566297
1.1520918
1.157452
1.1586702
1.1613908
1.1835133
1.1867468
1.1717208
1.1743333
1.1651958
1.1661375
1.1764914
1.1781677
1.1628546
1.164102
1.1587624
1.1575981
1.1523144
1.1497831
1.1568289
1.156323
1.1478082
1.1463112
1.1559995
1.1429463
1.1397684
1.1323966
1.129134
1.1372788
1.135445
1.1452379
1.1668932
1.1674343
1.1558128
1.1445538
1.1557221
1.1557034
1.144234
1.144267
1.1557421
1.1342442
1.1336613
1.1242848
1.1243055
1.1336882
1.1343243
1.1446522
1.1266969
1.1250813
1.1221335
1.1192559
1.1133771
1.11125
1.1173338
1.1163774
1.1101855
1.1101945
1.116392
1.1070483
1.1059201
1.1037425
1.1037433
1.1059243
1.1070603
1.1112765
1.1251428
1.1267974
1.1355765
1.1173771
1.113419
1.1193259
1.1222273
1.1292703
1.187096
1.1839531
1.1928159
1.1784041
1.1768175
1.1664344
1.1655705
1.1747446
1.1722125
1.1801255
1.1675648
1.1671084
1.1558375
1.1453997
1.1560029
1.1562613
1.1465333
1.1480867
1.1566528
1.1374585
1.1325646
1.1399922
1.1432088
1.1501129
1.1645504
1.1633734
1.1692266
1.1572221
1.1526896
1.1580501
1.1592688
1.1619804
1.1840093
1.1872087
1.1722681
1.1748548
1.1657328
1.1666462
1.1769816
1.1786213
1.1634321
1.164662
1.1593474
1.1581746
1.1528802
1.150338
1.157391
1.1568655
1.1483469
1.146829
1.1565171
1.1434858
1.1402957
1.1329065
1.1296316
1.1377894
1.1359352
1.1457308
1.1673688
1.1678725
1.1563012
1.1450183
1.1561774
1.1561225
1.1446674
1.1446674
1.1561225
1.1347111
1.1341027
1.1247291
1.1247291
1.1341027
1.1347111
1.1450183
1.127179
1.1255453
1.1226146
1.1197263
1.1138346
1.1116998
1.1177916
1.1168211
1.1106266
1.1106266
1.1168211
1.1074904
1.1063581
1.1041782
1.1041782
1.1063581
1.1074904
1.1116998
1.1255453
1.127179
1.1359352
1.1177916
1.1138346
1.1197263
1.1226146
1.1296316
1.1872087
1.1840093
1.1928159
1.1786213
1.1769816
1.1666462
1.1657328
1.1748548
1.1722681
1.1801255
1.1678725
1.1673688
1.1561774
1.1457308
1.1563012
1.1565171
1.146829
1.1483469
1.1568655
1.1377894
1.1329065
1.1402957
1.1434859
1.150338
1.164662
1.1634321
1.1692266
1.1573911
1.1528802
1.1581746
1.1593474
1.1619804
1.183953
1.187096
1.1722125
1.1747446
1.1655705
1.1664344
1.1768175
1.1784041
1.1633734
1.1645504
1.1592688
1.1580501
1.1526895
1.1501129
1.1572221
1.1566528
1.1480866
1.1465333
1.1562613
1.1432088
1.1399921
1.1325645
1.1292702
1.1374585
1.1355765
1.1453997
1.1671085
1.1675648
1.1560029
1.1446522
1.1558375
1.1557422
1.144267
1.144234
1.1557035
1.1343243
1.1336882
1.1243055
1.1242848
1.1336613
1.1342442
1.1445538
1.1267973
1.1251428
1.1222273
1.1193259
1.1134189
1.1112764
1.1173771
1.116392
1.1101945
1.1101854
1.1163774
1.1070602
1.1059243
1.1037433
1.1037425
1.1059201
1.1070483
1.11125
1.1250813
1.1266969
1.135445
1.1173338
1.1133771
1.1192558
1.1221335
1.1291339
1.1867467
1.1835133
1.1923547
1.1781677
1.1764914
1.1661375
1.1651958
1.1743333
1.1717208
1.1796012
1.1674344
1.1668932
1.1557221
1.1452379
1.1558128
1.1559994
1.1463111
1.1478081
1.156323
1.1372788
1.1323965
1.1397684
1.1429462
1.1497831
1.164102
1.1628546
1.1686593
1.1568288
1.1523144
1.1575981
1.1587623
1.1613908
1.1834424
1.1866028
1.1716531
1.1741976
1.165
1.1658793
1.176287
1.1778936
1.162785
1.1639686
1.1586702
1.157452
1.1520917
1.1495201
1.1566297
1.1560707
1.1475032
1.1459628
1.1556934
1.1426243
1.1394158
1.1320015
1.1287168
1.1368936
1.1350254
1.144845
1.1665722
1.1670503
1.1554525
1.1441154
1.1553071
1.1552337
1.1437498
1.1437371
1.1552182
1.1337888
1.1331693
1.1237898
1.1237824
1.1331593
1.1337591
1.1440776
1.1262555
1.1246137
1.1216887
1.1187964
1.1129026
1.110767
1.1168575
1.1158824
1.1096917
1.1096887
1.1158773
1.1065597
1.1054275
1.1032501
1.1032499
1.1054261
1.1065556
1.1107579
1.1245917
1.1262192
1.1349763
1.1168424
1.1128881
1.1187718
1.1216554
1.128667
1.1864401
1.1832363
1.1777892
1.1761422
1.1657533
1.1648394
1.1740136
1.171431
1.1669956
1.1664815
1.1552609
1.1447823
1.1553758
1.1555869
1.1458759
1.1473929
1.155935
1.1368258
1.1319393
1.1393303
1.1425224
1.1493875
1.1637741
1.1625565
1.1564655
1.1519382
1.15726
1.1584508
1.2282298
1.2231055
1.2169695
1.2231699
1.2142228
1.2026166
1.1953452
1.207328
1.1973263
1.1852713
1.1734501
1.1853161
1.214342
1.2073833
1.1954449
1.2027791
1.2283215
1.2232583
1.2172267
1.2233736
1.2144258
1.2028577
1.1956718
1.2076262
1.1977105
1.1856736
1.173915
1.1857731
1.2146508
1.2077366
1.1958815
1.2031811
1.2283804
1.2234336
1.2174041
1.2234336
1.2147107
1.2032398
1.1960532
1.2079125
1.1979926
1.1860471
1.1742758
1.1860471
1.2147107
1.2079125
1.1960532
1.2032398
1.2283215
1.2233736
1.2172267
1.2232583
1.2146508
1.2031811
1.1958815
1.2077366
1.1977105
1.1857731
1.1739151
1.1856736
1.2144258
1.2076262
1.1956718
1.2028577
1.2282298
1.2231699
1.2169695
1.2231055
1.2143419
1.2027791
1.1954449
1.2073833
1.1973263
1.1853161
1.1734501
1.1852713
1.2142228
1.207328
1.1953452
1.2026166
1.1896893
1.1770778
1.1702104
1.1824434
1.1665184
1.1598029
1.1537015
1.16021
1.1510987
1.1445287
1.1339832
1.1404433
1.1725935
1.16076
1.1497597
1.1611495
1.149366
1.1384929
1.1282179
1.1385154
1.1296414
1.123547
1.114472
1.1199646
1.112428
1.1077197
1.1039264
1.1077241
1.1296757
1.119977
1.1144878
1.1235829
1.1898837
1.1825761
1.1703646
1.1772932
1.1726719
1.1611832
1.1498156
1.1608601
1.1512086
1.14051
1.1340494
1.1446363
1.1667451
1.160374
1.1538623
1.1600303
1.1899569
1.1773621
1.1705636
1.1827872
1.1668126
1.1601055
1.1540703
1.1605694
1.151512
1.1449473
1.1344373
1.140897
1.1730038
1.1611722
1.150218
1.1616133
1.149869
1.1389835
1.1287281
1.1390434
1.1301221
1.1240238
1.1149611
1.1204606
1.1129302
1.1082133
1.1044201
1.1082262
1.1302158
1.1204957
1.1150065
1.1241242
1.1903627
1.1830797
1.1709173
1.1778306
1.1731859
1.1616957
1.15036
1.1614142
1.1517862
1.1410714
1.1346148
1.1452219
1.1673214
1.1609576
1.1544593
1.1606258
1.1904197
1.1778864
1.1710799
1.1832461
1.1673777
1.1606898
1.1546369
1.1611217
1.1520428
1.1454889
1.1349497
1.1414011
1.1734504
1.1616714
1.1506946
1.1620421
1.1502783
1.1394361
1.1291597
1.1394361
1.1305987
1.1245073
1.1154202
1.1209135
1.1133668
1.1086561
1.1048555
1.1086561
1.1305987
1.1209135
1.1154202
1.1245073
1.1904197
1.1832461
1.1710799
1.1778864
1.1734504
1.1620421
1.1506946
1.1616715
1.1520429
1.1414011
1.1349497
1.1454889
1.1673777
1.1611217
1.1546369
1.1606898
1.1903627
1.1778306
1.1709173
1.1830797
1.1673214
1.1606258
1.1544593
1.1609576
1.1517862
1.1452219
1.1346147
1.1410714
1.1731859
1.1614142
1.15036
1.1616957
1.149869
1.1390434
1.1287281
1.1389835
1.1302157
1.1241242
1.1150065
1.1204957
1.1129301
1.1082261
1.10442
1.1082133
1.130122
1.1204606
1.114961
1.1240238
1.1899569
1.1827872
1.1705636
1.1773621
1.1730038
1.1616133
1.150218
1.1611722
1.151512
1.1408969
1.1344372
1.1449473
1.1668126
1.1605694
1.1540702
1.1601055
1.1898837
1.1772932
1.1703645
1.182576
1.166745
1.1600302
1.1538622
1.160374
1.1512086
1.1446362
1.1340494
1.1405099
1.1726719
1.1608601
1.1498156
1.1611832
1.149366
1.1385154
1.1282179
1.1384928
1.1296757
1.1235829
1.1144877
1.119977
1.1124279
1.1077241
1.1039263
1.1077197
1.1296414
1.1199646
1.114472
1.1235469
1.1896893
1.1824434
1.1702104
1.1770778
1.1725935
1.1611495
1.1497597
1.16076
1.1510987
1.1404433
1.1339831
1.1445287
1.1665184
1.16021
1.1537015
1.1598029
