-3.93347199e-5
1.26181309e-22
1.26508695e-5
1.34987807e-5
-3.17453399e-23
1.44759824e-5
-5.13737484e-23
-2.91017680e-23
2.97465633e-6
2.56762612e-6
3.50442613e-4
3.20230960e-4
6.67461741e-4
6.67461741e-4
-7.69306775e-4
-7.69307411e-4
-2.14999273e-4
-2.31290763e-4
-1.58508586e-5
7.00208316e-24
1.15771046e-5
1.15771045e-5
-7.86594217e-6
-7.19082957e-6
2.00166301e-5
2.00166300e-5
8.69679074e-5
8.69679072e-5
-2.02363783e-4
-2.02361656e-4
8.69758445e-5
8.69758445e-5
-2.15093112e-22
3.94229924e-6
-4.63886915e-7
-4.63886863e-7
-4.66615602e-7
-4.66615608e-7
6.67470574e-4
6.67470574e-4
-7.69349938e-4
-7.69349938e-4
-2.14998211e-4
-2.31289635e-4
3.50471095e-4
3.20257222e-4
-1.50120369e-23
-1.58532421e-5
-7.85955801e-6
-7.18349604e-6
1.15712465e-5
1.15712465e-5
9.57026376e-23
2.30833284e-5
-2.27864191e-5
-2.27864190e-5
8.28279805e-6
1.12841727e-5
-5.96420651e-24
2.47074692e-6
-1.16128406e-6
-1.96732865e-6
4.18319567e-4
4.18319567e-4
-3.08701933e-4
-3.08701933e-4
2.60398155e-4
2.60398155e-4
-3.08703411e-4
-3.08703410e-4
-2.91653414e-5
-2.91653414e-5
3.04193293e-4
3.04193293e-4
-2.84433820e-4
-2.84433820e-4
2.88605274e-5
2.16588194e-5
2.64486776e-4
2.64486776e-4
-1.99147719e-4
-1.99147719e-4
3.33982565e-4
3.33982565e-4
-3.90290258e-4
-4.05012557e-4
-2.66279783e-4
-2.89430795e-4
3.48686519e-4
3.48686519e-4
1.32162345e-6
8.73495814e-6
-1.89704117e-4
-2.09002163e-4
2.81980006e-5
2.81980006e-5
-5.83774231e-23
1.31992533e-5
-2.49741912e-5
-2.49741912e-5
2.28753155e-4
2.46438561e-4
1.31550151e-4
1.44679512e-4
-5.68463484e-5
-4.87374695e-5
-2.20467375e-4
-2.20467375e-4
-1.63665466e-5
-1.33040181e-5
1.43953853e-5
1.49399172e-22
8.60507323e-6
9.94057844e-6
-1.10000127e-5
-1.23100279e-5
-2.09938731e-5
-1.37080157e-22
2.34407383e-5
1.96289404e-5
-6.15378473e-5
-6.15398653e-5
-5.23967300e-6
-5.23967306e-6
3.10458029e-5
3.10443197e-5
-5.22738326e-6
-5.22738326e-6
4.75272626e-6
4.75272627e-6
1.78342905e-22
2.87096359e-7
-7.08323739e-6
-7.08323743e-6
2.28721204e-4
2.46410220e-4
-2.20478561e-4
-2.20478561e-4
-5.68171191e-5
-4.87060189e-5
1.44683520e-4
1.31553833e-4
-7.08073474e-6
-7.08073470e-6
-2.40459694e-23
2.90217715e-7
4.74973852e-6
4.74973848e-6
2.16778725e-5
2.88759344e-5
-2.84434603e-4
-2.84434603e-4
-2.91581560e-5
-2.91581559e-5
3.04166454e-4
3.04166458e-4
3.34037775e-4
3.34039525e-4
-1.99144404e-4
-1.99144404e-4
2.64430969e-4
2.64432703e-4
-4.05017391e-4
-3.90294805e-4
5.76190003e-22
-4.59556402e-5
7.94154429e-6
8.12144955e-6
5.09023949e-5
-3.11128767e-22
1.35406571e-6
8.76988646e-6
3.48690822e-4
3.48498064e-4
-2.89421686e-4
-2.66270063e-4
-1.89671287e-4
-2.08926840e-4
5.21381301e-23
3.99636184e-5
-1.35001963e-5
-1.30269191e-5
-2.14317696e-5
4.69912774e-23
8.60601451e-6
9.94375786e-6
1.44092370e-5
-7.38847823e-23
-1.63809635e-5
-1.33156882e-5
5.61859459e-5
5.61859459e-5
-5.10589896e-4
-5.10589896e-4
-1.87438990e-4
-1.87438990e-4
5.92913730e-4
5.92913730e-4
-9.85493459e-5
-1.03267264e-4
1.11282729e-4
1.11282729e-4
-2.39491199e-4
-2.39491199e-4
1.38521567e-4
1.40475376e-4
1.67010485e-4
1.53825881e-4
-1.74207141e-4
-1.61791543e-4
8.36703826e-5
7.60028944e-5
-6.76584060e-5
-7.54063632e-5
-3.79055246e-5
-3.79055246e-5
-3.84054871e-5
-3.13020172e-5
-3.09020035e-5
-2.96702291e-5
9.65175779e-5
9.65175779e-5
9.65086604e-5
9.65086605e-5
-3.12830813e-5
-3.83901806e-5
-2.96851836e-5
-3.09196349e-5
-3.78926950e-5
-3.78926950e-5
5.92912064e-4
5.92912064e-4
-5.10621957e-4
-5.10621966e-4
-1.87407953e-4
-1.87407944e-4
5.61883838e-5
5.61883839e-5
1.40508936e-4
1.38554863e-4
1.11017714e-4
1.11316739e-4
-2.39209570e-4
-2.39525785e-4
-9.85631136e-5
-1.03280657e-4
-7.54388965e-5
-6.76900438e-5
-1.74028960e-4
-1.61822074e-4
8.35527493e-5
7.59789517e-5
1.53849224e-4
1.67035295e-4
2.54428484e-3
2.54428484e-3
-5.29503117e-4
-5.29503116e-4
-1.46867291e-3
-1.46867291e-3
-5.29510241e-4
-5.29510242e-4
7.09670750e-4
7.09670750e-4
-6.23775149e-4
-6.23775149e-4
-6.07892615e-4
-6.07892615e-4
5.17780988e-4
5.17780987e-4
1.38698455e-3
1.38698455e-3
1.10618764e-3
1.10618764e-3
-2.19006708e-3
-2.19005666e-3
-3.38525336e-4
-3.38525336e-4
-4.48063017e-4
-4.48063017e-4
1.19250068e-4
1.19250068e-4
2.69549153e-4
2.69549153e-4
1.19260633e-4
1.19260633e-4
-2.12760978e-4
-2.12760978e-4
2.05191944e-4
2.05191944e-4
2.06897272e-4
2.06897272e-4
-1.99350159e-4
-2.18131246e-4
-5.47405894e-4
-5.47405894e-4
-8.82432673e-4
-8.82432673e-4
5.46326106e-4
5.46326106e-4
8.46851664e-4
8.46851664e-4
6.11119733e-4
6.11119733e-4
-3.20769806e-4
-3.20769806e-4
-7.81299354e-4
-7.81299354e-4
4.98154833e-4
5.35148926e-4
9.10708632e-4
9.10708632e-4
5.71179451e-4
5.71179451e-4
-7.25853602e-4
-7.25853602e-4
-7.13269545e-4
-7.64493782e-4
-1.17570111e-3
-1.17570111e-3
-9.27724598e-4
-9.27724598e-4
7.50869450e-4
7.50869450e-4
1.37627925e-3
1.37627925e-3
-9.10781961e-4
-9.10781961e-4
-4.13727706e-4
-4.13727706e-4
1.34535104e-3
1.34535015e-3
7.21874732e-6
-1.59436537e-5
5.27029586e-4
5.52060867e-4
-1.13540775e-3
-1.13540775e-3
-2.14530655e-4
-1.97301372e-4
9.64442842e-4
9.64442842e-4
8.38489657e-6
8.38489650e-6
1.05033841e-5
1.91652310e-5
-9.75087796e-5
-9.75087164e-5
5.92312985e-5
6.26296540e-5
-3.18260531e-4
-3.38466736e-4
1.94561440e-4
1.94561440e-4
4.84636286e-4
5.17948934e-4
-5.40457368e-4
-4.95204664e-4
-3.89286727e-4
-3.89286727e-4
-2.95569216e-4
-3.06224895e-4
3.44094559e-4
3.44094559e-4
1.63808503e-4
1.54696918e-4
8.91886993e-5
9.02490919e-5
-4.36196760e-5
-4.36196759e-5
-5.75514384e-5
-5.53502684e-5
8.76377174e-5
7.71668328e-5
2.85223867e-5
2.85223867e-5
-7.25971212e-22
2.48845692e-5
-2.98871777e-5
-2.98871778e-5
-7.41185788e-5
-7.41185787e-5
-4.89797284e-5
-5.14310252e-5
-4.46952580e-6
-5.49813224e-6
9.58317371e-5
9.58317370e-5
2.15242931e-5
2.15242930e-5
3.99508757e-6
9.82745325e-23
-1.87743853e-5
-1.87743862e-5
1.72607719e-4
1.68432992e-4
4.58573383e-4
5.03151407e-4
-3.70536953e-4
-3.50140979e-4
-2.09310727e-4
-2.09310727e-4
3.03421221e-5
3.15531560e-5
-3.63695396e-5
-2.94247950e-5
-1.65786082e-4
-1.53898330e-4
1.28001231e-4
1.24708116e-4
1.76933509e-4
1.66185706e-4
9.80970007e-5
9.99852464e-5
-2.59911593e-5
-2.71779663e-5
-1.78710737e-4
-1.86686996e-4
-3.21905879e-5
-3.07248090e-5
-5.10537649e-5
-4.42482497e-5
2.97876517e-5
3.03601109e-5
1.97199069e-5
1.97199069e-5
-3.62211457e-6
-1.04026482e-6
-3.12789810e-6
1.45739837e-23
1.02793556e-5
1.39310428e-5
-1.70142999e-5
-1.68392115e-5
1.33091435e-6
2.99566981e-6
-7.25839268e-6
-4.63535970e-6
2.31823089e-5
2.20751592e-5
-1.42953152e-6
-1.26148375e-6
4.13378482e-6
2.81658875e-23
-2.32097364e-6
-2.96168722e-6
2.44484658e-6
3.13233516e-6
-4.00775405e-6
-2.29561456e-23
1.61044163e-6
1.27631687e-6
-2.36152990e-5
-2.44644895e-5
-7.56693410e-6
-5.51874716e-6
2.72796164e-5
2.77480681e-5
-1.59223884e-6
-3.69879898e-6
-2.44763088e-5
-1.88606296e-5
1.75543251e-22
-6.52327049e-6
1.16094875e-5
6.28825969e-6
1.44004641e-4
1.44002330e-4
-6.29059720e-5
-6.29059719e-5
6.22247371e-6
6.22477755e-6
-6.28994529e-5
-6.28994528e-5
9.85131745e-6
9.85131750e-6
-6.89571869e-5
-7.32065609e-5
2.15922686e-6
2.15922691e-6
2.01907602e-5
1.83160309e-5
1.71576752e-4
1.58118078e-4
4.11987582e-4
4.11987582e-4
-2.10341832e-4
-2.21027538e-4
-4.29545566e-4
-4.29545566e-4
7.77224965e-7
7.78096689e-7
4.10569589e-6
4.10569584e-6
-6.56374520e-6
-6.56336788e-6
4.10923240e-6
4.10923234e-6
1.51103396e-6
1.51103395e-6
3.90204184e-22
3.43266022e-6
-2.89058637e-6
-2.89058637e-6
-7.29007226e-6
-7.89877179e-6
-2.47585749e-5
-2.47585749e-5
2.60243114e-5
2.68049819e-5
2.55039571e-5
2.55039571e-5
9.56187951e-6
9.56187955e-6
-7.99504977e-6
6.64626959e-23
-1.14437643e-5
-1.14437642e-5
-9.46235912e-5
-9.88656081e-5
-1.64791359e-4
-1.64791359e-4
2.16667525e-4
2.16667525e-4
1.26687377e-4
1.27500421e-4
1.68434290e-4
1.72612761e-4
-2.09326180e-4
-2.09326180e-4
-3.50120395e-4
-3.70520653e-4
4.58574617e-4
5.03152701e-4
2.16677735e-4
2.16677735e-4
1.27526374e-4
1.26710721e-4
-1.64792661e-4
-1.64792661e-4
-9.46546384e-5
-9.88982547e-5
1.58104854e-4
1.71567659e-4
-4.29551706e-4
-4.29551706e-4
-2.10341602e-4
-2.21031401e-4
4.12003048e-4
4.12003047e-4
5.35173323e-4
4.98182931e-4
-7.81286243e-4
-7.81286243e-4
6.11111200e-4
6.11111200e-4
-3.20804162e-4
-3.20804207e-4
-3.22137163e-5
-3.07470224e-5
1.97171692e-5
1.97171692e-5
3.03723845e-5
2.98001028e-5
-5.10517042e-5
-4.42464064e-5
-1.14472608e-5
-1.14472608e-5
-4.95388900e-23
-7.98564013e-6
9.56171357e-6
9.56171356e-6
-7.29651031e-6
-7.90455206e-6
2.55012087e-5
2.55012087e-5
2.68157668e-5
2.60366700e-5
-2.47556183e-5
-2.47556183e-5
-2.88908257e-6
-2.88908262e-6
3.42086918e-6
1.57869496e-24
1.51197003e-6
1.51196995e-6
1.83532035e-5
2.02284923e-5
2.15186120e-6
2.15186124e-6
9.84766221e-6
9.84766228e-6
-7.32359263e-5
-6.89856398e-5
-2.18160558e-4
-1.99380852e-4
2.06891421e-4
2.06891421e-4
-2.12762390e-4
-2.12762390e-4
2.05234236e-4
2.05234236e-4
1.34540746e-3
1.34540997e-3
-4.13732686e-4
-4.13732686e-4
-9.10839998e-4
-9.10838306e-4
7.22272925e-6
-1.59401549e-5
7.50867530e-4
7.50867530e-4
1.37624319e-3
1.37624306e-3
-9.27723345e-4
-9.27723345e-4
-1.17566436e-3
-1.17566424e-3
1.38701900e-3
1.38701901e-3
-3.38520070e-4
-3.38520069e-4
-2.19010427e-3
-2.19009387e-3
1.10618528e-3
1.10618528e-3
-7.25799528e-4
-7.25801103e-4
5.71183546e-4
5.71183546e-4
9.10659426e-4
9.10658210e-4
-7.64500555e-4
-7.13275871e-4
-5.47375618e-4
-5.47375624e-4
8.46848332e-4
8.46848332e-4
5.46295097e-4
5.46295105e-4
-8.82429381e-4
-8.82429380e-4
5.17720740e-4
5.17720739e-4
-6.07895262e-4
-6.07895262e-4
7.09672859e-4
7.09672859e-4
-6.23714169e-4
-6.23714169e-4
-3.58636179e-5
3.40707682e-22
2.63265828e-6
2.38150937e-6
4.04029622e-5
-2.30990271e-22
-5.59572107e-6
-4.56901984e-6
9.79324027e-5
9.42245858e-5
-5.14585512e-5
-4.90075748e-5
-7.62844348e-5
-7.22594495e-5
8.35112165e-6
8.62523095e-6
5.92440508e-5
6.26448715e-5
-9.77303978e-5
-9.74785013e-5
1.04968506e-5
1.91595348e-5
-6.51875400e-23
-5.30440633e-5
1.48343805e-5
1.50437823e-5
4.99405927e-5
-2.11105333e-23
-5.72958779e-5
-5.50924319e-5
-4.52096735e-5
-4.23813194e-5
8.90483152e-5
9.01050128e-5
7.69470618e-5
8.84191052e-5
-3.89311400e-4
-3.89036710e-4
1.54744643e-4
1.63858705e-4
3.44127222e-4
3.43814718e-4
-3.06241384e-4
-2.95583966e-4
5.17930175e-4
4.84617895e-4
1.94585560e-4
1.94597350e-4
-3.18248088e-4
-3.38453829e-4
-4.95241288e-4
-5.40487445e-4
9.64424570e-4
9.64448666e-4
-2.14531040e-4
-1.97301939e-4
5.27034764e-4
5.52066113e-4
-1.13539350e-3
-1.13541705e-3
1.86604746e-5
-2.07638068e-22
-4.26215497e-6
-4.82654242e-6
-5.18416228e-24
-4.08423506e-5
2.75308599e-5
2.80134358e-5
-2.50348484e-6
-3.22790178e-6
-7.57505592e-6
-5.52994527e-6
-2.51392842e-5
-2.28291010e-5
1.76766844e-4
1.66256041e-4
-1.86692448e-4
-1.78717536e-4
-2.59238059e-5
-2.72451661e-5
1.00015138e-4
9.81280990e-5
2.31036612e-6
-7.99170395e-26
-2.34731875e-6
-2.04858839e-6
4.63087437e-23
6.17303507e-6
-3.11472720e-6
-2.45744857e-6
4.24007588e-6
-1.26613080e-23
-1.22402275e-6
-1.39401291e-6
-1.70554571e-5
-1.68347188e-5
2.20515021e-5
2.31566624e-5
-7.21662158e-6
-4.58457819e-6
1.33656650e-6
3.00196747e-6
1.02899890e-5
1.39439494e-5
-3.10581537e-6
-5.82448309e-23
-1.04230678e-6
-3.62527943e-6
1.24728638e-4
1.28017720e-4
-1.53910588e-4
-1.65799282e-4
3.03466648e-5
3.15579731e-5
-3.63818410e-5
-2.94253032e-5
1.34053813e-3
1.34053813e-3
-3.69205711e-4
-3.69202293e-4
5.47616461e-4
5.47616462e-4
-1.54110123e-3
-1.54110123e-3
-3.84304984e-4
-3.84304984e-4
-2.60747131e-4
-2.60747131e-4
-2.51535155e-5
-2.51535156e-5
6.75157982e-4
6.75157982e-4
-4.93515581e-4
-4.93515581e-4
7.10932773e-4
7.10932773e-4
-1.39890379e-4
-1.39890379e-4
-6.79347025e-5
-6.79347027e-5
-3.29147011e-4
-3.29147011e-4
1.06992039e-3
1.06991895e-3
-1.29763082e-3
-1.29763082e-3
5.89217254e-4
5.89217254e-4
2.82384425e-4
2.86948859e-4
-1.15901561e-3
-1.15901506e-3
1.18138395e-3
1.18138395e-3
-2.02263422e-4
-2.10582546e-4
3.45219935e-4
3.74587630e-4
-6.48568050e-4
-6.48568050e-4
2.28643918e-4
2.28643918e-4
1.44024627e-4
1.41840176e-4
-9.21233783e-6
-5.71991552e-6
4.15379937e-5
4.15379937e-5
-1.05102928e-7
-1.05102892e-7
-3.28841995e-5
-3.32096766e-5
-3.57509404e-5
-3.58261786e-5
1.13687801e-4
1.13687807e-4
-1.08040567e-4
-1.08040567e-4
4.69018725e-6
4.02066340e-6
-4.61511721e-4
-5.05168831e-4
4.99789462e-4
5.45081681e-4
-2.28495593e-4
-2.55378807e-4
1.82623752e-4
2.06202370e-4
5.58346007e-5
6.36228035e-5
-8.24406694e-5
-8.68509203e-5
2.69183020e-5
2.46650818e-5
-3.66557964e-5
-4.21757661e-5
-2.20562974e-5
-2.37709556e-5
2.38007742e-5
2.23184867e-5
-1.04142715e-5
-1.13293759e-5
1.14305287e-5
1.03862693e-5
1.08921578e-4
1.01978147e-4
-8.24662781e-5
-9.29634123e-5
5.43229347e-5
4.75262445e-5
-2.24730972e-5
-1.95679517e-5
1.91061259e-4
1.91061259e-4
4.91543167e-5
5.48592050e-5
7.30192097e-5
6.97842026e-5
-3.16663399e-4
-3.16663399e-4
-1.21832413e-5
-1.21832413e-5
8.36090233e-6
8.16587909e-6
-7.67093876e-6
-7.85703726e-6
1.95356893e-5
1.95356893e-5
-1.90292664e-5
-1.90292665e-5
2.56605442e-5
2.83160337e-5
4.13858572e-6
4.93950799e-6
3.57386538e-6
3.57386537e-6
3.25134509e-4
3.25134509e-4
-3.15574582e-4
-3.45264293e-4
1.26658956e-5
2.46556461e-5
-9.27468775e-5
-9.27468776e-5
-9.27282508e-5
-9.27282509e-5
-3.45272322e-4
-3.15586536e-4
2.46449341e-5
1.26586856e-5
3.25125639e-4
3.25125639e-4
3.57566043e-6
3.57566046e-6
2.83455259e-5
2.56892646e-5
4.11953369e-6
4.92070168e-6
-1.90286061e-5
-1.90286061e-5
1.95345002e-5
1.95345002e-5
8.13213193e-6
8.32743981e-6
-7.64967082e-6
-7.83565302e-6
-1.21847730e-5
-1.21847729e-5
-3.16676611e-4
-3.16676611e-4
4.91659565e-5
5.48694059e-5
7.30303333e-5
6.97940748e-5
1.91063968e-4
1.91063968e-4
5.89223373e-4
5.89223373e-4
1.06988402e-3
1.06988534e-3
-1.29759517e-3
-1.29759529e-3
-3.29153504e-4
-3.29153504e-4
-6.79364632e-5
-6.79364632e-5
7.10895376e-4
7.10895489e-4
-1.39853536e-4
-1.39853449e-4
-4.93513757e-4
-4.93513757e-4
6.75158230e-4
6.75158230e-4
-2.60690781e-4
-2.60690781e-4
-2.52035304e-5
-2.52035308e-5
-3.84311067e-4
-3.84311067e-4
-1.54110270e-3
-1.54110270e-3
-3.69150209e-4
-3.69146790e-4
5.47557562e-4
5.47557560e-4
1.34054314e-3
1.34054314e-3
4.64297386e-6
3.97917767e-6
1.15527098e-4
1.12532568e-4
-1.10010839e-4
-1.06689743e-4
-3.58425640e-5
-3.57724067e-5
-3.29046160e-5
-3.32213489e-5
4.36446451e-5
3.95432891e-5
1.81212166e-6
-1.94255264e-6
-9.30437646e-6
-5.81140620e-6
1.41838137e-4
1.44021862e-4
-6.48566205e-4
-6.48543347e-4
2.28612213e-4
2.28631148e-4
3.74595400e-4
3.45227695e-4
-2.10580184e-4
-2.02261035e-4
-1.15900545e-3
-1.15902682e-3
1.18139418e-3
1.18137199e-3
2.86946901e-4
2.82382117e-4
-1.92614869e-5
-2.21564936e-5
-9.26420630e-5
-8.35336780e-5
5.31784767e-5
4.93326035e-5
1.08815564e-4
1.01878954e-4
1.04126509e-5
1.14617326e-5
2.23676754e-5
2.39410736e-5
-1.12086211e-5
-1.07874054e-5
-2.37208445e-5
-2.20084822e-5
-3.66542850e-5
-4.21740605e-5
-8.68742221e-5
-8.24617576e-5
2.69373098e-5
2.46802325e-5
6.36200134e-5
5.58322406e-5
2.06173741e-4
1.82596828e-4
4.99812251e-4
5.45111095e-4
-2.28499177e-4
-2.55396326e-4
-4.61496742e-4
-5.05152797e-4
-3.35376598e-4
-3.35376598e-4
-3.35380093e-4
-3.35380093e-4
1.65287602e-3
1.65261425e-3
-8.38315039e-4
-8.38314939e-4
8.63544480e-4
8.63544480e-4
-1.02229780e-3
-1.02229780e-3
-5.06327681e-4
-5.06327682e-4
-5.06334248e-4
-5.06334248e-4
7.47193862e-5
7.47193863e-5
3.67588101e-4
3.67588101e-4
1.24839083e-3
1.24839083e-3
-1.34128758e-3
-1.34128758e-3
-9.70727511e-4
-9.70727511e-4
3.75691636e-4
3.75691636e-4
7.89155708e-4
7.89155708e-4
4.16919566e-5
4.16919566e-5
1.56963509e-3
1.56963510e-3
-2.04555114e-3
-2.04553217e-3
7.85821145e-4
7.85821145e-4
-3.26234830e-4
-3.26234830e-4
-5.81295061e-5
-5.81295061e-5
-5.81239657e-5
-5.81239658e-5
-4.14515241e-4
-4.14515241e-4
1.92777269e-4
1.92777269e-4
5.36400262e-5
5.36400264e-5
2.08606832e-4
2.08606832e-4
1.60003259e-4
1.60003258e-4
1.60014350e-4
1.60014350e-4
7.43709433e-5
7.43709433e-5
-2.15357775e-4
-2.04208763e-4
-4.46823983e-4
-4.46823983e-4
6.22530434e-4
6.22530434e-4
3.21534652e-4
3.21534652e-4
-1.35466452e-4
-1.54084554e-4
-5.99963163e-4
-5.99963163e-4
3.33558540e-4
3.33558540e-4
-3.20892408e-4
-3.20892408e-4
8.47933615e-5
8.47933614e-5
-6.33239628e-4
-6.33239628e-4
9.46443328e-4
9.46443328e-4
8.53355662e-4
8.53355662e-4
-5.17553578e-4
-5.17553577e-4
-8.95173773e-4
-8.95173773e-4
4.44200546e-4
4.44200546e-4
-8.82788424e-4
-8.82788424e-4
5.29164408e-4
5.29164408e-4
7.49737411e-5
7.49737411e-5
2.74539225e-4
2.88816167e-4
1.14952364e-4
1.14952364e-4
-5.62480508e-4
-5.62480507e-4
-6.87866865e-4
-6.87866865e-4
5.94355598e-4
5.47932976e-4
7.81626640e-4
7.81626640e-4
-5.77660843e-4
-6.22401299e-4
4.51171119e-4
4.51171119e-4
7.33213656e-5
7.33213656e-5
1.77444680e-4
1.77444680e-4
-6.17696449e-4
-6.55631618e-4
-7.27212736e-4
-7.27212736e-4
1.32615359e-3
1.32615359e-3
-7.79457801e-4
-7.79453597e-4
1.06683259e-4
1.06683258e-4
-1.01231006e-4
-1.01231006e-4
3.04869233e-4
3.04869234e-4
-6.65731383e-4
-6.65731383e-4
7.76800004e-4
7.76800004e-4
-4.10780318e-4
-4.10780318e-4
-1.51942791e-4
-1.59650644e-4
-1.74952857e-3
-1.74952857e-3
1.97860501e-3
1.97860524e-3
-2.50055725e-4
-2.50055725e-4
1.88419009e-5
4.97930663e-5
-2.42260240e-4
-2.42259047e-4
5.40887204e-4
5.40887204e-4
1.28568868e-4
1.43198261e-4
-1.16434145e-4
-1.13278172e-4
-8.61504843e-4
-8.61504843e-4
1.07903409e-3
1.07903409e-3
4.39837824e-4
4.29724833e-4
-2.53654902e-4
-2.39437823e-4
-5.03116601e-4
-5.03116601e-4
2.46115228e-4
2.46115228e-4
-1.90666166e-5
-2.70270121e-5
1.00671482e-4
9.94100657e-5
6.92181853e-4
6.92181853e-4
-8.08611640e-4
-8.08611837e-4
2.14819299e-5
1.32310006e-5
2.57229659e-5
3.02453849e-5
-1.08503632e-3
-1.08503632e-3
8.37777699e-4
8.37777699e-4
5.14433559e-4
5.48022561e-4
-6.25862679e-5
-7.63410331e-5
-3.95371057e-4
-3.95371057e-4
-1.47858429e-4
-1.38065062e-4
4.48173040e-5
3.47875074e-5
3.73197057e-4
3.57846127e-4
4.86496427e-4
4.86496427e-4
-4.70699279e-4
-5.16471568e-4
-3.48604670e-4
-3.29578743e-4
1.10817141e-4
1.00640387e-4
-3.15886626e-4
-3.15886626e-4
4.70575275e-5
4.70575275e-5
-2.06084000e-4
-2.04293958e-4
1.62567664e-4
1.68368378e-4
2.24096270e-4
2.24096270e-4
-1.71129356e-4
-1.71129356e-4
-3.61768924e-5
-3.95912352e-5
-1.76727393e-5
-1.67846655e-5
-2.41495328e-4
-2.41495328e-4
2.32178736e-4
2.32178736e-4
8.40954787e-5
8.40954787e-5
3.33914975e-5
3.78222438e-5
3.97906763e-5
3.76776292e-5
-4.86433880e-5
-4.79217759e-5
-4.15027525e-5
-4.15027526e-5
3.99710008e-5
3.47041223e-5
2.70443532e-5
2.50514973e-22
3.61718928e-5
3.61718929e-5
-2.60384906e-5
-2.60384905e-5
1.94260417e-5
1.00062489e-21
1.43562568e-5
1.43562569e-5
-3.56401674e-6
-3.56401673e-6
1.86488031e-4
1.86488050e-4
-2.09535118e-4
-2.09535118e-4
-1.92004395e-5
-1.85399169e-5
3.32733173e-6
2.85137335e-6
-4.83561441e-5
-4.71629866e-5
1.65704019e-6
2.55627817e-6
7.83383998e-6
-3.72004049e-22
-4.94934800e-6
-4.94934796e-6
1.06439831e-5
1.06439814e-5
3.23023179e-22
1.57868701e-6
2.51236851e-4
2.29213430e-4
2.36009385e-4
2.36009385e-4
5.00564080e-4
4.66158353e-4
-4.30570507e-4
-3.97236928e-4
-5.80702946e-4
-5.36596007e-4
4.62382971e-4
4.24052006e-4
4.00399103e-4
3.63910501e-4
-3.51423113e-4
-3.51423113e-4
1.56030787e-4
1.38058738e-4
4.11837374e-5
3.69596335e-5
-1.93357767e-4
-2.15029228e-4
-6.06180894e-5
-5.91914087e-5
-1.64758434e-4
-1.71461238e-4
1.45074827e-4
1.36583067e-4
2.03752727e-4
1.93005262e-4
-1.50797908e-4
-1.61800098e-4
2.08703600e-5
2.70929212e-5
2.51570533e-4
2.79477109e-4
-9.53181682e-5
-1.12392178e-4
-1.14503965e-4
-1.14706376e-4
-2.21840854e-5
-1.87459360e-5
-5.19011624e-5
-5.19011624e-5
-7.10877300e-5
-7.25724229e-5
3.53723278e-5
3.71170404e-5
9.34201718e-5
1.03752136e-4
-1.10366021e-4
-1.22182556e-4
-2.02334738e-5
-2.37681871e-5
1.98067058e-5
1.98067058e-5
-1.30560921e-5
-2.20229024e-22
1.27147745e-5
1.51214621e-5
2.32554207e-6
1.98439239e-6
-1.33617435e-22
8.68258612e-6
-1.57333493e-5
-1.44035560e-5
1.53262680e-5
1.70143865e-5
3.34264286e-6
1.77768346e-6
-5.23719050e-5
-5.72523467e-5
6.22264939e-5
6.99928448e-5
4.97766327e-7
-1.79270770e-6
2.38256466e-5
2.40230014e-5
-1.97575656e-5
-2.05925237e-5
-2.94495932e-5
-3.03146299e-5
2.33511141e-5
2.46344071e-5
5.92654443e-6
8.90834101e-6
-7.45635126e-5
-8.31975731e-5
1.12995356e-5
2.17411655e-22
-7.75809468e-6
-8.80685447e-6
6.92053076e-7
1.02290496e-6
-1.64704360e-22
-1.10834993e-6
1.47068684e-6
3.26786409e-23
-8.17471881e-7
-1.14923656e-6
9.70892330e-6
8.67062857e-6
-1.32565362e-5
-6.67945991e-23
-1.88462312e-5
-2.06374388e-5
2.08470738e-5
2.24854986e-5
-1.29186866e-4
-1.41748631e-4
1.50900482e-4
1.37472068e-4
1.23794308e-4
1.18886527e-4
-4.67025112e-5
-4.99618074e-5
4.66899638e-5
5.22558747e-5
1.13311769e-5
1.00422911e-5
4.24296847e-23
-1.94098577e-5
-7.25834372e-6
-7.13744393e-6
-1.62251250e-5
-1.91683622e-5
-7.81657503e-23
1.07448224e-5
-1.92434341e-5
-1.92434341e-5
-1.92384832e-5
-1.92384831e-5
1.19626410e-4
1.24324456e-4
2.43305593e-5
2.35738552e-5
8.58653630e-5
8.58653630e-5
-2.19699378e-4
-2.19699378e-4
-3.91258357e-5
-3.91258357e-5
-3.91150328e-5
-3.91150328e-5
-6.61377767e-5
-6.41164304e-5
2.79363638e-5
2.89928269e-5
1.09322708e-4
1.09322708e-4
-1.53379777e-4
-1.53379777e-4
-6.31870244e-5
-6.95148498e-5
-8.82950284e-7
1.20603315e-6
1.50312328e-4
1.50312328e-4
-8.29884515e-5
-8.29884514e-5
1.33558527e-4
1.25584753e-4
-6.75919292e-5
-6.80852729e-5
4.13384059e-4
4.13384059e-4
-6.01714675e-4
-6.01714675e-4
6.69921873e-6
6.69921879e-6
6.70818243e-6
6.70818249e-6
2.58246506e-6
2.76069995e-6
-6.95623686e-6
-6.88595305e-6
-2.17196737e-5
-2.17196737e-5
4.06750724e-5
4.06750725e-5
5.32374743e-7
5.32374770e-7
5.31796574e-7
5.31796617e-7
-3.73686562e-23
3.84519403e-6
-1.36502036e-6
-1.36502035e-6
1.46869700e-6
1.46869701e-6
2.39151301e-6
-1.37134661e-22
-2.88206005e-7
-2.88206012e-7
-2.68006579e-6
-2.68006580e-6
-8.21744510e-6
-8.58961704e-6
1.68810902e-5
1.69786377e-5
-6.32146803e-5
-6.32146803e-5
8.48768811e-5
8.48768811e-5
3.11025826e-5
3.28616034e-5
-3.30808741e-6
-4.11414688e-6
-9.68991092e-5
-9.68991093e-5
8.84711989e-5
8.84711989e-5
-6.77522810e-5
-6.67652076e-5
3.52742527e-5
3.02497316e-5
1.26087690e-22
-3.22179215e-6
7.59979566e-6
7.59979569e-6
-1.38741419e-5
-1.38741418e-5
-1.47528992e-22
-1.29450891e-5
1.66626330e-5
1.70583223e-5
7.18525196e-6
4.37266089e-6
-9.42559222e-5
-1.01534695e-4
2.08312819e-4
2.17757467e-4
-3.43023395e-4
-3.19598347e-4
1.28502303e-4
1.44659039e-4
6.81230301e-4
6.81230301e-4
-5.62813424e-4
-5.62813424e-4
-4.83614751e-5
-4.83614750e-5
2.13419676e-4
2.13419676e-4
-1.71466871e-4
-1.72449472e-4
-1.43291090e-4
-1.64718061e-4
2.35995411e-4
2.35995411e-4
2.29213763e-4
2.51237190e-4
-1.64720204e-4
-1.43298715e-4
-1.71457757e-4
-1.72445709e-4
-5.62794963e-4
-5.62794963e-4
6.81219377e-4
6.81219377e-4
5.94352462e-4
5.47934537e-4
-6.87860441e-4
-6.87860271e-4
-3.51437269e-4
-3.51437269e-4
3.63913079e-4
4.00401862e-4
2.17756318e-4
2.08307338e-4
-9.42562265e-5
-1.01537858e-4
2.13434731e-4
2.13434730e-4
-4.83661939e-5
-4.83661939e-5
3.53079662e-5
3.02825825e-5
-6.77899843e-5
-6.68037386e-5
-8.29973785e-5
-8.29973786e-5
1.50328131e-4
1.50328131e-4
1.28485666e-4
1.44643045e-4
-3.43032354e-4
-3.19606993e-4
-6.01717155e-4
-6.01717155e-4
4.13395862e-4
4.13395862e-4
2.88850296e-4
2.74573276e-4
7.49247177e-5
7.49247299e-5
-5.19082361e-5
-5.19082361e-5
-1.87425322e-5
-2.21803221e-5
4.37697343e-6
7.19103434e-6
1.70529856e-5
1.66567764e-5
8.84767059e-5
8.84767058e-5
-9.68987908e-5
-9.68987908e-5
1.98067831e-5
1.98067832e-5
-2.37658860e-5
-2.02310838e-5
-1.36924567e-22
-1.29394280e-5
-1.38751419e-5
-1.38751419e-5
7.60035200e-6
7.60035197e-6
2.50526652e-22
-3.21188777e-6
-2.67954534e-6
-2.67954528e-6
-2.89073709e-7
-2.89073682e-7
-3.32728031e-6
-4.13307401e-6
3.11347631e-5
3.28932021e-5
8.48705414e-5
8.48705414e-5
-6.32066590e-5
-6.32066590e-5
1.69608210e-5
1.68647329e-5
-8.57788021e-6
-8.20632094e-6
4.06712069e-5
4.06712070e-5
-2.17231105e-5
-2.17231105e-5
1.22447675e-6
-8.67075693e-7
-6.95274236e-5
-6.31959501e-5
2.38508782e-6
9.27642094e-23
1.46919806e-6
1.46919809e-6
-1.36489197e-6
-1.36489203e-6
-2.21712512e-22
3.83614501e-6
-6.94006530e-6
-6.86929434e-6
2.55687833e-6
2.73399025e-6
2.90216630e-5
2.79670855e-5
-6.41415340e-5
-6.61603695e-5
-6.80763892e-5
-6.75876032e-5
1.25583786e-4
1.33561937e-4
-2.19710484e-4
-2.19710484e-4
8.58681289e-5
8.58681289e-5
-1.54093823e-4
-1.35479925e-4
3.21549003e-4
3.21549003e-4
-1.53390963e-4
-1.53390963e-4
1.09321827e-4
1.09321827e-4
2.35848280e-5
2.43387416e-5
1.19633187e-4
1.24333964e-4
-2.15383740e-4
-2.04232241e-4
7.44064406e-5
7.44064406e-5
-2.50059514e-4
-2.50059514e-4
4.97967061e-5
1.88449947e-5
1.97862476e-3
1.97862497e-3
-1.74954675e-3
-1.74954720e-3
3.04874094e-4
3.04874094e-4
-1.01236722e-4
-1.01236722e-4
-4.10781998e-4
-4.10781998e-4
-1.59650628e-4
-1.51942650e-4
1.32617078e-3
1.32617031e-3
-7.27228243e-4
-7.27227778e-4
7.76802917e-4
7.76802917e-4
-6.65734659e-4
-6.65734659e-4
5.29105520e-4
5.29105486e-4
-8.82730159e-4
-8.82730193e-4
4.16940808e-5
4.16940809e-5
7.89155998e-4
7.89155998e-4
1.06743279e-4
1.06743248e-4
-7.79518822e-4
-7.79514649e-4
-3.26229323e-4
-3.26229323e-4
7.85817285e-4
7.85817285e-4
1.77450691e-4
1.77450691e-4
-6.17703483e-4
-6.55639153e-4
7.33347531e-5
7.33343311e-5
4.51160613e-4
4.51160939e-4
4.44196246e-4
4.44196246e-4
-8.95170187e-4
-8.95170187e-4
7.81624879e-4
7.81624879e-4
-6.22405200e-4
-5.77664500e-4
-5.62475450e-4
-5.62475450e-4
1.14949197e-4
1.14949197e-4
3.33556915e-4
3.33556915e-4
-5.99958946e-4
-5.99958946e-4
-5.17498558e-4
-5.17498534e-4
8.53298194e-4
8.53298164e-4
9.46439583e-4
9.46439583e-4
-6.33236402e-4
-6.33236402e-4
8.48141929e-5
8.48141909e-5
-3.20909784e-4
-3.20909782e-4
2.08605990e-4
2.08605990e-4
5.36372373e-5
5.36372374e-5
3.75668553e-4
3.75668555e-4
-9.70704667e-4
-9.70704665e-4
6.22529092e-4
6.22529092e-4
-4.46829454e-4
-4.46829454e-4
1.92735328e-4
1.92735328e-4
-4.14468307e-4
-4.14468307e-4
3.67538110e-4
3.67538110e-4
7.47702089e-5
7.47702090e-5
-2.04553466e-3
-2.04551568e-3
1.56961493e-3
1.56961493e-3
-1.02229667e-3
-1.02229667e-3
8.63546180e-4
8.63546180e-4
-1.34129066e-3
-1.34129066e-3
1.24839618e-3
1.24839618e-3
-8.38364694e-4
-8.38364794e-4
1.65266199e-3
1.65292376e-3
9.04707058e-7
1.14764479e-6
1.69433006e-5
6.59777763e-6
-3.16758941e-7
-1.18851457e-5
3.28261411e-6
2.81076355e-6
-1.85428032e-5
-1.92080406e-5
4.93919487e-6
4.69810485e-6
4.13106612e-6
-8.91211946e-6
2.03675455e-5
6.05565038e-6
2.49519317e-6
1.60010335e-6
-4.71880279e-5
-4.83784379e-5
2.32616376e-4
2.31562221e-4
-2.40800326e-4
-2.41930707e-4
1.00691903e-4
9.94291359e-5
-1.90743583e-5
-2.70352650e-5
-2.09008931e-4
-2.09963568e-4
1.86897670e-4
1.86029108e-4
2.57327636e-5
3.02573980e-5
2.14757382e-5
1.32242672e-5
1.17640057e-5
1.17287629e-5
-3.23928821e-5
-1.76323182e-5
4.21783569e-5
2.84575774e-5
-1.68992462e-5
-1.77838798e-5
-3.96454084e-5
-3.62307465e-5
1.62117814e-5
1.56801090e-5
-4.61468497e-5
-3.55528111e-5
4.19276345e-5
3.23426341e-5
-4.77584171e-5
-4.84893412e-5
3.96811042e-5
3.75665645e-5
8.35177019e-5
8.42630607e-5
3.81230076e-5
3.34819105e-5
1.10863385e-4
1.00684197e-4
-3.29583699e-4
-3.48611063e-4
-1.71448660e-4
-1.70427926e-4
2.23366869e-4
2.24502553e-4
1.68416364e-4
1.62613942e-4
-2.06102199e-4
-2.04310828e-4
4.70531659e-5
4.69680363e-5
-3.15819844e-4
-3.15892683e-4
-6.25868651e-5
-7.63410735e-5
5.48029614e-4
5.14440544e-4
2.46216043e-4
2.46128240e-4
-5.03218868e-4
-5.03134530e-4
4.86461760e-4
4.86510299e-4
-4.70720979e-4
-5.16480951e-4
3.57836910e-4
3.73188274e-4
4.48267189e-5
3.47968308e-5
-3.95323704e-4
-3.95320963e-4
-1.47893067e-4
-1.38101935e-4
8.37723334e-4
8.37728143e-4
-1.08498784e-3
-1.08498181e-3
1.07898085e-3
1.07898736e-3
-8.61452478e-4
-8.61458956e-4
-8.08708974e-4
-8.08636045e-4
6.92202567e-4
6.92280911e-4
-1.16430831e-4
-1.13275062e-4
1.43195750e-4
1.28565861e-4
-2.39437522e-4
-2.53654670e-4
4.29726434e-4
4.39839325e-4
5.40835096e-4
5.40841289e-4
-2.42207256e-4
-2.42214324e-4
5.53014733e-6
6.44881632e-6
-1.72135924e-5
-1.85626964e-5
-1.54715801e-6
-1.15942957e-5
-4.95773226e-5
-4.63244717e-5
1.23662184e-4
1.18760586e-4
-1.24999789e-5
-1.25294264e-5
2.67580418e-5
1.50080372e-5
-1.55637092e-5
-2.27989040e-5
1.16205802e-5
1.03430883e-5
5.22042550e-5
4.66437621e-5
-8.27830319e-5
-7.49299972e-5
6.03688794e-6
8.63871943e-6
-1.61822096e-4
-1.50820137e-4
1.93034197e-4
2.03783193e-4
1.50537567e-4
1.37957887e-4
-1.41670868e-4
-1.29553353e-4
-1.14488540e-4
-1.14693247e-4
-1.12368459e-4
-9.52948509e-5
-8.36283653e-6
-7.83132929e-6
8.20458696e-6
9.80076555e-6
-5.74061505e-7
-1.86280315e-6
2.34744265e-5
2.47688152e-5
-2.94277597e-5
-3.02932837e-5
6.21008932e-7
5.92692790e-7
7.53980512e-23
-8.89016344e-7
8.76687769e-7
5.49521920e-7
-8.76018075e-6
-7.71450622e-6
-7.73670386e-23
1.13322630e-5
1.70032222e-5
1.53159713e-5
-1.44059650e-5
-1.57360417e-5
-2.05772743e-5
-1.98931399e-5
2.41128382e-5
2.39158144e-5
4.65597625e-7
-1.82665391e-6
7.00092111e-5
6.22416846e-5
-5.23623816e-5
-5.72480493e-5
3.35282694e-6
1.77450095e-6
-1.10370327e-4
-1.22187177e-4
9.34203253e-5
1.03752116e-4
1.45038402e-4
1.36567751e-4
-1.64741625e-4
-1.71392032e-4
1.66732119e-22
8.70049559e-6
1.98959853e-6
2.33016699e-6
1.27119973e-5
1.51183354e-5
7.49574085e-23
-1.30418292e-5
3.53946196e-5
3.71403301e-5
-7.26067553e-5
-7.11216142e-5
4.12251568e-5
3.69997721e-5
1.38021591e-4
1.55997020e-4
2.79533799e-4
2.51591888e-4
2.70748976e-5
2.07907228e-5
4.24025747e-4
4.62355443e-4
-5.80686544e-4
-5.36580521e-4
-5.92138127e-5
-6.06389824e-5
-2.15018059e-4
-1.93347374e-4
-4.30555597e-4
-3.97218126e-4
5.00575095e-4
4.66167659e-4
5.23654982e-3
-1.75621540e-6
2.79383668e-4
-4.81436057e-14
4.06157186e-3
-1.03476925e-7
7.94979491e-4
-4.26119580e-13
1.43623707e-3
1.71110439e-7
2.02791560e-3
-2.10650466e-13
2.11216106e-3
2.90409374e-6
7.19370791e-4
1.71740375e-13
2.24806501e-3
-3.99022011e-11
9.80512208e-4
-1.95638566e-13
5.03647208e-4
1.74272024e-14
7.91428132e-4
-4.34349949e-14
-4.40785949e-4
-3.14886065e-13
1.90846182e-3
-2.98701975e-13
4.28389117e-4
6.52636728e-11
2.45446832e-3
-3.86037505e-13
-1.88540067e-3
3.86789532e-12
2.74348534e-3
4.05405643e-13
-1.46684907e-3
-4.95085017e-13
1.92169970e-3
3.67044591e-14
-1.44963466e-3
-3.91567267e-13
8.79507622e-4
-2.66423733e-13
-2.81166107e-3
-2.86022891e-12
1.82462563e-3
-2.29749141e-13
-2.16078193e-3
1.65529909e-7
8.51621799e-4
6.24742002e-13
-2.09359987e-3
9.75259564e-9
2.36250590e-3
4.14224359e-13
-3.98281567e-3
-8.38461535e-9
1.75068048e-3
-5.13849574e-14
-4.65709412e-3
-1.42298901e-7
6.54631411e-4
3.01427645e-13
-5.80982241e-4
-1.70728511e-13
3.74160695e-4
3.00105002e-13
-8.18094847e-4
3.48249970e-15
-3.80026652e-5
2.45320158e-13
-6.54601156e-4
4.21871279e-13
-2.63540729e-4
4.05920774e-13
-8.19203498e-4
6.81445661e-14
7.93515709e-4
-2.18152722e-14
-4.45014120e-4
2.09894602e-13
-2.59119290e-4
3.59650304e-14
8.30750096e-5
3.44648235e-13
-2.41280076e-4
-5.84381270e-14
2.49407560e-4
3.15447041e-15
-6.48718452e-4
3.85788843e-13
-1.82461191e-4
7.67948639e-14
-7.77732957e-4
2.98595506e-13
2.93857132e-4
1.38371912e-15
-1.23100586e-3
-2.31686331e-13
4.84365384e-4
-3.05080560e-13
-8.29235976e-4
-1.00616767e-13
5.92682057e-4
-3.85405868e-13
-6.57365935e-4
1.33473458e-13
7.94609738e-4
-9.67433576e-14
-1.43091890e-3
-7.48483169e-14
-8.59318426e-4
2.03544800e-14
4.67659665e-4
-1.04320045e-13
-2.04499476e-4
3.01350560e-13
-7.82550421e-4
-2.97204738e-13
5.44582862e-4
2.43372243e-13
-1.40328285e-3
-5.26371077e-15
-2.40279083e-4
-2.70232192e-14
-4.68226366e-4
-1.31086658e-13
9.33178575e-4
-2.73355050e-14
-1.41405502e-3
-1.55287803e-13
1.28735105e-3
-2.29419368e-13
-1.70412930e-3
5.24814902e-14
1.49267929e-3
-6.85038261e-13
-1.35568819e-3
-1.76411278e-13
1.91090594e-3
1.64753644e-15
-1.72463180e-3
4.26400696e-13
1.00875449e-3
-2.35430453e-13
-1.17144927e-3
1.52438863e-13
3.83435152e-4
-3.71624206e-13
-1.15020624e-4
1.76421892e-13
-1.88102560e-4
-5.52020683e-13
6.30381648e-4
-4.01457264e-13
6.62647032e-4
-1.75854692e-13
-4.24988863e-4
-4.31218518e-13
-2.28232982e-4
-3.21993274e-13
5.40251148e-4
-3.80275797e-13
-9.11489712e-4
-1.82465989e-13
1.24437122e-3
-1.67781627e-13
-1.36672228e-3
-5.36245182e-14
1.38078648e-3
-2.34494631e-13
-1.23472246e-3
-1.86057537e-13
1.25382283e-3
-3.89463056e-13
1.84637411e-3
2.04510727e-14
-1.16233962e-3
-2.98396562e-13
8.11242678e-4
-5.36268812e-13
-4.12120049e-4
-4.37494712e-13
-5.27296356e-4
-1.04680966e-13
6.63050613e-4
-3.76198929e-13
5.47013938e-4
-5.94171588e-14
-6.23188292e-5
-1.96684266e-13
-3.82277544e-3
-8.82731093e-8
2.71782573e-4
-3.45216427e-13
-2.96022480e-3
-5.20108240e-9
6.26241498e-4
-1.60565670e-13
6.88184506e-5
-2.19998525e-9
-3.81009099e-4
-6.92099519e-15
-5.36223133e-4
-3.73485916e-8
-8.43081555e-5
1.66658136e-13
-1.55239181e-3
-1.72363029e-12
3.22474719e-4
-2.52175794e-13
-9.79509486e-5
-1.87851523e-13
-5.37912318e-4
-1.50059105e-13
1.70485762e-3
-5.00061114e-14
-1.47529746e-3
7.01364442e-13
9.68405717e-4
-8.92533205e-13
-9.01889486e-4
2.99501965e-13
2.82666015e-3
-5.27609576e-13
-1.26883522e-3
3.42732885e-13
2.55696103e-3
3.94586726e-13
-1.44516794e-3
-1.68528417e-13
1.67755308e-3
7.39975608e-13
-5.99345475e-4
2.43263027e-14
2.60478645e-3
-2.62674075e-13
-7.78753525e-4
-1.36356277e-13
2.65671901e-3
-1.45912682e-8
-2.53941704e-4
2.11098631e-13
2.77721378e-3
-8.59261339e-10
-8.12532836e-4
3.93313672e-13
3.20851648e-3
-5.02347202e-10
-6.08505147e-4
-2.79522890e-13
3.49105614e-3
-8.53238690e-9
-2.08275872e-4
-1.37158291e-14
1.60552501e-3
2.02967948e-9
-3.68700698e-5
9.59869943e-6
1.21777758e-3
1.19709488e-10
-4.23069936e-5
1.12351276e-5
-1.22113236e-3
5.69361462e-10
3.73735809e-4
7.83370848e-6
-1.01022368e-3
9.66907626e-9
1.07876951e-4
6.16668952e-6
5.10460718e-4
-6.57035728e-14
1.23811210e-4
1.22127748e-5
-3.65254108e-4
4.90848794e-13
4.86215100e-4
1.08974946e-5
-1.85488199e-3
-8.02765899e-15
9.05436033e-4
3.23196488e-6
-1.55487208e-3
5.53442472e-13
6.56498263e-4
7.00459514e-6
-1.82318848e-3
2.12631954e-13
4.23075796e-4
1.39089914e-7
-1.61717667e-3
-1.86175898e-13
4.33900506e-4
-2.55585139e-6
-4.38176628e-4
-3.28443361e-13
-1.05452350e-4
-3.37944886e-6
-7.37362498e-4
-8.28817714e-14
-1.32907449e-6
-2.55986923e-6
-1.90949029e-3
4.80146433e-9
9.52647904e-5
4.83256351e-7
-1.89657630e-3
2.82449798e-10
2.92105084e-4
1.20924274e-6
-9.34460827e-4
1.04374911e-10
3.24141060e-5
-2.01188099e-6
-1.02992613e-3
1.77971575e-9
1.61598183e-5
-1.98184136e-6
-1.17795810e-3
-9.75520145e-14
9.45373361e-4
5.29602608e-6
-1.66978397e-3
-7.36803384e-14
1.29142104e-3
-4.74382883e-6
-1.68519227e-3
-1.06049173e-13
8.69466316e-4
-1.05200968e-5
-1.94199457e-3
-3.75780096e-13
1.01463447e-3
-3.21358591e-6
-1.65886375e-3
2.15553301e-13
1.29341294e-3
-1.60617111e-5
-1.14116306e-3
2.32207753e-13
8.38978567e-4
-2.30356126e-5
-2.55111174e-4
5.52608288e-13
-2.18901089e-4
-1.45949127e-5
-1.07447672e-3
1.30340274e-13
4.26242878e-4
-1.53830422e-5
2.18847416e-5
1.61676239e-13
-4.48811700e-4
-7.50712172e-6
6.10567717e-4
4.12464757e-13
-8.00642090e-4
-3.05466709e-6
8.03811241e-4
1.19057082e-13
-5.92197303e-4
3.38318783e-6
6.57608437e-4
1.01201680e-13
-5.99543809e-4
-5.00613527e-7
-1.22268571e-3
-3.04245610e-13
2.80266106e-4
-5.91373812e-6
-6.45156364e-4
9.81328222e-14
-3.86714644e-5
-8.19826659e-6
3.36298119e-4
1.04947886e-13
-4.64543927e-4
-3.03273382e-6
-6.01909665e-5
-5.04355097e-14
-2.74102267e-4
-3.81577665e-6
4.53881520e-4
6.33869925e-14
-2.84166385e-4
-1.00574899e-6
5.49762983e-4
5.35483540e-14
-3.07452815e-4
2.19884436e-7
2.71064994e-4
7.55138843e-16
-4.69466201e-5
8.68894438e-7
3.16565029e-4
5.33537377e-14
-8.47644119e-5
2.65295664e-7
5.53325469e-4
2.59299602e-14
-2.57831409e-4
1.98006760e-6
4.37982340e-4
7.77435948e-14
-1.19020311e-4
3.77414663e-6
5.23991499e-5
-1.57979119e-15
1.14042237e-4
1.81124921e-6
1.80660103e-4
-2.03307914e-14
2.31196765e-5
1.46557984e-6
-3.00216626e-5
-4.18038648e-15
7.46590258e-5
4.99669105e-7
-8.06000543e-5
-1.36865765e-14
9.76307973e-5
3.94685111e-7
-6.27748966e-5
3.24343244e-15
3.14109632e-5
-8.69254530e-6
-6.19281511e-5
-3.36781833e-14
2.93331066e-5
-5.70393001e-6
6.62492519e-5
3.22651975e-14
1.93281562e-5
3.26611735e-7
2.21390720e-5
-1.53448360e-14
4.53135025e-5
4.56414049e-7
-5.23724944e-5
-1.47085852e-14
2.31786663e-5
-2.96153906e-6
-3.86384673e-5
-2.30737933e-15
1.59358297e-5
-1.01695458e-6
-8.59598675e-6
5.79857195e-10
-2.21128065e-5
-1.41523132e-6
5.24621782e-5
3.39042519e-11
-7.88689034e-5
-1.63608656e-6
2.91485015e-4
1.02810060e-11
-4.93220856e-5
-4.64897788e-7
2.78390353e-4
1.75698864e-10
-1.54503741e-5
-3.41362651e-7
1.65703150e-4
-1.00874818e-13
-1.46123399e-4
-1.74024423e-6
3.10837225e-4
-1.86598000e-13
-2.20380193e-4
-1.60334173e-6
3.24822221e-4
-5.38247511e-14
-9.20596122e-5
-1.82898751e-7
3.11099512e-4
-1.01897981e-14
-7.71834451e-5
-4.22069356e-7
1.18125415e-4
-5.04167702e-15
-6.42485181e-6
8.56322392e-8
9.81509245e-5
1.44234554e-15
1.76787604e-6
1.85832144e-7
-2.45651380e-5
3.82729787e-15
9.58190002e-6
5.64676617e-8
-1.27080955e-5
-2.57736688e-14
4.96835790e-6
4.64602070e-7
1.33248328e-4
5.05441929e-11
-2.65740228e-6
7.66795834e-8
1.28828120e-4
2.95486477e-12
-6.93042277e-6
4.89125376e-8
-4.40844520e-6
7.31376635e-13
2.03001714e-6
5.39145502e-7
-1.90287086e-7
1.27909563e-11
1.07059418e-7
6.30070460e-7
-2.55368393e-4
2.37763040e-5
5.21748487e-5
-1.94384398e-5
5.73192128e-4
1.08497146e-5
-6.51362945e-4
-3.11180859e-6
9.49367868e-4
-4.76344155e-6
-1.00233750e-3
1.18010090e-5
5.72319921e-4
1.14357549e-5
-8.08289128e-4
-4.12279152e-6
7.25246456e-4
-2.60773321e-7
-8.38689388e-4
1.49449657e-5
3.77138668e-4
-4.54720839e-6
-5.34621471e-4
1.88491415e-5
1.35630815e-4
-9.09497617e-6
-2.02459758e-4
1.47560312e-5
6.48101942e-4
-1.13338994e-5
-6.97602334e-4
2.01952495e-5
2.48517980e-4
-1.52511891e-5
-1.68202403e-4
1.49698336e-5
-1.68497553e-4
-7.22476821e-6
1.91481560e-4
5.63895469e-6
-3.16910318e-4
-4.91837006e-7
3.44578790e-4
-1.86884098e-6
-1.60991171e-4
-8.34791428e-6
2.65007163e-4
5.49230001e-6
9.67730834e-4
-1.17197512e-5
-9.04056435e-4
6.79499062e-6
7.88743923e-4
-1.88078259e-5
-6.43426357e-4
1.59324730e-5
2.73545561e-4
-1.79159447e-5
-3.61761207e-5
1.05020968e-5
7.06399908e-4
-2.25269203e-5
-3.87066897e-4
8.50297258e-6
2.63373006e-5
-3.67247010e-6
-1.37355949e-4
1.00087744e-5
-9.16862335e-5
-1.55254386e-6
6.09213156e-5
4.25036348e-7
-1.45644285e-4
-7.65177410e-7
1.57011317e-4
-3.72822200e-6
-1.42948622e-4
-4.08459108e-6
1.11935445e-4
3.28622886e-6
-6.16559612e-5
-3.12517854e-7
7.12808183e-5
-3.08630861e-6
-1.83776658e-5
5.28336692e-6
3.17287349e-5
-2.59593381e-6
-1.45694199e-5
7.36504564e-6
1.50011303e-5
-2.60611036e-6
-5.99542853e-5
2.58767128e-7
7.82385926e-5
-4.17960233e-6
-3.00974676e-5
8.65835002e-7
4.28282404e-5
-3.50174810e-6
-2.79067232e-6
5.49277724e-6
-1.09132634e-5
-1.66820817e-6
1.06026819e-5
-2.98802146e-8
-2.79686307e-5
-3.34492306e-7
1.05662539e-5
9.61798074e-7
-8.86488894e-6
-1.62240080e-6
-2.49614920e-4
-1.18713264e-6
2.68260844e-4
-3.16084851e-6
-1.35822814e-4
9.76344125e-7
1.60377563e-4
-5.60286627e-6
-6.46772963e-5
2.17842877e-6
7.54209690e-5
-4.45848026e-6
-2.17327217e-4
2.56359763e-6
2.29205963e-4
-5.61620079e-6
-9.37750588e-5
3.87274299e-6
7.96554867e-5
-4.19902524e-6
1.20907224e-5
1.80608640e-6
-1.64815751e-5
-1.94662146e-6
4.40592305e-5
4.55906839e-7
-5.05255473e-5
-1.07885150e-7
1.02074512e-5
2.30010312e-6
-3.03321163e-5
-1.69129740e-6
3.42816582e-5
4.45395875e-7
-3.74017131e-5
6.21116101e-8
1.66464187e-5
-5.01725917e-6
-2.52932167e-5
5.84240921e-7
1.27151127e-5
-5.81020077e-6
-1.05162651e-5
7.57357886e-7
3.05080954e-5
-1.88350046e-7
-3.16969243e-5
7.15071557e-7
1.26994557e-5
-4.71736385e-7
-1.27071917e-5
5.57185715e-7
4.45722313e-6
-3.16148365e-6
8.87433815e-7
4.71232109e-7
-2.24431431e-6
4.11572530e-7
1.79832368e-6
7.74844633e-9
-8.60753153e-7
-4.90322855e-7
-4.29194165e-6
3.22167983e-6
4.16834779e-5
1.48583682e-7
-4.88469515e-5
-1.98646288e-7
3.24778062e-5
-5.66120566e-7
-3.47785297e-5
4.32663804e-7
1.16060453e-5
-8.16111094e-7
-1.48548132e-5
7.14930615e-6
3.11138075e-5
-6.62232603e-7
-2.40376446e-5
8.59082229e-6
1.93219040e-4
-1.44651106e-5
8.60043691e-5
4.80395280e-6
-1.35923987e-4
-5.74735121e-6
2.70278415e-4
3.28624385e-6
-2.19586481e-4
4.12643251e-6
2.16303116e-4
-4.88652458e-7
-1.05159425e-4
-1.21997007e-6
1.94675857e-4
1.24137636e-6
-3.02674399e-4
1.77269064e-6
3.23767976e-4
-9.05824408e-7
-2.47108295e-4
4.76658155e-6
2.28137940e-4
-4.18567925e-6
-8.96420987e-5
4.85549577e-6
4.92269288e-5
-2.85724872e-6
-1.99899646e-4
6.16011631e-6
1.54537759e-4
-2.37426777e-6
-5.15749963e-5
4.42992307e-6
1.44943082e-5
-1.40445556e-6
1.34945769e-5
2.03546262e-6
-3.33007946e-5
-1.03429967e-6
4.04311227e-5
4.27338327e-7
-2.28722337e-5
4.48880953e-6
2.36543707e-5
2.29944188e-6
-8.60349752e-6
-3.37483817e-6
-1.22224088e-4
4.81638439e-6
9.99685538e-5
-1.61797837e-7
-1.12278685e-4
5.75217775e-6
6.93751675e-5
-9.98890037e-7
-1.47193707e-5
4.04242771e-6
1.13152895e-5
-9.65732236e-6
-5.15803624e-5
4.65625839e-6
2.61457987e-5
-1.09602139e-5
3.84469061e-4
4.40843526e-6
-7.57364221e-5
-3.67157129e-14
2.51950429e-4
1.85858828e-6
7.27083898e-5
-1.65762217e-13
1.72757356e-4
-8.40054999e-7
2.49764861e-4
4.12199020e-14
3.95180147e-4
7.88201580e-8
-1.52972351e-4
3.36212415e-13
-2.62624320e-5
-2.97595004e-7
9.89705368e-5
-6.86657721e-14
-1.18497220e-4
-7.97677454e-7
4.56497094e-5
2.02158187e-14
-1.27633426e-4
-3.48033129e-7
1.23561834e-4
-5.15496753e-13
-8.40785757e-5
-7.80225647e-7
2.92674308e-4
-4.19330596e-13
-1.82395962e-4
-1.02066265e-6
4.61908593e-4
1.44040254e-13
-1.30535419e-4
2.98228915e-7
1.60044801e-4
7.59043832e-14
-1.00225390e-4
1.36092807e-6
1.27030057e-4
-4.78677144e-14
-2.73987920e-4
-6.68226262e-8
5.59937617e-4
-2.05892780e-13
3.45204832e-4
-5.01367599e-6
-3.52962416e-5
2.29541258e-14
1.45044436e-6
-3.56341393e-6
4.95615422e-4
1.32283878e-13
-2.47316131e-4
-4.54891444e-6
7.79396612e-4
-2.40281978e-13
1.39879293e-4
-9.41902554e-6
3.13589943e-4
2.39999261e-13
-5.61094607e-5
-4.16627254e-7
-5.18979555e-8
-4.75916642e-14
3.10662083e-6
-6.98794977e-8
-1.04890936e-5
-4.49769322e-14
9.66779487e-6
4.03328023e-8
-3.30673045e-5
-6.10341238e-14
-4.60351187e-5
-4.50461131e-8
-7.69838663e-6
-3.25920250e-13
1.26670050e-5
2.80301917e-8
-4.77574330e-6
2.24719489e-15
4.61446182e-6
-1.07727142e-6
-1.75316694e-7
6.44580640e-14
4.47721962e-6
-1.17636527e-6
-1.81595434e-7
-9.58163860e-14
1.37471039e-5
2.72578294e-8
-1.39926461e-5
-7.50721072e-14
1.51716522e-5
2.45104914e-8
-2.18371806e-5
3.30180026e-14
3.94695710e-6
-1.31613505e-6
8.58226514e-7
-2.33400255e-15
2.64750537e-6
-1.46206335e-6
3.65509248e-6
-1.86386756e-14
1.51976605e-5
-4.57971274e-9
-2.63648794e-5
2.37720026e-14
-2.08049008e-5
4.09343271e-7
-3.61622620e-5
3.23286512e-14
2.26779370e-5
1.67042123e-7
-5.91935620e-5
2.33892407e-15
3.96568986e-5
2.44322820e-7
-8.73278043e-5
-2.91470495e-14
2.42888445e-5
8.89337648e-7
-9.26574501e-5
-2.92292739e-14
8.69457660e-5
1.20167844e-6
-1.72549250e-4
1.31769151e-14
5.43577986e-5
1.81002782e-7
-1.10806292e-4
1.91666472e-14
5.63237441e-5
-1.09182165e-7
-1.18098262e-4
3.10549559e-14
1.50673142e-4
1.02651286e-6
-2.54605462e-4
8.07580594e-14
1.11763506e-5
-8.23926310e-8
-2.46787095e-5
3.43385317e-15
7.62379361e-8
-1.46266652e-6
8.72856290e-6
-5.76051150e-14
-4.13113537e-6
-1.03777916e-6
1.59845746e-5
5.15308654e-14
3.20419228e-7
-2.14446035e-7
-1.37484125e-5
5.37328076e-14
-1.85134322e-5
-3.71244364e-7
7.78661191e-6
-1.85661763e-14
-9.74007300e-6
1.50205736e-7
2.41728310e-5
4.60194287e-14
-1.53916485e-5
2.26178246e-6
3.05389610e-5
6.34467076e-15
-4.24218284e-5
-4.86968151e-7
3.73078238e-5
1.71646581e-14
1.83562186e-4
8.25136988e-8
-3.02323468e-4
3.43639135e-14
3.38438874e-5
-6.37683806e-7
-9.63303479e-5
4.06957854e-14
-1.90046796e-5
-1.27355793e-6
-3.83377180e-5
1.82677420e-14
1.48651979e-4
-1.58999740e-6
-2.75868765e-4
-4.17503252e-14
-2.52305528e-4
-1.03879982e-5
8.01380590e-4
2.29922744e-13
-5.01658746e-4
-2.21973638e-6
9.92746084e-4
1.19144802e-13
-6.28046571e-4
3.69671682e-6
9.89671120e-4
-9.98125853e-14
-7.23093396e-4
-5.21743789e-6
1.21233310e-3
-2.45915866e-13
-2.89868753e-4
2.48016893e-6
5.22381123e-4
6.01742793e-14
-1.18178675e-5
2.69370532e-6
7.16506673e-6
-4.34369770e-14
1.37298874e-4
3.63157790e-6
-1.88307622e-4
1.62043089e-13
-1.64776268e-4
5.90481872e-6
3.02789002e-4
1.87003093e-13
1.16380154e-4
8.28734794e-6
-7.99219246e-5
1.84652292e-13
3.08804261e-4
3.19768490e-6
-4.05688822e-4
-8.25005754e-15
4.22051574e-4
7.68563099e-7
-5.54472931e-4
-7.49337234e-15
4.75201724e-4
7.41487168e-6
-5.13609675e-4
6.02679344e-14
-1.02616159e-3
6.02184541e-6
1.29325774e-3
-3.21642559e-14
-4.86548467e-4
1.10900601e-5
6.71132056e-4
3.47614360e-13
-3.41069979e-5
1.57664624e-5
7.46689500e-5
-1.82767566e-14
-8.98175222e-4
1.86405054e-5
9.00907485e-4
-1.54355423e-13
-8.28278514e-4
-1.55537766e-6
-9.00886523e-4
-2.15437473e-13
4.19203892e-5
1.12203970e-5
-7.46413309e-5
-3.22439800e-13
-4.35708581e-4
-2.37830783e-6
-6.71097059e-4
-2.43554810e-13
-1.01925200e-3
-1.59587563e-5
-1.29322853e-3
-1.16245768e-13
5.12144886e-4
1.30493280e-5
5.13637774e-4
-3.11806346e-13
4.21280870e-4
7.91862501e-6
5.54497186e-4
-1.12020631e-13
3.25570018e-4
5.90264785e-6
4.05713212e-4
6.01794780e-14
1.61235755e-4
5.38885176e-6
7.99541199e-5
-4.77211476e-14
-1.32136773e-4
-1.50986982e-6
-3.02775711e-4
-1.66955196e-13
1.59267179e-4
2.52381475e-6
1.88313685e-4
-1.97854685e-13
6.01898474e-6
-5.01435300e-7
-7.18191521e-6
1.50425789e-13
-2.76805254e-4
-5.32296745e-6
-5.22395038e-4
1.14115580e-13
-7.63648655e-4
-1.87260727e-5
-1.21231500e-3
1.85482359e-13
-6.15747038e-4
-1.02975413e-5
-9.89652205e-4
-1.16803090e-14
-5.19571697e-4
-1.12072978e-5
-9.92753815e-4
-1.09781238e-13
-3.07703958e-4
-1.22510965e-5
-8.01383483e-4
-7.33313435e-14
1.35089958e-4
2.46533857e-6
2.75886461e-4
-1.24179493e-14
-2.82726970e-5
-1.46085869e-7
3.83474625e-5
1.40830660e-15
2.79134568e-5
8.03945923e-7
9.63376540e-5
-2.09058614e-14
1.81215836e-4
3.11975878e-6
3.02338828e-4
1.48275310e-14
-4.53250643e-5
-5.33639025e-7
-3.73049995e-5
1.59413270e-15
-1.83663928e-5
5.32791212e-6
-3.05439226e-5
-3.40246306e-15
-1.48017147e-5
5.36799516e-6
-2.41767991e-5
9.90448327e-15
-2.15021848e-5
-5.56635149e-8
-7.78555088e-6
6.07825449e-15
-1.84342265e-6
2.09297888e-7
1.37472523e-5
-2.56410720e-14
-9.00760969e-6
3.99139209e-6
-1.59850234e-5
3.14118557e-14
-3.50555515e-6
2.23073583e-6
-8.72592883e-6
3.80075740e-15
1.00159539e-5
2.90514037e-7
2.46762430e-5
-3.38793519e-14
1.56094024e-4
2.40587898e-6
2.54606570e-4
-4.19012082e-14
5.42635718e-5
1.05488157e-6
1.18097376e-4
-6.31108498e-14
5.50580504e-5
8.50508709e-7
1.10797313e-4
6.48093954e-14
9.52681896e-5
1.13770622e-6
1.72534559e-4
1.24359582e-13
3.18139949e-5
1.34933071e-8
9.26372304e-5
1.07259602e-13
4.15618314e-5
4.75293075e-7
8.73168773e-5
4.62745743e-14
2.45800950e-5
1.40505497e-7
5.91884926e-5
7.59378753e-14
-1.57072117e-5
-6.36657186e-7
3.61512697e-5
1.11174267e-13
1.47911597e-5
2.53711405e-7
2.63624824e-5
7.89889359e-15
4.95653938e-7
7.51590860e-7
-3.65168807e-6
6.22380884e-15
2.87295188e-6
-2.19097804e-7
-8.56445214e-7
8.30425019e-14
1.51567978e-5
1.71270663e-7
2.18363433e-5
1.84251719e-14
1.38398918e-5
9.45515323e-8
1.39941553e-5
-2.84891677e-14
4.04118936e-6
-7.37325651e-7
1.80680285e-7
-2.47090659e-14
4.50509445e-6
-9.68951800e-7
1.72433410e-7
2.02217126e-14
1.27131354e-5
4.64748021e-8
4.77899323e-6
2.53496489e-14
-4.33833226e-5
-8.18596161e-7
7.70510657e-6
2.75177909e-13
1.09384681e-5
-5.86609421e-8
3.30722067e-5
5.45762290e-14
3.54058350e-6
-1.17027559e-7
1.05014979e-5
-4.52678173e-15
-5.53262672e-5
-6.95351133e-7
7.23329115e-8
1.22077575e-15
9.62064795e-5
-2.61565007e-6
-3.13607358e-4
-2.38488753e-16
-2.77828738e-4
-7.23573373e-6
-7.79421950e-4
6.43256543e-13
-2.65687951e-5
-1.93247068e-6
-4.95638147e-4
2.80443247e-13
3.22499139e-4
4.83965112e-6
3.52808154e-5
-4.59285874e-14
-2.76921323e-4
-5.71576110e-6
-5.59967100e-4
6.09553390e-13
-9.01533026e-5
-2.17947860e-6
-1.27057420e-4
1.82616801e-13
-1.27104223e-4
-2.49115146e-6
-1.60062741e-4
2.16809737e-13
-1.92767956e-4
-3.97682516e-6
-4.61931854e-4
2.16885099e-13
-9.37255798e-5
-1.83406202e-6
-2.92676433e-4
6.67236573e-13
-1.27574141e-4
-2.00210708e-6
-1.23557859e-4
5.62249586e-13
-1.18857773e-4
-1.33082182e-6
-4.56280728e-5
7.06666332e-14
-3.00376224e-5
-4.97594603e-7
-9.89546589e-5
1.08057845e-13
3.88171861e-4
7.96420018e-6
1.52971537e-4
2.97933684e-13
1.54860198e-4
1.89933199e-6
-2.49770037e-4
5.49806924e-13
2.45994006e-4
3.09599523e-6
-7.26977348e-5
-1.18367593e-13
3.83599694e-4
7.34585426e-6
7.57489219e-5
-2.42870818e-13
3.38176310e-3
-1.24100298e-8
2.08277820e-4
3.03976627e-13
3.06792181e-3
-1.57429321e-9
6.08513294e-4
8.42263663e-14
2.97906385e-3
-6.61025260e-10
8.12543062e-4
-1.98561098e-13
2.91870680e-3
-7.37973277e-9
2.53945438e-4
7.23127206e-14
2.41854084e-3
-9.35176892e-10
7.78760179e-4
9.09055576e-14
1.45722288e-3
-9.67196341e-10
5.99344486e-4
1.26368887e-13
2.54581396e-3
-2.59380850e-10
1.44516942e-3
-1.73670745e-13
2.92703628e-3
-2.50833333e-10
1.26884410e-3
-2.68013385e-13
1.28027747e-3
-6.73508105e-11
9.01899065e-4
3.92527876e-16
1.89295154e-3
-6.98540726e-11
1.47529987e-3
-1.41029169e-13
1.32934857e-4
-1.89798641e-11
5.37913172e-4
6.20191126e-13
-1.26807320e-3
-1.84549943e-11
-3.22467393e-4
8.83948089e-14
-7.09714990e-5
-1.21682881e-8
8.43140665e-5
2.27088352e-13
4.79556161e-4
-7.77727489e-10
3.81020539e-4
1.50288652e-13
-2.64696653e-3
-1.36538972e-9
-6.26231298e-4
-3.79569679e-13
-3.49840336e-3
-2.28950840e-8
-2.71775415e-4
-2.75513188e-13
3.26785869e-4
-9.58748727e-10
6.23103237e-5
-1.99493486e-14
-7.04759921e-4
-8.70256049e-10
-6.63060367e-4
-4.65394705e-14
6.69584450e-4
-2.33222857e-10
4.12114045e-4
5.07135920e-13
1.74673101e-3
-2.57081738e-10
1.16233401e-3
1.87948288e-13
-1.33674397e-3
-6.72506983e-10
-1.25382568e-3
-1.38610242e-13
-1.38477228e-3
-3.51634602e-10
-1.38077726e-3
-2.53601298e-14
-9.93059626e-4
-9.42063918e-11
-1.24435496e-3
7.49561530e-14
-3.59553107e-4
-1.80196234e-10
-5.40248793e-4
3.40545293e-13
5.78666886e-4
-4.86004577e-11
4.24989577e-4
-2.10386490e-13
-2.76091502e-4
-2.56457078e-11
-6.30371197e-4
1.39795396e-13
3.32441447e-4
-7.37940762e-12
1.15018257e-4
-2.19306693e-13
1.00203971e-3
-1.32972362e-11
1.17144441e-3
-1.27697294e-14
1.97588728e-3
-6.86397840e-11
1.72462749e-3
-2.58685662e-13
1.46095374e-3
-6.27760318e-11
1.35568288e-3
-4.77406832e-13
1.35546920e-3
-1.70382518e-11
1.70412257e-3
1.83499506e-13
1.08755862e-3
-1.78130710e-11
1.41405015e-3
4.78796716e-13
-1.15196798e-4
-4.23684516e-12
4.68221106e-4
1.96298799e-13
6.47094001e-4
-5.22912158e-12
1.40327671e-3
-4.03353633e-14
-1.27670979e-4
-1.65917532e-12
7.82549741e-4
-4.01846635e-13
-8.27679654e-4
-1.04761496e-12
-4.67663158e-4
-4.34730546e-13
8.44910769e-4
-3.74007714e-12
1.43091192e-3
-1.03988243e-12
5.88813426e-4
-2.49188556e-12
6.57355500e-4
-7.23397787e-13
5.10260534e-4
-5.76966412e-13
8.29229686e-4
-5.12383353e-13
3.59613602e-4
-8.57589330e-13
1.23100501e-3
-6.13624342e-13
-1.33961571e-4
-2.43459427e-14
7.77743934e-4
-6.61598072e-13
2.78542791e-4
4.46521872e-13
6.48725401e-4
-3.79042592e-13
9.51869228e-5
3.79128066e-13
2.41298392e-4
-3.63788530e-13
-4.27915490e-4
1.00416361e-13
2.59139678e-4
-3.64574946e-13
-8.52462654e-4
-2.07337097e-13
-7.93515610e-4
-8.47078260e-14
-6.20344012e-4
-5.76164472e-13
2.63548740e-4
-6.62719944e-13
-8.10592903e-4
-2.56583938e-13
3.80173127e-5
-1.38144843e-13
-6.04741041e-4
-1.13931694e-13
-3.74157639e-4
4.33294572e-13
-4.73778568e-3
-1.08377569e-8
-6.54624896e-4
-4.97128501e-14
-4.01495212e-3
-6.42876731e-10
-1.75067444e-3
6.21898356e-13
-2.46592730e-3
1.38518648e-8
-2.36250592e-3
4.16898254e-13
-2.62278838e-3
2.35115538e-7
-8.51617769e-4
-1.25383103e-13
-2.77110600e-3
-5.21035189e-12
-1.82462339e-3
4.88542277e-13
-1.34743288e-3
-5.08752816e-12
-8.79509960e-4
1.92513164e-13
-1.54384738e-3
-1.55936653e-12
-1.92170515e-3
-2.36908660e-13
-2.11236512e-3
4.13274970e-12
-2.74348946e-3
4.83771491e-14
1.20617081e-4
3.81470389e-11
-2.45447806e-3
2.41047025e-13
-5.95845285e-4
-1.26220978e-13
-1.90846922e-3
2.59051432e-13
4.27372290e-4
3.60433969e-13
-7.91436291e-4
6.21302701e-13
2.10808762e-3
-6.64038562e-11
-9.80525196e-4
3.99911340e-13
1.57795647e-3
1.71799629e-6
-7.19369928e-4
-2.68691037e-14
9.87233083e-4
1.01224914e-7
-2.02792157e-3
-5.29355948e-14
3.86363223e-3
-1.72461627e-7
-7.94989112e-4
3.16431301e-14
5.00332143e-3
-2.92702470e-6
-2.79384983e-4
1.16769304e-13
1.02698035e-5
-1.81410566e-5
-9.21401212e-7
6.14804931e-8
7.80422867e-6
-1.95378056e-5
-3.22393022e-6
6.07741206e-8
1.12288725e-4
-5.63201970e-6
6.76412441e-6
4.84697298e-8
1.16573194e-4
-5.25270331e-6
2.46547722e-6
7.81535875e-8
2.85760892e-6
-2.20449820e-5
-6.72030814e-6
7.01601849e-8
-4.48247233e-6
-2.51201645e-5
-1.18510605e-5
8.77190489e-8
8.36870388e-5
-7.12730967e-6
-2.23238869e-6
1.83852848e-7
1.02160913e-4
-6.30856555e-6
6.18242531e-6
8.34982166e-8
2.90407299e-4
-1.81061061e-6
7.79561353e-5
-4.24330855e-7
2.96474099e-4
-2.02604767e-6
9.24258979e-5
-1.84582860e-7
3.38001973e-4
-5.76285587e-7
2.23206806e-4
-1.60433680e-6
2.14425891e-4
-5.20571091e-7
1.49169741e-4
-1.74133552e-6
2.67435922e-4
-1.52707703e-6
1.60409830e-5
-3.40685974e-7
2.77064473e-4
-1.62949081e-6
5.01495619e-5
-4.65995586e-7
1.15853835e-4
-4.72644492e-7
8.17262664e-5
-1.63657247e-6
6.20757117e-5
-4.45091194e-7
2.45773081e-5
-1.41482793e-6
-1.37186696e-5
-2.78776238e-5
-1.83504533e-5
1.04592590e-7
-2.36109532e-5
-2.91112199e-5
-2.49311843e-5
1.05991760e-7
1.52740770e-5
-8.10317201e-6
-4.62375198e-5
4.57604469e-7
5.47184342e-5
-7.83777369e-6
-2.00919516e-5
3.26716698e-7
-3.19730757e-5
-2.74776401e-5
-2.91095563e-5
7.22062537e-8
-3.59665216e-5
-2.17263608e-5
-2.77046154e-5
-1.51036987e-8
-7.45111594e-5
-5.86143067e-6
-9.79285782e-5
3.89449874e-7
-3.06695542e-5
-7.55519189e-6
-7.54074017e-5
4.97589809e-7
1.44259711e-4
-2.07012832e-6
-2.54692098e-5
1.46535164e-6
2.50302276e-5
-1.56871298e-6
-1.16944109e-4
1.81077243e-6
3.79271317e-4
-4.14854046e-7
1.12558331e-4
3.77476955e-6
5.05056103e-4
-5.63886840e-7
2.54490425e-4
1.98073895e-6
2.81346534e-4
-2.20486937e-6
8.43794078e-5
2.64958379e-7
2.32386568e-4
-2.25308695e-6
4.55750934e-5
8.68888649e-7
5.23373694e-4
-6.24669300e-7
3.07162357e-4
2.20031405e-7
4.54623535e-4
-6.19708967e-7
2.85983362e-4
-1.00625055e-6
4.76559523e-5
-1.73617772e-7
2.80740564e-4
-3.81605528e-6
4.02262618e-4
-1.72230057e-7
4.69828125e-4
-3.03254430e-6
-4.90625378e-4
-4.70487892e-8
5.28688731e-5
-8.19818800e-6
-1.06312693e-3
-4.83206282e-8
-2.70023891e-4
-5.91383851e-6
6.73901398e-4
-1.52175684e-7
6.00431604e-4
-5.00034589e-7
7.73185207e-4
-1.07803369e-7
5.86334983e-4
3.38389488e-6
6.75456866e-4
-2.73178471e-8
8.05907586e-4
-3.05423642e-6
1.42870223e-4
-4.05025826e-8
4.61804119e-4
-7.50681571e-6
-9.39085701e-4
-1.05735066e-8
-3.99614690e-4
-1.53830131e-5
-1.23983458e-4
-6.68365941e-9
2.44159668e-4
-1.45947898e-5
-1.05799764e-3
-1.55380524e-9
-7.99084499e-4
-2.30357467e-5
-1.64256396e-3
-2.68755771e-9
-1.26560313e-3
-1.60619097e-5
-1.91647914e-3
-1.33018390e-8
-1.00907970e-3
-3.21360243e-6
-1.58816580e-3
-1.26758679e-8
-8.51258812e-4
-1.05201379e-5
-1.74947245e-3
-3.34891655e-9
-1.28321750e-3
-4.74398243e-6
-1.35880286e-3
-3.60354443e-9
-9.54557372e-4
5.29603501e-6
-8.70527465e-4
-1.29338370e-7
-1.27195546e-5
-1.98156908e-6
-7.76526686e-4
-1.37123991e-7
-2.89174909e-5
-2.01190691e-6
-1.81876668e-3
-3.95987271e-8
-2.94194311e-4
1.20938740e-6
-1.85023280e-3
-3.63551633e-8
-9.60995480e-5
4.83442925e-7
-5.85490746e-4
-1.49616879e-7
5.77631552e-6
-2.56021937e-6
-3.01722018e-4
-1.63662304e-7
1.11325899e-4
-3.37993458e-6
-1.47673861e-3
-4.62543511e-8
-4.29473655e-4
-2.55596862e-6
-1.71454078e-3
-4.28439181e-8
-4.23313990e-4
1.39101740e-7
-1.69710199e-3
-1.21687644e-8
-6.68629785e-4
7.00478625e-6
-1.91567299e-3
-1.29522828e-8
-9.11040019e-4
3.23205811e-6
-6.30722205e-4
-3.57592656e-9
-5.05094107e-4
1.08976890e-5
1.88084168e-4
-3.41163345e-9
-1.44960578e-4
1.22130440e-5
-1.24630203e-3
-9.04680923e-9
-1.18556419e-4
6.16677776e-6
-1.42473356e-3
-1.12841906e-8
-3.87299663e-4
7.83389525e-6
8.65203535e-4
-3.66271624e-9
2.28537042e-5
1.12352962e-5
1.24137217e-3
-1.04416282e-8
2.02466053e-5
9.59866247e-6
-3.35943881e-5
-5.74808681e-6
-1.86164951e-5
-1.95474950e-7
-1.52412051e-5
1.17603869e-5
-2.20343826e-6
-3.82132707e-7
-9.61435603e-5
4.48920564e-6
-6.69834248e-5
-9.98652018e-7
-1.06520988e-4
-1.77995011e-6
-9.90963370e-5
-1.65845426e-7
7.15874517e-6
2.29357812e-5
1.55524270e-5
-3.83463127e-7
1.97021283e-5
2.16837482e-5
2.43995484e-5
-1.67679225e-7
1.31922560e-5
7.45464432e-6
3.56171510e-5
-1.03237617e-6
-4.28133904e-5
8.13934797e-6
-1.14890490e-5
-1.40228010e-6
-1.76359875e-4
2.43886365e-6
-1.50278433e-4
-2.37191596e-6
-7.18159235e-5
3.58143606e-6
-4.42204099e-5
-2.85489571e-6
-2.22794537e-4
-3.48445521e-7
-2.20938631e-4
-4.18517407e-6
-2.91503979e-4
-4.13283190e-6
-3.22224617e-4
-9.05028201e-7
-1.12113943e-4
-5.72331753e-6
-1.96568406e-4
1.24136612e-6
-2.04870167e-4
-1.21080736e-6
-2.15236313e-4
-4.87274629e-7
-1.57875379e-4
-8.50542702e-6
-2.75961244e-4
3.28722404e-6
1.37485259e-4
-1.06690170e-5
-9.42782552e-5
4.80468343e-6
1.75349889e-5
1.12594561e-5
2.06525650e-5
1.01701912e-7
7.94674830e-6
8.91142329e-7
1.01738871e-5
2.32077560e-7
2.84158597e-5
4.29634714e-7
3.41844104e-5
4.38067585e-7
3.68823462e-5
3.85342296e-6
4.95666614e-5
-1.93727018e-7
8.38983677e-7
-3.55742405e-6
1.65296461e-6
1.85612944e-7
-6.59583099e-8
-3.51414566e-7
-3.10429710e-6
1.79547699e-7
-6.61678438e-7
2.26172809e-6
-1.98012910e-6
4.75351627e-7
1.13269091e-5
-1.01553321e-6
1.16482168e-5
5.61819610e-7
2.84554751e-5
7.07231098e-9
3.03693768e-5
7.14778496e-7
5.49694473e-6
1.68607501e-6
9.12755913e-6
7.56093069e-7
1.35134128e-5
-1.77003276e-6
2.42729369e-5
5.82784636e-7
3.50018286e-5
5.37967544e-7
3.72600197e-5
6.11438509e-8
1.69862706e-5
2.55043101e-6
3.32521490e-5
-1.68946354e-6
4.36066715e-5
9.58686571e-7
5.06477766e-5
-1.06656787e-7
1.94106210e-5
1.17020738e-6
1.97981380e-5
-1.94700624e-6
-7.52989612e-5
1.27969936e-6
-7.24440532e-5
-4.19891300e-6
-2.00040329e-4
-1.64135815e-6
-2.19516532e-4
-5.61670281e-6
-5.20518346e-5
1.97218950e-7
-6.77198313e-5
-4.45900001e-6
-1.27084132e-4
-1.47453652e-6
-1.50676237e-4
-5.60315041e-6
-2.50139549e-4
-4.28040778e-6
-2.62802814e-4
-3.16134458e-6
1.53301531e-5
4.78463937e-7
1.16712550e-5
-1.62293827e-6
1.64688005e-5
-6.05374553e-6
2.85623242e-5
-3.35391480e-7
9.32389184e-6
-6.95963608e-6
1.38181229e-5
-1.66872381e-6
-2.40769737e-5
-1.47625541e-7
-3.67571544e-5
-3.50184987e-6
-5.67549698e-5
-7.96927635e-7
-7.09942585e-5
-4.17945713e-6
-4.37821034e-6
-3.10910009e-6
-1.04817463e-5
-2.60632400e-6
-1.54977051e-5
2.32645749e-6
-2.72359586e-5
-2.59561708e-6
-6.25316619e-5
-9.23873723e-7
-6.59313157e-5
-3.08613038e-6
-1.62605799e-4
-3.83710303e-6
-1.17632138e-4
3.28597928e-6
-1.47196607e-4
-2.31991256e-6
-1.50551724e-4
-3.72827697e-6
-1.00704686e-4
-1.55818436e-6
-6.16522235e-5
4.25187260e-7
3.04752053e-6
-4.22477110e-7
1.20027223e-4
1.00088469e-5
6.26163830e-4
-5.40250746e-6
3.72309305e-4
8.50353512e-6
2.01983874e-4
-1.01744879e-5
1.79355522e-5
1.05023089e-5
7.15012413e-4
5.02409605e-7
6.15779127e-4
1.59323120e-5
9.41620282e-4
1.22619148e-5
8.92244939e-4
6.79524866e-6
-1.92764543e-4
-9.40863811e-6
-2.74576860e-4
5.49210931e-6
-3.12510032e-4
-5.41318779e-6
-3.41392886e-4
-1.86927149e-6
-1.98575195e-4
-7.13115382e-6
-2.01281424e-4
5.63833213e-6
1.81920445e-4
-6.49196770e-6
1.42227003e-4
1.49693085e-5
5.96148633e-4
4.54226008e-6
6.62598129e-4
2.01948611e-5
8.99295642e-5
-2.52239049e-6
1.76886636e-4
1.47556288e-5
3.48822447e-4
4.85015678e-6
5.01979828e-4
1.88491318e-5
7.24849577e-4
1.38990782e-5
8.12807533e-4
1.49449333e-5
6.43100149e-4
2.59382384e-5
8.15403308e-4
-4.12273595e-6
9.39892307e-4
1.62425010e-5
9.81867968e-4
1.18008229e-5
6.33896615e-4
2.10162032e-5
6.56754180e-4
-3.11182773e-6
-1.44388517e-4
1.83926789e-5
-1.85073189e-5
-1.94384862e-5
