-3.84841645e-5
-1.02481989e-22
1.37662118e-5
1.38489889e-5
8.81466355e-23
5.41781773e-5
-3.62434258e-23
-8.67915397e-23
-1.67402833e-6
-1.55120537e-6
6.27623500e-4
5.79186801e-4
3.77646845e-4
3.77646845e-4
-2.60996566e-4
-2.60994830e-4
-6.67740873e-4
-7.25969557e-4
-8.75796738e-23
-4.82693453e-6
7.16290193e-6
7.16290190e-6
-1.54843804e-5
-1.18519899e-5
9.82736318e-5
9.56814976e-5
-7.89230189e-5
-7.89230189e-5
-1.38922722e-4
-1.34146545e-4
1.89280687e-4
2.10942109e-4
3.55674498e-6
3.55674498e-6
4.27099346e-22
5.78388841e-6
-3.94092862e-6
-3.94092857e-6
-3.29229396e-4
-3.57911990e-4
7.04022134e-4
7.04022134e-4
-6.88799420e-4
-6.88799420e-4
3.07350732e-4
3.07350741e-4
1.47708186e-3
1.47708177e-3
-7.33349799e-4
-7.33349799e-4
-1.27650243e-3
-1.27650210e-3
5.52870985e-4
5.20801747e-4
2.46332594e-5
1.02314385e-22
-6.06740816e-6
-5.78791611e-6
-3.80394038e-22
-1.31465296e-5
2.26922117e-4
2.15725623e-4
1.15948753e-4
1.15678502e-4
-2.29440887e-4
-2.23354520e-4
-2.59797156e-4
-2.86581510e-4
3.61766024e-6
-1.11824599e-22
2.00748110e-6
2.57162628e-6
-2.08149441e-5
-1.81225097e-23
8.57498827e-6
6.53977562e-6
6.12501448e-23
-7.03985618e-6
1.45901368e-7
1.19782399e-6
-1.46585752e-4
-1.46585752e-4
-1.01914103e-4
-9.82497626e-5
4.98850428e-5
4.61292567e-5
1.39561676e-4
1.39561676e-4
-8.83259541e-4
-8.83259541e-4
-1.17071678e-3
-1.17071678e-3
9.18338346e-4
9.18338344e-4
1.14775613e-3
1.14775613e-3
-2.50519587e-5
-3.05738207e-5
-4.67498823e-4
-4.67596355e-4
3.85112442e-4
3.85088368e-4
2.35807949e-4
2.25748852e-4
-8.42220124e-5
-8.77540943e-5
-1.34115361e-6
4.09607662e-6
7.24790241e-5
7.09351231e-5
1.35571522e-5
1.68236679e-5
-5.43317244e-4
-4.99924859e-4
5.13120822e-4
5.13120822e-4
1.55028561e-4
1.76621025e-4
-2.77032067e-4
-2.53539661e-4
-3.44524329e-5
-3.44524329e-5
-1.17644159e-4
-1.29416609e-4
1.13753737e-4
1.13753737e-4
-1.06832551e-5
-6.41876749e-6
5.52301489e-5
5.92718722e-5
-2.13969080e-4
-2.13969080e-4
1.49609378e-4
1.30760081e-4
4.01788444e-5
4.01788444e-5
-1.40572586e-4
-1.22479741e-4
8.82570485e-5
8.82570484e-5
-4.96838794e-4
-4.96838794e-4
5.63541512e-4
5.63541387e-4
6.77999065e-5
6.37464282e-5
-5.02900984e-5
-5.02900984e-5
-1.10168731e-5
-9.39498556e-6
3.24173107e-5
3.66781031e-5
-1.90486543e-6
-1.90486544e-6
-1.71181494e-22
6.32093856e-6
-1.72038545e-6
-1.72038546e-6
-7.88407220e-6
-8.06054202e-6
2.44963319e-5
2.44963320e-5
-3.41537264e-6
-1.91627705e-6
-1.33279224e-5
-1.33279224e-5
3.34804202e-6
3.34804204e-6
-1.35992895e-22
2.55280002e-6
-2.19072766e-6
-2.19072765e-6
3.30715840e-5
3.40436415e-5
-1.07961615e-4
-1.07961615e-4
6.60392437e-5
6.60392437e-5
-4.45529166e-6
-6.03170044e-6
-5.86568972e-5
-5.25233166e-5
5.24992165e-4
5.24992165e-4
-3.09238014e-4
-3.09238014e-4
-1.60702165e-4
-1.60702166e-4
1.35556732e-3
1.35552149e-3
-2.94745707e-4
-2.94745707e-4
-1.46909124e-3
-1.46909162e-3
4.33339463e-4
4.19879303e-4
4.13854570e-4
4.13854570e-4
-5.16892265e-4
-5.16892271e-4
2.48141853e-4
2.48141854e-4
-1.78579449e-4
-1.78579473e-4
1.08542562e-3
1.08542905e-3
-8.66460879e-4
-8.66460879e-4
-7.50926824e-4
-7.59920703e-4
4.82958920e-4
4.82958919e-4
8.46062289e-4
8.46061451e-4
-5.64481679e-4
-5.64481679e-4
-2.75582442e-4
-2.75583789e-4
-3.39147605e-5
-3.23125089e-5
-1.93102516e-5
-1.93102446e-5
3.49993580e-4
3.49993579e-4
-4.49260552e-4
-4.49260548e-4
1.08300853e-4
1.08300853e-4
5.50804595e-5
5.50804597e-5
-9.71250073e-4
-9.71250073e-4
5.64994017e-4
5.64994017e-4
3.92611945e-4
3.92611945e-4
3.66416473e-5
3.56722869e-23
-4.39103689e-6
-4.40396701e-6
-3.22298740e-5
6.74014404e-23
3.03074924e-5
2.99043971e-5
5.80214913e-5
5.96660643e-5
-4.93340413e-5
-4.82073458e-5
-8.18086684e-5
-8.10838581e-5
5.04383090e-4
5.04234558e-4
-5.13948546e-5
-4.83380006e-5
-5.13191205e-4
-5.13370541e-4
1.43758542e-4
1.42721860e-4
4.65918248e-23
-2.34129809e-6
-5.05610336e-7
-3.80698231e-8
-6.59346311e-23
2.06167576e-5
-8.61775519e-6
-6.88926761e-6
9.28918598e-5
8.96784349e-5
-8.20354511e-5
-7.55756200e-5
-5.24035487e-5
-5.03728691e-5
7.05161631e-5
7.06915635e-5
1.02544985e-4
1.01141833e-4
-2.48966755e-4
-2.49036923e-4
1.15964436e-4
1.02372618e-4
-9.82453964e-5
-8.18429510e-5
-6.98459771e-4
-6.98437426e-4
5.76324636e-4
5.30096406e-4
3.56296819e-4
3.90995854e-4
3.49091631e-4
3.49093032e-4
-3.29644128e-4
-3.36265853e-4
2.89457437e-5
1.86683580e-5
2.28666329e-5
2.28623184e-5
1.27896226e-22
-5.06826279e-5
1.90708415e-5
1.99133113e-5
2.64485368e-5
-8.60550258e-23
-2.54580946e-5
-2.32641761e-5
-5.94906091e-5
-5.44685543e-5
7.02567989e-5
6.60586526e-5
3.16388792e-5
2.97230918e-5
-1.50005618e-4
-1.67363255e-4
7.72984028e-5
8.85897272e-5
3.05805146e-4
2.78515368e-4
-2.80381212e-4
-3.03606568e-4
-2.90900776e-30
1.97882156e-5
-4.61822369e-6
-4.79914199e-6
8.58992361e-24
-1.01695784e-5
5.12488173e-6
4.41052481e-6
5.65051314e-6
-3.71101382e-23
-9.38485376e-6
-7.75715042e-6
2.34048611e-5
2.51030586e-5
-2.79314334e-5
-2.46771846e-5
-6.15232335e-5
-5.86336797e-5
4.41001453e-5
4.89554373e-5
-1.18722002e-5
-1.07924229e-5
7.27674418e-23
-2.02149163e-5
1.51140025e-5
1.81255952e-5
-1.06672298e-4
-9.59680967e-5
1.36236953e-4
1.21488431e-4
-2.43902129e-4
-2.20683603e-4
2.58619594e-4
2.77683120e-4
-5.37055635e-4
-5.37055635e-4
-2.45167539e-4
-2.37952024e-4
2.92446540e-4
2.76169357e-4
4.08605315e-4
4.08605315e-4
4.80966384e-5
4.80966384e-5
3.77374071e-5
3.78906825e-5
-1.87131974e-5
-1.93542920e-5
-3.74933688e-5
-3.74933688e-5
5.81286038e-6
5.81286042e-6
-1.59796662e-5
-1.68071634e-5
7.71495498e-7
1.01106261e-6
-1.87119086e-6
-1.87119088e-6
6.01069808e-5
6.01069808e-5
1.51792804e-4
1.64309566e-4
-8.68333237e-5
-9.46317595e-5
-7.70320661e-5
-7.70320660e-5
-1.53738866e-4
-1.53738866e-4
-1.79814587e-3
-1.79879233e-3
1.23530728e-3
1.23530750e-3
6.65139146e-4
6.65139146e-4
8.54749068e-4
8.54749068e-4
6.52225075e-4
6.52225135e-4
-7.75952279e-4
-7.75952182e-4
-7.51837725e-4
-7.51837725e-4
-3.90538440e-4
-3.90538440e-4
-2.99958151e-4
-2.99958151e-4
3.16785475e-4
3.16785476e-4
3.92692451e-4
3.92692451e-4
4.80455071e-4
4.80455071e-4
2.36691540e-3
2.24180144e-3
-1.09398354e-3
-1.09393580e-3
-1.38431540e-3
-1.38431540e-3
1.54866223e-5
1.49823927e-5
2.25217749e-5
1.98871618e-5
-3.85126602e-5
-3.62465908e-5
-1.22910098e-5
-1.02155537e-5
2.88428905e-5
3.05616366e-5
9.88064306e-5
9.92955118e-5
-1.05322498e-4
-1.03433675e-4
-9.82865500e-5
-9.58070269e-5
-4.39170180e-4
-4.67302739e-4
-6.49657823e-4
-6.49649351e-4
7.84283147e-4
7.84299171e-4
4.98176362e-4
5.26010197e-4
-1.11039660e-4
-9.91934353e-5
6.33690823e-4
6.33698613e-4
-3.72688457e-4
-3.72680044e-4
-1.59653454e-4
-1.80155126e-4
-5.42377877e-5
-5.27968558e-5
-8.62379215e-6
-1.25451109e-5
5.75714237e-5
5.10797926e-5
4.53069250e-5
4.36017027e-5
7.81721573e-6
7.90515990e-6
-4.57103974e-6
-4.40221271e-6
-6.08804715e-6
-5.47817289e-6
1.62610648e-6
2.71102565e-6
-3.73538816e-5
-4.12024018e-5
-9.82260204e-6
-6.72380664e-6
2.91560640e-5
2.92371529e-5
3.79459776e-6
3.74273251e-6
3.56614108e-4
3.81443560e-4
7.45525859e-5
7.64365959e-5
-3.07748651e-4
-3.25530873e-4
-1.36801388e-4
-1.43461387e-4
6.53286454e-4
6.53286454e-4
-6.58065978e-4
-6.02464060e-4
-4.72846429e-4
-4.43865662e-4
3.08816313e-4
2.84717190e-4
-4.13384849e-4
-4.13384848e-4
6.87246289e-5
6.87246289e-5
2.31531991e-4
2.43963906e-4
2.71286608e-4
2.71286142e-4
1.60778130e-4
1.60778130e-4
9.08938712e-5
8.11477115e-5
-3.85247631e-5
-4.91997640e-5
-7.14452499e-5
-7.25722385e-5
-3.03663206e-4
-3.03663206e-4
3.43778134e-4
3.43778134e-4
-1.30619563e-4
-1.38997259e-4
3.51579409e-5
3.03400282e-5
-3.00231977e-4
-3.00231977e-4
2.15077905e-4
2.15077905e-4
1.83501995e-4
1.78529419e-4
-4.43464039e-6
-1.50948477e-5
2.31206140e-4
2.31206139e-4
-3.92630390e-4
-3.92630390e-4
-3.21513619e-4
-3.53297736e-4
5.39721103e-4
5.39721070e-4
-1.10878666e-4
-1.10878666e-4
1.36007343e-4
1.21269826e-4
5.98559982e-5
5.81157415e-5
-1.83148801e-5
-1.95471226e-5
6.85178713e-5
6.85178713e-5
-2.35571811e-5
-2.35571811e-5
-5.01451159e-6
-5.01451156e-6
-6.09732933e-6
-7.20970351e-6
-6.11258889e-23
2.63131070e-6
1.09809382e-5
1.09809382e-5
-1.29436234e-5
-1.29436234e-5
1.47790333e-22
6.93631840e-6
1.20534885e-5
1.20534885e-5
-9.65381394e-6
-9.65381389e-6
-1.42443528e-5
-1.41154285e-5
1.41412414e-5
1.53661526e-5
-1.03374749e-5
-1.03374750e-5
2.78633537e-5
2.78633537e-5
-1.18601614e-5
-1.31222020e-5
-2.81167708e-6
-2.53413461e-6
-3.02893838e-5
-3.02893838e-5
2.20465433e-5
2.20465433e-5
4.35594038e-5
4.57725998e-5
-4.94828092e-5
-4.94646481e-5
4.06638444e-6
-1.42403677e-22
6.76558438e-6
6.76558441e-6
-3.92972370e-6
-3.92972368e-6
1.58780024e-6
5.81684830e-23
2.85893988e-6
2.72723983e-6
-1.74096967e-5
-1.70190852e-5
2.36821978e-5
2.33918284e-5
2.18078276e-5
2.31161524e-5
1.75893279e-4
1.93968201e-4
-4.22349696e-5
-3.40438107e-5
3.98072940e-4
3.98072940e-4
-2.83457762e-4
-2.83457762e-4
-2.08240378e-4
-2.25285928e-4
3.55989512e-5
3.55989535e-5
-1.28153573e-4
-1.28153573e-4
6.17235762e-5
6.17235763e-5
-1.08614633e-4
-1.13135419e-4
1.10191111e-4
1.16196104e-4
6.53333556e-5
6.45702105e-5
-2.57860834e-4
-2.57860833e-4
-1.18263190e-4
-1.18263190e-4
2.25547343e-4
2.26869059e-4
-2.42788643e-4
-2.42615482e-4
-2.22063125e-4
-2.22063164e-4
-1.48044980e-4
-1.48044979e-4
4.14560578e-4
4.14560578e-4
-5.28020397e-4
-5.28020397e-4
5.39253589e-4
5.65832515e-4
7.08115026e-4
7.08115004e-4
-1.02895310e-3
-1.02895301e-3
5.22997917e-5
5.22997916e-5
6.18968725e-4
6.18968725e-4
-1.30581702e-3
-1.30581702e-3
6.39245414e-4
6.39245420e-4
-1.06689465e-3
-1.06689465e-3
9.69961617e-4
9.69961617e-4
1.80465450e-3
1.80465542e-3
-2.07193826e-3
-2.06952694e-3
-4.58443849e-4
-4.58443848e-4
1.07458001e-4
1.07458001e-4
-7.77621327e-4
-7.77621328e-4
3.44283686e-4
3.21381356e-4
1.05019755e-3
1.05019732e-3
-7.56847091e-4
-7.56847452e-4
7.52835093e-4
7.52835093e-4
-3.02845467e-4
-3.02845467e-4
-1.21380245e-4
-1.21380245e-4
-4.20724614e-4
-4.53970456e-4
6.05120008e-4
6.05120008e-4
-8.37086195e-4
-8.37086195e-4
7.65188068e-4
7.65188068e-4
-4.98456609e-4
-4.98456609e-4
-4.38017544e-4
-4.38017570e-4
9.84690882e-6
9.84692508e-6
-3.22626791e-4
-3.22626791e-4
7.96129479e-4
7.96129479e-4
-5.22422737e-4
-5.22422738e-4
2.51215320e-4
2.51215318e-4
-9.17355635e-4
-9.17355635e-4
6.91798962e-4
6.91798961e-4
6.14039816e-4
6.14039816e-4
-3.72705477e-4
-3.72705477e-4
2.12154072e-4
2.12154072e-4
-3.61037898e-5
-3.61037899e-5
2.68739057e-4
2.68739058e-4
-2.38230302e-5
-2.38230300e-5
-3.94742777e-4
-3.94742777e-4
7.33878637e-4
7.33878636e-4
1.23569788e-3
1.20215217e-3
-2.91401935e-4
-2.91414735e-4
7.14025459e-4
7.14025459e-4
-2.44498734e-3
-2.44498734e-3
-3.94224359e-4
-3.94224359e-4
-1.26235845e-4
-1.26235845e-4
-6.57124863e-4
-6.57294006e-4
5.40614422e-4
9.83869716e-4
-2.32982166e-6
-2.39368529e-6
3.52472406e-5
4.51158127e-5
-4.57251159e-5
-3.71295028e-5
7.81852804e-6
7.11703346e-6
-2.54292318e-6
-4.59204662e-6
-5.83418236e-6
-5.70047266e-6
4.49714343e-5
3.85460700e-5
-3.79645078e-5
-4.11412763e-5
2.31301471e-5
2.32707854e-5
-2.71097457e-5
-2.52443589e-5
-9.85480639e-5
-9.81388579e-5
2.40538282e-5
2.39049223e-5
-4.97642157e-5
-5.43901636e-5
2.00009562e-4
2.04297076e-4
1.54436665e-4
1.53849303e-4
-1.90066624e-4
-1.89372387e-4
-3.02633939e-5
-2.85300338e-5
7.05215694e-5
7.51071188e-5
-4.45316471e-6
-4.04234301e-6
3.26024395e-5
3.37625008e-5
-2.47162862e-5
-1.84926929e-5
3.28741398e-5
3.39500089e-5
-7.54542670e-5
-7.51076536e-5
5.78236065e-6
6.16523304e-6
1.05513964e-5
-5.50220202e-7
8.82869255e-6
2.49255635e-5
1.70488245e-5
1.49978392e-5
-9.95572039e-5
-1.04338548e-4
1.93053457e-4
1.92121408e-4
-2.04417687e-4
-1.84773075e-4
1.75800395e-4
1.80051311e-4
-5.25409338e-5
-4.56855864e-5
-1.39851729e-4
-1.40427094e-4
6.07337042e-5
6.09238386e-5
2.83577857e-5
2.36637537e-5
2.12221417e-4
1.98180616e-4
-6.69745486e-4
-6.69770342e-4
5.23203374e-4
5.23150100e-4
-4.25956559e-4
-4.44977840e-4
2.63354719e-4
2.70110463e-4
6.90672971e-4
6.90671849e-4
-6.14027532e-4
-6.14049254e-4
-2.66065953e-4
-2.66144005e-4
-7.56931825e-5
-6.93933707e-5
-3.51630382e-4
-3.23225381e-4
6.61925157e-4
6.17881519e-4
-7.21441292e-4
-7.21434986e-4
7.26892874e-4
6.65651570e-4
4.39536881e-4
4.39541618e-4
5.30825920e-5
5.30853596e-5
-6.14959326e-4
-6.14958451e-4
1.11341848e-3
1.11341779e-3
-3.75489807e-4
-3.75534198e-4
4.91271657e-4
4.91235407e-4
-4.74896057e-5
-3.17994290e-5
-1.20697838e-4
-1.01995905e-4
-2.05676124e-4
-2.10080865e-4
-1.21690120e-4
-1.40718558e-4
-1.47306917e-3
-1.47307100e-3
1.68409997e-3
1.68409025e-3
1.93729559e-5
1.97769707e-5
-4.26543322e-5
-2.53539545e-5
2.73870840e-5
3.85055354e-5
-3.63340504e-5
-3.59148637e-5
-1.97318229e-5
-2.53418569e-5
1.26315451e-5
1.17216711e-5
-1.59050641e-5
-1.76503003e-5
-2.92366517e-6
1.64607644e-6
-4.64811780e-5
-4.90157213e-5
8.15370350e-5
7.90545472e-5
-7.39672343e-5
-7.05985303e-5
7.24182359e-5
6.81734741e-5
-3.21107586e-5
-3.52765368e-5
-1.39586715e-4
-1.24183845e-4
1.83176067e-6
4.31648178e-6
1.06325994e-4
1.18259664e-4
1.98644310e-4
1.83809726e-4
-3.46176216e-4
-3.26973763e-4
-4.02082761e-6
-3.92445353e-6
5.69449086e-6
1.10317952e-5
-8.22936479e-6
-5.23121358e-6
-1.24611997e-6
-2.21354235e-6
2.95480797e-5
3.26694871e-5
-2.30503094e-6
-2.51645967e-6
4.02334164e-6
-3.89403260e-23
7.32229544e-6
6.82243079e-6
-8.02254958e-6
-7.66743515e-6
-1.95709040e-22
2.42576865e-6
3.15802450e-7
-3.35275358e-7
1.29368386e-5
1.51875153e-5
5.00464384e-6
5.85183400e-6
-3.23069937e-5
-3.48202806e-5
-7.03869351e-5
-6.51622409e-5
6.93251332e-5
6.51450750e-5
-5.35044758e-5
-5.30352681e-5
3.67635275e-5
3.53672497e-5
-3.62678096e-6
-5.36858939e-6
-7.81993404e-5
-8.80244580e-5
-5.31047834e-7
4.65146961e-6
1.62054981e-4
1.45806219e-4
-1.16370599e-22
-1.71658918e-5
-2.50785479e-5
-2.17800266e-5
1.84736398e-5
2.13013330e-5
-1.17462857e-22
-1.44027845e-5
9.27791005e-6
8.04544752e-6
4.53340281e-5
4.03194918e-5
-1.64314763e-4
-1.53999723e-4
2.44282710e-4
2.34027014e-4
3.40570129e-4
3.15579945e-4
-3.12784865e-4
-3.39303723e-4
2.03951708e-4
2.09631871e-4
2.44206106e-4
2.18158748e-4
2.93892581e-4
3.20753405e-4
-3.18913843e-4
-2.92899617e-4
-9.21537451e-5
-9.66713429e-5
-2.95335834e-4
-3.29282251e-4
-8.11375609e-4
-2.69963310e-5
-9.42698517e-4
3.05382985e-13
-9.17396601e-4
-1.71315900e-5
-1.11678505e-3
2.44276165e-13
-6.70812624e-4
-1.62405729e-5
-8.83583900e-4
1.08060698e-13
-1.28014335e-4
-1.53420683e-5
-2.51238119e-4
-1.28825879e-13
-4.18123598e-4
-4.69927007e-6
-6.75369962e-4
-5.81409336e-16
6.36145961e-5
2.51194621e-6
-1.03904243e-4
2.95838574e-14
-1.47127633e-4
-2.37930493e-6
-3.49120019e-4
1.54434234e-13
-5.41804668e-4
-9.44257053e-6
-8.19654251e-4
2.82457489e-13
-4.43204891e-4
-8.75795232e-6
-7.17533100e-4
1.13114051e-13
-2.38798736e-4
-4.44420760e-6
-4.57509562e-4
4.58551834e-14
-2.22093974e-4
-4.07083442e-6
-4.38910778e-4
1.67667201e-13
-2.34476053e-4
-4.87360386e-6
-4.75880917e-4
1.40865496e-13
4.20413555e-4
-6.44067268e-7
4.67004922e-4
1.22368056e-13
-2.55257798e-4
-8.96745486e-6
-4.12900764e-4
2.21165696e-14
1.06846139e-4
-4.27811149e-7
6.57200674e-5
8.48538728e-14
6.33916313e-4
9.60183418e-6
9.35474732e-4
-1.51827985e-13
2.00944043e-4
3.59206396e-6
1.75644272e-4
-1.59959649e-14
1.16823161e-4
1.98256642e-6
1.58890697e-4
-2.15418934e-14
9.26959812e-5
1.20708254e-6
1.12365130e-4
2.55137590e-14
8.22887701e-5
9.43217821e-7
2.07244245e-5
5.39461048e-14
2.60358253e-5
5.81425450e-7
5.72424661e-5
-8.60718666e-15
-5.10540302e-6
4.22013926e-6
-6.75749887e-7
-4.81246996e-15
3.35850074e-6
7.65042154e-7
1.00000585e-5
1.82260822e-14
3.53478938e-5
5.58396212e-7
5.98982282e-5
2.88003301e-14
3.15748078e-5
3.71396506e-7
5.03448447e-5
-8.90244658e-15
7.45586715e-6
-1.42246325e-6
1.50910200e-5
-9.22476687e-15
8.04613581e-6
-2.28341833e-6
1.56815234e-5
2.54262662e-15
2.14696280e-5
1.54692268e-7
3.58890942e-5
-4.79075719e-15
-1.74745030e-5
-9.05030486e-7
-1.00406821e-4
2.26082847e-14
5.18592068e-5
3.83209955e-7
5.60905093e-5
9.31469343e-15
1.35327815e-5
-2.14411170e-7
9.49846469e-6
1.61295778e-14
-7.30847844e-5
-1.68947355e-6
-1.63286100e-4
1.12377613e-13
-8.64795370e-5
-1.59949825e-6
-1.70474149e-4
6.38827135e-14
-1.27952894e-5
-4.88750441e-7
-1.82982311e-5
2.90961500e-14
-2.64000285e-5
-5.04345359e-7
-2.71184664e-5
-1.98512728e-14
-7.41555488e-5
-1.07383113e-6
-1.39151321e-4
-1.49320319e-14
1.06445378e-5
-6.55128398e-9
2.21053735e-5
4.40389925e-15
6.65318618e-6
-2.20309154e-6
1.34694706e-5
-3.59818545e-15
4.65483806e-6
-1.66988309e-6
9.92796683e-6
-9.10006705e-15
2.15427176e-6
-8.81499512e-8
1.17696130e-5
-3.02426680e-15
-3.17561240e-6
-1.05769603e-7
5.24805578e-6
-7.86049742e-16
2.92112216e-6
-1.05417149e-6
5.97153175e-6
2.20859484e-14
1.83746970e-6
-5.46035857e-7
1.98660969e-6
-5.18882088e-14
-5.68012708e-6
-8.69934311e-8
1.43609785e-6
-9.60884743e-15
-5.45614040e-5
-5.25620413e-7
-8.80490061e-5
4.87254377e-14
-3.12998661e-5
-3.90759077e-7
-2.17043337e-5
2.45423891e-14
-3.22806391e-5
-2.57642259e-7
-8.09657760e-6
-6.34357771e-14
-4.10650873e-5
-1.91559883e-7
-2.98180555e-5
-1.98868531e-13
5.32571896e-4
1.21584731e-5
1.05388456e-3
-5.11683963e-14
2.97407869e-4
5.27332438e-6
3.80825857e-4
2.01752058e-13
3.20770453e-4
6.96021516e-6
4.70110650e-4
6.28878575e-14
2.67407616e-4
8.80523081e-6
8.85572006e-4
6.07048375e-14
-2.81405787e-5
-5.75120620e-7
-2.21564069e-4
1.35228103e-13
-1.44733664e-4
-2.40691787e-6
-3.43206444e-4
1.10639096e-13
-5.60217921e-5
-6.35095048e-7
-2.25161432e-4
-1.16692696e-13
1.13823840e-4
2.31379768e-6
-4.33330296e-5
1.02606832e-14
1.85200663e-4
3.35067310e-6
2.98647278e-5
1.54783129e-13
1.27273162e-5
5.21389944e-7
-1.20142789e-4
2.76301790e-14
4.92947002e-5
8.61843139e-7
-3.68047161e-5
-4.73122782e-13
2.10299124e-4
2.97848713e-6
2.01947766e-5
-4.96589405e-13
1.31211263e-6
3.73919164e-6
5.62433382e-4
3.55175758e-13
2.55981594e-4
5.87245859e-6
3.63270063e-4
7.00399122e-14
1.93493233e-4
3.95654868e-6
1.34439520e-4
-6.33259897e-13
-1.59178419e-4
5.03390156e-7
1.89647754e-4
-1.22739796e-13
8.93370883e-4
6.44028373e-7
9.85052570e-5
2.67842051e-13
1.22813233e-3
3.82518153e-8
3.70323549e-4
-7.36443825e-15
-1.75441056e-3
1.41453249e-7
-2.84284674e-4
2.94484798e-13
-2.30188457e-3
2.39935543e-6
-1.23334191e-4
1.58376558e-13
1.73514512e-3
2.32467532e-10
7.50871362e-4
-1.06865181e-13
2.14847632e-3
4.57595808e-11
1.16806574e-3
-4.98384417e-13
3.16598971e-4
1.21718803e-11
3.99942407e-4
3.25892629e-13
-7.94741284e-4
1.12696859e-10
-1.18654704e-4
3.39855752e-13
-2.80682018e-3
2.17521807e-10
-1.21746713e-3
1.64494499e-14
-1.63321056e-3
3.34961550e-12
-8.59836035e-4
3.20117521e-14
-2.35312580e-3
1.02053768e-12
-1.86155647e-3
2.52596760e-13
-2.80844171e-3
7.54936755e-10
-1.80303748e-3
3.69018843e-13
-4.02542651e-3
8.94846971e-6
-3.45346747e-4
2.88908820e-13
-3.62316732e-3
5.27270596e-7
-9.91522953e-4
8.23718782e-14
-2.81599881e-3
1.96654511e-6
-1.20553645e-3
4.10253817e-13
-2.69655559e-3
3.33761302e-5
-3.81898643e-4
2.56436955e-14
2.20409898e-3
-1.86224812e-10
1.42160542e-3
-4.09801966e-13
1.76760381e-3
-4.63494321e-10
1.29076647e-3
-2.84979168e-13
1.65147750e-3
-1.24569920e-10
1.50641629e-3
-1.05423383e-13
1.23449588e-3
-5.00183470e-11
1.06383205e-3
5.59428190e-14
9.21273501e-4
-7.44814661e-10
6.96745055e-4
-9.32326426e-14
-4.94051396e-5
-9.59269285e-10
-1.86516012e-4
8.98857569e-14
7.55708120e-4
-2.57251026e-10
7.12032987e-4
-2.62880768e-13
1.44500927e-3
-1.99556399e-10
1.40600352e-3
-2.41200003e-13
1.18365589e-3
-5.33312921e-11
1.49065004e-3
-3.11239474e-13
1.04424687e-3
-6.91442515e-11
1.29716361e-3
-3.42606607e-14
8.25538656e-4
-1.86717841e-11
1.39388964e-3
-4.32577292e-13
4.78274255e-4
-1.42099477e-11
1.00673761e-3
-4.26523850e-13
-3.44082020e-4
-1.35108894e-11
-9.55290420e-6
2.10063040e-14
6.96418820e-4
-3.33988475e-11
9.45866444e-4
-2.92177590e-13
-3.63860867e-4
-8.68191006e-12
-4.88718654e-5
-2.03196928e-13
-1.43953084e-3
-3.77065418e-12
-1.20075963e-3
6.79157752e-14
-1.48053230e-3
-1.14740896e-12
-1.87429736e-3
4.65717778e-14
-9.09249518e-4
-2.04343919e-12
-9.30279920e-4
-4.44934196e-14
-8.01127434e-4
-5.81125633e-13
-1.29331020e-3
-1.41770796e-13
-6.93807641e-4
-5.26559572e-13
-1.78903742e-3
-2.04961032e-13
-1.88896113e-4
-4.00403434e-12
3.00956284e-4
-2.65758089e-13
3.53966132e-4
-4.88547106e-12
1.09975841e-3
-2.39566708e-13
-9.63076680e-5
-9.83339348e-13
6.61199555e-4
1.65698867e-13
-5.28972157e-4
-1.25714180e-12
-2.35356552e-4
1.16691652e-13
-5.58136083e-4
-4.22311680e-13
-3.84286018e-4
-2.82023545e-13
-3.84377871e-4
-3.89793845e-14
2.95703106e-4
-9.35827912e-15
-5.08705545e-4
-5.12068048e-14
7.56378784e-5
-1.37224255e-13
-4.78545053e-4
-2.37592180e-15
-1.75234457e-4
-6.79174370e-14
2.70715890e-4
-3.75632236e-13
-1.17246619e-3
-1.63965977e-13
-3.36355815e-4
-2.27880799e-13
-1.05710132e-3
-2.81636609e-13
5.35406741e-5
-1.26803729e-13
-4.00310337e-4
2.10656076e-13
8.80449042e-4
-1.33328496e-13
-3.92311908e-4
2.87333923e-13
1.00962306e-3
1.24487407e-4
-8.95107742e-5
9.94643061e-14
2.11949559e-4
7.33486607e-6
-5.15710892e-4
1.83056517e-13
3.18211512e-3
2.73554624e-5
1.15366392e-3
-5.63370936e-13
4.48551079e-3
4.64277207e-4
5.94817604e-4
-5.35015585e-13
-9.02571136e-4
2.79993383e-9
-1.31762436e-3
1.34983771e-13
-1.54579668e-3
2.72906447e-13
-1.97961026e-3
3.12569945e-14
-6.62112503e-5
-7.90842328e-14
-1.22506662e-3
-2.24596093e-13
1.21878977e-3
1.04384021e-8
1.78563440e-4
-5.00834268e-13
1.70177596e-3
3.54060617e-8
1.56586342e-3
-2.15904960e-14
1.02562578e-3
-2.14010618e-13
-3.37459806e-4
-3.21166373e-14
1.42765225e-3
-4.08395857e-13
1.26730710e-5
-7.55248110e-14
8.90670008e-4
-1.11433014e-7
9.16473288e-4
-8.15181428e-13
5.24475533e-3
1.57476467e-3
2.03677404e-3
-1.42343459e-14
2.98613829e-3
9.27859788e-5
3.73309315e-3
3.61927728e-14
-1.11555348e-3
-2.92020065e-4
4.07815436e-3
-1.24833938e-12
1.12413249e-2
-4.95616781e-3
2.72526774e-3
-2.94110812e-13
3.46050619e-5
2.13183797e-5
2.03539628e-6
-3.42162530e-8
3.52771298e-5
2.02389090e-5
6.19622918e-6
-4.71852699e-8
5.53343783e-5
5.46007048e-6
2.07984127e-5
-2.62835736e-7
4.69229721e-5
5.77385951e-6
6.48982819e-6
-2.25930925e-7
3.60686477e-5
1.78355795e-5
9.48296191e-6
-4.43348781e-8
3.59281196e-5
1.36887364e-5
1.10429365e-5
-2.23898120e-8
8.99792025e-5
3.58300589e-6
4.97783351e-5
-2.51990984e-7
7.07235450e-5
4.76711478e-6
3.56415857e-5
-2.76598184e-7
-9.00565102e-5
1.26072923e-6
3.42263062e-5
-6.29967811e-7
-2.06311986e-5
9.21704723e-7
6.89279779e-5
-7.83565187e-7
-4.93455254e-4
2.31035342e-7
-7.73710618e-5
-8.64902969e-7
-5.83041580e-4
3.28246051e-7
-9.58399349e-5
-1.85313298e-7
-1.60179578e-4
1.55306409e-6
3.47803348e-6
-5.17251284e-7
-1.36934521e-4
1.46128261e-6
1.35973891e-5
-5.29582708e-7
-6.28105762e-4
3.86479629e-7
-7.26169895e-5
6.63757321e-8
-6.45268430e-4
4.14064377e-7
-2.43632810e-5
-1.25612687e-7
3.34718690e-5
7.40530885e-6
9.77447326e-6
2.17402815e-8
2.73457095e-5
-1.08391118e-6
4.63426424e-6
8.58411794e-8
1.18021207e-4
-5.70931123e-7
5.99734651e-5
2.93971054e-8
1.08018960e-4
1.80637360e-6
5.97390853e-5
-1.59712289e-7
1.67524241e-5
-1.11223904e-5
-4.82524519e-6
1.56676005e-7
2.01833231e-6
-2.09653701e-5
-1.79958069e-5
2.19519061e-7
8.65544587e-5
-6.04361434e-6
9.87008386e-6
6.67960469e-7
1.12651825e-4
-3.35352916e-6
4.44108143e-5
3.21600258e-7
2.27760002e-4
-1.01693854e-6
1.87550555e-4
-2.56462978e-7
2.58269416e-4
-1.74860511e-6
1.72704942e-4
5.96513548e-7
3.00131142e-4
-5.07214512e-7
3.73522828e-4
-1.62526640e-6
8.93250479e-5
-3.09721987e-7
2.57938070e-4
-2.60472886e-6
6.56023035e-5
4.18650482e-7
1.14935332e-4
-8.79286189e-7
1.55403402e-4
-2.47053391e-7
1.60929806e-4
-7.51765835e-7
-1.43158161e-4
-9.75255694e-8
1.14483344e-4
-2.53782056e-6
-3.46182626e-4
8.85843398e-8
-6.13611252e-6
-1.78236649e-6
-9.81720655e-4
1.54165090e-8
-4.13520769e-4
-1.07689876e-6
-8.20644502e-4
-3.64022626e-8
-3.04107823e-4
-3.87755200e-6
-1.24789115e-3
-1.30262576e-8
-8.35838262e-4
-1.41099879e-6
-1.01959316e-3
1.29299169e-9
-7.16822258e-4
3.15637732e-6
-5.10244222e-4
-9.44966562e-8
-6.88714375e-5
-6.24458210e-6
-9.93437087e-5
-1.47190899e-7
2.46416129e-4
-6.92220445e-6
-8.62586497e-4
-4.25884698e-8
-4.20466604e-4
-1.22298010e-5
-1.20536599e-3
-2.87630458e-8
-7.53009976e-4
-7.30588764e-6
-1.19371503e-3
-8.68505805e-9
-1.07261215e-3
-9.27372584e-7
-1.33796499e-3
-1.22291964e-8
-1.12675598e-3
-1.07429818e-5
-9.78664614e-4
-3.46755755e-9
-1.04295303e-3
1.11428646e-6
-2.34220252e-4
-2.58802847e-9
-4.09734843e-4
1.20859974e-5
1.43928883e-4
-5.77416435e-10
-2.55495551e-4
9.44126461e-6
-6.41277655e-4
-4.48732724e-9
-7.13718352e-4
6.55155174e-6
7.60816308e-4
-1.49231784e-9
3.09998546e-4
1.57215811e-5
1.71226873e-3
-4.42686798e-10
8.33265187e-4
1.20745256e-5
-7.96633933e-4
1.11442582e-7
-6.24199775e-5
2.01493278e-6
-8.54507469e-4
1.00601133e-7
-1.98418278e-4
2.61121160e-6
1.31635832e-4
2.61659899e-8
-1.34294919e-4
5.65417955e-6
3.17854680e-4
3.99880754e-8
-3.72810825e-5
4.87648738e-6
-9.41442643e-4
8.35247425e-8
-3.21605047e-4
2.37776267e-6
-1.00491321e-3
5.56684824e-8
-4.06552947e-4
1.15155942e-6
-6.28885955e-4
1.26049327e-8
-5.01493653e-4
5.51934508e-6
-2.07919310e-4
2.05562303e-8
-2.89338692e-4
6.06325838e-6
1.62036891e-3
4.82208188e-9
2.83394924e-4
5.98501211e-6
9.51643687e-4
2.57029805e-9
1.11273879e-4
8.47359096e-6
2.40532342e-3
4.20000246e-10
1.02605211e-3
4.83392552e-6
2.77816470e-3
1.05308776e-9
9.11858849e-4
-1.63858410e-6
2.29219044e-3
5.35389052e-8
8.91005476e-5
4.18544117e-6
2.07157065e-3
8.97361852e-9
2.55375905e-4
4.21698260e-6
2.90623619e-3
1.17149954e-8
5.97926280e-4
-4.44983812e-6
2.92203108e-3
1.75899880e-7
1.90856044e-4
-2.81410513e-6
-1.72425341e-5
-2.93301613e-5
-3.10617496e-5
2.14235330e-7
-3.20721291e-5
-2.65515382e-5
-3.69506751e-5
6.68472026e-8
-3.61695374e-5
-9.84758727e-6
-8.34322650e-5
8.45741688e-7
3.48790355e-5
-1.14074414e-5
-3.91170920e-5
9.73043034e-7
-3.01156152e-5
-1.30295498e-5
-3.05420668e-5
-1.95366454e-7
-1.47292807e-5
3.07320815e-6
-1.44298168e-5
-3.76434190e-7
-6.58931130e-5
8.35366139e-7
-6.99820076e-5
-8.02554267e-7
-7.58983305e-5
-4.75888055e-6
-9.62922978e-5
5.25689099e-8
-5.53298932e-5
-5.25890974e-6
-1.15619555e-4
2.10470372e-6
-1.18626094e-4
-1.97697199e-6
-1.41525393e-4
2.39806463e-8
-7.13407865e-5
-4.36858257e-6
-1.10199585e-4
3.48181746e-6
1.33470764e-4
-5.22425452e-6
5.40944882e-5
6.18742926e-6
2.21895542e-4
-6.42738711e-6
1.00163042e-4
2.03822625e-6
8.86981867e-5
-7.30059303e-6
-1.58687091e-5
3.02188647e-6
3.64403285e-4
-2.92523616e-6
2.66276332e-4
5.30985204e-6
4.30871466e-4
2.35457907e-6
3.91526447e-4
1.51245382e-6
1.20240884e-6
1.19066996e-5
1.18234454e-6
-3.33568134e-7
7.94394445e-6
1.09268769e-5
8.23128836e-6
-1.35006246e-7
2.09972930e-6
3.44952327e-6
5.30544587e-6
-6.72108283e-7
-2.81474513e-5
3.76786310e-6
-2.62258842e-5
-1.06296308e-6
6.19611502e-6
5.51467475e-6
6.94591400e-6
3.56158479e-8
2.98501602e-7
1.59036542e-6
3.80856151e-6
9.07408588e-8
4.83739826e-6
-4.17047603e-7
1.13936544e-5
4.69403996e-8
1.04174264e-5
1.73413158e-6
1.43074697e-5
-1.39650490e-7
9.42325395e-7
7.36671276e-7
4.98750625e-6
-8.55124633e-7
6.38500074e-6
-2.76373313e-6
1.57724607e-5
-4.09454096e-7
2.14151757e-6
-4.38086292e-6
7.35348958e-6
-1.23342356e-6
-2.60302293e-5
1.13135960e-7
-2.61301220e-5
-1.88656345e-6
-9.12931911e-5
4.15753742e-7
-9.65068928e-5
-1.53192716e-6
-3.36506826e-5
1.10468848e-6
-3.32224095e-5
-1.62755582e-6
-8.50186060e-5
-5.13576669e-7
-9.15600868e-5
-2.15571473e-6
-1.32016312e-4
-2.18620194e-6
-1.46965169e-4
-2.61721539e-7
-7.47252417e-5
-3.06570404e-6
-7.53326824e-5
3.80431917e-6
-1.06281519e-4
-1.71819014e-6
-1.08981856e-4
-8.34632468e-7
-6.17727794e-5
-1.53402442e-6
-3.97772933e-5
2.66877814e-6
8.29371662e-5
-8.16924191e-7
1.24408381e-4
9.02793212e-6
-5.51452615e-5
-5.66858552e-7
-5.88099061e-5
-2.30904637e-6
-9.00429309e-6
-2.14750203e-6
-1.37536258e-5
-1.89857238e-6
-2.03502632e-5
3.31837694e-6
-3.26500842e-5
-1.74627226e-6
-6.16085426e-5
-8.87825686e-7
-5.98964820e-5
-1.23158026e-6
-3.75550631e-5
-5.40595715e-7
-2.14820634e-5
1.08357465e-6
-2.32672877e-5
7.62454498e-6
-3.42474596e-5
-6.72469920e-7
-1.61743258e-5
7.58065399e-6
-1.90155924e-5
7.02987571e-7
-7.85675083e-7
1.70848368e-7
2.80997059e-5
3.24674797e-6
2.36919149e-4
2.97463398e-6
3.04462739e-4
1.14128283e-5
2.68951995e-5
5.93407475e-8
7.89352856e-5
6.49336612e-6
9.85081628e-5
1.70133753e-6
1.57566800e-4
8.02496590e-6
2.77428174e-4
4.90767914e-6
3.11000952e-4
8.44519935e-6
3.35570605e-4
1.51555232e-5
5.22371454e-4
-3.58068945e-6
5.74565915e-4
8.10048209e-6
5.95384582e-4
3.47009897e-6
3.94165661e-4
1.72084499e-5
5.30876973e-4
-6.07256668e-6
-2.50188032e-4
1.78663635e-5
8.85552790e-5
-1.30513412e-5
4.38223030e-4
9.52848147e-7
4.09993763e-4
9.21252793e-6
1.32143730e-4
-2.84079710e-6
1.18838926e-4
8.85632736e-6
3.83060350e-4
3.16929129e-6
4.21352624e-4
1.18662557e-5
5.98766074e-4
1.04417917e-5
6.40433075e-4
5.74016478e-6
4.01069660e-4
1.35008046e-5
4.07801564e-4
-5.89536630e-6
4.74807704e-4
8.50528123e-6
5.09402015e-4
7.96044762e-6
3.26399133e-4
7.78116436e-6
2.59322642e-4
-2.14158237e-6
-4.33301774e-5
5.55894183e-6
-1.91526337e-4
-1.93294896e-5
-9.75453227e-4
1.34775429e-6
-7.58862787e-4
-2.01593983e-5
-1.91050681e-4
1.21772990e-5
-1.10063591e-4
-1.97927998e-5
-7.59559404e-4
-5.21181977e-6
-8.62356006e-4
-2.73447911e-5
-1.21899342e-3
-2.11999650e-5
-1.24615556e-3
-1.63829264e-5
