-2.84039271e-4
-2.84039271e-4
9.96955553e-5
9.96955554e-5
1.08285425e-4
1.08287004e-4
9.96953344e-5
9.96953342e-5
-2.78508828e-22
1.26496011e-6
7.53504891e-7
7.53504840e-7
7.59214599e-7
7.59214650e-7
3.77633064e-4
3.77633064e-4
-2.61036120e-4
-2.61036120e-4
-6.67735450e-4
-7.25963775e-4
5.79240168e-4
6.27673080e-4
-4.81667796e-6
1.63880489e-22
-1.54876926e-5
-1.18560469e-5
7.17055742e-6
7.17055738e-6
2.21973812e-5
1.78431014e-23
-2.04366229e-5
-2.04366229e-5
3.22665143e-5
2.61963415e-5
-3.30825504e-23
-2.36194000e-6
2.32092296e-6
2.47412751e-7
7.84210240e-4
7.84210240e-4
-1.72326349e-4
-1.72326349e-4
-5.56905761e-4
-5.56905761e-4
-1.72338502e-4
-1.72338502e-4
-6.88789424e-4
-6.88789424e-4
3.07374388e-4
3.07374388e-4
7.04018260e-4
7.04018260e-4
-3.57941716e-4
-3.29262021e-4
-1.27648628e-3
-1.27648628e-3
-7.33348056e-4
-7.33348056e-4
1.47707050e-3
1.47707050e-3
5.20796925e-4
5.52865689e-4
-2.23318287e-4
-2.29402685e-4
1.15892708e-4
1.15892708e-4
2.15671911e-4
2.26867290e-4
-2.59754003e-4
-2.86832360e-4
-9.08415740e-6
-9.08415739e-6
-1.07096891e-5
-5.93178435e-22
1.54618925e-5
1.54618925e-5
9.56519792e-5
9.82452412e-5
1.89283191e-4
2.10944763e-4
-1.34136249e-4
-1.38910405e-4
-7.89185275e-5
-7.89185275e-5
1.37969027e-7
1.18945339e-6
-7.08613245e-6
1.50441443e-23
8.59520491e-6
6.55705286e-6
-1.21936972e-5
-9.47061508e-6
-2.71830130e-23
4.67094481e-6
2.44363002e-6
2.98925911e-7
3.16188369e-5
3.16186048e-5
-2.19851506e-5
-2.19851506e-5
1.96814959e-5
1.96808322e-5
-2.19841438e-5
-2.19841438e-5
-3.94685021e-6
-3.94685022e-6
1.55010164e-22
5.78230208e-6
3.56142418e-6
3.56142419e-6
1.14776256e-3
1.14776256e-3
-1.17070814e-3
-1.17070814e-3
9.18328723e-4
9.18328723e-4
-8.83265705e-4
-8.83265705e-4
2.35803211e-4
2.25744819e-4
-4.67562255e-4
-4.67562255e-4
3.85093689e-4
3.85093689e-4
-3.05426231e-5
-2.50226497e-5
1.35525174e-5
1.68189532e-5
-1.26597069e-6
4.11494627e-6
7.08665077e-5
7.25436476e-5
-8.77883509e-5
-8.42540095e-5
1.39556642e-4
1.39556642e-4
-9.82337628e-5
-1.01897622e-4
4.61234704e-5
4.98779792e-5
-1.46585226e-4
-1.46585226e-4
-2.60822891e-3
-2.60822891e-3
7.51651197e-4
7.51651197e-4
-2.36601655e-4
-2.36601655e-4
7.51650527e-4
7.51650527e-4
5.64987762e-4
5.64987762e-4
3.92605267e-4
3.92605267e-4
-9.71251642e-4
-9.71251642e-4
5.50955905e-5
5.50955905e-5
1.08542155e-3
1.08541811e-3
4.82964382e-4
4.82964381e-4
-7.59915741e-4
-7.50921859e-4
-8.66464114e-4
-8.66464114e-4
9.44474167e-5
9.44474168e-5
-1.60516320e-4
-1.60516320e-4
2.34054768e-4
2.34054768e-4
-1.60524760e-4
-1.60524760e-4
-3.09233653e-4
-3.09233653e-4
-1.60740686e-4
-1.60740686e-4
5.24982710e-4
5.24982710e-4
-5.24766021e-5
-5.86092843e-5
-1.93272886e-5
-1.93272886e-5
1.08307231e-4
1.08307231e-4
-4.49248424e-4
-4.49248424e-4
3.49991644e-4
3.49991644e-4
-4.96844905e-4
-4.96844905e-4
5.63565063e-4
5.63565063e-4
8.82708456e-5
8.82708455e-5
-1.22512716e-4
-1.40608021e-4
-2.75552435e-4
-2.75552435e-4
-5.64491765e-4
-5.64491765e-4
8.46039607e-4
8.46039607e-4
-3.39115539e-5
-3.23094607e-5
-1.78584548e-4
-1.78584548e-4
2.48144639e-4
2.48144639e-4
4.13854127e-4
4.13854127e-4
-5.16890162e-4
-5.16890162e-4
-1.46908425e-3
-1.46908424e-3
-2.94745980e-4
-2.94745980e-4
1.35551834e-3
1.35556476e-3
4.19875534e-4
4.33335537e-4
1.86751416e-5
2.89521146e-5
2.28869341e-5
2.28869341e-5
-3.29648438e-4
-3.36270230e-4
3.49066526e-4
3.49066526e-4
5.04339374e-4
5.04339374e-4
1.43762945e-4
1.42726427e-4
-5.13321536e-4
-5.13321745e-4
-5.13815039e-5
-4.83238374e-5
5.30100360e-4
5.76329088e-4
-6.98435106e-4
-6.98435106e-4
-8.18590316e-5
-9.82628698e-5
3.56309287e-4
3.90987641e-4
7.05492290e-5
7.05492290e-5
1.02395798e-4
1.15987576e-4
-2.48970881e-4
-2.48970881e-4
1.01122833e-4
1.02524386e-4
-8.20149039e-5
-7.55514736e-5
9.08582970e-5
9.08582970e-5
-6.59915664e-6
-8.34227562e-6
-5.40289494e-5
-4.81162942e-5
9.95211965e-6
9.95211964e-6
-1.33639833e-6
-3.01401813e-23
4.13556546e-7
4.13556554e-7
-8.10284863e-5
-8.10284863e-5
-4.94417260e-5
-4.83173536e-5
3.05747239e-5
3.01746253e-5
5.84736632e-5
5.84736632e-5
-1.96310847e-5
-1.96310847e-5
-7.69570111e-6
-2.12213168e-23
2.20122756e-5
2.20122738e-5
-5.43371283e-4
-4.99981478e-4
-2.53534940e-4
-2.77027048e-4
1.55075144e-4
1.76666956e-4
5.13116688e-4
5.13116688e-4
-2.43914285e-4
-2.20694995e-4
2.58593713e-4
2.77653283e-4
1.21503850e-4
1.36253239e-4
-9.59539255e-5
-1.06649597e-4
-1.67505248e-4
-1.50042164e-4
-2.80365092e-4
-3.03588736e-4
3.06043059e-4
2.78500769e-4
8.85302899e-5
7.72417804e-5
6.77996995e-5
6.37481467e-5
3.24149261e-5
3.66756370e-5
-1.10206973e-5
-9.40013492e-6
-5.02823829e-5
-5.02823829e-5
1.51082626e-5
1.81202688e-5
5.82605411e-23
-2.02132766e-5
-1.07854069e-5
-1.18664914e-5
2.34126308e-5
2.51587104e-5
4.40881516e-5
4.89426227e-5
-6.16053472e-5
-5.86065215e-5
-2.46730003e-5
-2.79275416e-5
-9.42746436e-6
-7.79096668e-6
5.63784671e-6
-3.40626511e-23
4.46494524e-6
5.19456988e-6
-4.96470382e-6
-5.68586470e-6
-7.12595414e-6
1.02894552e-23
1.13429095e-5
9.51269618e-6
2.87023208e-5
3.21756662e-5
7.03638013e-5
6.61615625e-5
-2.56044365e-5
-2.34134373e-5
-5.40826570e-5
-5.94700823e-5
1.52872971e-5
1.49200770e-5
3.92777201e-23
3.18715826e-5
-3.00382991e-5
-2.63356348e-5
9.30083015e-5
9.30093428e-5
3.29787098e-5
3.29787098e-5
-1.15103314e-4
-1.15102915e-4
3.29734753e-5
3.29734753e-5
6.60370923e-5
6.60370923e-5
-4.49602892e-6
-6.07270399e-6
-1.07956278e-4
-1.07956278e-4
3.40654550e-5
3.30937372e-5
5.92445466e-5
5.52035142e-5
4.01844646e-5
4.01844644e-5
1.49641808e-4
1.30794414e-4
-2.13975698e-4
-2.13975698e-4
-1.72130595e-5
-1.72138294e-5
3.40037862e-7
3.40037824e-7
3.37080338e-6
3.37138171e-6
3.47834103e-7
3.47834175e-7
-2.18884922e-6
-2.18884924e-6
2.55940938e-6
-4.40491159e-22
3.35118318e-6
3.35118315e-6
-7.88307860e-6
-8.05842097e-6
-1.33362429e-5
-1.33362429e-5
-3.41426460e-6
-1.91665449e-6
2.45017504e-5
2.45017504e-5
-1.72105040e-6
-1.72105036e-6
6.31298464e-6
1.51149248e-22
-1.90824441e-6
-1.90824442e-6
-1.07003060e-5
-6.43475035e-6
1.13758963e-4
1.13758963e-4
-3.44601448e-5
-3.44601448e-5
-1.29384958e-4
-1.17611715e-4
-1.38431353e-3
-1.38431353e-3
2.36691861e-3
2.24180465e-3
-1.09393560e-3
-1.09398334e-3
4.80450311e-4
4.80450311e-4
3.92689743e-4
3.92689743e-4
-2.99982058e-4
-2.99982058e-4
3.16817254e-4
3.16817254e-4
-3.90542551e-4
-3.90542551e-4
-7.51843804e-4
-7.51843804e-4
6.52234640e-4
6.52234641e-4
-7.75968029e-4
-7.75968029e-4
8.54760611e-4
8.54760611e-4
6.65138984e-4
6.65138984e-4
-1.79879450e-3
-1.79814801e-3
1.23530736e-3
1.23530761e-3
-1.53737003e-4
-1.53737003e-4
-1.59645981e-4
-1.80147488e-4
6.33715860e-4
6.33712669e-4
-3.72703993e-4
-3.72703992e-4
-9.92021266e-5
-1.11048234e-4
5.26014982e-4
4.98180897e-4
-6.49626805e-4
-6.49626805e-4
7.84268318e-4
7.84268318e-4
-4.39183156e-4
-4.67316124e-4
-9.58457858e-5
-9.83298639e-5
9.85782055e-5
9.85782055e-5
-1.03900477e-4
-1.03900477e-4
3.07896418e-5
2.90624161e-5
-1.23469686e-5
-1.02684971e-5
2.08855726e-5
2.08855862e-5
-3.70385434e-5
-3.70385435e-5
1.55865935e-5
1.50743366e-5
-1.36807756e-4
-1.43467885e-4
7.64083022e-5
7.45418878e-5
-3.25505470e-4
-3.07716194e-4
3.81446504e-4
3.56617535e-4
3.73825591e-6
3.78972835e-6
-6.73273266e-6
-9.82525686e-6
2.91504261e-5
2.92335743e-5
-3.73440003e-5
-4.11917182e-5
2.75689173e-6
1.66787488e-6
-4.94990619e-6
-3.68860620e-6
-5.87092506e-6
-5.77377094e-6
7.64405850e-6
7.72035656e-6
4.36990186e-5
4.54035659e-5
-1.05266382e-5
-1.08674938e-5
5.19051924e-5
5.66007244e-5
-5.27790688e-5
-5.42102903e-5
-7.70344597e-5
-7.70344597e-5
1.64255310e-4
1.51738979e-4
-9.45791074e-5
-8.67806695e-5
6.01050346e-5
6.01050347e-5
-1.86898547e-6
-1.86898551e-6
-1.68112455e-5
-1.59840281e-5
7.66534750e-7
1.00593546e-6
5.81776771e-6
5.81776774e-6
-3.74917035e-5
-3.74917035e-5
3.77388746e-5
3.78930743e-5
-1.87070975e-5
-1.93476455e-5
4.80893047e-5
4.80893047e-5
4.08609540e-4
4.08609540e-4
-2.45124378e-4
-2.37910091e-4
2.76127365e-4
2.92404530e-4
-5.37055337e-4
-5.37055337e-4
3.27147161e-3
3.27147161e-3
3.27147553e-3
3.27147553e-3
9.83870981e-4
5.40615687e-4
-6.57292296e-4
-6.57123153e-4
-2.44498282e-3
-2.44498282e-3
7.14020961e-4
7.14020961e-4
1.48074296e-4
1.48074296e-4
1.48067035e-4
1.48067035e-4
7.33871880e-4
7.33871879e-4
-3.94729543e-4
-3.94729543e-4
-1.26238548e-4
-1.26238549e-4
-3.94227602e-4
-3.94227602e-4
-3.72704829e-4
-3.72704829e-4
6.14044076e-4
6.14044076e-4
9.69968342e-4
9.69968343e-4
-1.06690082e-3
-1.06690082e-3
-2.91418919e-4
-2.91406118e-4
1.20215724e-3
1.23570294e-3
1.07460600e-4
1.07460600e-4
-4.58442671e-4
-4.58442672e-4
-2.52633182e-4
-2.52633182e-4
-2.52645696e-4
-2.52645696e-4
-2.38431888e-5
-2.38431888e-5
2.68765793e-4
2.68765793e-4
6.91792658e-4
6.91792658e-4
-9.17357282e-4
-9.17357282e-4
-7.02148213e-6
-7.02148218e-6
-7.02450723e-6
-7.02450704e-6
-2.57893503e-4
-2.57893503e-4
6.46093238e-5
6.53743684e-5
-3.61017738e-5
-3.61017739e-5
2.12146489e-4
2.12146489e-4
3.55862618e-5
3.55862619e-5
-2.25269484e-4
-2.08226999e-4
-4.98448417e-4
-4.98448417e-4
7.65186247e-4
7.65186247e-4
2.51226730e-4
2.51226730e-4
-5.22431416e-4
-5.22431416e-4
7.96135331e-4
7.96135330e-4
-3.22630803e-4
-3.22630803e-4
9.86748235e-6
9.86748241e-6
-4.38047179e-4
-4.38047178e-4
-3.02846806e-4
-3.02846806e-4
7.52840145e-4
7.52840145e-4
6.39231313e-4
6.39231313e-4
-1.30580735e-3
-1.30580735e-3
5.39761590e-4
5.39761590e-4
-3.21567765e-4
-3.53351406e-4
-8.37094363e-4
-8.37094363e-4
6.05135165e-4
6.05135165e-4
2.71272816e-4
2.71272816e-4
2.31547277e-4
2.43975240e-4
-1.21394253e-4
-1.21394253e-4
-4.53964942e-4
-4.20719437e-4
-7.56834748e-4
-7.56834748e-4
1.05018646e-3
1.05018646e-3
-7.77625019e-4
-7.77625019e-4
3.44282615e-4
3.21380463e-4
-1.02894367e-3
-1.02894367e-3
7.08107207e-4
7.08107207e-4
-2.07193624e-3
-2.06952491e-3
1.80464944e-3
1.80464852e-3
4.14555398e-4
4.14555398e-4
-1.48037880e-4
-1.48037880e-4
6.18972067e-4
6.18972067e-4
5.22981465e-5
5.22981467e-5
-5.28017321e-4
-5.28017321e-4
5.65825828e-4
5.39247389e-4
-2.22056974e-4
-2.22057040e-4
-2.42619797e-4
-2.42793117e-4
-1.18268823e-4
-1.18268823e-4
2.25548484e-4
2.26870484e-4
1.68410397e-3
1.68409170e-3
-1.47306924e-3
-1.47306925e-3
-1.20694096e-4
-1.01991904e-4
-4.74984119e-5
-3.18079414e-5
1.11341475e-3
1.11341475e-3
-6.14952582e-4
-6.14952582e-4
-1.21682133e-4
-1.40710140e-4
-2.05682009e-4
-2.10086548e-4
-6.14000168e-4
-6.14000168e-4
6.90621550e-4
6.90621550e-4
2.00005390e-4
2.04292692e-4
-4.97295533e-5
-5.43550319e-5
4.91225232e-4
4.91225232e-4
-3.75489360e-4
-3.75488540e-4
7.05352695e-5
7.51209866e-5
-2.85483738e-5
-3.02823453e-5
5.30722833e-5
5.30722832e-5
4.39560192e-4
4.39560192e-4
2.70115508e-4
2.63359485e-4
-4.25963826e-4
-4.44985172e-4
-7.21471706e-4
-7.21471706e-4
7.26939714e-4
6.65704465e-4
6.61930487e-4
6.17886474e-4
-3.23242698e-4
-3.51648655e-4
-2.66034215e-4
-2.66034215e-4
-7.57973238e-5
-6.94192970e-5
-5.25069045e-5
-4.56505528e-5
1.80006771e-4
1.75755487e-4
5.23107200e-4
5.23107200e-4
-6.69695654e-4
-6.69695654e-4
2.12227700e-4
1.98187613e-4
2.83652860e-5
2.36734774e-5
6.06863822e-5
6.06863822e-5
-1.40035940e-4
-1.40035940e-4
-7.51751897e-5
-7.55263033e-5
3.42114789e-5
3.31317577e-5
2.41457533e-5
2.41457533e-5
-9.85219307e-5
-9.85219307e-5
1.92533852e-4
1.92533852e-4
-1.84267226e-4
-2.04993760e-4
-1.04357008e-4
-9.95712398e-5
1.73212627e-5
1.52604374e-5
4.03117691e-6
4.03117693e-6
1.90592157e-5
1.66657350e-5
9.30340868e-6
-2.17153995e-22
-2.08084512e-5
-2.08084512e-5
3.26992258e-5
3.26992258e-5
-8.03699916e-6
5.63238709e-22
-3.93443046e-5
-3.93443046e-5
4.17706552e-5
4.17706552e-5
-1.89920361e-4
-1.89920308e-4
1.54333720e-4
1.54333720e-4
-2.52402715e-6
-4.57582210e-6
7.10914069e-6
7.81772616e-6
-2.72193943e-5
-2.53529587e-5
2.33298389e-5
2.34777112e-5
-1.02221555e-5
-2.75619019e-23
-4.16158259e-5
-4.16158259e-5
4.04931153e-5
4.04931189e-5
1.94978546e-22
-4.07505485e-6
-6.58060761e-4
-6.02459163e-4
6.53276755e-4
6.53276755e-4
-2.95398613e-4
-3.29339945e-4
-9.20993908e-5
-9.66149989e-5
2.18158615e-4
2.44206318e-4
2.09622524e-4
2.03943617e-4
8.11519702e-5
9.08984007e-5
1.60778874e-4
1.60778874e-4
2.33989672e-4
2.44244162e-4
-1.64297312e-4
-1.53984867e-4
-2.92910496e-4
-3.18925312e-4
2.93904728e-4
3.20765905e-4
1.62041367e-4
1.45809812e-4
-4.92678943e-7
4.65405468e-6
-1.24179961e-4
-1.39581966e-4
-3.21608271e-5
-3.53238466e-5
-3.39336590e-4
-3.12792309e-4
3.40649390e-4
3.15593483e-4
-3.26945177e-4
-3.46145373e-4
1.98580543e-4
1.83748229e-4
1.21269636e-4
1.36007132e-4
-1.10871741e-4
-1.10871741e-4
4.53342537e-5
4.03217881e-5
9.26838360e-6
8.03688325e-6
-8.80338125e-5
-7.82080341e-5
-5.35449549e-6
-3.61169277e-6
-7.21309532e-6
-6.10054479e-6
-5.00842831e-6
-5.00842828e-6
-1.43812912e-5
-1.36294529e-22
1.84740557e-5
2.13017457e-5
-2.50733784e-5
-2.17751547e-5
4.85800920e-23
-1.71917133e-5
1.29261195e-5
1.51760549e-5
3.33946913e-7
-3.16113542e-7
3.53755015e-5
3.67825807e-5
-5.30437729e-5
-5.35405876e-5
6.93146557e-5
6.51351078e-5
-6.51766939e-5
-7.04027691e-5
-3.20889386e-5
-3.50034139e-5
4.93707385e-6
5.97283283e-6
3.27589596e-5
2.96327857e-5
-1.48110105e-6
-2.45372006e-6
6.78558651e-5
7.25614475e-5
-7.39005833e-5
-7.03798951e-5
-4.20631738e-23
2.37605069e-6
-7.68557596e-6
-8.04037424e-6
6.76263216e-6
7.25516904e-6
4.08644602e-6
-8.15603521e-24
-9.72024686e-24
-4.38774272e-6
-6.85413722e-6
-7.25884221e-6
8.92601898e-6
8.64125579e-6
-5.49170523e-6
-9.77460817e-23
-5.90728523e-7
-1.29650389e-6
-1.56376241e-5
-1.81872930e-5
1.18856426e-4
1.05960007e-4
4.38202600e-6
1.45157994e-6
-2.52890544e-5
-1.96772139e-5
-3.57722349e-5
-3.62065674e-5
8.16493709e-5
7.91638454e-5
-4.90408578e-5
-4.65137898e-5
2.02889126e-5
-7.76683935e-24
3.57008191e-5
3.14953042e-5
-3.27816144e-5
-3.70654601e-5
3.21185680e-5
8.19296746e-23
1.01379266e-4
1.01379266e-4
1.01377198e-4
1.01377198e-4
1.10145230e-4
1.16151534e-4
-1.08571387e-4
-1.13092733e-4
-2.83455644e-4
-2.83455644e-4
3.98065561e-4
3.98065560e-4
-1.75198253e-5
-1.75198252e-5
-1.75240803e-5
-1.75240803e-5
2.17754423e-5
2.30835324e-5
2.36997481e-5
2.34085620e-5
6.17194037e-5
6.17194037e-5
-1.28150552e-4
-1.28150552e-4
-4.94840684e-5
-4.95016127e-5
4.57833699e-5
4.35714549e-5
2.15077797e-4
2.15077797e-4
-3.00235682e-4
-3.00235683e-4
-3.40226813e-5
-4.22133216e-5
1.75875450e-4
1.93948521e-4
-3.92620804e-4
-3.92620804e-4
2.31199705e-4
2.31199705e-4
-7.95382902e-6
-7.95382905e-6
-7.94776602e-6
-7.94776597e-6
-1.74135191e-5
-1.70219197e-5
2.72315645e-6
2.85561404e-6
2.20473034e-5
2.20473034e-5
-3.02837872e-5
-3.02837872e-5
1.27638824e-6
1.27638819e-6
1.28333821e-6
1.28333827e-6
1.59270725e-6
4.32029702e-22
-3.92747796e-6
-3.92747791e-6
6.76947626e-6
6.76947624e-6
4.07027706e-6
-1.48755170e-23
-9.66105539e-6
-9.66105539e-6
1.20590467e-5
1.20590468e-5
-2.53759143e-6
-2.81415239e-6
-1.18632101e-5
-1.31238832e-5
2.78555483e-5
2.78555483e-5
-1.03336039e-5
-1.03336039e-5
1.53678391e-5
1.41434321e-5
-1.42387780e-5
-1.41093666e-5
-2.35538861e-5
-2.35538860e-5
6.85096443e-5
6.85096443e-5
3.51393270e-5
3.03216850e-5
-1.38958564e-4
-1.30580751e-4
6.93000283e-6
2.81770514e-22
-1.29434758e-5
-1.29434757e-5
1.09748712e-5
1.09748712e-5
-4.84543292e-23
2.62606305e-6
-1.95451216e-5
-1.83141639e-5
5.98561134e-5
5.81177115e-5
-7.25762184e-5
-7.14473477e-5
-4.91984931e-5
-3.85223819e-5
-4.37354683e-6
-1.50331953e-5
1.83446821e-4
1.78473795e-4
6.87238416e-5
6.87238416e-5
-4.13377106e-4
-4.13377106e-4
3.43784257e-4
3.43784257e-4
-3.03668297e-4
-3.03668297e-4
2.84720652e-4
3.08819341e-4
-4.72854798e-4
-4.43876361e-4
9.56782839e-3
-2.97370068e-3
-2.72525976e-3
6.28632919e-14
-1.96543935e-3
-1.75212039e-4
-4.07815076e-3
1.92160873e-13
2.51385925e-3
2.42564429e-4
-3.73308683e-3
1.36478197e-13
3.08075865e-3
4.11680620e-3
-2.03676623e-3
1.43274635e-13
7.97194696e-4
-6.68597470e-8
-9.16480052e-4
-5.91047935e-14
1.43882746e-3
-9.90713760e-14
-1.26908564e-5
-5.02141200e-14
1.10142326e-3
5.52942652e-13
3.37451745e-4
-3.04036286e-13
1.60470327e-3
9.25610433e-8
-1.56586370e-3
-1.86714540e-14
1.39706079e-3
2.63933889e-8
-1.78555714e-4
-1.55469954e-13
1.03792531e-4
2.97239851e-13
1.22507135e-3
-1.46310638e-13
-1.36851578e-3
-4.34572749e-14
1.97962271e-3
2.86258007e-13
-5.96709084e-4
7.07693038e-9
1.31763573e-3
3.87776998e-13
4.20370324e-3
1.17388537e-3
-5.94811461e-4
-4.03222576e-13
3.38703575e-3
6.91659559e-5
-1.15365520e-3
-2.14991911e-13
6.40839493e-4
1.85450302e-5
5.15718184e-4
2.83420403e-13
1.37589808e-3
3.14746461e-4
8.95123726e-5
-1.26811759e-14
9.16461469e-4
3.83482778e-14
3.92288665e-4
9.06536868e-14
7.97968924e-5
-1.71457641e-13
4.00290101e-4
2.28945039e-13
-2.75055381e-4
-4.09605318e-14
1.05709241e-3
-1.11088242e-13
3.70614627e-4
2.05275164e-13
1.17245434e-3
-3.43809365e-13
-4.70862435e-4
2.91282766e-13
1.75223032e-4
1.14969184e-13
-5.14548131e-4
9.15050028e-14
-7.56412576e-5
-6.61119285e-14
-4.06027598e-4
2.96472530e-14
-2.95697346e-4
2.86086797e-13
-5.47517568e-4
2.47544591e-13
3.84284840e-4
7.73865553e-14
-5.43581180e-4
2.30240815e-13
2.35367206e-4
2.50009692e-14
-1.39965903e-4
-2.76220009e-13
-6.61183678e-4
1.53191477e-13
2.93604548e-4
-3.20349973e-13
-1.09974144e-3
-2.24194694e-13
-2.48989456e-4
1.63578344e-13
-3.00942729e-4
-4.17892510e-13
-5.69657972e-4
2.51489915e-13
1.78904044e-3
-2.14260549e-13
-7.51740829e-4
-1.42341945e-14
1.29331536e-3
-1.64975555e-13
-9.25501079e-4
-1.23419041e-13
9.30291408e-4
-3.80771768e-13
-1.41293084e-3
9.11781969e-14
1.87430901e-3
-1.96398311e-14
-1.50150762e-3
-1.85659150e-14
1.20076948e-3
-2.20375118e-13
-4.65818685e-4
-2.11077905e-13
4.88777114e-5
-7.29210602e-14
5.53748299e-4
-3.77881090e-13
-9.45872921e-4
-9.54490416e-14
-5.25737388e-4
-1.92121831e-13
9.55472838e-6
-3.44583428e-13
3.85303793e-4
1.35863317e-13
-1.00673405e-3
-8.16047439e-14
7.73977775e-4
-2.90695944e-13
-1.39388449e-3
-1.49660081e-13
1.03901768e-3
-9.48250182e-14
-1.29717732e-3
5.82372529e-13
1.10863027e-3
1.64186125e-13
-1.49066326e-3
2.44145515e-13
1.44925938e-3
-4.85782662e-14
-1.40602833e-3
2.36263865e-14
8.20644082e-4
1.30378759e-13
-7.12060474e-4
-2.71895862e-13
6.87890503e-5
2.21641750e-13
1.86489751e-4
-1.21924114e-13
1.02814379e-3
-1.05967637e-13
-6.96767366e-4
-2.51381790e-13
1.04558842e-3
-1.48937341e-13
-1.06383579e-3
-2.50903631e-14
1.56307134e-3
-3.91696222e-13
-1.50643124e-3
1.54345828e-14
1.81292067e-3
-4.91868843e-13
-1.29077877e-3
-3.48638258e-13
2.14908416e-3
-4.47627732e-14
-1.42160666e-3
-4.74649958e-13
-2.36311427e-3
8.43861457e-5
3.81893201e-4
2.92809802e-13
-2.52640745e-3
4.97207681e-6
1.20553790e-3
3.99802879e-13
-3.68434637e-3
1.33305513e-6
9.91517352e-4
5.19179336e-14
-4.05117973e-3
2.26246299e-5
3.45334278e-4
2.39275339e-13
-2.64865806e-3
1.89732043e-9
1.80304604e-3
2.12232006e-13
-2.32309698e-3
-2.70474661e-13
1.86156811e-3
-5.87404931e-14
-1.80845310e-3
-2.15135465e-13
8.59841882e-4
-9.52440849e-14
-2.93329106e-3
5.08537552e-10
1.21746974e-3
-1.85514630e-14
-1.11849191e-3
1.36258957e-10
1.18654108e-4
5.51343120e-14
4.44672981e-5
-3.94179624e-13
-3.99940302e-4
-4.40587261e-14
1.97763771e-3
-2.71263360e-13
-1.16806104e-3
-2.53770139e-13
1.45811360e-3
3.62362166e-11
-7.50869088e-4
-1.02453590e-14
-2.65574731e-3
6.06588786e-6
1.23318179e-4
2.89908683e-13
-2.10020704e-3
3.57405255e-7
2.84275630e-4
2.55535843e-13
8.73035390e-4
9.58327111e-8
-3.70329720e-4
-2.30976130e-14
4.97005980e-4
1.62646769e-6
-9.85191839e-5
1.00546567e-13
2.80705835e-3
4.36790532e-7
-1.85988967e-4
-2.81391827e-6
2.83323790e-3
2.57362294e-8
-5.90217299e-4
-4.44958876e-6
2.30493128e-3
6.82287643e-9
-2.62669759e-4
4.21721859e-6
2.51537841e-3
1.15800914e-7
-9.63480296e-5
4.18565206e-6
2.77727348e-3
9.60260942e-12
-9.09011389e-4
-1.63849423e-6
2.48609454e-3
2.53629477e-13
-1.03441359e-3
4.83379217e-6
1.19392045e-3
3.86644531e-13
-1.25936331e-4
8.47347056e-6
1.86483220e-3
2.57799338e-12
-2.93746516e-4
5.98507271e-6
-1.59389423e-5
6.65244177e-13
2.78850745e-4
6.06326138e-6
-4.87335668e-4
2.72734789e-13
4.91943681e-4
5.51923823e-6
-1.03737886e-3
1.37389517e-13
4.04550340e-4
1.15141991e-6
-9.38465748e-4
1.98051761e-13
3.17487976e-4
2.37757075e-6
5.57333466e-4
3.01808661e-8
2.88463594e-5
4.87683623e-6
3.55885491e-4
1.77807282e-9
1.24517713e-4
5.65442009e-6
-8.23825918e-4
4.57313708e-10
1.93913656e-4
2.61138719e-6
-7.50964976e-4
7.76315609e-9
5.89557990e-5
2.01554110e-6
1.85920378e-3
1.68019483e-13
-8.54172513e-4
1.20742831e-5
9.36936666e-4
-2.52668754e-13
-3.37230536e-4
1.57214006e-5
-4.85162990e-4
3.64523976e-13
7.02379863e-4
6.55146703e-6
3.58100934e-4
2.36088576e-13
2.39153967e-4
9.44110326e-6
-7.54125311e-5
1.10119327e-13
3.88793554e-4
1.20859680e-5
-8.76453939e-4
1.81875139e-13
1.04101265e-3
1.11436632e-6
-1.34310674e-3
1.27951365e-13
1.14537235e-3
-1.07430329e-5
-1.11714123e-3
5.47317460e-14
1.07422762e-3
-9.27388682e-7
-1.26331374e-3
-4.35393225e-14
7.65692783e-4
-7.30577981e-6
-9.58592517e-4
3.75812480e-14
4.41682062e-4
-1.22298810e-5
-1.84171367e-4
-2.42993358e-14
-2.34359179e-4
-6.92208790e-6
-6.10743292e-4
-5.90594149e-14
7.97402089e-5
-6.24415884e-6
-9.43642648e-4
1.78683782e-13
7.11365931e-4
3.15635926e-6
-1.24335626e-3
4.30264672e-13
8.38300762e-4
-1.41087906e-6
-9.14052768e-4
2.15594713e-13
3.10849846e-4
-3.87709715e-6
-1.04952888e-3
1.06634427e-13
4.15386758e-4
-1.07671640e-6
-4.26458111e-4
4.08994918e-14
9.18384928e-6
-1.78200158e-6
-2.12155425e-4
7.51083097e-14
-1.10081024e-4
-2.53698760e-6
1.46154556e-4
2.14979356e-14
-1.59736540e-4
-7.50601607e-7
4.20216623e-5
6.15111243e-15
-1.13585135e-4
-8.79535138e-7
4.22130263e-5
-3.90439144e-14
-2.53369183e-4
-2.60382216e-6
2.82675890e-4
-3.67636653e-14
-3.70615975e-4
-1.62458301e-6
2.78846603e-4
-1.69506557e-14
-1.73737956e-4
5.98006776e-7
2.34316405e-4
-2.39168466e-14
-1.87164269e-4
-2.55211043e-7
1.26968105e-4
6.68762783e-15
-4.54282777e-5
3.23297043e-7
9.92301278e-5
9.19626128e-15
-1.15454909e-5
6.68660304e-7
-1.27708620e-5
7.08885636e-15
1.18632782e-5
2.64512665e-6
1.36662001e-5
8.15546387e-15
-7.77303120e-7
4.55792478e-6
1.18275073e-4
2.10177129e-15
-5.99591952e-5
-1.63209989e-7
1.31257610e-4
1.14363672e-14
-6.04839480e-5
2.85824296e-8
3.48481300e-5
-2.56001439e-15
-8.92486190e-6
4.76658037e-6
4.90828359e-5
-3.82445670e-14
-1.23569708e-5
3.87872453e-6
-7.13043504e-4
1.97968228e-9
2.46308255e-5
-1.24779687e-7
-6.99858531e-4
1.16628515e-10
7.25103083e-5
6.62947187e-8
-1.83001985e-4
2.96022097e-11
-1.27064633e-5
-5.30150927e-7
-2.08012603e-4
5.02363366e-10
-2.50642975e-6
-5.16758255e-7
-6.60735501e-4
4.55130254e-14
9.61179442e-5
-1.86033427e-7
-5.75435614e-4
6.85545807e-14
7.88074720e-5
-8.65340462e-7
-5.52477392e-5
2.88793518e-15
-6.77752278e-5
-7.85175024e-7
-1.31995584e-4
-9.52313047e-15
-3.32821688e-5
-6.31539921e-7
7.37499588e-5
-7.27164737e-15
-3.54310169e-5
-2.79026920e-7
9.64968816e-5
2.68146459e-15
-4.97771618e-5
-2.55572951e-7
5.69559729e-5
7.13169246e-15
-1.20198863e-5
2.50105995e-6
6.02656957e-5
3.17313681e-15
-9.20932659e-6
1.02932652e-6
4.60036737e-5
1.26478280e-10
-6.02603642e-6
-2.26940860e-7
5.57703828e-5
7.46977386e-12
-2.04172193e-5
-2.64334030e-7
6.10646545e-5
1.68676511e-12
-5.04592384e-6
-3.57314872e-7
6.10082159e-5
2.90718138e-11
-3.09131445e-7
-1.60673152e-6
-1.22348984e-3
7.70262564e-6
1.27452140e-3
-1.63828158e-5
-8.23815622e-4
1.51690543e-5
9.09709100e-4
-2.73446976e-5
-2.85458799e-4
2.16230511e-5
1.44340650e-4
-1.97930783e-5
-1.06907577e-3
2.66344390e-5
7.93784524e-4
-2.01595900e-5
-1.07194214e-4
1.24399034e-5
2.24997119e-4
-1.93293997e-5
2.96501940e-4
5.76190411e-6
-2.55620201e-4
-2.14146299e-6
4.74994908e-4
7.78218384e-7
-5.23211589e-4
7.96053451e-6
3.54646769e-4
1.00067466e-5
-3.97606459e-4
-5.89551344e-6
6.06768796e-4
-1.22716630e-6
-6.50388563e-4
5.73970698e-6
4.16462702e-4
-6.14050866e-6
-4.41931696e-4
1.18661458e-5
1.71024894e-4
-8.56648158e-6
-1.34177409e-4
8.85578940e-6
4.85488368e-4
-1.05846902e-5
-4.25928141e-4
9.21174254e-6
-3.55750404e-4
2.53675085e-5
-6.59243615e-5
-1.30517627e-5
3.43335418e-4
1.11338249e-5
-5.20351881e-4
-6.07320293e-6
5.94568394e-4
-5.61998165e-6
-6.01348773e-4
3.46928872e-6
2.98647894e-4
6.50176670e-6
-5.16105142e-4
-3.58109435e-6
2.75821139e-4
9.31100338e-7
-3.25631114e-4
8.44530681e-6
1.05676498e-4
-6.87843827e-7
-1.71464232e-4
8.02498405e-6
4.00958025e-5
-2.07982437e-6
-9.01957831e-5
6.49364624e-6
2.54533273e-4
-2.56608436e-6
-3.24250489e-4
1.14130704e-5
4.06889722e-6
-5.80845895e-7
-3.37179410e-5
3.24676401e-6
-6.35634663e-6
-2.51143925e-6
1.78048931e-5
7.02576972e-7
-1.72922738e-5
1.48450832e-6
3.54078962e-5
-6.72304348e-7
-3.27170586e-5
-8.44189694e-7
1.96004483e-5
1.08383220e-6
-6.04238368e-5
-5.01418455e-7
6.20142534e-5
-1.23116928e-6
-2.34724046e-5
6.52104380e-6
3.56635013e-5
-1.74555950e-6
-1.94045620e-5
8.52499584e-6
1.70229844e-5
-1.89791072e-6
-5.85059012e-5
2.36796172e-7
6.27867503e-5
-2.30879863e-6
1.09498954e-4
-5.01196761e-6
-1.40074254e-4
9.02810971e-6
-5.11957649e-5
-2.23376268e-6
3.51305793e-5
2.66911616e-6
-1.05560339e-4
-8.58084802e-7
1.10406352e-4
-8.34620717e-7
-5.84179966e-5
-4.05365630e-6
6.87301801e-5
3.80406498e-6
-1.33494402e-4
-7.55131861e-7
1.47466871e-4
-2.62663916e-7
-9.20811802e-5
8.23602345e-7
9.53071973e-5
-2.15650881e-6
-4.02264739e-5
1.42150647e-6
3.61711321e-5
-1.62907627e-6
-1.00935449e-4
1.72711428e-6
9.93442684e-5
-1.53273932e-6
-3.08116249e-5
7.40911260e-7
2.93784613e-5
-1.88715834e-6
-7.60524598e-6
5.60761617e-6
-5.25201086e-6
-1.23391524e-6
3.02751043e-6
6.63193754e-7
-1.51108828e-5
-4.13138622e-7
-1.46341663e-6
6.43962624e-7
-3.47290245e-6
-8.57699205e-7
1.18279874e-5
2.23979583e-7
-1.38197282e-5
-1.44426651e-7
6.49430101e-6
-2.09894802e-6
-1.14502793e-5
3.60776521e-8
4.84741301e-6
-1.87255582e-6
-4.99357257e-6
1.95704056e-6
1.18660725e-5
1.84410300e-8
-8.15079802e-6
2.96022690e-6
-3.30726896e-5
2.00928502e-6
2.84174168e-5
-1.05898670e-6
1.94239547e-6
9.43516822e-7
-3.74255488e-6
-6.70928736e-7
1.74910291e-5
5.35851101e-7
-6.55932652e-6
8.01197811e-7
8.68442576e-6
1.54136307e-6
4.72188547e-6
-5.24804215e-6
4.58862716e-4
-9.64655262e-6
-3.94036796e-4
1.51261653e-6
4.13339586e-4
-1.30473195e-5
-2.75358506e-4
5.30946938e-6
1.17174682e-4
-8.63099710e-6
1.07708425e-5
3.02334332e-6
2.57717304e-4
-1.13176210e-5
-1.03626471e-4
2.03988396e-6
1.74065580e-4
-1.03464565e-5
-6.47089768e-5
6.18666559e-6
-5.43171983e-5
-4.93666456e-6
1.04248672e-4
3.48089360e-6
-1.23582383e-4
1.89890160e-7
1.41688554e-4
2.35968855e-8
-4.49931840e-5
-3.78667277e-6
1.12168092e-4
2.10545932e-6
-8.64745392e-5
1.43107771e-6
9.61984262e-5
5.60113116e-8
-7.61990488e-5
2.54143286e-6
7.15223994e-5
-7.98784539e-7
-1.88922768e-5
2.52751066e-6
2.26265167e-5
-1.15201418e-5
-5.03077270e-5
2.62546971e-6
3.65045889e-5
-1.29773518e-5
4.32035524e-5
-4.84140996e-6
3.70176611e-5
9.76696292e-7
-3.91079837e-5
-1.46878032e-6
8.18007092e-5
8.51882265e-7
-6.15080952e-5
1.35862460e-6
3.76351590e-5
-8.56161541e-6
-4.24866541e-5
-8.22602644e-7
2.67586796e-5
-1.92783012e-6
-1.68663301e-4
3.01370753e-7
-1.89649708e-4
1.66885967e-13
1.90342589e-4
2.37351398e-6
-1.34446059e-4
3.15683217e-13
2.50151924e-4
9.90513916e-7
-3.63269823e-4
-1.86562366e-13
-2.39717007e-5
1.92013826e-6
-5.62427017e-4
1.12080762e-13
2.12234470e-4
1.78695550e-6
-2.02038460e-5
1.15343484e-13
5.16001840e-5
5.17220931e-7
3.68010656e-5
-1.40300051e-14
1.94716895e-5
-2.38544538e-7
1.20136594e-4
-8.38656136e-14
1.92397770e-4
1.03903937e-7
-2.98707294e-5
-1.55415847e-13
1.29082979e-4
-1.90003718e-6
4.33325669e-5
-1.06340671e-13
-4.58998197e-5
-1.04566099e-6
2.25153800e-4
-8.82841630e-14
-1.34338244e-4
-1.43670915e-6
3.43202137e-4
9.88407887e-14
-4.15861392e-6
-3.79869942e-6
2.21569909e-4
2.52510075e-13
2.36832308e-4
2.69637493e-6
-8.85555881e-4
-4.82976929e-14
3.21708640e-4
-1.10184812e-6
-4.70101242e-4
-8.91516261e-14
3.15782280e-4
-4.45659448e-6
-3.80811060e-4
3.79175645e-13
5.14847879e-4
1.08922459e-7
-1.05386602e-3
2.45749726e-13
-4.02894087e-5
-1.14664544e-7
2.98241692e-5
-7.39058200e-15
-3.23727108e-5
-1.54286066e-7
8.10946962e-6
1.65956755e-14
-3.17679233e-5
-6.89978087e-8
2.17069729e-5
-1.14176313e-14
-5.26604837e-5
-1.92270085e-7
8.80473692e-5
-9.62785806e-14
-5.83576538e-6
-5.19773026e-8
-1.42208170e-6
-1.07222636e-14
1.50726401e-6
-2.03792853e-7
-1.97451963e-6
4.19922834e-15
1.93889679e-6
-3.75928157e-8
-5.96759731e-6
4.92299934e-15
-3.67519516e-6
-7.36753371e-9
-5.24385791e-6
2.39672044e-14
1.25204980e-6
4.83986610e-8
-1.17780332e-5
-3.00986480e-15
3.11256122e-6
-7.72407210e-8
-9.93469013e-6
1.86133132e-14
4.89871739e-6
-3.95874829e-7
-1.34820446e-5
-2.06704501e-14
9.36570318e-6
1.12890464e-7
-2.21201856e-5
-5.84204585e-15
-7.24477699e-5
-2.34161097e-7
1.39141028e-4
-1.12128200e-13
-2.77504874e-5
4.66525060e-8
2.71084730e-5
-3.06963938e-14
-1.56099880e-5
2.38558807e-7
1.82830636e-5
3.36315045e-14
-8.71059442e-5
-2.68729198e-8
1.70462334e-4
7.17188917e-14
-7.84081481e-5
5.69160380e-7
1.63282320e-4
-5.83353718e-14
9.04415696e-6
5.02648037e-7
-9.50706303e-6
1.01190880e-14
4.64262311e-5
7.45696518e-7
-5.60856452e-5
-3.89773754e-15
-2.86880163e-5
1.48779228e-6
1.00415081e-4
-8.43099894e-14
2.00737893e-5
1.66671481e-7
-3.58994418e-5
-8.72725071e-15
6.86390303e-6
-1.07010187e-6
-1.56912864e-5
5.65110090e-15
8.07845516e-6
-2.07011364e-6
-1.50914181e-5
-3.22712718e-14
3.06613044e-5
1.67941452e-7
-5.03429645e-5
-3.22067339e-14
3.57905176e-5
6.45808677e-8
-5.98854357e-5
1.51097035e-14
7.12734436e-6
-3.12100131e-6
-9.99084193e-6
1.93075118e-14
2.52641097e-6
-3.63403013e-6
6.88546154e-7
7.40256616e-15
2.86274308e-5
-1.70380814e-7
-5.72292572e-5
1.20840244e-14
6.69816111e-5
2.36395689e-6
-2.07094338e-5
8.74840633e-14
8.83579875e-5
7.88751994e-7
-1.12350340e-4
2.44001588e-14
1.16638971e-4
4.56244228e-7
-1.58876963e-4
1.60709113e-14
1.87436251e-4
2.63086021e-6
-1.75633764e-4
7.29639990e-14
6.49161719e-4
-6.33082119e-6
-9.35465283e-4
-1.57706572e-13
1.46976486e-4
-8.20321457e-6
-6.57077647e-5
-3.67472717e-14
-2.02880435e-4
-9.87435704e-6
4.12903453e-4
-1.44051208e-13
4.77615420e-4
-1.37865150e-5
-4.67012026e-4
4.21293590e-13
-2.07120590e-4
-4.62802457e-6
4.75890987e-4
-5.78158367e-14
-2.17078184e-4
-8.97842530e-7
4.38914249e-4
-9.24392418e-14
-2.45834904e-4
8.65586231e-7
4.57520376e-4
-2.12601243e-13
-4.25015581e-4
-3.15784553e-6
7.17542659e-4
-2.57523533e-13
-5.48210139e-4
1.19768092e-6
8.19658177e-4
1.97462622e-13
-1.69913028e-4
3.53620067e-6
3.49131815e-4
1.59450104e-13
2.92777080e-5
6.00842896e-6
1.03908770e-4
1.83595356e-13
-4.57681067e-4
7.34149195e-6
6.75366221e-4
1.77124717e-13
-4.46655119e-5
-1.68339133e-5
2.51217111e-4
-1.51227735e-13
-6.30876520e-4
-6.70190459e-6
8.83575482e-4
1.27017972e-13
-9.19915234e-4
1.93989549e-6
1.11677137e-3
1.28643438e-13
-7.44094502e-4
-1.09571500e-5
9.42675896e-4
2.91222894e-14
