3.02152241e-6
4.89698110e-23
-1.40611267e-6
-2.16331500e-6
8.02968616e-24
-1.62001187e-5
-1.42497746e-5
-1.33932627e-5
-1.07793248e-22
3.85258086e-5
-4.35792194e-22
-3.32798003e-5
-1.06924032e-7
1.32159483e-7
3.32392134e-22
3.33315029e-5
8.21444090e-6
7.89511722e-6
-4.36687045e-6
1.70473973e-5
-1.89461214e-5
-1.14686125e-6
2.14944726e-4
2.31236680e-4
-3.20234864e-4
-3.50446025e-4
7.69321466e-4
7.69322078e-4
-6.67418589e-4
-6.67422956e-4
-1.66000364e-5
1.65407359e-5
1.57377939e-3
1.57376572e-3
2.96481548e-8
2.96483319e-8
-1.57377911e-3
-1.57376231e-3
-1.93792480e-6
-1.93839310e-6
2.27490255e-7
6.59827307e-7
2.42025009e-7
6.67291692e-7
-2.00219439e-5
-2.00219440e-5
-8.69739561e-5
-8.69739765e-5
2.02364150e-4
2.02366811e-4
-8.69666805e-5
-8.69667021e-5
-5.53288556e-10
-5.53245333e-10
3.23777138e-3
3.23777138e-3
-2.06190036e-9
-2.06185562e-9
-3.23776914e-3
-3.23776914e-3
-1.82862202e-23
2.06360116e-5
1.36957507e-5
1.31464597e-5
8.75489819e-23
-3.85811685e-5
-1.34226607e-6
-8.75386157e-6
1.89610474e-4
2.08932804e-4
2.89427943e-4
2.66284765e-4
-3.48496107e-4
-3.48684115e-4
-2.28766943e-4
-2.46454991e-4
-1.44967385e-4
-1.30946588e-4
4.87033613e-5
5.68079924e-5
2.20008678e-4
2.20810334e-4
-7.59942327e-6
-7.78205014e-6
-1.45327900e-6
-1.53742405e-5
7.48249077e-6
1.91855439e-5
-5.10936828e-5
1.01679753e-22
-7.95090222e-6
-8.12516074e-6
-2.92561391e-22
4.59670817e-5
-2.40173235e-6
2.46060594e-6
-1.44350866e-4
-1.44588397e-4
-3.99599730e-6
3.96269585e-6
1.44329005e-4
1.44568982e-4
-3.34045509e-4
-3.34043760e-4
3.90354193e-4
4.05074341e-4
-2.64432006e-4
-2.64433744e-4
1.99090547e-4
1.99090525e-4
-1.32245686e-8
-1.32245161e-8
-2.66920994e-3
-2.66903313e-3
8.67428854e-9
8.67406911e-9
2.66903707e-3
2.66921386e-3
-4.18319879e-4
-4.18319878e-4
3.08702413e-4
3.08702413e-4
-2.60399931e-4
-2.60399931e-4
3.08705616e-4
3.08705617e-4
-3.04176858e-4
-3.04176855e-4
2.84431593e-4
2.84429898e-4
2.91561171e-5
2.91552346e-5
-2.88599784e-5
-2.16620637e-5
6.15578610e-5
6.15547901e-5
5.22586516e-6
5.21505144e-6
-3.10559883e-5
-3.10585642e-5
5.21974795e-6
5.23027672e-6
-4.39363527e-9
-1.44188840e-7
7.79599511e-6
5.03666885e-6
-4.35942711e-6
-4.41720999e-6
6.73397486e-5
7.57448743e-5
-8.34643434e-5
-7.56940005e-5
1.74203210e-4
1.61536375e-4
-1.53616893e-4
-1.67504004e-4
-1.38599422e-4
-1.40553394e-4
2.39243530e-4
2.39560796e-4
-1.11318842e-4
-1.11019858e-4
1.03295590e-4
9.85801116e-5
-5.92890571e-4
-5.92890579e-4
1.87398764e-4
1.87398755e-4
5.10624225e-4
5.10624216e-4
-5.62017322e-5
-5.62017368e-5
-9.66623655e-5
-9.64683706e-5
2.96328485e-5
3.08701938e-5
3.84091687e-5
3.12991835e-5
3.79848643e-5
3.79227720e-5
2.59278602e-23
-5.97839763e-6
2.65937547e-6
1.66360269e-6
-1.97217606e-6
2.13526912e-25
-2.81088183e-5
-2.76077903e-5
2.43763711e-5
2.36530470e-5
5.48003479e-6
7.80955671e-6
2.34029354e-7
5.57227520e-6
6.69954740e-6
4.10617488e-6
-2.55526390e-5
-1.81121985e-5
1.79045026e-5
1.80166801e-5
2.06333858e-6
-8.16292528e-6
-2.30272933e-6
-1.80294395e-6
3.14199060e-6
1.97379328e-6
-2.63291317e-6
5.06877677e-6
3.91761788e-5
7.21124615e-23
5.35324401e-6
4.80353290e-6
-8.10690802e-23
-1.69287605e-5
5.73046268e-5
5.51028790e-5
-8.76690308e-5
-7.79843469e-5
-9.01400427e-5
-8.90840814e-5
4.52034565e-5
4.24375608e-5
2.61088977e-5
2.71074954e-5
1.78592312e-4
1.86620877e-4
-1.77033459e-4
-1.65986470e-4
-9.80723236e-5
-9.98942211e-5
-4.84661924e-4
-5.17965682e-4
5.40458824e-4
4.95216131e-4
3.38507904e-4
3.18306983e-4
-1.94561330e-4
-1.94572773e-4
-1.72624892e-4
-1.68446777e-4
-4.58480738e-4
-5.03123141e-4
3.50153914e-4
3.70553827e-4
2.09220364e-4
2.09281250e-4
2.93414120e-5
3.62707511e-5
1.66147693e-4
1.54029928e-4
-3.15703062e-5
-3.08226084e-5
-1.24539307e-4
-1.27835985e-4
3.10469520e-5
3.24918699e-5
4.93125489e-5
4.45025698e-5
-3.14241959e-5
-3.08128733e-5
-1.37514054e-5
-2.39814681e-5
1.23882782e-6
1.71552295e-6
-1.05415707e-5
-1.12668788e-5
-5.16099537e-6
9.91847503e-6
-4.98712516e-5
-2.14219580e-22
-1.46159625e-5
-1.48299046e-5
-5.56602737e-22
5.33241551e-5
4.51541043e-6
5.53322287e-6
7.63316746e-5
7.22923161e-5
5.15264467e-5
4.90796993e-5
-9.79331706e-5
-9.42250590e-5
-3.43859250e-4
-3.44173576e-4
-1.54701987e-4
-1.63817943e-4
3.89063700e-4
3.89338466e-4
3.06192734e-4
2.95531902e-4
-4.02983794e-5
3.18599536e-22
-2.66862947e-6
-2.41323557e-6
3.57425743e-5
-4.48940597e-22
1.96275443e-7
-2.05464504e-7
1.14602152e-4
1.17407702e-4
-4.78977711e-7
4.37289765e-7
-1.14605550e-4
-1.17415242e-4
9.75237872e-5
9.77748440e-5
-5.92609231e-5
-6.26628097e-5
-8.38471811e-6
-8.65816158e-6
-1.04743461e-5
-1.91407180e-5
-5.83607210e-7
5.76041343e-7
-1.12902704e-3
-1.12903772e-3
9.09001861e-6
-9.04842580e-6
1.12900874e-3
1.12903803e-3
-1.34541376e-3
-1.34541447e-3
-7.21206864e-6
1.59477937e-5
9.10845925e-4
9.10847612e-4
4.13719495e-4
4.13719493e-4
1.13538808e-3
1.13541162e-3
1.97322235e-4
2.14548245e-4
-5.27083030e-4
-5.52111258e-4
-9.64406377e-4
-9.64430546e-4
7.25810595e-4
7.25812180e-4
7.13246356e-4
7.64469368e-4
-9.10677118e-4
-9.10675897e-4
-5.71141742e-4
-5.71142055e-4
-7.50824449e-4
-7.50824468e-4
1.17565834e-3
1.17565821e-3
9.27691723e-4
9.27691737e-4
-1.37624754e-3
-1.37624741e-3
-5.46286207e-4
-5.46286215e-4
-8.46877708e-4
-8.46877586e-4
5.47375090e-4
5.47375096e-4
8.82449586e-4
8.82449650e-4
3.20798047e-4
3.20798091e-4
7.81257780e-4
7.81261549e-4
-6.11098803e-4
-6.11096064e-4
-5.35155248e-4
-4.98165729e-4
-2.49275082e-8
-2.49273239e-8
8.86642032e-4
8.86617483e-4
1.89331862e-8
1.89332208e-8
-8.86611985e-4
-8.86636308e-4
2.19009579e-3
2.19008537e-3
3.38531516e-4
3.38531516e-4
-1.38701321e-3
-1.38701322e-3
-1.10619376e-3
-1.10619376e-3
-5.38515546e-9
-5.38506221e-9
-2.26648935e-4
-2.26706946e-4
2.89073350e-9
2.89070972e-9
2.26650873e-4
2.26708886e-4
-2.54428974e-3
-2.54428974e-3
5.29509547e-4
5.29509547e-4
1.46867666e-3
1.46867666e-3
5.29505373e-4
5.29505373e-4
6.23719398e-4
6.23719397e-4
6.07902366e-4
6.07902364e-4
-7.09675292e-4
-7.09675293e-4
-5.17729919e-4
-5.17729920e-4
4.48063252e-4
4.48063252e-4
-1.19261183e-4
-1.19261181e-4
-2.69545650e-4
-2.69545650e-4
-1.19254265e-4
-1.19254263e-4
-2.05236403e-4
-2.05236402e-4
-2.06886115e-4
-2.06886487e-4
2.12757793e-4
2.12757909e-4
1.99381667e-4
2.18161773e-4
-2.16979233e-4
-2.16364561e-4
9.46018294e-5
9.88406128e-5
1.64634390e-4
1.65023370e-4
-1.27534387e-4
-1.26720988e-4
-2.59613972e-5
-2.67423645e-5
-2.67694798e-5
-2.48628063e-5
7.99230250e-6
7.36421004e-6
2.47765490e-5
2.50834602e-5
4.01453550e-6
4.08674274e-6
1.64516620e-5
3.82613478e-6
-4.98714249e-6
-1.21187088e-5
2.21019483e-4
2.10328923e-4
4.29604603e-4
4.29585469e-4
-1.71566816e-4
-1.58102253e-4
-4.12036819e-4
-4.12028349e-4
-1.44001947e-4
-1.43998777e-4
6.29021707e-5
6.29018958e-5
-6.23612348e-6
-6.23281533e-6
6.29111456e-5
6.29108902e-5
7.32649426e-5
6.90142970e-5
-2.20027322e-6
-2.20525169e-6
-9.82835175e-6
-9.80581731e-6
-2.02591497e-5
-1.83837579e-5
-8.26831070e-7
-8.24880641e-7
-4.22229933e-6
-4.01364989e-6
6.83112740e-6
6.82982668e-6
-4.21651085e-6
-4.01177106e-6
-1.62906152e-6
-1.69854263e-6
3.26442894e-6
2.18546857e-6
-1.98644200e-6
-9.06237283e-7
-1.13240113e-5
-1.03890884e-5
1.21860123e-5
1.06603550e-5
-2.39878706e-5
-2.25130341e-5
2.36839964e-5
2.13623693e-5
1.90872149e-5
2.19742117e-5
-4.61980341e-5
-5.65577403e-5
8.20059366e-5
9.44431673e-5
-1.08738264e-4
-1.01783821e-4
-1.82656620e-4
-2.06200785e-4
2.28550244e-4
2.55407733e-4
-5.45086729e-4
-4.99818010e-4
4.61468165e-4
5.05147823e-4
4.36544148e-5
3.60607605e-5
-2.52111923e-5
-2.75418499e-5
8.67080460e-5
8.22851620e-5
-6.00002366e-5
-5.89165964e-5
3.28343153e-5
3.31514040e-5
1.92113011e-6
-1.83082699e-6
-3.95688694e-5
-4.36928138e-5
9.28672569e-6
5.79353907e-6
-4.59723075e-6
-3.92696397e-6
1.09986049e-4
1.06673311e-4
-1.15505711e-4
-1.12520551e-4
3.58315614e-5
3.57583304e-5
2.02247034e-4
2.10570757e-4
-1.18140646e-3
-1.18138433e-3
1.15904531e-3
1.15902509e-3
-2.82384022e-4
-2.86944699e-4
-1.41810593e-4
-1.43990737e-4
-2.28637183e-4
-2.28618213e-4
6.48529756e-4
6.48552757e-4
-3.74590694e-4
-3.45225771e-4
6.78939885e-5
6.78942594e-5
1.39847385e-4
1.39847472e-4
-7.10884582e-4
-7.10884468e-4
4.93551127e-4
4.93551324e-4
-5.89209331e-4
-5.89209330e-4
1.29760789e-3
1.29760801e-3
-1.06989722e-3
-1.06989878e-3
3.29140119e-4
3.29140120e-4
1.54110770e-3
1.54110770e-3
-5.47556979e-4
-5.47556980e-4
3.69143198e-4
3.69146616e-4
-1.34054488e-3
-1.34054488e-3
-6.75170289e-4
-6.75170316e-4
2.52010579e-5
2.52010575e-5
2.60698682e-4
2.60698682e-4
3.84316691e-4
3.84316683e-4
-5.16512831e-7
-7.98478315e-6
-4.58396776e-6
-5.40258466e-6
-2.81079230e-5
-2.54556467e-5
1.73166882e-5
2.17273864e-5
9.28234201e-5
9.27738297e-5
-2.46201193e-5
-1.26334385e-5
3.15562571e-4
3.45247847e-4
-3.25200679e-4
-3.25166858e-4
3.16693841e-4
3.16696216e-4
-7.30488638e-5
-6.98126290e-5
-5.48623568e-5
-4.91585670e-5
-1.91073862e-4
-1.91073798e-4
-1.94097418e-5
-1.98291996e-5
7.89020099e-6
8.08540439e-6
-8.34191936e-6
-8.14913207e-6
1.19693813e-5
1.24700676e-5
-1.05027778e-23
-2.30098536e-6
-6.05842420e-8
2.24594417e-6
-8.60291658e-6
-9.38008901e-6
-6.01940663e-7
-2.11481372e-23
1.41181716e-5
8.21957705e-23
2.01596332e-7
1.17156146e-6
8.49845765e-6
7.75454399e-6
2.11649114e-5
1.70653249e-5
-1.56291235e-5
-2.56990819e-5
-2.48167714e-5
-2.35127918e-5
2.99517541e-5
2.97469262e-5
-8.94262965e-6
-5.54344581e-6
7.40719426e-5
8.36061798e-5
3.23252030e-6
-1.42025507e-6
-6.14696452e-5
-7.16782757e-5
-2.44507103e-5
-2.42222726e-5
2.06601077e-5
2.17073747e-5
-1.95188755e-22
-2.92266338e-5
2.86510403e-5
-5.11246984e-23
-5.72935216e-6
-6.12204236e-6
1.29290247e-5
1.28599504e-5
-2.30812544e-7
1.25105138e-5
2.31372508e-5
1.36369613e-5
-1.05324295e-5
-1.17932377e-5
-4.64914663e-5
-5.21265028e-5
-6.28816157e-6
-5.34611385e-6
-3.63820083e-5
-3.83774221e-5
4.62416750e-5
3.58725893e-5
4.63342349e-5
4.95857369e-5
-1.23615610e-4
-1.18710815e-4
-3.37147281e-5
-3.79716458e-5
-8.35205363e-5
-8.42486154e-5
1.14448636e-4
1.14637288e-4
1.12420481e-4
9.53698443e-5
1.29084573e-4
1.42234015e-4
-1.37044850e-4
-1.51493023e-4
1.50626859e-4
1.61814287e-4
-1.92886467e-4
-2.03842313e-4
-2.69809687e-5
-2.08480115e-5
-2.51624119e-4
-2.79465244e-4
6.06450095e-5
5.92997942e-5
2.14961684e-4
1.93173666e-4
1.64591011e-4
1.71360997e-4
-1.44825989e-4
-1.36314772e-4
5.16453264e-4
4.70689136e-4
-4.86493346e-4
-4.86446099e-4
-4.24094376e-4
-4.62407561e-4
5.36617059e-4
5.80722220e-4
1.38085980e-4
1.47875510e-4
3.95346714e-4
3.95344064e-4
-2.51247930e-4
-2.29211988e-4
-2.36004240e-4
-2.36020658e-4
-5.00573506e-4
-4.66173420e-4
3.97257693e-4
4.30587010e-4
-4.00393157e-4
-3.63657378e-4
3.51217067e-4
3.51439316e-4
-1.38098683e-4
-1.56069298e-4
-4.11438034e-5
-3.69241128e-5
-2.98252536e-6
-1.38956559e-6
5.67955789e-5
5.19258039e-5
-6.23913477e-6
6.76847097e-22
-2.31425664e-5
4.48948829e-22
-4.62459918e-6
-4.80466481e-6
1.23005368e-4
1.10495142e-4
-1.03140764e-4
-9.45726257e-5
2.05653583e-5
2.03314506e-5
5.35196180e-5
5.06500020e-5
7.27337877e-5
7.12239435e-5
-3.83360992e-5
-3.65175400e-5
-1.51755364e-22
3.88366576e-5
-3.64130468e-5
-1.82432431e-22
6.29372596e-6
6.81042516e-6
-1.57217770e-5
-1.62377413e-5
-4.21795380e-5
-2.84736888e-5
1.75748746e-5
3.24149178e-5
4.85776640e-5
4.78509914e-5
-3.75876804e-5
-3.97038116e-5
-1.16457675e-5
-1.16214516e-5
-2.04217215e-5
-6.05728507e-6
-4.11387184e-6
8.93152386e-6
1.76337337e-5
1.67582714e-5
3.62725113e-5
3.96846476e-5
2.40837668e-4
2.41971955e-4
-2.32623720e-4
-2.31569588e-4
-1.68413320e-4
-1.62609483e-4
2.04284880e-4
2.06080568e-4
-2.23405508e-4
-2.24547613e-4
1.70458920e-4
1.71479372e-4
-1.10812156e-4
-1.00632475e-4
3.29547084e-4
3.48573430e-4
-4.99046318e-6
-4.74850444e-6
1.18882564e-5
3.49419677e-7
-6.64723133e-6
-1.69590688e-5
-2.46004635e-6
-1.56534705e-6
4.84129163e-5
4.72238204e-5
-1.14373048e-6
-8.97251575e-7
9.77188199e-6
1.94163705e-5
-9.74923424e-6
-1.94080926e-5
-3.27279936e-6
-2.79481486e-6
1.91695778e-5
1.85080338e-5
1.72074377e-4
1.72892229e-4
-1.72092996e-4
-1.72912583e-4
-2.56971411e-5
-3.02221043e-5
-1.32378689e-5
-2.14923181e-5
-1.86852605e-4
-1.85986673e-4
2.09929875e-4
2.08977601e-4
-9.94846763e-5
-1.00748721e-4
1.91103246e-5
2.70727062e-5
-6.92228100e-4
-6.92306258e-4
8.08670439e-4
8.08742779e-4
2.53653587e-4
2.39434985e-4
-4.29757474e-4
-4.39871427e-4
5.03216113e-4
5.03131797e-4
-2.46187622e-4
-2.46099540e-4
-8.62151521e-4
-8.62217505e-4
8.62132526e-4
8.62205284e-4
1.16422567e-4
1.13262917e-4
-1.43164210e-4
-1.28537897e-4
-6.60156139e-5
-6.60010292e-5
6.60185262e-5
6.59925960e-5
-1.88850237e-5
-4.98340402e-5
2.50096556e-4
2.50096556e-4
2.42217986e-4
2.42213318e-4
-5.40835480e-4
-5.40841659e-4
1.59701669e-4
1.51994333e-4
4.10728149e-4
4.10728143e-4
8.61452626e-4
8.61446152e-4
-1.07898040e-3
-1.07897387e-3
3.15830939e-4
3.15903848e-4
-4.69997389e-5
-4.70853818e-5
-3.73189417e-4
-3.57839944e-4
-3.47535452e-5
-4.47852595e-5
7.63734934e-5
6.26247743e-5
-5.14476607e-4
-5.48060711e-4
6.55660716e-4
6.17728581e-4
-1.77462644e-4
-1.77462560e-4
1.08499029e-3
1.08498423e-3
-8.37739721e-4
-8.37744543e-4
5.77598694e-4
6.22340575e-4
-7.81558092e-4
-7.81559262e-4
-4.51173772e-4
-4.51173445e-4
-7.33216043e-5
-7.33220290e-5
5.62419233e-4
5.62418222e-4
-1.14905298e-4
-1.14906033e-4
6.87863999e-4
6.87864162e-4
-5.94343180e-4
-5.47926498e-4
7.27223124e-4
7.27223590e-4
-1.32617641e-3
-1.32617594e-3
-4.44193229e-4
-4.44193301e-4
8.95172934e-4
8.95172881e-4
8.82722809e-4
8.82722842e-4
-5.29106971e-4
-5.29107005e-4
-9.46444757e-4
-9.46444724e-4
6.33241658e-4
6.33241641e-4
-8.53289061e-4
-8.53289030e-4
5.17497116e-4
5.17497139e-4
-3.33586791e-4
-3.33586336e-4
5.99976273e-4
5.99976510e-4
-7.49359214e-5
-7.49359331e-5
-2.88829979e-4
-2.74553172e-4
1.74955879e-3
1.74955924e-3
-1.97863663e-3
-1.97863597e-3
-7.76755491e-4
-7.76755486e-4
6.65696334e-4
6.65696330e-4
2.06610484e-3
2.06610060e-3
-2.06609640e-3
-2.06609979e-3
-3.04904077e-4
-3.04904078e-4
1.01258458e-4
1.01258458e-4
-1.20829642e-3
-1.20822504e-3
1.20830155e-3
1.20823023e-3
3.26214937e-4
3.26214937e-4
-7.85808243e-4
-7.85808243e-4
7.79502805e-4
7.79507040e-4
-1.06733172e-4
-1.06733138e-4
-4.16654653e-5
-4.16654677e-5
-7.89175411e-4
-7.89175410e-4
-1.56961289e-3
-1.56961289e-3
2.04552938e-3
2.04551040e-3
1.34130196e-3
1.34130196e-3
-1.24840077e-3
-1.24840077e-3
9.70709703e-4
9.70709701e-4
-3.75678871e-4
-3.75678873e-4
-2.30663507e-3
-2.30631299e-3
2.30663773e-3
2.30631566e-3
1.02229102e-3
1.02229102e-3
-8.63542860e-4
-8.63542860e-4
2.18091311e-3
2.18535603e-3
-2.18091123e-3
-2.18535414e-3
3.35379141e-4
3.35379141e-4
3.35374521e-4
3.35374521e-4
-1.65292750e-3
-1.65266572e-3
8.38366303e-4
8.38366403e-4
5.06333551e-4
5.06333551e-4
5.06332703e-4
5.06332702e-4
-7.47673757e-5
-7.47673759e-5
-3.67543790e-4
-3.67543790e-4
3.20907891e-4
3.20907893e-4
-8.48050412e-5
-8.48050433e-5
-6.22537403e-4
-6.22537503e-4
4.46832097e-4
4.46832066e-4
-3.21555005e-4
-3.21555005e-4
1.54101619e-4
1.35487730e-4
-2.08610150e-4
-2.08610157e-4
-5.36345213e-5
-5.36345236e-5
5.81228338e-5
5.81228333e-5
5.81288234e-5
5.81288239e-5
4.14472699e-4
4.14472699e-4
-1.92735708e-4
-1.92735708e-4
-1.60013621e-4
-1.60013615e-4
-1.60006753e-4
-1.60006747e-4
-7.44084077e-5
-7.44084076e-5
2.04231189e-4
2.15383355e-4
-1.75252261e-5
-1.79176710e-5
-6.90818942e-6
-4.10581929e-6
-4.10706833e-22
2.60457694e-5
-1.49089323e-5
6.67005041e-22
6.42580331e-6
6.50424801e-6
9.42120071e-5
1.01488056e-4
-2.17779244e-4
-2.08331521e-4
-8.76379596e-5
-8.97818141e-5
9.77830789e-5
9.64737747e-5
6.67485431e-5
6.77308436e-5
-3.02773119e-5
-3.53057254e-5
-8.47707981e-5
-8.53797609e-5
6.32960448e-5
6.34453861e-5
-3.09824917e-5
-3.27414605e-5
3.17862279e-6
4.00716747e-6
-2.65696006e-22
5.97349235e-6
-1.30930711e-21
-3.98572780e-7
1.76256603e-6
1.62431293e-6
1.71487688e-4
1.72476162e-4
1.43279034e-4
1.64699459e-4
-2.13269776e-4
-2.13445180e-4
4.83778074e-5
4.82626137e-5
5.62828853e-4
5.62815034e-4
-6.81244728e-4
-6.81254506e-4
6.01742922e-4
6.01748758e-4
-4.13418513e-4
-4.13421374e-4
3.19585332e-4
3.43011075e-4
-1.44628375e-4
-1.28469517e-4
8.30490403e-5
8.29876936e-5
-1.50344915e-4
-1.50321246e-4
-1.33573969e-4
-1.25594724e-4
6.75869691e-5
6.80753509e-5
1.53387050e-4
1.53390402e-4
-1.09321209e-4
-1.09317796e-4
6.32218765e-5
6.95551685e-5
8.26666015e-7
-1.26649760e-6
2.19728725e-4
2.19727662e-4
-8.58783051e-5
-8.58785414e-5
1.92407598e-5
1.92407499e-5
1.92492937e-5
1.92493086e-5
-1.24326117e-4
-1.19624453e-4
-2.43557991e-5
-2.36027585e-5
3.91147441e-5
3.91168027e-5
3.91221842e-5
3.91241674e-5
6.61844297e-5
6.41663651e-5
-2.79872272e-5
-2.90408013e-5
8.39365572e-6
8.77971599e-6
-1.68429509e-5
-1.69412887e-5
-7.46471339e-22
-2.00174051e-6
2.09701395e-22
2.08675933e-6
-1.08309898e-6
-1.19174496e-6
-4.07506484e-5
-4.08219360e-5
2.18449498e-5
2.17322707e-5
-6.75147664e-6
-6.70215433e-6
-6.69977341e-6
-6.74803464e-6
-2.59715762e-6
-2.77194819e-6
7.20493950e-6
7.12912350e-6
-8.43654270e-7
1.18223070e-22
-8.29347750e-7
1.41982386e-22
-1.89618981e-6
-1.86295329e-6
-7.74206068e-7
-1.60719031e-6
3.19727228e-6
-4.10693497e-7
3.77451529e-7
-3.02687985e-6
-1.55855886e-6
1.12229344e-6
1.14626276e-5
-9.16490075e-7
-8.69801531e-6
-7.66123930e-7
1.36794433e-6
-4.41463129e-7
2.90876886e-6
-5.31679618e-7
7.13950588e-6
1.60648943e-6
-9.36391973e-6
3.61965210e-7
1.64406299e-5
1.19746625e-5
-1.99916254e-5
2.72969832e-7
3.80837060e-5
2.41492084e-6
-4.92777251e-5
6.61023284e-7
2.87947170e-5
7.09730317e-8
-3.16728437e-5
1.00491320e-7
4.55699339e-5
-8.81335934e-7
-4.73772131e-5
-1.44854078e-6
2.00570953e-5
-8.67113749e-7
-3.77124370e-5
7.85882216e-7
-7.32145932e-5
-8.32088763e-7
6.03309227e-5
2.57132708e-7
2.21967432e-5
-1.17561703e-6
-1.96299914e-5
-3.06264968e-6
7.25316892e-6
-1.74038103e-7
-7.60449688e-6
5.06763551e-7
3.02123458e-5
-5.91146329e-7
-1.89509992e-5
-8.38345850e-6
3.79504656e-5
-7.34289743e-7
-1.94789106e-5
-1.63136433e-5
1.28208928e-5
-1.86517756e-7
-2.31140227e-5
2.38160271e-6
1.90040024e-5
2.14370760e-5
-2.51930521e-5
3.34573278e-7
7.79366945e-6
2.07731225e-5
-1.80641082e-5
2.62799061e-7
-4.00441690e-5
4.29905228e-6
5.05510118e-6
3.10555248e-7
1.54680106e-5
4.52404067e-6
-3.94121030e-5
8.28459397e-7
-1.27921082e-5
7.39748101e-6
-5.21578418e-7
1.02230949e-8
-2.97597918e-5
-1.14615220e-5
1.78962614e-5
-2.82062233e-7
-1.06263323e-4
-2.51361325e-6
9.85277721e-5
-1.27179757e-6
-9.40588915e-5
1.34261818e-6
6.21502111e-5
-6.16707081e-7
-2.08696874e-4
2.99597171e-6
2.14291866e-4
-2.64285162e-6
-1.21324225e-4
4.69765130e-6
2.04936376e-4
-2.81391306e-6
1.19136490e-4
1.04423123e-5
1.19087949e-4
-2.80540499e-6
-1.73155020e-4
9.05768612e-6
2.92747005e-4
-5.36385286e-6
-6.85211782e-5
-2.51859883e-7
3.34648695e-5
6.92736449e-7
-1.75359201e-4
1.11391387e-6
1.40550740e-4
-9.63420857e-7
-2.99565910e-4
5.15186377e-6
3.20593860e-4
-4.19679616e-6
-2.24134972e-4
1.27422381e-6
2.06593565e-4
-1.11514355e-6
-3.21972975e-4
5.66893874e-6
3.38838264e-4
-4.81825910e-6
-2.09298113e-4
9.70210760e-6
2.98641774e-4
-7.93796567e-6
1.70648680e-4
6.57591454e-6
-9.13924545e-5
-8.42040985e-6
-2.10808580e-4
7.19918198e-6
2.26256290e-4
-8.51502170e-6
1.84171347e-4
1.03472869e-5
2.26941113e-5
-5.53957514e-6
6.16789355e-4
5.36015760e-6
-3.42898815e-4
2.08494918e-6
9.62808292e-4
-1.22660220e-5
-8.95782381e-4
1.20765611e-5
7.15808508e-4
-4.47919196e-7
-5.74719907e-4
3.66464220e-7
9.68002393e-4
-1.62255591e-5
-9.85193617e-4
1.13424054e-5
6.87982736e-4
-2.59365898e-5
-8.81322481e-4
2.10717114e-5
-1.12553273e-4
-1.83914290e-5
-8.57928278e-5
2.09574122e-5
6.70306131e-4
-2.10115016e-5
-7.25381055e-4
2.07002945e-5
8.57118712e-5
2.53840626e-6
-1.29193010e-4
-9.10505928e-6
6.04058747e-4
-4.51935457e-6
-6.15420756e-4
-2.91178400e-6
7.48984179e-4
-1.38938420e-5
-8.09309484e-4
6.55536044e-6
3.57337255e-4
-4.84736687e-6
-4.59235133e-4
-5.28408054e-6
1.22084301e-5
-1.91493158e-7
-2.91344167e-5
3.61525486e-6
1.76119373e-5
-5.55769219e-7
2.70535222e-7
-1.48332445e-5
-2.43903300e-5
1.28181076e-7
3.08713725e-5
-1.10873557e-6
3.80469962e-6
-6.98016745e-8
-1.66542981e-5
2.94407324e-6
-5.07981077e-5
-2.16413475e-7
6.10165832e-5
-2.70182735e-6
-2.02590672e-4
1.75480895e-6
2.05071140e-4
-1.23616342e-6
-2.57173884e-4
4.30413009e-6
2.59542207e-4
-3.45186793e-6
-1.29013645e-4
1.45994765e-6
1.39364338e-4
-5.76579307e-8
-1.51126992e-4
2.31701232e-6
1.42775985e-4
2.67294340e-6
-1.68993071e-4
3.83985636e-6
1.34932150e-4
-5.34920330e-6
2.39266443e-6
4.23671545e-7
-8.84135004e-5
-5.69630686e-6
-1.03771972e-4
1.56585110e-6
6.37059149e-5
3.26131208e-6
-7.11191287e-6
1.09807330e-7
6.44812706e-6
7.86570834e-7
-5.97171890e-5
8.16606787e-7
4.81661132e-5
1.56748507e-5
-6.62433136e-5
9.56434817e-7
3.90541969e-5
2.36845836e-5
-1.38090547e-5
2.14182109e-7
2.39433692e-5
-1.24364926e-6
-3.60969502e-5
-2.12823641e-5
2.82080102e-5
-3.60323937e-7
-3.19781458e-5
-2.74378592e-5
2.93474552e-5
-2.55353372e-7
-3.07029798e-5
-7.54642973e-6
7.88823284e-5
-6.04078389e-7
-7.48577009e-5
-5.73791876e-6
1.00476974e-4
-1.16328618e-6
-2.36113821e-5
-2.92643295e-5
2.53569962e-5
-1.50558389e-7
-1.37516856e-5
-2.79828770e-5
1.90173371e-5
-5.28619571e-8
5.47474117e-5
-7.86670676e-6
2.21792873e-5
1.74435451e-7
1.53610895e-5
-8.14660468e-6
4.92571654e-5
-1.37156834e-7
2.32471029e-4
-2.26543054e-6
-4.04187662e-5
9.52573812e-7
2.81428395e-4
-2.21279468e-6
-8.30878639e-5
1.28078048e-6
4.54695594e-4
-6.21866977e-7
-2.93559504e-4
3.05123888e-6
5.23458749e-4
-6.28179372e-7
-3.09139740e-4
3.71149462e-6
2.49692791e-5
-1.53439527e-6
1.28077260e-4
-1.53215054e-6
1.44262788e-4
-2.06844998e-6
3.44855263e-5
1.33210863e-8
5.05110986e-4
-5.63670650e-7
-2.46913188e-4
3.10305532e-6
3.79253350e-4
-4.05347604e-7
-9.41412104e-5
8.58945071e-7
-4.49798152e-6
-2.51268286e-5
1.25214551e-5
1.91604102e-8
2.87813213e-6
-2.19877629e-5
7.20426322e-6
5.84511090e-8
1.02148617e-4
-6.29240140e-6
-5.95526595e-6
3.24489192e-7
8.36694066e-5
-7.12864919e-6
3.35048565e-6
3.16881958e-7
7.83772721e-6
-1.94713767e-5
3.46991601e-6
7.08260435e-8
1.02853832e-5
-1.81126747e-5
1.00750984e-6
6.78761510e-8
1.16578173e-4
-5.24487400e-6
-3.34023008e-6
1.56098408e-7
1.12293211e-4
-5.61353121e-6
-7.24335415e-6
2.52637458e-7
2.77005957e-4
-1.62435727e-6
-5.37318574e-5
3.09743463e-7
2.67412148e-4
-1.52503313e-6
-1.97972203e-5
-7.36437299e-8
6.20378084e-5
-4.44915417e-7
-2.85607727e-5
-1.05907386e-6
1.15769082e-4
-4.71243966e-7
-8.72253595e-5
-4.52540810e-7
2.96481057e-4
-2.02625098e-6
-9.39023194e-5
1.14190501e-6
2.90354507e-4
-1.80603840e-6
-8.09289799e-5
7.54438664e-7
2.14362755e-4
-5.19277877e-7
-1.56868220e-4
5.11951542e-7
3.38011504e-4
-5.76286323e-7
-2.32227027e-4
1.78694971e-6
-3.01717507e-4
-1.63644321e-7
-1.25779221e-4
4.08133384e-8
-5.85547353e-4
-1.49252004e-7
-1.04543414e-5
-1.81999557e-6
-1.71457797e-3
-4.27415564e-8
4.37358383e-4
-6.07708563e-6
-1.47673120e-3
-4.62436493e-8
4.27640660e-4
-5.72823480e-6
-7.76602712e-4
-1.36803369e-7
3.22092522e-5
-2.44661669e-6
-8.70561321e-4
-1.30404776e-7
2.03222546e-5
-2.29214627e-6
-1.85025425e-3
-3.92509183e-8
1.22582539e-4
-1.62321068e-6
-1.81881848e-3
-3.96645297e-8
3.17134671e-4
-4.23477188e-6
-1.42475756e-3
-1.14772610e-8
4.15946610e-4
-2.77694838e-6
-1.24631056e-3
-1.27985148e-8
1.41194520e-4
2.46608037e-6
1.24135810e-3
4.20686005e-9
-4.25930639e-5
7.28941438e-6
8.65202151e-4
-2.79250701e-9
-2.66329680e-5
3.02422614e-6
-1.91566200e-3
-1.29476139e-8
9.42407428e-4
-1.24909020e-5
-1.69711532e-3
-1.21404173e-8
7.03276172e-4
-8.46591775e-6
1.88090108e-4
-3.40358122e-9
1.71617399e-4
-4.07708552e-6
-6.30710544e-4
-3.57405866e-9
5.60525027e-4
-1.27443415e-5
7.73164784e-4
-1.05184928e-7
-5.82330014e-4
7.72608367e-6
6.73939208e-4
-1.52197766e-7
-6.15605811e-4
8.32064229e-6
1.42876982e-4
-4.05351146e-8
-5.14229944e-4
1.09741306e-5
6.75418711e-4
-2.66034262e-8
-8.47211501e-4
1.58733656e-5
4.02338055e-4
-1.73226630e-7
-4.93857178e-4
6.31363186e-6
4.77166362e-5
-1.74199863e-7
-3.03228865e-4
3.04696904e-6
-1.06308153e-3
-4.84754480e-8
2.46833443e-4
-2.24858567e-6
-4.90580149e-4
-4.73303383e-8
-9.63534092e-5
3.99836202e-6
-1.58815350e-3
-1.27548678e-8
8.27592845e-4
-6.07055931e-6
-1.91645414e-3
-1.33422599e-8
1.02068329e-3
-1.22321951e-5
-1.35879636e-3
-3.61376399e-9
1.01974249e-3
-1.91713384e-5
-1.74948423e-3
-3.37100409e-9
1.32625995e-3
-1.87521295e-5
-1.24028580e-4
-6.49163115e-9
-3.28359710e-4
1.72739087e-5
-9.39105693e-4
-1.05907454e-8
3.37452360e-4
4.99853258e-6
-1.64259599e-3
-2.69486814e-9
1.25656591e-3
-9.22862944e-6
-1.05803424e-3
-1.50340966e-9
7.29177723e-4
6.95251369e-6
-1.38479088e-3
-3.38943898e-10
1.35531620e-3
2.41393950e-9
-1.33677333e-3
-6.75173022e-10
1.30046875e-3
6.47022708e-10
-3.59571699e-4
-1.80872160e-10
6.50011805e-4
5.58894917e-10
-9.93058464e-4
-9.08345300e-11
1.29288526e-3
2.08387288e-9
-7.04782199e-4
-8.76341423e-10
7.50491387e-4
1.73391208e-10
3.26780898e-4
-9.61064232e-10
2.14052294e-5
4.64769509e-11
1.74672108e-3
-2.57536038e-10
-1.09416999e-3
4.02230317e-11
6.69561937e-4
-2.34594675e-10
-2.98389417e-4
1.50013702e-10
1.46093462e-3
-6.25271687e-11
-1.26649942e-3
1.09018661e-10
1.97587480e-3
-6.89309922e-11
-1.71737258e-3
2.93191330e-11
1.08754321e-3
-1.82725508e-11
-1.49257154e-3
1.83080224e-11
1.35545215e-3
-1.67272847e-11
-1.68203431e-3
6.76601414e-11
-2.76075717e-4
-2.44096372e-11
7.40538259e-4
1.51398980e-9
5.78659305e-4
-4.84420370e-11
-2.89900987e-4
4.06062529e-10
1.00203777e-3
-1.28162308e-11
-1.05747598e-3
2.51388228e-10
3.32461931e-4
-6.59688900e-12
2.22349595e-5
9.36618925e-10
1.45723388e-3
-9.66675038e-10
-5.52228881e-4
1.25675787e-11
2.41855890e-3
-9.32757519e-10
-7.78036893e-4
3.56474386e-12
2.92705959e-3
-2.49820049e-10
-1.31045193e-3
2.79308042e-12
2.54582353e-3
-2.59169655e-10
-1.43932309e-3
1.07402300e-11
3.06793586e-3
-2.12300785e-10
-6.44889164e-4
1.03474033e-12
3.38174891e-3
1.06760377e-8
-2.63921984e-4
3.05729391e-13
2.91870398e-3
6.91520250e-9
-3.21749940e-4
1.50895134e-13
2.97908628e-3
1.81899706e-10
-8.75719565e-4
6.99524675e-13
4.79578823e-4
6.49365134e-10
-4.31654756e-4
5.84641497e-13
-7.09822524e-5
1.20439083e-8
-1.06861834e-4
1.37521069e-14
-3.49843425e-3
2.28618548e-8
3.44204984e-4
-9.11636440e-14
-2.64694932e-3
1.33121844e-9
6.28961704e-4
3.52052699e-13
1.89295737e-3
-6.96641968e-11
-1.53343367e-3
7.89405513e-12
1.28029932e-3
-6.65394831e-11
-9.76616791e-4
2.22706733e-12
-1.26805771e-3
-1.72883065e-11
2.38045019e-4
1.52606651e-12
1.32934543e-4
-1.88558782e-11
-6.60316156e-4
5.15911589e-12
-1.34743946e-3
-5.18330766e-12
7.16716226e-4
2.53997022e-12
-2.77109818e-3
-4.50696785e-12
1.75422494e-3
7.61177231e-13
-2.11236248e-3
-6.92383489e-12
2.69911860e-3
2.26819891e-13
-1.54385705e-3
-1.26727936e-12
1.75880304e-3
9.94232446e-13
-4.01493987e-3
6.33880839e-10
1.82184352e-3
3.51038225e-13
-4.73779809e-3
1.08290737e-8
8.29163176e-4
4.29244344e-14
-2.62237672e-3
-2.35118090e-7
1.07869819e-3
7.09696785e-13
-2.46589474e-3
-1.38546650e-8
2.47775587e-3
3.12414265e-13
9.87415313e-4
-1.01225839e-7
2.13388240e-3
8.57725900e-14
1.58093574e-3
-1.71799674e-6
9.11192123e-4
-1.90203160e-14
4.99825553e-3
2.92702540e-6
3.53885445e-4
3.44243992e-13
3.86334154e-3
1.72461735e-7
8.38112348e-4
2.90497629e-13
-5.95853163e-4
-2.46593181e-13
1.78880174e-3
4.13840659e-13
1.20619104e-4
-3.92415760e-11
2.43401450e-3
1.45913642e-13
2.10809233e-3
6.54027708e-11
9.75375484e-4
1.96219008e-13
4.27369559e-4
1.98903443e-13
7.47532251e-4
-2.77593550e-15
5.88829399e-4
-1.72798198e-12
-5.30568154e-4
4.87766342e-10
8.44908637e-4
-3.37492084e-12
-1.36819833e-3
1.30803076e-10
3.59609548e-4
-8.46493618e-13
-1.21933271e-3
5.50630835e-11
5.10268672e-4
-4.06594467e-13
-7.36900221e-4
2.05492857e-10
6.47076998e-4
-4.45808731e-12
-1.45865906e-3
3.50385348e-11
-1.15215089e-4
-4.90337392e-12
-6.21366763e-4
9.41753734e-12
-8.27698188e-4
-1.37090056e-12
2.86284237e-4
3.87403344e-12
-1.27687216e-4
-1.15055674e-12
-8.86207505e-4
1.46550778e-11
-6.20356008e-4
-5.55460539e-13
-3.60844302e-4
4.71073483e-12
-8.52477071e-4
-4.80484679e-13
6.47780726e-4
1.34988269e-12
-6.04748513e-4
-1.91563076e-13
3.18491018e-4
1.06537638e-13
-8.10597733e-4
-3.91061545e-13
-7.74236713e-5
4.71473402e-13
2.78546716e-4
-8.28175933e-15
-5.96726379e-4
6.41386237e-11
-1.33964497e-4
-2.56722695e-13
-7.91639455e-4
1.73687200e-11
-4.27912972e-4
-8.54623272e-14
-2.68192539e-4
2.88668960e-12
9.51934253e-5
3.00795152e-14
-2.25070781e-4
1.12510836e-11
-1.40402024e-5
1.79365400e-7
2.80774882e-5
-2.66722837e-6
-4.80814783e-5
5.57871700e-7
1.76544145e-5
1.99454137e-5
-2.29152628e-5
6.50406823e-8
-2.10312190e-6
1.42070642e-5
-1.02655874e-5
8.02222039e-8
2.32596750e-5
-1.97769797e-6
-2.90698895e-5
1.55810532e-7
-2.83354730e-5
5.60533027e-6
1.39312891e-4
-2.46328335e-6
-2.39931267e-4
1.57364291e-6
1.86522277e-4
-3.11799213e-6
-2.75113734e-4
1.16941770e-6
2.88120693e-5
-7.97819722e-7
-8.19110030e-5
4.07272222e-6
5.57129866e-5
-1.05204709e-6
-1.03579265e-4
2.38825457e-6
1.60153827e-4
-2.40425562e-6
-2.40410726e-4
7.08822202e-7
9.71347802e-5
-1.13625136e-6
-1.70493532e-4
3.24506270e-7
5.63085158e-5
-8.50117740e-7
-9.89910469e-5
1.01541776e-6
-5.69098938e-6
7.07814869e-9
1.62695936e-5
-1.19494112e-6
-2.09237038e-6
-2.11800135e-7
-1.53930929e-5
8.07863994e-6
1.04451453e-5
-2.97576009e-7
-2.11097085e-5
3.18170466e-6
-1.69397492e-6
-3.58232508e-8
9.72903620e-6
-5.43364342e-7
4.35063584e-4
-7.91848442e-6
-5.25623128e-4
4.40286070e-7
5.34806947e-4
-1.30488938e-5
-5.45134902e-4
1.22351636e-7
1.70622676e-4
-5.38936677e-6
-1.47909195e-4
9.59553660e-8
3.35826226e-4
-5.90271024e-6
-4.06653763e-4
3.35616031e-7
6.13839468e-5
-1.12197419e-5
-2.42193566e-5
3.36230130e-8
-8.30969297e-4
1.55554493e-6
8.05015062e-4
9.09038438e-9
-1.04686913e-3
1.59582828e-5
1.24469184e-3
7.61390721e-9
-4.39785993e-4
2.37780854e-6
5.66747967e-4
2.72082226e-8
-6.33539039e-4
1.02970542e-5
9.10618875e-4
1.84168582e-8
-7.96047292e-4
1.87255822e-5
1.22790488e-3
5.35883924e-9
-3.28888752e-4
1.22508987e-5
8.71890044e-4
3.17474910e-9
-5.38950363e-4
1.12072486e-5
9.54569079e-4
1.02987636e-8
1.63644823e-4
-2.52352887e-6
-2.14359476e-4
2.10728604e-7
-1.34712436e-4
1.50956970e-6
2.19849729e-4
6.25214882e-8
-2.86007452e-4
5.32324660e-6
4.45440040e-4
3.28522734e-8
5.13115465e-6
5.02289835e-7
-3.28262187e-5
1.03555966e-7
-9.39701625e-5
2.18066083e-6
8.51576904e-5
3.15510165e-8
-2.86829690e-4
5.71648650e-6
5.01856942e-4
1.22448910e-8
-1.99684216e-4
3.97755498e-6
4.25670891e-4
1.26978563e-9
-1.31472277e-4
2.49220743e-6
1.25458328e-4
-4.60489783e-9
-2.90348018e-4
7.23607480e-6
7.79159919e-4
4.44935059e-9
9.16992176e-5
2.61574311e-6
4.11944001e-4
1.53605572e-9
3.30890596e-4
-4.83948757e-6
5.95084953e-5
5.53788073e-10
-2.99214112e-5
1.93287145e-6
5.17211737e-4
1.14420780e-9
1.58135304e-4
-1.89920571e-6
2.73157707e-4
-1.35200057e-10
4.01966731e-4
-7.96419946e-6
-8.66181606e-5
1.09647338e-10
3.96324826e-4
-7.34608252e-6
-5.21501365e-5
-1.44340698e-12
2.51345289e-4
-3.09624012e-6
8.24015107e-5
-1.84957665e-10
-1.31093153e-4
2.00264869e-6
1.01437807e-4
-1.34964228e-8
-9.69366928e-5
1.83439193e-6
2.74525637e-4
-2.22407625e-9
-3.09268204e-5
4.97416975e-7
9.36751160e-5
-1.24759125e-9
-1.21203092e-4
1.33073064e-6
3.80989265e-5
-6.31044171e-9
1.06847357e-6
-4.91520989e-8
4.89996054e-6
-1.19481907e-7
1.54811870e-5
-2.61188345e-7
-2.06797002e-5
1.41265637e-7
1.58680982e-5
-1.77178566e-7
-1.64013766e-5
-1.15295705e-6
2.62439936e-6
-4.41119600e-8
1.97189845e-6
8.04298404e-8
4.22897121e-5
-4.75635679e-7
-7.92198862e-5
1.43163125e-7
3.17482358e-5
-1.22229439e-8
-9.85485403e-5
7.38431459e-8
-1.68798049e-5
6.37679278e-7
-4.48329619e-5
-4.49969521e-8
2.48151933e-5
-1.40991254e-7
-5.44637248e-5
-2.48163150e-7
1.08867039e-5
5.79175827e-8
-3.07976805e-5
-2.85315817e-7
-4.48502315e-5
8.19061710e-7
-1.47563609e-5
-6.53263285e-8
-5.65613512e-5
6.95121719e-7
-2.72473255e-6
-2.82194369e-8
3.42026685e-6
1.15924319e-7
-9.84674530e-6
-1.17963545e-7
3.34963224e-6
-3.26366314e-8
5.58927411e-7
1.13216699e-7
1.44844114e-5
-9.86328819e-8
-1.02612607e-5
-1.17685979e-6
1.32953787e-5
-4.94340836e-8
-3.46561808e-6
-4.73330151e-7
3.61665212e-6
-2.17112835e-8
7.46046384e-8
4.86566095e-8
