2.00166304e-5
2.00166304e-5
8.69679076e-5
8.69679075e-5
-2.02361656e-4
-2.02363783e-4
8.69758440e-5
8.69758441e-5
9.20961005e-22
3.94229901e-6
-4.63886923e-7
-4.63886955e-7
-4.66615621e-7
-4.66615593e-7
6.67470573e-4
6.67470573e-4
-7.69349937e-4
-7.69349937e-4
-2.14998211e-4
-2.31289634e-4
3.50471094e-4
3.20257221e-4
4.28410921e-23
-1.58532421e-5
-7.18349605e-6
-7.85955796e-6
1.15712466e-5
1.15712466e-5
2.30833285e-5
-2.24650377e-22
-2.27864190e-5
-2.27864190e-5
8.28279811e-6
1.12841727e-5
-5.51958572e-24
2.47074692e-6
-1.16128405e-6
-1.96732866e-6
4.18319567e-4
4.18319567e-4
-3.08701934e-4
-3.08701934e-4
2.60398155e-4
2.60398155e-4
-3.08703410e-4
-3.08703410e-4
-2.91653409e-5
-2.91653409e-5
3.04193293e-4
3.04193293e-4
-2.84433821e-4
-2.84433820e-4
2.88605279e-5
2.16588199e-5
2.64486776e-4
2.64486776e-4
-1.99147719e-4
-1.99147719e-4
3.33982564e-4
3.33982564e-4
-4.05012557e-4
-3.90290258e-4
-2.66279783e-4
-2.89430794e-4
3.48686519e-4
3.48686519e-4
1.32162331e-6
8.73495783e-6
-2.09002163e-4
-1.89704117e-4
2.81980007e-5
2.81980007e-5
1.31992532e-5
4.83360591e-22
-2.49741913e-5
-2.49741913e-5
2.28753155e-4
2.46438561e-4
1.31550151e-4
1.44679512e-4
-4.87374693e-5
-5.68463482e-5
-2.20467375e-4
-2.20467375e-4
-1.33040180e-5
-1.63665467e-5
-1.34839624e-23
1.43953853e-5
8.60507324e-6
9.94057837e-6
-1.10000127e-5
-1.23100280e-5
-2.09938731e-5
-9.80593370e-23
1.96289404e-5
2.34407383e-5
-6.15378473e-5
-6.15398653e-5
-5.23967306e-6
-5.23967307e-6
3.10443197e-5
3.10458031e-5
-5.22738319e-6
-5.22738316e-6
4.75272622e-6
4.75272624e-6
2.87096473e-7
5.60684835e-23
-7.08323737e-6
-7.08323738e-6
5.61859451e-5
5.61859452e-5
-5.10589896e-4
-5.10589896e-4
-1.87438991e-4
-1.87438990e-4
5.92913730e-4
5.92913730e-4
-1.03267264e-4
-9.85493461e-5
1.11282729e-4
1.11282729e-4
-2.39491199e-4
-2.39491199e-4
1.40475376e-4
1.38521567e-4
1.53825881e-4
1.67010485e-4
-1.61791543e-4
-1.74207141e-4
7.60028943e-5
8.36703825e-5
-6.76584059e-5
-7.54063631e-5
-3.79055246e-5
-3.79055246e-5
-3.13020171e-5
-3.84054869e-5
-2.96702293e-5
-3.09020037e-5
9.65175780e-5
9.65175780e-5
2.54428484e-3
2.54428484e-3
-5.29503117e-4
-5.29503117e-4
-1.46867291e-3
-1.46867291e-3
-5.29510241e-4
-5.29510241e-4
7.09670750e-4
7.09670750e-4
-6.23775149e-4
-6.23775149e-4
-6.07892615e-4
-6.07892615e-4
5.17780987e-4
5.17780987e-4
1.38698455e-3
1.38698455e-3
1.10618764e-3
1.10618764e-3
-2.19005666e-3
-2.19006708e-3
-3.38525336e-4
-3.38525335e-4
-4.48063017e-4
-4.48063017e-4
1.19250068e-4
1.19250068e-4
2.69549152e-4
2.69549152e-4
1.19260633e-4
1.19260633e-4
-2.12760978e-4
-2.12760978e-4
2.05191944e-4
2.05191944e-4
2.06897272e-4
2.06897272e-4
-2.18131246e-4
-1.99350159e-4
-5.47405894e-4
-5.47405894e-4
-8.82432673e-4
-8.82432673e-4
5.46326106e-4
5.46326106e-4
8.46851664e-4
8.46851664e-4
6.11119733e-4
6.11119733e-4
-3.20769807e-4
-3.20769807e-4
-7.81299354e-4
-7.81299354e-4
4.98154833e-4
5.35148926e-4
9.10708631e-4
9.10708631e-4
5.71179451e-4
5.71179451e-4
-7.25853602e-4
-7.25853602e-4
-7.64493783e-4
-7.13269545e-4
-1.17570111e-3
-1.17570111e-3
-9.27724598e-4
-9.27724598e-4
7.50869450e-4
7.50869450e-4
1.37627925e-3
1.37627925e-3
-9.10781961e-4
-9.10781961e-4
-4.13727706e-4
-4.13727706e-4
1.34535015e-3
1.34535104e-3
7.21874724e-6
-1.59436537e-5
5.52060867e-4
5.27029586e-4
-1.13540775e-3
-1.13540775e-3
-1.97301372e-4
-2.14530655e-4
9.64442842e-4
9.64442842e-4
8.38489647e-6
8.38489648e-6
1.91652314e-5
1.05033844e-5
-9.75087163e-5
-9.75087796e-5
6.26296535e-5
5.92312980e-5
-3.18260531e-4
-3.38466736e-4
1.94561440e-4
1.94561440e-4
4.84636285e-4
5.17948934e-4
-4.95204664e-4
-5.40457368e-4
-3.89286727e-4
-3.89286727e-4
-3.06224895e-4
-2.95569217e-4
3.44094559e-4
3.44094559e-4
1.63808503e-4
1.54696918e-4
9.02490920e-5
8.91886996e-5
-4.36196760e-5
-4.36196760e-5
-5.53502685e-5
-5.75514386e-5
7.71668328e-5
8.76377175e-5
2.85223867e-5
2.85223866e-5
2.48845692e-5
1.01397116e-22
-2.98871777e-5
-2.98871777e-5
-7.41185788e-5
-7.41185787e-5
-4.89797285e-5
-5.14310254e-5
-5.49813200e-6
-4.46952572e-6
9.58317371e-5
9.58317371e-5
2.15242931e-5
2.15242931e-5
3.99508761e-6
1.29615434e-22
-1.87743862e-5
-1.87743854e-5
1.68432992e-4
1.72607719e-4
5.03151407e-4
4.58573383e-4
-3.70536953e-4
-3.50140979e-4
-2.09310727e-4
-2.09310727e-4
3.15531562e-5
3.03421222e-5
-3.63695397e-5
-2.94247951e-5
-1.65786082e-4
-1.53898330e-4
1.28001231e-4
1.24708115e-4
1.66185706e-4
1.76933509e-4
9.80970010e-5
9.99852466e-5
-2.59911595e-5
-2.71779664e-5
-1.78710737e-4
-1.86686996e-4
-3.07248091e-5
-3.21905880e-5
-5.10537649e-5
-4.42482497e-5
3.03601109e-5
2.97876518e-5
1.97199070e-5
1.97199070e-5
-3.62211465e-6
-1.04026486e-6
-8.34055450e-23
-3.12789801e-6
1.39310429e-5
1.02793556e-5
-1.70142998e-5
-1.68392115e-5
1.33091439e-6
2.99566971e-6
-7.25839264e-6
-4.63535969e-6
2.31823089e-5
2.20751592e-5
-1.42953148e-6
-1.26148375e-6
-1.05170159e-22
4.13378481e-6
-2.32097363e-6
-2.96168724e-6
2.44484660e-6
3.13233514e-6
3.14561879e-23
-4.00775404e-6
1.61044164e-6
1.27631685e-6
-2.44644895e-5
-2.36152990e-5
-7.56693417e-6
-5.51874728e-6
2.72796164e-5
2.77480682e-5
-3.69879893e-6
-1.59223881e-6
-2.44763088e-5
-1.88606296e-5
-6.52327047e-6
8.98944738e-23
6.28825966e-6
1.16094875e-5
1.44004641e-4
1.44002330e-4
-6.29059720e-5
-6.29059720e-5
6.22477767e-6
6.22247373e-6
-6.28994529e-5
-6.28994529e-5
9.85131746e-6
9.85131746e-6
-6.89571868e-5
-7.32065607e-5
2.15922694e-6
2.15922693e-6
2.01907601e-5
1.83160307e-5
1.71576752e-4
1.58118078e-4
4.11987582e-4
4.11987582e-4
-2.10341832e-4
-2.21027538e-4
-4.29545566e-4
-4.29545566e-4
7.78096521e-7
7.77224720e-7
4.10569586e-6
4.10569587e-6
-6.56336769e-6
-6.56374491e-6
4.10923239e-6
4.10923239e-6
1.51103402e-6
1.51103400e-6
3.43266034e-6
-1.57192178e-22
-2.89058632e-6
-2.89058628e-6
-7.29007246e-6
-7.89877194e-6
-2.47585749e-5
-2.47585749e-5
2.60243116e-5
2.68049820e-5
2.55039570e-5
2.55039570e-5
9.56187958e-6
9.56187956e-6
2.42611987e-22
-7.99504987e-6
-1.14437643e-5
-1.14437643e-5
-9.46235910e-5
-9.88656078e-5
-1.64791359e-4
-1.64791359e-4
2.16667525e-4
2.16667525e-4
1.27500421e-4
1.26687377e-4
1.34053813e-3
1.34053813e-3
-3.69202294e-4
-3.69205712e-4
5.47616462e-4
5.47616463e-4
-1.54110123e-3
-1.54110123e-3
-3.84304984e-4
-3.84304984e-4
-2.60747131e-4
-2.60747131e-4
-2.51535161e-5
-2.51535161e-5
6.75157982e-4
6.75157982e-4
-4.93515580e-4
-4.93515580e-4
7.10932773e-4
7.10932773e-4
-1.39890378e-4
-1.39890378e-4
-6.79347031e-5
-6.79347031e-5
-3.29147012e-4
-3.29147012e-4
1.06992039e-3
1.06991895e-3
-1.29763082e-3
-1.29763082e-3
5.89217254e-4
5.89217254e-4
2.82384425e-4
2.86948859e-4
-1.15901561e-3
-1.15901506e-3
1.18138395e-3
1.18138395e-3
-2.10582546e-4
-2.02263422e-4
3.45219935e-4
3.74587630e-4
-6.48568050e-4
-6.48568050e-4
2.28643917e-4
2.28643917e-4
1.41840176e-4
1.44024628e-4
-9.21233810e-6
-5.71991563e-6
4.15379938e-5
4.15379938e-5
-1.05102949e-7
-1.05102915e-7
-3.32096765e-5
-3.28841994e-5
-3.57509401e-5
-3.58261782e-5
1.13687801e-4
1.13687807e-4
-1.08040567e-4
-1.08040567e-4
4.02066309e-6
4.69018704e-6
-5.05168831e-4
-4.61511721e-4
5.45081681e-4
4.99789462e-4
-2.28495593e-4
-2.55378807e-4
2.06202369e-4
1.82623751e-4
5.58346007e-5
6.36228034e-5
-8.68509201e-5
-8.24406693e-5
2.69183019e-5
2.46650816e-5
-4.21757661e-5
-3.66557964e-5
-2.37709556e-5
-2.20562974e-5
2.23184867e-5
2.38007742e-5
-1.13293759e-5
-1.04142715e-5
1.03862693e-5
1.14305287e-5
1.08921579e-4
1.01978147e-4
-9.29634124e-5
-8.24662781e-5
4.75262444e-5
5.43229347e-5
-2.24730973e-5
-1.95679516e-5
1.91061259e-4
1.91061259e-4
4.91543166e-5
5.48592051e-5
7.30192096e-5
6.97842025e-5
-3.16663399e-4
-3.16663399e-4
-1.21832413e-5
-1.21832413e-5
8.36090239e-6
8.16587925e-6
-7.85703728e-6
-7.67093877e-6
1.95356893e-5
1.95356893e-5
-1.90292664e-5
-1.90292664e-5
2.56605441e-5
2.83160334e-5
4.13858596e-6
4.93950812e-6
3.57386532e-6
3.57386532e-6
3.25134509e-4
3.25134509e-4
-3.15574582e-4
-3.45264293e-4
1.26658955e-5
2.46556461e-5
-9.27468770e-5
-9.27468770e-5
-3.35376598e-4
-3.35376598e-4
-3.35380093e-4
-3.35380093e-4
1.65287602e-3
1.65261424e-3
-8.38314938e-4
-8.38315038e-4
8.63544481e-4
8.63544480e-4
-1.02229781e-3
-1.02229780e-3
-5.06327682e-4
-5.06327682e-4
-5.06334247e-4
-5.06334247e-4
7.47193859e-5
7.47193860e-5
3.67588100e-4
3.67588100e-4
1.24839083e-3
1.24839083e-3
-1.34128758e-3
-1.34128758e-3
-9.70727511e-4
-9.70727511e-4
3.75691636e-4
3.75691636e-4
7.89155707e-4
7.89155707e-4
4.16919573e-5
4.16919572e-5
1.56963510e-3
1.56963509e-3
-2.04555115e-3
-2.04553217e-3
7.85821145e-4
7.85821145e-4
-3.26234830e-4
-3.26234830e-4
-5.81295063e-5
-5.81295064e-5
-5.81239653e-5
-5.81239654e-5
-4.14515240e-4
-4.14515240e-4
1.92777268e-4
1.92777268e-4
5.36400260e-5
5.36400262e-5
2.08606832e-4
2.08606832e-4
1.60003259e-4
1.60003259e-4
1.60014349e-4
1.60014349e-4
7.43709439e-5
7.43709438e-5
-2.15357776e-4
-2.04208764e-4
-4.46823983e-4
-4.46823983e-4
6.22530434e-4
6.22530433e-4
3.21534652e-4
3.21534652e-4
-1.35466452e-4
-1.54084554e-4
-5.99963162e-4
-5.99963162e-4
3.33558539e-4
3.33558539e-4
-3.20892408e-4
-3.20892408e-4
8.47933618e-5
8.47933616e-5
-6.33239628e-4
-6.33239628e-4
9.46443329e-4
9.46443329e-4
8.53355662e-4
8.53355662e-4
-5.17553577e-4
-5.17553577e-4
-8.95173773e-4
-8.95173773e-4
4.44200546e-4
4.44200546e-4
-8.82788424e-4
-8.82788424e-4
5.29164409e-4
5.29164408e-4
7.49737404e-5
7.49737405e-5
2.74539226e-4
2.88816168e-4
1.14952364e-4
1.14952364e-4
-5.62480508e-4
-5.62480508e-4
-6.87866864e-4
-6.87866864e-4
5.47932975e-4
5.94355598e-4
7.81626640e-4
7.81626640e-4
-6.22401299e-4
-5.77660843e-4
4.51171119e-4
4.51171119e-4
7.33213653e-5
7.33213654e-5
1.77444681e-4
1.77444681e-4
-6.55631618e-4
-6.17696449e-4
-7.27212735e-4
-7.27212736e-4
1.32615359e-3
1.32615359e-3
-7.79457800e-4
-7.79453596e-4
1.06683257e-4
1.06683259e-4
-1.01231006e-4
-1.01231006e-4
3.04869234e-4
3.04869234e-4
-6.65731383e-4
-6.65731383e-4
7.76800004e-4
7.76800004e-4
-4.10780318e-4
-4.10780318e-4
-1.51942791e-4
-1.59650644e-4
-1.74952857e-3
-1.74952857e-3
1.97860524e-3
1.97860501e-3
-2.50055725e-4
-2.50055725e-4
1.88419010e-5
4.97930664e-5
-2.42260241e-4
-2.42259047e-4
5.40887204e-4
5.40887204e-4
1.43198261e-4
1.28568868e-4
-1.16434145e-4
-1.13278173e-4
-8.61504843e-4
-8.61504843e-4
1.07903409e-3
1.07903409e-3
4.29724833e-4
4.39837824e-4
-2.39437823e-4
-2.53654903e-4
-5.03116601e-4
-5.03116601e-4
2.46115228e-4
2.46115228e-4
-2.70270120e-5
-1.90666164e-5
1.00671482e-4
9.94100655e-5
6.92181853e-4
6.92181853e-4
-8.08611640e-4
-8.08611837e-4
2.14819303e-5
1.32310011e-5
3.02453845e-5
2.57229656e-5
-1.08503632e-3
-1.08503632e-3
8.37777699e-4
8.37777699e-4
5.14433559e-4
5.48022561e-4
-7.63410328e-5
-6.25862675e-5
-3.95371057e-4
-3.95371056e-4
-1.38065062e-4
-1.47858429e-4
3.47875072e-5
4.48173037e-5
3.57846127e-4
3.73197058e-4
4.86496427e-4
4.86496427e-4
-4.70699279e-4
-5.16471568e-4
-3.48604670e-4
-3.29578744e-4
1.10817141e-4
1.00640387e-4
-3.15886626e-4
-3.15886626e-4
4.70575274e-5
4.70575274e-5
-2.06084000e-4
-2.04293959e-4
1.62567665e-4
1.68368378e-4
2.24096270e-4
2.24096270e-4
-1.71129356e-4
-1.71129356e-4
-3.61768926e-5
-3.95912356e-5
-1.76727392e-5
-1.67846653e-5
-2.41495328e-4
-2.41495328e-4
2.32178736e-4
2.32178736e-4
8.40954786e-5
8.40954786e-5
3.33914975e-5
3.78222440e-5
3.97906764e-5
3.76776291e-5
-4.79217759e-5
-4.86433880e-5
-4.15027526e-5
-4.15027526e-5
3.47041223e-5
3.99710008e-5
-6.26618611e-23
2.70443532e-5
3.61718928e-5
3.61718928e-5
-2.60384905e-5
-2.60384905e-5
4.55407668e-22
1.94260416e-5
1.43562568e-5
1.43562568e-5
-3.56401678e-6
-3.56401681e-6
1.86488051e-4
1.86488032e-4
-2.09535118e-4
-2.09535118e-4
-1.92004390e-5
-1.85399165e-5
2.85137319e-6
3.32733164e-6
-4.83561440e-5
-4.71629865e-5
1.65704022e-6
2.55627806e-6
3.36415489e-23
7.83383998e-6
-4.94934787e-6
-4.94934792e-6
1.06439831e-5
1.06439815e-5
1.57868733e-6
1.32024862e-21
2.51236851e-4
2.29213430e-4
2.36009385e-4
2.36009385e-4
4.66158353e-4
5.00564080e-4
-4.30570507e-4
-3.97236928e-4
-5.36596007e-4
-5.80702946e-4
4.24052006e-4
4.62382970e-4
4.00399103e-4
3.63910501e-4
-3.51423114e-4
-3.51423114e-4
1.38058737e-4
1.56030787e-4
4.11837375e-5
3.69596335e-5
-1.93357767e-4
-2.15029227e-4
-5.91914090e-5
-6.06180896e-5
-1.64758434e-4
-1.71461238e-4
1.45074827e-4
1.36583067e-4
1.93005262e-4
2.03752727e-4
-1.61800098e-4
-1.50797908e-4
2.08703602e-5
2.70929214e-5
2.79477109e-4
2.51570533e-4
-1.12392178e-4
-9.53181678e-5
-1.14706376e-4
-1.14503965e-4
-2.21840855e-5
-1.87459361e-5
-5.19011623e-5
-5.19011623e-5
-7.25724229e-5
-7.10877298e-5
3.71170403e-5
3.53723277e-5
9.34201718e-5
1.03752136e-4
-1.22182556e-4
-1.10366021e-4
-2.02334737e-5
-2.37681871e-5
1.98067059e-5
1.98067059e-5
-6.30594716e-23
-1.30560920e-5
1.51214620e-5
1.27147745e-5
1.98439246e-6
2.32554208e-6
-9.74852848e-23
8.68258617e-6
-1.57333494e-5
-1.44035559e-5
1.53262681e-5
1.70143865e-5
1.77768341e-6
3.34264276e-6
-5.72523466e-5
-5.23719049e-5
6.22264939e-5
6.99928446e-5
4.97766416e-7
-1.79270763e-6
2.38256465e-5
2.40230014e-5
-1.97575656e-5
-2.05925237e-5
-2.94495932e-5
-3.03146299e-5
2.46344071e-5
2.33511141e-5
5.92654441e-6
8.90834096e-6
-7.45635125e-5
-8.31975731e-5
1.12995356e-5
1.30800380e-22
-7.75809465e-6
-8.80685447e-6
1.02290494e-6
6.92053082e-7
-1.10834993e-6
6.61214533e-23
4.29855449e-25
1.47068684e-6
-8.17471864e-7
-1.14923657e-6
8.67062859e-6
9.70892327e-6
-1.32565362e-5
2.44260949e-23
-1.88462312e-5
-2.06374388e-5
2.08470738e-5
2.24854986e-5
-1.29186866e-4
-1.41748631e-4
1.37472068e-4
1.50900482e-4
1.18886527e-4
1.23794308e-4
-4.99618075e-5
-4.67025113e-5
5.22558746e-5
4.66899638e-5
1.00422912e-5
1.13311769e-5
-1.94098578e-5
4.19549831e-23
-7.13744396e-6
-7.25834373e-6
-1.62251250e-5
-1.91683622e-5
2.09564634e-22
1.07448225e-5
-1.92434340e-5
-1.92434341e-5
-1.92384834e-5
-1.92384833e-5
1.19626410e-4
1.24324456e-4
2.35738552e-5
2.43305593e-5
8.58653632e-5
8.58653631e-5
-2.19699378e-4
-2.19699378e-4
-3.91258358e-5
-3.91258358e-5
-3.91150327e-5
-3.91150327e-5
-6.61377767e-5
-6.41164303e-5
2.89928270e-5
2.79363637e-5
1.09322708e-4
1.09322708e-4
-1.53379777e-4
-1.53379777e-4
-6.31870242e-5
-6.95148495e-5
-8.82950532e-7
1.20603288e-6
1.50312328e-4
1.50312328e-4
-8.29884512e-5
-8.29884512e-5
1.25584753e-4
1.33558527e-4
-6.80852731e-5
-6.75919292e-5
4.13384059e-4
4.13384059e-4
-6.01714675e-4
-6.01714675e-4
6.69921874e-6
6.69921876e-6
6.70818249e-6
6.70818250e-6
2.58246496e-6
2.76069976e-6
-6.88595287e-6
-6.95623672e-6
-2.17196737e-5
-2.17196737e-5
4.06750725e-5
4.06750725e-5
5.32374730e-7
5.32374707e-7
5.31796605e-7
5.31796597e-7
3.84519387e-6
-4.80195246e-24
-1.36502036e-6
-1.36502036e-6
1.46869697e-6
1.46869699e-6
-2.74625225e-22
2.39151308e-6
-2.88206059e-7
-2.88206066e-7
-2.68006577e-6
-2.68006577e-6
-8.21744530e-6
-8.58961731e-6
1.68810905e-5
1.69786379e-5
-6.32146803e-5
-6.32146803e-5
8.48768811e-5
8.48768811e-5
3.11025826e-5
3.28616034e-5
-4.11414677e-6
-3.30808744e-6
-9.68991092e-5
-9.68991093e-5
8.84711988e-5
8.84711989e-5
-6.67652076e-5
-6.77522810e-5
3.02497316e-5
3.52742526e-5
1.01812028e-22
-3.22179216e-6
7.59979570e-6
7.59979571e-6
-1.38741419e-5
-1.38741419e-5
-4.30864184e-23
-1.29450893e-5
1.70583225e-5
1.66626331e-5
4.37266063e-6
7.18525165e-6
-1.01534695e-4
-9.42559220e-5
2.17757467e-4
2.08312819e-4
-3.43023395e-4
-3.19598347e-4
1.44659039e-4
1.28502303e-4
6.81230300e-4
6.81230300e-4
-5.62813423e-4
-5.62813423e-4
-4.83614755e-5
-4.83614754e-5
2.13419676e-4
2.13419676e-4
-1.71466871e-4
-1.72449472e-4
-1.43291090e-4
-1.64718061e-4
5.23654981e-3
-1.75621540e-6
2.79383693e-4
-7.09400183e-14
4.06157187e-3
-1.03477900e-7
7.94979500e-4
1.07614539e-12
1.43623708e-3
1.71110589e-7
2.02791561e-3
6.35002137e-13
2.11216109e-3
2.90409247e-6
7.19370786e-4
1.23421124e-13
2.24806501e-3
-3.99398498e-11
9.80512212e-4
1.17561126e-13
5.03647213e-4
2.47360765e-14
7.91428143e-4
-3.36448094e-14
-4.40785947e-4
-3.81777302e-13
1.90846183e-3
4.96892029e-13
4.28389122e-4
6.53736357e-11
2.45446832e-3
7.05874504e-13
-1.88540067e-3
4.14434320e-12
2.74348535e-3
9.97954773e-14
-1.46684908e-3
-2.15797317e-13
1.92169971e-3
-1.45418328e-13
-1.44963466e-3
2.18052858e-13
8.79507620e-4
4.66477194e-13
-2.81166107e-3
-2.34488330e-12
1.82462564e-3
-2.88740926e-13
-2.16078192e-3
1.65528540e-7
8.51621805e-4
-2.72169243e-13
-2.09359988e-3
9.75312337e-9
2.36250591e-3
1.34149338e-13
-3.98281567e-3
-8.38404990e-9
1.75068049e-3
-6.37999580e-13
-4.65709413e-3
-1.42299969e-7
6.54631416e-4
-1.22864795e-12
-5.80982243e-4
4.20861808e-13
3.74160705e-4
-2.39377637e-13
-8.18094844e-4
-1.13899663e-14
-3.80026612e-5
-3.42106238e-13
-6.54601154e-4
4.46714281e-13
-2.63540728e-4
-7.57492645e-13
-8.19203501e-4
4.28707478e-13
7.93515709e-4
-1.76340104e-13
-4.45014118e-4
-2.43530825e-13
-2.59119288e-4
-2.83663655e-13
8.30750115e-5
4.26095934e-14
-2.41280075e-4
-1.66669089e-13
2.49407561e-4
1.23202321e-13
-6.48718452e-4
-3.85196426e-13
-1.82461188e-4
-1.28814370e-13
-7.77732957e-4
-6.37497479e-13
2.93857134e-4
1.92565790e-13
-1.23100586e-3
3.98478691e-13
4.84365383e-4
2.64791427e-14
-8.29235975e-4
6.74500358e-13
5.92682056e-4
-1.83436674e-13
-6.57365934e-4
-1.29622544e-13
7.94609738e-4
2.70736114e-13
-1.43091890e-3
3.22560243e-13
-8.59318426e-4
1.15638618e-13
4.67659671e-4
-9.70822187e-14
-2.04499475e-4
4.40837361e-13
-7.82550419e-4
4.55512334e-14
5.44582861e-4
3.48783094e-13
-1.40328285e-3
3.14205725e-13
-2.40279081e-4
-1.27238071e-13
-4.68226367e-4
4.84379987e-13
9.33178577e-4
-8.27113782e-13
-1.41405502e-3
6.60347366e-13
1.28735104e-3
-2.87519559e-14
-1.70412930e-3
2.72825070e-13
1.49267929e-3
-4.49739915e-13
-1.35568819e-3
5.08407113e-13
1.91090594e-3
-8.74688274e-13
-1.72463180e-3
5.74108574e-13
1.00875448e-3
-1.56766308e-14
-1.17144927e-3
1.32949891e-14
3.83435151e-4
-8.14186426e-14
-1.15020623e-4
-1.65001099e-14
-1.88102562e-4
-3.44440333e-15
6.30381649e-4
-1.11123549e-12
6.62647031e-4
-3.76321227e-13
-4.24988862e-4
-1.89624700e-13
-2.28232982e-4
-5.83537274e-14
5.40251149e-4
-1.72798568e-13
-9.11489713e-4
-1.99246002e-13
1.24437122e-3
-2.09505412e-14
-1.36672228e-3
-6.47924336e-14
1.38078648e-3
1.34282535e-13
-1.23472246e-3
7.08845362e-15
1.25382283e-3
2.81868083e-13
1.84637411e-3
-9.47297774e-13
-1.16233962e-3
-2.68915968e-13
8.11242677e-4
-4.12520508e-13
-4.12120048e-4
-3.60118621e-13
-5.27296357e-4
-3.71418313e-13
6.63050614e-4
2.30282293e-13
5.47013938e-4
-5.19339143e-13
-6.23188288e-5
1.48797004e-13
-3.82277544e-3
-8.82728508e-8
2.71782574e-4
1.39428496e-13
-2.96022480e-3
-5.20088978e-9
6.26241500e-4
-5.04766466e-13
6.88184536e-5
-2.20056519e-9
-3.81009097e-4
-2.40268788e-13
-5.36223135e-4
-3.73480956e-8
-8.43081534e-5
-2.53765020e-13
-1.55239181e-3
-1.52877565e-12
3.22474721e-4
-3.22171579e-13
-9.79509502e-5
3.01184958e-13
-5.37912318e-4
1.67957614e-13
1.70485762e-3
8.58848362e-15
-1.47529746e-3
6.46321336e-13
9.68405718e-4
-1.05122593e-12
-9.01889483e-4
1.24280749e-13
2.82666015e-3
-1.12380542e-12
-1.26883522e-3
4.68644130e-13
2.55696103e-3
6.65938240e-14
-1.44516794e-3
-8.29347715e-14
1.67755308e-3
3.97384340e-14
-5.99345475e-4
-7.81324244e-15
2.60478645e-3
-1.03710910e-12
-7.78753524e-4
-1.61906671e-13
2.65671900e-3
-1.45912584e-8
-2.53941702e-4
-1.99390644e-15
2.77721378e-3
-8.59861474e-10
-8.12532836e-4
5.43472593e-13
3.20851649e-3
-5.03261082e-10
-6.08505147e-4
-3.59216515e-13
3.49105615e-3
-8.53310936e-9
-2.08275873e-4
-3.02103085e-13
1.60552499e-3
2.02900406e-9
-3.68700697e-5
9.59869981e-6
1.21777758e-3
1.19614102e-10
-4.23069937e-5
1.12351279e-5
-1.22113236e-3
5.70122951e-10
3.73735809e-4
7.83370859e-6
-1.01022368e-3
9.66931646e-9
1.07876952e-4
6.16668968e-6
5.10460719e-4
-4.55230435e-13
1.23811211e-4
1.22127748e-5
-3.65254108e-4
2.49044284e-15
4.86215102e-4
1.08974937e-5
-1.85488199e-3
5.47852508e-14
9.05436033e-4
3.23196519e-6
-1.55487208e-3
3.25974399e-13
6.56498264e-4
7.00459567e-6
-1.82318848e-3
5.79351803e-13
4.23075797e-4
1.39090127e-7
-1.61717667e-3
-8.28879202e-14
4.33900507e-4
-2.55585219e-6
-4.38176629e-4
-1.06443450e-13
-1.05452348e-4
-3.37945044e-6
-7.37362498e-4
6.43408985e-13
-1.32907273e-6
-2.55986989e-6
-1.90949030e-3
4.80197496e-9
9.52647885e-5
4.83256787e-7
-1.89657630e-3
2.83288451e-10
2.92105084e-4
1.20924352e-6
-9.34460826e-4
1.05219218e-10
3.24141074e-5
-2.01188071e-6
-1.02992613e-3
1.78028313e-9
1.61598176e-5
-1.98184006e-6
-1.17795810e-3
9.26953804e-15
9.45373362e-4
5.29602517e-6
-1.66978397e-3
-4.34996066e-14
1.29142104e-3
-4.74382947e-6
-1.68519227e-3
2.68064199e-13
8.69466316e-4
-1.05200972e-5
-1.94199457e-3
7.98405463e-13
1.01463447e-3
-3.21358603e-6
-1.65886375e-3
-6.66972589e-15
1.29341294e-3
-1.60617110e-5
-1.14116306e-3
-1.60993427e-13
8.38978566e-4
-2.30356119e-5
-2.55111172e-4
6.95298185e-14
-2.18901089e-4
-1.45949134e-5
-1.07447671e-3
-6.64462818e-14
4.26242878e-4
-1.53830433e-5
2.18847421e-5
-5.63173614e-17
-4.48811700e-4
-7.50712153e-6
6.10567717e-4
1.68156386e-13
-8.00642090e-4
-3.05466734e-6
8.03811241e-4
1.52498519e-13
-5.92197304e-4
3.38318876e-6
6.57608437e-4
3.05132468e-14
-5.99543810e-4
-5.00613259e-7
-1.22268571e-3
5.01507585e-13
2.80266106e-4
-5.91373867e-6
-6.45156364e-4
2.77752854e-13
-3.86714651e-5
-8.19826671e-6
3.36298118e-4
2.21494451e-13
-4.64543927e-4
-3.03273436e-6
-6.01909668e-5
1.67127524e-13
-2.74102267e-4
-3.81577799e-6
4.53881520e-4
-3.63956129e-15
-2.84166385e-4
-1.00574885e-6
5.49762983e-4
1.54059844e-13
-3.07452816e-4
2.19885395e-7
2.71064994e-4
8.70746326e-14
-4.69466205e-5
8.68894422e-7
3.16565029e-4
-4.87965609e-14
-8.47644122e-5
2.65295710e-7
5.53325469e-4
1.08491073e-14
-2.57831410e-4
1.98006846e-6
4.37982340e-4
3.31592592e-14
-1.19020312e-4
3.77414734e-6
5.23991498e-5
-3.96280166e-15
1.14042237e-4
1.81124880e-6
1.80660103e-4
-9.15443523e-15
2.31196764e-5
1.46557978e-6
-3.00216625e-5
2.34926098e-14
7.46590262e-5
4.99668628e-7
-8.06000543e-5
-5.52396579e-16
9.76307980e-5
3.94684479e-7
-6.27748965e-5
-1.49434194e-14
3.14109633e-5
-8.69254536e-6
-6.19281510e-5
-2.30355851e-14
2.93331069e-5
-5.70393042e-6
6.62492520e-5
-5.67497149e-14
1.93281555e-5
3.26612319e-7
2.21390721e-5
9.27482798e-15
4.53135024e-5
4.56413927e-7
-5.23724942e-5
-3.54224433e-14
2.31786661e-5
-2.96153902e-6
-3.86384672e-5
-5.16058915e-14
1.59358292e-5
-1.01695414e-6
-8.59598386e-6
5.80079999e-10
-2.21128045e-5
-1.41523222e-6
5.24621792e-5
3.43082964e-11
-7.88689020e-5
-1.63608712e-6
2.91485015e-4
1.04011073e-11
-4.93220848e-5
-4.64897381e-7
2.78390353e-4
1.75780048e-10
-1.54503739e-5
-3.41362501e-7
1.65703150e-4
3.92692959e-13
-1.46123398e-4
-1.74024425e-6
3.10837225e-4
-1.06006400e-13
-2.20380192e-4
-1.60334187e-6
3.24822221e-4
-3.64696012e-14
-9.20596121e-5
-1.82898552e-7
3.11099512e-4
1.30411913e-13
-7.71834444e-5
-4.22068693e-7
1.18125415e-4
6.32424939e-14
-6.42485135e-6
8.56322230e-8
9.81509246e-5
-1.83697782e-14
1.76787511e-6
1.85833258e-7
-2.45651380e-5
3.67389286e-14
9.58189975e-6
5.64678677e-8
-1.27080957e-5
4.39556032e-14
4.96835798e-6
4.64602080e-7
1.33248328e-4
5.06509674e-11
-2.65740150e-6
7.66789995e-8
1.28828119e-4
2.97317974e-12
-6.93042225e-6
4.89123759e-8
-4.40844549e-6
7.38298499e-13
2.03001732e-6
5.39145610e-7
-1.90286785e-7
1.28367745e-11
1.07059403e-7
6.30070670e-7
-2.55368392e-4
2.37763048e-5
5.21748475e-5
-1.94384391e-5
5.73192129e-4
1.08497145e-5
-6.51362945e-4
-3.11180834e-6
9.49367868e-4
-4.76344127e-6
-1.00233750e-3
1.18010089e-5
5.72319921e-4
1.14357553e-5
-8.08289128e-4
-4.12279239e-6
7.25246457e-4
-2.60774465e-7
-8.38689388e-4
1.49449657e-5
3.77138667e-4
-4.54720747e-6
-5.34621471e-4
1.88491412e-5
1.35630814e-4
-9.09497565e-6
-2.02459758e-4
1.47560313e-5
6.48101943e-4
-1.13339001e-5
-6.97602333e-4
2.01952496e-5
2.48517980e-4
-1.52511896e-5
-1.68202403e-4
1.49698339e-5
-1.68497553e-4
-7.22476799e-6
1.91481561e-4
5.63895495e-6
-3.16910318e-4
-4.91837098e-7
3.44578791e-4
-1.86884155e-6
-1.60991172e-4
-8.34791443e-6
2.65007164e-4
5.49229966e-6
9.67730834e-4
-1.17197512e-5
-9.04056434e-4
6.79499038e-6
7.88743922e-4
-1.88078255e-5
-6.43426356e-4
1.59324727e-5
2.73545561e-4
-1.79159445e-5
-3.61761203e-5
1.05020972e-5
7.06399908e-4
-2.25269206e-5
-3.87066898e-4
8.50297357e-6
2.63372997e-5
-3.67246929e-6
-1.37355948e-4
1.00087741e-5
-9.16862341e-5
-1.55254315e-6
6.09213159e-5
4.25036211e-7
-1.45644285e-4
-7.65177184e-7
1.57011316e-4
-3.72822188e-6
-1.42948622e-4
-4.08459106e-6
1.11935445e-4
3.28622901e-6
-6.16559611e-5
-3.12517749e-7
7.12808184e-5
-3.08630871e-6
-1.83776656e-5
5.28336663e-6
3.17287349e-5
-2.59593387e-6
-1.45694195e-5
7.36504534e-6
1.50011302e-5
-2.60611029e-6
-5.99542848e-5
2.58767043e-7
7.82385924e-5
-4.17960224e-6
-3.00974665e-5
8.65834100e-7
4.28282403e-5
-3.50174812e-6
-2.79067224e-6
5.49277721e-6
-1.09132635e-5
-1.66820818e-6
1.06026819e-5
-2.98801723e-8
-2.79686308e-5
-3.34492377e-7
1.05662547e-5
9.61797307e-7
-8.86488892e-6
-1.62240094e-6
-2.49614919e-4
-1.18713278e-6
2.68260844e-4
-3.16084844e-6
-1.35822814e-4
9.76343924e-7
1.60377563e-4
-5.60286626e-6
-6.46772957e-5
2.17842834e-6
7.54209691e-5
-4.45848050e-6
-2.17327217e-4
2.56359735e-6
2.29205963e-4
-5.61620132e-6
-9.37750585e-5
3.87274282e-6
7.96554870e-5
-4.19902576e-6
1.20907229e-5
1.80608603e-6
-1.64815750e-5
-1.94662171e-6
4.40592308e-5
4.55906629e-7
-5.05255475e-5
-1.07884938e-7
1.02074513e-5
2.30010304e-6
-3.03321169e-5
-1.69129685e-6
3.42816586e-5
4.45395388e-7
-3.74017130e-5
6.21114851e-8
1.66464187e-5
-5.01725916e-6
-2.52932166e-5
5.84240907e-7
1.27151126e-5
-5.81020075e-6
-1.05162652e-5
7.57357948e-7
3.05080957e-5
-1.88350377e-7
-3.16969244e-5
7.15071686e-7
1.26994558e-5
-4.71736564e-7
-1.27071915e-5
5.57185554e-7
4.45722312e-6
-3.16148363e-6
8.87433902e-7
4.71232058e-7
-2.24431431e-6
4.11572530e-7
1.79832367e-6
7.74844984e-9
-8.60753084e-7
-4.90322916e-7
-4.29194167e-6
3.22167984e-6
4.16834779e-5
1.48583646e-7
-4.88469511e-5
-1.98646757e-7
3.24778064e-5
-5.66120691e-7
-3.47785294e-5
4.32663512e-7
1.16060454e-5
-8.16111146e-7
-1.48548133e-5
7.14930619e-6
3.11138076e-5
-6.62232606e-7
-2.40376447e-5
8.59082232e-6
1.93219039e-4
-1.44651107e-5
8.60043696e-5
4.80395296e-6
-1.35923987e-4
-5.74735117e-6
2.70278417e-4
3.28624294e-6
-2.19586481e-4
4.12643262e-6
2.16303117e-4
-4.88652144e-7
-1.05159426e-4
-1.21997007e-6
1.94675857e-4
1.24137648e-6
-3.02674399e-4
1.77269054e-6
3.23767977e-4
-9.05825352e-7
-2.47108295e-4
4.76658151e-6
2.28137940e-4
-4.18568002e-6
-8.96420986e-5
4.85549575e-6
4.92269280e-5
-2.85724802e-6
-1.99899646e-4
6.16011638e-6
1.54537758e-4
-2.37426702e-6
-5.15749963e-5
4.42992313e-6
1.44943084e-5
-1.40445572e-6
1.34945769e-5
2.03546263e-6
-3.33007940e-5
-1.03430037e-6
4.04311227e-5
4.27338349e-7
-2.28722337e-5
4.48880948e-6
2.36543707e-5
2.29944188e-6
-8.60349741e-6
-3.37483831e-6
-1.22224088e-4
4.81638437e-6
9.99685548e-5
-1.61798565e-7
-1.12278685e-4
5.75217775e-6
6.93751673e-5
-9.98889530e-7
-1.47193707e-5
4.04242773e-6
1.13152897e-5
-9.65732247e-6
-5.15803624e-5
4.65625836e-6
2.61457986e-5
-1.09602137e-5
3.84469060e-4
4.40843524e-6
-7.57364216e-5
7.06600946e-14
2.51950429e-4
1.85858784e-6
7.27083904e-5
1.54492905e-13
1.72757355e-4
-8.40053595e-7
2.49764861e-4
5.61450171e-13
3.95180147e-4
7.88201937e-8
-1.52972351e-4
3.04432269e-13
-2.62624319e-5
-2.97594652e-7
9.89705374e-5
2.06953575e-13
-1.18497219e-4
-7.97677663e-7
4.56497097e-5
2.24052528e-13
-1.27633425e-4
-3.48034370e-7
1.23561834e-4
3.15853439e-13
-8.40785750e-5
-7.80226253e-7
2.92674308e-4
5.67967814e-13
-1.82395960e-4
-1.02066362e-6
4.61908595e-4
-3.83497766e-13
-1.30535417e-4
2.98227521e-7
1.60044802e-4
-1.66319028e-13
-1.00225390e-4
1.36092793e-6
1.27030057e-4
5.42537468e-15
-2.73987920e-4
-6.68228215e-8
5.59937617e-4
-1.45480163e-13
3.45204832e-4
-5.01367647e-6
-3.52962405e-5
2.65465182e-13
1.45044339e-6
-3.56341289e-6
4.95615423e-4
-3.35649978e-13
-2.47316131e-4
-4.54891427e-6
7.79396612e-4
-2.40127030e-13
1.39879293e-4
-9.41902645e-6
3.13589944e-4
-4.24647651e-13
-5.61094613e-5
-4.16626825e-7
-5.18977578e-8
1.18058539e-13
3.10662081e-6
-6.98796227e-8
-1.04890935e-5
3.52593512e-14
9.66779560e-6
4.03321588e-8
-3.30673045e-5
9.97971177e-14
-4.60351188e-5
-4.50459033e-8
-7.69838707e-6
1.84232831e-13
1.26670042e-5
2.80309844e-8
-4.77574310e-6
9.29559615e-15
4.61446145e-6
-1.07727122e-6
-1.75316435e-7
3.84761349e-14
4.47722048e-6
-1.17636636e-6
-1.81595530e-7
1.20526454e-13
1.37471041e-5
2.72577811e-8
-1.39926461e-5
1.32569275e-13
1.51716530e-5
2.45100614e-8
-2.18371804e-5
-5.60175655e-14
3.94695688e-6
-1.31613475e-6
8.58226619e-7
-3.56436488e-14
2.64750489e-6
-1.46206269e-6
3.65509232e-6
-7.57492737e-16
1.51976610e-5
-4.57976457e-9
-2.63648794e-5
-4.03149521e-14
-2.08049002e-5
4.09343280e-7
-3.61622615e-5
-3.02098942e-14
2.26779381e-5
1.67041497e-7
-5.91935617e-5
2.71053414e-16
3.96568996e-5
2.44322171e-7
-8.73278042e-5
-1.57363462e-14
2.42888451e-5
8.89337854e-7
-9.26574502e-5
4.73522014e-15
8.69457664e-5
1.20167843e-6
-1.72549249e-4
4.73945916e-14
5.43577992e-5
1.81002385e-7
-1.10806292e-4
-8.63978021e-15
5.63237437e-5
-1.09181911e-7
-1.18098262e-4
1.00825752e-13
1.50673142e-4
1.02651302e-6
-2.54605462e-4
4.04757563e-13
1.11763505e-5
-8.23923285e-8
-2.46787093e-5
1.20563148e-14
7.62381253e-8
-1.46266664e-6
8.72856294e-6
1.34390037e-14
-4.13113563e-6
-1.03777893e-6
1.59845747e-5
2.64667328e-15
3.20418722e-7
-2.14445573e-7
-1.37484125e-5
2.86889932e-14
-1.85134332e-5
-3.71243493e-7
7.78661209e-6
-4.52669560e-15
-9.74007330e-6
1.50205973e-7
2.41728312e-5
1.56342636e-14
-1.53916484e-5
2.26178229e-6
3.05389611e-5
7.58050660e-15
-4.24218293e-5
-4.86967199e-7
3.73078239e-5
1.07053191e-14
1.83562185e-4
8.25137927e-8
-3.02323468e-4
2.50687622e-14
3.38438862e-5
-6.37682869e-7
-9.63303477e-5
1.83374901e-14
-1.90046807e-5
-1.27355717e-6
-3.83377179e-5
1.02935607e-14
1.48651978e-4
-1.58999683e-6
-2.75868765e-4
-2.58681568e-14
-2.52305528e-4
-1.03879990e-5
8.01380591e-4
-2.08609670e-13
-5.01658747e-4
-2.21973628e-6
9.92746084e-4
4.54385150e-14
-6.28046571e-4
3.69671650e-6
9.89671120e-4
-1.02757693e-13
-7.23093396e-4
-5.21743787e-6
1.21233310e-3
-9.48863920e-13
-2.89868754e-4
2.48016952e-6
5.22381123e-4
-6.38912384e-14
-1.18178675e-5
2.69370567e-6
7.16506652e-6
9.86085884e-14
1.37298874e-4
3.63157769e-6
-1.88307622e-4
6.60922601e-13
-1.64776269e-4
5.90481980e-6
3.02789001e-4
4.76011474e-13
1.16380154e-4
8.28734902e-6
-7.99219255e-5
3.31209051e-13
3.08804261e-4
3.19768550e-6
-4.05688823e-4
-1.48130828e-14
4.22051574e-4
7.68563150e-7
-5.54472931e-4
-7.76062535e-14
4.75201724e-4
7.41487186e-6
-5.13609676e-4
-9.32401171e-14
-1.02616159e-3
6.02184608e-6
1.29325774e-3
1.33754046e-13
-4.86548466e-4
1.10900594e-5
6.71132055e-4
2.39634850e-13
-3.41069967e-5
1.57664619e-5
7.46689493e-5
-1.89649253e-14
-8.98175222e-4
1.86405063e-5
9.00907484e-4
-2.64083977e-13
