-3.84841645e-5
-6.07849771e-23
1.38489888e-5
1.37662118e-5
1.59008412e-22
5.41781772e-5
-3.32466646e-23
2.87894122e-23
-1.67402833e-6
-1.55120537e-6
6.27623500e-4
5.79186802e-4
3.77646845e-4
3.77646845e-4
-2.60994830e-4
-2.60996566e-4
-6.67740873e-4
-7.25969558e-4
-4.82693462e-6
-3.59419888e-23
7.16290194e-6
7.16290190e-6
-1.18519900e-5
-1.54843804e-5
-2.84039271e-4
-2.84039271e-4
9.96955552e-5
9.96955551e-5
1.08287004e-4
1.08285425e-4
9.96953344e-5
9.96953345e-5
-3.85950548e-22
1.26496013e-6
7.53504847e-7
7.53504864e-7
7.59214744e-7
7.59214665e-7
3.77633064e-4
3.77633064e-4
-2.61036119e-4
-2.61036119e-4
-6.67735451e-4
-7.25963775e-4
6.27673080e-4
5.79240168e-4
9.69448187e-23
-4.81667778e-6
-1.18560468e-5
-1.54876926e-5
7.17055735e-6
7.17055734e-6
1.65013327e-23
2.21973814e-5
-2.04366230e-5
-2.04366230e-5
3.22665144e-5
2.61963415e-5
-2.41444588e-23
-2.36194001e-6
2.47412750e-7
2.32092297e-6
7.84210241e-4
7.84210241e-4
-1.72326349e-4
-1.72326349e-4
-5.56905762e-4
-5.56905762e-4
-1.72338502e-4
-1.72338502e-4
-6.88789424e-4
-6.88789424e-4
3.07374387e-4
3.07374387e-4
7.04018260e-4
7.04018260e-4
-3.29262021e-4
-3.57941716e-4
-1.27648628e-3
-1.27648628e-3
-7.33348056e-4
-7.33348056e-4
1.47707049e-3
1.47707049e-3
5.20796925e-4
5.52865689e-4
-2.23318287e-4
-2.29402685e-4
1.15892708e-4
1.15892708e-4
2.15671911e-4
2.26867290e-4
-2.59754003e-4
-2.86832360e-4
-9.08415741e-6
-9.08415742e-6
-7.58280250e-23
-1.07096895e-5
1.54618925e-5
1.54618926e-5
9.82452412e-5
9.56519793e-5
1.89283191e-4
2.10944763e-4
-1.38910405e-4
-1.34136249e-4
-7.89185274e-5
-7.89185274e-5
1.37969057e-7
1.18945344e-6
-7.08613249e-6
7.26535653e-23
6.55705281e-6
8.59520494e-6
-9.47061503e-6
-1.21936972e-5
4.67094480e-6
-2.26932906e-23
2.44363003e-6
2.98925904e-7
3.16188370e-5
3.16186051e-5
-2.19851505e-5
-2.19851505e-5
1.96814957e-5
1.96808322e-5
-2.19841440e-5
-2.19841439e-5
-3.94685025e-6
-3.94685025e-6
-2.39828648e-22
5.78230189e-6
3.56142415e-6
3.56142411e-6
9.82736317e-5
9.56814974e-5
-7.89230189e-5
-7.89230189e-5
-1.38922722e-4
-1.34146545e-4
2.10942109e-4
1.89280687e-4
3.55674495e-6
3.55674492e-6
1.24657237e-22
5.78388848e-6
-3.94092858e-6
-3.94092853e-6
-3.57911991e-4
-3.29229396e-4
7.04022134e-4
7.04022134e-4
-6.88799420e-4
-6.88799420e-4
3.07350732e-4
3.07350741e-4
1.47708186e-3
1.47708178e-3
-7.33349799e-4
-7.33349799e-4
-1.27650243e-3
-1.27650210e-3
5.52870985e-4
5.20801747e-4
-1.08208281e-22
2.46332595e-5
-6.06740824e-6
-5.78791620e-6
-1.31465296e-5
5.86832869e-23
2.15725623e-4
2.26922117e-4
1.15948753e-4
1.15678502e-4
-2.29440887e-4
-2.23354520e-4
-2.59797156e-4
-2.86581510e-4
-5.64520836e-23
3.61766019e-6
2.57162629e-6
2.00748114e-6
-2.08149441e-5
6.20925457e-23
6.53977561e-6
8.57498829e-6
-7.03985617e-6
1.60620951e-22
1.45901380e-7
1.19782396e-6
1.14776256e-3
1.14776256e-3
-1.17070814e-3
-1.17070814e-3
9.18328724e-4
9.18328724e-4
-8.83265705e-4
-8.83265705e-4
2.35803211e-4
2.25744819e-4
-4.67562255e-4
-4.67562255e-4
3.85093689e-4
3.85093689e-4
-2.50226495e-5
-3.05426229e-5
1.35525172e-5
1.68189530e-5
4.11494625e-6
-1.26597059e-6
7.25436476e-5
7.08665077e-5
-8.42540095e-5
-8.77883508e-5
1.39556642e-4
1.39556642e-4
-1.01897622e-4
-9.82337629e-5
4.61234706e-5
4.98779795e-5
-1.46585226e-4
-1.46585226e-4
-1.46585752e-4
-1.46585752e-4
-9.82497626e-5
-1.01914103e-4
4.98850428e-5
4.61292566e-5
1.39561676e-4
1.39561676e-4
-8.83259541e-4
-8.83259541e-4
-1.17071678e-3
-1.17071678e-3
9.18338345e-4
9.18338347e-4
1.14775613e-3
1.14775613e-3
-3.05738205e-5
-2.50519585e-5
-4.67498824e-4
-4.67596355e-4
3.85088368e-4
3.85112442e-4
2.35807949e-4
2.25748852e-4
-8.77540944e-5
-8.42220124e-5
4.09607669e-6
-1.34115352e-6
7.24790241e-5
7.09351230e-5
1.68236679e-5
1.35571522e-5
-2.60822891e-3
-2.60822891e-3
7.51651197e-4
7.51651197e-4
-2.36601655e-4
-2.36601655e-4
7.51650527e-4
7.51650527e-4
5.64987762e-4
5.64987762e-4
3.92605267e-4
3.92605267e-4
-9.71251642e-4
-9.71251642e-4
5.50955907e-5
5.50955906e-5
1.08541811e-3
1.08542155e-3
4.82964381e-4
4.82964381e-4
-7.50921859e-4
-7.59915740e-4
-8.66464114e-4
-8.66464114e-4
9.44474173e-5
9.44474173e-5
-1.60516320e-4
-1.60516320e-4
2.34054768e-4
2.34054768e-4
-1.60524760e-4
-1.60524760e-4
-3.09233653e-4
-3.09233653e-4
-1.60740687e-4
-1.60740686e-4
5.24982710e-4
5.24982710e-4
-5.24766018e-5
-5.86092841e-5
-1.93272882e-5
-1.93272883e-5
1.08307231e-4
1.08307231e-4
-4.49248424e-4
-4.49248424e-4
3.49991644e-4
3.49991643e-4
-4.96844905e-4
-4.96844905e-4
5.63565063e-4
5.63565063e-4
8.82708458e-5
8.82708458e-5
-1.22512716e-4
-1.40608022e-4
-2.75552435e-4
-2.75552435e-4
-5.64491765e-4
-5.64491765e-4
8.46039607e-4
8.46039607e-4
-3.23094602e-5
-3.39115534e-5
-1.78584548e-4
-1.78584548e-4
2.48144639e-4
2.48144639e-4
4.13854127e-4
4.13854127e-4
-5.16890162e-4
-5.16890162e-4
-1.46908425e-3
-1.46908423e-3
-2.94745979e-4
-2.94745979e-4
1.35556476e-3
1.35551834e-3
4.33335537e-4
4.19875533e-4
2.89521143e-5
1.86751414e-5
2.28869340e-5
2.28869341e-5
-3.36270230e-4
-3.29648438e-4
3.49066526e-4
3.49066526e-4
5.04339374e-4
5.04339373e-4
1.43762945e-4
1.42726428e-4
-5.13321745e-4
-5.13321536e-4
-5.13815042e-5
-4.83238377e-5
5.30100361e-4
5.76329088e-4
-6.98435107e-4
-6.98435107e-4
-8.18590320e-5
-9.82628702e-5
3.90987642e-4
3.56309288e-4
7.05492291e-5
7.05492290e-5
1.02395798e-4
1.15987576e-4
-2.48970881e-4
-2.48970881e-4
1.01122833e-4
1.02524386e-4
-7.55514734e-5
-8.20149034e-5
9.08582970e-5
9.08582970e-5
-6.59915698e-6
-8.34227586e-6
-5.40289495e-5
-4.81162942e-5
9.95211968e-6
9.95211970e-6
-4.37959605e-22
-1.33639827e-6
4.13556589e-7
4.13556541e-7
-8.10284863e-5
-8.10284864e-5
-4.94417264e-5
-4.83173539e-5
3.05747245e-5
3.01746257e-5
5.84736633e-5
5.84736633e-5
-1.96310847e-5
-1.96310847e-5
-7.69570087e-6
4.86403866e-23
2.20122756e-5
2.20122738e-5
-5.43371284e-4
-4.99981478e-4
-2.53534940e-4
-2.77027048e-4
1.76666956e-4
1.55075145e-4
5.13116688e-4
5.13116688e-4
-2.20694995e-4
-2.43914285e-4
2.58593713e-4
2.77653283e-4
1.36253239e-4
1.21503850e-4
-1.06649597e-4
-9.59539256e-5
-1.67505248e-4
-1.50042164e-4
-3.03588737e-4
-2.80365092e-4
3.06043059e-4
2.78500769e-4
7.72417806e-5
8.85302902e-5
6.37481470e-5
6.77996998e-5
3.66756371e-5
3.24149261e-5
-9.40013518e-6
-1.10206975e-5
-5.02823829e-5
-5.02823829e-5
1.81202689e-5
1.51082625e-5
-2.02132766e-5
1.17309656e-23
-1.07854070e-5
-1.18664914e-5
2.34126309e-5
2.51587105e-5
4.40881516e-5
4.89426227e-5
-6.16053473e-5
-5.86065215e-5
-2.79275416e-5
-2.46730004e-5
-7.79096668e-6
-9.42746437e-6
5.63784671e-6
-8.22298022e-23
4.46494523e-6
5.19456989e-6
-4.96470381e-6
-5.68586471e-6
-7.12595413e-6
6.22070162e-23
9.51269616e-6
1.13429095e-5
2.87023208e-5
3.21756662e-5
6.61615624e-5
7.03638013e-5
-2.34134372e-5
-2.56044365e-5
-5.40826570e-5
-5.94700822e-5
1.52872971e-5
1.49200769e-5
-7.32919694e-23
3.18715825e-5
-3.00382990e-5
-2.63356347e-5
9.30083015e-5
9.30093427e-5
3.29787096e-5
3.29787097e-5
-1.15102915e-4
-1.15103314e-4
3.29734755e-5
3.29734755e-5
6.60370923e-5
6.60370923e-5
-6.07270373e-6
-4.49602863e-6
-1.07956278e-4
-1.07956278e-4
3.40654547e-5
3.30937370e-5
5.52035142e-5
5.92445467e-5
4.01844641e-5
4.01844642e-5
1.30794414e-4
1.49641808e-4
-2.13975698e-4
-2.13975698e-4
-1.72138295e-5
-1.72130594e-5
3.40037883e-7
3.40037837e-7
3.37080337e-6
3.37138171e-6
3.47834072e-7
3.47834098e-7
-2.18884931e-6
-2.18884932e-6
-5.63246083e-23
2.55940957e-6
3.35118326e-6
3.35118327e-6
-8.05842073e-6
-7.88307848e-6
-1.33362429e-5
-1.33362428e-5
-1.91665468e-6
-3.41426483e-6
2.45017503e-5
2.45017503e-5
-1.72105028e-6
-1.72105029e-6
6.31298462e-6
6.59408004e-23
-1.90824444e-6
-1.90824442e-6
-1.07003059e-5
-6.43475015e-6
1.13758963e-4
1.13758963e-4
-3.44601449e-5
-3.44601449e-5
-1.17611715e-4
-1.29384958e-4
-4.99924859e-4
-5.43317245e-4
5.13120822e-4
5.13120822e-4
1.55028562e-4
1.76621025e-4
-2.53539661e-4
-2.77032067e-4
-3.44524330e-5
-3.44524330e-5
-1.29416609e-4
-1.17644159e-4
1.13753737e-4
1.13753737e-4
-1.06832553e-5
-6.41876759e-6
5.92718721e-5
5.52301489e-5
-2.13969080e-4
-2.13969080e-4
1.30760081e-4
1.49609378e-4
4.01788442e-5
4.01788442e-5
-1.40572586e-4
-1.22479741e-4
8.82570485e-5
8.82570486e-5
-4.96838794e-4
-4.96838794e-4
5.63541512e-4
5.63541387e-4
6.37464281e-5
6.77999064e-5
-5.02900984e-5
-5.02900984e-5
-1.10168730e-5
-9.39498544e-6
3.66781031e-5
3.24173107e-5
-1.90486539e-6
-1.90486543e-6
2.91728126e-22
6.32093860e-6
-1.72038551e-6
-1.72038545e-6
-8.06054219e-6
-7.88407225e-6
2.44963320e-5
2.44963320e-5
-3.41537260e-6
-1.91627696e-6
-1.33279225e-5
-1.33279224e-5
3.34804200e-6
3.34804206e-6
2.55279981e-6
1.21590107e-22
-2.19072771e-6
-2.19072773e-6
3.30715843e-5
3.40436417e-5
-1.07961615e-4
-1.07961615e-4
6.60392438e-5
6.60392438e-5
-4.45529193e-6
-6.03170070e-6
-5.86568970e-5
-5.25233165e-5
5.24992165e-4
5.24992165e-4
-3.09238014e-4
-3.09238014e-4
-1.60702166e-4
-1.60702166e-4
1.35552149e-3
1.35556732e-3
-2.94745706e-4
-2.94745706e-4
-1.46909124e-3
-1.46909162e-3
4.33339462e-4
4.19879303e-4
4.13854570e-4
4.13854570e-4
-5.16892271e-4
-5.16892265e-4
2.48141853e-4
2.48141853e-4
-1.78579473e-4
-1.78579448e-4
1.08542562e-3
1.08542905e-3
-8.66460879e-4
-8.66460879e-4
-7.50926825e-4
-7.59920703e-4
4.82958919e-4
4.82958919e-4
8.46062289e-4
8.46061451e-4
-5.64481679e-4
-5.64481679e-4
-2.75582442e-4
-2.75583789e-4
-3.39147602e-5
-3.23125088e-5
-1.93102446e-5
-1.93102514e-5
3.49993579e-4
3.49993579e-4
-4.49260553e-4
-4.49260548e-4
1.08300853e-4
1.08300853e-4
5.50804595e-5
5.50804594e-5
-9.71250073e-4
-9.71250073e-4
5.64994017e-4
5.64994017e-4
3.92611945e-4
3.92611945e-4
3.66416474e-5
3.36888844e-22
-4.39103692e-6
-4.40396695e-6
-3.22298741e-5
5.29240530e-22
2.99043973e-5
3.03074926e-5
5.80214914e-5
5.96660643e-5
-4.82073460e-5
-4.93340416e-5
-8.10838581e-5
-8.18086684e-5
5.04383090e-4
5.04234558e-4
-5.13948546e-5
-4.83380005e-5
-5.13191205e-4
-5.13370542e-4
1.43758542e-4
1.42721860e-4
-2.08620832e-22
-2.34129820e-6
-3.80696961e-8
-5.05610264e-7
2.06167577e-5
6.61845815e-23
-6.88926756e-6
-8.61775514e-6
8.96784349e-5
9.28918598e-5
-7.55756200e-5
-8.20354513e-5
-5.03728691e-5
-5.24035488e-5
7.05161631e-5
7.06915634e-5
1.02544984e-4
1.01141833e-4
-2.48966755e-4
-2.49036923e-4
1.15964436e-4
1.02372618e-4
-9.82453965e-5
-8.18429512e-5
-6.98459772e-4
-6.98437426e-4
5.30096406e-4
5.76324636e-4
3.56296819e-4
3.90995854e-4
3.49091631e-4
3.49093032e-4
-3.36265853e-4
-3.29644128e-4
2.89457436e-5
1.86683580e-5
2.28623184e-5
2.28666330e-5
-5.06826278e-5
5.10441391e-24
1.99133112e-5
1.90708415e-5
-8.20119139e-23
2.64485367e-5
-2.32641762e-5
-2.54580946e-5
-5.94906091e-5
-5.44685543e-5
6.60586526e-5
7.02567990e-5
3.16388792e-5
2.97230918e-5
-1.67363255e-4
-1.50005618e-4
8.85897274e-5
7.72984030e-5
3.05805146e-4
2.78515368e-4
-2.80381212e-4
-3.03606568e-4
1.97882156e-5
-4.72725195e-23
-4.79914201e-6
-4.61822366e-6
-3.77205798e-23
-1.01695784e-5
5.12488172e-6
4.41052483e-6
5.65051314e-6
1.01347299e-22
-9.38485374e-6
-7.75715045e-6
2.34048611e-5
2.51030586e-5
-2.46771846e-5
-2.79314334e-5
-6.15232335e-5
-5.86336797e-5
4.41001454e-5
4.89554374e-5
-1.07924228e-5
-1.18722002e-5
-2.02149162e-5
5.52813580e-23
1.51140025e-5
1.81255953e-5
-9.59680968e-5
-1.06672298e-4
1.21488431e-4
1.36236953e-4
-2.20683603e-4
-2.43902129e-4
2.58619594e-4
2.77683120e-4
-1.38431353e-3
-1.38431353e-3
2.24180465e-3
2.36691861e-3
-1.09398334e-3
-1.09393560e-3
4.80450312e-4
4.80450312e-4
3.92689743e-4
3.92689743e-4
-2.99982058e-4
-2.99982058e-4
3.16817255e-4
3.16817255e-4
-3.90542551e-4
-3.90542551e-4
-7.51843804e-4
-7.51843804e-4
6.52234641e-4
6.52234641e-4
-7.75968029e-4
-7.75968029e-4
8.54760611e-4
8.54760611e-4
6.65138984e-4
6.65138984e-4
-1.79879450e-3
-1.79814801e-3
1.23530761e-3
1.23530736e-3
-1.53737003e-4
-1.53737003e-4
-1.80147488e-4
-1.59645981e-4
6.33712669e-4
6.33715860e-4
-3.72703992e-4
-3.72703993e-4
-1.11048234e-4
-9.92021270e-5
4.98180897e-4
5.26014982e-4
-6.49626806e-4
-6.49626806e-4
7.84268318e-4
7.84268318e-4
-4.39183156e-4
-4.67316124e-4
-9.83298639e-5
-9.58457858e-5
9.85782055e-5
9.85782055e-5
-1.03900477e-4
-1.03900477e-4
3.07896418e-5
2.90624160e-5
-1.23469683e-5
-1.02684967e-5
2.08855727e-5
2.08855861e-5
-3.70385435e-5
-3.70385435e-5
1.50743364e-5
1.55865932e-5
-1.36807756e-4
-1.43467885e-4
7.64083018e-5
7.45418874e-5
-3.07716194e-4
-3.25505470e-4
3.56617535e-4
3.81446504e-4
3.73825586e-6
3.78972836e-6
-9.82525680e-6
-6.73273264e-6
2.92335744e-5
2.91504261e-5
-3.73440003e-5
-4.11917182e-5
1.66787492e-6
2.75689175e-6
-4.94990617e-6
-3.68860624e-6
-5.87092507e-6
-5.77377093e-6
7.72035656e-6
7.64405846e-6
4.36990184e-5
4.54035656e-5
-1.05266381e-5
-1.08674938e-5
5.66007244e-5
5.19051923e-5
-5.42102901e-5
-5.27790686e-5
-7.70344597e-5
-7.70344598e-5
1.51738980e-4
1.64255310e-4
-9.45791077e-5
-8.67806697e-5
6.01050348e-5
6.01050348e-5
-1.86898552e-6
-1.86898550e-6
-1.59840279e-5
-1.68112453e-5
7.66534558e-7
1.00593517e-6
5.81776766e-6
5.81776769e-6
-3.74917035e-5
-3.74917035e-5
3.78930741e-5
3.77388745e-5
-1.93476454e-5
-1.87070974e-5
4.80893047e-5
4.80893046e-5
4.08609540e-4
4.08609540e-4
-2.37910091e-4
-2.45124378e-4
2.76127365e-4
2.92404530e-4
-5.37055337e-4
-5.37055337e-4
-5.37055636e-4
-5.37055636e-4
-2.45167539e-4
-2.37952024e-4
2.92446540e-4
2.76169357e-4
4.08605315e-4
4.08605315e-4
4.80966384e-5
4.80966385e-5
3.77374071e-5
3.78906828e-5
-1.93542921e-5
-1.87131975e-5
-3.74933688e-5
-3.74933688e-5
5.81286037e-6
5.81286039e-6
-1.68071636e-5
-1.59796664e-5
7.71495668e-7
1.01106275e-6
-1.87119083e-6
-1.87119082e-6
6.01069811e-5
6.01069811e-5
1.51792804e-4
1.64309566e-4
-9.46317592e-5
-8.68333234e-5
-7.70320664e-5
-7.70320663e-5
-1.53738866e-4
-1.53738866e-4
-1.79814587e-3
-1.79879233e-3
1.23530750e-3
1.23530728e-3
6.65139146e-4
6.65139146e-4
8.54749069e-4
8.54749069e-4
6.52225075e-4
6.52225135e-4
-7.75952279e-4
-7.75952182e-4
-7.51837726e-4
-7.51837725e-4
-3.90538441e-4
-3.90538441e-4
-2.99958151e-4
-2.99958151e-4
3.16785476e-4
3.16785475e-4
3.92692452e-4
3.92692452e-4
4.80455072e-4
4.80455072e-4
2.24180144e-3
2.36691540e-3
-1.09393580e-3
-1.09398354e-3
-1.38431540e-3
-1.38431540e-3
1.49823927e-5
1.54866224e-5
1.98871618e-5
2.25217749e-5
-3.62465908e-5
-3.85126603e-5
-1.02155538e-5
-1.22910099e-5
3.05616364e-5
2.88428902e-5
9.92955118e-5
9.88064305e-5
-1.03433675e-4
-1.05322498e-4
-9.82865497e-5
-9.58070267e-5
-4.67302739e-4
-4.39170181e-4
-6.49657823e-4
-6.49649351e-4
7.84283147e-4
7.84299172e-4
5.26010197e-4
4.98176362e-4
-9.91934353e-5
-1.11039660e-4
6.33690823e-4
6.33698613e-4
-3.72688457e-4
-3.72680044e-4
-1.59653454e-4
-1.80155126e-4
-5.27968556e-5
-5.42377876e-5
-1.25451108e-5
-8.62379212e-6
5.75714237e-5
5.10797926e-5
4.36017025e-5
4.53069248e-5
7.81721573e-6
7.90515989e-6
-4.57103974e-6
-4.40221273e-6
-6.08804714e-6
-5.47817290e-6
2.71102567e-6
1.62610649e-6
-3.73538816e-5
-4.12024018e-5
-6.72380659e-6
-9.82260208e-6
2.92371529e-5
2.91560640e-5
3.79459776e-6
3.74273249e-6
3.81443560e-4
3.56614109e-4
7.64365959e-5
7.45525858e-5
-3.07748651e-4
-3.25530873e-4
-1.36801388e-4
-1.43461387e-4
3.27147161e-3
3.27147161e-3
3.27147553e-3
3.27147553e-3
9.83870981e-4
5.40615687e-4
-6.57292296e-4
-6.57123153e-4
-2.44498282e-3
-2.44498282e-3
7.14020961e-4
7.14020961e-4
1.48074296e-4
1.48074296e-4
1.48067035e-4
1.48067035e-4
7.33871880e-4
7.33871880e-4
-3.94729543e-4
-3.94729543e-4
-1.26238549e-4
-1.26238549e-4
-3.94227602e-4
-3.94227602e-4
-3.72704830e-4
-3.72704830e-4
6.14044077e-4
6.14044077e-4
9.69968342e-4
9.69968342e-4
-1.06690082e-3
-1.06690082e-3
-2.91406118e-4
-2.91418919e-4
1.23570294e-3
1.20215724e-3
1.07460600e-4
1.07460600e-4
-4.58442671e-4
-4.58442671e-4
-2.52633182e-4
-2.52633182e-4
-2.52645697e-4
-2.52645697e-4
-2.38431886e-5
-2.38431886e-5
2.68765793e-4
2.68765793e-4
6.91792658e-4
6.91792658e-4
-9.17357282e-4
-9.17357282e-4
-7.02148226e-6
-7.02148233e-6
-7.02450726e-6
-7.02450727e-6
-2.57893503e-4
-2.57893503e-4
6.46093238e-5
6.53743686e-5
-3.61017736e-5
-3.61017736e-5
2.12146489e-4
2.12146489e-4
3.55862614e-5
3.55862614e-5
-2.08226999e-4
-2.25269484e-4
-4.98448417e-4
-4.98448417e-4
7.65186247e-4
7.65186247e-4
2.51226730e-4
2.51226730e-4
-5.22431416e-4
-5.22431416e-4
7.96135331e-4
7.96135331e-4
-3.22630803e-4
-3.22630803e-4
9.86748239e-6
9.86748230e-6
-4.38047179e-4
-4.38047179e-4
-3.02846805e-4
-3.02846805e-4
7.52840145e-4
7.52840145e-4
6.39231313e-4
6.39231313e-4
-1.30580735e-3
-1.30580735e-3
5.39761590e-4
5.39761590e-4
-3.21567765e-4
-3.53351406e-4
-8.37094363e-4
-8.37094363e-4
6.05135165e-4
6.05135165e-4
2.71272817e-4
2.71272817e-4
2.43975240e-4
2.31547277e-4
-1.21394253e-4
-1.21394253e-4
-4.20719437e-4
-4.53964942e-4
-7.56834749e-4
-7.56834749e-4
1.05018646e-3
1.05018646e-3
-7.77625019e-4
-7.77625019e-4
3.21380463e-4
3.44282616e-4
-1.02894367e-3
-1.02894367e-3
7.08107207e-4
7.08107206e-4
-2.06952491e-3
-2.07193624e-3
1.80464852e-3
1.80464944e-3
4.14555398e-4
4.14555397e-4
-1.48037880e-4
-1.48037880e-4
6.18972068e-4
6.18972067e-4
5.22981465e-5
5.22981464e-5
-5.28017321e-4
-5.28017321e-4
5.65825828e-4
5.39247389e-4
-2.22057040e-4
-2.22056973e-4
-2.42619797e-4
-2.42793117e-4
-1.18268823e-4
-1.18268823e-4
2.25548484e-4
2.26870484e-4
1.68409170e-3
1.68410397e-3
-1.47306925e-3
-1.47306924e-3
-1.20694095e-4
-1.01991904e-4
-3.18079417e-5
-4.74984121e-5
1.11341475e-3
1.11341475e-3
-6.14952582e-4
-6.14952582e-4
-1.40710140e-4
-1.21682132e-4
-2.05682010e-4
-2.10086549e-4
-6.14000167e-4
-6.14000168e-4
6.90621550e-4
6.90621550e-4
2.04292692e-4
2.00005390e-4
-4.97295534e-5
-5.43550320e-5
4.91225232e-4
4.91225232e-4
-3.75488540e-4
-3.75489359e-4
7.05352697e-5
7.51209868e-5
-3.02823456e-5
-2.85483740e-5
5.30722831e-5
5.30722832e-5
4.39560192e-4
4.39560192e-4
2.63359484e-4
2.70115507e-4
-4.25963826e-4
-4.44985171e-4
-7.21471706e-4
-7.21471706e-4
7.26939714e-4
6.65704466e-4
6.61930487e-4
6.17886474e-4
-3.51648655e-4
-3.23242698e-4
-2.66034215e-4
-2.66034215e-4
-6.94192967e-5
-7.57973236e-5
-4.56505526e-5
-5.25069042e-5
1.80006771e-4
1.75755486e-4
5.23107200e-4
5.23107200e-4
-6.69695654e-4
-6.69695654e-4
2.12227699e-4
1.98187613e-4
2.83652863e-5
2.36734776e-5
6.06863822e-5
6.06863823e-5
-1.40035940e-4
-1.40035940e-4
-7.51751900e-5
-7.55263037e-5
3.31317579e-5
3.42114793e-5
2.41457532e-5
2.41457532e-5
-9.85219305e-5
-9.85219306e-5
1.92533852e-4
1.92533852e-4
-1.84267226e-4
-2.04993760e-4
-9.95712395e-5
-1.04357008e-4
1.73212624e-5
1.52604371e-5
4.03117685e-6
4.03117687e-6
1.90592157e-5
1.66657350e-5
9.30340897e-6
-2.53052123e-22
-2.08084512e-5
-2.08084512e-5
3.26992258e-5
3.26992258e-5
-8.03699944e-6
-3.87251352e-22
-3.93443047e-5
-3.93443047e-5
4.17706552e-5
4.17706553e-5
-1.89920361e-4
-1.89920308e-4
1.54333720e-4
1.54333720e-4
-4.57582184e-6
-2.52402683e-6
7.10914018e-6
7.81772567e-6
-2.53529587e-5
-2.72193944e-5
2.34777112e-5
2.33298391e-5
-1.02221556e-5
2.51902189e-22
-4.16158259e-5
-4.16158259e-5
4.04931189e-5
4.04931152e-5
-3.47225134e-22
-4.07505470e-6
-6.58060761e-4
-6.02459163e-4
6.53276755e-4
6.53276755e-4
-3.29339946e-4
-2.95398613e-4
-9.20993906e-5
-9.66149987e-5
2.44206319e-4
2.18158616e-4
2.09622524e-4
2.03943616e-4
9.08984005e-5
8.11519701e-5
1.60778874e-4
1.60778874e-4
2.44244162e-4
2.33989672e-4
-1.53984868e-4
-1.64297312e-4
-2.92910496e-4
-3.18925312e-4
2.93904728e-4
3.20765905e-4
1.45809812e-4
1.62041367e-4
-4.92678950e-7
4.65405470e-6
-1.39581966e-4
-1.24179962e-4
-3.53238464e-5
-3.21608268e-5
-3.39336590e-4
-3.12792309e-4
3.15593483e-4
3.40649389e-4
-3.26945176e-4
-3.46145373e-4
1.98580543e-4
1.83748229e-4
1.36007132e-4
1.21269636e-4
-1.10871741e-4
-1.10871741e-4
4.03217884e-5
4.53342539e-5
9.26838340e-6
8.03688314e-6
-7.82080342e-5
-8.80338125e-5
-5.35449545e-6
-3.61169270e-6
-6.10054471e-6
-7.21309528e-6
-5.00842835e-6
-5.00842834e-6
-1.43812911e-5
1.96864819e-23
1.84740556e-5
2.13017457e-5
-2.17751547e-5
-2.50733784e-5
7.94020486e-23
-1.71917134e-5
1.51760549e-5
1.29261196e-5
3.33946865e-7
-3.16113529e-7
3.67825808e-5
3.53755015e-5
-5.30437730e-5
-5.35405877e-5
6.51351078e-5
6.93146557e-5
-6.51766940e-5
-7.04027691e-5
-3.20889387e-5
-3.50034139e-5
4.93707383e-6
5.97283288e-6
2.96327858e-5
3.27589596e-5
-1.48110111e-6
-2.45372008e-6
6.78558651e-5
7.25614475e-5
-7.03798951e-5
-7.39005832e-5
2.37605068e-6
1.75111569e-22
-7.68557595e-6
-8.04037424e-6
6.76263215e-6
7.25516904e-6
-4.38292923e-23
4.08644602e-6
-4.38774272e-6
6.58760169e-23
-6.85413721e-6
-7.25884223e-6
8.92601900e-6
8.64125575e-6
-5.49170520e-6
-4.64844712e-23
-1.29650385e-6
-5.90728541e-7
-1.56376240e-5
-1.81872930e-5
1.05960007e-4
1.18856426e-4
1.45157987e-6
4.38202591e-6
-2.52890543e-5
-1.96772140e-5
-3.62065673e-5
-3.57722349e-5
7.91638452e-5
8.16493706e-5
-4.65137896e-5
-4.90408577e-5
1.52355195e-22
2.02889125e-5
3.14953041e-5
3.57008190e-5
-3.27816144e-5
-3.70654601e-5
-3.17776613e-23
3.21185680e-5
1.01379265e-4
1.01379266e-4
1.01377198e-4
1.01377198e-4
1.10145230e-4
1.16151534e-4
-1.13092734e-4
-1.08571387e-4
-2.83455644e-4
-2.83455644e-4
3.98065561e-4
3.98065561e-4
-1.75198252e-5
-1.75198252e-5
-1.75240802e-5
-1.75240802e-5
2.30835328e-5
2.17754426e-5
2.34085618e-5
2.36997478e-5
6.17194037e-5
6.17194037e-5
-1.28150552e-4
-1.28150552e-4
-4.94840683e-5
-4.95016127e-5
4.35714549e-5
4.57833699e-5
2.15077797e-4
2.15077797e-4
-3.00235682e-4
-3.00235682e-4
-4.22133218e-5
-3.40226813e-5
1.93948521e-4
1.75875449e-4
-3.92620804e-4
-3.92620804e-4
2.31199706e-4
2.31199706e-4
-7.95382897e-6
-7.95382895e-6
-7.94776614e-6
-7.94776610e-6
-1.74135190e-5
-1.70219194e-5
2.85561384e-6
2.72315632e-6
2.20473034e-5
2.20473034e-5
-3.02837873e-5
-3.02837873e-5
1.27638821e-6
1.27638824e-6
1.28333832e-6
1.28333824e-6
2.00822377e-23
1.59270741e-6
-3.92747797e-6
-3.92747798e-6
6.76947631e-6
6.76947632e-6
4.07027708e-6
-4.06934627e-23
-9.66105540e-6
-9.66105540e-6
1.20590467e-5
1.20590467e-5
-2.81415239e-6
-2.53759152e-6
-1.18632101e-5
-1.31238831e-5
2.78555484e-5
2.78555485e-5
-1.03336040e-5
-1.03336040e-5
1.53678388e-5
1.41434318e-5
-1.41093663e-5
-1.42387778e-5
-2.35538860e-5
-2.35538860e-5
6.85096443e-5
6.85096443e-5
3.51393273e-5
3.03216853e-5
-1.30580751e-4
-1.38958564e-4
-3.71667747e-23
6.93000261e-6
-1.29434757e-5
-1.29434757e-5
1.09748712e-5
1.09748712e-5
9.53089703e-24
2.62606315e-6
-1.95451218e-5
-1.83141640e-5
5.98561136e-5
5.81177116e-5
-7.25762185e-5
-7.14473478e-5
-3.85223820e-5
-4.91984931e-5
-4.37354673e-6
-1.50331951e-5
1.78473795e-4
1.83446821e-4
6.87238412e-5
6.87238411e-5
-4.13377106e-4
-4.13377106e-4
3.43784257e-4
3.43784257e-4
-3.03668297e-4
-3.03668297e-4
2.84720652e-4
3.08819341e-4
-4.43876361e-4
-4.72854798e-4
6.53286454e-4
6.53286454e-4
-6.02464060e-4
-6.58065978e-4
-4.72846429e-4
-4.43865663e-4
2.84717190e-4
3.08816313e-4
-4.13384849e-4
-4.13384849e-4
6.87246290e-5
6.87246290e-5
2.43963906e-4
2.31531991e-4
2.71286142e-4
2.71286608e-4
1.60778130e-4
1.60778130e-4
8.11477114e-5
9.08938712e-5
-4.91997641e-5
-3.85247631e-5
-7.25722385e-5
-7.14452499e-5
-3.03663206e-4
-3.03663206e-4
3.43778134e-4
3.43778134e-4
-1.30619562e-4
-1.38997259e-4
3.51579408e-5
3.03400280e-5
-3.00231977e-4
-3.00231977e-4
2.15077905e-4
2.15077905e-4
1.78529419e-4
1.83501995e-4
-4.43464002e-6
-1.50948474e-5
2.31206140e-4
2.31206140e-4
-3.92630390e-4
-3.92630390e-4
-3.53297736e-4
-3.21513619e-4
5.39721070e-4
5.39721104e-4
-1.10878666e-4
-1.10878666e-4
1.21269826e-4
1.36007343e-4
5.81157416e-5
5.98559981e-5
-1.83148801e-5
-1.95471226e-5
6.85178713e-5
6.85178713e-5
-2.35571811e-5
-2.35571812e-5
-5.01451161e-6
-5.01451157e-6
-7.20970350e-6
-6.09732936e-6
9.45486169e-23
2.63131066e-6
1.09809382e-5
1.09809382e-5
-1.29436234e-5
-1.29436234e-5
1.08952540e-22
6.93631853e-6
1.20534885e-5
1.20534885e-5
-9.65381387e-6
-9.65381390e-6
-1.41154286e-5
-1.42443529e-5
1.53661528e-5
1.41412416e-5
-1.03374749e-5
-1.03374749e-5
2.78633537e-5
2.78633537e-5
-1.31222021e-5
-1.18601614e-5
-2.53413450e-6
-2.81167711e-6
-3.02893839e-5
-3.02893839e-5
2.20465434e-5
2.20465434e-5
4.57726000e-5
4.35594039e-5
-4.94828094e-5
-4.94646483e-5
4.06638441e-6
4.78778097e-23
6.76558443e-6
6.76558439e-6
-3.92972373e-6
-3.92972375e-6
6.02541478e-24
1.58780011e-6
2.85893999e-6
2.72724002e-6
-1.74096968e-5
-1.70190854e-5
2.36821979e-5
2.33918286e-5
2.18078276e-5
2.31161522e-5
1.75893279e-4
1.93968201e-4
-3.40438106e-5
-4.22349693e-5
3.98072940e-4
3.98072940e-4
-2.83457762e-4
-2.83457762e-4
-2.25285928e-4
-2.08240378e-4
3.55989512e-5
3.55989535e-5
-1.28153573e-4
-1.28153573e-4
6.17235761e-5
6.17235762e-5
-1.08614633e-4
-1.13135419e-4
1.10191110e-4
1.16196104e-4
6.45702108e-5
6.53333557e-5
-2.57860834e-4
-2.57860833e-4
-1.18263190e-4
-1.18263189e-4
2.26869059e-4
2.25547343e-4
-2.42788643e-4
-2.42615482e-4
-2.22063164e-4
-2.22063125e-4
-1.48044980e-4
-1.48044980e-4
4.14560578e-4
4.14560578e-4
-5.28020397e-4
-5.28020397e-4
5.39253589e-4
5.65832515e-4
7.08115005e-4
7.08115027e-4
-1.02895310e-3
-1.02895301e-3
5.22997914e-5
5.22997914e-5
6.18968725e-4
6.18968725e-4
-1.30581702e-3
-1.30581702e-3
6.39245421e-4
6.39245414e-4
-1.06689465e-3
-1.06689465e-3
9.69961616e-4
9.69961616e-4
1.80465542e-3
1.80465450e-3
-2.06952694e-3
-2.07193826e-3
-4.58443848e-4
-4.58443848e-4
1.07458001e-4
1.07458001e-4
-7.77621328e-4
-7.77621328e-4
3.21381356e-4
3.44283687e-4
1.05019755e-3
1.05019732e-3
-7.56847452e-4
-7.56847091e-4
7.52835094e-4
7.52835094e-4
-3.02845467e-4
-3.02845467e-4
-1.21380246e-4
-1.21380246e-4
-4.53970456e-4
-4.20724614e-4
6.05120008e-4
6.05120008e-4
-8.37086195e-4
-8.37086195e-4
7.65188068e-4
7.65188068e-4
-4.98456609e-4
-4.98456609e-4
-4.38017571e-4
-4.38017545e-4
9.84692473e-6
9.84690857e-6
-3.22626791e-4
-3.22626791e-4
7.96129480e-4
7.96129480e-4
-5.22422737e-4
-5.22422739e-4
2.51215318e-4
2.51215320e-4
-9.17355636e-4
-9.17355636e-4
6.91798962e-4
6.91798962e-4
6.14039816e-4
6.14039817e-4
-3.72705477e-4
-3.72705477e-4
2.12154071e-4
2.12154071e-4
-3.61037894e-5
-3.61037895e-5
2.68739057e-4
2.68739057e-4
-2.38230297e-5
-2.38230296e-5
-3.94742778e-4
-3.94742778e-4
7.33878637e-4
7.33878637e-4
1.23569788e-3
1.20215217e-3
-2.91414735e-4
-2.91401934e-4
7.14025460e-4
7.14025459e-4
-2.44498734e-3
-2.44498734e-3
-3.94224358e-4
-3.94224358e-4
-1.26235845e-4
-1.26235845e-4
-6.57124863e-4
-6.57294006e-4
5.40614423e-4
9.83869716e-4
-2.32982158e-6
-2.39368523e-6
3.52472406e-5
4.51158128e-5
-4.57251161e-5
-3.71295029e-5
7.11703330e-6
7.81852795e-6
-2.54292293e-6
-4.59204645e-6
-5.70047278e-6
-5.83418244e-6
3.85460700e-5
4.49714344e-5
-4.11412763e-5
-3.79645078e-5
2.31301472e-5
2.32707856e-5
-2.71097460e-5
-2.52443592e-5
-9.85480639e-5
-9.81388580e-5
2.39049223e-5
2.40538282e-5
-4.97642155e-5
-5.43901633e-5
2.04297076e-4
2.00009562e-4
1.53849303e-4
1.54436665e-4
-1.90066624e-4
-1.89372387e-4
-3.02633942e-5
-2.85300339e-5
7.05215694e-5
7.51071190e-5
-4.04234293e-6
-4.45316479e-6
3.26024395e-5
3.37625007e-5
-1.84926928e-5
-2.47162862e-5
3.39500089e-5
3.28741397e-5
-7.54542669e-5
-7.51076537e-5
5.78236077e-6
6.16523311e-6
-5.50220225e-7
1.05513964e-5
2.49255634e-5
8.82869255e-6
1.49978390e-5
1.70488244e-5
-9.95572036e-5
-1.04338547e-4
1.92121408e-4
1.93053457e-4
-2.04417687e-4
-1.84773075e-4
1.80051311e-4
1.75800395e-4
-5.25409336e-5
-4.56855861e-5
-1.40427094e-4
-1.39851729e-4
6.07337042e-5
6.09238386e-5
2.36637537e-5
2.83577857e-5
2.12221417e-4
1.98180616e-4
-6.69745486e-4
-6.69770342e-4
5.23203374e-4
5.23150100e-4
-4.25956559e-4
-4.44977840e-4
2.70110463e-4
2.63354719e-4
6.90671849e-4
6.90672971e-4
-6.14027532e-4
-6.14049254e-4
-2.66144005e-4
-2.66065953e-4
-6.93933707e-5
-7.56931825e-5
-3.23225382e-4
-3.51630382e-4
6.61925157e-4
6.17881519e-4
-7.21441292e-4
-7.21434987e-4
7.26892874e-4
6.65651570e-4
4.39536881e-4
4.39541618e-4
5.30825921e-5
5.30853597e-5
-6.14959326e-4
-6.14958451e-4
1.11341779e-3
1.11341848e-3
-3.75489808e-4
-3.75534199e-4
4.91271658e-4
4.91235407e-4
-3.17994290e-5
-4.74896058e-5
-1.01995905e-4
-1.20697837e-4
-2.10080865e-4
-2.05676124e-4
-1.21690120e-4
-1.40718558e-4
-1.47306917e-3
-1.47307100e-3
1.68409997e-3
1.68409025e-3
1.93729558e-5
1.97769706e-5
-4.26543322e-5
-2.53539545e-5
2.73870841e-5
3.85055354e-5
-3.59148635e-5
-3.63340502e-5
-2.53418573e-5
-1.97318230e-5
1.17216711e-5
1.26315451e-5
-1.76503003e-5
-1.59050641e-5
1.64607645e-6
-2.92366514e-6
-4.64811780e-5
-4.90157214e-5
8.15370350e-5
7.90545471e-5
-7.39672343e-5
-7.05985304e-5
6.81734741e-5
7.24182360e-5
-3.21107586e-5
-3.52765367e-5
-1.24183845e-4
-1.39586715e-4
1.83176068e-6
4.31648171e-6
1.18259664e-4
1.06325994e-4
1.98644310e-4
1.83809726e-4
-3.46176217e-4
-3.26973763e-4
-3.92445355e-6
-4.02082758e-6
5.69449086e-6
1.10317952e-5
-8.22936480e-6
-5.23121358e-6
-1.24612000e-6
-2.21354240e-6
2.95480797e-5
3.26694872e-5
-2.30503093e-6
-2.51645968e-6
4.55675210e-23
4.02334164e-6
7.32229544e-6
6.82243080e-6
-8.02254957e-6
-7.66743516e-6
1.43639288e-22
2.42576864e-6
-3.35275336e-7
3.15802427e-7
1.29368386e-5
1.51875153e-5
5.85183402e-6
5.00464381e-6
-3.48202806e-5
-3.23069937e-5
-6.51622410e-5
-7.03869352e-5
6.93251333e-5
6.51450751e-5
-5.30352681e-5
-5.35044757e-5
3.67635275e-5
3.53672496e-5
-5.36858938e-6
-3.62678094e-6
-7.81993404e-5
-8.80244581e-5
-5.31047910e-7
4.65146950e-6
1.45806219e-4
1.62054981e-4
2.49188895e-23
-1.71658918e-5
-2.50785479e-5
-2.17800266e-5
1.84736398e-5
2.13013330e-5
8.26712397e-23
-1.44027846e-5
9.27791009e-6
8.04544764e-6
4.53340280e-5
4.03194917e-5
-1.53999723e-4
-1.64314763e-4
2.34027014e-4
2.44282710e-4
3.40570129e-4
3.15579945e-4
-3.12784865e-4
-3.39303723e-4
2.03951708e-4
2.09631871e-4
2.44206107e-4
2.18158748e-4
3.20753405e-4
2.93892582e-4
-3.18913843e-4
-2.92899617e-4
-9.21537450e-5
-9.66713428e-5
-3.29282252e-4
-2.95335834e-4
9.56782839e-3
-2.97370068e-3
-2.72525978e-3
-6.50871310e-13
-1.96543935e-3
-1.75212040e-4
-4.07815076e-3
6.25816115e-13
2.51385924e-3
2.42564429e-4
-3.73308684e-3
-1.33534425e-13
3.08075862e-3
4.11680620e-3
-2.03676622e-3
-9.49366574e-14
7.97194697e-4
-6.68600824e-8
-9.16480047e-4
6.45772357e-13
1.43882746e-3
2.90847248e-14
-1.26908573e-5
5.32474239e-13
1.10142326e-3
6.11930755e-13
3.37451743e-4
8.01164764e-13
1.60470327e-3
9.25609832e-8
-1.56586370e-3
2.71721429e-13
1.39706079e-3
2.63931249e-8
-1.78555714e-4
-5.86170979e-13
1.03792530e-4
8.26811777e-14
1.22507135e-3
-4.89008890e-13
-1.36851578e-3
-1.81744902e-13
1.97962271e-3
5.37333575e-13
-5.96709085e-4
7.07631559e-9
1.31763573e-3
2.19723353e-13
4.20370323e-3
1.17388537e-3
-5.94811458e-4
-5.69217778e-13
3.38703575e-3
6.91659560e-5
-1.15365521e-3
-5.07391356e-13
6.40839494e-4
1.85450302e-5
5.15718184e-4
-2.43443406e-14
1.37589807e-3
3.14746462e-4
8.95123817e-5
-2.46247147e-13
9.16461469e-4
-1.60279204e-13
3.92288662e-4
1.16018058e-13
7.97968925e-5
-1.05253532e-13
4.00290100e-4
-2.41024473e-13
-2.75055381e-4
-2.34878459e-13
1.05709241e-3
-2.80290217e-13
3.70614627e-4
-2.89410974e-13
1.17245434e-3
5.12821590e-13
-4.70862434e-4
-3.47023099e-13
1.75223031e-4
-2.66934709e-13
-5.14548130e-4
-2.50199860e-13
-7.56412578e-5
6.60153672e-14
-4.06027598e-4
-2.13511675e-13
-2.95697345e-4
-7.05189689e-13
-5.47517568e-4
-1.55922238e-13
3.84284841e-4
-2.83377165e-13
-5.43581181e-4
-4.34942648e-14
2.35367206e-4
5.72495745e-13
-1.39965904e-4
-2.87226781e-13
-6.61183678e-4
3.39209092e-13
2.93604547e-4
-4.52102738e-14
-1.09974144e-3
-2.48955674e-13
-2.48989457e-4
8.14526289e-14
-3.00942729e-4
-6.57638323e-14
-5.69657972e-4
-1.40673912e-13
1.78904044e-3
3.32216376e-15
-7.51740830e-4
-3.13539497e-13
1.29331536e-3
5.28190044e-13
-9.25501078e-4
-5.22413953e-13
9.30291409e-4
4.41070820e-14
-1.41293084e-3
-6.81775441e-14
1.87430901e-3
2.95457208e-13
-1.50150762e-3
4.63165134e-14
1.20076948e-3
2.23633480e-13
-4.65818685e-4
1.00224295e-13
4.88777119e-5
-1.94540286e-13
5.53748298e-4
5.84456886e-13
-9.45872920e-4
1.76144114e-13
-5.25737390e-4
3.70147439e-13
9.55472914e-6
-3.83937088e-13
3.85303793e-4
-1.85491942e-14
-1.00673405e-3
-4.21688401e-13
7.73977775e-4
1.57346930e-13
-1.39388449e-3
-2.68931808e-13
1.03901768e-3
2.53386295e-13
-1.29717732e-3
1.76302945e-13
1.10863027e-3
7.95240213e-14
-1.49066326e-3
2.20883328e-13
1.44925938e-3
2.43419974e-13
-1.40602833e-3
3.38363647e-13
8.20644084e-4
3.11350870e-13
-7.12060475e-4
2.24829590e-13
6.87890512e-5
4.06878001e-13
1.86489751e-4
6.79409337e-14
1.02814379e-3
9.17604899e-14
-6.96767367e-4
1.60274998e-13
1.04558842e-3
4.37285739e-13
-1.06383579e-3
-3.94619639e-14
1.56307134e-3
6.40266216e-13
-1.50643124e-3
2.41007642e-13
1.81292067e-3
4.32334126e-13
-1.29077877e-3
1.65235454e-13
2.14908416e-3
3.99561322e-13
-1.42160666e-3
6.10662931e-14
-2.36311429e-3
8.43861460e-5
3.81893194e-4
4.21074828e-13
-2.52640745e-3
4.97207689e-6
1.20553790e-3
1.25082907e-14
-3.68434637e-3
1.33305530e-6
9.91517354e-4
4.76016936e-14
-4.05117973e-3
2.26246302e-5
3.45334272e-4
7.89044954e-14
-2.64865806e-3
1.89700054e-9
1.80304604e-3
-1.58018320e-14
-2.32309699e-3
-4.04449551e-13
1.86156811e-3
1.56073214e-13
-1.80845310e-3
-3.62484444e-13
8.59841882e-4
-5.59171005e-13
-2.93329106e-3
5.08753861e-10
1.21746974e-3
-3.07913773e-13
-1.11849191e-3
1.36847500e-10
1.18654109e-4
-2.97462884e-13
4.44672981e-5
-5.60256189e-13
-3.99940301e-4
-2.86126138e-13
1.97763771e-3
-5.08426757e-13
-1.16806104e-3
-4.80018529e-16
1.45811360e-3
3.75232183e-11
-7.50869088e-4
9.12450161e-14
-2.65574730e-3
6.06588793e-6
1.23318179e-4
-1.05229738e-14
-2.10020704e-3
3.57405473e-7
2.84275630e-4
-3.26870724e-13
8.73035390e-4
9.58322468e-8
-3.70329719e-4
2.51967124e-14
4.97005982e-4
1.62646685e-6
-9.85191824e-5
-2.23160716e-13
2.80705837e-3
4.36789526e-7
-1.85988970e-4
-2.81391855e-6
2.83323790e-3
2.57358412e-8
-5.90217298e-4
-4.44958896e-6
2.30493128e-3
6.82303526e-9
-2.62669758e-4
4.21721860e-6
2.51537840e-3
1.15800437e-7
-9.63480281e-5
4.18565165e-6
2.77727348e-3
1.03886347e-11
-9.09011387e-4
-1.63849479e-6
2.48609454e-3
-1.88774844e-13
-1.03441359e-3
4.83379126e-6
1.19392045e-3
1.51467269e-13
-1.25936331e-4
8.47347063e-6
1.86483220e-3
2.51284573e-12
-2.93746516e-4
5.98507291e-6
-1.59389419e-5
2.68400208e-13
2.78850746e-4
6.06326100e-6
-4.87335668e-4
4.08492121e-13
4.91943682e-4
5.51923707e-6
-1.03737886e-3
4.26898848e-13
4.04550340e-4
1.15141997e-6
-9.38465748e-4
-3.11841374e-13
3.17487977e-4
2.37757028e-6
5.57333476e-4
3.01805802e-8
2.88463625e-5
4.87683626e-6
3.55885490e-4
1.77835092e-9
1.24517713e-4
5.65442009e-6
-8.23825919e-4
4.57596301e-10
1.93913657e-4
2.61138641e-6
-7.50964977e-4
7.76330554e-9
5.89557976e-5
2.01554103e-6
1.85920378e-3
9.06700941e-14
-8.54172513e-4
1.20742826e-5
9.36936666e-4
9.27241755e-14
-3.37230537e-4
1.57214008e-5
-4.85162990e-4
-1.06267982e-13
7.02379862e-4
6.55146696e-6
3.58100934e-4
-8.28958760e-14
2.39153966e-4
9.44110304e-6
-7.54125308e-5
3.64151520e-14
3.88793553e-4
1.20859687e-5
-8.76453939e-4
1.27010473e-13
1.04101265e-3
1.11436730e-6
-1.34310674e-3
7.75137579e-14
1.14537235e-3
-1.07430328e-5
-1.11714123e-3
-9.77980192e-14
1.07422762e-3
-9.27388819e-7
-1.26331374e-3
-2.81556684e-13
7.65692782e-4
-7.30577962e-6
-9.58592517e-4
-1.58765469e-13
4.41682062e-4
-1.22298806e-5
-1.84171368e-4
-1.49552263e-13
-2.34359179e-4
-6.92208802e-6
-6.10743292e-4
-1.59022932e-13
7.97402087e-5
-6.24415842e-6
-9.43642648e-4
-1.97490665e-13
7.11365931e-4
3.15635859e-6
-1.24335626e-3
-2.16483318e-13
8.38300762e-4
-1.41087922e-6
-9.14052768e-4
-8.90866552e-14
3.10849845e-4
-3.87709619e-6
-1.04952888e-3
-1.40785267e-13
4.15386757e-4
-1.07671573e-6
-4.26458110e-4
-8.46921614e-14
9.18384893e-6
-1.78200208e-6
-2.12155425e-4
2.10522386e-14
-1.10081024e-4
-2.53698817e-6
1.46154556e-4
4.06002610e-14
-1.59736540e-4
-7.50601651e-7
4.20216625e-5
-5.81691824e-14
-1.13585136e-4
-8.79535142e-7
4.22130263e-5
-6.50966476e-14
-2.53369183e-4
-2.60382224e-6
2.82675890e-4
-1.38030900e-13
-3.70615975e-4
-1.62458281e-6
2.78846603e-4
-4.87521823e-14
-1.73737955e-4
5.98006443e-7
2.34316405e-4
2.29115176e-14
-1.87164269e-4
-2.55211289e-7
1.26968105e-4
-1.46235925e-14
-4.54282774e-5
3.23297044e-7
9.92301277e-5
-2.16229551e-14
-1.15454895e-5
6.68659382e-7
-1.27708621e-5
-1.46932790e-14
1.18632785e-5
2.64512664e-6
1.36662000e-5
1.55384001e-15
-7.77303073e-7
4.55792490e-6
1.18275074e-4
-1.36347571e-14
-5.99591966e-5
-1.63209349e-7
1.31257610e-4
4.18243056e-14
-6.04839490e-5
2.85830802e-8
3.48481300e-5
-6.40313983e-15
-8.92486218e-6
4.76658055e-6
4.90828359e-5
-1.49459162e-14
-1.23569708e-5
3.87872429e-6
-7.13043508e-4
1.97980264e-9
2.46308258e-5
-1.24780240e-7
-6.99858532e-4
1.16749871e-10
7.25103085e-5
6.62947433e-8
-1.83001986e-4
2.96081459e-11
-1.27064629e-5
-5.30150919e-7
-2.08012601e-4
5.02396127e-10
-2.50642873e-6
-5.16758445e-7
-6.60735500e-4
-3.15890704e-13
9.61179441e-5
-1.86033517e-7
-5.75435614e-4
2.24408845e-13
7.88074714e-5
-8.65340350e-7
-5.52477390e-5
8.31698206e-14
-6.77752282e-5
-7.85175093e-7
-1.31995584e-4
-1.29255746e-13
-3.32821686e-5
-6.31539972e-7
7.37499587e-5
-2.93643759e-14
-3.54310168e-5
-2.79026836e-7
9.64968817e-5
1.60446197e-14
-4.97771630e-5
-2.55572341e-7
5.69559728e-5
-5.60639307e-15
-1.20198864e-5
2.50105986e-6
6.02656957e-5
4.27110842e-15
-9.20932630e-6
1.02932629e-6
4.60036736e-5
1.26469942e-10
-6.02603476e-6
-2.26942308e-7
5.57703824e-5
7.45876156e-12
-2.04172184e-5
-2.64334272e-7
6.10646545e-5
1.71931183e-12
-5.04592379e-6
-3.57314756e-7
6.10082155e-5
2.89988459e-11
-3.09131558e-7
-1.60673144e-6
-1.22348984e-3
7.70262554e-6
1.27452140e-3
-1.63828150e-5
-8.23815622e-4
1.51690547e-5
9.09709100e-4
-2.73446976e-5
-2.85458799e-4
2.16230513e-5
1.44340651e-4
-1.97930780e-5
-1.06907577e-3
2.66344386e-5
7.93784524e-4
-2.01595898e-5
-1.07194215e-4
1.24399039e-5
2.24997119e-4
-1.93294001e-5
2.96501940e-4
5.76190407e-6
-2.55620201e-4
-2.14146346e-6
4.74994908e-4
7.78218359e-7
-5.23211589e-4
7.96053440e-6
3.54646768e-4
1.00067466e-5
-3.97606459e-4
-5.89551339e-6
6.06768796e-4
-1.22716631e-6
-6.50388563e-4
5.73970712e-6
4.16462702e-4
-6.14050853e-6
-4.41931696e-4
1.18661459e-5
1.71024894e-4
-8.56648131e-6
-1.34177410e-4
8.85578939e-6
4.85488368e-4
-1.05846902e-5
-4.25928141e-4
9.21174233e-6
-3.55750404e-4
2.53675081e-5
-6.59243610e-5
-1.30517625e-5
3.43335417e-4
1.11338250e-5
-5.20351881e-4
-6.07320275e-6
5.94568394e-4
-5.61998163e-6
-6.01348772e-4
3.46928827e-6
2.98647894e-4
6.50176656e-6
-5.16105141e-4
-3.58109493e-6
2.75821139e-4
9.31100679e-7
-3.25631114e-4
8.44530657e-6
1.05676498e-4
-6.87843869e-7
-1.71464232e-4
8.02498396e-6
4.00958026e-5
-2.07982420e-6
-9.01957831e-5
6.49364621e-6
2.54533273e-4
-2.56608406e-6
-3.24250489e-4
1.14130703e-5
4.06889750e-6
-5.80845898e-7
-3.37179411e-5
3.24676399e-6
-6.35634648e-6
-2.51143927e-6
1.78048930e-5
7.02576970e-7
-1.72922738e-5
1.48450837e-6
3.54078961e-5
-6.72304353e-7
-3.27170586e-5
-8.44189567e-7
1.96004483e-5
1.08383216e-6
-6.04238369e-5
-5.01418476e-7
6.20142535e-5
-1.23116932e-6
-2.34724047e-5
6.52104387e-6
3.56635014e-5
-1.74555952e-6
-1.94045621e-5
8.52499584e-6
1.70229845e-5
-1.89791068e-6
-5.85059012e-5
2.36796009e-7
6.27867504e-5
-2.30879858e-6
1.09498954e-4
-5.01196760e-6
-1.40074254e-4
9.02810976e-6
-5.11957653e-5
-2.23376229e-6
3.51305793e-5
2.66911616e-6
-1.05560340e-4
-8.58084318e-7
1.10406352e-4
-8.34620680e-7
-5.84179966e-5
-4.05365637e-6
6.87301798e-5
3.80406501e-6
-1.33494402e-4
-7.55131976e-7
1.47466871e-4
-2.62664233e-7
-9.20811806e-5
8.23602606e-7
9.53071973e-5
-2.15650892e-6
-4.02264742e-5
1.42150657e-6
3.61711320e-5
-1.62907611e-6
-1.00935449e-4
1.72711420e-6
9.93442681e-5
-1.53273904e-6
-3.08116249e-5
7.40911066e-7
2.93784613e-5
-1.88715840e-6
-7.60524601e-6
5.60761618e-6
-5.25201086e-6
-1.23391525e-6
3.02751042e-6
6.63193769e-7
-1.51108828e-5
-4.13138596e-7
-1.46341656e-6
6.43962501e-7
-3.47290246e-6
-8.57699135e-7
1.18279874e-5
2.23979542e-7
-1.38197284e-5
-1.44426545e-7
6.49430102e-6
-2.09894803e-6
-1.14502794e-5
3.60776999e-8
4.84741302e-6
-1.87255582e-6
-4.99357256e-6
1.95704057e-6
1.18660725e-5
1.84410060e-8
-8.15079799e-6
2.96022689e-6
-3.30726896e-5
2.00928497e-6
2.84174163e-5
-1.05898619e-6
1.94239528e-6
9.43516854e-7
-3.74255507e-6
-6.70928524e-7
1.74910290e-5
5.35851119e-7
-6.55932646e-6
8.01197777e-7
8.68442575e-6
1.54136302e-6
4.72188550e-6
-5.24804219e-6
4.58862716e-4
-9.64655269e-6
-3.94036796e-4
1.51261703e-6
4.13339586e-4
-1.30473194e-5
-2.75358506e-4
5.30946948e-6
1.17174682e-4
-8.63099710e-6
1.07708426e-5
3.02334308e-6
2.57717304e-4
-1.13176210e-5
-1.03626470e-4
2.03988361e-6
1.74065580e-4
-1.03464565e-5
-6.47089772e-5
6.18666548e-6
-5.43171985e-5
-4.93666432e-6
1.04248672e-4
3.48089323e-6
-1.23582383e-4
1.89890296e-7
1.41688553e-4
2.35971725e-8
-4.49931838e-5
-3.78667279e-6
1.12168091e-4
2.10545959e-6
-8.64745391e-5
1.43107766e-6
9.61984255e-5
5.60117070e-8
-7.61990489e-5
2.54143292e-6
7.15223986e-5
-7.98783761e-7
-1.88922767e-5
2.52751064e-6
2.26265165e-5
-1.15201417e-5
-5.03077269e-5
2.62546970e-6
3.65045887e-5
-1.29773517e-5
4.32035524e-5
-4.84140996e-6
3.70176622e-5
9.76695331e-7
-3.91079836e-5
-1.46878032e-6
8.18007093e-5
8.51881883e-7
-6.15080952e-5
1.35862460e-6
3.76351589e-5
-8.56161545e-6
-4.24866542e-5
-8.22602649e-7
2.67586797e-5
-1.92783015e-6
-1.68663301e-4
3.01370366e-7
-1.89649708e-4
-2.43150425e-13
1.90342588e-4
2.37351476e-6
-1.34446058e-4
4.55635642e-14
2.50151924e-4
9.90514471e-7
-3.63269823e-4
-2.99110379e-14
-2.39717006e-5
1.92013778e-6
-5.62427016e-4
-6.20517596e-13
2.12234470e-4
1.78695584e-6
-2.02038458e-5
-5.92858315e-14
5.16001842e-5
5.17221181e-7
3.68010656e-5
-7.12204946e-14
1.94716900e-5
-2.38544424e-7
1.20136594e-4
4.38616831e-13
1.92397771e-4
1.03903904e-7
-2.98707300e-5
4.44722400e-13
1.29082980e-4
-1.90003785e-6
4.33325666e-5
-3.36055424e-13
-4.58998191e-5
-1.04566135e-6
2.25153799e-4
-8.17532374e-14
-1.34338244e-4
-1.43670920e-6
3.43202137e-4
8.10285106e-14
-4.15861343e-6
-3.79869994e-6
2.21569909e-4
1.28233129e-13
2.36832308e-4
2.69637481e-6
-8.85555881e-4
-1.56573644e-13
3.21708641e-4
-1.10184873e-6
-4.70101242e-4
-3.09880929e-13
3.15782281e-4
-4.45659535e-6
-3.80811061e-4
1.12516198e-13
5.14847879e-4
1.08922099e-7
-1.05386602e-3
-1.16258073e-13
-4.02894090e-5
-1.14663986e-7
2.98241691e-5
-2.92159917e-14
-3.23727109e-5
-1.54285737e-7
8.10946941e-6
2.02057097e-14
-3.17679233e-5
-6.89973767e-8
2.17069728e-5
6.00926948e-14
-5.26604838e-5
-1.92269552e-7
8.80473689e-5
2.61662150e-13
-5.83576551e-6
-5.19771705e-8
-1.42208183e-6
7.65516587e-16
1.50726407e-6
-2.03792823e-7
-1.97451968e-6
-1.07835122e-14
1.93889698e-6
-3.75928032e-8
-5.96759746e-6
2.04296720e-14
-3.67519528e-6
-7.36711887e-9
-5.24385799e-6
1.26743215e-14
1.25204991e-6
4.83988191e-8
-1.17780332e-5
-7.27633329e-15
3.11256143e-6
-7.72408075e-8
-9.93469031e-6
5.24937527e-15
4.89871719e-6
-3.95874668e-7
-1.34820446e-5
2.56410703e-14
9.36570359e-6
1.12889825e-7
-2.21201855e-5
1.16764964e-14
-7.24477696e-5
-2.34161177e-7
1.39141028e-4
-7.73563339e-15
-2.77504872e-5
4.66525287e-8
2.71084731e-5
3.76009471e-15
-1.56099885e-5
2.38559167e-7
1.82830638e-5
7.08897636e-14
-8.71059441e-5
-2.68733188e-8
1.70462335e-4
9.52142642e-14
-7.84081478e-5
5.69159375e-7
1.63282320e-4
2.56277321e-14
9.04415648e-6
5.02648006e-7
-9.50706298e-6
1.52105764e-14
4.64262310e-5
7.45696057e-7
-5.60856451e-5
-1.14846339e-16
-2.86880158e-5
1.48779106e-6
1.00415081e-4
-1.36105206e-14
2.00737893e-5
1.66670957e-7
-3.58994417e-5
1.59852378e-15
6.86390278e-6
-1.07010181e-6
-1.56912863e-5
2.05860156e-14
8.07845506e-6
-2.07011367e-6
-1.50914179e-5
-4.59518245e-14
3.06613039e-5
1.67941658e-7
-5.03429644e-5
-4.00274685e-14
3.57905173e-5
6.45811875e-8
-5.98854357e-5
7.31268182e-16
7.12734438e-6
-3.12100130e-6
-9.99084188e-6
-2.44330672e-14
2.52641132e-6
-3.63403038e-6
6.88546085e-7
-9.18943111e-15
2.86274310e-5
-1.70380831e-7
-5.72292573e-5
-5.50687630e-15
6.69816116e-5
2.36395614e-6
-2.07094335e-5
-6.56063218e-14
8.83579878e-5
7.88751604e-7
-1.12350340e-4
-5.48130928e-15
1.16638971e-4
4.56243937e-7
-1.58876963e-4
1.09492426e-14
1.87436251e-4
2.63086028e-6
-1.75633764e-4
1.91915753e-14
6.49161719e-4
-6.33082108e-6
-9.35465284e-4
-3.18246756e-13
1.46976487e-4
-8.20321552e-6
-6.57077658e-5
-8.24981015e-15
-2.02880435e-4
-9.87435749e-6
4.12903452e-4
-1.45318606e-14
4.77615421e-4
-1.37865147e-5
-4.67012027e-4
1.98808234e-13
-2.07120590e-4
-4.62802511e-6
4.75890986e-4
9.07354760e-14
-2.17078185e-4
-8.97842070e-7
4.38914249e-4
4.80543334e-14
-2.45834905e-4
8.65586608e-7
4.57520376e-4
-8.83862134e-14
-4.25015581e-4
-3.15784594e-6
7.17542659e-4
-1.19202703e-13
-5.48210139e-4
1.19768118e-6
8.19658177e-4
-7.35941375e-14
-1.69913029e-4
3.53620106e-6
3.49131815e-4
-6.28939043e-14
2.92777083e-5
6.00842870e-6
1.03908770e-4
3.09200445e-14
-4.57681067e-4
7.34149248e-6
6.75366221e-4
-8.64230425e-14
-4.46655115e-5
-1.68339128e-5
2.51217110e-4
2.98717450e-13
-6.30876520e-4
-6.70190438e-6
8.83575482e-4
4.13233243e-14
-9.19915234e-4
1.93989581e-6
1.11677137e-3
7.61940866e-14
-7.44094502e-4
-1.09571498e-5
9.42675896e-4
1.85153502e-13
-8.11375609e-4
-2.69963316e-5
-9.42698518e-4
6.78728329e-14
-9.17396601e-4
-1.71315901e-5
-1.11678505e-3
6.78551893e-14
-6.70812623e-4
-1.62405737e-5
-8.83583900e-4
4.41930068e-14
-1.28014334e-4
-1.53420685e-5
-2.51238119e-4
-2.81488866e-13
-4.18123599e-4
-4.69926988e-6
-6.75369963e-4
2.30915501e-13
6.36145958e-5
2.51194637e-6
-1.03904243e-4
8.78888262e-14
-1.47127634e-4
-2.37930458e-6
-3.49120019e-4
2.10115649e-13
-5.41804668e-4
-9.44257009e-6
-8.19654252e-4
1.08871539e-13
-4.43204891e-4
-8.75795219e-6
-7.17533100e-4
2.11799632e-13
-2.38798736e-4
-4.44420746e-6
-4.57509562e-4
3.07307813e-14
-2.22093974e-4
-4.07083427e-6
-4.38910777e-4
-3.86429911e-14
-2.34476053e-4
-4.87360399e-6
-4.75880916e-4
-7.29803467e-14
4.20413555e-4
-6.44066822e-7
4.67004922e-4
1.62634221e-13
-2.55257798e-4
-8.96745535e-6
-4.12900764e-4
2.62900937e-13
1.06846140e-4
-4.27811131e-7
6.57200679e-5
-1.93153660e-13
6.33916313e-4
9.60183503e-6
9.35474732e-4
-2.71615922e-13
2.00944043e-4
3.59206439e-6
1.75644272e-4
4.62871431e-14
1.16823161e-4
1.98256659e-6
1.58890697e-4
1.57501052e-14
9.26959817e-5
1.20708203e-6
1.12365130e-4
7.46165059e-14
8.22887702e-5
9.43217713e-7
2.07244243e-5
1.98637957e-13
2.60358247e-5
5.81425868e-7
5.72424661e-5
9.10015468e-15
-5.10540320e-6
4.22013939e-6
-6.75749909e-7
4.98876086e-15
3.35850071e-6
7.65042200e-7
1.00000585e-5
-1.74824388e-14
3.53478939e-5
5.58396092e-7
5.98982281e-5
2.28859566e-14
3.15748083e-5
3.71396032e-7
5.03448447e-5
-1.55950688e-14
7.45586732e-6
-1.42246335e-6
1.50910200e-5
6.87045414e-15
8.04613589e-6
-2.28341832e-6
1.56815234e-5
1.02756334e-14
2.14696286e-5
1.54691803e-7
3.58890941e-5
5.54676441e-16
-1.74745019e-5
-9.05031384e-7
-1.00406821e-4
-3.35526492e-14
5.18592073e-5
3.83209751e-7
5.60905094e-5
-5.79895979e-14
1.35327818e-5
-2.14411342e-7
9.49846468e-6
3.17996392e-14
-7.30847834e-5
-1.68947448e-6
-1.63286100e-4
1.78871293e-15
-8.64795364e-5
-1.59949906e-6
-1.70474149e-4
-6.78618177e-14
-1.27952893e-5
-4.88750649e-7
-1.82982311e-5
-2.90434349e-14
-2.64000285e-5
-5.04345715e-7
-2.71184665e-5
-4.32895830e-14
-7.41555493e-5
-1.07383109e-6
-1.39151321e-4
-7.81884822e-14
1.06445382e-5
-6.55170220e-9
2.21053734e-5
-4.95406120e-15
6.65318620e-6
-2.20309154e-6
1.34694704e-5
-3.20505573e-15
4.65483811e-6
-1.66988325e-6
9.92796680e-6
1.52705235e-14
2.15427163e-6
-8.81501298e-8
1.17696130e-5
-1.04185258e-14
-3.17561271e-6
-1.05769675e-7
5.24805571e-6
-1.48458022e-14
2.92112189e-6
-1.05417138e-6
5.97153183e-6
1.12824440e-14
1.83746966e-6
-5.46035874e-7
1.98660974e-6
1.56229527e-14
-5.68012737e-6
-8.69933812e-8
1.43609783e-6
4.12571462e-15
-5.45614048e-5
-5.25619983e-7
-8.80490061e-5
-1.75716530e-13
-3.12998665e-5
-3.90759114e-7
-2.17043338e-5
-5.03231299e-14
-3.22806397e-5
-2.57641987e-7
-8.09657760e-6
1.13221953e-14
-4.10650875e-5
-1.91559746e-7
-2.98180564e-5
-1.42518535e-15
5.32571896e-4
1.21584740e-5
1.05388456e-3
9.76382688e-14
2.97407869e-4
5.27332500e-6
3.80825858e-4
-4.48194419e-13
3.20770452e-4
6.96021601e-6
4.70110650e-4
-1.57469837e-13
2.67407616e-4
8.80523111e-6
8.85572006e-4
1.48252974e-13
-2.81405785e-5
-5.75121022e-7
-2.21564068e-4
-3.92326560e-13
-1.44733665e-4
-2.40691776e-6
-3.43206444e-4
-1.39701998e-13
-5.60217923e-5
-6.35095303e-7
-2.25161432e-4
-1.09592797e-13
1.13823840e-4
2.31379762e-6
-4.33330290e-5
-1.36650987e-13
1.85200663e-4
3.35067331e-6
2.98647286e-5
-3.13501968e-13
1.27273160e-5
5.21389637e-7
-1.20142789e-4
-3.51043750e-13
4.92947001e-5
8.61843110e-7
-3.68047169e-5
-8.13665983e-14
2.10299123e-4
2.97848741e-6
2.01947782e-5
-6.49085892e-14
1.31211258e-6
3.73919142e-6
5.62433383e-4
1.80272350e-13
2.55981593e-4
5.87245951e-6
3.63270064e-4
-4.06617702e-14
1.93493234e-4
3.95654909e-6
1.34439516e-4
3.25704942e-13
-1.59178419e-4
5.03389905e-7
1.89647752e-4
3.21735107e-13
8.93370884e-4
6.44028600e-7
9.85052570e-5
2.35006858e-13
1.22813233e-3
3.82518777e-8
3.70323548e-4
3.24271648e-14
-1.75441056e-3
1.41453057e-7
-2.84284673e-4
-1.61484889e-13
-2.30188458e-3
2.39935521e-6
-1.23334190e-4
-9.45966908e-14
1.73514512e-3
2.31376299e-10
7.50871362e-4
-1.35416349e-13
2.14847632e-3
4.57065331e-11
1.16806574e-3
-2.08208001e-13
3.16598971e-4
1.21345004e-11
3.99942407e-4
2.64153839e-13
-7.94741283e-4
1.11750625e-10
-1.18654705e-4
2.25597869e-13
-2.80682018e-3
2.17125371e-10
-1.21746713e-3
2.41156134e-13
-1.63321056e-3
3.13474417e-12
-8.59836034e-4
2.65400615e-13
-2.35312580e-3
6.96220410e-13
-1.86155647e-3
9.43806980e-14
-2.80844171e-3
7.55560696e-10
-1.80303748e-3
1.88384264e-13
-4.02542650e-3
8.94846861e-6
-3.45346750e-4
3.34187120e-14
-3.62316732e-3
5.27270518e-7
-9.91522954e-4
-4.22184576e-14
-2.81599881e-3
1.96654558e-6
-1.20553645e-3
7.95125492e-13
-2.69655559e-3
3.33761285e-5
-3.81898644e-4
6.29452128e-13
2.20409898e-3
-1.86377750e-10
1.42160542e-3
-1.69730774e-13
1.76760381e-3
-4.63111893e-10
1.29076647e-3
-6.14399582e-14
1.65147750e-3
-1.24327887e-10
1.50641629e-3
1.07942484e-13
1.23449588e-3
-5.01293830e-11
1.06383205e-3
2.09362644e-13
9.21273500e-4
-7.44229715e-10
6.96745055e-4
2.88101638e-14
-4.94051394e-5
-9.59675750e-10
-1.86516011e-4
-1.21834848e-13
7.55708121e-4
-2.57552875e-10
7.12032988e-4
-2.51094564e-13
1.44500927e-3
-1.99596596e-10
1.40600352e-3
-6.51510059e-14
1.18365589e-3
-5.33977197e-11
1.49065004e-3
-1.55156821e-13
1.04424687e-3
-6.91444221e-11
1.29716361e-3
-2.41261615e-14
8.25538656e-4
-1.84201361e-11
1.39388964e-3
1.14333364e-13
4.78274255e-4
-1.42011701e-11
1.00673761e-3
-2.31237016e-14
-3.44082021e-4
-1.35658304e-11
-9.55290367e-6
-2.60687839e-13
6.96418820e-4
-3.32463457e-11
9.45866445e-4
-1.67188609e-13
-3.63860867e-4
-8.67583445e-12
-4.88718655e-5
-2.39215244e-13
-1.43953084e-3
-3.77129223e-12
-1.20075963e-3
-2.78907769e-13
-1.48053230e-3
-1.00305866e-12
-1.87429736e-3
-5.75173683e-13
-9.09249518e-4
-2.11875831e-12
-9.30279921e-4
-1.36935513e-13
-8.01127434e-4
-2.90077695e-13
-1.29331020e-3
-8.37367763e-14
-6.93807642e-4
-3.17416413e-14
-1.78903742e-3
-2.27733405e-13
-1.88896113e-4
-3.80037696e-12
3.00956283e-4
4.45176826e-13
3.53966132e-4
-4.38147583e-12
1.09975841e-3
3.76119438e-13
-9.63076680e-5
-9.62417586e-13
6.61199554e-4
4.25045193e-13
-5.28972157e-4
-9.29449612e-13
-2.35356553e-4
1.99874401e-13
-5.58136083e-4
-3.66190102e-13
-3.84286020e-4
5.89417825e-13
-3.84377871e-4
-1.50302402e-13
2.95703105e-4
4.99362647e-13
-5.08705546e-4
-2.14973205e-13
7.56378820e-5
2.22551590e-13
-4.78545052e-4
-3.48324387e-13
-1.75234456e-4
4.07501445e-13
2.70715890e-4
-9.19268193e-14
-1.17246619e-3
-5.81993600e-13
-3.36355815e-4
-2.66670642e-13
-1.05710132e-3
1.07508974e-13
5.35406752e-5
-1.76025711e-13
-4.00310335e-4
-9.73110351e-15
8.80449041e-4
-2.86233392e-14
-3.92311909e-4
-7.21145421e-13
1.00962309e-3
1.24487406e-4
-8.95107752e-5
-1.97535667e-13
2.11949559e-4
7.33486598e-6
-5.15710890e-4
-3.80969201e-13
3.18211512e-3
2.73554622e-5
1.15366392e-3
-2.34297468e-13
4.48551080e-3
4.64277207e-4
5.94817598e-4
5.46937553e-13
-9.02571138e-4
2.80088060e-9
-1.31762436e-3
-5.05865681e-13
-1.54579668e-3
1.38593949e-13
-1.97961026e-3
-5.82318878e-13
-6.62112510e-5
-2.43444725e-13
-1.22506662e-3
-4.04956693e-13
1.21878977e-3
1.04391869e-8
1.78563439e-4
-4.57447235e-13
1.70177596e-3
3.54062420e-8
1.56586342e-3
-1.51779395e-13
1.02562578e-3
-2.57824863e-13
-3.37459807e-4
-7.24191283e-13
1.42765226e-3
-1.51707931e-13
1.26730723e-5
-7.48194606e-13
8.90670007e-4
-1.11433656e-7
9.16473291e-4
-1.59826160e-13
5.24475535e-3
1.57476467e-3
2.03677403e-3
3.76611204e-13
2.98613829e-3
9.27859785e-5
3.73309316e-3
2.81067628e-13
-1.11555347e-3
-2.92020066e-4
4.07815435e-3
-5.52689336e-14
1.12413250e-2
-4.95616780e-3
2.72526775e-3
-5.30997464e-13
3.46050614e-5
2.13183799e-5
2.03539647e-6
-3.42164199e-8
3.52771297e-5
2.02389092e-5
6.19622897e-6
-4.71850781e-8
5.53343783e-5
5.46007052e-6
2.07984130e-5
-2.62836237e-7
4.69229722e-5
5.77385956e-6
6.48982891e-6
-2.25931781e-7
3.60686478e-5
1.78355795e-5
9.48296201e-6
-4.43348037e-8
3.59281198e-5
1.36887363e-5
1.10429366e-5
-2.23894914e-8
8.99792026e-5
3.58300589e-6
4.97783351e-5
-2.51990476e-7
7.07235450e-5
4.76711480e-6
3.56415859e-5
-2.76598164e-7
-9.00565103e-5
1.26072927e-6
3.42263068e-5
-6.29967942e-7
-2.06311985e-5
9.21704664e-7
6.89279795e-5
-7.83566417e-7
-4.93455254e-4
2.31035208e-7
-7.73710611e-5
-8.64903156e-7
-5.83041580e-4
3.28246119e-7
-9.58399348e-5
-1.85312925e-7
-1.60179576e-4
1.55306411e-6
3.47803296e-6
-5.17251389e-7
-1.36934521e-4
1.46128263e-6
1.35973886e-5
-5.29582291e-7
-6.28105763e-4
3.86479673e-7
-7.26169902e-5
6.63763301e-8
-6.45268432e-4
4.14064352e-7
-2.43632821e-5
-1.25611877e-7
3.34718689e-5
7.40530887e-6
9.77447349e-6
2.17403041e-8
2.73457094e-5
-1.08391110e-6
4.63426463e-6
8.58407469e-8
1.18021207e-4
-5.70931119e-7
5.99734649e-5
2.93972136e-8
1.08018960e-4
1.80637359e-6
5.97390850e-5
-1.59711682e-7
1.67524240e-5
-1.11223905e-5
-4.82524462e-6
1.56675267e-7
2.01833248e-6
-2.09653703e-5
-1.79958064e-5
2.19518552e-7
8.65544588e-5
-6.04361439e-6
9.87008373e-6
6.67960491e-7
1.12651825e-4
-3.35352923e-6
4.44108137e-5
3.21600547e-7
2.27760002e-4
-1.01693857e-6
1.87550555e-4
-2.56462917e-7
2.58269416e-4
-1.74860515e-6
1.72704941e-4
5.96514688e-7
3.00131142e-4
-5.07214532e-7
3.73522827e-4
-1.62526635e-6
8.93250480e-5
-3.09722018e-7
2.57938070e-4
-2.60472940e-6
6.56023034e-5
4.18650493e-7
1.14935333e-4
-8.79287193e-7
1.55403402e-4
-2.47053347e-7
1.60929806e-4
-7.51766303e-7
-1.43158161e-4
-9.75255032e-8
1.14483344e-4
-2.53782135e-6
-3.46182626e-4
8.85842888e-8
-6.13611161e-6
-1.78236725e-6
-9.81720655e-4
1.54165108e-8
-4.13520769e-4
-1.07689823e-6
-8.20644502e-4
-3.64023402e-8
-3.04107823e-4
-3.87755227e-6
-1.24789115e-3
-1.30265148e-8
-8.35838263e-4
-1.41099802e-6
-1.01959316e-3
1.29316510e-9
-7.16822258e-4
3.15637724e-6
-5.10244222e-4
-9.44967699e-8
-6.88714381e-5
-6.24458189e-6
-9.93437087e-5
-1.47190884e-7
2.46416129e-4
-6.92220458e-6
-8.62586498e-4
-4.25881697e-8
-4.20466604e-4
-1.22298012e-5
-1.20536599e-3
-2.87629642e-8
-7.53009977e-4
-7.30588731e-6
-1.19371503e-3
-8.68454435e-9
-1.07261215e-3
-9.27372419e-7
-1.33796499e-3
-1.22291634e-8
-1.12675598e-3
-1.07429820e-5
-9.78664615e-4
-3.46766326e-9
-1.04295303e-3
1.11428633e-6
-2.34220252e-4
-2.58764958e-9
-4.09734843e-4
1.20859970e-5
1.43928883e-4
-5.77249008e-10
-2.55495551e-4
9.44126474e-6
-6.41277654e-4
-4.48759624e-9
-7.13718352e-4
6.55155190e-6
7.60816308e-4
-1.49205880e-9
3.09998547e-4
1.57215807e-5
1.71226873e-3
-4.42671223e-10
8.33265188e-4
1.20745254e-5
-7.96633933e-4
1.11442606e-7
-6.24199770e-5
2.01493292e-6
-8.54507469e-4
1.00601199e-7
-1.98418278e-4
2.61121149e-6
1.31635831e-4
2.61659929e-8
-1.34294919e-4
5.65417917e-6
3.17854686e-4
3.99880345e-8
-3.72810839e-5
4.87648702e-6
-9.41442644e-4
8.35247997e-8
-3.21605047e-4
2.37776301e-6
-1.00491321e-3
5.56683806e-8
-4.06552947e-4
1.15156011e-6
-6.28885955e-4
1.26050716e-8
-5.01493653e-4
5.51934478e-6
-2.07919310e-4
2.05565004e-8
-2.89338691e-4
6.06325786e-6
1.62036891e-3
4.82194982e-9
2.83394923e-4
5.98501269e-6
9.51643687e-4
2.57077064e-9
1.11273879e-4
8.47359106e-6
2.40532342e-3
4.20450196e-10
1.02605211e-3
4.83392557e-6
2.77816470e-3
1.05240888e-9
9.11858848e-4
-1.63858393e-6
2.29219044e-3
5.35388999e-8
8.91005473e-5
4.18544040e-6
2.07157065e-3
8.97356359e-9
2.55375906e-4
4.21698223e-6
2.90623619e-3
1.17148912e-8
5.97926280e-4
-4.44983821e-6
2.92203110e-3
1.75899877e-7
1.90856047e-4
-2.81410527e-6
-1.72425341e-5
-2.93301613e-5
-3.10617492e-5
2.14235249e-7
-3.20721293e-5
-2.65515380e-5
-3.69506748e-5
6.68477722e-8
-3.61695374e-5
-9.84758721e-6
-8.34322649e-5
8.45741886e-7
3.48790355e-5
-1.14074414e-5
-3.91170918e-5
9.73042972e-7
-3.01156154e-5
-1.30295497e-5
-3.05420661e-5
-1.95366158e-7
-1.47292809e-5
3.07320811e-6
-1.44298160e-5
-3.76434065e-7
-6.58931131e-5
8.35366149e-7
-6.99820075e-5
-8.02554614e-7
-7.58983307e-5
-4.75888051e-6
-9.62922977e-5
5.25689063e-8
-5.53298932e-5
-5.25890969e-6
-1.15619555e-4
2.10470320e-6
-1.18626094e-4
-1.97697197e-6
-1.41525393e-4
2.39804587e-8
-7.13407865e-5
-4.36858261e-6
-1.10199585e-4
3.48181737e-6
1.33470764e-4
-5.22425451e-6
5.40944883e-5
6.18742939e-6
2.21895542e-4
-6.42738708e-6
1.00163042e-4
2.03822695e-6
8.86981867e-5
-7.30059299e-6
-1.58687084e-5
3.02188608e-6
3.64403285e-4
-2.92523614e-6
2.66276332e-4
5.30985240e-6
4.30871467e-4
2.35457912e-6
3.91526447e-4
1.51245414e-6
1.20240880e-6
1.19066995e-5
1.18234522e-6
-3.33568089e-7
7.94394431e-6
1.09268769e-5
8.23128846e-6
-1.35006242e-7
2.09972876e-6
3.44952322e-6
5.30544580e-6
-6.72108442e-7
-2.81474514e-5
3.76786307e-6
-2.62258842e-5
-1.06296337e-6
6.19611508e-6
5.51467475e-6
6.94591384e-6
3.56158442e-8
2.98501598e-7
1.59036542e-6
3.80856138e-6
9.07408476e-8
4.83739826e-6
-4.17047607e-7
1.13936541e-5
4.69403960e-8
1.04174265e-5
1.73413157e-6
1.43074695e-5
-1.39650543e-7
9.42325365e-7
7.36671242e-7
4.98750607e-6
-8.55124601e-7
6.38500074e-6
-2.76373313e-6
1.57724605e-5
-4.09454073e-7
2.14151754e-6
-4.38086289e-6
7.35348992e-6
-1.23342360e-6
-2.60302296e-5
1.13135964e-7
-2.61301218e-5
-1.88656354e-6
-9.12931912e-5
4.15753660e-7
-9.65068930e-5
-1.53192718e-6
-3.36506833e-5
1.10468843e-6
-3.32224097e-5
-1.62755583e-6
-8.50186066e-5
-5.13576702e-7
-9.15600869e-5
-2.15571480e-6
-1.32016312e-4
-2.18620198e-6
-1.46965170e-4
-2.61721674e-7
-7.47252417e-5
-3.06570403e-6
-7.53326828e-5
3.80431939e-6
-1.06281520e-4
-1.71818998e-6
-1.08981856e-4
-8.34632418e-7
-6.17727801e-5
-1.53402396e-6
-3.97772933e-5
2.66877831e-6
8.29371660e-5
-8.16923854e-7
1.24408381e-4
9.02793232e-6
-5.51452619e-5
-5.66858505e-7
-5.88099065e-5
-2.30904635e-6
-9.00429306e-6
-2.14750205e-6
-1.37536260e-5
-1.89857237e-6
-2.03502631e-5
3.31837688e-6
-3.26500842e-5
-1.74627224e-6
-6.16085428e-5
-8.87825591e-7
-5.98964820e-5
-1.23158019e-6
-3.75550635e-5
-5.40595455e-7
-2.14820635e-5
1.08357466e-6
-2.32672877e-5
7.62454490e-6
-3.42474598e-5
-6.72469910e-7
-1.61743260e-5
7.58065411e-6
-1.90155924e-5
7.02987570e-7
-7.85675784e-7
1.70848851e-7
2.80997059e-5
3.24674795e-6
2.36919149e-4
2.97463468e-6
3.04462739e-4
1.14128284e-5
2.68951989e-5
5.93412212e-8
7.89352856e-5
6.49336616e-6
9.85081622e-5
1.70133793e-6
1.57566800e-4
8.02496589e-6
2.77428173e-4
4.90767976e-6
3.11000952e-4
8.44519939e-6
3.35570605e-4
1.51555233e-5
5.22371454e-4
-3.58069000e-6
5.74565915e-4
8.10048210e-6
5.95384583e-4
3.47009883e-6
3.94165661e-4
1.72084499e-5
5.30876973e-4
-6.07256709e-6
-2.50188032e-4
1.78663636e-5
8.85552792e-5
-1.30513416e-5
4.38223031e-4
9.52848022e-7
4.09993763e-4
9.21252821e-6
1.32143731e-4
-2.84079719e-6
1.18838926e-4
8.85632753e-6
3.83060351e-4
3.16929122e-6
4.21352624e-4
1.18662559e-5
5.98766074e-4
1.04417915e-5
6.40433076e-4
5.74016466e-6
4.01069660e-4
1.35008043e-5
4.07801564e-4
-5.89536639e-6
4.74807704e-4
8.50528126e-6
5.09402015e-4
7.96044769e-6
3.26399133e-4
7.78116403e-6
2.59322642e-4
-2.14158223e-6
-4.33301777e-5
5.55894167e-6
-1.91526338e-4
-1.93294893e-5
-9.75453227e-4
1.34775403e-6
-7.58862787e-4
-2.01593985e-5
-1.91050681e-4
1.21772990e-5
-1.10063591e-4
-1.97928000e-5
-7.59559405e-4
-5.21181957e-6
-8.62356007e-4
-2.73447908e-5
-1.21899342e-3
-2.11999657e-5
-1.24615556e-3
-1.63829262e-5
