FiniteElementSpace
FiniteElementCollection: H1_2D_P3
VDim: 3
Ordering: 0

-0.040429105
-0.084608496
-0.084608496
-0.040429105
-0.040429105
-0.084608496
-0.084608496
-0.040429105
-0.091990381
-0.13029533
-0.088239731
-0.088239731
-0.091990381
-0.13029533
-0.036851586
-0.036851586
-0.020012108
-0.020012108
-0.088239731
-0.088239731
-0.020012108
-0.020012108
-0.13029533
-0.091990381
-0.036851586
-0.036851586
-0.13029533
-0.091990381
-0.0073203392
-0.0073203392
-0.0073203392
-0.0073203392
-0.094315339
-0.12807802
-0.094315339
-0.12807802
-0.019398007
-0.019398007
-0.019398007
-0.019398007
-0.12807802
-0.094315339
-0.12807802
-0.094315339
-0.0079094229
-0.0079094229
-0.0079094229
-0.0079094229
0.040383291
-0.084494038
0.084494038
-0.040383291
0.040383291
-0.084494038
0.084494038
-0.040383291
0.032416101
-0.045758269
-0.088157018
-0.088157018
0.032416101
-0.045758269
0.03678483
0.03678483
-0.057488347
0.057488347
0.088157018
0.088157018
-0.057488347
0.057488347
0.045758269
-0.032416101
-0.03678483
-0.03678483
0.045758269
-0.032416101
0.020789883
-0.020789883
0.020789883
-0.020789883
0.033235384
-0.044979574
0.033235384
-0.044979574
-0.055724234
0.055724234
-0.055724234
0.055724234
0.044979574
-0.033235384
0.044979574
-0.033235384
-0.022462891
0.022462891
-0.022462891
0.022462891
-0.35203817
-0.61700384
-0.61700384
-0.35203817
0.35203817
0.61700384
0.61700384
0.35203817
-0.45100367
-0.58819646
-0.2759325
0.2759325
0.45100367
0.58819646
-0.15743625
0.15743625
-0.61362281
-0.61362281
-0.2759325
0.2759325
0.61362281
0.61362281
-0.58819646
-0.45100367
-0.15743625
0.15743625
0.58819646
0.45100367
-0.28466684
-0.28466684
0.28466684
0.28466684
-0.20169497
-0.26304945
0.20169497
0.26304945
-0.27442046
-0.27442046
0.27442046
0.27442046
-0.26304945
-0.20169497
0.26304945
0.20169497
-0.12730688
-0.12730688
0.12730688
0.12730688
