MFEM mesh v1.0

dimension
2

elements
2176
1 2 1041 1087 495
1 2 1087 1063 326
1 2 495 326 133
1 2 1087 326 495
1 2 1063 1104 324
1 2 1104 1042 611
1 2 324 611 132
1 2 1104 611 324
1 2 133 325 965
1 2 325 132 780
1 2 965 780 1
1 2 325 780 965
1 2 1063 324 326
1 2 324 132 325
1 2 326 325 133
1 2 324 325 326
1 2 1042 592 611
1 2 592 256 604
1 2 611 604 132
1 2 592 604 611
1 2 256 282 336
1 2 282 2 335
1 2 336 335 257
1 2 282 335 336
1 2 132 603 780
1 2 603 257 779
1 2 780 779 1
1 2 603 779 780
1 2 256 336 604
1 2 336 257 603
1 2 604 603 132
1 2 336 603 604
1 2 1042 1103 592
1 2 1103 1073 591
1 2 592 591 256
1 2 1103 591 592
1 2 1073 1078 396
1 2 1078 1043 395
1 2 396 395 255
1 2 1078 395 396
1 2 256 280 282
1 2 280 255 281
1 2 282 281 2
1 2 280 281 282
1 2 1073 396 591
1 2 396 255 280
1 2 591 280 256
1 2 396 280 591
1 2 1043 544 395
1 2 544 197 478
1 2 395 478 255
1 2 544 478 395
1 2 197 496 476
1 2 496 3 497
1 2 476 497 200
1 2 496 497 476
1 2 255 477 281
1 2 477 200 729
1 2 281 729 2
1 2 477 729 281
1 2 197 476 478
1 2 476 200 477
1 2 478 477 255
1 2 476 477 478
1 2 1043 1165 544
1 2 1165 1064 805
1 2 544 805 197
1 2 1165 805 544
1 2 1064 1100 803
1 2 1100 1044 941
1 2 803 941 138
1 2 1100 941 803
1 2 197 804 496
1 2 804 138 523
1 2 496 523 3
1 2 804 523 496
1 2 1064 803 805
1 2 803 138 804
1 2 805 804 197
1 2 803 804 805
1 2 1044 928 941
1 2 928 100 892
1 2 941 892 138
1 2 928 892 941
1 2 100 584 586
1 2 584 4 585
1 2 586 585 137
1 2 584 585 586
1 2 138 521 523
1 2 521 137 522
1 2 523 522 3
1 2 521 522 523
1 2 100 586 892
1 2 586 137 521
1 2 892 521 138
1 2 586 521 892
1 2 1044 1154 928
1 2 1154 1060 927
1 2 928 927 100
1 2 1154 927 928
1 2 1060 1081 453
1 2 1081 1045 359
1 2 453 359 96
1 2 1081 359 453
1 2 100 970 584
1 2 970 96 468
1 2 584 468 4
1 2 970 468 584
1 2 1060 453 927
1 2 453 96 970
1 2 927 970 100
1 2 453 970 927
1 2 1045 293 359
1 2 293 94 358
1 2 359 358 96
1 2 293 358 359
1 2 94 727 728
1 2 727 5 283
1 2 728 283 95
1 2 727 283 728
1 2 96 466 468
1 2 466 95 467
1 2 468 467 4
1 2 466 467 468
1 2 94 728 358
1 2 728 95 466
1 2 358 466 96
1 2 728 466 358
1 2 1045 1074 293
1 2 1074 1071 292
1 2 293 292 94
1 2 1074 292 293
1 2 1071 1148 925
1 2 1148 1046 465
1 2 925 465 227
1 2 1148 465 925
1 2 94 926 727
1 2 926 227 506
1 2 727 506 5
1 2 926 506 727
1 2 1071 925 292
1 2 925 227 926
1 2 292 926 94
1 2 925 926 292
1 2 1046 463 465
1 2 463 210 464
1 2 465 464 227
1 2 463 464 465
1 2 210 385 387
1 2 385 6 386
1 2 387 386 229
1 2 385 386 387
1 2 227 504 506
1 2 504 229 505
1 2 506 505 5
1 2 504 505 506
1 2 210 387 464
1 2 387 229 504
1 2 464 504 227
1 2 387 504 464
1 2 1046 1132 463
1 2 1132 1068 305
1 2 463 305 210
1 2 1132 305 463
1 2 1068 1113 303
1 2 1113 1047 821
1 2 303 821 71
1 2 1113 821 303
1 2 210 304 385
1 2 304 71 831
1 2 385 831 6
1 2 304 831 385
1 2 1068 303 305
1 2 303 71 304
1 2 305 304 210
1 2 303 304 305
1 2 1047 795 821
1 2 795 69 881
1 2 821 881 71
1 2 795 881 821
1 2 69 894 879
1 2 894 7 337
1 2 879 337 70
1 2 894 337 879
1 2 71 880 831
1 2 880 70 984
1 2 831 984 6
1 2 880 984 831
1 2 69 879 881
1 2 879 70 880
1 2 881 880 71
1 2 879 880 881
1 2 1047 1138 795
1 2 1138 1072 794
1 2 795 794 69
1 2 1138 794 795
1 2 1072 1116 749
1 2 1116 1048 648
1 2 749 648 218
1 2 1116 648 749
1 2 69 893 894
1 2 893 218 570
1 2 894 570 7
1 2 893 570 894
1 2 1072 749 794
1 2 749 218 893
1 2 794 893 69
1 2 749 893 794
1 2 1048 647 648
1 2 647 216 433
1 2 648 433 218
1 2 647 433 648
1 2 216 279 431
1 2 279 8 528
1 2 431 528 217
1 2 279 528 431
1 2 218 432 570
1 2 432 217 569
1 2 570 569 7
1 2 432 569 570
1 2 216 431 433
1 2 431 217 432
1 2 433 432 218
1 2 431 432 433
1 2 1048 1091 647
1 2 1091 1067 702
1 2 647 702 216
1 2 1091 702 647
1 2 1067 1120 701
1 2 1120 1049 835
1 2 701 835 238
1 2 1120 835 701
1 2 216 277 279
1 2 277 238 278
1 2 279 278 8
1 2 277 278 279
1 2 1067 701 702
1 2 701 238 277
1 2 702 277 216
1 2 701 277 702
1 2 1049 833 835
1 2 833 76 834
1 2 835 834 238
1 2 833 834 835
1 2 76 667 669
1 2 667 9 668
1 2 669 668 103
1 2 667 668 669
1 2 238 929 278
1 2 929 103 622
1 2 278 622 8
1 2 929 622 278
1 2 76 669 834
1 2 669 103 929
1 2 834 929 238
1 2 669 929 834
1 2 1049 1167 833
1 2 1167 1058 798
1 2 833 798 76
1 2 1167 798 833
1 2 1058 1144 796
1 2 1144 1050 517
1 2 796 517 75
1 2 1144 517 796
1 2 76 797 667
1 2 797 75 641
1 2 667 641 9
1 2 797 641 667
1 2 1058 796 798
1 2 796 75 797
1 2 798 797 76
1 2 796 797 798
1 2 1050 515 517
1 2 515 78 516
1 2 517 516 75
1 2 515 516 517
1 2 78 538 664
1 2 538 10 417
1 2 664 417 139
1 2 538 417 664
1 2 75 640 641
1 2 640 139 457
1 2 641 457 9
1 2 640 457 641
1 2 78 664 516
1 2 664 139 640
1 2 516 640 75
1 2 664 640 516
1 2 1050 1083 515
1 2 1083 1059 700
1 2 515 700 78
1 2 1083 700 515
1 2 1059 1129 848
1 2 1129 1051 847
1 2 848 847 77
1 2 1129 847 848
1 2 78 536 538
1 2 536 77 537
1 2 538 537 10
1 2 536 537 538
1 2 1059 848 700
1 2 848 77 536
1 2 700 536 78
1 2 848 536 700
1 2 1051 375 847
1 2 375 247 882
1 2 847 882 77
1 2 375 882 847
1 2 247 851 853
1 2 851 11 852
1 2 853 852 159
1 2 851 852 853
1 2 77 607 537
1 2 607 159 608
1 2 537 608 10
1 2 607 608 537
1 2 247 853 882
1 2 853 159 607
1 2 882 607 77
1 2 853 607 882
1 2 1051 1077 375
1 2 1077 1061 374
1 2 375 374 247
1 2 1077 374 375
1 2 1061 1170 1032
1 2 1170 1052 1030
1 2 1032 1030 108
1 2 1170 1030 1032
1 2 247 983 851
1 2 983 108 982
1 2 851 982 11
1 2 983 982 851
1 2 1061 1032 374
1 2 1032 108 983
1 2 374 983 247
1 2 1032 983 374
1 2 1052 748 1030
1 2 748 106 666
1 2 1030 666 108
1 2 748 666 1030
1 2 106 400 402
1 2 400 12 401
1 2 402 401 107
1 2 400 401 402
1 2 108 665 982
1 2 665 107 306
1 2 982 306 11
1 2 665 306 982
1 2 106 402 666
1 2 402 107 665
1 2 666 665 108
1 2 402 665 666
1 2 1052 1134 748
1 2 1134 1065 747
1 2 748 747 106
1 2 1134 747 748
1 2 1065 1122 695
1 2 1122 1053 606
1 2 695 606 215
1 2 1122 606 695
1 2 106 471 400
1 2 471 215 472
1 2 400 472 12
1 2 471 472 400
1 2 1065 695 747
1 2 695 215 471
1 2 747 471 106
1 2 695 471 747
1 2 1053 605 606
1 2 605 213 331
1 2 606 331 215
1 2 605 331 606
1 2 213 342 329
1 2 342 13 294
1 2 329 294 214
1 2 342 294 329
1 2 215 330 472
1 2 330 214 862
1 2 472 862 12
1 2 330 862 472
1 2 213 329 331
1 2 329 214 330
1 2 331 330 215
1 2 329 330 331
1 2 1053 1151 605
1 2 1151 1069 902
1 2 605 902 213
1 2 1151 902 605
1 2 1069 1089 527
1 2 1089 1054 526
1 2 527 526 81
1 2 1089 526 527
1 2 213 340 342
1 2 340 81 341
1 2 342 341 13
1 2 340 341 342
1 2 1069 527 902
1 2 527 81 340
1 2 902 340 213
1 2 527 340 902
1 2 1054 703 526
1 2 703 79 704
1 2 526 704 81
1 2 703 704 526
1 2 79 473 475
1 2 473 14 474
1 2 475 474 80
1 2 473 474 475
1 2 81 924 341
1 2 924 80 439
1 2 341 439 13
1 2 924 439 341
1 2 79 475 704
1 2 475 80 924
1 2 704 924 81
1 2 475 924 704
1 2 1054 1124 703
1 2 1124 1062 491
1 2 703 491 79
1 2 1124 491 703
1 2 1062 1096 490
1 2 1096 1055 744
1 2 490 744 122
1 2 1096 744 490
1 2 79 479 473
1 2 479 122 480
1 2 473 480 14
1 2 479 480 473
1 2 1062 490 491
1 2 490 122 479
1 2 491 479 79
1 2 490 479 491
1 2 1055 736 744
1 2 736 134 657
1 2 744 657 122
1 2 736 657 744
1 2 134 680 656
1 2 680 15 681
1 2 656 681 101
1 2 680 681 656
1 2 122 531 480
1 2 531 101 532
1 2 480 532 14
1 2 531 532 480
1 2 134 656 657
1 2 656 101 531
1 2 657 531 122
1 2 656 531 657
1 2 1055 1128 736
1 2 1128 1066 735
1 2 736 735 134
1 2 1128 735 736
1 2 1066 1088 499
1 2 1088 1056 498
1 2 499 498 152
1 2 1088 498 499
1 2 134 1000 680
1 2 1000 152 1001
1 2 680 1001 15
1 2 1000 1001 680
1 2 1066 499 735
1 2 499 152 1000
1 2 735 1000 134
1 2 499 1000 735
1 2 1056 1006 498
1 2 1006 219 425
1 2 498 425 152
1 2 1006 425 498
1 2 219 390 391
1 2 390 16 343
1 2 391 343 109
1 2 390 343 391
1 2 152 424 1001
1 2 424 109 630
1 2 1001 630 15
1 2 424 630 1001
1 2 219 391 425
1 2 391 109 424
1 2 425 424 152
1 2 391 424 425
1 2 1056 1157 1006
1 2 1157 1070 913
1 2 1006 913 219
1 2 1157 913 1006
1 2 1070 1162 912
1 2 1162 1057 726
1 2 912 726 185
1 2 1162 726 912
1 2 219 842 390
1 2 842 185 843
1 2 390 843 16
1 2 842 843 390
1 2 1070 912 913
1 2 912 185 842
1 2 913 842 219
1 2 912 842 913
1 2 1057 725 726
1 2 725 184 614
1 2 726 614 185
1 2 725 614 726
1 2 184 757 612
1 2 757 17 758
1 2 612 758 116
1 2 757 758 612
1 2 185 613 843
1 2 613 116 891
1 2 843 891 16
1 2 613 891 843
1 2 184 612 614
1 2 612 116 613
1 2 614 613 185
1 2 612 613 614
1 2 1 779 936
1 2 779 257 905
1 2 936 905 258
1 2 779 905 936
1 2 257 335 903
1 2 335 2 540
1 2 903 540 165
1 2 335 540 903
1 2 258 904 1029
1 2 904 165 694
1 2 1029 694 18
1 2 904 694 1029
1 2 257 903 905
1 2 903 165 904
1 2 905 904 258
1 2 903 904 905
1 2 2 539 540
1 2 539 163 378
1 2 540 378 165
1 2 539 378 540
1 2 163 730 376
1 2 730 19 731
1 2 376 731 164
1 2 730 731 376
1 2 165 377 694
1 2 377 164 421
1 2 694 421 18
1 2 377 421 694
1 2 163 376 378
1 2 376 164 377
1 2 378 377 165
1 2 376 377 378
1 2 2 729 539
1 2 729 200 778
1 2 539 778 163
1 2 729 778 539
1 2 200 497 776
1 2 497 3 773
1 2 776 773 115
1 2 497 773 776
1 2 163 777 730
1 2 777 115 930
1 2 730 930 19
1 2 777 930 730
1 2 200 776 778
1 2 776 115 777
1 2 778 777 163
1 2 776 777 778
1 2 3 771 773
1 2 771 113 772
1 2 773 772 115
1 2 771 772 773
1 2 113 568 886
1 2 568 20 677
1 2 886 677 114
1 2 568 677 886
1 2 115 907 930
1 2 907 114 857
1 2 930 857 19
1 2 907 857 930
1 2 113 886 772
1 2 886 114 907
1 2 772 907 115
1 2 886 907 772
1 2 3 522 771
1 2 522 137 937
1 2 771 937 113
1 2 522 937 771
1 2 137 585 952
1 2 585 4 951
1 2 952 951 203
1 2 585 951 952
1 2 113 566 568
1 2 566 203 567
1 2 568 567 20
1 2 566 567 568
1 2 137 952 937
1 2 952 203 566
1 2 937 566 113
1 2 952 566 937
1 2 4 971 951
1 2 971 201 743
1 2 951 743 203
1 2 971 743 951
1 2 201 577 578
1 2 577 21 545
1 2 578 545 202
1 2 577 545 578
1 2 203 737 567
1 2 737 202 627
1 2 567 627 20
1 2 737 627 567
1 2 201 578 743
1 2 578 202 737
1 2 743 737 203
1 2 578 737 743
1 2 4 467 971
1 2 467 95 443
1 2 971 443 201
1 2 467 443 971
1 2 95 283 285
1 2 283 5 284
1 2 285 284 234
1 2 283 284 285
1 2 201 442 577
1 2 442 234 616
1 2 577 616 21
1 2 442 616 577
1 2 95 285 443
1 2 285 234 442
1 2 443 442 201
1 2 285 442 443
1 2 5 762 284
1 2 762 239 763
1 2 284 763 234
1 2 762 763 284
1 2 239 450 452
1 2 450 22 451
1 2 452 451 179
1 2 450 451 452
1 2 234 615 616
1 2 615 179 599
1 2 616 599 21
1 2 615 599 616
1 2 239 452 763
1 2 452 179 615
1 2 763 615 234
1 2 452 615 763
1 2 5 505 762
1 2 505 229 598
1 2 762 598 239
1 2 505 598 762
1 2 229 386 596
1 2 386 6 639
1 2 596 639 262
1 2 386 639 596
1 2 239 597 450
1 2 597 262 767
1 2 450 767 22
1 2 597 767 450
1 2 229 596 598
1 2 596 262 597
1 2 598 597 239
1 2 596 597 598
1 2 6 637 639
1 2 637 253 638
1 2 639 638 262
1 2 637 638 639
1 2 253 416 745
1 2 416 23 846
1 2 745 846 156
1 2 416 846 745
1 2 262 746 767
1 2 746 156 722
1 2 767 722 22
1 2 746 722 767
1 2 253 745 638
1 2 745 156 746
1 2 638 746 262
1 2 745 746 638
1 2 6 984 637
1 2 984 70 602
1 2 637 602 253
1 2 984 602 637
1 2 70 337 339
1 2 337 7 338
1 2 339 338 252
1 2 337 338 339
1 2 253 414 416
1 2 414 252 415
1 2 416 415 23
1 2 414 415 416
1 2 70 339 602
1 2 339 252 414
1 2 602 414 253
1 2 339 414 602
1 2 7 806 338
1 2 806 224 288
1 2 338 288 252
1 2 806 288 338
1 2 224 610 286
1 2 610 24 309
1 2 286 309 250
1 2 610 309 286
1 2 252 287 415
1 2 287 250 556
1 2 415 556 23
1 2 287 556 415
1 2 224 286 288
1 2 286 250 287
1 2 288 287 252
1 2 286 287 288
1 2 7 569 806
1 2 569 217 706
1 2 806 706 224
1 2 569 706 806
1 2 217 528 530
1 2 528 8 529
1 2 530 529 223
1 2 528 529 530
1 2 224 705 610
1 2 705 223 838
1 2 610 838 24
1 2 705 838 610
1 2 217 530 706
1 2 530 223 705
1 2 706 705 224
1 2 530 705 706
1 2 8 624 529
1 2 624 105 676
1 2 529 676 223
1 2 624 676 529
1 2 105 300 302
1 2 300 25 301
1 2 302 301 228
1 2 300 301 302
1 2 223 808 838
1 2 808 228 954
1 2 838 954 24
1 2 808 954 838
1 2 105 302 676
1 2 302 228 808
1 2 676 808 223
1 2 302 808 676
1 2 8 622 624
1 2 622 103 623
1 2 624 623 105
1 2 622 623 624
1 2 103 668 999
1 2 668 9 998
1 2 999 998 104
1 2 668 998 999
1 2 105 818 300
1 2 818 104 819
1 2 300 819 25
1 2 818 819 300
1 2 103 999 623
1 2 999 104 818
1 2 623 818 105
1 2 999 818 623
1 2 9 459 998
1 2 459 240 1033
1 2 998 1033 104
1 2 459 1033 998
1 2 240 689 878
1 2 689 26 822
1 2 878 822 241
1 2 689 822 878
1 2 104 910 819
1 2 910 241 911
1 2 819 911 25
1 2 910 911 819
1 2 240 878 1033
1 2 878 241 910
1 2 1033 910 104
1 2 878 910 1033
1 2 9 457 459
1 2 457 139 458
1 2 459 458 240
1 2 457 458 459
1 2 139 417 418
1 2 417 10 348
1 2 418 348 90
1 2 417 348 418
1 2 240 688 689
1 2 688 90 470
1 2 689 470 26
1 2 688 470 689
1 2 139 418 458
1 2 418 90 688
1 2 458 688 240
1 2 418 688 458
1 2 10 346 348
1 2 346 88 347
1 2 348 347 90
1 2 346 347 348
1 2 88 1031 494
1 2 1031 27 661
1 2 494 661 89
1 2 1031 661 494
1 2 90 469 470
1 2 469 89 405
1 2 470 405 26
1 2 469 405 470
1 2 88 494 347
1 2 494 89 469
1 2 347 469 90
1 2 494 469 347
1 2 10 608 346
1 2 608 159 874
1 2 346 874 88
1 2 608 874 346
1 2 159 852 872
1 2 852 11 995
1 2 872 995 160
1 2 852 995 872
1 2 88 873 1031
1 2 873 160 991
1 2 1031 991 27
1 2 873 991 1031
1 2 159 872 874
1 2 872 160 873
1 2 874 873 88
1 2 872 873 874
1 2 11 308 995
1 2 308 220 428
1 2 995 428 160
1 2 308 428 995
1 2 220 820 426
1 2 820 28 670
1 2 426 670 171
1 2 820 670 426
1 2 160 427 991
1 2 427 171 920
1 2 991 920 27
1 2 427 920 991
1 2 220 426 428
1 2 426 171 427
1 2 428 427 160
1 2 426 427 428
1 2 11 306 308
1 2 306 107 307
1 2 308 307 220
1 2 306 307 308
1 2 107 401 962
1 2 401 12 885
1 2 962 885 145
1 2 401 885 962
1 2 220 826 820
1 2 826 145 827
1 2 820 827 28
1 2 826 827 820
1 2 107 962 307
1 2 962 145 826
1 2 307 826 220
1 2 962 826 307
1 2 12 884 885
1 2 884 143 559
1 2 885 559 145
1 2 884 559 885
1 2 143 1022 557
1 2 1022 29 876
1 2 557 876 144
1 2 1022 876 557
1 2 145 558 827
1 2 558 144 867
1 2 827 867 28
1 2 558 867 827
1 2 143 557 559
1 2 557 144 558
1 2 559 558 145
1 2 557 558 559
1 2 12 862 884
1 2 862 214 563
1 2 884 563 143
1 2 862 563 884
1 2 214 294 296
1 2 294 13 295
1 2 296 295 187
1 2 294 295 296
1 2 143 562 1022
1 2 562 187 514
1 2 1022 514 29
1 2 562 514 1022
1 2 214 296 563
1 2 296 187 562
1 2 563 562 143
1 2 296 562 563
1 2 13 441 295
1 2 441 136 775
1 2 295 775 187
1 2 441 775 295
1 2 136 1009 774
1 2 1009 30 989
1 2 774 989 186
1 2 1009 989 774
1 2 187 512 514
1 2 512 186 513
1 2 514 513 29
1 2 512 513 514
1 2 136 774 775
1 2 774 186 512
1 2 775 512 187
1 2 774 512 775
1 2 13 439 441
1 2 439 80 440
1 2 441 440 136
1 2 439 440 441
1 2 80 474 1023
1 2 474 14 973
1 2 1023 973 135
1 2 474 973 1023
1 2 136 1039 1009
1 2 1039 135 1035
1 2 1009 1035 30
1 2 1039 1035 1009
1 2 80 1023 440
1 2 1023 135 1039
1 2 440 1039 136
1 2 1023 1039 440
1 2 14 837 973
1 2 837 102 972
1 2 973 972 135
1 2 837 972 973
1 2 102 487 489
1 2 487 31 488
1 2 489 488 129
1 2 487 488 489
1 2 135 985 1035
1 2 985 129 752
1 2 1035 752 30
1 2 985 752 1035
1 2 102 489 972
1 2 489 129 985
1 2 972 985 135
1 2 489 985 972
1 2 14 532 837
1 2 532 101 357
1 2 837 357 102
1 2 532 357 837
1 2 101 681 355
1 2 681 15 897
1 2 355 897 87
1 2 681 897 355
1 2 102 356 487
1 2 356 87 583
1 2 487 583 31
1 2 356 583 487
1 2 101 355 357
1 2 355 87 356
1 2 357 356 102
1 2 355 356 357
1 2 15 631 897
1 2 631 85 790
1 2 897 790 87
1 2 631 790 897
1 2 85 381 788
1 2 381 32 366
1 2 788 366 86
1 2 381 366 788
1 2 87 789 583
1 2 789 86 896
1 2 583 896 31
1 2 789 896 583
1 2 85 788 790
1 2 788 86 789
1 2 790 789 87
1 2 788 789 790
1 2 15 630 631
1 2 630 109 456
1 2 631 456 85
1 2 630 456 631
1 2 109 343 345
1 2 343 16 344
1 2 345 344 110
1 2 343 344 345
1 2 85 379 381
1 2 379 110 380
1 2 381 380 32
1 2 379 380 381
1 2 109 345 456
1 2 345 110 379
1 2 456 379 85
1 2 345 379 456
1 2 16 642 344
1 2 642 118 643
1 2 344 643 110
1 2 642 643 344
1 2 118 644 646
1 2 644 33 645
1 2 646 645 206
1 2 644 645 646
1 2 110 966 380
1 2 966 206 887
1 2 380 887 32
1 2 966 887 380
1 2 118 646 643
1 2 646 206 966
1 2 643 966 110
1 2 646 966 643
1 2 16 891 642
1 2 891 116 449
1 2 642 449 118
1 2 891 449 642
1 2 116 758 447
1 2 758 17 807
1 2 447 807 117
1 2 758 807 447
1 2 118 448 644
1 2 448 117 863
1 2 644 863 33
1 2 448 863 644
1 2 116 447 449
1 2 447 117 448
1 2 449 448 118
1 2 447 448 449
1 2 17 939 807
1 2 939 254 840
1 2 807 840 117
1 2 939 840 807
1 2 254 571 573
1 2 571 34 572
1 2 573 572 126
1 2 571 572 573
1 2 117 839 863
1 2 839 126 715
1 2 863 715 33
1 2 839 715 863
1 2 254 573 840
1 2 573 126 839
1 2 840 839 117
1 2 573 839 840
1 2 18 421 423
1 2 421 164 422
1 2 423 422 209
1 2 421 422 423
1 2 164 731 720
1 2 731 19 734
1 2 720 734 208
1 2 731 734 720
1 2 209 721 1037
1 2 721 208 895
1 2 1037 895 35
1 2 721 895 1037
1 2 164 720 422
1 2 720 208 721
1 2 422 721 209
1 2 720 721 422
1 2 19 858 734
1 2 858 246 535
1 2 734 535 208
1 2 858 535 734
1 2 246 817 533
1 2 817 36 587
1 2 533 587 204
1 2 817 587 533
1 2 208 534 895
1 2 534 204 524
1 2 895 524 35
1 2 534 524 895
1 2 246 533 535
1 2 533 204 534
1 2 535 534 208
1 2 533 534 535
1 2 19 857 858
1 2 857 114 708
1 2 858 708 246
1 2 857 708 858
1 2 114 677 679
1 2 677 20 678
1 2 679 678 183
1 2 677 678 679
1 2 246 707 817
1 2 707 183 974
1 2 817 974 36
1 2 707 974 817
1 2 114 679 708
1 2 679 183 707
1 2 708 707 246
1 2 679 707 708
1 2 20 629 678
1 2 629 181 710
1 2 678 710 183
1 2 629 710 678
1 2 181 1015 1025
1 2 1015 37 946
1 2 1025 946 182
1 2 1015 946 1025
1 2 183 1038 974
1 2 1038 182 931
1 2 974 931 36
1 2 1038 931 974
1 2 181 1025 710
1 2 1025 182 1038
1 2 710 1038 183
1 2 1025 1038 710
1 2 20 627 629
1 2 627 202 628
1 2 629 628 181
1 2 627 628 629
1 2 202 545 547
1 2 545 21 546
1 2 547 546 248
1 2 545 546 547
1 2 181 1014 1015
1 2 1014 248 770
1 2 1015 770 37
1 2 1014 770 1015
1 2 202 547 628
1 2 547 248 1014
1 2 628 1014 181
1 2 547 1014 628
1 2 21 601 546
1 2 601 180 898
1 2 546 898 248
1 2 601 898 546
1 2 180 399 923
1 2 399 38 419
1 2 923 419 235
1 2 399 419 923
1 2 248 768 770
1 2 768 235 769
1 2 770 769 37
1 2 768 769 770
1 2 180 923 898
1 2 923 235 768
1 2 898 768 248
1 2 923 768 898
1 2 21 599 601
1 2 599 179 600
1 2 601 600 180
1 2 599 600 601
1 2 179 451 511
1 2 451 22 510
1 2 511 510 178
1 2 451 510 511
1 2 180 397 399
1 2 397 178 398
1 2 399 398 38
1 2 397 398 399
1 2 179 511 600
1 2 511 178 397
1 2 600 397 180
1 2 511 397 600
1 2 22 724 510
1 2 724 158 875
1 2 510 875 178
1 2 724 875 510
1 2 158 759 761
1 2 759 39 760
1 2 761 760 123
1 2 759 760 761
1 2 178 899 398
1 2 899 123 900
1 2 398 900 38
1 2 899 900 398
1 2 158 761 875
1 2 761 123 899
1 2 875 899 178
1 2 761 899 875
1 2 22 722 724
1 2 722 156 723
1 2 724 723 158
1 2 722 723 724
1 2 156 846 854
1 2 846 23 1003
1 2 854 1003 157
1 2 846 1003 854
1 2 158 855 759
1 2 855 157 455
1 2 759 455 39
1 2 855 455 759
1 2 156 854 723
1 2 854 157 855
1 2 723 855 158
1 2 854 855 723
1 2 23 901 1003
1 2 901 242 580
1 2 1003 580 157
1 2 901 580 1003
1 2 242 799 579
1 2 799 40 553
1 2 579 553 243
1 2 799 553 579
1 2 157 454 455
1 2 454 243 265
1 2 455 265 39
1 2 454 265 455
1 2 242 579 580
1 2 579 243 454
1 2 580 454 157
1 2 579 454 580
1 2 23 556 901
1 2 556 250 845
1 2 901 845 242
1 2 556 845 901
1 2 250 309 311
1 2 309 24 310
1 2 311 310 251
1 2 309 310 311
1 2 242 844 799
1 2 844 251 733
1 2 799 733 40
1 2 844 733 799
1 2 250 311 845
1 2 311 251 844
1 2 845 844 242
1 2 311 844 845
1 2 24 699 310
1 2 699 233 543
1 2 310 543 251
1 2 699 543 310
1 2 233 687 541
1 2 687 41 1019
1 2 541 1019 191
1 2 687 1019 541
1 2 251 542 733
1 2 542 191 732
1 2 733 732 40
1 2 542 732 733
1 2 233 541 543
1 2 541 191 542
1 2 543 542 251
1 2 541 542 543
1 2 24 954 699
1 2 954 228 958
1 2 699 958 233
1 2 954 958 699
1 2 228 301 404
1 2 301 25 403
1 2 404 403 232
1 2 301 403 404
1 2 233 685 687
1 2 685 232 686
1 2 687 686 41
1 2 685 686 687
1 2 228 404 958
1 2 404 232 685
1 2 958 685 233
1 2 404 685 958
1 2 25 653 403
1 2 653 244 650
1 2 403 650 232
1 2 653 650 403
1 2 244 332 334
1 2 332 42 333
1 2 334 333 221
1 2 332 333 334
1 2 232 649 686
1 2 649 221 312
1 2 686 312 41
1 2 649 312 686
1 2 244 334 650
1 2 334 221 649
1 2 650 649 232
1 2 334 649 650
1 2 25 911 653
1 2 911 241 1024
1 2 653 1024 244
1 2 911 1024 653
1 2 241 822 824
1 2 822 26 823
1 2 824 823 148
1 2 822 823 824
1 2 244 500 332
1 2 500 148 435
1 2 332 435 42
1 2 500 435 332
1 2 241 824 1024
1 2 824 148 500
1 2 1024 500 244
1 2 824 500 1024
1 2 26 407 823
1 2 407 146 323
1 2 823 323 148
1 2 407 323 823
1 2 146 785 321
1 2 785 43 836
1 2 321 836 147
1 2 785 836 321
1 2 148 322 435
1 2 322 147 434
1 2 435 434 42
1 2 322 434 435
1 2 146 321 323
1 2 321 147 322
1 2 323 322 148
1 2 321 322 323
1 2 26 405 407
1 2 405 89 406
1 2 407 406 146
1 2 405 406 407
1 2 89 661 663
1 2 661 27 662
1 2 663 662 226
1 2 661 662 663
1 2 146 783 785
1 2 783 226 784
1 2 785 784 43
1 2 783 784 785
1 2 89 663 406
1 2 663 226 783
1 2 406 783 146
1 2 663 783 406
1 2 27 922 662
1 2 922 173 997
1 2 662 997 226
1 2 922 997 662
1 2 173 986 988
1 2 986 44 987
1 2 988 987 97
1 2 986 987 988
1 2 226 996 784
1 2 996 97 976
1 2 784 976 43
1 2 996 976 784
1 2 173 988 997
1 2 988 97 996
1 2 997 996 226
1 2 988 996 997
1 2 27 920 922
1 2 920 171 921
1 2 922 921 173
1 2 920 921 922
1 2 171 670 672
1 2 670 28 671
1 2 672 671 172
1 2 670 671 672
1 2 173 992 986
1 2 992 172 849
1 2 986 849 44
1 2 992 849 986
1 2 171 672 921
1 2 672 172 992
1 2 921 992 173
1 2 672 992 921
1 2 28 869 671
1 2 869 211 810
1 2 671 810 172
1 2 869 810 671
1 2 211 317 618
1 2 317 45 617
1 2 618 617 212
1 2 317 617 618
1 2 172 809 849
1 2 809 212 764
1 2 849 764 44
1 2 809 764 849
1 2 211 618 810
1 2 618 212 809
1 2 810 809 172
1 2 618 809 810
1 2 28 867 869
1 2 867 144 868
1 2 869 868 211
1 2 867 868 869
1 2 144 876 877
1 2 876 29 328
1 2 877 328 196
1 2 876 328 877
1 2 211 315 317
1 2 315 196 316
1 2 317 316 45
1 2 315 316 317
1 2 144 877 868
1 2 877 196 315
1 2 868 315 211
1 2 877 315 868
1 2 29 327 328
1 2 327 194 276
1 2 328 276 196
1 2 327 276 328
1 2 194 1016 274
1 2 1016 46 581
1 2 274 581 195
1 2 1016 581 274
1 2 196 275 316
1 2 275 195 1011
1 2 316 1011 45
1 2 275 1011 316
1 2 194 274 276
1 2 274 195 275
1 2 276 275 196
1 2 274 275 276
1 2 29 513 327
1 2 513 186 410
1 2 327 410 194
1 2 513 410 327
1 2 186 989 408
1 2 989 30 978
1 2 408 978 231
1 2 989 978 408
1 2 194 409 1016
1 2 409 231 813
1 2 1016 813 46
1 2 409 813 1016
1 2 186 408 410
1 2 408 231 409
1 2 410 409 194
1 2 408 409 410
1 2 30 754 978
1 2 754 131 961
1 2 978 961 231
1 2 754 961 978
1 2 131 550 552
1 2 550 47 551
1 2 552 551 153
1 2 550 551 552
1 2 231 811 813
1 2 811 153 812
1 2 813 812 46
1 2 811 812 813
1 2 131 552 961
1 2 552 153 811
1 2 961 811 231
1 2 552 811 961
1 2 30 752 754
1 2 752 129 753
1 2 754 753 131
1 2 752 753 754
1 2 129 488 979
1 2 488 31 916
1 2 979 916 130
1 2 488 916 979
1 2 131 1002 550
1 2 1002 130 362
1 2 550 362 47
1 2 1002 362 550
1 2 129 979 753
1 2 979 130 1002
1 2 753 1002 131
1 2 979 1002 753
1 2 31 915 916
1 2 915 170 576
1 2 916 576 130
1 2 915 576 916
1 2 170 832 575
1 2 832 48 634
1 2 575 634 225
1 2 832 634 575
1 2 130 360 362
1 2 360 225 361
1 2 362 361 47
1 2 360 361 362
1 2 170 575 576
1 2 575 225 360
1 2 576 360 130
1 2 575 360 576
1 2 31 896 915
1 2 896 86 889
1 2 915 889 170
1 2 896 889 915
1 2 86 366 367
1 2 366 32 291
1 2 367 291 167
1 2 366 291 367
1 2 170 888 832
1 2 888 167 890
1 2 832 890 48
1 2 888 890 832
1 2 86 367 889
1 2 367 167 888
1 2 889 888 170
1 2 367 888 889
1 2 32 289 291
1 2 289 166 290
1 2 291 290 167
1 2 289 290 291
1 2 166 413 750
1 2 413 49 501
1 2 750 501 111
1 2 413 501 750
1 2 167 751 890
1 2 751 111 363
1 2 890 363 48
1 2 751 363 890
1 2 166 750 290
1 2 750 111 751
1 2 290 751 167
1 2 750 751 290
1 2 32 887 289
1 2 887 206 782
1 2 289 782 166
1 2 887 782 289
1 2 206 645 781
1 2 645 33 938
1 2 781 938 207
1 2 645 938 781
1 2 166 411 413
1 2 411 207 412
1 2 413 412 49
1 2 411 412 413
1 2 206 781 782
1 2 781 207 411
1 2 782 411 166
1 2 781 411 782
1 2 33 717 938
1 2 717 128 1008
1 2 938 1008 207
1 2 717 1008 938
1 2 128 460 462
1 2 460 50 461
1 2 462 461 188
1 2 460 461 462
1 2 207 1007 412
1 2 1007 188 593
1 2 412 593 49
1 2 1007 593 412
1 2 128 462 1008
1 2 462 188 1007
1 2 1008 1007 207
1 2 462 1007 1008
1 2 33 715 717
1 2 715 126 716
1 2 717 716 128
1 2 715 716 717
1 2 126 572 1004
1 2 572 34 1013
1 2 1004 1013 127
1 2 572 1013 1004
1 2 128 864 460
1 2 864 127 394
1 2 460 394 50
1 2 864 394 460
1 2 126 1004 716
1 2 1004 127 864
1 2 716 864 128
1 2 1004 864 716
1 2 34 1012 1013
1 2 1012 230 940
1 2 1013 940 127
1 2 1012 940 1013
1 2 230 800 802
1 2 800 51 801
1 2 802 801 119
1 2 800 801 802
1 2 127 392 394
1 2 392 119 393
1 2 394 393 50
1 2 392 393 394
1 2 230 802 940
1 2 802 119 392
1 2 940 392 127
1 2 802 392 940
1 2 35 524 525
1 2 524 204 486
1 2 525 486 205
1 2 524 486 525
1 2 204 587 484
1 2 587 36 588
1 2 484 588 142
1 2 587 588 484
1 2 205 485 690
1 2 485 142 509
1 2 690 509 52
1 2 485 509 690
1 2 204 484 486
1 2 484 142 485
1 2 486 485 205
1 2 484 485 486
1 2 36 914 588
1 2 914 140 655
1 2 588 655 142
1 2 914 655 588
1 2 140 935 654
1 2 935 53 1036
1 2 654 1036 141
1 2 935 1036 654
1 2 142 507 509
1 2 507 141 508
1 2 509 508 52
1 2 507 508 509
1 2 140 654 655
1 2 654 141 507
1 2 655 507 142
1 2 654 507 655
1 2 36 931 914
1 2 931 182 932
1 2 914 932 140
1 2 931 932 914
1 2 182 946 948
1 2 946 37 947
1 2 948 947 259
1 2 946 947 948
1 2 140 934 935
1 2 934 259 373
1 2 935 373 53
1 2 934 373 935
1 2 182 948 932
1 2 948 259 934
1 2 932 934 140
1 2 948 934 932
1 2 37 994 947
1 2 994 237 825
1 2 947 825 259
1 2 994 825 947
1 2 237 682 684
1 2 682 54 683
1 2 684 683 261
1 2 682 683 684
1 2 259 371 373
1 2 371 261 372
1 2 373 372 53
1 2 371 372 373
1 2 237 684 825
1 2 684 261 371
1 2 825 371 259
1 2 684 371 825
1 2 37 769 994
1 2 769 235 633
1 2 994 633 237
1 2 769 633 994
1 2 235 419 420
1 2 419 38 273
1 2 420 273 236
1 2 419 273 420
1 2 237 632 682
1 2 632 236 590
1 2 682 590 54
1 2 632 590 682
1 2 235 420 633
1 2 420 236 632
1 2 633 632 237
1 2 420 632 633
1 2 38 271 273
1 2 271 125 272
1 2 273 272 236
1 2 271 272 273
1 2 125 865 564
1 2 865 55 866
1 2 564 866 260
1 2 865 866 564
1 2 236 565 590
1 2 565 260 589
1 2 590 589 54
1 2 565 589 590
1 2 125 564 272
1 2 564 260 565
1 2 272 565 236
1 2 564 565 272
1 2 38 900 271
1 2 900 123 384
1 2 271 384 125
1 2 900 384 271
1 2 123 760 382
1 2 760 39 389
1 2 382 389 124
1 2 760 389 382
1 2 125 383 865
1 2 383 124 351
1 2 865 351 55
1 2 383 351 865
1 2 123 382 384
1 2 382 124 383
1 2 384 383 125
1 2 382 383 384
1 2 39 267 389
1 2 267 174 388
1 2 389 388 124
1 2 267 388 389
1 2 174 696 698
1 2 696 56 697
1 2 698 697 175
1 2 696 697 698
1 2 124 349 351
1 2 349 175 350
1 2 351 350 55
1 2 349 350 351
1 2 174 698 388
1 2 698 175 349
1 2 388 349 124
1 2 698 349 388
1 2 39 265 267
1 2 265 243 266
1 2 267 266 174
1 2 265 266 267
1 2 243 553 555
1 2 553 40 554
1 2 555 554 151
1 2 553 554 555
1 2 174 859 696
1 2 859 151 675
1 2 696 675 56
1 2 859 675 696
1 2 243 555 266
1 2 555 151 859
1 2 266 859 174
1 2 555 859 266
1 2 40 944 554
1 2 944 149 977
1 2 554 977 151
1 2 944 977 554
1 2 149 955 957
1 2 955 57 956
1 2 957 956 150
1 2 955 956 957
1 2 151 673 675
1 2 673 150 674
1 2 675 674 56
1 2 673 674 675
1 2 149 957 977
1 2 957 150 673
1 2 977 673 151
1 2 957 673 977
1 2 40 732 944
1 2 732 191 943
1 2 944 943 149
1 2 732 943 944
1 2 191 1019 1040
1 2 1019 41 975
1 2 1040 975 192
1 2 1019 975 1040
1 2 149 980 955
1 2 980 192 981
1 2 955 981 57
1 2 980 981 955
1 2 191 1040 943
1 2 1040 192 980
1 2 943 980 149
1 2 1040 980 943
1 2 41 314 975
1 2 314 222 652
1 2 975 652 192
1 2 314 652 975
1 2 222 352 354
1 2 352 58 353
1 2 354 353 249
1 2 352 353 354
1 2 192 651 981
1 2 651 249 1005
1 2 981 1005 57
1 2 651 1005 981
1 2 222 354 652
1 2 354 249 651
1 2 652 651 192
1 2 354 651 652
1 2 41 312 314
1 2 312 221 313
1 2 314 313 222
1 2 312 313 314
1 2 221 333 429
1 2 333 42 714
1 2 429 714 84
1 2 333 714 429
1 2 222 430 352
1 2 430 84 709
1 2 352 709 58
1 2 430 709 352
1 2 221 429 313
1 2 429 84 430
1 2 313 430 222
1 2 429 430 313
1 2 42 908 714
1 2 908 82 909
1 2 714 909 84
1 2 908 909 714
1 2 82 318 320
1 2 318 59 319
1 2 320 319 83
1 2 318 319 320
1 2 84 942 709
1 2 942 83 1018
1 2 709 1018 58
1 2 942 1018 709
1 2 82 320 909
1 2 320 83 942
1 2 909 942 84
1 2 320 942 909
1 2 42 434 908
1 2 434 147 693
1 2 908 693 82
1 2 434 693 908
1 2 147 836 691
1 2 836 43 933
1 2 691 933 169
1 2 836 933 691
1 2 82 692 318
1 2 692 169 660
1 2 318 660 59
1 2 692 660 318
1 2 147 691 693
1 2 691 169 692
1 2 693 692 82
1 2 691 692 693
1 2 43 953 933
1 2 953 99 883
1 2 933 883 169
1 2 953 883 933
1 2 99 814 816
1 2 814 60 815
1 2 816 815 168
1 2 814 815 816
1 2 169 658 660
1 2 658 168 659
1 2 660 659 59
1 2 658 659 660
1 2 99 816 883
1 2 816 168 658
1 2 883 658 169
1 2 816 658 883
1 2 43 976 953
1 2 976 97 270
1 2 953 270 99
1 2 976 270 953
1 2 97 987 268
1 2 987 44 1027
1 2 268 1027 98
1 2 987 1027 268
1 2 99 269 814
1 2 269 98 1017
1 2 814 1017 60
1 2 269 1017 814
1 2 97 268 270
1 2 268 98 269
1 2 270 269 99
1 2 268 269 270
1 2 44 766 1027
1 2 766 176 446
1 2 1027 446 98
1 2 766 446 1027
1 2 176 625 444
1 2 625 61 626
1 2 444 626 177
1 2 625 626 444
1 2 98 445 1017
1 2 445 177 1028
1 2 1017 1028 60
1 2 445 1028 1017
1 2 176 444 446
1 2 444 177 445
1 2 446 445 98
1 2 444 445 446
1 2 44 764 766
1 2 764 212 765
1 2 766 765 176
1 2 764 765 766
1 2 212 617 993
1 2 617 45 861
1 2 993 861 74
1 2 617 861 993
1 2 176 786 625
1 2 786 74 787
1 2 625 787 61
1 2 786 787 625
1 2 212 993 765
1 2 993 74 786
1 2 765 786 176
1 2 993 786 765
1 2 45 860 861
1 2 860 72 793
1 2 861 793 74
1 2 860 793 861
1 2 72 370 791
1 2 370 62 841
1 2 791 841 73
1 2 370 841 791
1 2 74 792 787
1 2 792 73 945
1 2 787 945 61
1 2 792 945 787
1 2 72 791 793
1 2 791 73 792
1 2 793 792 74
1 2 791 792 793
1 2 45 1011 860
1 2 1011 195 964
1 2 860 964 72
1 2 1011 964 860
1 2 195 581 582
1 2 581 46 561
1 2 582 561 162
1 2 581 561 582
1 2 72 368 370
1 2 368 162 369
1 2 370 369 62
1 2 368 369 370
1 2 195 582 964
1 2 582 162 368
1 2 964 368 72
1 2 582 368 964
1 2 46 560 561
1 2 560 155 438
1 2 561 438 162
1 2 560 438 561
1 2 155 959 436
1 2 959 63 960
1 2 436 960 161
1 2 959 960 436
1 2 162 437 369
1 2 437 161 619
1 2 369 619 62
1 2 437 619 369
1 2 155 436 438
1 2 436 161 437
1 2 438 437 162
1 2 436 437 438
1 2 46 812 560
1 2 812 153 856
1 2 560 856 155
1 2 812 856 560
1 2 153 551 1026
1 2 551 47 299
1 2 1026 299 154
1 2 551 299 1026
1 2 155 963 959
1 2 963 154 950
1 2 959 950 63
1 2 963 950 959
1 2 153 1026 856
1 2 1026 154 963
1 2 856 963 155
1 2 1026 963 856
1 2 47 297 299
1 2 297 198 298
1 2 299 298 154
1 2 297 298 299
1 2 198 738 740
1 2 738 64 739
1 2 740 739 199
1 2 738 739 740
1 2 154 850 950
1 2 850 199 949
1 2 950 949 63
1 2 850 949 950
1 2 198 740 298
1 2 740 199 850
1 2 298 850 154
1 2 740 850 298
1 2 47 361 297
1 2 361 225 609
1 2 297 609 198
1 2 361 609 297
1 2 225 634 636
1 2 634 48 635
1 2 636 635 93
1 2 634 635 636
1 2 198 1010 738
1 2 1010 93 969
1 2 738 969 64
1 2 1010 969 738
1 2 225 636 609
1 2 636 93 1010
1 2 609 1010 198
1 2 636 1010 609
1 2 48 365 635
1 2 365 91 917
1 2 635 917 93
1 2 365 917 635
1 2 91 719 742
1 2 719 65 741
1 2 742 741 92
1 2 719 741 742
1 2 93 967 969
1 2 967 92 968
1 2 969 968 64
1 2 967 968 969
1 2 91 742 917
1 2 742 92 967
1 2 917 967 93
1 2 742 967 917
1 2 48 363 365
1 2 363 111 364
1 2 365 364 91
1 2 363 364 365
1 2 111 501 503
1 2 501 49 502
1 2 503 502 112
1 2 501 502 503
1 2 91 718 719
1 2 718 112 520
1 2 719 520 65
1 2 718 520 719
1 2 111 503 364
1 2 503 112 718
1 2 364 718 91
1 2 503 718 364
1 2 49 595 502
1 2 595 190 906
1 2 502 906 112
1 2 595 906 502
1 2 190 830 1021
1 2 830 66 1020
1 2 1021 1020 193
1 2 830 1020 1021
1 2 112 518 520
1 2 518 193 519
1 2 520 519 65
1 2 518 519 520
1 2 190 1021 906
1 2 1021 193 518
1 2 906 518 112
1 2 1021 518 906
1 2 49 593 595
1 2 593 188 594
1 2 595 594 190
1 2 593 594 595
1 2 188 461 493
1 2 461 50 492
1 2 493 492 189
1 2 461 492 493
1 2 190 828 830
1 2 828 189 829
1 2 830 829 66
1 2 828 829 830
1 2 188 493 594
1 2 493 189 828
1 2 594 828 190
1 2 493 828 594
1 2 50 549 492
1 2 549 121 574
1 2 492 574 189
1 2 549 574 492
1 2 121 711 713
1 2 711 67 712
1 2 713 712 245
1 2 711 712 713
1 2 189 990 829
1 2 990 245 1034
1 2 829 1034 66
1 2 990 1034 829
1 2 121 713 574
1 2 713 245 990
1 2 574 990 189
1 2 713 990 574
1 2 50 393 549
1 2 393 119 548
1 2 549 548 121
1 2 393 548 549
1 2 119 801 870
1 2 801 51 756
1 2 870 756 120
1 2 801 756 870
1 2 121 871 711
1 2 871 120 483
1 2 711 483 67
1 2 871 483 711
1 2 119 870 548
1 2 870 120 871
1 2 548 871 121
1 2 870 871 548
1 2 51 755 756
1 2 755 263 621
1 2 756 621 120
1 2 755 621 756
1 2 263 918 620
1 2 918 68 919
1 2 620 919 264
1 2 918 919 620
1 2 120 481 483
1 2 481 264 482
1 2 483 482 67
1 2 481 482 483
1 2 263 620 621
1 2 620 264 481
1 2 621 481 120
1 2 620 481 621
1 2 1168 1158 1041
1 2 1106 1042 1104
1 2 1101 1104 1063
1 2 1106 1104 1101
1 2 1102 1063 1087
1 2 1158 1087 1041
1 2 1102 1087 1158
1 2 1101 1063 1102
1 2 1106 1105 1042
1 2 1086 1043 1078
1 2 1126 1078 1073
1 2 1086 1078 1126
1 2 1127 1073 1103
1 2 1105 1103 1042
1 2 1127 1103 1105
1 2 1126 1073 1127
1 2 1086 1085 1043
1 2 1099 1044 1100
1 2 1093 1100 1064
1 2 1099 1100 1093
1 2 1094 1064 1165
1 2 1085 1165 1043
1 2 1094 1165 1085
1 2 1093 1064 1094
1 2 1099 1098 1044
1 2 1108 1045 1081
1 2 1159 1081 1060
1 2 1108 1081 1159
1 2 1160 1060 1154
1 2 1098 1154 1044
1 2 1160 1154 1098
1 2 1159 1060 1160
1 2 1108 1107 1045
1 2 1143 1046 1148
1 2 1149 1148 1071
1 2 1143 1148 1149
1 2 1161 1071 1074
1 2 1107 1074 1045
1 2 1161 1074 1107
1 2 1149 1071 1161
1 2 1143 1133 1046
1 2 1080 1047 1113
1 2 1114 1113 1068
1 2 1080 1113 1114
1 2 1131 1068 1132
1 2 1133 1132 1046
1 2 1131 1132 1133
1 2 1114 1068 1131
1 2 1080 1079 1047
1 2 1115 1048 1116
1 2 1109 1116 1072
1 2 1115 1116 1109
1 2 1110 1072 1138
1 2 1079 1138 1047
1 2 1110 1138 1079
1 2 1109 1072 1110
1 2 1115 1092 1048
1 2 1112 1049 1120
1 2 1121 1120 1067
1 2 1112 1120 1121
1 2 1090 1067 1091
1 2 1092 1091 1048
1 2 1090 1091 1092
1 2 1121 1067 1090
1 2 1112 1111 1049
1 2 1135 1050 1144
1 2 1145 1144 1058
1 2 1135 1144 1145
1 2 1155 1058 1167
1 2 1111 1167 1049
1 2 1155 1167 1111
1 2 1145 1058 1155
1 2 1135 1084 1050
1 2 1119 1051 1129
1 2 1130 1129 1059
1 2 1119 1129 1130
1 2 1082 1059 1083
1 2 1084 1083 1050
1 2 1082 1083 1084
1 2 1130 1059 1082
1 2 1119 1118 1051
1 2 1140 1052 1170
1 2 1141 1170 1061
1 2 1140 1170 1141
1 2 1142 1061 1077
1 2 1118 1077 1051
1 2 1142 1077 1118
1 2 1141 1061 1142
1 2 1140 1139 1052
1 2 1153 1053 1122
1 2 1136 1122 1065
1 2 1153 1122 1136
1 2 1137 1065 1134
1 2 1139 1134 1052
1 2 1137 1134 1139
1 2 1136 1065 1137
1 2 1153 1152 1053
1 2 1150 1054 1089
1 2 1075 1089 1069
1 2 1150 1089 1075
1 2 1076 1069 1151
1 2 1152 1151 1053
1 2 1076 1151 1152
1 2 1075 1069 1076
1 2 1150 1125 1054
1 2 1095 1055 1096
1 2 1097 1096 1062
1 2 1095 1096 1097
1 2 1123 1062 1124
1 2 1125 1124 1054
1 2 1123 1124 1125
1 2 1097 1062 1123
1 2 1095 1117 1055
1 2 1147 1056 1088
1 2 1166 1088 1066
1 2 1147 1088 1166
1 2 1169 1066 1128
1 2 1117 1128 1055
1 2 1169 1128 1117
1 2 1166 1066 1169
1 2 1147 1146 1056
1 2 1163 1057 1162
1 2 1164 1162 1070
1 2 1163 1162 1164
1 2 1156 1070 1157
1 2 1146 1157 1056
1 2 1156 1157 1146
1 2 1164 1070 1156

boundary
94
3 1 53 1036
3 1 1036 141
3 1 141 508
3 1 508 52
3 1 54 683
3 1 683 261
3 1 261 372
3 1 372 53
3 1 55 866
3 1 866 260
3 1 260 589
3 1 589 54
3 1 56 697
3 1 697 175
3 1 175 350
3 1 350 55
3 1 57 956
3 1 956 150
3 1 150 674
3 1 674 56
3 1 58 353
3 1 353 249
3 1 249 1005
3 1 1005 57
3 1 59 319
3 1 319 83
3 1 83 1018
3 1 1018 58
3 1 60 815
3 1 815 168
3 1 168 659
3 1 659 59
3 1 61 626
3 1 626 177
3 1 177 1028
3 1 1028 60
3 1 62 841
3 1 841 73
3 1 73 945
3 1 945 61
3 1 63 960
3 1 960 161
3 1 161 619
3 1 619 62
3 1 64 739
3 1 739 199
3 1 199 949
3 1 949 63
2 1 725 184
2 1 184 757
2 1 757 17
3 1 65 741
3 1 741 92
3 1 92 968
3 1 968 64
4 1 1 965
4 1 965 133
4 1 133 495
2 1 17 939
2 1 939 254
2 1 254 571
2 1 571 34
3 1 66 1020
3 1 1020 193
3 1 193 519
3 1 519 65
4 1 18 1029
4 1 1029 258
4 1 258 936
4 1 936 1
2 1 34 1012
2 1 1012 230
2 1 230 800
2 1 800 51
3 1 67 712
3 1 712 245
3 1 245 1034
3 1 1034 66
4 1 35 1037
4 1 1037 209
4 1 209 423
4 1 423 18
2 1 51 755
2 1 755 263
2 1 263 918
2 1 918 68
3 1 68 919
3 1 919 264
3 1 264 482
3 1 482 67
4 1 52 690
4 1 690 205
4 1 205 525
4 1 525 35

vertices
1170
2
 0 0.8125
 0.0625 0.8125
 0.125 0.8125
 0.1875 0.8125
 0.25 0.8125
 0.3125 0.8125
 0.375 0.8125
 0.4375 0.8125
 0.5 0.8125
 0.5625 0.8125
 0.625 0.8125
 0.6875 0.8125
 0.75 0.8125
 0.8125 0.8125
 0.875 0.8125
 0.9375 0.8125
 1 0.8125
 0 0.875
 0.0625 0.875
 0.125 0.875
 0.1875 0.875
 0.25 0.875
 0.3125 0.875
 0.375 0.875
 0.4375 0.875
 0.5 0.875
 0.5625 0.875
 0.625 0.875
 0.6875 0.875
 0.75 0.875
 0.8125 0.875
 0.875 0.875
 0.9375 0.875
 1 0.875
 0 0.9375
 0.0625 0.9375
 0.125 0.9375
 0.1875 0.9375
 0.25 0.9375
 0.3125 0.9375
 0.375 0.9375
 0.4375 0.9375
 0.5 0.9375
 0.5625 0.9375
 0.625 0.9375
 0.6875 0.9375
 0.75 0.9375
 0.8125 0.9375
 0.875 0.9375
 0.9375 0.9375
 1 0.9375
 0 1
 0.0625 1
 0.125 1
 0.1875 1
 0.25 1
 0.3125 1
 0.375 1
 0.4375 1
 0.5 1
 0.5625 1
 0.625 1
 0.6875 1
 0.75 1
 0.8125 1
 0.875 1
 0.9375 1
 1 1
 0.375 0.78125
 0.34375 0.8125
 0.34375 0.78125
 0.625 0.96875
 0.59375 1
 0.59375 0.96875
 0.53125 0.78125
 0.5 0.78125
 0.59375 0.78125
 0.5625 0.78125
 0.8125 0.78125
 0.78125 0.8125
 0.78125 0.78125
 0.4375 0.96875
 0.40625 1
 0.40625 0.96875
 0.875 0.84375
 0.84375 0.875
 0.84375 0.84375
 0.5625 0.84375
 0.53125 0.875
 0.53125 0.84375
 0.8125 0.96875
 0.78125 1
 0.78125 0.96875
 0.25 0.78125
 0.21875 0.8125
 0.21875 0.78125
 0.53125 0.9375
 0.53125 0.96875
 0.5 0.96875
 0.1875 0.78125
 0.84375 0.8125
 0.8125 0.84375
 0.46875 0.8125
 0.46875 0.84375
 0.4375 0.84375
 0.6875 0.78125
 0.65625 0.8125
 0.65625 0.78125
 0.90625 0.8125
 0.90625 0.84375
 0.84375 0.9375
 0.84375 0.96875
 0.125 0.84375
 0.09375 0.875
 0.09375 0.84375
 0.96875 0.8125
 0.96875 0.84375
 0.9375 0.84375
 0.96875 0.9375
 0.96875 0.96875
 0.9375 0.96875
 0.84375 0.78125
 0.21875 0.9375
 0.21875 0.96875
 0.1875 0.96875
 0.96875 0.875
 0.96875 0.90625
 0.9375 0.90625
 0.78125 0.875
 0.78125 0.90625
 0.75 0.90625
 0.03125 0.78125
 0 0.78125
 0.875 0.78125
 0.78125 0.84375
 0.75 0.84375
 0.15625 0.8125
 0.15625 0.78125
 0.53125 0.8125
 0.0625 0.96875
 0.03125 1
 0.03125 0.96875
 0.6875 0.84375
 0.65625 0.875
 0.65625 0.84375
 0.5 0.90625
 0.46875 0.9375
 0.46875 0.90625
 0.3125 0.96875
 0.28125 1
 0.28125 0.96875
 0.90625 0.78125
 0.71875 0.9375
 0.71875 0.96875
 0.6875 0.96875
 0.28125 0.875
 0.28125 0.90625
 0.25 0.90625
 0.59375 0.8125
 0.59375 0.84375
 0.65625 1
 0.65625 0.96875
 0.0625 0.84375
 0.03125 0.875
 0.03125 0.84375
 0.875 0.90625
 0.84375 0.90625
 0.46875 1
 0.46875 0.96875
 0.8125 0.90625
 0.59375 0.875
 0.59375 0.90625
 0.5625 0.90625
 0.25 0.96875
 0.21875 1
 0.5625 0.96875
 0.53125 1
 0.21875 0.90625
 0.21875 0.875
 0.1875 0.90625
 0.125 0.90625
 0.09375 0.9375
 0.09375 0.90625
 1 0.78125
 0.96875 0.78125
 0.71875 0.875
 0.71875 0.84375
 0.90625 0.9375
 0.90625 0.96875
 0.875 0.96875
 0.34375 0.9375
 0.34375 0.96875
 0.84375 1
 0.6875 0.90625
 0.65625 0.9375
 0.65625 0.90625
 0.125 0.78125
 0.75 0.96875
 0.71875 1
 0.09375 0.8125
 0.1875 0.84375
 0.15625 0.875
 0.15625 0.84375
 0.03125 0.9375
 0 0.96875
 0.90625 0.875
 0.90625 0.90625
 0.03125 0.90625
 0 0.90625
 0.3125 0.78125
 0.625 0.90625
 0.59375 0.9375
 0.75 0.78125
 0.71875 0.8125
 0.71875 0.78125
 0.4375 0.78125
 0.40625 0.8125
 0.40625 0.78125
 0.9375 0.78125
 0.625 0.84375
 0.40625 0.9375
 0.375 0.96875
 0.40625 0.84375
 0.375 0.84375
 0.78125 0.9375
 0.53125 0.90625
 0.28125 0.78125
 0.40625 0.875
 0.28125 0.8125
 1 0.90625
 0.71875 0.90625
 0.40625 0.90625
 0.375 0.90625
 0.21875 0.84375
 0.15625 0.9375
 0.15625 0.96875
 0.125 0.96875
 0.46875 0.78125
 0.25 0.84375
 0.5 0.84375
 0.46875 0.875
 0.3125 0.90625
 0.28125 0.9375
 0.4375 0.90625
 0.90625 1
 0.0625 0.90625
 0.625 0.78125
 0.15625 0.90625
 0.34375 1
 0.34375 0.875
 0.34375 0.90625
 0.34375 0.84375
 0.3125 0.84375
 1 0.84375
 0.09375 0.78125
 0.0625 0.78125
 0.03125 0.8125
 0 0.84375
 0.09375 0.96875
 0.15625 1
 0.09375 1
 0.28125 0.84375
 1 0.96875
 0.96875 1
 0.265625 0.9375
 0.265625 0.953125
 0.25 0.953125
 0.53125 0.953125
 0.515625 0.96875
 0.515625 0.953125
 0.1875 0.953125
 0.171875 0.96875
 0.171875 0.953125
 0.671875 0.921875
 0.65625 0.921875
 0.671875 0.90625
 0.453125 0.78125
 0.453125 0.796875
 0.4375 0.796875
 0.078125 0.78125
 0.078125 0.796875
 0.0625 0.796875
 0.234375 0.8125
 0.234375 0.828125
 0.21875 0.828125
 0.359375 0.859375
 0.34375 0.859375
 0.359375 0.84375
 0.875 0.890625
 0.859375 0.90625
 0.859375 0.890625
 0.265625 0.765625
 0.25 0.765625
 0.734375 0.8125
 0.734375 0.828125
 0.71875 0.828125
 0.75 0.953125
 0.734375 0.96875
 0.734375 0.953125
 0.4375 0.859375
 0.421875 0.875
 0.421875 0.859375
 0.34375 0.765625
 0.328125 0.78125
 0.328125 0.765625
 0.640625 0.8125
 0.640625 0.828125
 0.625 0.828125
 0.359375 0.875
 0.359375 0.890625
 0.34375 0.890625
 0.390625 0.9375
 0.390625 0.953125
 0.375 0.953125
 0.640625 0.90625
 0.640625 0.921875
 0.625 0.921875
 0.4375 0.984375
 0.421875 1
 0.421875 0.984375
 0.484375 0.921875
 0.46875 0.921875
 0.484375 0.90625
 0.03125 0.765625
 0.015625 0.78125
 0.015625 0.765625
 0.6875 0.890625
 0.671875 0.890625
 0.734375 0.796875
 0.71875 0.796875
 0.734375 0.78125
 0.4375 0.921875
 0.421875 0.9375
 0.421875 0.921875
 0.046875 0.8125
 0.046875 0.796875
 0.359375 0.8125
 0.359375 0.828125
 0.34375 0.828125
 0.765625 0.78125
 0.765625 0.796875
 0.75 0.796875
 0.921875 0.8125
 0.921875 0.828125
 0.90625 0.828125
 0.5625 0.828125
 0.546875 0.84375
 0.546875 0.828125
 0.21875 0.984375
 0.203125 1
 0.203125 0.984375
 0.375 0.984375
 0.359375 1
 0.359375 0.984375
 0.84375 0.828125
 0.828125 0.84375
 0.828125 0.828125
 0.234375 0.78125
 0.234375 0.765625
 0.78125 0.921875
 0.765625 0.9375
 0.765625 0.921875
 0.828125 0.9375
 0.828125 0.953125
 0.8125 0.953125
 0.859375 0.875
 0.84375 0.890625
 0.640625 0.96875
 0.640625 0.984375
 0.625 0.984375
 0.09375 0.984375
 0.078125 1
 0.078125 0.984375
 0.640625 0.765625
 0.625 0.765625
 0.046875 0.859375
 0.03125 0.859375
 0.046875 0.84375
 0.890625 0.84375
 0.890625 0.859375
 0.875 0.859375
 0.21875 0.953125
 0.203125 0.96875
 0.203125 0.953125
 0.3125 0.796875
 0.296875 0.8125
 0.296875 0.796875
 0.234375 0.96875
 0.234375 0.953125
 0.9375 0.796875
 0.921875 0.796875
 0.96875 0.921875
 0.953125 0.9375
 0.953125 0.921875
 0.109375 0.765625
 0.09375 0.765625
 0.203125 0.90625
 0.203125 0.921875
 0.1875 0.921875
 0.6875 0.796875
 0.671875 0.8125
 0.671875 0.796875
 0.421875 0.890625
 0.40625 0.890625
 0.515625 0.875
 0.515625 0.890625
 0.5 0.890625
 0.71875 0.890625
 0.703125 0.90625
 0.703125 0.890625
 0.890625 0.90625
 0.890625 0.921875
 0.875 0.921875
 0.328125 0.84375
 0.328125 0.859375
 0.3125 0.859375
 0.546875 0.8125
 0.53125 0.828125
 0.171875 0.9375
 0.15625 0.953125
 0.015625 0.875
 0.015625 0.890625
 0 0.890625
 0.90625 0.796875
 0.921875 0.78125
 0.609375 0.859375
 0.59375 0.859375
 0.609375 0.84375
 0.40625 0.953125
 0.390625 0.96875
 0.421875 0.796875
 0.40625 0.796875
 0.421875 0.78125
 0.453125 0.9375
 0.453125 0.921875
 0.671875 0.984375
 0.65625 0.984375
 0.671875 0.96875
 0.765625 0.8125
 0.765625 0.828125
 0.75 0.828125
 0.203125 0.84375
 0.203125 0.828125
 0.546875 0.984375
 0.53125 0.984375
 0.546875 0.96875
 0.96875 0.828125
 0.953125 0.84375
 0.953125 0.828125
 0.25 0.859375
 0.234375 0.875
 0.234375 0.859375
 0.21875 0.765625
 0.28125 0.921875
 0.265625 0.921875
 0.890625 0.828125
 0.515625 0.8125
 0.515625 0.828125
 0.5 0.828125
 0.9375 0.921875
 0.921875 0.9375
 0.921875 0.921875
 0.3125 0.765625
 0.296875 0.78125
 0.296875 0.765625
 0.21875 0.796875
 0.203125 0.8125
 0.203125 0.796875
 0.53125 0.859375
 0.515625 0.859375
 0.703125 0.78125
 0.703125 0.796875
 0.8125 0.796875
 0.796875 0.8125
 0.796875 0.796875
 0.109375 0.796875
 0.09375 0.796875
 0.109375 0.78125
 0.828125 0.78125
 0.828125 0.796875
 0.96875 0.984375
 0.953125 1
 0.953125 0.984375
 0.03125 0.953125
 0.015625 0.96875
 0.015625 0.953125
 0.8125 0.859375
 0.796875 0.875
 0.796875 0.859375
 0.84375 0.765625
 0.828125 0.765625
 0.921875 0.953125
 0.90625 0.953125
 0.546875 0.859375
 0 0.765625
 0.125 0.796875
 0.109375 0.8125
 0.921875 0.765625
 0.90625 0.765625
 0.453125 0.90625
 0.859375 0.9375
 0.859375 0.953125
 0.84375 0.953125
 0.28125 0.796875
 0.265625 0.8125
 0.265625 0.796875
 0.03125 0.984375
 0.015625 1
 0.015625 0.984375
 0.234375 0.890625
 0.21875 0.890625
 0.71875 0.859375
 0.703125 0.875
 0.703125 0.859375
 0.5625 0.765625
 0.546875 0.78125
 0.546875 0.765625
 0.84375 0.984375
 0.828125 1
 0.828125 0.984375
 0.15625 0.796875
 0.140625 0.8125
 0.140625 0.796875
 0.015625 0.9375
 0 0.953125
 0.796875 0.765625
 0.78125 0.765625
 0.421875 0.8125
 0.421875 0.828125
 0.40625 0.828125
 0.84375 0.796875
 0.828125 0.8125
 0.046875 0.921875
 0.03125 0.921875
 0.046875 0.90625
 0.578125 0.78125
 0.578125 0.796875
 0.5625 0.796875
 0.0625 0.828125
 0.046875 0.828125
 0.359375 0.921875
 0.34375 0.921875
 0.359375 0.90625
 0.125 0.765625
 0.171875 0.875
 0.171875 0.890625
 0.15625 0.890625
 0.953125 0.953125
 0.9375 0.953125
 0.75 0.921875
 0.734375 0.9375
 0.734375 0.921875
 0.296875 0.9375
 0.296875 0.953125
 0.28125 0.953125
 0.328125 0.875
 0.671875 0.859375
 0.65625 0.859375
 0.671875 0.84375
 0.6875 0.953125
 0.671875 0.953125
 0.703125 0.84375
 0.703125 0.828125
 0.171875 0.984375
 0.15625 0.984375
 0.140625 0.84375
 0.140625 0.859375
 0.125 0.859375
 0.390625 0.8125
 0.390625 0.796875
 1 0.859375
 0.984375 0.875
 0.984375 0.859375
 0.921875 0.96875
 0.796875 0.921875
 0.796875 0.90625
 0.1875 0.859375
 0.171875 0.859375
 0.296875 0.921875
 0.296875 0.90625
 0.671875 0.9375
 0.65625 0.953125
 0.828125 0.859375
 0.1875 0.796875
 0.171875 0.8125
 0.171875 0.796875
 0.046875 0.9375
 0.046875 0.953125
 0.140625 1
 0.140625 0.984375
 0.078125 0.765625
 0.0625 0.765625
 0.890625 0.9375
 0.890625 0.953125
 0.875 0.953125
 0.28125 0.828125
 0.265625 0.84375
 0.265625 0.828125
 0.203125 0.875
 0.203125 0.890625
 0.1875 0.890625
 0.328125 0.828125
 0.03125 0.796875
 0.046875 0.78125
 0.75 0.765625
 0.734375 0.765625
 0.59375 0.796875
 0.578125 0.8125
 0.765625 0.953125
 0.375 0.859375
 0.046875 0.765625
 0.984375 0.796875
 0.96875 0.796875
 0.984375 0.78125
 0.21875 0.859375
 0.203125 0.859375
 0.609375 0.9375
 0.609375 0.921875
 0.640625 1
 0.984375 0.984375
 0.984375 0.96875
 0.453125 0.8125
 0.453125 0.828125
 0.4375 0.828125
 0.5625 0.984375
 0.546875 1
 0.140625 0.875
 0.140625 0.890625
 0.125 0.890625
 0.890625 0.8125
 0.875 0.828125
 0.140625 0.96875
 0.140625 0.953125
 0.796875 0.9375
 0.796875 0.953125
 0.78125 0.953125
 0.3125 0.828125
 0.296875 0.84375
 0.296875 0.828125
 0.53125 0.796875
 0.515625 0.796875
 0.9375 0.828125
 0.921875 0.84375
 0.9375 0.859375
 0.921875 0.875
 0.921875 0.859375
 0.4375 0.765625
 0.421875 0.765625
 0.40625 0.921875
 0.421875 0.90625
 0.34375 0.984375
 0.359375 0.96875
 0.4375 0.890625
 0.046875 0.984375
 0.046875 0.96875
 0.859375 0.796875
 0.859375 0.78125
 0.46875 0.984375
 0.453125 1
 0.453125 0.984375
 0.546875 0.875
 0.546875 0.890625
 0.53125 0.890625
 0.546875 0.796875
 0.65625 0.796875
 0.671875 0.78125
 0.5 0.796875
 0.484375 0.8125
 0.484375 0.796875
 0.609375 0.875
 0.609375 0.890625
 0.59375 0.890625
 0.28125 0.984375
 0.265625 1
 0.265625 0.984375
 0.421875 0.84375
 0.109375 0.875
 0.109375 0.890625
 0.09375 0.890625
 0.875 0.796875
 0.859375 0.8125
 0.125 0.984375
 0.109375 1
 0.109375 0.984375
 0.390625 0.90625
 0.390625 0.921875
 0.375 0.921875
 0.515625 0.84375
 0.5 0.859375
 0 0.984375
 0.46875 0.953125
 0.453125 0.96875
 0.453125 0.953125
 0.015625 0.859375
 0.71875 0.765625
 0.25 0.984375
 0.234375 1
 0.234375 0.984375
 0.375 0.890625
 0.578125 0.765625
 0.46875 0.765625
 0.453125 0.765625
 0.8125 0.765625
 0.796875 0.78125
 0.390625 0.84375
 0.390625 0.828125
 0.078125 0.90625
 0.078125 0.890625
 0.390625 0.984375
 0.109375 0.90625
 0.9375 0.984375
 0.921875 1
 0.921875 0.984375
 0.421875 0.953125
 0.953125 0.875
 0.953125 0.890625
 0.9375 0.890625
 0.828125 0.96875
 0.8125 0.984375
 0.03125 0.890625
 0.015625 0.90625
 0.265625 0.875
 0.265625 0.890625
 0.25 0.890625
 1 0.765625
 0.984375 0.765625
 0.25 0.796875
 0.234375 0.796875
 0.078125 0.8125
 0.0625 0.859375
 0.046875 0.875
 0.328125 0.9375
 0.328125 0.921875
 0.046875 0.890625
 0.890625 0.765625
 0.875 0.765625
 0.15625 0.859375
 0.75 0.984375
 0.734375 1
 0.734375 0.984375
 0.796875 1
 0.796875 0.984375
 0.171875 0.84375
 0.859375 0.765625
 0.296875 0.859375
 0.28125 0.859375
 0.703125 0.765625
 0.6875 0.765625
 0.40625 0.765625
 0.859375 0.921875
 0.84375 0.921875
 0.765625 0.875
 0.765625 0.890625
 0.75 0.890625
 1 0.953125
 0.984375 0.953125
 1 0.796875
 0.984375 0.8125
 0.25 0.921875
 0.234375 0.9375
 0.234375 0.921875
 0.25 0.828125
 0.234375 0.84375
 0.578125 0.9375
 0.578125 0.953125
 0.5625 0.953125
 0.265625 0.859375
 0.15625 0.921875
 0.140625 0.9375
 0.140625 0.921875
 0.125 0.828125
 0.109375 0.84375
 0.109375 0.828125
 0.734375 0.859375
 0.734375 0.84375
 0.09375 0.828125
 0.078125 0.84375
 0.078125 0.828125
 0.015625 0.8125
 0.015625 0.796875
 0.90625 0.890625
 0.890625 0.890625
 0.515625 0.90625
 0.515625 0.921875
 0.5 0.921875
 0.578125 0.96875
 0.578125 0.984375
 0.859375 0.859375
 0.84375 0.859375
 0.859375 0.84375
 0.609375 0.984375
 0.59375 0.984375
 0.609375 0.96875
 0.390625 0.765625
 0.375 0.765625
 0.53125 0.765625
 0.515625 0.78125
 0.515625 0.765625
 0.3125 0.921875
 1 0.921875
 0.984375 0.9375
 0.984375 0.921875
 0.15625 0.765625
 0.140625 0.78125
 0.140625 0.765625
 0.375 0.828125
 0.984375 0.828125
 0.40625 0.859375
 0.59375 0.921875
 0.609375 0.90625
 0.71875 0.921875
 0.703125 0.9375
 0.703125 0.921875
 0.5 0.984375
 0.484375 1
 0.484375 0.984375
 0.0625 0.921875
 0.453125 0.84375
 0.453125 0.859375
 0.625 0.859375
 0.359375 0.765625
 0.484375 0.875
 0.484375 0.890625
 0.46875 0.890625
 0.109375 0.96875
 0.640625 0.84375
 0.640625 0.859375
 0.890625 0.96875
 0.890625 0.984375
 0.875 0.984375
 0.328125 0.796875
 0.8125 0.921875
 0.5 0.765625
 0.484375 0.78125
 0.484375 0.765625
 0.484375 0.9375
 0.8125 0.828125
 0.390625 0.859375
 0.96875 0.859375
 0.984375 0.84375
 0.609375 1
 0.953125 0.78125
 0.953125 0.796875
 0.328125 0.90625
 0.328125 0.890625
 0.296875 0.875
 0.609375 0.765625
 0.59375 0.765625
 0.578125 0.921875
 0.71875 0.984375
 0.625 0.796875
 0.609375 0.8125
 0.609375 0.796875
 0.28125 0.890625
 0.265625 0.90625
 0.703125 0.953125
 0.078125 0.875
 0.0625 0.890625
 0.265625 0.96875
 0.625 0.953125
 0.609375 0.953125
 0.703125 0.8125
 0.953125 0.859375
 0.953125 0.90625
 0.1875 0.984375
 0.171875 1
 0.640625 0.875
 0.640625 0.890625
 0.625 0.890625
 0.96875 0.953125
 0.953125 0.96875
 0.59375 0.828125
 0.578125 0.84375
 0.578125 0.828125
 0.234375 0.90625
 0.671875 0.875
 0.65625 0.890625
 0.484375 0.859375
 0.359375 0.796875
 0.34375 0.796875
 0.359375 0.78125
 0.609375 0.78125
 0.484375 0.96875
 0.6875 0.828125
 0.671875 0.828125
 0.109375 0.859375
 0.890625 0.875
 0.828125 0.90625
 0.828125 0.890625
 0.828125 0.921875
 0.953125 0.8125
 0.171875 0.78125
 0.390625 0.78125
 0.375 0.796875
 0.015625 0.921875
 0.828125 0.875
 0.859375 0.828125
 0.171875 0.90625
 0.21875 0.921875
 0.203125 0.9375
 0.3125 0.890625
 0.765625 0.765625
 0.03125 0.828125
 0.015625 0.84375
 0.015625 0.828125
 0.859375 0.96875
 0.09375 0.859375
 0.4375 0.953125
 0.421875 0.96875
 0.46875 0.859375
 0.453125 0.875
 0.96875 0.765625
 0.953125 0.765625
 0.0625 0.953125
 0.8125 0.890625
 0.796875 0.890625
 0.796875 0.96875
 1 0.984375
 0.984375 1
 0.578125 0.875
 0.578125 0.890625
 0.5625 0.890625
 0.171875 0.921875
 0.78125 0.796875
 0.28125 0.765625
 0.265625 0.78125
 0.203125 0.765625
 0.1875 0.765625
 0.46875 0.796875
 0.078125 0.859375
 0.078125 0.9375
 0.078125 0.953125
 0.484375 0.953125
 0.078125 0.96875
 0.0625 0.984375
 0 0.828125
 0.140625 0.828125
 0.921875 0.890625
 1 0.828125
 0.984375 0.90625
 0.171875 0.765625
 0.40625 0.984375
 0.328125 0.953125
 0.3125 0.953125
 0.578125 1
 0.109375 0.9375
 0.109375 0.953125
 0.09375 0.953125
 0.703125 1
 0.703125 0.984375
 0.171875 0.828125
 0.15625 0.828125
 0.5 0.953125
 0.390625 0.875
 0.3125 0.984375
 0.296875 1
 0.296875 0.984375
 0.390625 0.890625
 0.6875 0.984375
 0.671875 1
 0.734375 0.90625
 0.65625 0.828125
 0.703125 0.96875
 0.640625 0.953125
 0 0.796875
 0.90625 0.859375
 0.78125 0.984375
 0.765625 1
 0.765625 0.984375
 0.203125 0.78125
 0.1875 0.828125
 0.796875 0.84375
 0.796875 0.828125
 0.078125 0.921875
 0.359375 0.953125
 0.515625 0.9375
 0.296875 0.96875
 0.734375 0.890625
 0.78125 0.890625
 0.328125 0.96875
 0.328125 0.984375
 0.640625 0.796875
 0.640625 0.78125
 0.328125 0.8125
 0.78125 0.859375
 0.5625 0.921875
 0.546875 0.9375
 0.546875 0.921875
 0.734375 0.875
 0.90625 0.984375
 0.578125 0.859375
 0.578125 0.90625
 0.59375 0.953125
 0.125 0.953125
 0.609375 0.828125
 0.53125 0.921875
 0.546875 0.90625
 0.484375 0.828125
 0.46875 0.828125
 0.890625 0.78125
 0.890625 0.796875
 0.765625 0.90625
 0.296875 0.890625
 0.96875 0.890625
 0.328125 1
 0.9375 0.765625
 0.90625 0.921875
 0.921875 0.90625
 0.75 0.859375
 0.765625 0.96875
 0.640625 0.9375
 1 0.890625
 0.984375 0.890625
 0.140625 0.90625
 0.125 0.921875
 0.6875 0.921875
 0.515625 0.984375
 0.390625 1
 0.359375 0.9375
 0.859375 1
 0.859375 0.984375
 0.6875 0.859375
 0.78125 0.828125
 0.453125 0.890625
 0.109375 0.921875
 0.71875 0.953125
 0.546875 0.953125
 0.515625 1
 0 0.859375
 0.671875 0.765625
 0.5625 0.859375
 0.65625 0.765625
 0.484375 0.84375
 0.890625 1
 0.765625 0.859375
 0.046875 1
 0 0.921875
 0.09375 0.921875
 0.765625 0.84375
 0.34375 0.953125
 0 0.75
 0.0625 0.75
 0.125 0.75
 0.1875 0.75
 0.25 0.75
 0.3125 0.75
 0.375 0.75
 0.4375 0.75
 0.5 0.75
 0.5625 0.75
 0.625 0.75
 0.6875 0.75
 0.75 0.75
 0.8125 0.75
 0.875 0.75
 0.9375 0.75
 1 0.75
 0.53125 0.75
 0.59375 0.75
 0.21875 0.75
 0.65625 0.75
 0.84375 0.75
 0.03125 0.75
 0.15625 0.75
 0.71875 0.75
 0.90625 0.75
 0.46875 0.75
 0.34375 0.75
 0.78125 0.75
 0.96875 0.75
 0.28125 0.75
 0.40625 0.75
 0.09375 0.75
 0.265625 0.75
 0.796875 0.734375
 0.78125 0.734375
 0.640625 0.75
 0.109375 0.75
 0.390625 0.734375
 0.375 0.734375
 0.234375 0.75
 0.59375 0.734375
 0.578125 0.75
 0.578125 0.734375
 0.140625 0.734375
 0.125 0.734375
 0.015625 0.75
 0.921875 0.75
 0.796875 0.75
 0.46875 0.734375
 0.453125 0.75
 0.453125 0.734375
 0.171875 0.734375
 0.15625 0.734375
 0.875 0.734375
 0.859375 0.75
 0.859375 0.734375
 0.203125 0.734375
 0.1875 0.734375
 0.171875 0.75
 0.046875 0.734375
 0.03125 0.734375
 0.078125 0.75
 0.046875 0.75
 0.078125 0.734375
 0.0625 0.734375
 0.265625 0.734375
 0.25 0.734375
 0.421875 0.734375
 0.40625 0.734375
 0.515625 0.734375
 0.5 0.734375
 0.359375 0.75
 0.359375 0.734375
 0.4375 0.734375
 0.421875 0.75
 0.890625 0.734375
 0.640625 0.734375
 0.625 0.734375
 0.484375 0.75
 0.484375 0.734375
 0.734375 0.75
 0.84375 0.734375
 0.828125 0.75
 0.828125 0.734375
 0.109375 0.734375
 0.09375 0.734375
 0.890625 0.75
 0.609375 0.75
 0.609375 0.734375
 0.34375 0.734375
 0.328125 0.75
 0.328125 0.734375
 0.703125 0.75
 0.5625 0.734375
 0.734375 0.734375
 0.71875 0.734375
 0.390625 0.75
 0.703125 0.734375
 0.6875 0.734375
 0.671875 0.734375
 0.65625 0.734375
 0.3125 0.734375
 0.546875 0.75
 0.546875 0.734375
 0.953125 0.734375
 0.9375 0.734375
 0.296875 0.75
 0.296875 0.734375
 0.8125 0.734375
 0.765625 0.75
 0.765625 0.734375
 0.75 0.734375
 0.203125 0.75
 0.53125 0.734375
 0.96875 0.734375
 0.953125 0.75
 0.015625 0.734375
 0.234375 0.734375
 0.21875 0.734375
 0.28125 0.734375
 0.984375 0.75
 1 0.734375
 0.984375 0.734375
 0.140625 0.75
 0.921875 0.734375
 0.515625 0.75
 0 0.734375
 0.90625 0.734375
 0.671875 0.75
