MFEM mesh v1.0

dimension
2

elements
80
1 2 46 47 1
1 2 47 2 1
1 2 47 48 2
1 2 48 3 2
1 2 48 49 3
1 2 49 4 3
1 2 49 50 4
1 2 50 5 4
1 2 50 51 5
1 2 51 6 5
1 2 51 52 6
1 2 52 7 6
1 2 52 53 7
1 2 53 8 7
1 2 53 54 8
1 2 54 9 8
1 2 1 2 10
1 2 2 11 10
1 2 2 3 11
1 2 3 12 11
1 2 3 4 12
1 2 4 13 12
1 2 4 5 13
1 2 5 14 13
1 2 5 6 14
1 2 6 15 14
1 2 6 7 15
1 2 7 16 15
1 2 7 8 16
1 2 8 17 16
1 2 8 9 17
1 2 9 18 17
1 2 10 11 19
1 2 11 20 19
1 2 11 12 20
1 2 12 21 20
1 2 12 13 21
1 2 13 22 21
1 2 13 14 22
1 2 14 23 22
1 2 14 15 23
1 2 15 24 23
1 2 15 16 24
1 2 16 25 24
1 2 16 17 25
1 2 17 26 25
1 2 17 18 26
1 2 18 27 26
1 2 19 20 28
1 2 20 29 28
1 2 20 21 29
1 2 21 30 29
1 2 21 22 30
1 2 22 31 30
1 2 22 23 31
1 2 23 32 31
1 2 23 24 32
1 2 24 33 32
1 2 24 25 33
1 2 25 34 33
1 2 25 26 34
1 2 26 35 34
1 2 26 27 35
1 2 27 36 35
1 2 37 38 46
1 2 38 47 46
1 2 38 39 47
1 2 39 48 47
1 2 39 40 48
1 2 40 49 48
1 2 40 41 49
1 2 41 50 49
1 2 41 42 50
1 2 42 51 50
1 2 42 43 51
1 2 43 52 51
1 2 43 44 52
1 2 44 53 52
1 2 44 45 53
1 2 45 54 53

boundary
14
3 1 29 28
3 1 30 29
3 1 31 30
3 1 32 31
3 1 33 32
2 1 9 18
3 1 34 33
4 1 10 1
2 1 18 27
3 1 35 34
4 1 19 10
2 1 27 36
3 1 36 35
4 1 28 19

vertices
54
2
 0 0.625
 0.125 0.625
 0.25 0.625
 0.375 0.625
 0.5 0.625
 0.625 0.625
 0.75 0.625
 0.875 0.625
 1 0.625
 0 0.75
 0.125 0.75
 0.25 0.75
 0.375 0.75
 0.5 0.75
 0.625 0.75
 0.75 0.75
 0.875 0.75
 1 0.75
 0 0.875
 0.125 0.875
 0.25 0.875
 0.375 0.875
 0.5 0.875
 0.625 0.875
 0.75 0.875
 0.875 0.875
 1 0.875
 0 1
 0.125 1
 0.25 1
 0.375 1
 0.5 1
 0.625 1
 0.75 1
 0.875 1
 1 1
 0 0.375
 0.125 0.375
 0.25 0.375
 0.375 0.375
 0.5 0.375
 0.625 0.375
 0.75 0.375
 0.875 0.375
 1 0.375
 0 0.5
 0.125 0.5
 0.25 0.5
 0.375 0.5
 0.5 0.5
 0.625 0.5
 0.75 0.5
 0.875 0.5
 1 0.5
