MFEM mesh v1.0

#
# MFEM Geometry Types (see fem/geom.hpp):
#
# POINT       = 0
# SEGMENT     = 1
# TRIANGLE    = 2
# SQUARE      = 3
# TETRAHEDRON = 4
# CUBE        = 5
# PRISM       = 6
#

dimension
2

elements
312
1 3 28 98 273 101
1 3 98 75 99 273
1 3 273 99 27 100
1 3 101 273 100 9
1 3 30 102 274 105
1 3 102 76 103 274
1 3 274 103 29 104
1 3 105 274 104 8
1 3 9 100 275 108
1 3 100 27 106 275
1 3 275 106 77 107
1 3 108 275 107 32
1 3 27 109 276 106
1 3 109 21 110 276
1 3 276 110 30 111
1 3 106 276 111 77
1 3 77 111 277 113
1 3 111 30 105 277
1 3 277 105 8 112
1 3 113 277 112 31
1 3 32 107 278 115
1 3 107 77 113 278
1 3 278 113 31 114
1 3 115 278 114 3
1 3 28 101 279 118
1 3 101 9 116 279
1 3 279 116 33 117
1 3 118 279 117 78
1 3 78 117 280 121
1 3 117 33 119 280
1 3 280 119 22 120
1 3 121 280 120 34
1 3 9 108 281 116
1 3 108 32 122 281
1 3 281 122 79 123
1 3 116 281 123 33
1 3 32 115 282 122
1 3 115 3 124 282
1 3 282 124 35 125
1 3 122 282 125 79
1 3 79 125 283 128
1 3 125 35 126 283
1 3 283 126 10 127
1 3 128 283 127 36
1 3 33 123 284 119
1 3 123 79 128 284
1 3 284 128 36 129
1 3 119 284 129 22
1 3 22 129 285 132
1 3 129 36 130 285
1 3 285 130 80 131
1 3 132 285 131 39
1 3 36 127 286 130
1 3 127 10 133 286
1 3 286 133 37 134
1 3 130 286 134 80
1 3 80 134 287 137
1 3 134 37 135 287
1 3 287 135 7 136
1 3 137 287 136 38
1 3 39 131 288 139
1 3 131 80 137 288
1 3 288 137 38 138
1 3 139 288 138 11
1 3 34 120 289 141
1 3 120 22 132 289
1 3 289 132 39 140
1 3 141 289 140 81
1 3 81 140 290 143
1 3 140 39 139 290
1 3 290 139 11 142
1 3 143 290 142 40
1 3 3 114 291 146
1 3 114 31 144 291
1 3 291 144 82 145
1 3 146 291 145 45
1 3 31 112 292 144
1 3 112 8 147 292
1 3 292 147 43 148
1 3 144 292 148 82
1 3 82 148 293 151
1 3 148 43 149 293
1 3 293 149 23 150
1 3 151 293 150 44
1 3 45 145 294 153
1 3 145 82 151 294
1 3 294 151 44 152
1 3 153 294 152 14
1 3 8 104 295 147
1 3 104 29 154 295
1 3 295 154 83 155
1 3 147 295 155 43
1 3 29 156 296 154
1 3 156 6 157 296
1 3 296 157 41 158
1 3 154 296 158 83
1 3 83 158 297 161
1 3 158 41 159 297
1 3 297 159 12 160
1 3 161 297 160 46
1 3 43 155 298 149
1 3 155 83 161 298
1 3 298 161 46 162
1 3 149 298 162 23
1 3 23 162 299 165
1 3 162 46 163 299
1 3 299 163 84 164
1 3 165 299 164 48
1 3 46 160 300 163
1 3 160 12 166 300
1 3 300 166 42 167
1 3 163 300 167 84
1 3 84 167 301 170
1 3 167 42 168 301
1 3 301 168 2 169
1 3 170 301 169 47
1 3 48 164 302 172
1 3 164 84 170 302
1 3 302 170 47 171
1 3 172 302 171 13
1 3 14 152 303 175
1 3 152 44 173 303
1 3 303 173 85 174
1 3 175 303 174 50
1 3 44 150 304 173
1 3 150 23 165 304
1 3 304 165 48 176
1 3 173 304 176 85
1 3 85 176 305 178
1 3 176 48 172 305
1 3 305 172 13 177
1 3 178 305 177 49
1 3 50 174 306 180
1 3 174 85 178 306
1 3 306 178 49 179
1 3 180 306 179 0
1 3 3 146 307 124
1 3 146 45 181 307
1 3 307 181 86 182
1 3 124 307 182 35
1 3 45 153 308 181
1 3 153 14 183 308
1 3 308 183 51 184
1 3 181 308 184 86
1 3 86 184 309 187
1 3 184 51 185 309
1 3 309 185 24 186
1 3 187 309 186 52
1 3 35 182 310 126
1 3 182 86 187 310
1 3 310 187 52 188
1 3 126 310 188 10
1 3 14 175 311 183
1 3 175 50 189 311
1 3 311 189 87 190
1 3 183 311 190 51
1 3 50 180 312 189
1 3 180 0 191 312
1 3 312 191 53 192
1 3 189 312 192 87
1 3 87 192 313 195
1 3 192 53 193 313
1 3 313 193 15 194
1 3 195 313 194 54
1 3 51 190 314 185
1 3 190 87 195 314
1 3 314 195 54 196
1 3 185 314 196 24
1 3 24 196 315 199
1 3 196 54 197 315
1 3 315 197 88 198
1 3 199 315 198 57
1 3 54 194 316 197
1 3 194 15 200 316
1 3 316 200 55 201
1 3 197 316 201 88
1 3 88 201 317 204
1 3 201 55 202 317
1 3 317 202 4 203
1 3 204 317 203 56
1 3 57 198 318 206
1 3 198 88 204 318
1 3 318 204 56 205
1 3 206 318 205 16
1 3 10 188 319 133
1 3 188 52 207 319
1 3 319 207 89 208
1 3 133 319 208 37
1 3 52 186 320 207
1 3 186 24 199 320
1 3 320 199 57 209
1 3 207 320 209 89
1 3 89 209 321 211
1 3 209 57 206 321
1 3 321 206 16 210
1 3 211 321 210 58
1 3 37 208 322 135
1 3 208 89 211 322
1 3 322 211 58 212
1 3 135 322 212 7
1 3 7 212 323 215
1 3 212 58 213 323
1 3 323 213 90 214
1 3 215 323 214 61
1 3 58 210 324 213
1 3 210 16 216 324
1 3 324 216 59 217
1 3 213 324 217 90
1 3 90 217 325 220
1 3 217 59 218 325
1 3 325 218 25 219
1 3 220 325 219 60
1 3 61 214 326 222
1 3 214 90 220 326
1 3 326 220 60 221
1 3 222 326 221 19
1 3 16 205 327 216
1 3 205 56 223 327
1 3 327 223 91 224
1 3 216 327 224 59
1 3 56 203 328 223
1 3 203 4 225 328
1 3 328 225 62 226
1 3 223 328 226 91
1 3 91 226 329 229
1 3 226 62 227 329
1 3 329 227 17 228
1 3 229 329 228 63
1 3 59 224 330 218
1 3 224 91 229 330
1 3 330 229 63 230
1 3 218 330 230 25
1 3 25 230 331 233
1 3 230 63 231 331
1 3 331 231 92 232
1 3 233 331 232 66
1 3 63 228 332 231
1 3 228 17 234 332
1 3 332 234 64 235
1 3 231 332 235 92
1 3 92 235 333 238
1 3 235 64 236 333
1 3 333 236 1 237
1 3 238 333 237 65
1 3 66 232 334 240
1 3 232 92 238 334
1 3 334 238 65 239
1 3 240 334 239 18
1 3 19 221 335 243
1 3 221 60 241 335
1 3 335 241 93 242
1 3 243 335 242 68
1 3 60 219 336 241
1 3 219 25 233 336
1 3 336 233 66 244
1 3 241 336 244 93
1 3 93 244 337 246
1 3 244 66 240 337
1 3 337 240 18 245
1 3 246 337 245 67
1 3 68 242 338 248
1 3 242 93 246 338
1 3 338 246 67 247
1 3 248 338 247 5
1 3 40 142 339 251
1 3 142 11 249 339
1 3 339 249 69 250
1 3 251 339 250 94
1 3 94 250 340 254
1 3 250 69 252 340
1 3 340 252 26 253
1 3 254 340 253 70
1 3 11 138 341 249
1 3 138 38 255 341
1 3 341 255 95 256
1 3 249 341 256 69
1 3 38 136 342 255
1 3 136 7 215 342
1 3 342 215 61 257
1 3 255 342 257 95
1 3 95 257 343 259
1 3 257 61 222 343
1 3 343 222 19 258
1 3 259 343 258 71
1 3 69 256 344 252
1 3 256 95 259 344
1 3 344 259 71 260
1 3 252 344 260 26
1 3 26 260 345 263
1 3 260 71 261 345
1 3 345 261 96 262
1 3 263 345 262 73
1 3 71 258 346 261
1 3 258 19 243 346
1 3 346 243 68 264
1 3 261 346 264 96
1 3 96 264 347 266
1 3 264 68 248 347
1 3 347 248 5 265
1 3 266 347 265 72
1 3 73 262 348 268
1 3 262 96 266 348
1 3 348 266 72 267
1 3 268 348 267 20
1 3 70 253 349 270
1 3 253 26 263 349
1 3 349 263 73 269
1 3 270 349 269 97
1 3 97 269 350 272
1 3 269 73 268 350
1 3 350 268 20 271
1 3 272 350 271 74

boundary
76
1 1 2 169
1 1 169 47
1 1 47 171
1 1 171 13
1 1 13 177
1 1 177 49
1 1 49 179
1 1 179 0
1 1 5 265
1 1 265 72
1 1 72 267
1 1 267 20
1 1 20 271
1 1 271 74
1 1 4 225
1 1 225 62
1 1 62 227
1 1 227 17
1 1 17 234
1 1 234 64
1 1 64 236
1 1 236 1
1 1 1 237
1 1 237 65
1 1 65 239
1 1 239 18
1 1 18 245
1 1 245 67
1 1 67 247
1 1 247 5
1 1 0 191
1 1 191 53
1 1 53 193
1 1 193 15
1 1 15 200
1 1 200 55
1 1 55 202
1 1 202 4
4 1 28 98
4 1 109 21
4 1 99 27
4 1 30 102
4 1 21 110
4 1 156 6
4 1 103 29
4 1 118 28
4 1 34 121
4 1 141 34
4 1 40 143
4 1 6 157
4 1 159 12
4 1 12 166
4 1 168 2
4 1 251 40
4 1 70 254
4 1 270 70
4 1 74 272
4 1 98 75
4 1 27 109
4 1 75 99
4 1 102 76
4 1 110 30
4 1 29 156
4 1 76 103
4 1 157 41
4 1 41 159
4 1 166 42
4 1 42 168
4 1 78 118
4 1 121 78
4 1 81 141
4 1 143 81
4 1 94 251
4 1 254 94
4 1 97 270
4 1 272 97

vertices
351
2
0.309017 -0.951057
1.30902 -0.951057
-0.0954915 -1.24495
0.154508 -0.475529
0.809019 -0.951057
1.15451 -0.475529
-0.25 -0.76942
0.654509 -0.475529
-0.047746 -0.6224745
0.077254 -0.2377645
0.4045085 -0.475529
0.5772545 -0.2377645
-0.17274575 -1.007185
0.10676275 -1.0980035
0.2317625 -0.713293
0.559018 -0.951057
0.731764 -0.713293
1.0590195 -0.951057
1.231765 -0.713293
0.9045095 -0.475529
1.077255 -0.2377645
-0.125 -0.3847105
0.32725425 -0.2377645
0.029508375 -0.860239
0.48176325 -0.713293
0.9817645 -0.713293
0.82725475 -0.2377645
-0.023873 -0.3112375
0.038627 -0.11888225
-0.148873 -0.69594725
-0.086373 -0.5035925
0.053381 -0.54900175
0.115881 -0.35664675
0.20225412 -0.2377645
0.28862712 -0.11888225
0.27950825 -0.475529
0.36588137 -0.35664675
0.52950875 -0.475529
0.61588175 -0.35664675
0.45225437 -0.2377645
0.53862725 -0.11888225
-0.21137288 -0.8883025
-0.13411862 -1.1260675
-0.0091188125 -0.74135675
0.13063544 -0.786766
0.19313525 -0.594411
-0.071618688 -0.933712
0.005635625 -1.1714768
0.068135562 -0.97912125
0.20788988 -1.0245302
0.27038975 -0.832175
0.35676287 -0.713293
0.44313587 -0.594411
0.4340175 -0.951057
0.52039062 -0.832175
0.6840185 -0.951057
0.7703915 -0.832175
0.60676363 -0.713293
0.6931365 -0.594411
0.85676425 -0.713293
0.943137 -0.594411
0.77950925 -0.475529
0.93401925 -0.951057
1.020392 -0.832175
1.1840198 -0.951057
1.2703925 -0.832175
1.1067647 -0.713293
1.1931375 -0.594411
1.0295097 -0.475529
0.70225463 -0.2377645
0.78862738 -0.11888225
0.86588212 -0.35664675
1.1158825 -0.35664675
0.95225488 -0.2377645
1.0386275 -0.11888225
-0.0625 -0.19235537
-0.1875 -0.57706537
0.014754 -0.43011963
0.16362706 -0.11888225
0.24088119 -0.35664675
0.49088156 -0.35664675
0.41362719 -0.11888225
0.092008219 -0.66788388
-0.11024584 -0.81482963
-0.032991531 -1.0525944
0.16926266 -0.90564813
0.31813556 -0.594411
0.39539019 -0.832175
0.64539106 -0.832175
0.56813619 -0.594411
0.81813675 -0.594411
0.89539175 -0.832175
1.1453923 -0.832175
1.0681373 -0.594411
0.66362731 -0.11888225
0.74088194 -0.35664675
0.99088231 -0.35664675
0.91362744 -0.11888225
-0.0119365 -0.15561881
-0.0431865 -0.25179644
0.0266905 -0.274501
0.0579405 -0.17832338
-0.1369365 -0.54032894
-0.1681865 -0.63650631
-0.0983095 -0.65921088
-0.0670595 -0.5630335
-0.0045595 -0.37067856
0.0653175 -0.39338319
0.0965675 -0.29720563
-0.0744365 -0.347974
-0.1056865 -0.4441515
-0.0358095 -0.46685606
0.0028175 -0.58573812
0.0340675 -0.48956069
0.1039445 -0.51226537
0.1351945 -0.41608787
0.13975406 -0.2377645
0.18294059 -0.17832338
0.10112703 -0.11888225
0.26475419 -0.2377645
0.30794069 -0.17832338
0.22612709 -0.11888225
0.17838109 -0.35664675
0.22156766 -0.29720563
0.21700812 -0.475529
0.26019472 -0.41608787
0.34200838 -0.475529
0.38519494 -0.41608787
0.30338128 -0.35664675
0.34656781 -0.29720563
0.42838147 -0.35664675
0.47156797 -0.29720563
0.38975431 -0.2377645
0.46700862 -0.475529
0.51019516 -0.41608787
0.59200887 -0.475529
0.63519538 -0.41608787
0.55338166 -0.35664675
0.59656813 -0.29720563
0.51475444 -0.2377645
0.43294078 -0.17832338
0.35112716 -0.11888225
0.55794088 -0.17832338
0.47612722 -0.11888225
0.072694609 -0.60844281
0.14257173 -0.63114744
0.17382162 -0.53497
-0.028432406 -0.68191563
0.041444703 -0.70462031
0.010194781 -0.80079787
0.080071906 -0.8235025
0.11132183 -0.72732494
0.18119897 -0.7500295
0.21244887 -0.653852
-0.12955942 -0.75538844
-0.059682328 -0.77809319
-0.1994365 -0.73268362
-0.23068644 -0.82886125
-0.16080936 -0.85156606
-0.19205931 -0.94774375
-0.12218222 -0.9704485
-0.090932266 -0.87427081
-0.021055156 -0.8969755
-0.052305109 -0.99315319
0.017572016 -1.0158578
0.048821969 -0.91968012
-0.15343219 -1.0666263
-0.083555078 -1.0893309
-0.11480506 -1.1855087
-0.044927938 -1.2082134
-0.013677953 -1.1120356
0.056199187 -1.1347401
0.087449156 -1.0385624
0.14994905 -0.84620706
0.2198262 -0.86891156
0.25107612 -0.772734
0.11869911 -0.94238469
0.15732631 -1.0612669
0.18857627 -0.96508919
0.25845344 -0.98779363
0.28970337 -0.891616
0.25563541 -0.594411
0.29882191 -0.53497
0.29426269 -0.713293
0.33744922 -0.653852
0.41926306 -0.713293
0.46244956 -0.653852
0.38063572 -0.594411
0.42382219 -0.53497
0.33288997 -0.832175
0.37607653 -0.772734
0.37151725 -0.951057
0.41470384 -0.891616
0.49651775 -0.951057
0.53970431 -0.891616
0.45789041 -0.832175
0.50107694 -0.772734
0.58289084 -0.832175
0.62607734 -0.772734
0.54426344 -0.713293
0.62151825 -0.951057
0.66470478 -0.891616
0.74651875 -0.951057
0.78970525 -0.891616
0.70789128 -0.832175
0.75107775 -0.772734
0.66926381 -0.713293
0.50563603 -0.594411
0.54882247 -0.53497
0.58744991 -0.653852
0.71245025 -0.653852
0.63063634 -0.594411
0.67382275 -0.53497
0.75563663 -0.594411
0.798823 -0.53497
0.71700913 -0.475529
0.79426413 -0.713293
0.8374505 -0.653852
0.91926438 -0.713293
0.96245075 -0.653852
0.88063688 -0.594411
0.92382325 -0.53497
0.84200937 -0.475529
0.83289163 -0.832175
0.876078 -0.772734
0.87151913 -0.951057
0.9147055 -0.891616
0.99651937 -0.951057
1.0397057 -0.891616
0.95789188 -0.832175
1.0010783 -0.772734
1.0828921 -0.832175
1.1260785 -0.772734
1.0442646 -0.713293
1.1215196 -0.951057
1.164706 -0.891616
1.2465199 -0.951057
1.2897063 -0.891616
1.2078924 -0.832175
1.2510788 -0.772734
1.1692649 -0.713293
1.0056371 -0.594411
1.0488235 -0.53497
0.96700962 -0.475529
1.087451 -0.653852
1.2124512 -0.653852
1.1306374 -0.594411
1.1738237 -0.53497
1.0920099 -0.475529
0.63975456 -0.2377645
0.68294097 -0.17832338
0.60112728 -0.11888225
0.76475469 -0.2377645
0.80794106 -0.17832338
0.72612734 -0.11888225
0.67838184 -0.35664675
0.72156828 -0.29720563
0.76019559 -0.41608787
0.88519581 -0.41608787
0.80338203 -0.35664675
0.84656844 -0.29720563
0.92838222 -0.35664675
0.97156859 -0.29720563
0.88975481 -0.2377645
1.010196 -0.41608787
1.1351962 -0.41608787
1.0533824 -0.35664675
1.0965688 -0.29720563
1.0147549 -0.2377645
0.93294116 -0.17832338
0.85112741 -0.11888225
1.0579413 -0.17832338
0.97612747 -0.11888225
0.007377 -0.21505991
-0.117623 -0.59976991
0.046004 -0.33394209
-0.055123 -0.40741503
-0.016496 -0.52629709
0.084631 -0.45282428
0.12044055 -0.17832338
0.24544064 -0.17832338
0.15906758 -0.29720563
0.19769461 -0.41608787
0.32269483 -0.41608787
0.28406773 -0.29720563
0.40906789 -0.29720563
0.44769505 -0.41608787
0.57269527 -0.41608787
0.53406805 -0.29720563
0.37044073 -0.17832338
0.49544083 -0.17832338
0.12325812 -0.57170641
0.022131102 -0.64517922
0.060758305 -0.76406141
0.16188535 -0.69058847
-0.078995914 -0.71865203
-0.18012293 -0.79212484
-0.14149579 -0.91100728
-0.040368742 -0.83753434
-0.0017415703 -0.95641666
-0.10286865 -1.0298897
-0.064241508 -1.1487722
0.036885602 -1.075299
0.20051259 -0.80947053
0.099385508 -0.88294359
0.13801271 -1.0018258
0.23913982 -0.92835259
0.23632177 -0.53497
0.27494905 -0.653852
0.39994939 -0.653852
0.36132205 -0.53497
0.31357633 -0.772734
0.35220361 -0.891616
0.47720408 -0.891616
0.43857673 -0.772734
0.56357714 -0.772734
0.60220455 -0.891616
0.72720502 -0.891616
0.68857755 -0.772734
0.48632233 -0.53497
0.52494973 -0.653852
0.64995008 -0.653852
0.61132261 -0.53497
0.73632288 -0.53497
0.77495037 -0.653852
0.89995063 -0.653852
0.86132313 -0.53497
0.81357788 -0.772734
0.85220538 -0.891616
0.97720563 -0.891616
0.93857813 -0.772734
1.0635784 -0.772734
1.1022059 -0.891616
1.2272061 -0.891616
1.1885786 -0.772734
0.98632338 -0.53497
1.0249509 -0.653852
1.1499511 -0.653852
1.1113236 -0.53497
0.62044092 -0.17832338
0.74544102 -0.17832338
0.6590682 -0.29720563
0.69769548 -0.41608787
0.8226957 -0.41608787
0.78406836 -0.29720563
0.90906852 -0.29720563
0.94769592 -0.41608787
1.0726961 -0.41608787
1.0340687 -0.29720563
0.87044111 -0.17832338
0.9954412 -0.17832338
