MFEM mesh v1.0

dimension
2

elements
1088
1 2 1 491 492
1 2 491 123 168
1 2 492 168 124
1 2 491 168 492
1 2 123 333 166
1 2 333 2 334
1 2 166 334 118
1 2 333 334 166
1 2 124 167 532
1 2 167 118 156
1 2 532 156 10
1 2 167 156 532
1 2 123 166 168
1 2 166 118 167
1 2 168 167 124
1 2 166 167 168
1 2 2 269 334
1 2 269 116 503
1 2 334 503 118
1 2 269 503 334
1 2 116 276 386
1 2 276 11 385
1 2 386 385 117
1 2 276 385 386
1 2 118 154 156
1 2 154 117 155
1 2 156 155 10
1 2 154 155 156
1 2 116 386 503
1 2 386 117 154
1 2 503 154 118
1 2 386 154 503
1 2 2 268 269
1 2 268 142 180
1 2 269 180 116
1 2 268 180 269
1 2 142 404 178
1 2 404 3 405
1 2 178 405 85
1 2 404 405 178
1 2 116 179 276
1 2 179 85 275
1 2 276 275 11
1 2 179 275 276
1 2 142 178 180
1 2 178 85 179
1 2 180 179 116
1 2 178 179 180
1 2 3 373 405
1 2 373 84 436
1 2 405 436 85
1 2 373 436 405
1 2 84 356 358
1 2 356 12 357
1 2 358 357 78
1 2 356 357 358
1 2 85 328 275
1 2 328 78 329
1 2 275 329 11
1 2 328 329 275
1 2 84 358 436
1 2 358 78 328
1 2 436 328 85
1 2 358 328 436
1 2 3 371 373
1 2 371 136 372
1 2 373 372 84
1 2 371 372 373
1 2 136 163 165
1 2 163 4 164
1 2 165 164 108
1 2 163 164 165
1 2 84 422 356
1 2 422 108 561
1 2 356 561 12
1 2 422 561 356
1 2 136 165 372
1 2 165 108 422
1 2 372 422 84
1 2 165 422 372
1 2 4 272 164
1 2 272 107 495
1 2 164 495 108
1 2 272 495 164
1 2 107 477 478
1 2 477 13 381
1 2 478 381 49
1 2 477 381 478
1 2 108 494 561
1 2 494 49 253
1 2 561 253 12
1 2 494 253 561
1 2 107 478 495
1 2 478 49 494
1 2 495 494 108
1 2 478 494 495
1 2 4 270 272
1 2 270 146 271
1 2 272 271 107
1 2 270 271 272
1 2 146 455 340
1 2 455 5 380
1 2 340 380 147
1 2 455 380 340
1 2 107 341 477
1 2 341 147 446
1 2 477 446 13
1 2 341 446 477
1 2 146 340 271
1 2 340 147 341
1 2 271 341 107
1 2 340 341 271
1 2 5 378 380
1 2 378 139 379
1 2 380 379 147
1 2 378 379 380
1 2 139 342 344
1 2 342 14 343
1 2 344 343 75
1 2 342 343 344
1 2 147 401 446
1 2 401 75 445
1 2 446 445 13
1 2 401 445 446
1 2 139 344 379
1 2 344 75 401
1 2 379 401 147
1 2 344 401 379
1 2 5 426 378
1 2 426 137 199
1 2 378 199 139
1 2 426 199 378
1 2 137 348 197
1 2 348 6 349
1 2 197 349 138
1 2 348 349 197
1 2 139 198 342
1 2 198 138 214
1 2 342 214 14
1 2 198 214 342
1 2 137 197 199
1 2 197 138 198
1 2 199 198 139
1 2 197 198 199
1 2 6 456 349
1 2 456 92 440
1 2 349 440 138
1 2 456 440 349
1 2 92 282 439
1 2 282 15 551
1 2 439 551 110
1 2 282 551 439
1 2 138 212 214
1 2 212 110 213
1 2 214 213 14
1 2 212 213 214
1 2 92 439 440
1 2 439 110 212
1 2 440 212 138
1 2 439 212 440
1 2 6 560 456
1 2 560 90 533
1 2 456 533 92
1 2 560 533 456
1 2 90 345 347
1 2 345 7 346
1 2 347 346 91
1 2 345 346 347
1 2 92 280 282
1 2 280 91 281
1 2 282 281 15
1 2 280 281 282
1 2 90 347 533
1 2 347 91 280
1 2 533 280 92
1 2 347 280 533
1 2 7 310 346
1 2 310 114 370
1 2 346 370 91
1 2 310 370 346
1 2 114 221 222
1 2 221 16 194
1 2 222 194 115
1 2 221 194 222
1 2 91 369 281
1 2 369 115 505
1 2 281 505 15
1 2 369 505 281
1 2 114 222 370
1 2 222 115 369
1 2 370 369 91
1 2 222 369 370
1 2 7 308 310
1 2 308 145 309
1 2 310 309 114
1 2 308 309 310
1 2 145 482 484
1 2 482 8 483
1 2 484 483 113
1 2 482 483 484
1 2 114 298 221
1 2 298 113 263
1 2 221 263 16
1 2 298 263 221
1 2 145 484 309
1 2 484 113 298
1 2 309 298 114
1 2 484 298 309
1 2 8 239 483
1 2 239 112 231
1 2 483 231 113
1 2 239 231 483
1 2 112 398 229
1 2 398 17 175
1 2 229 175 46
1 2 398 175 229
1 2 113 230 263
1 2 230 46 191
1 2 263 191 16
1 2 230 191 263
1 2 112 229 231
1 2 229 46 230
1 2 231 230 113
1 2 229 230 231
1 2 8 237 239
1 2 237 143 238
1 2 239 238 112
1 2 237 238 239
1 2 143 392 394
1 2 392 9 393
1 2 394 393 102
1 2 392 393 394
1 2 112 396 398
1 2 396 102 397
1 2 398 397 17
1 2 396 397 398
1 2 143 394 238
1 2 394 102 396
1 2 238 396 112
1 2 394 396 238
1 2 9 409 393
1 2 409 100 367
1 2 393 367 102
1 2 409 367 393
1 2 100 242 243
1 2 242 18 226
1 2 243 226 101
1 2 242 226 243
1 2 102 366 397
1 2 366 101 461
1 2 397 461 17
1 2 366 461 397
1 2 100 243 367
1 2 243 101 366
1 2 367 366 102
1 2 243 366 367
1 2 10 155 531
1 2 155 117 530
1 2 531 530 120
1 2 155 530 531
1 2 117 385 504
1 2 385 11 162
1 2 504 162 119
1 2 385 162 504
1 2 120 294 295
1 2 294 119 220
1 2 295 220 19
1 2 294 220 295
1 2 117 504 530
1 2 504 119 294
1 2 530 294 120
1 2 504 294 530
1 2 11 160 162
1 2 160 80 161
1 2 162 161 119
1 2 160 161 162
1 2 80 457 429
1 2 457 20 188
1 2 429 188 133
1 2 457 188 429
1 2 119 218 220
1 2 218 133 219
1 2 220 219 19
1 2 218 219 220
1 2 80 429 161
1 2 429 133 218
1 2 161 218 119
1 2 429 218 161
1 2 11 329 160
1 2 329 78 447
1 2 160 447 80
1 2 329 447 160
1 2 78 357 448
1 2 357 12 274
1 2 448 274 79
1 2 357 274 448
1 2 80 524 457
1 2 524 79 287
1 2 457 287 20
1 2 524 287 457
1 2 78 448 447
1 2 448 79 524
1 2 447 524 80
1 2 448 524 447
1 2 12 254 274
1 2 254 51 273
1 2 274 273 79
1 2 254 273 274
1 2 51 500 410
1 2 500 21 501
1 2 410 501 141
1 2 500 501 410
1 2 79 285 287
1 2 285 141 286
1 2 287 286 20
1 2 285 286 287
1 2 51 410 273
1 2 410 141 285
1 2 273 285 79
1 2 410 285 273
1 2 12 253 254
1 2 253 49 159
1 2 254 159 51
1 2 253 159 254
1 2 49 381 157
1 2 381 13 382
1 2 157 382 50
1 2 381 382 157
1 2 51 158 500
1 2 158 50 547
1 2 500 547 21
1 2 158 547 500
1 2 49 157 159
1 2 157 50 158
1 2 159 158 51
1 2 157 158 159
1 2 13 542 382
1 2 542 77 421
1 2 382 421 50
1 2 542 421 382
1 2 77 538 419
1 2 538 22 553
1 2 419 553 149
1 2 538 553 419
1 2 50 420 547
1 2 420 149 335
1 2 547 335 21
1 2 420 335 547
1 2 77 419 421
1 2 419 149 420
1 2 421 420 50
1 2 419 420 421
1 2 13 445 542
1 2 445 75 539
1 2 542 539 77
1 2 445 539 542
1 2 75 343 487
1 2 343 14 186
1 2 487 186 76
1 2 343 186 487
1 2 77 537 538
1 2 537 76 252
1 2 538 252 22
1 2 537 252 538
1 2 75 487 539
1 2 487 76 537
1 2 539 537 77
1 2 487 537 539
1 2 14 184 186
1 2 184 111 185
1 2 186 185 76
1 2 184 185 186
1 2 111 169 171
1 2 169 23 170
1 2 171 170 148
1 2 169 170 171
1 2 76 250 252
1 2 250 148 251
1 2 252 251 22
1 2 250 251 252
1 2 111 171 185
1 2 171 148 250
1 2 185 250 76
1 2 171 250 185
1 2 14 213 184
1 2 213 110 395
1 2 184 395 111
1 2 213 395 184
1 2 110 551 449
1 2 551 15 475
1 2 449 475 97
1 2 551 475 449
1 2 111 260 169
1 2 260 97 208
1 2 169 208 23
1 2 260 208 169
1 2 110 449 395
1 2 449 97 260
1 2 395 260 111
1 2 449 260 395
1 2 15 474 475
1 2 474 95 412
1 2 475 412 97
1 2 474 412 475
1 2 95 450 411
1 2 450 24 451
1 2 411 451 96
1 2 450 451 411
1 2 97 206 208
1 2 206 96 207
1 2 208 207 23
1 2 206 207 208
1 2 95 411 412
1 2 411 96 206
1 2 412 206 97
1 2 411 206 412
1 2 15 505 474
1 2 505 115 470
1 2 474 470 95
1 2 505 470 474
1 2 115 194 196
1 2 194 16 195
1 2 196 195 140
1 2 194 195 196
1 2 95 459 450
1 2 459 140 460
1 2 450 460 24
1 2 459 460 450
1 2 115 196 470
1 2 196 140 459
1 2 470 459 95
1 2 196 459 470
1 2 16 193 195
1 2 193 48 513
1 2 195 513 140
1 2 193 513 195
1 2 48 316 318
1 2 316 25 317
1 2 318 317 73
1 2 316 317 318
1 2 140 512 460
1 2 512 73 362
1 2 460 362 24
1 2 512 362 460
1 2 48 318 513
1 2 318 73 512
1 2 513 512 140
1 2 318 512 513
1 2 16 191 193
1 2 191 46 192
1 2 193 192 48
1 2 191 192 193
1 2 46 175 177
1 2 175 17 176
1 2 177 176 47
1 2 175 176 177
1 2 48 399 316
1 2 399 47 400
1 2 316 400 25
1 2 399 400 316
1 2 46 177 192
1 2 177 47 399
1 2 192 399 48
1 2 177 399 192
1 2 17 417 176
1 2 417 150 418
1 2 176 418 47
1 2 417 418 176
1 2 150 465 540
1 2 465 26 466
1 2 540 466 151
1 2 465 466 540
1 2 47 541 400
1 2 541 151 518
1 2 400 518 25
1 2 541 518 400
1 2 150 540 418
1 2 540 151 541
1 2 418 541 47
1 2 540 541 418
1 2 17 461 417
1 2 461 101 462
1 2 417 462 150
1 2 461 462 417
1 2 101 226 228
1 2 226 18 227
1 2 228 227 99
1 2 226 227 228
1 2 150 464 465
1 2 464 99 290
1 2 465 290 26
1 2 464 290 465
1 2 101 228 462
1 2 228 99 464
1 2 462 464 150
1 2 228 464 462
1 2 18 376 227
1 2 376 98 377
1 2 227 377 99
1 2 376 377 227
1 2 98 255 257
1 2 255 27 256
1 2 257 256 81
1 2 255 256 257
1 2 99 288 290
1 2 288 81 289
1 2 290 289 26
1 2 288 289 290
1 2 98 257 377
1 2 257 81 288
1 2 377 288 99
1 2 257 288 377
1 2 19 219 536
1 2 219 133 241
1 2 536 241 153
1 2 219 241 536
1 2 133 188 190
1 2 188 20 189
1 2 190 189 55
1 2 188 189 190
1 2 153 240 279
1 2 240 55 278
1 2 279 278 28
1 2 240 278 279
1 2 133 190 241
1 2 190 55 240
1 2 241 240 153
1 2 190 240 241
1 2 20 303 189
1 2 303 53 304
1 2 189 304 55
1 2 303 304 189
1 2 53 261 262
1 2 261 29 172
1 2 262 172 54
1 2 261 172 262
1 2 55 463 278
1 2 463 54 402
1 2 278 402 28
1 2 463 402 278
1 2 53 262 304
1 2 262 54 463
1 2 304 463 55
1 2 262 463 304
1 2 20 286 303
1 2 286 141 529
1 2 303 529 53
1 2 286 529 303
1 2 141 501 550
1 2 501 21 496
1 2 550 496 128
1 2 501 496 550
1 2 53 554 261
1 2 554 128 489
1 2 261 489 29
1 2 554 489 261
1 2 141 550 529
1 2 550 128 554
1 2 529 554 53
1 2 550 554 529
1 2 21 336 496
1 2 336 127 481
1 2 496 481 128
1 2 336 481 496
1 2 127 384 479
1 2 384 30 493
1 2 479 493 93
1 2 384 493 479
1 2 128 480 489
1 2 480 93 488
1 2 489 488 29
1 2 480 488 489
1 2 127 479 481
1 2 479 93 480
1 2 481 480 128
1 2 479 480 481
1 2 21 335 336
1 2 335 149 332
1 2 336 332 127
1 2 335 332 336
1 2 149 553 330
1 2 553 22 535
1 2 330 535 60
1 2 553 535 330
1 2 127 331 384
1 2 331 60 383
1 2 384 383 30
1 2 331 383 384
1 2 149 330 332
1 2 330 60 331
1 2 332 331 127
1 2 330 331 332
1 2 22 534 535
1 2 534 58 431
1 2 535 431 60
1 2 534 431 535
1 2 58 246 297
1 2 246 31 296
1 2 297 296 59
1 2 246 296 297
1 2 60 430 383
1 2 430 59 552
1 2 383 552 30
1 2 430 552 383
1 2 58 297 431
1 2 297 59 430
1 2 431 430 60
1 2 297 430 431
1 2 22 251 534
1 2 251 148 555
1 2 534 555 58
1 2 251 555 534
1 2 148 170 267
1 2 170 23 266
1 2 267 266 66
1 2 170 266 267
1 2 58 244 246
1 2 244 66 245
1 2 246 245 31
1 2 244 245 246
1 2 148 267 555
1 2 267 66 244
1 2 555 244 58
1 2 267 244 555
1 2 23 527 266
1 2 527 64 528
1 2 266 528 66
1 2 527 528 266
1 2 64 514 515
1 2 514 32 374
1 2 515 374 65
1 2 514 374 515
1 2 66 364 245
1 2 364 65 365
1 2 245 365 31
1 2 364 365 245
1 2 64 515 528
1 2 515 65 364
1 2 528 364 66
1 2 515 364 528
1 2 23 207 527
1 2 207 96 315
1 2 527 315 64
1 2 207 315 527
1 2 96 451 313
1 2 451 24 339
1 2 313 339 70
1 2 451 339 313
1 2 64 314 514
1 2 314 70 486
1 2 514 486 32
1 2 314 486 514
1 2 96 313 315
1 2 313 70 314
1 2 315 314 64
1 2 313 314 315
1 2 24 337 339
1 2 337 68 338
1 2 339 338 70
1 2 337 338 339
1 2 68 291 293
1 2 291 33 292
1 2 293 292 69
1 2 291 292 293
1 2 70 485 486
1 2 485 69 283
1 2 486 283 32
1 2 485 283 486
1 2 68 293 338
1 2 293 69 485
1 2 338 485 70
1 2 293 485 338
1 2 24 362 337
1 2 362 73 327
1 2 337 327 68
1 2 362 327 337
1 2 73 317 325
1 2 317 25 435
1 2 325 435 74
1 2 317 435 325
1 2 68 326 291
1 2 326 74 473
1 2 291 473 33
1 2 326 473 291
1 2 73 325 327
1 2 325 74 326
1 2 327 326 68
1 2 325 326 327
1 2 25 433 435
1 2 433 122 434
1 2 435 434 74
1 2 433 434 435
1 2 122 389 425
1 2 389 34 424
1 2 425 424 61
1 2 389 424 425
1 2 74 471 473
1 2 471 61 472
1 2 473 472 33
1 2 471 472 473
1 2 122 425 434
1 2 425 61 471
1 2 434 471 74
1 2 425 471 434
1 2 25 518 433
1 2 518 151 476
1 2 433 476 122
1 2 518 476 433
1 2 151 466 468
1 2 466 26 467
1 2 468 467 152
1 2 466 467 468
1 2 122 387 389
1 2 387 152 388
1 2 389 388 34
1 2 387 388 389
1 2 151 468 476
1 2 468 152 387
1 2 476 387 122
1 2 468 387 476
1 2 26 521 467
1 2 521 83 557
1 2 467 557 152
1 2 521 557 467
1 2 83 359 361
1 2 359 35 360
1 2 361 360 144
1 2 359 360 361
1 2 152 545 388
1 2 545 144 443
1 2 388 443 34
1 2 545 443 388
1 2 83 361 557
1 2 361 144 545
1 2 557 545 152
1 2 361 545 557
1 2 26 289 521
1 2 289 81 307
1 2 521 307 83
1 2 289 307 521
1 2 81 256 305
1 2 256 27 511
1 2 305 511 82
1 2 256 511 305
1 2 83 306 359
1 2 306 82 458
1 2 359 458 35
1 2 306 458 359
1 2 81 305 307
1 2 305 82 306
1 2 307 306 83
1 2 305 306 307
1 2 27 510 511
1 2 510 134 302
1 2 511 302 82
1 2 510 302 511
1 2 134 548 300
1 2 548 36 543
1 2 300 543 88
1 2 548 543 300
1 2 82 301 458
1 2 301 88 423
1 2 458 423 35
1 2 301 423 458
1 2 134 300 302
1 2 300 88 301
1 2 302 301 82
1 2 300 301 302
1 2 28 402 403
1 2 402 54 265
1 2 403 265 131
1 2 402 265 403
1 2 54 172 174
1 2 172 29 173
1 2 174 173 130
1 2 172 173 174
1 2 131 264 544
1 2 264 130 502
1 2 544 502 37
1 2 264 502 544
1 2 54 174 265
1 2 174 130 264
1 2 265 264 131
1 2 174 264 265
1 2 29 559 173
1 2 559 94 438
1 2 173 438 130
1 2 559 438 173
1 2 94 223 225
1 2 223 38 224
1 2 225 224 135
1 2 223 224 225
1 2 130 437 502
1 2 437 135 187
1 2 502 187 37
1 2 437 187 502
1 2 94 225 438
1 2 225 135 437
1 2 438 437 130
1 2 225 437 438
1 2 29 488 559
1 2 488 93 558
1 2 559 558 94
1 2 488 558 559
1 2 93 493 556
1 2 493 30 509
1 2 556 509 72
1 2 493 509 556
1 2 94 258 223
1 2 258 72 259
1 2 223 259 38
1 2 258 259 223
1 2 93 556 558
1 2 556 72 258
1 2 558 258 94
1 2 556 258 558
1 2 30 507 509
1 2 507 71 508
1 2 509 508 72
1 2 507 508 509
1 2 71 414 432
1 2 414 39 277
1 2 432 277 56
1 2 414 277 432
1 2 72 516 259
1 2 516 56 499
1 2 259 499 38
1 2 516 499 259
1 2 71 432 508
1 2 432 56 516
1 2 508 516 72
1 2 432 516 508
1 2 30 552 507
1 2 552 59 522
1 2 507 522 71
1 2 552 522 507
1 2 59 296 428
1 2 296 31 427
1 2 428 427 126
1 2 296 427 428
1 2 71 413 414
1 2 413 126 408
1 2 414 408 39
1 2 413 408 414
1 2 59 428 522
1 2 428 126 413
1 2 522 413 71
1 2 428 413 522
1 2 31 441 427
1 2 441 106 442
1 2 427 442 126
1 2 441 442 427
1 2 106 322 324
1 2 322 40 323
1 2 324 323 125
1 2 322 323 324
1 2 126 406 408
1 2 406 125 407
1 2 408 407 39
1 2 406 407 408
1 2 106 324 442
1 2 324 125 406
1 2 442 406 126
1 2 324 406 442
1 2 31 365 441
1 2 365 65 352
1 2 441 352 106
1 2 365 352 441
1 2 65 374 350
1 2 374 32 375
1 2 350 375 105
1 2 374 375 350
1 2 106 351 322
1 2 351 105 523
1 2 322 523 40
1 2 351 523 322
1 2 65 350 352
1 2 350 105 351
1 2 352 351 106
1 2 350 351 352
1 2 32 284 375
1 2 284 104 205
1 2 375 205 105
1 2 284 205 375
1 2 104 232 203
1 2 232 41 233
1 2 203 233 67
1 2 232 233 203
1 2 105 204 523
1 2 204 67 498
1 2 523 498 40
1 2 204 498 523
1 2 104 203 205
1 2 203 67 204
1 2 205 204 105
1 2 203 204 205
1 2 32 283 284
1 2 283 69 236
1 2 284 236 104
1 2 283 236 284
1 2 69 292 234
1 2 292 33 454
1 2 234 454 103
1 2 292 454 234
1 2 104 235 232
1 2 235 103 183
1 2 232 183 41
1 2 235 183 232
1 2 69 234 236
1 2 234 103 235
1 2 236 235 104
1 2 234 235 236
1 2 33 452 454
1 2 452 63 453
1 2 454 453 103
1 2 452 453 454
1 2 63 247 249
1 2 247 42 248
1 2 249 248 109
1 2 247 248 249
1 2 103 181 183
1 2 181 109 182
1 2 183 182 41
1 2 181 182 183
1 2 63 249 453
1 2 249 109 181
1 2 453 181 103
1 2 249 181 453
1 2 33 472 452
1 2 472 61 549
1 2 452 549 63
1 2 472 549 452
1 2 61 424 517
1 2 424 34 321
1 2 517 321 62
1 2 424 321 517
1 2 63 519 247
1 2 519 62 520
1 2 247 520 42
1 2 519 520 247
1 2 61 517 549
1 2 517 62 519
1 2 549 519 63
1 2 517 519 549
1 2 34 319 321
1 2 319 121 320
1 2 321 320 62
1 2 319 320 321
1 2 121 217 390
1 2 217 43 469
1 2 390 469 52
1 2 217 469 390
1 2 62 391 520
1 2 391 52 546
1 2 520 546 42
1 2 391 546 520
1 2 121 390 320
1 2 390 52 391
1 2 320 391 62
1 2 390 391 320
1 2 34 443 319
1 2 443 144 444
1 2 319 444 121
1 2 443 444 319
1 2 144 360 525
1 2 360 35 355
1 2 525 355 87
1 2 360 355 525
1 2 121 215 217
1 2 215 87 216
1 2 217 216 43
1 2 215 216 217
1 2 144 525 444
1 2 525 87 215
1 2 444 215 121
1 2 525 215 444
1 2 35 353 355
1 2 353 86 354
1 2 355 354 87
1 2 353 354 355
1 2 86 526 415
1 2 526 44 368
1 2 415 368 57
1 2 526 368 415
1 2 87 416 216
1 2 416 57 497
1 2 216 497 43
1 2 416 497 216
1 2 86 415 354
1 2 415 57 416
1 2 354 416 87
1 2 415 416 354
1 2 35 423 353
1 2 423 88 202
1 2 353 202 86
1 2 423 202 353
1 2 88 543 200
1 2 543 36 211
1 2 200 211 89
1 2 543 211 200
1 2 86 201 526
1 2 201 89 312
1 2 526 312 44
1 2 201 312 526
1 2 88 200 202
1 2 200 89 201
1 2 202 201 86
1 2 200 201 202
1 2 36 209 211
1 2 209 132 210
1 2 211 210 89
1 2 209 210 211
1 2 132 506 490
1 2 506 45 363
1 2 490 363 129
1 2 506 363 490
1 2 89 311 312
1 2 311 129 299
1 2 312 299 44
1 2 311 299 312
1 2 132 490 210
1 2 490 129 311
1 2 210 311 89
1 2 490 311 210
1 2 37 187 563
1 2 187 135 562
1 2 187 562 563
1 2 135 224 592
1 2 224 38 588
1 2 224 588 592
1 2 135 592 562
1 2 38 587 588
1 2 38 499 587
1 2 499 56 590
1 2 499 590 587
1 2 56 277 569
1 2 277 39 568
1 2 277 568 569
1 2 56 569 590
1 2 39 586 568
1 2 39 407 586
1 2 407 125 585
1 2 407 585 586
1 2 125 323 584
1 2 323 40 582
1 2 323 582 584
1 2 125 584 585
1 2 40 581 582
1 2 40 498 581
1 2 498 67 573
1 2 498 573 581
1 2 67 233 572
1 2 233 41 567
1 2 233 567 572
1 2 67 572 573
1 2 41 566 567
1 2 41 182 566
1 2 182 109 577
1 2 182 577 566
1 2 109 248 576
1 2 248 42 575
1 2 248 575 576
1 2 109 576 577
1 2 42 583 575
1 2 42 546 583
1 2 546 52 591
1 2 546 591 583
1 2 52 469 589
1 2 469 43 571
1 2 469 571 589
1 2 52 589 591
1 2 43 570 571
1 2 43 497 570
1 2 497 57 593
1 2 497 593 570
1 2 57 368 580
1 2 368 44 565
1 2 368 565 580
1 2 57 580 593
1 2 44 564 565
1 2 44 299 564
1 2 299 129 574
1 2 299 574 564
1 2 129 363 579
1 2 363 45 578
1 2 363 578 579
1 2 129 579 574
1 2 45 594 578

boundary
66
1 1 1 491
1 1 491 123
1 1 123 333
1 1 333 2
2 1 9 409
2 1 409 100
2 1 100 242
2 1 242 18
4 1 10 532
4 1 532 124
4 1 124 492
4 1 492 1
1 1 2 268
1 1 268 142
1 1 142 404
1 1 404 3
2 1 18 376
2 1 376 98
2 1 98 255
2 1 255 27
4 1 19 295
4 1 295 120
4 1 120 531
4 1 531 10
1 1 3 371
1 1 371 136
1 1 136 163
1 1 163 4
2 1 27 510
2 1 510 134
2 1 134 548
2 1 548 36
4 1 28 279
4 1 279 153
4 1 153 536
4 1 536 19
1 1 4 270
1 1 270 146
1 1 146 455
1 1 455 5
2 1 36 209
2 1 209 132
2 1 132 506
2 1 506 45
4 1 37 544
4 1 544 131
4 1 131 403
4 1 403 28
1 1 5 426
1 1 426 137
1 1 137 348
1 1 348 6
2 1 45 594
4 1 563 37
1 1 6 560
1 1 560 90
1 1 90 345
1 1 345 7
1 1 7 308
1 1 308 145
1 1 145 482
1 1 482 8
1 1 8 237
1 1 237 143
1 1 143 392
1 1 392 9

vertices
594
2
 0 0
 0.125 0
 0.25 0
 0.375 0
 0.5 0
 0.625 0
 0.75 0
 0.875 0
 1 0
 0 0.125
 0.125 0.125
 0.25 0.125
 0.375 0.125
 0.5 0.125
 0.625 0.125
 0.75 0.125
 0.875 0.125
 1 0.125
 0 0.25
 0.125 0.25
 0.25 0.25
 0.375 0.25
 0.5 0.25
 0.625 0.25
 0.75 0.25
 0.875 0.25
 1 0.25
 0 0.375
 0.125 0.375
 0.25 0.375
 0.375 0.375
 0.5 0.375
 0.625 0.375
 0.75 0.375
 0.875 0.375
 1 0.375
 0 0.5
 0.125 0.5
 0.25 0.5
 0.375 0.5
 0.5 0.5
 0.625 0.5
 0.75 0.5
 0.875 0.5
 1 0.5
 0.8125 0.125
 0.8125 0.1875
 0.75 0.1875
 0.3125 0.125
 0.3125 0.1875
 0.25 0.1875
 0.6875 0.5
 0.125 0.3125
 0.0625 0.375
 0.0625 0.3125
 0.1875 0.5
 0.8125 0.5
 0.375 0.3125
 0.3125 0.375
 0.3125 0.3125
 0.6875 0.375
 0.6875 0.4375
 0.625 0.4375
 0.5 0.3125
 0.4375 0.375
 0.4375 0.3125
 0.4375 0.5
 0.625 0.3125
 0.5625 0.375
 0.5625 0.3125
 0.25 0.4375
 0.1875 0.4375
 0.6875 0.25
 0.6875 0.3125
 0.4375 0.125
 0.4375 0.1875
 0.375 0.1875
 0.1875 0.125
 0.1875 0.1875
 0.125 0.1875
 0.9375 0.25
 0.9375 0.3125
 0.875 0.3125
 0.25 0.0625
 0.1875 0.0625
 0.875 0.4375
 0.8125 0.4375
 0.9375 0.375
 0.9375 0.4375
 0.6875 0
 0.6875 0.0625
 0.625 0.0625
 0.1875 0.375
 0.125 0.4375
 0.625 0.1875
 0.5625 0.25
 0.5625 0.1875
 1 0.1875
 0.9375 0.1875
 1 0.0625
 0.9375 0.125
 0.9375 0.0625
 0.5625 0.4375
 0.5 0.4375
 0.4375 0.4375
 0.375 0.4375
 0.375 0.0625
 0.3125 0.0625
 0.5625 0.5
 0.5625 0.125
 0.5 0.1875
 0.875 0.0625
 0.8125 0.0625
 0.75 0.0625
 0.6875 0.125
 0.125 0.0625
 0.0625 0.125
 0.0625 0.0625
 0.0625 0.1875
 0 0.1875
 0.75 0.4375
 0.75 0.3125
 0.0625 0
 0 0.0625
 0.3125 0.5
 0.3125 0.4375
 0.25 0.3125
 0.1875 0.3125
 0.9375 0.5
 0.0625 0.4375
 0 0.4375
 1 0.4375
 0.0625 0.25
 1 0.3125
 0.0625 0.5
 0.3125 0
 0.5625 0
 0.5625 0.0625
 0.5 0.0625
 0.6875 0.1875
 0.1875 0.25
 0.1875 0
 0.9375 0
 0.8125 0.375
 0.8125 0
 0.4375 0
 0.4375 0.0625
 0.4375 0.25
 0.3125 0.25
 0.875 0.1875
 0.8125 0.25
 0.8125 0.3125
 0 0.3125
 0.0625 0.09375
 0.03125 0.125
 0.03125 0.09375
 0.3125 0.15625
 0.28125 0.1875
 0.28125 0.15625
 0.125 0.15625
 0.09375 0.1875
 0.09375 0.15625
 0.34375 0
 0.34375 0.03125
 0.3125 0.03125
 0.0625 0.03125
 0.03125 0.0625
 0.03125 0.03125
 0.5 0.21875
 0.46875 0.25
 0.46875 0.21875
 0.09375 0.375
 0.09375 0.40625
 0.0625 0.40625
 0.84375 0.125
 0.84375 0.15625
 0.8125 0.15625
 0.1875 0.03125
 0.15625 0.0625
 0.15625 0.03125
 0.5625 0.46875
 0.53125 0.5
 0.53125 0.46875
 0.5 0.15625
 0.46875 0.1875
 0.46875 0.15625
 0.03125 0.5
 0.09375 0.25
 0.09375 0.28125
 0.0625 0.28125
 0.78125 0.125
 0.78125 0.15625
 0.75 0.15625
 0.71875 0.125
 0.71875 0.15625
 0.6875 0.15625
 0.5625 0.03125
 0.53125 0.0625
 0.53125 0.03125
 0.9375 0.40625
 0.90625 0.4375
 0.90625 0.40625
 0.46875 0.46875
 0.4375 0.46875
 0.46875 0.4375
 0.5625 0.21875
 0.53125 0.25
 0.53125 0.21875
 1 0.40625
 0.96875 0.4375
 0.96875 0.40625
 0.5625 0.09375
 0.53125 0.125
 0.53125 0.09375
 0.78125 0.4375
 0.78125 0.46875
 0.75 0.46875
 0.0625 0.21875
 0.03125 0.25
 0.03125 0.21875
 0.75 0.09375
 0.71875 0.09375
 0.125 0.46875
 0.09375 0.5
 0.09375 0.46875
 0.96875 0.125
 0.96875 0.15625
 0.9375 0.15625
 0.84375 0.09375
 0.8125 0.09375
 0.84375 0.0625
 0.5 0.46875
 0.46875 0.5
 0.5625 0.40625
 0.53125 0.4375
 0.53125 0.40625
 0.90625 0
 0.90625 0.03125
 0.875 0.03125
 0.03125 0.3125
 0.03125 0.28125
 1 0.09375
 0.96875 0.09375
 0.40625 0.3125
 0.40625 0.34375
 0.375 0.34375
 0.625 0.46875
 0.59375 0.5
 0.59375 0.46875
 0.4375 0.21875
 0.40625 0.25
 0.40625 0.21875
 0.28125 0.125
 0.25 0.15625
 1 0.21875
 0.96875 0.25
 0.96875 0.21875
 0.15625 0.4375
 0.15625 0.46875
 0.53125 0.1875
 0.125 0.34375
 0.09375 0.34375
 0.78125 0.09375
 0.03125 0.4375
 0.03125 0.40625
 0.46875 0.28125
 0.4375 0.28125
 0.15625 0
 0.125 0.03125
 0.40625 0
 0.40625 0.03125
 0.375 0.03125
 0.21875 0.1875
 0.21875 0.15625
 0.15625 0.09375
 0.125 0.09375
 0.21875 0.5
 0.03125 0.34375
 0 0.34375
 0.65625 0.0625
 0.65625 0.09375
 0.625 0.09375
 0.53125 0.375
 0.5 0.40625
 0.1875 0.21875
 0.15625 0.25
 0.15625 0.21875
 0.9375 0.21875
 0.90625 0.25
 0.90625 0.21875
 0.625 0.34375
 0.59375 0.375
 0.59375 0.34375
 0.03125 0.1875
 0 0.21875
 0.34375 0.375
 0.34375 0.34375
 0.78125 0.0625
 0.90625 0.5
 0.96875 0.34375
 0.9375 0.34375
 0.96875 0.3125
 0.125 0.28125
 0.09375 0.3125
 0.9375 0.28125
 0.90625 0.3125
 0.90625 0.28125
 0.78125 0
 0.78125 0.03125
 0.75 0.03125
 0.9375 0.46875
 0.90625 0.46875
 0.5625 0.28125
 0.53125 0.3125
 0.53125 0.28125
 0.75 0.21875
 0.71875 0.25
 0.71875 0.21875
 0.75 0.40625
 0.71875 0.4375
 0.71875 0.40625
 0.375 0.46875
 0.34375 0.5
 0.34375 0.46875
 0.6875 0.28125
 0.65625 0.3125
 0.65625 0.28125
 0.1875 0.09375
 0.15625 0.125
 0.3125 0.28125
 0.28125 0.3125
 0.28125 0.28125
 0.09375 0
 0.09375 0.03125
 0.28125 0.25
 0.25 0.28125
 0.625 0.28125
 0.59375 0.3125
 0.59375 0.28125
 0.4375 0.03125
 0.40625 0.0625
 0.5 0.09375
 0.46875 0.125
 0.46875 0.09375
 0.71875 0
 0.71875 0.03125
 0.6875 0.03125
 0.59375 0
 0.59375 0.03125
 0.4375 0.40625
 0.40625 0.4375
 0.40625 0.40625
 0.875 0.40625
 0.84375 0.4375
 0.84375 0.40625
 0.25 0.09375
 0.21875 0.125
 0.21875 0.09375
 0.875 0.34375
 0.84375 0.375
 0.84375 0.34375
 0.65625 0.25
 0.96875 0.5
 0.4375 0.34375
 0.40625 0.375
 0.9375 0.09375
 0.96875 0.0625
 0.84375 0.5
 0.6875 0.09375
 0.71875 0.0625
 0.28125 0
 0.28125 0.03125
 0.25 0.03125
 0.46875 0.375
 0.46875 0.40625
 1 0.15625
 0.96875 0.1875
 0.5 0.03125
 0.46875 0.0625
 0.46875 0.03125
 0.34375 0.125
 0.34375 0.15625
 0.28125 0.34375
 0.25 0.34375
 0.09375 0.125
 0.09375 0.09375
 0.78125 0.3125
 0.78125 0.34375
 0.75 0.34375
 0.71875 0.46875
 0.6875 0.46875
 0.96875 0
 0.96875 0.03125
 0.9375 0.03125
 0.53125 0.15625
 0.90625 0.0625
 0.90625 0.09375
 0.875 0.09375
 0.78125 0.1875
 0.78125 0.21875
 0.4375 0.09375
 0.03125 0.375
 0 0.40625
 0.21875 0
 0.21875 0.03125
 0.3125 0.46875
 0.28125 0.5
 0.28125 0.46875
 1 0.03125
 0.21875 0.21875
 0.59375 0.21875
 0.59375 0.1875
 0.28125 0.4375
 0.25 0.46875
 0.84375 0.46875
 0.8125 0.46875
 0.875 0.15625
 0.84375 0.1875
 0.34375 0.21875
 0.3125 0.21875
 0.34375 0.1875
 0.28125 0.0625
 0.90625 0.375
 0.71875 0.375
 0.71875 0.34375
 0.53125 0
 0.34375 0.40625
 0.3125 0.40625
 0.09375 0.21875
 0.3125 0.34375
 0.34375 0.3125
 0.21875 0.46875
 0.75 0.28125
 0.71875 0.3125
 0.71875 0.28125
 0.21875 0.0625
 0.0625 0.46875
 0.09375 0.4375
 0.59375 0.09375
 0.59375 0.0625
 0.375 0.40625
 0.34375 0.4375
 0.78125 0.375
 0.78125 0.40625
 0.40625 0.125
 0.40625 0.09375
 0.15625 0.15625
 0.1875 0.15625
 0.5625 0.15625
 0.625 0.21875
 0.59375 0.25
 0.625 0.40625
 0.59375 0.4375
 0.59375 0.40625
 0.46875 0
 0.625 0.03125
 0.125 0.21875
 0.90625 0.34375
 0.65625 0.1875
 0.65625 0.21875
 0.90625 0.125
 0.90625 0.15625
 0.0625 0.34375
 0.90625 0.1875
 0.875 0.21875
 0.84375 0.25
 0.84375 0.28125
 0.8125 0.28125
 0.71875 0.5
 0.65625 0.15625
 0.6875 0.34375
 0.65625 0.375
 0.65625 0.34375
 0.625 0.15625
 0.59375 0.15625
 0.78125 0.28125
 0.375 0.09375
 0.34375 0.09375
 0.21875 0.34375
 0.1875 0.34375
 0.21875 0.3125
 0.84375 0
 0.84375 0.03125
 0.8125 0.03125
 0.5625 0.34375
 0.53125 0.34375
 0.4375 0.15625
 0.15625 0.375
 0.15625 0.34375
 0.96875 0.46875
 0.03125 0
 0 0.03125
 0.21875 0.375
 0.3125 0.09375
 0.34375 0.0625
 0.21875 0.28125
 0.78125 0.5
 0.40625 0.5
 0.15625 0.5
 0.25 0.21875
 0.21875 0.25
 0.03125 0.46875
 0.09375 0.0625
 0.0625 0.15625
 0.65625 0.125
 1 0.46875
 0.25 0.40625
 0.21875 0.4375
 0.21875 0.40625
 1 0.28125
 0.96875 0.28125
 0.6875 0.21875
 0.71875 0.1875
 0.5 0.34375
 0.46875 0.34375
 0.1875 0.46875
 0.6875 0.40625
 0.78125 0.25
 0.65625 0.4375
 0.65625 0.46875
 0.875 0.28125
 0.28125 0.40625
 0.40625 0.46875
 0.15625 0.1875
 0.8125 0.40625
 0.875 0.46875
 0.5 0.28125
 0.46875 0.3125
 0.15625 0.28125
 0.03125 0.15625
 0 0.15625
 0 0.09375
 0.65625 0.03125
 0.375 0.28125
 0.34375 0.28125
 0 0.28125
 0.40625 0.1875
 0.375 0.21875
 0.40625 0.15625
 0.84375 0.21875
 0.8125 0.21875
 0.375 0.15625
 0.96875 0.375
 0 0.46875
 0.8125 0.34375
 0.65625 0.5
 0.28125 0.21875
 1 0.34375
 0.65625 0.40625
 0.1875 0.28125
 0.59375 0.125
 0.28125 0.375
 0.34375 0.25
 0.15625 0.3125
 0.40625 0.28125
 0.1875 0.40625
 0.84375 0.3125
 0.15625 0.40625
 0.125 0.40625
 0.65625 0
 0.28125 0.09375
 0.03125 0.53125
 0 0.53125
 0.875 0.53125
 0.84375 0.53125
 0.5 0.53125
 0.46875 0.53125
 0.21875 0.53125
 0.1875 0.53125
 0.75 0.53125
 0.71875 0.53125
 0.4375 0.53125
 0.40625 0.53125
 0.90625 0.53125
 0.59375 0.53125
 0.5625 0.53125
 0.53125 0.53125
 0.96875 0.53125
 0.9375 0.53125
 0.8125 0.53125
 0.375 0.53125
 0.34375 0.53125
 0.625 0.53125
 0.3125 0.53125
 0.28125 0.53125
 0.25 0.53125
 0.125 0.53125
 0.09375 0.53125
 0.6875 0.53125
 0.15625 0.53125
 0.65625 0.53125
 0.0625 0.53125
 0.78125 0.53125
 1 0.53125
