-1.00535849660773e-14
5.76505686737509e-2
4.96053824022910e-2
1.90471248457007e-14
6.07387769682186e-2
4.90196532968206e-2
5.00273063542319e-2
4.29186006803254e-2
-1.43425188282049e-4
-8.10363362945463e-2
-4.34289140686520e-2
7.03954927476508e-2
-4.83658190504610e-2
-3.25914315503382e-2
6.04051914962997e-2
-3.65890607184530e-2
9.08736576933087e-15
1.82446722524722e-2
7.80914162563681e-3
-2.59621178330044e-14
4.92786982901215e-2
3.68735011413167e-2
2.61054682940401e-2
1.80967975996083e-2
-3.41672857151694e-5
-4.92634513137521e-2
-1.84929543494501e-2
3.62621206617023e-2
-1.14999363105770e-2
-5.16499763672385e-3
2.51520596598216e-2
-1.34454224503984e-2
-2.22605486934825e-3
-4.41336902191144e-2
-5.70087251008736e-2
4.96666603697793e-2
-2.94569519705429e-2
-4.97594971420297e-2
4.15258174229396e-2
-2.58318453548159e-3
-8.13578599683968e-4
-3.35500334620760e-3
-2.17218866273980e-2
-1.75280495004596e-2
2.65055041529493e-2
-3.73584387523403e-3
-8.00152374116980e-3
1.73542611128240e-2
-2.90188597019771e-3
7.33116857622015e-4
-2.47305113706780e-2
3.44279516284240e-2
-3.35394871338448e-2
2.02638914362210e-4
-1.42537677747056e-3
-3.61966744398207e-2
5.01359826465049e-2
-2.60547949129224e-2
3.49100760165111e-2
-5.66017616048848e-5
4.30137859136854e-2
4.23057683461462e-2
-3.42353247486250e-2
-8.40974620541827e-4
-3.42327885340508e-2
-4.25586759294485e-2
5.65920969235822e-5
-1.34533995686855e-2
-1.70356876144690e-2
-2.52494033101549e-2
2.58707422511481e-2
1.79172200062263e-2
-1.61310287130614e-3
2.66443646209624e-2
-8.72042327163155e-15
-2.24418955817607e-14
-7.14934590095238e-16
-3.52387684698923e-2
2.61301980451524e-2
3.24739469262401e-15
5.30601923755944e-15
3.54195557688022e-2
-2.56055259080735e-2
-1.22102793081302e-14
-4.64025448726741e-15
-6.34272507131252e-2
1.05935599255762e-15
-1.33886166199794e-14
-7.12182335818029e-2
-8.97778434601634e-2
-4.67819302794183e-2
1.57596850289988e-4
1.27743349261208e-14
1.21111388506886e-15
9.07038547875651e-2
-9.92093028783638e-15
6.38603861502798e-2
8.16076016916933e-2
-5.76826069250512e-2
7.16661509928762e-4
3.75485299299797e-2
-4.63247596496078e-2
-6.32197084318258e-2
5.04374014930952e-5
-4.75462045658475e-2
-6.33430795247873e-2
-4.06647349219652e-2
-5.61689547593291e-2
1.03099957666237e-14
1.07616760745930e-14
6.47545310584718e-2
6.82757860538466e-15
7.04754051944446e-15
5.10961997819214e-2
-1.47286471044955e-14
-1.15969442105510e-14
9.09897244175352e-2
-2.92580880135012e-15
6.46730400715114e-2
5.74921523000016e-2
-9.06815114279375e-2
-4.77912766147148e-2
-4.20352898772884e-2
5.70028827991817e-2
-5.94897307716145e-2
7.34353303673083e-6
-3.08979822974612e-2
-6.01957262922449e-2
1.99278238425513e-14
8.11770007960389e-2
7.15195207158148e-2
5.09490764402120e-2
-1.36056972944568e-14
-4.21619400682927e-2
4.06813507429852e-15
4.26442889807731e-2
-7.13729849052617e-2
2.42101716610845e-5
-8.03468062586188e-2
-3.77087512541816e-2
-5.05489169385914e-2
-6.42507523640503e-2
-1.21525772730435e-3
2.19652107797380e-4
-5.71200603308050e-2
6.39133698386239e-2
-5.77246624247554e-2
2.30593993880571e-4
-5.76505686737343e-2
-6.34272507131012e-2
-6.07387769681963e-2
-5.00273063542436e-2
-7.12182335817889e-2
8.10363362945235e-2
8.97778434601430e-2
4.34289140686231e-2
4.67819302793895e-2
-1.57596850292733e-4
-9.07038547875512e-2
-6.38603861502902e-2
-8.16076016916844e-2
-5.76826069250558e-2
-1.82446722524882e-2
-4.92786982901463e-2
-2.61054682940198e-2
-3.52387684698732e-2
4.92634513137713e-2
1.84929543494815e-2
-2.61301980451784e-2
-3.54195557688095e-2
-2.56055259080838e-2
2.22605486933115e-3
-7.16661509948097e-4
4.41336902190920e-2
4.63247596495833e-2
5.70087251008573e-2
6.32197084318083e-2
-5.04374014966192e-5
2.94569519705688e-2
4.97594971420435e-2
-3.75485299300044e-2
4.75462045658724e-2
6.33430795248037e-2
-4.06647349219890e-2
5.61689547593415e-2
-6.47545310584901e-2
-9.09897244175494e-2
-6.46730400715008e-2
-5.74921522999916e-2
-5.10961997819326e-2
9.06815114279581e-2
4.77912766147381e-2
-4.20352898773108e-2
-5.70028827992002e-2
-8.11770007960515e-2
-7.15195207158331e-2
1.21525772727717e-3
-6.01957262922684e-2
1.42537677742912e-3
-5.71200603308096e-2
-5.01359826465127e-2
5.94897307716339e-2
-7.34353302976576e-6
5.05489169385761e-2
-4.30137859136610e-2
-2.30593993909869e-4
-2.19652107824642e-4
-2.42101716613545e-5
-6.39133698386351e-2
6.42507523640396e-2
8.03468062586349e-2
7.13729849052797e-2
5.77246624247433e-2
-5.09490764402001e-2
-4.21619400683070e-2
3.08979822974889e-2
3.77087512542041e-2
-4.26442889807499e-2
1.16066617052818e-14
2.33630154278469e-14
1.74836970874138e-15
-3.43027637810416e-2
2.50379378259335e-2
-1.11018222848331e-14
-1.20785786415811e-14
3.39343205808565e-2
-4.30129365304224e-2
-6.58156071125255e-15
-2.97605708859085e-15
1.97500634335629e-14
-2.51090956416603e-2
-3.74503952139560e-5
7.75372107796799e-15
1.97481551307516e-14
1.21239037608568e-2
-8.41051332636446e-3
1.24203142447262e-2
-3.44032306174821e-5
-9.18856287706884e-3
-9.38754867128849e-3
-4.34306482048329e-15
-1.21212064156412e-14
-9.60551295854829e-15
1.71014264124579e-2
1.87366206878895e-14
3.57121638665889e-15
9.33703431036633e-3
-7.85361203317796e-3
9.79482176108474e-3
-3.75302838285519e-2
-1.22407656694821e-4
-2.05623838081877e-2
-3.75674961137095e-2
-2.70967464967435e-14
1.29938029129003e-2
2.49804841521181e-2
1.73459168883163e-2
2.16678198974955e-14
-2.68085015038248e-2
-6.81969189949239e-16
2.65574250087094e-2
-2.45884031779803e-2
9.40800873396594e-5
-1.33188310162941e-2
-1.26287277652775e-2
-1.74174643910624e-2
1.75641332008839e-3
-9.14678771311410e-3
-8.54397155449647e-3
-1.27937482740618e-4
-7.80914162565339e-3
-3.68735011413507e-2
-1.80967975995935e-2
-2.51090956416851e-2
1.14999363105971e-2
5.16499763675108e-3
3.74503952016382e-5
-1.21239037608854e-2
-8.41051332634228e-3
-4.96053824022686e-2
-4.90196532967993e-2
-4.29186006803413e-2
-3.43027637810632e-2
4.83658190504261e-2
3.25914315503004e-2
-2.50379378258923e-2
-3.39343205808325e-2
-4.30129365304021e-2
-3.35500334619550e-3
3.73584387525398e-3
8.00152374118036e-3
3.44032306107176e-5
2.17218866273568e-2
1.75280495004376e-2
-1.24203142446961e-2
-9.18856287704903e-3
9.38754867127375e-3
-9.33703431038636e-3
-1.71014264124418e-2
-7.85361203315818e-3
-9.79482176107377e-3
-1.29938029128716e-2
-2.49804841520952e-2
-1.75641332005209e-3
-3.75674961136840e-2
-1.61310287125705e-3
-9.14678771309550e-3
-1.79172200062088e-2
3.75302838285214e-2
1.22407656695618e-4
1.74174643910810e-2
-2.58707422511664e-2
1.27937482781418e-4
-9.40800873279065e-5
1.33188310162768e-2
2.45884031779595e-2
8.54397155451698e-3
-1.73459168883334e-2
-2.68085015038038e-2
2.05623838081521e-2
1.26287277652488e-2
-2.65574250087307e-2
1.43425188277937e-4
-6.04051914962656e-2
-7.03954927476243e-2
-3.65890607184206e-2
3.41672857093603e-5
-2.51520596598456e-2
-3.62621206617286e-2
1.34454224504267e-2
-2.65055041529241e-2
-1.73542611128324e-2
2.90188597018479e-3
-7.33116857635893e-4
-4.96666603697621e-2
-4.15258174229526e-2
2.58318453546656e-3
8.13578599702981e-4
2.47305113706447e-2
-3.44279516284349e-2
3.35394871338088e-2
2.02638914402820e-4
2.60547949129471e-2
-3.49100760164926e-2
5.66017615981682e-5
-3.61966744397920e-2
-4.23057683461595e-2
3.42353247486052e-2
3.42327885340597e-2
-8.40974620555401e-4
4.25586759294252e-2
-5.65920969172476e-5
1.70356876145010e-2
-1.34533995687105e-2
2.52494033101661e-2
-2.66443646209366e-2
1.89429995648945e-15
8.99923999301718e-2
8.87223844816965e-2
9.48497976511892e-16
1.22879205301903e-1
1.18630401411626e-1
8.90415700969556e-2
8.69185145016390e-2
-1.61964410668113e-4
-1.26654708681684e-1
-6.71369782320556e-2
1.25042060657503e-1
-1.17647750259340e-1
-6.47207171206466e-2
1.21856990994116e-1
-6.54540891664629e-2
9.51046945630577e-15
7.59009279836547e-2
-6.96142434793414e-2
-1.05422165031681e-14
1.18797130444452e-1
1.13051835347986e-1
8.00249569374369e-2
7.59000430139837e-2
8.54797565676014e-5
-1.18165957708460e-1
-5.90118031015743e-2
1.12011623778357e-1
-9.80740086308720e-2
-5.15217750028082e-2
1.06476669668638e-1
-5.60150118739896e-2
-2.79086165214730e-4
-6.67445915449182e-2
-8.88440212649962e-2
8.77681749266185e-2
-6.33377864889260e-2
-8.78123199082605e-2
8.52323766811885e-2
-8.23197138023236e-4
-2.03419617093587e-4
1.81050073000690e-3
-5.99837632386216e-2
-7.43596689773312e-2
7.89209469437020e-2
-5.02693989921226e-2
-6.86304137221122e-2
7.44750953336051e-2
-1.33911184922257e-3
5.73338885145551e-4
-6.09866571795667e-2
8.36513521288087e-2
-6.46032527244807e-2
1.29198175730523e-4
-4.43820976937002e-4
-6.49361593503186e-2
8.88562097705784e-2
-6.16780209913676e-2
8.38271355777148e-2
-1.89508056375435e-5
8.67487609295894e-2
8.65296329665204e-2
-8.26501571166426e-2
-3.98421160584091e-4
-8.27359002208273e-2
-8.55245337965926e-2
3.07878548509469e-5
-5.56891908824211e-2
-5.79217288251198e-2
-7.84419492725996e-2
7.96641640647939e-2
7.54881588231811e-2
-7.23149073668707e-4
8.00216881324185e-2
-1.14334226103000e-14
-5.11401279963784e-15
-2.83689707954728e-15
-8.42050192110873e-2
6.20753899322046e-2
1.57417148080770e-15
2.12774457469700e-15
8.41197889389114e-2
-7.95332180018670e-2
4.97235616110890e-15
-1.28038211691873e-15
-9.06578979541623e-2
1.61016556585550e-15
5.84278140232469e-15
-1.25988636927227e-1
-1.27633312629303e-1
-6.68885719870923e-2
1.50864304836118e-4
-1.44183228561405e-14
2.77063520961074e-15
1.28505588050478e-1
1.39789099629048e-14
9.09067390429411e-2
1.27744028364698e-1
-9.03756601463488e-2
-1.74466804687750e-6
6.52894287414873e-2
-6.63931074168393e-2
-8.95148006469095e-2
6.42701139014735e-6
-6.63880556767299e-2
-8.95114265923676e-2
-6.63144970754383e-2
-8.87437614054803e-2
-6.53671690141274e-15
-6.42682107625126e-15
9.06548357964214e-2
-1.14828405500347e-16
-1.58175473037003e-16
8.91007485562249e-2
1.36893850632315e-14
1.41805464957495e-14
1.28503678977893e-1
1.81863066673798e-15
9.09055443196754e-2
9.03554333871671e-2
-1.27628741340734e-1
-6.68850588367554e-2
-6.69681516349081e-2
8.99183935297032e-2
-1.21634383090265e-1
-1.11848106080060e-4
-6.42260732146688e-2
-1.22732430322314e-1
-2.38610830492534e-15
1.27693554588349e-1
1.26073955920787e-1
8.92713890825852e-2
4.19364914297332e-15
-8.63877439503025e-2
-6.05739189496851e-17
8.68603088037566e-2
-1.25307039926800e-1
1.33894352872208e-4
-1.26577398974680e-1
-6.57448968985553e-2
-8.89457307862844e-2
-9.06463926447257e-2
-1.50858437210052e-4
-1.82960975319817e-6
-9.00678927220184e-2
9.06448996218170e-2
-9.01426271513993e-2
6.61152848665430e-5
-8.99923999301794e-2
-9.06578979541736e-2
-1.22879205301910e-1
-8.90415700969561e-2
-1.25988636927238e-1
1.26654708681696e-1
1.27633312629325e-1
6.71369782320679e-2
6.68885719871173e-2
-1.50864304832379e-4
-1.28505588050491e-1
-9.09067390429270e-2
-1.27744028364715e-1
-9.03756601463399e-2
-7.59009279836716e-2
-1.18797130444460e-1
-8.00249569374388e-2
-8.42050192110882e-2
1.18165957708467e-1
5.90118031015826e-2
-6.20753899322106e-2
-8.41197889389142e-2
-7.95332180018719e-2
2.79086165224808e-4
1.74466805997239e-6
6.67445915449391e-2
6.63931074168645e-2
8.88440212650103e-2
8.95148006469243e-2
-6.42701139333611e-6
6.33377864889257e-2
8.78123199082603e-2
-6.52894287414824e-2
6.63880556767092e-2
8.95114265923565e-2
-6.63144970754216e-2
8.87437614054711e-2
-9.06548357964078e-2
-1.28503678977875e-1
-9.09055443196864e-2
-9.03554333871843e-2
-8.91007485562232e-2
1.27628741340716e-1
6.68850588367293e-2
-6.69681516348871e-2
-8.99183935296923e-2
-1.27693554588331e-1
-1.26073955920784e-1
1.50858437236200e-4
-1.22732430322314e-1
4.43820976938753e-4
-9.00678927220098e-2
-8.88562097705722e-2
1.21634383090271e-1
1.11848106080590e-4
8.89457307862956e-2
-8.67487609295959e-2
-6.61152848514811e-5
1.82960978436217e-6
-1.33894352865135e-4
-9.06448996218047e-2
9.06463926447399e-2
1.26577398974668e-1
1.25307039926801e-1
9.01426271514165e-2
-8.92713890825909e-2
-8.63877439503047e-2
6.42260732146691e-2
6.57448968985519e-2
-8.68603088037604e-2
-3.15919960616944e-15
7.53853855035843e-15
1.37128769633727e-15
-8.37549397791732e-2
6.15062429075802e-2
-3.46429043046003e-15
-1.56340669845901e-15
8.33790103581577e-2
-8.66025071358770e-2
-1.88365897662740e-15
-6.08849434263983e-16
1.29012701317752e-14
-1.06951549471895e-1
-5.58279834831092e-5
-7.43289176553201e-15
9.86709880835115e-15
-9.90216981262111e-2
7.01101138559284e-2
5.46999522555454e-2
4.14712802705110e-5
5.30687442974347e-2
6.92902742706979e-2
1.07565842192792e-14
-4.09927830771462e-15
-3.48453578236988e-15
7.48358508801635e-2
1.33144911014944e-14
1.44729612075674e-15
-7.02485587231491e-2
5.26283804993166e-2
7.01083558232964e-2
-1.12380055418249e-1
-1.66875804520350e-4
-5.98204377656526e-2
-1.13293040006716e-1
-1.24723092284526e-14
9.93559151271653e-2
1.06715141335543e-1
7.52512862426981e-2
1.92171566169934e-14
-7.98871746703252e-2
3.15080801358803e-15
8.01218187951362e-2
-1.05738030370933e-1
1.65417563001121e-4
9.85931167741358e-2
-5.51994889746496e-2
-7.52296068451354e-2
9.81513730951163e-4
7.02209487638462e-2
-6.97342686433475e-2
-1.82604237990707e-4
6.96142434793577e-2
-1.13051835348000e-1
-7.59000430139716e-2
-1.06951549471911e-1
9.80740086308878e-2
5.15217750028282e-2
5.58279834730266e-5
9.90216981262140e-2
-7.01101138559232e-2
-8.87223844817032e-2
-1.18630401411619e-1
-8.69185145016393e-2
-8.37549397791788e-2
1.17647750259340e-1
6.47207171206514e-2
-6.15062429075754e-2
-8.33790103581540e-2
-8.66025071358795e-2
-1.81050072999247e-3
5.02693989921440e-2
6.86304137221255e-2
-4.14712802752044e-5
5.99837632386068e-2
7.43596689773232e-2
-5.46999522555247e-2
-5.30687442974159e-2
-6.92902742706877e-2
7.02485587231613e-2
-7.48358508801551e-2
-5.26283804992963e-2
-7.01083558232792e-2
-9.93559151271564e-2
-1.06715141335520e-1
-9.81513730928162e-4
-1.13293040006702e-1
-7.23149073644997e-4
-7.02209487638444e-2
-7.54881588231710e-2
1.12380055418241e-1
1.66875804521725e-4
7.52296068451525e-2
-7.96641640648063e-2
1.82604238025175e-4
-1.65417563004610e-4
-9.85931167741210e-2
1.05738030370917e-1
6.97342686433575e-2
-7.52512862427131e-2
-7.98871746703238e-2
5.98204377656405e-2
5.51994889746295e-2
-8.01218187951440e-2
1.61964410673970e-4
-1.21856990994124e-1
-1.25042060657512e-1
-6.54540891664718e-2
-8.54797565609913e-5
-1.06476669668661e-1
-1.12011623778369e-1
5.60150118740143e-2
-7.89209469436988e-2
-7.44750953336208e-2
1.33911184921543e-3
-5.73338885156920e-4
-8.77681749266313e-2
-8.52323766811920e-2
8.23197138023984e-4
2.03419617086663e-4
6.09866571795646e-2
-8.36513521288157e-2
6.46032527244869e-2
1.29198175744016e-4
6.16780209913791e-2
-8.38271355777136e-2
1.89508056417518e-5
-6.49361593503310e-2
-8.65296329665199e-2
8.26501571166457e-2
8.27359002208415e-2
-3.98421160589539e-4
8.55245337966010e-2
-3.07878548522461e-5
5.79217288251374e-2
-5.56891908824478e-2
7.84419492726137e-2
-8.00216881324152e-2
5.54988714234379e-15
6.96558985651623e-2
7.59310945092628e-2
-8.66522631751876e-15
1.13077059670519e-1
1.18816125563860e-1
7.59214965378585e-2
8.00429958511561e-2
-8.56621591671999e-5
-9.81306717681079e-2
-5.15602959594439e-2
1.06519287193833e-1
-1.18191040135764e-1
-5.90338378329147e-2
1.12045350490082e-1
-5.60427820790028e-2
-4.10635778432609e-15
8.87234533725666e-2
-8.99912885179766e-2
1.61663231668539e-14
1.18640379226594e-1
1.22887014900192e-1
8.69241670459424e-2
8.90451714090878e-2
1.61852121169008e-4
-1.17651114630315e-1
-6.47196476160228e-2
1.21859548561528e-1
-1.26653047461246e-1
-6.71345131561670e-2
1.25043393277183e-1
-6.54532723438925e-2
1.78481496910715e-3
-5.03176393308886e-2
-6.86690464660975e-2
7.45051247905671e-2
-5.99745690542991e-2
-7.43589328615745e-2
7.89217730775350e-2
1.32591850735488e-3
5.90196802344402e-4
-2.74066961692143e-4
-6.33532065520533e-2
-8.78218077566656e-2
8.52458736683232e-2
-6.67399522841764e-2
-8.88426720399239e-2
8.77689948010935e-2
8.15869163083843e-4
-2.07981479724233e-4
-6.16972895807604e-2
8.38341625678870e-2
-5.79489692497830e-2
-1.37658307907711e-4
7.10319979174421e-4
-5.57237596476322e-2
7.54968343130735e-2
-6.09820945016179e-2
8.36648595017612e-2
3.05517907528645e-5
7.96818418800501e-2
8.00299473258810e-2
-8.27537354130132e-2
4.06774403951109e-4
-8.26525252375421e-2
-7.84653454516726e-2
-1.87991593315367e-5
-6.49333661950511e-2
-6.45990169191252e-2
-8.55260606789890e-2
8.67541129646112e-2
8.88633285990885e-2
4.36863052289620e-4
8.65401516028713e-2
4.43248239488511e-15
5.22740414881911e-15
-1.99966233295946e-15
-8.37620026850308e-2
6.15051513871091e-2
2.89504512031322e-16
-7.54069731041352e-16
8.33813658281020e-2
-8.66044709766529e-2
2.82724174730003e-15
-8.31027866344991e-15
-6.48064034756781e-2
-4.74097602130949e-15
-1.01452920018984e-15
-1.06981664982492e-1
-9.07534510982090e-2
-4.78404185199848e-2
5.60611075994174e-5
-1.85444071055417e-15
6.25866424002927e-15
9.10352528373992e-2
7.19351700427367e-15
6.47065296192709e-2
9.90606603142364e-2
-7.01386909305443e-2
-7.51060872297352e-4
5.46865099753914e-2
-4.76085746787105e-2
-6.33929004077368e-2
-4.11258404926919e-5
-4.62887838574942e-2
-6.32071183014934e-2
-5.30446393791458e-2
-6.92838327488699e-2
-2.18481177587584e-15
-2.67752686872263e-15
6.34104595651162e-2
1.28329726543736e-15
-9.13294634083621e-17
7.48341533801224e-2
2.69031054098666e-15
4.46067683804457e-15
9.07111816760299e-2
1.68473272907871e-15
6.38636601793936e-2
7.02562923655058e-2
-8.97573674144184e-2
-4.67587545097575e-2
-5.26146004805708e-2
7.01017398973118e-2
-1.12381685542431e-1
-1.66701338855255e-4
-5.98167938133503e-2
-1.13304857740972e-1
-3.57386058067273e-15
9.93675313311727e-2
1.06726926250427e-1
7.52592097271056e-2
-3.76386453095503e-16
-7.98885132060161e-2
-2.58214924264267e-15
8.01302368098404e-2
-1.05736395517101e-1
1.65140241604584e-4
-9.85840118407787e-2
-5.51927252806451e-2
-7.52506915146212e-2
-6.39441857512785e-2
9.56285365175588e-4
-2.53709941529203e-4
-7.02296188000164e-2
6.42576117599235e-2
-6.97608954258019e-2
-1.99454525159917e-4
-6.96558985651737e-2
-6.48064034756837e-2
-1.13077059670522e-1
-7.59214965378501e-2
-1.06981664982480e-1
9.81306717681147e-2
9.07534510982088e-2
5.15602959594571e-2
4.78404185199901e-2
-5.60611076160866e-5
-9.10352528373974e-2
-6.47065296192644e-2
-9.90606603142428e-2
-7.01386909305212e-2
-8.87234533725598e-2
-1.18640379226590e-1
-8.69241670459561e-2
-8.37620026850352e-2
1.17651114630315e-1
6.47196476160144e-2
-6.15051513871113e-2
-8.33813658281057e-2
-8.66044709766488e-2
-1.78481496910793e-3
7.51060872294129e-4
5.03176393308884e-2
4.76085746787071e-2
6.86690464660962e-2
6.33929004077328e-2
4.11258404837806e-5
5.99745690543076e-2
7.43589328615756e-2
-5.46865099754010e-2
4.62887838574956e-2
6.32071183014960e-2
-5.30446393791475e-2
6.92838327488670e-2
-6.34104595651138e-2
-9.07111816760239e-2
-6.38636601793924e-2
-7.02562923655066e-2
-7.48341533801239e-2
8.97573674144193e-2
4.67587545097574e-2
-5.26146004805714e-2
-7.01017398973079e-2
-9.93675313311657e-2
-1.06726926250429e-1
-9.56285365174038e-4
-1.13304857740962e-1
-7.10319979174554e-4
-7.02296188000029e-2
-7.54968343130735e-2
1.12381685542431e-1
1.66701338848584e-4
7.52506915146063e-2
-7.96818418800468e-2
1.99454525144498e-4
2.53709941530168e-4
-1.65140241605236e-4
-6.42576117599211e-2
6.39441857512770e-2
9.85840118407786e-2
1.05736395517102e-1
6.97608954257981e-2
-7.52592097271078e-2
-7.98885132060168e-2
5.98167938133499e-2
5.51927252806456e-2
-8.01302368098465e-2
-2.59550280473661e-15
-5.68338234852388e-16
7.21075743828166e-15
-8.42183410894284e-2
6.20911760886586e-2
4.34827742004717e-15
6.29345722027400e-15
8.41373635035407e-2
-7.95575970097444e-2
3.10218914431746e-15
3.62576713766330e-15
-2.20590999567699e-14
-1.25993556631247e-1
-1.50776199426440e-4
-7.50949574485010e-15
-2.20044813511896e-14
-1.27745578396478e-1
9.03768628747036e-2
6.52997582386464e-2
-6.31549230715794e-6
6.63229256091210e-2
8.87501998860595e-2
-5.57674179226420e-15
5.75615503354197e-15
5.15787226989819e-15
8.91099170090244e-2
-1.56830087082190e-14
-1.88186508785261e-15
-9.03596461569727e-2
6.69744621640978e-2
8.99248101483991e-2
-1.21653617159697e-1
-1.11973825262663e-4
-6.42385070274403e-2
-1.22747242032381e-1
8.55660462748530e-15
1.27699614622478e-1
1.26083830708239e-1
8.92782126154463e-2
-8.04290617288349e-15
-8.64015274578874e-2
2.51798501592344e-15
8.68707716740245e-2
-1.25320265132626e-1
1.33987944371116e-4
1.26586421998474e-1
-6.57532607581451e-2
-8.89490861892220e-2
-1.46220725971291e-4
9.00722859179372e-2
-9.01435776860920e-2
7.08328297258612e-5
8.99912885179667e-2
-1.22887014900167e-1
-8.90451714090991e-2
-1.25993556631217e-1
1.26653047461232e-1
6.71345131561468e-2
1.50776199426019e-4
1.27745578396445e-1
-9.03768628747128e-2
-7.59310945092649e-2
-1.18816125563857e-1
-8.00429958511413e-2
-8.42183410894235e-2
1.18191040135760e-1
5.90338378329231e-2
-6.20911760886616e-2
-8.41373635035466e-2
-7.95575970097551e-2
2.74066961676634e-4
6.67399522841469e-2
8.88426720399075e-2
6.31549229849409e-6
6.33532065520668e-2
8.78218077566762e-2
-6.52997582386667e-2
-6.63229256091497e-2
-8.87501998860783e-2
9.03596461569562e-2
-8.91099170090329e-2
-6.69744621641251e-2
-8.99248101484113e-2
-1.27699614622498e-1
-1.26083830708247e-1
1.46220725929707e-4
-1.22747242032392e-1
4.36863052256641e-4
-9.00722859179631e-2
-8.88633285991080e-2
1.21653617159703e-1
1.11973825271880e-4
8.89490861892098e-2
-8.67541129645944e-2
-7.08328297586618e-5
-1.33987944378981e-4
-1.26586421998497e-1
1.25320265132639e-1
9.01435776860699e-2
-8.92782126154399e-2
-8.64015274578978e-2
6.42385070274559e-2
6.57532607581626e-2
-8.68707716740123e-2
8.56621591719784e-5
-1.12045350490081e-1
-1.06519287193827e-1
-5.60427820790075e-2
-1.61852121158903e-4
-1.25043393277175e-1
-1.21859548561524e-1
6.54532723438787e-2
-8.52458736683296e-2
-8.77689948010794e-2
-8.15869163079311e-4
2.07981479736593e-4
-7.45051247905591e-2
-7.89217730775349e-2
-1.32591850735900e-3
-5.90196802339354e-4
6.16972895807552e-2
-8.38341625678832e-2
5.79489692497739e-2
-1.37658307911564e-4
6.09820945016204e-2
-8.36648595017587e-2
-3.05517907519928e-5
-5.57237596476234e-2
-8.00299473258762e-2
8.27537354130040e-2
8.26525252375401e-2
4.06774403946609e-4
7.84653454516658e-2
1.87991593241972e-5
6.45990169191165e-2
-6.49333661950326e-2
8.55260606789805e-2
-8.65401516028897e-2
-1.55509364580064e-15
8.51088381214890e-3
1.86558870633526e-2
5.05048897065799e-15
3.70266544530528e-2
4.93926523339106e-2
1.83210992413052e-2
2.62727442717605e-2
4.07462625125624e-5
-1.21160639400950e-2
-5.77756366054239e-3
2.55925813505036e-2
-4.94972525164835e-2
-1.87651359078641e-2
3.65942832185168e-2
-1.38002608216383e-2
-7.81352254653712e-16
4.95494285781241e-2
-5.76204097998514e-2
-5.31446772434062e-15
4.89693177118364e-2
6.07171901397261e-2
4.28903804736813e-2
5.00133838271458e-2
1.43276213350752e-4
-4.81959951300170e-2
-3.24975730731005e-2
6.02966527599431e-2
-8.09969860188577e-2
-4.33899907867191e-2
7.03282915576546e-2
-3.65274756073839e-2
2.80037684383778e-3
-4.41382133949413e-3
-8.26392316254321e-3
1.75935058920897e-2
-2.14652346527315e-2
-1.73360249253059e-2
2.63668803728903e-2
2.69273272857879e-3
1.04169952051820e-3
-2.17501847588648e-3
-2.96208326778851e-2
-4.98441193731947e-2
4.16364137008230e-2
-4.40757265180103e-2
-5.69827748492212e-2
4.96257788495212e-2
2.48157799290963e-3
-8.83117505966620e-4
-2.62709279383304e-2
3.48964965075395e-2
-1.73507720641675e-2
-3.31402045549848e-4
1.44283452749044e-3
-1.38685483558741e-2
1.79031646219486e-2
-2.45467344352569e-2
3.44868807989294e-2
6.20463515103012e-5
2.59319400489935e-2
2.66392057093733e-2
-3.43795231558617e-2
9.81259395328381e-4
-3.41369638874294e-2
-2.54390596876581e-2
-5.71808704643141e-5
-3.61117876483612e-2
-3.34126301340776e-2
-4.24914516031379e-2
4.30111397016516e-2
5.01799017519909e-2
1.32968398279539e-3
4.23593448360349e-2
-3.89787679509165e-16
-1.35633787934494e-14
-2.08779692073412e-15
-3.42407498670540e-2
2.48921746406812e-2
6.90205526561473e-15
5.43233126608662e-15
3.37838584756755e-2
-4.29243052213140e-2
-2.68897599123320e-15
8.81626374666818e-16
-9.87041382871461e-4
-9.28943145014092e-16
-8.50847070833105e-15
-2.52970423283707e-2
-7.04226972390372e-4
-7.64781306360660e-4
-7.15452030988638e-5
8.07925777730398e-15
-1.54971519371292e-15
2.29102599442709e-4
-1.26092583642365e-14
5.95997221245322e-4
1.23397594154649e-2
-8.80889125034726e-3
-1.06210831316857e-3
1.20381665726470e-2
-9.33119484291892e-4
-1.31260256626851e-4
-6.45267125688936e-5
9.33119484531076e-4
1.31260256945747e-4
-8.69277208544871e-3
-9.22884468769038e-3
4.72507786529523e-15
5.70145985445957e-15
-9.87041383203050e-4
8.20068383325311e-15
8.78080540847299e-15
1.67197374273236e-2
-7.93894710563366e-15
-1.25189411866641e-14
-2.29102599905697e-4
-5.65705028314813e-16
-5.95997221574597e-4
8.99354394792070e-3
7.04226972853676e-4
7.64781306607472e-4
-7.43207199258458e-3
9.21073353555846e-3
-3.72786912785412e-2
-1.23814741534132e-4
-2.03560368478276e-2
-3.74898053627253e-2
1.51191564076693e-14
1.28214313669595e-2
2.48476398246618e-2
1.71520107503526e-2
-1.66268226927552e-14
-2.65783150240964e-2
-1.22903001586703e-15
2.64502948401571e-2
-2.42111876957109e-2
9.95940630970755e-5
-1.28278477997782e-2
-1.23000877135899e-2
-1.74683046900459e-2
2.21691710678543e-4
1.50051635216929e-3
-3.58697159647257e-4
-9.24334493631016e-3
2.21691710351551e-4
-8.50780199510364e-3
-3.51806722834859e-4
-8.51088381214511e-3
-9.87041382868021e-4
-3.70266544530463e-2
-1.83210992413095e-2
-2.52970423283574e-2
1.21160639400869e-2
7.04226972385125e-4
5.77756366053207e-3
7.64781306353627e-4
7.15452031011936e-5
-2.29102599433389e-4
-5.95997221253564e-4
-1.23397594154501e-2
-8.80889125035624e-3
-4.95494285781271e-2
-4.89693177118514e-2
-4.28903804736806e-2
-3.42407498670437e-2
4.81959951300337e-2
3.24975730731110e-2
-2.48921746407039e-2
-3.37838584756892e-2
-4.29243052213180e-2
-2.80037684384632e-3
1.06210831316539e-3
4.41382133948153e-3
9.33119484282860e-4
8.26392316253391e-3
1.31260256617369e-4
6.45267125701066e-5
2.14652346527534e-2
1.73360249253145e-2
-1.20381665726669e-2
-9.33119484524432e-4
-1.31260256947174e-4
-8.69277208546361e-3
9.22884468769547e-3
9.87041383194987e-4
2.29102599900684e-4
5.95997221583425e-4
-8.99354394790673e-3
-1.67197374273390e-2
-7.04226972847344e-4
-7.64781306592121e-4
-7.43207199260629e-3
-9.21073353556874e-3
-1.28214313669728e-2
-2.48476398246761e-2
-1.50051635219194e-3
-3.74898053627420e-2
-1.44283452751378e-3
-9.24334493631613e-3
-1.79031646219547e-2
3.72786912785626e-2
1.23814741538109e-4
1.74683046900361e-2
-2.59319400489815e-2
3.51806722814269e-4
3.58697159634799e-4
-9.95940630987992e-5
-2.21691710354808e-4
-2.21691710688351e-4
1.28278477997924e-2
2.42111876957307e-2
8.50780199509372e-3
-1.71520107503363e-2
-2.65783150241104e-2
2.03560368478550e-2
1.23000877136157e-2
-2.64502948401423e-2
2.45502479947102e-15
4.81568386108925e-15
-7.86446706812529e-16
-3.53420021921953e-2
2.63053123856713e-2
-4.14670621159291e-15
-4.96126881425964e-15
3.56076698712733e-2
-2.59053770620101e-2
-5.31576225058311e-16
1.26291566877435e-15
7.96773706495517e-16
-7.12087709591846e-2
-1.57230280419221e-4
-4.30670258461860e-15
-4.86765914260940e-15
-8.16107965788798e-2
5.76818947353670e-2
3.76635613213415e-2
-5.01170381939005e-5
4.07523977763748e-2
5.62334224860176e-2
-3.25164717181153e-15
-1.64380639041100e-15
-2.16301026669324e-15
5.11908257093427e-2
-4.55692901646052e-15
-5.05538421529295e-15
-5.75385153704982e-2
4.21050396548641e-2
5.70769361409003e-2
-5.96659539207834e-2
8.38097748602634e-6
-3.10314498588494e-2
-6.02903735391688e-2
1.24513795897041e-16
8.12367415659337e-2
7.15897811187494e-2
5.10044816827148e-2
1.52621037395560e-15
-4.23041631972184e-2
1.52947982541544e-15
4.27267638838214e-2
-7.14994329324992e-2
2.43068196043124e-5
8.04442907775408e-2
-3.77992900474956e-2
-5.05485179172651e-2
-1.16540358710043e-3
5.71586053622543e-2
-5.77298600310519e-2
2.98273799145116e-4
5.76204097998515e-2
-6.07171901397276e-2
-5.00133838271417e-2
-7.12087709591825e-2
8.09969860188610e-2
4.33899907867214e-2
1.57230280414513e-4
8.16107965788701e-2
-5.76818947353682e-2
-1.86558870633480e-2
-4.93926523339060e-2
-2.62727442717667e-2
-3.53420021922019e-2
4.94972525164753e-2
1.87651359078539e-2
-2.63053123856604e-2
-3.56076698712659e-2
-2.59053770620026e-2
2.17501847588984e-3
4.40757265180111e-2
5.69827748492214e-2
5.01170381878105e-5
2.96208326778821e-2
4.98441193731907e-2
-3.76635613213410e-2
-4.07523977763763e-2
-5.62334224860179e-2
5.75385153704849e-2
-5.11908257093399e-2
-4.21050396548725e-2
-5.70769361409062e-2
-8.12367415659413e-2
-7.15897811187480e-2
1.16540358709396e-3
-6.02903735391726e-2
1.32968398279594e-3
-5.71586053622576e-2
-5.01799017519894e-2
5.96659539207809e-2
-8.38097748149434e-6
5.05485179172650e-2
-4.30111397016488e-2
-2.98273799144774e-4
-2.43068196148308e-5
-8.04442907775472e-2
7.14994329324960e-2
5.77298600310464e-2
-5.10044816827157e-2
-4.23041631972171e-2
3.10314498588452e-2
3.77992900474921e-2
-4.27267638838219e-2
-4.07462625144328e-5
-3.65942832185094e-2
-2.55925813504955e-2
-1.38002608216288e-2
-1.43276213342908e-4
-7.03282915576648e-2
-6.02966527599532e-2
3.65274756073902e-2
-4.16364137008209e-2
-4.96257788495230e-2
-2.48157799291340e-3
8.83117505963022e-4
-1.75935058920801e-2
-2.63668803728997e-2
-2.69273272858657e-3
-1.04169952050851e-3
2.62709279383206e-2
-3.48964965075429e-2
1.73507720641591e-2
-3.31402045530297e-4
2.45467344352738e-2
-3.44868807989180e-2
-6.20463515078478e-5
-1.38685483558626e-2
-2.66392057093772e-2
3.43795231558538e-2
3.41369638874366e-2
9.81259395320469e-4
2.54390596876516e-2
5.71808704586245e-5
3.34126301340868e-2
-3.61117876483688e-2
4.24914516031392e-2
-4.23593448360394e-2
1.28813141410345e-14
-5.76204098001823e-2
-4.95494285784609e-2
-1.04879682083427e-14
-6.07171901402015e-2
-4.89693177123111e-2
-5.00133838274691e-2
-4.28903804740051e-2
1.43276213353276e-4
8.09969860193215e-2
4.33899907869736e-2
-7.03282915581255e-2
4.81959951304912e-2
3.24975730733586e-2
-6.02966527604171e-2
3.65274756076366e-2
4.71097801634983e-15
-1.86558870636849e-2
8.51088381248005e-3
-3.32450063460265e-15
-4.93926523343760e-2
-3.70266544535169e-2
-2.62727442720918e-2
-1.83210992416338e-2
4.07462625123694e-5
4.94972525169449e-2
1.87651359081076e-2
-3.65942832189761e-2
1.21160639405537e-2
5.77756366078714e-3
-2.55925813509622e-2
1.38002608218803e-2
2.17501847589494e-3
4.40757265182635e-2
5.69827748495500e-2
-4.96257788498533e-2
2.96208326781226e-2
4.98441193735132e-2
-4.16364137011448e-2
2.48157799291709e-3
8.83117505959188e-4
-2.80037684384153e-3
2.14652346529850e-2
1.73360249256319e-2
-2.63668803732194e-2
4.41382133972957e-3
8.26392316285938e-3
-1.75935058924077e-2
2.69273272858445e-3
-1.04169952051270e-3
2.45467344355106e-2
-3.44868807992515e-2
3.34126301343326e-2
-3.31402045537252e-4
1.32968398280736e-3
3.61117876486163e-2
-5.01799017523100e-2
2.62709279385673e-2
-3.48964965078715e-2
5.71808704629266e-5
-4.30111397019849e-2
-4.23593448363571e-2
3.41369638877626e-2
9.81259395321939e-4
3.43795231561827e-2
4.24914516034686e-2
-6.20463515072343e-5
1.38685483561073e-2
1.73507720644060e-2
2.54390596879790e-2
-2.59319400493173e-2
-1.79031646222782e-2
1.44283452750101e-3
-2.66392057097032e-2
-3.51034847718453e-15
-2.34009165615050e-16
-5.45008262552939e-16
3.53420021925288e-2
-2.63053123859106e-2
-2.52229436306328e-15
-1.52371776742142e-15
-3.56076698715982e-2
2.59053770623373e-2
1.21778179536585e-14
-4.49984276608349e-15
6.34104595654397e-2
-3.03307533877376e-15
1.20787799907427e-14
7.12087709596528e-2
8.97573674148735e-2
4.67587545100050e-2
-1.57230280420622e-4
-1.71296764153437e-14
4.25711435201975e-15
-9.07111816764799e-2
1.90961972406122e-14
-6.38636601796993e-2
-8.16107965793419e-2
5.76818947356797e-2
-7.51060872282068e-4
-3.76635613215714e-2
4.62887838577452e-2
6.32071183018162e-2
-5.01170381925763e-5
4.76085746789196e-2
6.33929004080333e-2
4.07523977766003e-2
5.62334224863273e-2
-1.08907046850083e-14
-8.70253437008896e-15
-6.48064034759829e-2
-1.58666921060740e-15
-2.48563064877223e-15
-5.11908257096644e-2
2.31539566519105e-14
2.10878802533199e-14
-9.10352528378251e-2
1.59331417629822e-15
-6.47065296195882e-2
-5.75385153708215e-2
9.07534510986314e-2
4.78404185202002e-2
4.21050396550938e-2
-5.70769361412162e-2
5.96659539212462e-2
-8.38097748208644e-6
3.10314498590911e-2
6.02903735396309e-2
-5.61921288713957e-15
-8.12367415663790e-2
-7.15897811192015e-2
-5.10044816830467e-2
1.41184852459488e-14
4.23041631975478e-2
3.90977676574716e-15
-4.27267638841506e-2
7.14994329329522e-2
-2.43068196071607e-5
8.04442907779836e-2
3.77992900477282e-2
5.05485179175977e-2
6.42576117602421e-2
1.16540358711860e-3
-2.53709941506239e-4
5.71586053625649e-2
-6.39441857515790e-2
5.77298600313797e-2
-2.98273799129395e-4
5.76204098001611e-2
6.34104595654182e-2
6.07171901401877e-2
5.00133838274773e-2
7.12087709596420e-2
-8.09969860192982e-2
-8.97573674148469e-2
-4.33899907869427e-2
-4.67587545099706e-2
1.57230280414456e-4
9.07111816764644e-2
6.38636601797179e-2
8.16107965793188e-2
5.76818947357009e-2
1.86558870636776e-2
4.93926523343789e-2
2.62727442720982e-2
3.53420021925324e-2
-4.94972525169479e-2
-1.87651359081039e-2
2.63053123859123e-2
3.56076698716047e-2
2.59053770623382e-2
-2.17501847587759e-3
7.51060872305484e-4
-4.40757265182329e-2
-4.62887838577127e-2
-5.69827748495309e-2
-6.32071183017978e-2
5.01170381854431e-5
-2.96208326781365e-2
-4.98441193735216e-2
3.76635613215913e-2
-4.76085746789605e-2
-6.33929004080597e-2
4.07523977766332e-2
-5.62334224863469e-2
6.48064034760041e-2
9.10352528378538e-2
6.47065296195723e-2
5.75385153708034e-2
5.11908257096718e-2
-9.07534510986661e-2
-4.78404185202357e-2
4.21050396551231e-2
5.70769361412314e-2
8.12367415664067e-2
7.15897811192201e-2
-1.16540358707847e-3
6.02903735396435e-2
-1.32968398278720e-3
5.71586053625846e-2
5.01799017523195e-2
-5.96659539212532e-2
8.38097748242608e-6
-5.05485179175846e-2
4.30111397019748e-2
2.98273799155573e-4
2.53709941547747e-4
2.43068196123980e-5
6.39441857515952e-2
-6.42576117602256e-2
-8.04442907780086e-2
-7.14994329329642e-2
-5.77298600313576e-2
5.10044816830372e-2
4.23041631975484e-2
-3.10314498590977e-2
-3.77992900477442e-2
4.27267638841528e-2
-9.99558979486867e-15
-3.80524292821215e-15
9.12191272599799e-16
3.42407498673759e-2
-2.48921746409407e-2
2.87182103924958e-15
5.25374802645808e-15
-3.37838584760152e-2
4.29243052216501e-2
5.99944793104689e-16
-9.11569321204134e-16
4.70945838997361e-15
2.52970423288302e-2
-7.15452030994508e-5
2.47496145487256e-15
5.61463766103839e-15
1.23397594159264e-2
-8.80889125067743e-3
-1.20381665728948e-2
-6.45267125694648e-5
-8.69277208569381e-3
-9.22884468801275e-3
1.61620230615841e-15
7.84403384306660e-16
5.89546881731114e-16
-1.67197374276595e-2
2.18139422375958e-15
-3.20505342416135e-15
8.99354394824036e-3
-7.43207199283910e-3
-9.21073353589287e-3
3.72786912790147e-2
1.23814741535588e-4
2.03560368480877e-2
3.74898053632019e-2
3.39957288114664e-15
-1.28214313674302e-2
-2.48476398251369e-2
-1.71520107506730e-2
-2.62288101057019e-15
2.65783150244354e-2
1.43075569638771e-15
-2.64502948404777e-2
2.42111876961819e-2
-9.95940631010150e-5
-1.28278478002433e-2
1.23000877138457e-2
1.74683046903667e-2
-1.50051635217933e-3
-9.24334493663945e-3
8.50780199542642e-3
3.51806722824781e-4
-8.51088381247194e-3
3.70266544535175e-2
1.83210992416424e-2
2.52970423288316e-2
-1.21160639405519e-2
-5.77756366077704e-3
7.15452031011996e-5
-1.23397594159213e-2
8.80889125068638e-3
4.95494285784458e-2
4.89693177123118e-2
4.28903804740165e-2
3.42407498673842e-2
-4.81959951304898e-2
-3.24975730733442e-2
2.48921746409327e-2
3.37838584760117e-2
4.29243052216391e-2
2.80037684384278e-3
-4.41382133972963e-3
-8.26392316286447e-3
6.45267125693380e-5
-2.14652346529841e-2
-1.73360249256375e-2
1.20381665728971e-2
8.69277208570142e-3
9.22884468802048e-3
-8.99354394824551e-3
1.67197374276610e-2
7.43207199284381e-3
9.21073353589237e-3
1.28214313674370e-2
2.48476398251374e-2
1.50051635218357e-3
3.74898053632024e-2
1.44283452750274e-3
9.24334493664968e-3
1.79031646222873e-2
-3.72786912790141e-2
-1.23814741536537e-4
-1.74683046903744e-2
2.59319400493228e-2
-3.51806722823513e-4
9.95940630982891e-5
1.28278478002519e-2
-2.42111876961862e-2
-8.50780199542923e-3
1.71520107506773e-2
2.65783150244319e-2
-2.03560368480831e-2
-1.23000877138461e-2
2.64502948404840e-2
-1.43276213345541e-4
6.02966527604059e-2
7.03282915581144e-2
3.65274756076184e-2
-4.07462625130409e-5
2.55925813509665e-2
3.65942832189800e-2
-1.38002608218741e-2
2.63668803732207e-2
1.75935058924145e-2
-2.69273272858054e-3
1.04169952051503e-3
4.96257788498400e-2
4.16364137011536e-2
-2.48157799290696e-3
-8.83117505969624e-4
-2.45467344355083e-2
3.44868807992556e-2
-3.34126301343224e-2
-3.31402045543259e-4
-2.62709279385735e-2
3.48964965078699e-2
-5.71808704607671e-5
3.61117876485968e-2
4.23593448363692e-2
-3.41369638877609e-2
-3.43795231561906e-2
9.81259395327976e-4
-4.24914516034614e-2
6.20463515067501e-5
-1.73507720644126e-2
1.38685483561103e-2
-2.54390596879879e-2
2.66392057097077e-2
1.25374636829509e-14
-8.99912885181630e-2
-8.87234533727849e-2
-2.48732589736110e-14
-1.22887014900514e-1
-1.18640379226960e-1
-8.90451714092897e-2
-8.69241670461680e-2
1.61852121161674e-4
1.26653047461507e-1
6.71345131563058e-2
-1.25043393277486e-1
1.17651114630683e-1
6.47196476162072e-2
-1.21859548561859e-1
6.54532723440582e-2
-1.20243813748400e-14
-7.59310945095366e-2
6.96558985654568e-2
3.56837390852018e-14
-1.18816125564193e-1
-1.13077059670878e-1
-8.00429958514371e-2
-7.59214965381495e-2
-8.56621591631483e-5
1.18191040136093e-1
5.90338378330956e-2
-1.12045350490436e-1
9.81306717685148e-2
5.15602959596539e-2
-1.06519287194212e-1
5.60427820791930e-2
2.74066961679558e-4
6.67399522843009e-2
8.88426720400996e-2
-8.77689948012979e-2
6.33532065522193e-2
8.78218077568696e-2
-8.52458736685463e-2
8.15869163081871e-4
2.07981479721506e-4
-1.78481496911706e-3
5.99745690545214e-2
7.43589328618703e-2
-7.89217730778121e-2
5.03176393310921e-2
6.86690464663790e-2
-7.45051247908301e-2
1.32591850736566e-3
-5.90196802325783e-4
6.09820945018254e-2
-8.36648595019970e-2
6.45990169193021e-2
-1.37658307883235e-4
4.36863052290480e-4
6.49333661952090e-2
-8.88633285992959e-2
6.16972895809210e-2
-8.38341625681401e-2
1.87991593282462e-5
-8.67541129648347e-2
-8.65401516031003e-2
8.26525252377988e-2
4.06774403936754e-4
8.27537354132469e-2
8.55260606792184e-2
-3.05517907543704e-5
5.57237596478134e-2
5.79489692499606e-2
7.84653454519213e-2
-7.96818418803013e-2
-7.54968343133683e-2
7.10319979205944e-4
-8.00299473261569e-2
1.08506824441216e-14
2.99040546041963e-14
-6.05283730789654e-15
8.42183410896869e-2
-6.20911760888194e-2
-1.22031442137648e-14
-1.36197509759410e-14
-8.41373635037771e-2
7.95575970100030e-2
4.22739310214858e-15
-4.80989752300248e-15
9.06548357965809e-2
-7.81925147063459e-15
1.72737151049638e-14
1.25993556631529e-1
1.27628741340956e-1
6.68850588368664e-2
-1.50776199431869e-4
-1.24843513673295e-14
-8.65034007008536e-15
-1.28503678978120e-1
1.46400602596365e-14
-9.09055443198421e-2
-1.27745578396727e-1
9.03768628748807e-2
-1.74466804897135e-6
-6.52997582387938e-2
6.63880556768428e-2
8.95114265925224e-2
-6.31549230354891e-6
6.63931074169590e-2
8.95148006470719e-2
6.63229256092659e-2
8.87501998862452e-2
-5.69511752463459e-15
-7.12960513821606e-15
-9.06578979543185e-2
-1.41770083066038e-14
-1.35909067889695e-14
-8.91099170092177e-2
1.62143117479479e-14
1.99453208568050e-14
-1.28505588050711e-1
-2.07578991088552e-15
-9.09067390431080e-2
-9.03596461571629e-2
1.27633312629523e-1
6.68885719872028e-2
6.69744621642262e-2
-8.99248101485792e-2
1.21653617160004e-1
1.11973825268430e-4
6.42385070275977e-2
1.22747242032687e-1
-3.48001127384354e-14
-1.27699614622740e-1
-1.26083830708512e-1
-8.92782126156595e-2
3.51957210465289e-14
8.64015274581065e-2
-9.90528570638331e-17
-8.68707716742563e-2
1.25320265132905e-1
-1.33987944372070e-4
1.26586421998726e-1
6.57532607582828e-2
8.89490861894267e-2
9.06448996219706e-2
1.46220725962629e-4
-1.82960976029356e-6
9.00722859181275e-2
-9.06463926448900e-2
9.01435776862675e-2
-7.08328297212604e-5
8.99912885181404e-2
9.06548357965719e-2
1.22887014900483e-1
8.90451714093044e-2
1.25993556631509e-1
-1.26653047461486e-1
-1.27628741340947e-1
-6.71345131562784e-2
-6.68850588368546e-2
1.50776199430854e-4
1.28503678978104e-1
9.09055443198474e-2
1.27745578396713e-1
9.03768628748965e-2
7.59310945095588e-2
1.18816125564226e-1
8.00429958514024e-2
8.42183410896627e-2
-1.18191040136120e-1
-5.90338378331405e-2
6.20911760888593e-2
8.41373635037997e-2
7.95575970100308e-2
-2.74066961674613e-4
1.74466805298445e-6
-6.67399522842845e-2
-6.63880556768335e-2
-8.88426720400898e-2
-8.95114265925174e-2
6.31549230386772e-6
-6.33532065522448e-2
-8.78218077568753e-2
6.52997582388142e-2
-6.63931074169712e-2
-8.95148006470723e-2
6.63229256092803e-2
-8.87501998862482e-2
9.06578979543267e-2
1.28505588050712e-1
9.09067390430809e-2
9.03596461571369e-2
8.91099170092393e-2
-1.27633312629542e-1
-6.68885719872295e-2
6.69744621642605e-2
8.99248101485919e-2
1.27699614622749e-1
1.26083830708548e-1
-1.46220725932025e-4
1.22747242032728e-1
-4.36863052241060e-4
9.00722859181331e-2
8.88633285993099e-2
-1.21653617160029e-1
-1.11973825267942e-4
-8.89490861894079e-2
8.67541129648156e-2
7.08328297656897e-5
1.82960977653760e-6
1.33987944374945e-4
9.06463926448937e-2
-9.06448996219649e-2
-1.26586421998745e-1
-1.25320265132922e-1
-9.01435776862548e-2
8.92782126156334e-2
8.64015274581298e-2
-6.42385070276359e-2
-6.57532607583189e-2
8.68707716742333e-2
-1.40962082297684e-14
-2.37838233383700e-14
9.95826005998860e-16
8.37620026852772e-2
-6.15051513873178e-2
1.72067777423975e-14
1.58048716207568e-14
-8.33813658283704e-2
8.66044709768912e-2
1.56436836004075e-15
7.06583496053077e-15
-3.18735998568780e-14
1.06981664982874e-1
5.60611076069099e-5
-5.23988809739756e-16
-2.68827502030268e-14
9.90606603146496e-2
-7.01386909308436e-2
-5.46865099756304e-2
-4.11258404913580e-5
-5.30446393793895e-2
-6.92838327491789e-2
-1.50068277058385e-14
1.06454907521352e-14
1.04222113402372e-14
-7.48341533804196e-2
-2.55828266919045e-14
-5.20940793936527e-15
7.02562923657935e-2
-5.26146004808127e-2
-7.01017398976241e-2
1.12381685542826e-1
1.66701338854855e-4
5.98167938135701e-2
1.13304857741367e-1
2.89485823814603e-14
-9.93675313316128e-2
-1.06726926250851e-1
-7.52592097273819e-2
-3.13797917078850e-14
7.98885132062927e-2
-6.93354316566106e-15
-8.01302368101048e-2
1.05736395517523e-1
-1.65140241609813e-4
-9.85840118412167e-2
5.51927252808793e-2
7.52506915148855e-2
-9.56285365203851e-4
-7.02296188003193e-2
6.97608954260843e-2
1.99454525118798e-4
-6.96558985654797e-2
1.13077059670921e-1
7.59214965381244e-2
1.06981664982907e-1
-9.81306717685541e-2
-5.15602959596995e-2
-5.60611076091601e-5
-9.90606603146806e-2
7.01386909308225e-2
8.87234533727555e-2
1.18640379226926e-1
8.69241670461815e-2
8.37620026852879e-2
-1.17651114630652e-1
-6.47196476161663e-2
6.15051513872758e-2
8.33813658283374e-2
8.66044709768599e-2
1.78481496908896e-3
-5.03176393311389e-2
-6.86690464664098e-2
4.11258404905822e-5
-5.99745690544752e-2
-7.43589328618476e-2
5.46865099755872e-2
5.30446393793489e-2
6.92838327491579e-2
-7.02562923658245e-2
7.48341533804011e-2
5.26146004807712e-2
7.01017398975952e-2
9.93675313315828e-2
1.06726926250819e-1
9.56285365146724e-4
1.13304857741322e-1
7.10319979138701e-4
7.02296188003018e-2
7.54968343133498e-2
-1.12381685542790e-1
-1.66701338846477e-4
-7.52506915149110e-2
7.96818418803327e-2
-1.99454525178479e-4
1.65140241600913e-4
9.85840118411845e-2
-1.05736395517487e-1
-6.97608954261111e-2
7.52592097274093e-2
7.98885132062736e-2
-5.98167938135250e-2
-5.51927252808372e-2
8.01302368101193e-2
-1.61852121165032e-4
1.21859548561831e-1
1.25043393277455e-1
6.54532723440195e-2
8.56621591699850e-5
1.06519287194252e-1
1.12045350490474e-1
-5.60427820792378e-2
7.89217730777877e-2
7.45051247908595e-2
-1.32591850733721e-3
5.90196802353884e-4
8.77689948012804e-2
8.52458736685554e-2
-8.15869163068058e-4
-2.07981479730802e-4
-6.09820945017846e-2
8.36648595020223e-2
-6.45990169192667e-2
-1.37658307938816e-4
-6.16972895809513e-2
8.38341625681231e-2
-1.87991593269804e-5
6.49333661951800e-2
8.65401516031191e-2
-8.26525252377780e-2
-8.27537354132606e-2
4.06774403954937e-4
-8.55260606791979e-2
3.05517907517840e-5
-5.79489692500020e-2
5.57237596478571e-2
-7.84653454519476e-2
8.00299473261373e-2
-1.20539081129438e-15
-6.96142434794280e-2
-7.59009279837431e-2
-8.73163869216138e-15
-1.13051835348134e-1
-1.18797130444597e-1
-7.59000430140640e-2
-8.00249569375230e-2
8.54797565723877e-5
9.80740086309869e-2
5.15217750028713e-2
-1.06476669668761e-1
1.18165957708593e-1
5.90118031016410e-2
-1.12011623778487e-1
5.60150118740559e-2
-8.09108332868694e-15
-8.87223844818154e-2
8.99923999303086e-2
6.74035320047390e-15
-1.18630401411758e-1
-1.22879205302054e-1
-8.69185145017518e-2
-8.90415700970806e-2
-1.61964410669142e-4
1.17647750259478e-1
6.47207171207276e-2
-1.21856990994270e-1
1.26654708681881e-1
6.71369782321558e-2
-1.25042060657674e-1
6.54540891665503e-2
-1.81050072999948e-3
5.02693989921909e-2
6.86304137221977e-2
-7.44750953336951e-2
5.99837632386737e-2
7.43596689774061e-2
-7.89209469437835e-2
-1.33911184922077e-3
-5.73338885152811e-4
2.79086165226352e-4
6.33377864890021e-2
8.78123199083787e-2
-8.52323766812962e-2
6.67445915450309e-2
8.88440212651406e-2
-8.77681749267444e-2
-8.23197138027512e-4
2.03419617089337e-4
6.16780209914445e-2
-8.38271355778082e-2
5.79217288251960e-2
1.29198175740860e-4
-7.23149073644373e-4
5.56891908824928e-2
-7.54881588232583e-2
6.09866571796344e-2
-8.36513521289116e-2
-3.07878548441874e-5
-7.96641640649019e-2
-8.00216881324975e-2
8.27359002209276e-2
-3.98421160586953e-4
8.26501571167389e-2
7.84419492726973e-2
1.89508056349639e-5
6.49361593504104e-2
6.46032527245611e-2
8.55245337966998e-2
-8.67487609296935e-2
-8.88562097706948e-2
-4.43820976932863e-4
-8.65296329666345e-2
6.49822114000267e-15
-4.12701922818592e-15
-4.37689307122808e-15
8.37549397792687e-2
-6.15062429076503e-2
-1.69599182574625e-15
-5.06376770346863e-15
-8.33790103582508e-2
8.66025071359821e-2
-5.02251608616940e-15
-5.76157578321914e-15
6.47545310585507e-2
-1.18058845178355e-14
-2.73422872189022e-15
1.06951549472024e-1
9.06815114280447e-2
4.77912766147718e-2
-5.58279834854818e-5
3.75808433427971e-15
8.51634260510868e-15
-9.09897244176517e-2
3.26399387288944e-15
-6.46730400715895e-2
-9.90216981263361e-2
7.01101138560037e-2
7.16661509939302e-4
-5.46999522555939e-2
4.75462045659166e-2
6.33430795248734e-2
4.14712802735798e-5
4.63247596496540e-2
6.32197084318943e-2
5.30687442974864e-2
6.92902742707729e-2
1.93739982552992e-15
1.87802450999329e-16
-6.34272507131914e-2
4.64922021583729e-15
4.32420272210451e-15
-7.48358508802477e-2
1.66654409998641e-15
2.77569774551566e-15
-9.07038547876683e-2
2.84117062624645e-15
-6.38603861503629e-2
-7.02485587232397e-2
8.97778434602635e-2
4.67819302794609e-2
5.26283804993669e-2
-7.01083558233703e-2
1.12380055418368e-1
1.66875804510929e-4
5.98204377657142e-2
1.13293040006828e-1
-1.29024752941187e-15
-9.93559151272701e-2
-1.06715141335654e-1
-7.52512862427896e-2
-5.41524630029564e-15
7.98871746704193e-2
7.29804116749897e-16
-8.01218187952327e-2
1.05738030371045e-1
-1.65417562998268e-4
9.85931167742397e-2
5.51994889747050e-2
7.52296068452308e-2
6.39133698387030e-2
-9.81513730932032e-4
2.19652107815678e-4
7.02209487639180e-2
-6.42507523641129e-2
6.97342686434350e-2
1.82604238008807e-4
6.96142434794260e-2
6.47545310585580e-2
1.13051835348113e-1
7.59000430140632e-2
1.06951549472024e-1
-9.80740086309896e-2
-9.06815114280533e-2
-5.15217750028752e-2
-4.77912766147864e-2
5.58279834714599e-5
9.09897244176517e-2
6.46730400715816e-2
9.90216981263197e-2
7.01101138560092e-2
8.87223844818251e-2
1.18630401411758e-1
8.69185145017447e-2
8.37549397792762e-2
-1.17647750259480e-1
-6.47207171207398e-2
6.15062429076517e-2
8.33790103582569e-2
8.66025071359947e-2
1.81050073000144e-3
-7.16661509938386e-4
-5.02693989921888e-2
-4.75462045659153e-2
-6.86304137221964e-2
-6.33430795248686e-2
-4.14712802765027e-5
-5.99837632386890e-2
-7.43596689774127e-2
5.46999522555988e-2
-4.63247596496512e-2
-6.32197084318923e-2
5.30687442974890e-2
-6.92902742707739e-2
6.34272507131898e-2
9.07038547876662e-2
6.38603861503605e-2
7.02485587232311e-2
7.48358508802412e-2
-8.97778434602583e-2
-4.67819302794600e-2
5.26283804993671e-2
7.01083558233700e-2
9.93559151272797e-2
1.06715141335649e-1
9.81513730942609e-4
1.13293040006845e-1
7.23149073663958e-4
7.02209487639297e-2
7.54881588232593e-2
-1.12380055418379e-1
-1.66875804527681e-4
-7.52296068452284e-2
7.96641640648861e-2
-1.82604238011555e-4
-2.19652107813918e-4
1.65417563009084e-4
6.42507523641188e-2
-6.39133698387055e-2
-9.85931167742452e-2
-1.05738030371046e-1
-6.97342686434296e-2
7.52512862427916e-2
7.98871746704130e-2
-5.98204377657174e-2
-5.51994889747011e-2
8.01218187952312e-2
3.09656041877187e-15
4.93155843664624e-15
1.04879148776922e-14
8.42050192111894e-2
-6.20753899322722e-2
-2.48565005689960e-15
-6.80770622504861e-16
-8.41197889390072e-2
7.95332180019606e-2
-8.00745471716246e-15
9.84485684759605e-15
-6.63158565350149e-16
1.25988636927407e-1
1.50864304835860e-4
-4.35659084016323e-15
-1.37029305806632e-14
1.27744028364903e-1
-9.03756601464987e-2
-6.52894287415752e-2
6.42701139050840e-6
-6.63144970755291e-2
-8.87437614056120e-2
-5.16943367224419e-15
7.82756055672432e-17
-2.19760708905537e-15
-8.91007485563474e-2
-1.39828340712620e-14
-5.79996419874051e-15
9.03554333873128e-2
-6.69681516350033e-2
-8.99183935298418e-2
1.21634383090419e-1
1.11848106087323e-4
6.42260732147450e-2
1.22732430322478e-1
5.82546732103519e-15
-1.27693554588549e-1
-1.26073955920964e-1
-8.92713890827132e-2
-1.72244979636768e-15
8.63877439504102e-2
4.82782491433516e-15
-8.68603088038643e-2
1.25307039926971e-1
-1.33894352873628e-4
-1.26577398974873e-1
6.57448968986408e-2
8.89457307864095e-2
1.50858437220009e-4
-9.00678927221539e-2
9.01426271515422e-2
-6.61152848616938e-5
-8.99923999303259e-2
1.22879205302066e-1
8.90415700970758e-2
1.25988636927402e-1
-1.26654708681895e-1
-6.71369782321780e-2
-1.50864304841689e-4
-1.27744028364911e-1
9.03756601464717e-2
7.59009279837508e-2
1.18797130444601e-1
8.00249569375395e-2
8.42050192111866e-2
-1.18165957708605e-1
-5.90118031016428e-2
6.20753899322836e-2
8.41197889390139e-2
7.95332180019575e-2
-2.79086165224517e-4
-6.67445915450436e-2
-8.88440212651471e-2
-6.42701139758520e-6
-6.33377864890098e-2
-8.78123199083895e-2
6.52894287415835e-2
6.63144970755270e-2
8.87437614056115e-2
-9.03554333873254e-2
8.91007485563505e-2
6.69681516349931e-2
8.99183935298331e-2
1.27693554588533e-1
1.26073955920963e-1
-1.50858437231457e-4
1.22732430322464e-1
-4.43820976940156e-4
9.00678927221467e-2
8.88562097706985e-2
-1.21634383090418e-1
-1.11848106071467e-4
-8.89457307864063e-2
8.67487609297033e-2
6.61152848686642e-5
1.33894352867035e-4
1.26577398974866e-1
-1.25307039926974e-1
-9.01426271515484e-2
8.92713890827156e-2
8.63877439504116e-2
-6.42260732147462e-2
-6.57448968986437e-2
8.68603088038759e-2
-8.54797565554180e-5
1.12011623778485e-1
1.06476669668771e-1
5.60150118740664e-2
1.61964410675858e-4
1.25042060657685e-1
1.21856990994281e-1
-6.54540891665631e-2
8.52323766813036e-2
8.77681749267489e-2
8.23197138024982e-4
-2.03419617093012e-4
7.44750953336989e-2
7.89209469437955e-2
1.33911184922040e-3
5.73338885152383e-4
-6.16780209914518e-2
8.38271355778110e-2
-5.79217288251937e-2
1.29198175743053e-4
-6.09866571796388e-2
8.36513521289151e-2
3.07878548568305e-5
5.56891908824969e-2
8.00216881325155e-2
-8.27359002209352e-2
-8.26501571167431e-2
-3.98421160590400e-4
-7.84419492726964e-2
-1.89508056403783e-5
-6.46032527245701e-2
6.49361593504162e-2
-8.55245337967085e-2
8.65296329666295e-2
3.66751946568016e-15
-7.80914162566038e-3
-1.82446722525141e-2
-1.61750766860397e-14
-3.68735011414033e-2
-4.92786982902124e-2
-1.80967975996263e-2
-2.61054682940616e-2
-3.41672857071635e-5
1.14999363106134e-2
5.16499763675374e-3
-2.51520596598833e-2
4.92634513138474e-2
1.84929543495070e-2
-3.62621206617857e-2
1.34454224504440e-2
-3.58389296158893e-15
-4.96053824023459e-2
5.76505686738119e-2
2.16162333800847e-14
-4.90196532968777e-2
-6.07387769682788e-2
-4.29186006804060e-2
-5.00273063543104e-2
-1.43425188273629e-4
4.83658190505134e-2
3.25914315503551e-2
-6.04051914963605e-2
8.10363362946332e-2
4.34289140686844e-2
-7.03954927477286e-2
3.65890607184802e-2
-3.35500334620716e-3
3.73584387525300e-3
8.00152374119095e-3
-1.73542611128609e-2
2.17218866274093e-2
1.75280495004789e-2
-2.65055041529780e-2
-2.90188597019049e-3
-7.33116857631390e-4
2.22605486933768e-3
2.94569519706056e-2
4.97594971421051e-2
-4.15258174230095e-2
4.41336902191528e-2
5.70087251009317e-2
-4.96666603698343e-2
-2.58318453547045e-3
8.13578599698481e-4
2.60547949129820e-2
-3.49100760165555e-2
1.70356876145228e-2
2.02638914389134e-4
-1.61310287127069e-3
1.34533995687265e-2
-1.79172200062474e-2
2.47305113706944e-2
-3.44279516284859e-2
-5.65920969180258e-5
-2.58707422512052e-2
-2.66443646209872e-2
3.42327885341144e-2
-8.40974620552959e-4
3.42353247486664e-2
2.52494033102077e-2
5.66017616016309e-5
3.61966744398494e-2
3.35394871338667e-2
4.25586759294930e-2
-4.30137859137328e-2
-5.01359826465811e-2
-1.42537677744017e-3
-4.23057683462207e-2
2.30695521821929e-15
1.21824564460827e-14
-6.48934810781095e-15
3.43027637811087e-2
-2.50379378259435e-2
-5.14941991228580e-15
-7.90245740888004e-15
-3.39343205808926e-2
4.30129365304690e-2
-2.07476654671794e-15
-9.89268752636316e-15
6.82822566121667e-15
2.51090956417149e-2
3.74503952023198e-5
4.51518514654606e-15
7.53462911637012e-15
-1.21239037608977e-2
8.41051332636166e-3
-1.24203142447303e-2
3.44032306120937e-5
9.18856287707231e-3
9.38754867129721e-3
-8.78560175295595e-17
-2.74880127306679e-15
-6.97693071249707e-16
-1.71014264124780e-2
3.84047512318002e-15
1.47685570459082e-15
-9.33703431039394e-3
7.85361203317970e-3
-9.79482176109623e-3
3.75302838285906e-2
1.22407656690225e-4
2.05623838081941e-2
3.75674961137415e-2
-1.75038757156709e-14
-1.29938029129013e-2
-2.49804841521429e-2
-1.73459168883555e-2
5.88036551181124e-15
2.68085015038551e-2
-2.53291777404185e-15
-2.65574250087704e-2
2.45884031780079e-2
-9.40800873296746e-5
1.33188310163050e-2
1.26287277652821e-2
1.74174643911004e-2
-1.75641332006636e-3
9.14678771311871e-3
8.54397155452300e-3
1.27937482767102e-4
7.80914162565494e-3
3.68735011413740e-2
1.80967975996304e-2
2.51090956417074e-2
-1.14999363106029e-2
-5.16499763674292e-3
-3.74503952092044e-5
1.21239037608871e-2
8.41051332636926e-3
4.96053824023506e-2
4.90196532968902e-2
4.29186006803805e-2
3.43027637810985e-2
-4.83658190505227e-2
-3.25914315503778e-2
2.50379378259606e-2
3.39343205809014e-2
4.30129365304805e-2
3.35500334620803e-3
-3.73584387524505e-3
-8.00152374118469e-3
-3.44032306163016e-5
-2.17218866274169e-2
-1.75280495004776e-2
1.24203142447343e-2
9.18856287707638e-3
-9.38754867129736e-3
9.33703431039028e-3
1.71014264124793e-2
7.85361203318353e-3
9.79482176109648e-3
1.29938029129131e-2
2.49804841521537e-2
1.75641332008033e-3
3.75674961137696e-2
1.61310287130054e-3
9.14678771312167e-3
1.79172200062495e-2
-3.75302838286018e-2
-1.22407656699979e-4
-1.74174643910961e-2
2.58707422511886e-2
-1.27937482752373e-4
9.40800873390070e-5
-1.33188310163096e-2
-2.45884031780120e-2
-8.54397155451534e-3
1.73459168883530e-2
2.68085015038598e-2
-2.05623838082096e-2
-1.26287277652882e-2
2.65574250087545e-2
-4.23334530950080e-15
-9.87113900818501e-15
1.09509543970367e-15
3.52387684699297e-2
-2.61301980452140e-2
3.46540088732282e-15
5.73016899432940e-15
-3.54195557688618e-2
2.56055259081236e-2
-6.49981574097312e-15
9.24702480385731e-15
-6.43983564391215e-15
7.12182335818868e-2
1.57596850283276e-4
-4.90239630574624e-15
-1.14351819571583e-14
8.16076016917833e-2
-5.76826069251381e-2
-3.75485299300434e-2
5.04374014879655e-5
-4.06647349220349e-2
-5.61689547594135e-2
3.01614742347246e-15
2.85038836965072e-15
5.13440535332321e-16
-5.10961997819930e-2
6.34911333306353e-16
-1.65339883685930e-15
5.74921523000730e-2
-4.20352898773448e-2
-5.70028827992607e-2
5.94897307717132e-2
-7.34353303348481e-6
3.08979822975228e-2
6.01957262923468e-2
9.83235845172792e-15
-8.11770007961546e-2
-7.15195207159234e-2
-5.09490764402772e-2
-1.10613947878644e-15
4.21619400683627e-2
2.46178267658201e-15
-4.26442889808209e-2
7.13729849053647e-2
-2.42101716611889e-5
-8.03468062587220e-2
3.77087512542405e-2
5.05489169386495e-2
1.21525772728137e-3
-5.71200603308868e-2
5.77246624248136e-2
-2.30593993902444e-4
-5.76505686738200e-2
6.07387769683079e-2
5.00273063543026e-2
7.12182335818947e-2
-8.10363362946411e-2
-4.34289140687003e-2
-1.57596850297163e-4
-8.16076016918001e-2
5.76826069251174e-2
1.82446722525075e-2
4.92786982901962e-2
2.61054682940735e-2
3.52387684699345e-2
-4.92634513138313e-2
-1.84929543494889e-2
2.61301980452028e-2
3.54195557688563e-2
2.56055259081146e-2
-2.22605486934654e-3
-4.41336902191623e-2
-5.70087251009401e-2
-5.04374014998723e-5
-2.94569519705902e-2
-4.97594971420983e-2
3.75485299300386e-2
4.06647349220245e-2
5.61689547593993e-2
-5.74921523000669e-2
5.10961997819946e-2
4.20352898773530e-2
5.70028827992615e-2
8.11770007961439e-2
7.15195207159178e-2
-1.21525772729692e-3
6.01957262923259e-2
-1.42537677747305e-3
5.71200603308705e-2
5.01359826465704e-2
-5.94897307717000e-2
7.34353304387881e-6
-5.05489169386488e-2
4.30137859137426e-2
2.30593993889047e-4
2.42101716564935e-5
8.03468062587234e-2
-7.13729849053613e-2
-5.77246624248259e-2
5.09490764402723e-2
4.21619400683584e-2
-3.08979822975138e-2
-3.77087512542387e-2
4.26442889808283e-2
3.41672857153219e-5
3.62621206617644e-2
2.51520596598695e-2
1.34454224504309e-2
1.43425188289347e-4
7.03954927477343e-2
6.04051914963777e-2
-3.65890607184902e-2
4.15258174229972e-2
4.96666603698369e-2
2.58318453548030e-3
-8.13578599691430e-4
1.73542611128519e-2
2.65055041529789e-2
2.90188597019546e-3
7.33116857627522e-4
-2.60547949129665e-2
3.49100760165591e-2
-1.70356876145048e-2
2.02638914369600e-4
-2.47305113707058e-2
3.44279516284739e-2
5.65920969220426e-5
1.34533995687133e-2
2.66443646209964e-2
-3.42327885341015e-2
-3.42353247486674e-2
-8.40974620547059e-4
-2.52494033101934e-2
-5.66017616067901e-5
-3.35394871338827e-2
3.61966744398600e-2
-4.25586759295018e-2
4.23057683461985e-2
