FiniteElementSpace
FiniteElementCollection: RT_3D_P0
VDim: 1
Ordering: 0

0
0
0.0021378392
-0.037246378
0
0.035108539
0
0
0.0028468534
-0.025132496
0.024423482
0
0.00038274847
-0.050955709
-0.000846786
0.026287251
0
-0.072755928
0
0.034662763
0
0.0022995938
-0.029631506
0
0.062440451
0
0.0033151894
-0.016420683
0.039828569
-0.0015295449
-0.033864055
0.00089385528
0.044366313
-0.056360034
0
0.062285147
0
0
0.0022282184
-0.0093276611
0.0099462961
0
0
0
0.00085909961
0.0013691188
0
0
-0.0022846589
-0.00068035264
0.0038241112
0
-0.021736949
0.012111684
0
0.0024381838
0.00079372977
0.010029572
0
0
0.011799851
-0.0079925479
0
0.016620827
0.00088862199
-0.0018854878
-0.0035655299
0.01583002
0
9.9279091e-07
-0.031598737
-0.00089588756
0.010756682
0
0
-0.0064391187
0.0041554526
0
0
-0.0079152958
0.0011221531
0.00035402399
0
-0.034128319
-0.0012651041
0.0049168395
-0.002440921
-0.0084086193
0.0023755623
0.01566513
0
0.017168106
0.0011672529
0
0.01687222
0.0035994139
-0.0029495037
-0.0095996401
0.0023419742
0.0073653001
0
0.0025596318
-0.1050338
0
0.029718241
0
-0.073107032
0.023815066
0
-0.075434754
-0.015531227
0.016593846
0
-0.14179778
0
0.021232752
-0.00043586979
-0.079849034
0
0.05364311
-0.049150501
0.041041205
-0.050436363
-0.0086400524
0.028861734
-0.10487363
0
0.037617296
0
-0.0008838693
-0.017598946
0
0.080923266
0
0.00059954938
-0.0028253528
0.041170503
-0.010110921
-0.007915779
0.0085470406
0.05102062
-0.031362188
0
0.08459543
0
-0.014528903
-0.0061003712
0
0.10155254
0
0.0013256865
0.0087711633
0.01654475
-0.015822121
0.013603821
0.028454961
0.033555122
-0.0089793259
0
0.11592935
0
0.001809402
0.015988619
-0.0071689001
0
0
0.027867301
-0.034050447
0
0.04453601
0.005660928
-0.024215124
0.02355773
0.0038109162
0
0.0042974611
0.02807379
-0.038214465
0
0
0.040603692
-0.070356678
0
0.066713775
0.0074625102
-0.057787717
0.045154734
-0.021629638
-0.010467386
0.026249719
0.015634643
0.0078058843
0
0.052206951
-0.016971074
0
0.053804692
0.013149807
-0.017697051
0.027119233
0.017769306
0.0018762875
-0.015952659
0.053906806
0.026717546
-0.011711076
0
0.080216156
-0.046426114
0
0.083452693
0.020723578
-0.041657166
0.056454052
0.031490177
-0.011437558
-0.011552016
-0.042290887
0
0.076123826
-0.013108487
0.05031654
-0.012823471
0.0094337184
0.036912305
-0.049542944
0
0.054303071
-0.034650199
-0.010940507
0
0.11273521
0.016144278
0.039843431
0.0172831
0.034507912
0.032755749
-0.0060433677
0
0.083913844
0
0.015805767
-0.067210086
-0.099652516
0.0092590541
0
-0.0032414557
-0.061356616
0.004969085
0
-0.01656425
-0.035625902
-0.0023868046
-0.0067796596
0
-0.045130903
-0.023089474
-0.0013765127
0.009177438
-0.049988842
-0.070968059
0.016164887
-0.0059888049
-0.039604598
0.0093035631
-0.017430152
-0.020877906
0.0020027472
-0.010078947
-0.032421563
-0.015926219
-0.0010148251
0
-0.0051339399
-0.02762431
-0.0046115251
0
0
-0.0056341891
-0.0074150465
0
0
-0.0016594359
0.012778619
-0.016753373
0
-0.0166914
-0.01471854
-0.0068398915
-0.0056565738
-0.0077035049
0
0.016887857
-0.014270575
0
0.015599279
0.013465721
-0.028930515
-0.00018440927
-0.024155136
0
-0.02198876
-0.006484144
0.033405253
-0.02162375
0
0
0.00067565025
-0.024323846
0
0
0
0.028574553
-0.027898902
0
0
0.045714339
-0.023623931
-0.022293202
0.0024377867
0.033484162
-0.035436906
0
0.010246331
-0.0412641
0
0
0.029631543
-0.047284115
0
0.046981863
-0.038536464
0
-0.027649112
-0.022104585
0.010810325
-0.0061875301
0
-0.016235352
-0.013634408
0
0
0.044649427
-0.01517044
0
0
0.029647682
-0.0071028398
-0.028242039
-0.015538459
0.012797307
-0.0076259029
-0.0084642984
-0.020805893
0
0.045834009
-0.022486885
0
0.03081982
-0.0076271104
-0.0099081716
-0.023764325
-0.02489089
0.025185329
-0.020488807
-0.0067362015
0.013796929
-0.027915416
0.001391902
0.017586869
-0.0078785034
-0.013302411
0.0010402547
0.0050698757
-0.029194139
-0.003020826
0.015264411
0.036092515
-0.03348464
0.019206185
0.016164345
-0.036305647
0.018476682
0.030512182
-0.0013555348
0.0010716383
0.015421527
0.016068067
-0.015861009
0.027295031
-0.012507101
0
0.050554432
-0.026881324
0
0.041522488
0.020343465
-0.040242036
0.024649143
-0.029081199
-0.023281581
0.053488693
-0.0197448
0
0.07765908
-0.044369292
0
0.062536938
0.02574156
-0.050861455
0.044293962
-0.030450556
-0.026747166
0.016015898
0.039787193
-0.039843688
0
0.024799876
-0.051288653
0
0
0.033161186
-0.055645425
0
0.051680429
-0.041039809
-0.029525591
0.026834839
0.043273079
-0.036132053
0
0.036908285
-0.055185592
0
0
0.03521452
-0.053951659
0
0.053598378
-0.032588828
-0.035296931
-0.005495595
0.019993494
-0.00012928188
0.0033935173
-0.018317246
0
0.05019535
-0.017608288
0
0.034217109
0.002855535
-0.038942686
0.001655617
0.023452855
0.01477657
0.012295295
-0.007805466
0
0.050877318
-0.0025919334
0
0.033551635
0.021836835
0
0
0.016068587
5.840345e-08
0
-0.016068645
0
0
0.032870511
-0.0068811572
-0.0099207672
0
0.024917633
-0.0083172321
-0.013629957
-0.0098516011
0
5.6528044e-08
0
-0.013629955
0
0.0099207315
0.0068812035
0
-0.03287058
0
0.021405462
1.5166345e-09
-0.021405499
0.0183577
8.5999705e-10
-0.0098515886
-0.018357711
0.0083172917
0
-0.024917632
0
0
0.054332866
-0.01970441
-0.0017579451
0
0
-0.050079418
0.0047597681
0
-0.038612957
-0.033373575
-0.0011823603
0
-0.023422734
-0.0047376179
0
0.037066548
-0.01206607
-0.0053529608
0
-0.03686612
0.0077243772
-0.028199995
-0.024489739
-0.0012849652
-0.014453378
-0.0084823497
0
0.0043466311
-0.013665191
-0.010789849
-0.003314326
0
-0.020758534
-0.0026974674
0
0
0.01138854
-0.002499392
0
0
-0.00069390527
-0.0015827455
0.0013604414
-0.0082642405
-0.0077115156
-0.0031523896
-0.01500365
-0.0017360635
0
0.012666014
0.00065076383
0
0.00058766151
0.0022313663
0
0.0078930389
1.3559254e-08
0
-0.0078929959
0
-0.0053665331
-0.0058475087
0
0
-0.0034943529
-0.0025660855
0
0
0
-0.0034943393
0.0058475531
0.0053665998
0
-0.010789857
1.2479853e-08
-0.0077114829
0
-0.0025661312
0.00058771975
0
0
-0.00069387075
0
0.0017578805
0.019704433
0
-0.054332894
0
0.0053529546
0.01206605
-0.037066624
0.0084823531
0.014453413
-0.0047376877
-0.02448974
0.023422762
0
-0.033373648
0
-0.004759782
0.050079415
0
-0.099652527
0
-0.0077244336
0.036866144
-0.070968116
0.0012850283
0.028199922
-0.0011823584
-0.015926188
0.038612959
0
-0.02308955
0
0.011194661
1.8952237e-08
-0.011194686
0
-0.017205229
0.011233377
-0.012285783
-0.0088201417
0.0036559856
-1.2588591e-09
-0.008820118
0
-0.011233452
0.017205242
-0.02489091
0
7.9734193e-09
0.015264328
-1.7590597e-08
0.0036559045
0.015421633
0.012285733
0.0010403238
-0.0048354008
4.6112522e-09
-0.0031525049
0.0048355102
-0.0062170612
0.0073533075
0
0.015081522
0.01356929
0
0.0022312509
0.015081642
-0.0073531536
0.0062169937
-0.0017362215
0.019993625
-4.3621549e-08
0.023453035
0
0.013569059
0.033551822
0
0.00065048075
0.034217214
0.0033143889
0.013665203
0
-0.0043466863
0.0082642277
-0.0013604132
0
-0.0015828344
0.012666033
0
0
0.011388497
0.0026976143
0.020758517
0
0.010810141
0.01500366
0.012797242
0
-0.0024995419
0.030819715
0
0
0.029647473
-0.14179785
-0.0092591601
0.067210175
0
-0.015805695
-0.10487378
-0.016164981
0.049988841
-0.0091773579
0.0010148356
0.032421588
-0.0013765127
0.0020027427
0.045131002
0
-0.00238689
-0.075434792
-0.0049691349
0.061356682
0
0.0032415501
-0.05043638
-0.0093037019
0.039604708
0.0059888811
0.010078888
0.020877938
-0.0067795114
0.017430136
0.035626054
0
0.016564227
-0.04954309
-0.025185416
0.023764354
0.0099082604
-0.0060434397
-0.036092587
0.0030208014
0.029194138
-0.016067984
-0.0010717167
0.0050698254
0.03051231
0.013302374
0.017586966
-0.012823464
-0.013797047
0.0067362153
0.020488854
0.017283058
-0.016164426
-0.019206259
0.033484718
0.0013555395
-0.018476795
-0.0078784463
0.036305753
-0.0013919237
0.027915546
0.00012946907
0.0054955321
-0.0076260271
0.035297025
-0.014776386
-0.001655693
0.038942866
-0.021836613
0
0.0028552478
0.050877494
0
-0.0076273409
0.050195335
0.018317308
-0.0033935498
-0.020805882
0.039787224
0.0078055765
-0.012295359
0.043273162
0.002592119
0
-0.017608424
0.053598441
0
-0.022487014
0.051680374
0.0061876237
0.022104643
0
0.027648877
0.01553843
0.028241996
0
-0.0071030148
0.045833819
0
0
0.0446491
0.01363441
0.016235441
0
0.033405079
0.0084643765
0.033484085
0
-0.015170501
0.046981684
0
0
0.04571404
-0.034128242
0.0046114467
0.027624348
0
0.0051339975
-0.009599596
0.0077033677
0.0056566403
0.0068399157
0.024154992
0.00018451656
-0.014718464
0.013465733
0.016691498
0
0.012778613
-0.007915216
0.0074149961
0.0056342175
0
0
0.016872279
0.014270446
-0.016887814
0
0.028930388
-0.015599186
-0.016753283
0
0.0016595478
0
0
0.027119257
0.012506982
-0.027295075
0.015861059
0.056454144
0.019744665
-0.053488712
0.023281602
0.030450494
-0.044293999
-0.029081097
0.025741643
-0.024649107
0.020343474
0.053804747
0.026881197
-0.050554439
0
0.083452754
0.04436921
-0.077659165
0
0.05086132
-0.062536917
-0.040241925
0
-0.041522502
0
0.039843629
-0.016015868
-0.035436847
0.026747202
0.03613203
-0.02683487
0.029525632
0.032588848
0
-0.0410398
0.035214523
0
-0.038536453
0.03316116
0.051288491
-0.024799823
-0.041263967
0
0.055185494
-0.036908288
0
0.053951568
0
-0.055645333
0
0
-0.047283997
0
0.021623665
0.0064842436
0
0.021988668
-0.0024377117
0.022293131
0
-0.023623907
0.029631426
0
0
0.028574377
0.024323759
-0.00067554397
0
0
-0.010246262
0
0
-0.027898833
0
0
0
0
-3.2049165e-08
-0.035319401
-1.8406112e-08
0.03531938
-0.023365904
-0.031422354
0.022494704
0.013138498
-0.031586896
0.018992555
0.02814201
0.0055915002
-5.8351267e-08
0.028142133
0.02336589
-0.013138572
-0.022494796
0.031422431
-8.8925179e-09
-0.0090409255
-4.5674266e-08
0.0090409064
-0.0094232619
-5.9753836e-08
0.0055914438
0.0094233324
-0.018992687
0.031587007
-0.061474956
-0.020963053
0.057560408
-0.026289553
-0.089293293
0
0.082935796
-0.058974849
0
0.066644381
0.022470052
-0.057040091
0.046756958
-0.02876395
-0.038379281
-0.0057885736
0.035763779
-0.026926402
-0.067222051
0
0.062469479
-0.06001085
0
0.050393697
0.0080070674
-0.052971377
0.028951961
-0.023368327
-0.024878789
0.02802441
0.035135753
-0.027656469
0
0.039660852
-0.053080852
0
0
0.030940104
-0.045230911
0
0.045251771
-0.018876084
-0.010797098
0.017468558
0.012583347
-0.017959315
0
0.030600477
-0.04408473
0
0
0.018035366
-0.0326658
0
0.023468454
-0.0068406148
-0.029700945
-6.0037882e-08
0.02970113
0.011691467
0.0049304301
0
0.039886353
0.014464952
0
0.039886516
-0.0049303277
-0.011691586
0.035135933
-3.010056e-08
0.01258342
0
0.014464876
0.023468499
0
0.045251925
0.06147501
0.026289502
-0.057560523
0.020963107
0.038379294
0.026926355
-0.03576382
0.0057885792
0.023368336
-0.028952034
-0.028763936
0.0080071474
-0.046757074
0.022470115
0.089293402
0.058974784
-0.082935868
0
0.067222064
0.060010832
-0.062469532
0
0.052971349
-0.050393717
-0.057040017
0
-0.06664445
0
-3.7764376e-08
0.017734173
-2.977832e-08
-0.017734152
-0.029543933
0
0.027493858
-0.040226603
0
0.022296223
-0.013616639
-0.034157102
-4.0931024e-08
-0.01361662
0.029543897
0.040226616
-0.027493833
0
-2.9770252e-08
0
4.2553041e-08
0
0
5.3379445e-08
-0.034157113
0
-0.022296217
0
0.0089283323
5.7645713e-09
-0.017959346
-0.0089283481
0
0.013967469
-0.026827643
0
0
-0.00085061179
-0.01784772
0
-0.0068406063
-0.00085061451
0.026827619
-0.013967475
-0.044084709
0
0
2.9344734e-08
0
0
0
-0.01784769
0
0
-0.03266578
0
0.027656495
-0.028024495
0.02487889
-0.017468611
0.010797146
0
-0.018876105
0.018035387
0
0.030940172
0.053080768
-0.039660834
0
-0.030600513
0
0
-0.045230906
0
0
0
0
-0.01036272
6.908795e-08
0.10155262
0.010362577
0
0.013690894
0.010863771
-0.018372635
-0.0081997493
0.017828536
0.03010365
0.0046864562
7.1012232e-08
0.11592946
0.030103531
0
0.018372576
-0.010863703
0.016544719
-0.013691016
0
0.041857068
2.7251011e-08
-0.041857155
0.019451683
6.8685304e-08
0.0046865317
-0.0194518
-0.01782842
0.033555184
0.008199596
0
0.014011075
0.029588902
-0.068123547
0
0
0.042722632
-0.099068235
0
0.070621992
0.00038222884
-0.086069306
0.048482125
-0.048340381
0
0.031105144
0.018377443
-0.075749066
0
0
0.032190459
-0.10015355
0
0.053049607
-0.017073224
-0.089855231
0.030205261
-0.05778974
-0.011383564
0.058702214
0.023016089
-0.033563689
0
0.085543755
-0.072731441
0
0.017922491
-0.063329195
0.030140453
-0.026428262
0.0057425892
0.036657964
-0.0030269381
-0.042732044
0
0.064333122
-0.078272367
0
0.0017618573
-0.067979981
0.0060851974
-0.032472919
-0.040618947
8.3116844e-08
0.11273534
0.040618802
0.021811446
0.018257663
0.04107771
0.020264034
0.083913964
0.04107764
-0.018257777
-0.021811377
0.039843537
0.023015999
4.2728888e-08
-0.003027026
0.020264161
0.0060851045
0.032755908
0.030140407
0
0.068123642
-0.02958889
-0.038214592
-0.014011175
0
0.07574911
-0.018377408
-0.031105215
0.057789736
-0.030205212
-0.04834044
-0.017073292
-0.048482141
-0.02162974
0.00038214662
0
0.099068452
-0.042722667
-0.07035696
0
0
0.10015365
-0.032190408
0
0.089855344
-0.053049603
-0.086069441
0
-0.070622008
-0.057787953
0
0
0.050384118
2.9766154e-08
-0.050384104
0
0
0.014295702
-0.064065134
0
0.023349502
-0.039902111
-0.059006919
7.2154315e-08
-0.039902157
0
0.064065163
-0.014295621
0
0
0
2.8858542e-08
0
0
6.3025809e-08
-0.059006953
0
-0.023349388
0
0.030439232
3.5777841e-08
-0.042731979
-0.03043926
0
0.028269089
-0.052752723
0
-0.022989198
-0.046265627
-0.032472829
-0.022989289
0.052752709
-0.028268955
-0.078272402
0
0
4.9105827e-08
0
0
-0.046265608
0
-0.067979955
0
0.033563675
-0.05870226
-0.011711055
0.011383497
-0.036657903
-0.0057426388
-0.026428174
0.0017618399
-0.011437505
0.017922489
0.072731517
-0.085543828
-0.046426201
0
-0.064333126
0
-0.063329178
0
-0.041657115
0
0
0
-0.03510863
0.037246454
0
-0.0021378238
0
0
-0.062440574
0.029631652
-0.0022997077
0
-0.062285302
0.056360176
0.034662908
0.00089386868
0
0.072756072
0
-0.00084671035
0
-0.024423457
0.025132483
0
-0.0028468499
0
-0.039828584
0.016420666
-0.0033152468
-0.044366382
0.033864075
0.026287258
0.0015295831
0.050955641
0
-0.00038261041
0
0
-0.080923377
0.017599045
0.00088375749
0
0
0.0061004841
0.014528754
0
0.0089795032
0.084595611
0.028454832
0
0.031362342
0.0085470124
0
-0.041170493
0.0028254064
-0.00059973926
0
-0.0087711293
-0.0013258908
-0.01360375
0.051020625
0.015822012
0.0079158164
0.010110846
0
-0.076124009
0.042291034
0.053643307
0.01155201
0
0.010940648
0.034650185
0
0.054303272
0.0345079
0
0.037617445
0.0094337709
-0.050316678
0.013108509
0.041041305
0.015634691
-0.016144235
0.026717529
0.036912404
0.031490226
0.028861883
0.017769336
0
-0.029718371
0.1050339
0
-0.0025594611
0
0.07984919
0.00043592284
0
0.021232844
-0.0086399867
0
0
-0.015531098
-0.023815126
0.073107018
0
-0.00089571207
0.049150522
0.0023756554
0.016593918
0.0023421204
0
-0.0012649549
0
-0.0099461893
0.009327532
0
-0.0022281925
0
-0.010029376
-0.00079381563
-0.0024382444
-0.015829876
0.0035654052
0.012111584
0.0008886535
0.021736756
0
-0.00068025029
0
-0.0013689092
-0.00085928328
0
0
0
0.0079928808
-0.011800034
0
0.0018857452
-0.016621053
0.0038239269
0
0.0022843933
0
0
0
0.0071691104
-0.015988696
-0.0018095302
0
-0.028073794
-0.0042975792
-0.045154784
0.0038108253
0.0074624372
-0.023557805
0.0056609047
0
0.034050767
-0.027867417
0
0
-0.040603772
0
-0.066713893
-0.024215395
0
-0.044536162
0
-0.0078058739
-0.026249786
0.015665141
0.010467405
-0.053906803
0.015952619
0.0018764322
0.020723631
0.0073653486
0.013149891
0.016971193
-0.052207052
0.0011671019
0
-0.080216282
0
-0.017697013
0
-0.0029494269
0
-0.010756671
0.031598581
0
-8.6563409e-07
0.0084085201
0.0024410107
0.0049169012
0.0035994919
0
0.0011222844
-0.00415535
0.0064388777
0
0
-0.01716829
0
0.000354054
0
0
0
