FiniteElementSpace
FiniteElementCollection: H1_2D_P1
VDim: 1
Ordering: 0

1.4878478e-08
6.4313002e-09
1.2397335e-09
2.1465335e-08
-0.77131988
-8.8724371e-09
-0.24411665
-0.85038396
-0.074130592
-0.47943157
-0.52175733
-0.95928756
8.7746521e-10
-0.098484388
4.5899749e-09
-2.7746632e-08
-0.17267254
-6.0534323e-11
-0.60314291
-2.9301754e-09
-0.47139722
-0.26423651
-0.92046771
-0.0072175969
-0.066951948
-0.34139853
-0.60317884
-0.043669823
-0.39181412
-0.27956091
0.10377209
-0.15480721
-0.19273379
-0.35012199
-0.41552541
-0.62479631
-0.69380256
-0.75430937
-0.76269595
-0.89872015
-0.99023773
-0.94362671
-0.99651782
0.1015215
-0.026124711
1.193693e-08
-0.0052229133
3.5224575e-09
-0.046865547
-0.07242479
-0.16179077
-0.093137676
-0.1138411
-0.23248609
2.9503168e-08
-0.029303507
1.1050129e-08
1.0710687e-08
-0.032018054
1.9595964e-08
-0.08697916
-0.45134148
-0.46063248
-0.74137398
-0.24707786
5.6475853e-09
-0.17646676
-3.2877912e-08
-0.36432752
-0.6187129
-0.82650782
1.6839595e-08
-0.31439595
-1.9083397e-10
-0.23264245
-0.55439242
-0.68588414
-0.1575191
0.047018767
-0.29162033
-0.55488711
-0.54871402
-0.87733035
-1.0158618
-0.89182922
0.12151023
0.052213781
-0.036120134
-0.12120876
-0.15481204
-0.042643443
-0.013080676
-0.056324702
-0.59209771
-0.33058688
-0.12591447
-0.24720544
-0.81105311
-0.33602128
-0.28114333
-0.78439658
-0.098560235
-0.16101137
-0.32664657
-0.28177271
-0.21855706
-0.4576164
-0.40752646
0.080099703
0.0083903377
-0.1104621
-0.060693288
0.0053632333
-0.20644658
-0.23247835
-0.35087728
-0.34996718
-0.1416326
-0.23873298
-0.22683788
-0.29404106
-0.33096958
-0.41213801
-0.4590243
-0.4838946
-0.62558651
-0.61831495
-0.48414008
-0.55086379
-0.60238941
-0.69911762
-0.74547508
-0.6445211
-0.66023548
-0.4188889
-0.84738234
-0.85137229
-0.66464909
-0.79301736
-0.82758858
-0.84250391
-0.90147875
-0.93811896
-0.98770632
-0.94386393
-0.96740552
-1.0146352
-1.0174872
-0.97086264
-0.96127472
-0.9911715
-0.95406394
-0.83937412
0.11589389
0.041619128
-0.01357274
0.041662329
0.11759044
-0.046083163
0.023625105
9.37918e-09
-0.0043697021
0.019557386
0.07964867
-0.0052420021
-0.023508418
-0.053496266
-0.045075631
-7.3243865e-09
-0.018730338
4.6667081e-09
-0.023165686
-0.043699487
-0.071696349
-0.089938209
-0.080594407
-0.15368509
-0.094510611
-0.12818849
-0.14806012
-0.20019146
-0.16352636
-0.19134227
-0.24547312
-0.099132389
-0.12228848
-0.081908099
-0.089102907
-0.137537
-0.14155166
-0.20733195
-0.046276387
-0.066758239
1.1746103e-08
-0.020440683
-2.1313213e-08
-0.013566826
-0.036724572
-0.047083014
-0.021166604
-0.021892546
-0.049815735
1.1735686e-08
-0.0056926707
-6.3596873e-09
-2.7739782e-08
-0.0057848518
2.3132175e-08
-0.014986383
-0.086004134
-0.070758507
-0.13150536
-0.043464368
2.2332266e-08
-0.026997675
1.6722506e-08
-0.042192666
-0.62134022
-0.66680554
-0.77010304
-0.47661004
-0.51968844
-0.40535631
-0.39766698
-0.53796793
-0.52976536
-0.68542001
-0.34954755
-0.38813893
-0.27876961
-0.20767781
-0.29543263
-0.29143649
-0.1891953
-0.14942071
-0.26338766
-0.1052525
-3.4770433e-08
-0.061501
-7.4754832e-09
-0.086645084
-0.36255972
-0.29873928
-0.49579693
-0.20826606
2.4423891e-08
-0.12255087
1.2144801e-08
-0.20808292
-0.78265821
-0.86850814
-0.61493902
-0.72727454
-0.61485722
-0.72495316
-0.82584322
-0.90521808
-0.34877943
-0.48743578
6.0908197e-09
-0.17054362
-1.4273923e-08
-0.15753425
-0.32593986
-0.46477748
-0.29968351
-0.42107522
-0.58315461
2.7702871e-08
-0.13922836
1.0981546e-09
-0.1136096
-0.25869695
-0.35320852
-0.51695727
-0.8127152
-0.87415001
-0.67676665
-0.58344309
-0.74186002
-0.77569479
-0.9064351
-0.21971768
-0.34511221
-0.021803406
-0.10749054
-0.28837459
-0.1833547
-0.2756637
-0.39237069
-0.55220305
-0.41576171
-0.52961876
-0.67516926
-0.5395853
-0.7653846
-0.73002871
-0.83106879
-0.95432419
-0.90766161
-1.0045539
-1.0002545
-0.91508736
0.045348492
0.029521106
0.0075320098
0.032136248
-0.033512429
-0.012965488
-0.022019312
-0.065954782
-0.1074791
-0.060207689
-0.11690336
-0.18444784
-0.20195862
-0.12950561
-0.10820865
-0.17040119
-0.071626846
-0.022516589
-0.017325382
-0.058191568
-0.03460274
-0.0095601217
-0.0023521183
-0.010029825
-0.10743358
-0.066887225
-0.020632326
-0.034151066
-0.69640365
-0.54741199
-0.46901803
-0.61086255
-0.41036124
-0.29457692
-0.24884837
-0.34750243
-0.22385368
-0.15860608
-0.051252678
-0.073174208
-0.42514347
-0.30901169
-0.10259944
-0.15063509
-0.82641522
-0.71179118
-0.73173347
-0.89508985
-0.49352208
-0.1795302
-0.16425731
-0.47814001
-0.44597604
-0.14930899
-0.12726991
-0.39001484
-0.89830364
-0.70667146
-0.63546216
-0.83301876
