FiniteElementSpace
FiniteElementCollection: H1_2D_P1
VDim: 1
Ordering: 0

7.2698707e-07
7.5629593e-09
-2.00671e-08
-6.2133537e-08
0.022382372
-2.071433e-08
6.7567018e-08
-0.91529082
-0.48396529
0.015139975
-0.3747492
-0.72269292
-0.61914396
0.017502743
6.7240985e-08
-0.23694229
-6.1659266e-08
6.8473741e-08
-0.30062966
1.0645165e-07
-0.71572271
-0.52384985
-0.20212377
-0.13273266
-0.48901048
0.0081122097
-0.28223506
-0.5811107
-0.33173836
0.020132601
-0.20373541
-0.45343316
-0.47055189
-0.60566666
-0.67725517
-0.82919842
-0.82330378
-0.77893896
-0.21313695
-0.97868973
0.33675267
0.31549256
0.24794552
0.021513806
-0.1146712
-0.29077066
0.01057265
4.39733e-08
-0.10659607
7.2926035e-08
-0.11545593
-0.24174147
-0.36048541
-0.19628262
-0.21405557
-0.42117483
4.8253178e-08
-0.059619536
-2.1410122e-08
-9.7304198e-09
-0.061949872
-4.9234667e-09
-0.14989152
-0.65581071
-0.59726913
-0.87975501
-0.39167591
3.4834399e-08
-0.25360428
-7.6647453e-08
-0.43233153
-0.68354041
-3.0839012e-08
0.14599283
-2.3481186e-08
-0.31227858
-0.24506278
-0.57814014
-0.76178822
-0.5257694
-0.93775845
0.33277139
0.28662248
-0.16016214
-0.064763436
-0.12207456
-0.35797246
-0.3069176
-0.092229879
-0.025932115
-0.10397472
-0.7727812
-0.53771842
-0.19915988
-0.32180823
-0.89227401
-0.3702791
0.20087995
0.0816882
0.0041267372
-0.15591723
-0.32354595
-0.16874306
0.01182532
-0.13810534
-0.29836098
-0.41229367
-0.55448857
-0.45564557
-0.60292601
-0.48359046
0.017941954
-0.1174582
-0.26433498
0.021632184
-0.095849296
-0.22476878
-0.297674
-0.41488842
-0.35830683
-0.48994174
-0.52743198
-0.62907536
-0.6131517
-0.43281616
-0.52512919
-0.48747891
-0.54517139
-0.60431259
-0.66504012
-0.71412287
-0.68435413
-0.79600937
-0.73372548
-0.72182842
-0.7777838
-0.81067351
-0.8755607
-0.88462178
-0.43287499
-0.37437584
-0.10841471
-0.7049273
-0.66218786
-0.887383
-0.87192179
-0.95381235
-0.9738986
0.17129452
0.33651348
0.17441429
0.32569535
0.17008641
0.30239103
0.158623
0.26840803
0.14058448
0.022347218
-0.074485543
-0.1821645
0.019890246
-0.053613666
-0.13771874
-0.16437477
-0.24709644
-0.232891
-0.33332261
0.014387743
-0.031861191
-0.090623134
0.0060385531
5.1418394e-08
-0.035315837
6.0145574e-08
-0.054902983
-0.089267242
-0.15547405
-0.11737045
-0.18232234
-0.22782196
4.3403697e-08
-0.061170957
1.0620093e-08
-0.056619539
-0.12122848
-0.17575276
-0.24447585
-0.33262456
-0.41476101
-0.30029066
-0.29861634
-0.36699301
-0.42233236
-0.33982719
-0.363706
-0.46120518
-0.2203721
-0.25100909
-0.16642746
-0.17260393
-0.26409929
-0.25678717
-0.36655787
-0.10550256
-0.14316546
-7.6435155e-08
-0.044208623
-3.3072874e-08
-0.027693693
-0.076594097
-0.094877858
-0.04237028
-0.042993457
-0.097223822
2.3724588e-08
-0.011337278
-6.348052e-08
6.2705933e-08
-0.011416372
1.5075429e-07
-0.028912357
-0.15968724
-0.12651938
-0.22709614
-0.082380094
-3.6558531e-08
-0.049837598
-6.4250503e-08
-0.072953153
-0.81652301
-0.82839373
-0.91384658
-0.7029218
-0.71479985
-0.58343424
-0.54149274
-0.69904654
-0.65594296
-0.81335711
-0.58290454
-0.59664476
-0.47920331
-0.34555126
-0.47277667
-0.4393164
-0.29881561
-0.22546225
-0.37708577
-0.17406931
-4.39259e-08
-0.097887924
-5.4127357e-08
-0.12553392
-0.47024988
-0.37053569
-0.58834024
-0.28484813
-1.0321205e-07
-0.16080449
-6.451448e-08
-0.24692311
-0.89161919
-0.95141243
-0.70242595
-0.80235898
-0.39784493
-0.53840021
3.5919662e-08
-0.18699638
0.22539794
0.11654739
0.17443477
0.08683211
0.1152893
0.05065189
0.04382125
-3.4253198e-08
-0.16308083
-0.14749984
-0.43558943
-0.47184677
-0.12800709
-0.10667969
-0.32862382
-0.38635214
-0.57170473
-0.48097232
-0.54650691
-0.66040876
-0.71225907
-0.65099749
-0.76457426
-0.85115205
-0.27457212
-0.57797832
-0.80930559
-0.93623263
0.1737836
0.17317127
0.16521438
0.15038752
-0.085094987
-0.064021072
-0.19917756
-0.26571826
-0.043046438
-0.019032439
-0.046963025
-0.12801952
-0.17341371
-0.059542504
-0.060083031
-0.18282798
-0.38330319
-0.28082705
-0.30591865
-0.42756553
-0.40038652
-0.27973156
-0.21452538
-0.3148386
-0.16212514
-0.051177779
-0.036205768
-0.12025223
-0.068599557
-0.019216606
-0.0046630094
-0.019619801
-0.19286368
-0.12771713
-0.039044792
-0.061165516
-0.86805382
-0.76100475
-0.64075101
-0.75722619
-0.64332145
-0.52210845
-0.4191892
-0.52746273
-0.33681633
-0.26236567
-0.085178621
-0.11122961
-0.52641068
-0.42088748
-0.14150799
-0.18801099
-0.93900636
-0.81230712
-0.56372799
-0.20378049
0.129285
0.10240329
0.069705457
0.028613778
