FiniteElementSpace
FiniteElementCollection: H1_2D_P1
VDim: 1
Ordering: 0

-0.9600609
8.7054649e-09
3.0132568e-09
-1.0026019e-08
-0.70184391
9.1796487e-09
4.7767976e-09
-0.70184299
-0.40209192
-0.89188472
-0.58323309
-0.58323271
-0.89188429
-0.41163222
4.4690116e-09
-0.19275495
-8.017669e-09
1.1766509e-08
-0.19275478
1.7023018e-08
-0.41163135
-0.79001958
-0.30281631
-0.084595053
-0.30281595
-0.94210067
-0.8557755
-0.85577527
-0.94210045
-0.8108465
-0.65257265
-0.69791784
-0.49838451
-0.49838434
-0.69791764
-0.65257205
-0.81084582
-0.85577477
-0.94210017
-0.65257166
-0.94210044
-0.85577544
-0.65257259
-0.56797367
-0.35759112
-0.44999614
-0.23205128
-5.0060012e-09
-0.14878223
6.7429952e-09
-0.090971146
-0.24818013
-0.29852963
-0.13744226
-0.1374422
-0.29852949
-2.2620868e-11
-0.037476501
-1.3578298e-08
6.833964e-09
-0.037476492
-1.3138651e-08
-0.090971037
-0.44999572
-0.35759053
-0.56797274
-0.24817989
-1.0943123e-08
-0.14878203
-4.8764418e-09
-0.23205065
-0.35759045
-1.3899194e-10
-0.35759103
-4.1110651e-09
-0.91493144
-0.76725274
-0.60688755
-0.7672523
-0.91493086
-0.76725185
-0.9149314
-0.76725268
-0.51506826
-0.18200364
-0.11951733
-0.37695823
-0.21744175
-0.063224088
-0.015545426
-0.06322404
-0.5150676
-0.37695796
-0.11951722
-0.1820033
-0.51506736
-0.18200335
-0.51506814
-0.1820036
-0.95500566
-0.93264646
-0.93264636
-0.95500555
-0.92099486
-0.87771353
-0.88920578
-0.82641207
-0.82641196
-0.88920567
-0.87771322
-0.92099453
-0.85505376
-0.79250614
-0.8149935
-0.75964416
-0.68002109
-0.71297054
-0.62011271
-0.64315264
-0.73555625
-0.74703388
-0.65485387
-0.65485378
-0.74703378
-0.54248593
-0.55454907
-0.45142066
-0.45142057
-0.55454897
-0.54248566
-0.64315234
-0.81499317
-0.79250558
-0.85505322
-0.73555595
-0.62011222
-0.71297003
-0.68002035
-0.75964335
-0.93264602
-0.9326459
-0.95500538
-0.87771295
-0.88920512
-0.79250534
-0.8149927
-0.68002013
-0.7129696
-0.95500554
-0.93264633
-0.93264645
-0.88920573
-0.87771351
-0.81499345
-0.79250612
-0.71297049
-0.68002106
-0.6378358
-0.54340093
-0.58647581
-0.49253205
-0.38503622
-0.43868669
-0.33010746
-0.37780659
-0.48373311
-0.51866896
-0.32509526
-0.20442584
-0.27196428
-0.13014989
1.3624192e-08
-0.090003613
6.4779867e-09
-0.072846898
-0.16440248
-0.22601346
-0.1339866
-0.18328734
-0.27557638
3.5276698e-09
-0.05804316
9.3004267e-09
-0.043710276
-0.10518708
-0.14094133
-0.22055221
-0.4142961
-0.43897404
-0.31307244
-0.2455556
-0.33826725
-0.3509309
-0.25810958
-0.25810952
-0.3509308
-0.16496372
-0.17703064
-0.1105235
-0.11052347
-0.17703061
-0.16496361
-0.24555542
-0.07693964
-0.099291036
-5.0483521e-09
-0.029905209
3.346212e-09
-0.017264724
-0.049999693
-0.060089172
-0.025897569
-0.025897564
-0.060089152
9.4151116e-09
-0.006763717
-4.4364468e-09
2.7166438e-09
-0.0067637137
1.8856416e-08
-0.017264719
-0.099290968
-0.076939557
-0.14094118
-0.049999665
-7.1997698e-09
-0.029905186
-8.7170092e-09
-0.043710209
-0.58647517
-0.54340015
-0.63783487
-0.51866855
-0.48373259
-0.37780618
-0.33010699
-0.43868605
-0.3850355
-0.49253114
-0.4389738
-0.41429577
-0.33826703
-0.220552
-0.31307217
-0.27557608
-0.18328716
-0.13398645
-0.22601317
-0.10518698
4.2765598e-09
-0.058043119
-1.0568079e-08
-0.072846799
-0.27196378
-0.20442537
-0.32509448
-0.16440221
-1.8863416e-08
-0.090003446
-1.5275244e-08
-0.13014947
-0.54340002
-0.58647485
-0.38503546
-0.43868588
-0.20442542
-0.27196378
1.4539908e-08
-0.090003494
-0.58647571
-0.54340087
-0.43868657
-0.38503616
-0.27196422
-0.2044258
-0.090003599
-7.6435653e-09
-0.94803245
-0.909128
-0.86151764
-0.9091278
-0.83871812
-0.73947214
-0.68068041
-0.78428269
-0.70372517
-0.60093145
-0.50453256
-0.60093125
-0.83871768
-0.78428247
-0.68068002
-0.73947147
-0.94803212
-0.90912749
-0.83871743
-0.73947124
-0.94803243
-0.90912799
-0.83871809
-0.7394721
-0.61454629
-0.46685687
-0.40883365
-0.55431187
-0.29778068
-0.10255666
-0.080820088
-0.24820402
-0.20453111
-0.065347995
-0.050834037
-0.16209328
-0.4800726
-0.34584957
-0.27958205
-0.39578711
-0.30486466
-0.21125661
-0.14329444
-0.21125652
-0.11994278
-0.03671066
-0.023386241
-0.079239633
-0.042180972
-0.011671219
-0.002752383
-0.011671216
-0.11994267
-0.079239585
-0.023386219
-0.036710614
-0.61454551
-0.55431135
-0.40883315
-0.4668561
-0.48007228
-0.39578695
-0.27958183
-0.34584924
-0.20453087
-0.16209311
-0.050833995
-0.065347934
-0.29778005
-0.24820363
-0.080819965
-0.10255643
-0.61454533
-0.466856
-0.29778005
-0.10255649
-0.61454623
-0.4668568
-0.29778062
-0.10255665
