FiniteElementSpace
FiniteElementCollection: H1_2D_P1
VDim: 1
Ordering: 0

-1.3666215e-05
2.1732532e-07
1.4940019e-07
-1.1249153e-07
-0.60786986
2.2149958e-07
1.8495666e-07
0.48574138
-0.37481144
-0.23118716
-0.56501207
-0.029389819
0.18472534
-0.60954817
1.6160089e-07
-0.31150049
-1.858688e-07
-4.9757876e-08
-0.18285038
1.5183011e-07
0.48708969
-0.20136946
-0.48044474
-0.14186347
0.029739172
-0.064862836
-0.2523831
0.023457367
0.051811292
-0.43675576
-0.61738181
-0.41992999
-0.47631957
-0.24738338
-0.11391042
0.2351187
0.34899928
0.37204281
-0.01901241
0.74022316
0.053100333
-0.24258244
-0.60318178
-0.6790881
-0.55456266
-0.5897932
-0.38965055
-2.6870052e-07
-0.2628544
1.1248757e-07
-0.1644962
-0.39791932
-0.39298156
-0.22511985
-0.18755828
-0.27554176
-8.2657569e-08
-0.070168236
-2.4369085e-07
2.6236835e-07
-0.064958332
-2.2353062e-07
-0.09279762
0.022053076
0.2364528
0.54265628
-0.11196099
-2.5376546e-07
0.0092706372
-1.8613029e-07
0.31137012
0.64076609
1.1496681e-07
-0.54319392
8.3112294e-08
-0.05824265
-0.46293763
-0.33777437
0.13759159
0.14668822
0.5920464
-0.052481057
-0.45016078
-0.65761143
-0.31518597
-0.21378152
-0.49643583
-0.28872186
-0.11600169
-0.029799243
-0.090520353
0.27508618
-0.17026033
-0.061542135
0.12590891
0.76490095
0.37228676
-0.64383997
-0.30825793
-0.016824418
-0.07296109
0.010792618
0.013421579
-0.13873268
-0.25254084
-0.14868143
-0.23391054
-0.08520661
-0.024434625
0.11596487
0.11084272
-0.33363678
-0.46001739
-0.36026492
-0.53112511
-0.62178658
-0.5513479
-0.59738843
-0.50523887
-0.44836222
-0.31592191
-0.38169995
-0.23333356
-0.15966049
-0.52359451
-0.42048906
-0.42598108
-0.32424546
-0.29194438
-0.14747218
-0.069045332
0.079559804
0.25244562
0.26659482
0.012586935
0.10058875
0.19133912
0.36621061
0.42441203
0.10368812
0.052849015
-0.0049396085
0.28384342
0.25573244
0.47767125
0.48703752
0.62177417
0.67885788
0.013755621
0.014329606
-0.070349587
-0.14080451
-0.24782106
-0.34880848
-0.45368528
-0.53764218
-0.61460202
-0.65923875
-0.67554086
-0.65439141
-0.6632224
-0.58567702
-0.62443782
-0.51893412
-0.5512451
-0.62810213
-0.59418154
-0.51795607
-0.34912647
-0.45000756
-0.22569418
1.9266272e-07
-0.16028656
2.0435475e-07
-0.13224262
-0.28792607
-0.38194442
-0.23832491
-0.31339418
-0.43993261
-1.7750706e-08
-0.1067007
2.0342986e-07
-0.081283282
-0.18913601
-0.24334924
-0.3549335
-0.54519457
-0.50201402
-0.46065915
-0.36304516
-0.44524989
-0.39760777
-0.34060048
-0.29313528
-0.32437826
-0.26809475
-0.26485482
-0.18292644
-0.16963328
-0.23766647
-0.19274157
-0.22848898
-0.14004564
-0.17388672
-6.7997196e-08
-0.056448137
1.0345326e-07
-0.033228927
-0.092610499
-0.107543
-0.049058621
-0.047649699
-0.10235025
1.0004851e-07
-0.013291531
7.5624349e-08
-1.415714e-07
-0.013109918
2.5685379e-07
-0.030484127
-0.13845934
-0.095312984
-0.13789617
-0.079850262
-1.5763789e-07
-0.044125131
-2.3636984e-07
-0.046904887
0.26418671
0.41058571
0.52679248
0.0016850261
0.14344012
0.03106527
0.12576958
0.26590326
0.35858679
0.52997961
-0.20639931
-0.083832562
-0.23459627
-0.15623078
-0.13910418
-0.049830685
-0.086930794
-0.031345833
0.02093607
-0.081824978
5.8178116e-08
-0.033255447
-1.2610294e-07
0.00043964645
0.18845615
0.2088416
0.41389897
0.061076353
-2.1927175e-07
0.058553134
-2.9409787e-07
0.18035231
0.66337917
0.77028542
0.57263265
0.72182921
0.34605019
0.52322546
3.3875496e-07
0.19456162
-0.64016322
-0.66843364
-0.61161832
-0.57965821
-0.44059386
-0.34526826
-0.15646211
-5.3110558e-09
-0.014895628
-0.15475398
-0.1239614
0.056214671
-0.35743459
-0.55098862
-0.53496308
-0.34512095
-0.27712754
-0.46586777
-0.37238661
-0.18887599
0.1836665
-0.037792989
0.060376138
0.31542498
0.037481932
0.18811509
0.38307787
0.5596596
-0.013423081
-0.15104582
-0.35182804
-0.54412238
-0.66514508
-0.6494925
-0.59088802
-0.62973203
-0.48479185
-0.18029988
-0.14547955
-0.41570817
-0.34792332
-0.11943563
-0.093968244
-0.27845157
-0.55070913
-0.50736431
-0.41225038
-0.45038295
-0.34494793
-0.31374467
-0.21672706
-0.24243058
-0.20839115
-0.068737799
-0.044553866
-0.14015172
-0.076508304
-0.022702654
-0.0054560503
-0.021785049
-0.14378961
-0.12386636
-0.038241493
-0.047268178
0.39932807
0.12919356
0.14211582
0.39733208
-0.11191524
-0.27797324
-0.19424242
-0.063515341
-0.040283477
-0.11927954
-0.042399559
-0.01909208
0.29502312
0.096986257
0.02587646
0.10262127
0.65788942
0.63533758
0.47571187
0.18371228
-0.65787634
-0.64280038
-0.47971079
-0.17801953
