6.76187794e-6
0.00000000e0
0.00000000e0
0.00000000e0
0.00000000e0
0.00000000e0
0.00000000e0
0.00000000e0
0.00000000e0
0.00000000e0
0.00000000e0
6.12936193e-1
0.00000000e0
0.00000000e0
-4.89816878e-1
0.00000000e0
0.00000000e0
1.79598208e-1
0.00000000e0
0.00000000e0
1.99225895e-1
0.00000000e0
0.00000000e0
-5.01947156e-1
0.00000000e0
0.00000000e0
3.82462799e-1
-9.63632009e-1
1.17671500e0
-9.40343386e-1
3.44781285e-1
2.33919239e-1
5.71668327e-1
3.40838120e-2
-1.86926918e-1
-9.26279207e-1
-5.99944516e-1
6.85469483e-2
9.27075939e-1
9.36644039e-1
7.60376273e-2
-5.73759958e-1
-9.15577033e-1
-1.91556148e-1
1.28674253e-3
5.44784680e-1
6.12175411e-1
0.00000000e0
3.16586445e-1
0.00000000e0
0.00000000e0
1.88153770e-1
0.00000000e0
-4.89209381e-1
0.00000000e0
-6.74838913e-1
0.00000000e0
0.00000000e0
-5.96875749e-1
0.00000000e0
1.79372715e-1
0.00000000e0
7.75316688e-1
0.00000000e0
0.00000000e0
7.77602534e-1
0.00000000e0
1.98975762e-1
0.00000000e0
-5.79659578e-1
0.00000000e0
0.00000000e0
-6.61322169e-1
0.00000000e0
-5.01324699e-1
0.00000000e0
1.62583059e-1
0.00000000e0
0.00000000e0
2.92428496e-1
0.00000000e0
2.05311632e-1
-5.17287740e-1
6.31686401e-1
-5.04785375e-1
1.85083810e-1
4.83419120e-1
1.45002982e-1
-2.39072590e-2
-7.32865725e-1
-3.65342590e-1
-4.24897050e-1
7.02371188e-1
4.46126342e-1
7.11400869e-1
-4.03601458e-1
-3.56513531e-1
-7.26181125e-1
-4.93339087e-2
1.30716820e-1
4.63573098e-1
6.56980934e-2
2.55833752e-1
-2.24475366e-2
-5.24926431e-2
4.41137505e-1
6.23179996e-1
4.25907981e-1
4.83665815e-1
2.54469699e-1
1.18237006e-1
-2.34341583e-1
-3.52524737e-1
-3.78470562e-1
-2.09541732e-1
1.92565946e-2
-7.50126719e-1
-7.78882410e-1
-9.99448850e-1
-8.60317757e-1
-5.92113931e-1
-2.29577618e-1
1.29262183e-1
3.56556654e-1
3.61509768e-1
2.13603488e-2
5.90544908e-1
8.34350663e-1
1.13346702e0
1.13754623e0
8.39826775e-1
6.05807625e-1
1.43388541e-1
-1.98428707e-1
-3.75371731e-1
-5.37926680e-2
-2.05390573e-1
-5.71115834e-1
-8.34543559e-1
-9.80275763e-1
-7.66745043e-1
-7.50635570e-1
-3.61254980e-1
-3.54748124e-2
2.45867559e-1
-2.58212818e-1
8.97393981e-2
2.16847343e-1
4.48564621e-1
4.00794770e-1
6.08741514e-1
6.83566058e-1
5.57683257e-1
5.95540101e-1
3.90845410e-1
0.00000000e0
2.63998665e-1
0.00000000e0
1.67380200e-1
4.02431334e-1
3.99741948e-1
2.29661047e-1
1.91943610e-1
2.82647767e-1
0.00000000e0
7.17875986e-2
0.00000000e0
0.00000000e0
6.63766860e-2
0.00000000e0
9.54080128e-2
-1.69327062e-2
-2.34190228e-1
-5.46260021e-1
1.17820793e-1
0.00000000e0
-5.48342447e-3
0.00000000e0
-3.12337133e-1
-6.47881213e-1
-9.14813520e-1
0.00000000e0
-4.07464339e-1
0.00000000e0
-3.52897689e-1
-7.41784351e-1
-8.95195594e-1
-5.42574246e-1
-5.19678521e-1
-8.24114750e-1
0.00000000e0
-1.75698791e-1
0.00000000e0
0.00000000e0
-1.72414255e-1
0.00000000e0
-3.09208830e-1
-5.43017491e-1
-1.67182313e-1
2.00291900e-1
-5.69013393e-1
0.00000000e0
-2.43876773e-1
0.00000000e0
1.14520632e-1
4.90600056e-1
8.84647819e-1
0.00000000e0
3.95285532e-1
0.00000000e0
4.03616585e-1
7.97789915e-1
1.04870248e0
6.48233448e-1
6.48904612e-1
1.05078643e0
0.00000000e0
2.12495084e-1
0.00000000e0
0.00000000e0
2.12591252e-1
0.00000000e0
4.04897685e-1
8.95548898e-1
5.04694293e-1
2.22181210e-1
8.02855529e-1
0.00000000e0
4.00081971e-1
0.00000000e0
1.27036135e-1
-1.45930618e-1
-5.16581521e-1
0.00000000e0
-2.32125703e-1
0.00000000e0
-3.00171878e-1
-5.49075719e-1
-8.01653201e-1
-5.06299856e-1
-5.30282050e-1
-8.76106781e-1
0.00000000e0
-1.68129945e-1
0.00000000e0
0.00000000e0
-1.71570370e-1
0.00000000e0
-3.45933902e-1
-9.06016726e-1
-6.49434769e-1
-5.59788147e-1
-7.30043857e-1
0.00000000e0
-4.03474342e-1
0.00000000e0
-3.20072199e-1
-2.54481428e-1
-4.88045014e-2
0.00000000e0
-1.97004858e-2
0.00000000e0
8.20667969e-2
9.06269593e-2
2.48388125e-1
1.70967241e-1
2.09099578e-1
3.66770338e-1
0.00000000e0
5.95407274e-2
0.00000000e0
0.00000000e0
6.50111625e-2
0.00000000e0
1.54830674e-1
5.70405537e-1
5.46102713e-1
3.78368224e-1
0.00000000e0
2.52745925e-1
0.00000000e0
5.94657479e-2
4.68102486e-1
3.44429538e-1
-1.36838613e-1
-1.49813041e-1
-6.00928080e-1
-8.67805549e-1
-2.33704206e-1
1.82957305e-1
5.04222413e-1
1.05970591e0
5.14989609e-1
-1.46192067e-1
-2.14907252e-1
-8.46831830e-1
-5.99552814e-1
5.36073805e-2
-1.56484288e-1
3.10495217e-1
4.55111131e-1
6.62709894e-1
3.12418814e-1
2.16330282e-1
5.02790366e-1
2.94840479e-1
1.18490540e-1
3.03868741e-2
9.26166225e-2
-2.73835450e-1
1.77358470e-1
6.46002069e-2
-1.19456243e-1
-7.74158513e-1
-3.74173820e-1
-3.99961493e-1
-9.55608148e-1
-7.42863704e-1
-2.73800785e-1
-7.65618540e-2
-2.58094543e-1
-2.05638606e-1
-7.58057209e-1
-3.07854773e-1
-1.12007660e-1
5.89894866e-1
2.93000266e-1
4.30814996e-1
1.04340360e0
9.07126407e-1
3.24523590e-1
9.34905511e-2
3.24983866e-1
6.06564074e-1
1.04919568e0
4.33515619e-1
3.00686995e-1
-1.80312833e-1
-9.99140050e-2
-2.97116907e-1
-7.32663228e-1
-7.24911239e-1
-2.51294848e-1
-7.47115928e-2
-2.67746431e-1
-7.75804474e-1
-9.39587059e-1
-3.93593687e-1
-3.74517771e-1
-2.98143144e-1
-1.31337264e-1
4.99265925e-2
1.42063324e-1
2.65791823e-1
8.20748392e-2
2.73930668e-2
1.08233363e-1
6.48704242e-1
4.71074986e-1
2.03325706e-1
3.05288450e-1
