FiniteElementSpace
FiniteElementCollection: H1_2D_P1
VDim: 1
Ordering: 0

-1.5820904e-06
-4.2481693e-08
3.8635204e-08
2.7915338e-08
-4.1178158e-09
-2.8717801e-08
-0.5749434
-1.1076201e-08
4.178568e-08
0.019496634
-0.69345102
-0.26768734
-0.21866067
-0.77611885
0.080866272
6.2885643e-09
5.2960935e-08
-0.055151673
5.0494351e-09
-0.57653206
8.7541851e-09
-0.51165049
-1.8502373e-08
1.966254e-08
-0.40296193
-0.37255657
0.0073792673
-0.25797752
-0.63244534
-0.26246591
0.062016779
-0.13986641
-0.061342035
0.13984532
-0.10220043
-0.14788778
-0.44071755
-0.41309637
-0.32828427
-0.095244897
0.037229407
-0.71373335
-0.62310513
-0.76618039
-0.57276857
-0.36457099
0.044594574
0.079469712
0.030589384
-0.0091232999
-0.044695186
-4.8716126e-08
0.0062685145
-3.7287935e-09
-2.9262043e-08
0.00076040878
2.5543651e-08
-0.031210938
-0.30867473
-0.40988183
-0.64230521
-0.13790615
-8.01825e-08
-0.13725958
2.3696894e-08
-0.36854464
-0.62841702
-0.78365391
-1.7564847e-08
-0.34953292
-1.3825255e-08
-0.26830089
-0.59246668
-0.66803642
-0.39762028
-0.36588677
-0.56881923
-8.5146015e-09
-0.12720183
-1.7354438e-09
2.1734114e-08
-0.12280036
-4.5495792e-08
-0.20772616
0.003027696
0.017569749
-0.30899877
-0.10774407
-0.55463914
-0.62492857
0.015018298
0.018841459
0.0015501591
-0.0080988458
-0.48310439
-0.15508675
-0.073319013
-0.22825432
-0.74785475
-0.3614231
-0.31900131
-0.7545202
-0.5341722
-0.20181033
-0.055132677
-0.18028276
0.016076202
0.045890575
-0.042660861
-0.015903776
-0.061180691
-0.19125525
-0.13121257
0.086481963
0.073292912
-0.03426826
-0.049423582
-0.062435419
-0.18137656
-0.21564967
-0.22520674
-0.37123465
-0.31556225
-0.23233946
-0.35605211
-0.38324603
-0.51564109
-0.50235488
-0.092874241
-0.02211578
0.0096497912
-0.2819973
-0.21261815
-0.35801392
-0.23238407
-0.10764992
-0.49297296
-0.44545598
-0.65377661
-0.64675715
-0.75441291
-0.71550748
-0.59783264
-0.50595043
-0.63161984
-0.50627567
-0.37393632
-0.77966255
-0.71334859
-0.73698416
-0.65103517
-0.60475043
0.057489042
0.041573996
-0.0086091968
-0.019933553
0.086515608
0.051819765
0.027442332
0.016196607
0.0021422834
-0.0013029898
-0.027848708
-0.055745904
0.065661935
0.029768617
0.026851648
0.021507862
1.6985977e-08
0.0091300587
-4.1944117e-08
0.0031080066
0.011230669
0.0082039325
0.0032600352
0.0017706338
0.0027140861
2.3724806e-08
0.00078268035
2.8410719e-09
-1.7980862e-08
0.00059080924
4.1054767e-09
0.00020621698
-0.010604507
-0.017526045
-0.045830782
-0.0022598099
3.8051499e-09
-0.0038985378
2.7025013e-08
-0.014839933
-0.47544131
-0.56727027
-0.62353059
-0.29958367
-0.39525588
-0.29429844
-0.33058499
-0.46133705
-0.49326094
-0.62729921
-0.13784611
-0.22753015
-0.093676229
-0.091746531
-0.15438535
-0.19348285
-0.10930501
-0.10240316
-0.20358698
-0.049681774
3.5572415e-08
-0.035186314
8.31175e-10
-0.066712773
-0.33070945
-0.29131074
-0.48990065
-0.1785944
-5.1110397e-08
-0.11304013
1.435725e-08
-0.21346876
-0.70390801
-0.74899375
-0.60895478
-0.70776964
-0.63604119
-0.72718125
-0.7742611
-0.79980496
-0.36547293
-0.5116552
-2.8456999e-09
-0.18655336
1.0180453e-08
-0.17797412
-0.35727766
-0.50414212
-0.33689514
-0.46598898
-0.61785028
7.757102e-09
-0.16049355
7.5282931e-09
-0.13310515
-0.29598732
-0.39722228
-0.55679559
-0.77677974
-0.78020183
-0.69065096
-0.60404615
-0.71788587
-0.69881789
-0.60629637
-0.56619614
-0.63695128
-0.45813351
-0.47634871
-0.33175581
-0.32052527
-0.45337905
-0.39447232
-0.49036848
-0.23661829
-0.30390546
3.8931234e-08
-0.098242548
2.8586455e-08
-0.060098209
-0.16492759
-0.19635858
-0.090056725
-0.08886656
-0.19197169
-1.6617592e-08
-0.024499958
-4.1943267e-08
-1.8062353e-08
-0.024346624
-8.2223237e-09
-0.057779399
-0.27397494
-0.19882587
-0.30813098
-0.1541475
3.6652984e-08
-0.08783154
-1.8598543e-08
-0.10406009
0.00077259471
-0.10896534
0.019370368
-0.12939793
-0.28152706
-0.30237259
-0.45188923
-0.027540455
-0.18026098
-0.22933714
-0.3893127
-0.58390175
-0.69050693
-0.48403767
-0.51272238
-0.72268853
-0.68896544
0.017943092
0.052164007
0.011273337
-0.023233721
0.04331032
0.014366705
0.0054902277
0.015475582
0.0039798224
0.0016422189
0.00028385133
0.00067209113
-0.024991055
-0.0017422346
-0.0011834103
-0.0083324684
-0.55580182
-0.38817377
-0.37581668
-0.54682612
-0.21472607
-0.072197351
-0.099472074
-0.21978491
-0.15253267
-0.073799792
-0.023714837
-0.049442749
-0.4072987
-0.26273742
-0.087474124
-0.14754106
-0.69555749
-0.67547068
-0.72478168
-0.78361805
-0.50496249
-0.19137093
-0.1830252
-0.51141317
-0.48907006
-0.17053418
-0.14793329
-0.43516411
-0.79832627
-0.71559211
-0.65313563
-0.74660602
-0.63819878
-0.54462176
-0.40097256
-0.48437336
-0.35307906
-0.11638251
-0.079257694
-0.25111335
-0.14155057
-0.041541862
-0.010094611
-0.040766631
-0.29850086
-0.23735485
-0.073924856
-0.098243838
