FiniteElementSpace
FiniteElementCollection: H1_2D_P1
VDim: 1
Ordering: 0

-0.9600609
4.1605072e-10
1.5473483e-08
1.2731577e-08
3.621101e-09
-1.7662411e-09
-0.70184246
-1.1516298e-09
-8.3284772e-09
-0.40209095
-0.40209244
-0.58323178
-0.89188386
-0.58323238
-0.19275567
1.2370067e-08
1.7558898e-08
-0.19275558
1.5394963e-09
-0.41163049
-3.4568865e-09
-0.19275603
-3.6404283e-09
9.4170263e-09
-0.19275514
-0.79001889
-0.084595636
-0.30281607
-0.30281634
-0.084595723
-0.94210017
-0.8557745
-0.9421002
-0.49838338
-0.49838333
-0.69791666
-0.65257126
-0.81084532
-0.85577464
-0.8557748
-0.94210044
-0.65257151
-0.69791709
-0.49838437
-0.49838453
-0.6979172
-0.090971919
-0.29852968
-0.13744298
-0.13744291
-0.2985296
6.7749324e-10
-0.037476845
-1.2539861e-09
-5.3488356e-09
-0.037476822
1.2841766e-08
-0.0909719
-0.44999527
-0.35759023
-0.56797199
-0.24818035
-1.6717065e-08
-0.14878242
2.6111229e-09
-0.23204982
-0.35759038
-0.44999577
5.4333899e-09
-0.14878248
-1.1600223e-08
-0.090971965
-0.24818071
-0.29853058
-0.13744312
-0.13744284
-0.29852999
-1.5408885e-08
-0.037476964
-1.1818461e-08
2.8977263e-09
-0.037476897
-4.2786472e-09
-0.09097117
-0.91493077
-0.60688649
-0.76725152
-0.91493092
-0.76725168
-0.6068872
-0.21744231
-0.063224628
-0.015545591
-0.063224547
-0.51506698
-0.37695776
-0.11951783
-0.18200339
-0.51506721
-0.18200344
-0.1195179
-0.37695851
-0.21744259
-0.063224693
-0.015545679
-0.063224428
-0.95500538
-0.93264586
-0.93264589
-0.9550054
-0.88920494
-0.87771261
-0.92099419
-0.55454797
-0.45141961
-0.45141958
-0.55454797
-0.65485276
-0.54248469
-0.64315141
-0.8149924
-0.79250494
-0.85505274
-0.73555504
-0.62011134
-0.71296924
-0.68001967
-0.75964283
-0.93264596
-0.93264606
-0.95500554
-0.87771267
-0.88920509
-0.82641127
-0.82641135
-0.88920517
-0.79250501
-0.81499254
-0.68001977
-0.71296945
-0.62011177
-0.64315189
-0.73555534
-0.74703314
-0.65485332
-0.65485337
-0.74703321
-0.54248548
-0.55454882
-0.45142083
-0.45142092
-0.55454887
-0.35093047
-0.25810996
-0.25810989
-0.35093044
-0.24555606
-0.16496445
-0.17703132
-0.11052416
-0.11052413
-0.17703129
-0.16496437
-0.24555595
-0.14094218
-0.076940305
-0.099291707
-0.0437108
9.4917813e-09
-0.029905508
-7.8487601e-09
-0.017264905
-0.050000133
-0.060089642
-0.02589781
-0.025897814
-0.06008962
5.1277153e-09
-0.0067637987
2.9762343e-09
-3.3685381e-09
-0.0067637966
-6.1450732e-11
-0.017264897
-0.099291621
-0.076940199
-0.14094211
-0.050000076
-1.0486478e-08
-0.029905463
-3.6726122e-09
-0.043710807
-0.58647442
-0.54339944
-0.63783422
-0.51866783
-0.48373203
-0.37780602
-0.33010693
-0.43868556
-0.38503493
-0.49253031
-0.4389732
-0.41429542
-0.33826699
-0.22055264
-0.31307233
-0.27557637
-0.18328777
-0.13398695
-0.22601349
-0.10518771
-7.060652e-09
-0.058043518
7.732436e-09
-0.072847098
-0.27196369
-0.20442512
-0.3250936
-0.16440249
-2.4248818e-08
-0.090003596
5.9402072e-09
-0.13014884
-0.54339955
-0.58647468
-0.385035
-0.43868576
-0.33010715
-0.37780643
-0.48373241
-0.51866841
-0.20442514
-0.27196378
5.1384401e-09
-0.090003603
6.9759619e-09
-0.072847108
-0.16440254
-0.22601364
-0.13398703
-0.18328797
-0.27557668
1.4764863e-08
-0.058043529
4.8546808e-09
-0.043710781
-0.10518778
-0.14094234
-0.22055305
-0.41429605
-0.43897408
-0.31307288
-0.24555667
-0.33826786
-0.35093169
-0.25811051
-0.25811025
-0.35093136
-0.16496469
-0.17703153
-0.11052424
-0.11052414
-0.17703135
-0.16496412
-0.24555587
-0.076940314
-0.099291787
2.5119722e-08
-0.029905552
6.8581433e-09
-0.01726498
-0.050000227
-0.060089758
-0.025897941
-0.025897916
-0.060089707
1.1558135e-08
-0.0067638638
-5.7622665e-09
-1.3882786e-08
-0.0067638565
-5.9652312e-09
-0.017264942
-0.099291488
-0.076939839
-0.14094143
-0.050000081
-1.31653e-09
-0.029905403
-1.0754077e-08
-0.043710241
-0.94803206
-0.90912725
-0.50453153
-0.60093029
-0.83871704
-0.68067914
-0.73947082
-0.94803217
-0.90912731
-0.86151699
-0.83871711
-0.7394709
-0.68067947
-0.78428181
-0.70372458
-0.60093094
-0.50453261
-0.30486471
-0.21125722
-0.14329513
-0.21125715
-0.11994355
-0.036711047
-0.023386473
-0.079240202
-0.042181333
-0.011671341
-0.0027524181
-0.011671338
-0.11994344
-0.079240141
-0.023386449
-0.036710982
-0.61454479
-0.55431059
-0.40883283
-0.46685544
-0.4800716
-0.39578644
-0.27958218
-0.34584924
-0.20453135
-0.1620939
-0.050834476
-0.06534828
-0.29777959
-0.24820379
-0.080820203
-0.10255643
-0.61454491
-0.46685553
-0.40883314
-0.55431101
-0.29777964
-0.10255643
-0.080820211
-0.24820391
-0.2045315
-0.065348296
-0.050834471
-0.16209411
-0.48007233
-0.3458497
-0.27958282
-0.39578753
-0.30486547
-0.21125761
-0.14329521
-0.21125714
-0.11994363
-0.036711044
-0.023386549
-0.0792403
-0.042181466
-0.01167142
-0.0027524539
-0.011671406
-0.11994309
-0.079240158
-0.023386463
-0.036710777
