FiniteElementSpace
FiniteElementCollection: H1_2D_P1
VDim: 1
Ordering: 0

-1.5820904e-06
4.7412298e-08
3.2723482e-08
-2.4561619e-08
0.010278471
4.795376e-08
4.1574602e-08
-0.3656071
-1.0904815
0.0039081886
-0.77263273
-0.95673088
-0.1390455
0.010307752
3.6454445e-08
-0.69702497
-4.1328539e-08
-1.1837719e-08
-0.7412426
3.2951928e-08
-0.36661965
-0.58585534
-0.56797102
-0.4127381
-0.74332609
0.001095286
-0.2855981
-0.3804074
-0.039006619
0.0073845679
-0.40957664
-0.72398587
-1.0134324
-1.0921198
-0.82916754
-0.70258947
-0.26268781
0.082711543
0.062016779
-0.031529099
0.037229407
0.29396599
0.43021563
0.011483339
-0.32682542
-0.72075087
0.0065892672
-5.8857063e-08
-0.32212534
2.4954342e-08
-0.36196453
-0.69258332
-0.9523224
-0.59386854
-0.60677858
-0.99268714
-1.7960936e-08
-0.19567336
-5.2857908e-08
5.7711636e-08
-0.19746398
-4.8420278e-08
-0.38660768
-0.93104789
-0.5987056
-0.408444
-0.79086961
-5.4736841e-08
-0.41565744
-4.195116e-08
-0.23436003
-0.061554471
2.5263008e-08
0.34538926
1.8934309e-08
-0.16942707
-0.37007187
-0.98272422
-0.57647971
0.10284043
0.02729129
0.17129683
0.3855109
-0.39618114
-0.19954305
-0.37435173
-0.91379362
-0.84000921
-0.29604927
-0.086697802
-0.30480713
-0.71675882
-1.0259027
-0.42667791
-0.35115208
-0.066013735
-0.023827227
0.41818889
0.21008607
0.00028279535
-0.076015464
-0.10480249
-0.010112905
0.002344623
-0.1353296
-0.23045945
-0.43865142
-0.48976245
-0.27316449
-0.26198915
-0.083437155
0.0056407566
-0.17950717
-0.3327448
0.0089805093
-0.20199818
-0.39607029
-0.60274923
-0.76045222
-0.55470277
-0.6649703
-0.86919347
-0.92018833
-0.71867871
-0.91156782
-1.0142908
-1.0738759
-1.1088432
-1.0584727
-1.0408442
-0.91037591
-0.48391703
-0.42438819
-0.20066552
-0.71313533
-0.84265049
-0.65133932
-0.54158299
-0.31944772
0.018617549
0.091136282
0.016076202
-0.038950887
0.0990578
-0.12516195
0.057442704
-0.202052
-0.0036419932
0.0096497912
0.10437478
0.078435931
0.23535242
0.14378848
0.34473346
0.1949561
0.41448396
0.2229045
0.011147426
-0.19878504
-0.4097767
0.011215286
-0.16808415
-0.36856182
-0.46115033
-0.65664084
-0.57245372
-0.7595094
0.0087589124
-0.10819077
-0.27076485
0.003816636
4.197755e-08
-0.11038585
4.5659762e-08
-0.16893309
-0.27002524
-0.45592727
-0.35672169
-0.5434362
-0.64542317
-3.8827811e-09
-0.19097297
4.4578565e-08
-0.18056789
-0.3757264
-0.53647665
-0.70944544
-0.83576496
-0.9797315
-0.81721981
-0.83738369
-0.95277529
-1.0376928
-0.9137411
-0.93005509
-1.0628622
-0.65743009
-0.72634628
-0.51058506
-0.51515392
-0.73569099
-0.68332922
-0.88363119
-0.33468942
-0.44828211
-1.5474178e-08
-0.14418653
2.2428856e-08
-0.092211548
-0.24868604
-0.30443974
-0.14043928
-0.14092344
-0.30622441
2.1378474e-08
-0.038375021
1.687202e-08
-3.104611e-08
-0.038437379
5.6902436e-08
-0.093154884
-0.46045857
-0.35006421
-0.57272129
-0.25307158
-3.4852351e-08
-0.14842194
-5.2564034e-08
-0.19238388
-0.72550142
-0.57209865
-0.39650454
-0.96431408
-0.83764013
-0.85678627
-0.68274123
-0.67458113
-0.492638
-0.39890222
-1.0813365
-0.99433892
-1.0251782
-0.77774093
-0.92774075
-0.77950475
-0.62127373
-0.42786248
-0.59440131
-0.41261021
1.1796666e-08
-0.21621696
-2.7404988e-08
-0.21453729
-0.49021144
-0.29997064
-0.31153064
-0.38998093
-4.7761831e-08
-0.18560341
-6.4455281e-08
-0.13574644
-0.23624872
-0.05312151
-0.2082668
-0.06885983
-0.11768209
-0.045453181
7.4153025e-08
-0.004909781
0.43166737
0.22151171
0.38946406
0.18779057
0.28582572
0.1199335
0.11574238
-6.754775e-10
-0.043305164
-0.10706608
-0.36063647
-0.17957845
-0.15977641
-0.19377529
-0.58807109
-0.50420055
-0.80627332
-0.90485759
-1.0834266
-1.0000622
-0.34575874
-0.60983217
-0.79269492
-0.49157062
0.026284678
-0.0043388148
-0.080827891
-0.16709033
0.043780738
0.11223461
0.17176801
0.21229211
-0.20375748
-0.18692866
-0.52686856
-0.59771611
-0.14205231
-0.064381299
-0.14454016
-0.37554319
-0.51185866
-0.18427238
-0.18951265
-0.55122677
-0.88851709
-0.75418774
-0.84480347
-1.0299154
-1.0035956
-0.79681457
-0.63054649
-0.82132536
-0.50121649
-0.1650646
-0.1193577
-0.3812692
-0.22259339
-0.064558545
-0.015873941
-0.064873929
-0.52342027
-0.38686649
-0.12152722
-0.17244375
-0.56962837
-0.85856607
-0.77880896
-0.54673374
-1.0393342
-1.0891736
-0.91973414
-0.90674242
-0.61759751
-0.60593526
-0.20723737
-0.21876151
-0.41008328
-0.55176144
-0.20343696
-0.16162455
-0.22611493
-0.23053051
-0.17002887
-0.053891572
0.22612936
0.20878181
0.15836266
0.070440775
