2.20008842145473e-1
-1.37997957926676e-1
8.20127930002921e-2
2.20010859261581e-1
-2.20011783457376e-1
8.20114850402696e-2
8.20123241538045e-2
-2.20010176910424e-1
-2.20009616832457e-1
2.11947436765276e-6
2.87687786763186e-2
-2.62842127698714e-2
5.50529316942930e-2
2.87671140200621e-2
-2.87676611038616e-2
-5.50532464999861e-2
5.50536289048624e-2
-5.32438117373201e-2
-2.87691417895756e-2
-8.20120662877560e-2
1.47455807873282e-1
-1.30245117816182e-1
1.72128730705859e-2
1.47457176583694e-1
-1.47457270757621e-1
1.72104855430010e-2
1.72102310561753e-2
-9.24041828291624e-2
-1.47455079778521e-1
5.50525386464810e-2
1.90788252964436e-1
-1.73711848036919e-1
1.70762287251421e-2
1.90786650074561e-1
-1.90788937345993e-1
1.70774925977929e-2
1.70776182561635e-2
1.73577690326551e-1
-1.90788531107344e-1
-1.72105263069426e-2
1.27920469958713e-1
7.30983279274975e-2
2.01020432897382e-1
1.27920693919848e-1
-1.27921206761196e-1
2.01017655061532e-1
2.01019179163886e-1
-1.10843008771132e-1
-1.27922142914870e-1
-1.70760426720921e-2
-2.03423461527701e-1
-6.75181431644781e-2
-1.35908106252799e-1
-2.03421695729620e-1
2.03421444862446e-1
1.35906435390189e-1
-1.35906440960700e-1
-4.04441860971047e-1
2.03422768856681e-1
-2.01020142336726e-1
1.28914869677941e-1
-2.28823185401517e-1
-9.99088545461158e-2
1.28915191772968e-1
-1.28913114237765e-1
9.99098330478044e-2
-9.99097074850835e-2
-2.64821236330727e-1
-1.28914309814995e-1
-1.35905906958933e-1
-6.23627021588132e-2
6.23615142596221e-2
-6.23636022668049e-2
6.23613353050315e-2
-1.18592902100365e-6
-3.75463131972327e-2
6.23632906350463e-2
-9.99110702240493e-2
