FiniteElementSpace
FiniteElementCollection: RT_3D_P0
VDim: 1
Ordering: 0

0
0
0.0063287972
-0.021539474
0
0.015210677
0
0
0.0085739351
-0.021644381
0.019399243
0
0.01132149
-0.040100051
-0.0085659905
0.015700171
0
-0.040835387
0
0.010729923
0
0.004984268
-0.016341713
0
0.026568122
0
0.0069091721
-0.016514048
0.033988387
0.0091751181
-0.030707824
-0.0067634094
0.027482239
-0.03128352
0
0.01890832
0
0
0.006120467
-0.021460979
0.023914447
0
0
0
-0.021144814
0.027265281
0
0
-0.038135893
-0.0081743009
0.02516538
0
-0.038988549
0.02067476
0
0.0049953363
-0.01650504
0.042333322
0
0
-0.016401456
0.048662073
0
-0.029264404
-0.0067423078
0.044770636
-0.029867475
0.036470006
0
0.010188661
-0.050157772
-0.014589022
0.015569583
0
0
-0.048908824
0.020961593
0
0
-0.052081046
-0.011256518
0.014428739
0
-0.053250042
-0.016777639
0.0086133917
0.0080405367
-0.038288352
-0.01117469
0.027124613
0
-0.037312286
0.037050012
0
-0.039597655
-0.0085141823
0.025228291
-0.040501759
-0.012218233
0.014530849
0
0.0112643
-0.056803763
0
0.0047040755
0
-0.053779538
0.010354765
0
-0.055661951
-0.018757564
0.0038623384
0
-0.074477724
0
-0.0010836033
0.0083658733
-0.043114792
0
0.0081694742
-0.040942978
0.017781101
-0.042322956
-0.012923578
0.0059476618
-0.054639153
0
-0.0024828198
0
0.0042629094
-0.0079163333
0
0.030221546
0
0.0059756371
-0.0077890003
0.040064659
0.0069086237
-0.014665704
-0.004802143
0.032252462
-0.015581633
0
0.021771477
0
0.0082049567
0.0008056821
0
0.021210907
0
0.0077330648
0.0022807569
0.038255794
0.0066143114
0.0038017914
-0.0062032706
0.030320386
0.00073716348
0
0.015636725
0
0.0041096526
-0.0076053764
0.051804683
0
0
-0.0075665794
0.060338305
0
-0.012979172
-0.0050360129
0.055219241
-0.01356686
0.0443041
0
0.0045369622
0.0034165513
0.051584235
0
0
0.0037817114
0.061093555
0
0.0077677819
-0.0041947917
0.055427963
0.0065309502
0.043609221
0.0048825794
-0.017120863
-0.006340557
0.032136594
0
-0.016116562
0.045069981
0
-0.016766835
-0.003933076
0.02981164
-0.017726562
-0.0047654542
0.015968926
0.0021929766
0.0089446384
-0.0028566965
0.030386625
0
0.01080752
0.044223219
0
0.012246033
0.00062447634
0.027748651
0.01035138
0.002073929
0.013112732
0.0042138112
-0.020954398
0
0.0093284284
-0.019202142
0.020190794
-0.019513144
-0.0037766875
0.0052698965
-0.023207383
0
-0.004006522
0.0018614303
0.0013354867
0
0.0068686749
0.0053860478
0.017611271
0.0065109051
0.0044288345
0.0017901337
0.0059513406
0
-0.0041935413
0
0.020724693
-0.03771956
-0.051110173
-0.0063726839
0
0.01678403
-0.048312813
-0.0034084749
0
0.013375448
-0.032922379
-0.01849433
-0.010271553
0
-0.027015091
-0.017869864
-0.011328935
0.013504762
-0.028519934
-0.033928798
-0.012067867
0.011448952
-0.036541421
-0.0071341996
0.0080155604
-0.024817119
-0.010627374
-0.019384041
-0.020220862
-0.009457909
-0.020797473
0
0.010739491
-0.047774725
0.0005692215
0
0
-0.047495379
0.0061538244
0
0
-0.036153108
-0.0086695346
-0.0026727368
0
-0.035711428
-0.0073573833
0.0077201706
-0.036248866
4.51099e-05
0
-0.036068531
0.01034487
0
-0.027540057
-0.0056775643
-0.0055236465
-0.027069447
-0.014198807
0
0.0058878865
-0.019132087
-0.0086838184
-0.013783408
0
0
-0.019747933
-0.010517289
0
0
0
-0.0040848862
-0.015663046
0
0
-0.0054376049
-0.017779369
0.0031153548
-0.01455554
-0.0036695551
-0.025743115
0
-0.015257549
-0.019684442
0
0
-0.0018190596
-0.029101535
0
-0.0011704045
-0.032983564
0
0.0089106576
-0.014221535
-0.0069375144
-0.0147667
0
-0.017338516
-0.015357023
0
0
-0.0042791382
-0.018496983
0
0
-0.0014937049
-0.017006968
0.0024190587
-0.010571397
0.0001285714
-0.026963795
-0.012966474
-0.028458165
0
0.0014450886
-0.034078949
0
0.0048195651
-0.030952841
0.0014395084
-0.013003689
-0.0076315213
-0.016079549
0.0020497015
-0.016126976
-0.011130561
-0.001890053
-0.010503317
0.0031150652
-0.026232712
-0.0087992513
0.0048925027
-0.026779348
-0.010256197
0.0040065409
0.014215429
-0.018093981
-0.0076123551
0.0075307758
-0.014794274
-0.012790289
0.0066635434
0.017358003
-0.029933193
0.0039202491
0.019400022
-0.028735075
0.0022152471
-0.015508969
-0.0023380285
0
-0.015085311
0.010878593
0
-0.011576004
8.1732061e-05
-0.0091146856
-0.011363579
-0.020152518
-0.0037058259
0.010206586
-0.0060997637
0
0.01166943
0.0077493703
0
0.0089328281
0.0066261702
-0.013004254
0.0082810294
-0.02439108
-0.0023217068
-0.0060888593
0.0057848062
-0.034480934
0
-0.0067141583
-0.026867994
0
0
0.0028771257
-0.038692819
0
0.0072333392
-0.043428637
-0.0087778038
0.0046432004
0.016766437
-0.038831738
0
0.0044571098
-0.03117008
0
0
0.0088962354
-0.043131945
0
0.017734347
-0.047623548
-0.0094182286
-0.0043686249
0.012580882
-0.034557075
-0.0051834696
-0.037411435
0
0.012225317
-0.044254397
0
0.016309931
-0.03940608
-0.022853093
0.0026466268
0.026296734
-0.036727093
0.0042170999
-0.041051648
0
0.025275436
-0.047578386
0
0.0297858
-0.041269817
0
0
0.002344756
-0.0046895161
0
0.00234476
0
0
0.0080185776
-0.0056275687
-4.6252886e-05
0
0.0047283519
-0.0078218187
-0.00096344953
-0.0015706524
0
-0.0066164185
0
0.00096345295
0
-4.6258727e-05
-0.0056275653
0
0.0080185841
0
0.0027366091
-0.0055657347
0.002736614
-0.00038666697
-0.0079337048
0.0015706577
-0.00038667306
-0.0078218205
0
0.0047283658
0
0
0.02074986
-0.0091275792
-0.0036037027
0
0
-0.023741266
-0.0066190477
0
-0.018740759
-0.013189418
-0.0096809526
0
-0.011846026
-0.0057426188
0
0.011355068
-0.0071514597
-0.0050707016
0
-0.017441337
-0.011751441
-0.014270363
-0.0053807103
-0.016929125
-0.0098574779
-0.0088039779
0
0.0032300194
-0.0073525078
-8.5854686e-05
-0.0076376829
0
-0.010536013
-0.011912241
0
0
0.0014537636
-0.013483482
0
0
0.0030164957
-0.0089152399
-0.0031626197
-0.0062478771
0.0046614223
-0.012746086
-0.0080538683
-0.021162784
0
0.0073357071
-0.024053492
0
0.0075048298
-0.01533224
0
-0.00097813467
-0.0046601544
0
-0.00097812946
0
-0.0054329755
-0.0034528326
0
0
0.0023300781
-0.0047465579
0
0
0
-0.0023300763
-0.0034528315
-0.0054329746
0
8.5856083e-05
-0.005516529
-0.0046614176
0
0.0047465618
-0.0075048188
0
0
-0.003016489
0
-0.0036037039
-0.0091275821
0
0.02074987
0
-0.0050706987
-0.0071514607
0.01135507
-0.0088039736
-0.0098574838
0.0057426171
0.0053807065
-0.011846028
0
0.013189429
0
-0.0066190506
-0.023741269
0
0.051110189
0
-0.011751437
-0.017441333
0.033928789
-0.01692912
-0.014270368
0.0096809559
0.0094579063
-0.01874076
0
0.017869876
0
-0.0024770511
-0.0051872869
-0.0024770623
0
-0.0079160295
-0.013943983
-0.007365738
0.0075133023
-0.020100216
-0.0077686149
-0.0075133212
0
-0.013943976
-0.0079160249
0.007631502
0
0.00054291464
-0.014215446
-0.00085745584
0.020100214
-0.019400037
-0.0073657301
-0.0048925223
-0.014191037
-0.0048786988
0.012746081
-0.014191046
-0.0041540831
-0.025984594
0
0.01777159
-0.029669234
0
0.015332235
-0.017771584
-0.025984587
-0.0041540856
0.021162787
-0.012580891
-0.00023315345
-0.026296749
0
0.029669224
-0.029785811
0
0.024053496
-0.016309942
-0.007637685
-0.0073525086
0
0.0032300216
-0.0062478852
-0.0031626197
0
0.0089152335
-0.0073357021
0
0
-0.0014537642
-0.011912242
-0.010536017
0
0.0069375201
-0.0080538734
-0.00012856973
0
0.013483479
-0.004819559
0
0
0.0014936978
0.074477744
-0.0063726809
-0.037719571
0
0.020724697
0.05463915
-0.012067857
-0.028519942
0.013504757
-0.020797477
-0.020220868
0.011328933
0.010627377
-0.027015095
0
0.018494333
0.05566196
-0.0034084748
-0.048312815
0
0.016784027
0.042322951
-0.00713419
-0.036541428
0.01144895
-0.019384041
-0.024817117
0.010271555
0.0080155518
-0.032922375
0
0.013375448
0.02320737
-0.016079537
-0.013003681
0.0014394936
-0.0059513472
-0.018093982
0.0040065505
-0.010256204
-0.028735077
0.00392025
0.026779352
-0.017358011
-0.0087992535
-0.0031150745
0.019513143
-0.011130564
-0.016126972
0.0020496973
-0.0065109054
-0.014794264
0.0075307725
-0.0076123715
-0.029933198
0.0066635464
0.026232711
-0.012790299
-0.010503321
-0.0018900552
-0.034557075
-0.0043686245
0.0269638
-0.0094182449
-0.036727113
0.0026466295
-0.02285309
-0.041269816
0
0.039406085
-0.025275451
0
0.030952837
-0.012225318
-0.037411453
-0.0051834749
0.028458169
-0.0057848078
-0.041051655
0.0042171021
-0.016766443
-0.047578407
0
0.044254406
-0.017734348
0
0.034078959
-0.0072333461
-0.014766699
-0.014221534
0
0.008910658
-0.010571401
0.0024190641
0
0.017006972
-0.0014450949
0
0
0.004279136
-0.015357029
-0.017338509
0
0.0086838209
-0.01296647
0.0036695573
0
0.018496986
0.0011704081
0
0
0.0054376131
0.053250036
0.00056922189
-0.04777472
0
0.010739489
0.040501756
4.5115736e-05
-0.036248864
0.0077201642
-0.014198808
-0.02706945
0.0073573835
0.0056775625
-0.035711422
0
0.0086695336
0.052081039
0.0061538211
-0.047495372
0
0
0.039597651
0.010344864
-0.03606853
0
-0.0055236511
-0.027540055
0.0026727381
0
-0.0361531
0
0
0.017726568
-0.0023380211
-0.015508977
0.0022152435
-0.010351379
-0.0060997666
0.010206578
-0.0037058252
-0.024391081
0.0082810151
0.020152517
-0.0066261709
-0.011363588
-8.173539e-05
0.016766836
0.01087859
-0.015085318
0
-0.012246027
0.0077493751
0.011669417
0
-0.013004256
0.0089328169
0.0091146852
0
-0.01157602
0
-0.034480929
-0.0060888707
0.025743111
-0.0023217075
-0.038831748
0.0046431959
-0.0087778041
-0.047623563
0
0.043428653
-0.0088962432
0
0.032983559
-0.002877122
-0.026867989
-0.0067141703
0.019684432
0
-0.031170083
0.004457107
0
-0.043131954
0
0.038692818
0
0
0.029101526
0
-0.013783404
-0.019132084
0
0.0058878871
-0.014555537
0.0031153507
0
0.017779366
0.0018190645
0
0
0.0040848944
-0.010517285
-0.019747927
0
0
-0.015257557
0
0
0.015663033
0
0
0
0
-0.020597383
-0.017176259
0.018761948
-0.01717627
-0.030741084
-0.013890229
0.029234274
-0.016573494
-0.021100782
0.02313977
0.026838007
-0.029575914
0.014967809
-0.026838006
-0.030741083
-0.016573497
0.029234278
-0.013890233
-0.049652889
-0.014999717
0.046505332
-0.014999717
-0.024481788
0.036317081
0.029575918
-0.024481795
0.023139767
-0.021100774
-0.038485454
-0.0080565898
0.036131212
-0.009579161
-0.042353583
0
0.039471865
0.0025744984
0
0.030335855
0.011903135
-0.015771378
0.028136693
-0.025594209
-0.062458305
-0.0095581627
0.058185139
-0.010747549
-0.068795422
0
0.063891852
-0.0020800942
0
0.049130479
0.014503193
-0.015513198
0.045013472
-0.022401136
-0.014365719
0.015567065
0.025941204
-0.037837595
0
0.01623345
-0.031433394
0
0
0.01456923
-0.041467725
0
0.027382328
-0.044869581
-0.017639055
0.024802975
0.030914548
-0.030902593
0
0.026609432
-0.026551402
0
0
0.018412784
-0.033271077
0
0.033606676
-0.035260498
-0.033671616
0.008856842
-0.033671624
0.013244697
-0.038886987
0
0.036841396
-0.043792757
0
-0.036841395
-0.038887008
0.013244696
-0.0259412
0.020372184
-0.03091455
0
0.043792777
-0.033606673
0
-0.027382329
-0.038485447
-0.0095791632
0.036131201
-0.0080565898
-0.062458305
-0.010747552
0.058185142
-0.0095581655
-0.022401148
0.045013471
0.02559421
-0.014503186
0.028136689
-0.011903133
-0.042353567
0.0025745059
0.039471847
0
-0.068795408
-0.0020800905
0.063891839
0
-0.015513198
0.049130475
0.015771376
0
0.030335834
0
-0.079420435
-0.0079145914
0.073754518
-0.0079145933
-0.088020982
0
0.081621966
-0.0035956693
0
0.062718075
0.013934578
-0.010543886
0.056821394
-0.013934581
-0.088020976
-0.0035956695
0.081621962
0
-0.097992772
0
0.090801434
0
0
0.069713661
0.010543886
0
0.06271807
0
-0.018042833
0.031101846
0.03090261
-0.018042821
0
0.034064937
-0.015941096
0
0
0.019709582
-0.018915721
0
0.03526051
-0.01970958
-0.01594111
0.034064942
0.026551416
0
0
0.037831455
0
0
0
0.018915734
0
0
0.033271096
0
-0.037837606
0.01556706
-0.014365713
0.024802979
-0.017639055
0
0.044869602
-0.018412786
0
-0.014569231
-0.031433405
0.016233443
0
0.026609431
0
0
0.041467742
0
0
0
0
0.017620571
0.0071806575
-0.021210893
0.017620571
0
0.01319435
0.01169178
0.030990236
0.0098040178
0.021048118
-0.01296217
0.024122201
0.012529754
-0.015636716
0.012962174
0
0.030990222
0.011691785
-0.038255789
0.013194354
0
0.021448123
0.01908421
0.021448125
0.016312882
0.034702836
-0.024122202
0.016312896
0.021048114
-0.030320372
0.0098040141
0
0.0068257309
0.014494031
0.043458822
0
0
0.015614026
0.052305261
0
0.029317736
-0.0051049389
0.046829191
0.026694664
0.036107667
0
0.010709682
0.023863282
0.030333981
0
0
0.026003769
0.037011174
0
0.048231449
-0.0078677373
0.032469249
0.043833719
0.024582374
0.0012733751
0.035110904
-0.0029607757
0.023657786
0
0.038733738
0.036080592
0
0.0034124678
0.020716338
0.0054609615
0.0076896879
0.0026657129
0.057370437
-0.0072205496
0.014675905
0
0.063257545
0.023720209
0
0.0035144024
0.011664059
0.0038456041
0.0022706179
0.004622671
0.017021791
-0.006868693
0.0046226596
0.027750513
0.012570772
0.0059813282
-0.0017208038
0.0041935205
-0.0059813256
0.012570767
0.02775052
-0.017611288
0.0029607743
0.045403279
0.007220546
0.0017207847
-0.0038455939
-0.0017901254
-0.0054609779
0
0.04345882
0.014494028
-0.051584231
0.0068257369
0
0.030333978
0.023863276
0.010709691
0.024582378
0.043833712
-0.036107654
0.0078677354
0.026694663
-0.043609222
0.005104947
0
0.052305264
0.015614027
-0.061093555
0
0
0.037011191
0.026003765
0
0.032469255
0.048231441
-0.046829196
0
0.029317731
-0.055427952
0
0
0.015158565
0.030350834
0.01515856
0
0
0.033503139
0.0186666
0
0.061941697
-0.011813877
0.015844567
0.055887824
0.011813885
0
0.018666618
0.033503133
0
0
0
0.037333218
0
0
0.069022367
-0.015844582
0
0.061941692
0
0.006065608
0.073108419
-0.014675902
0.0060656035
0
0.081079644
0.01064787
0
0.00088538978
0.0038373314
-0.002270621
-0.00088538766
0.010647874
0.081079639
-0.023720218
0
0
0.09031811
0
0
-0.0038373312
0
-0.011664056
0
0.023657792
0.035110895
-0.030386615
0.0012733658
0.057370429
0.0026657186
-0.0076896786
-0.0035144117
-0.013112744
-0.0034124653
0.036080589
0.038733729
-0.044223221
0
0.063257531
0
-0.020716345
0
-0.027748649
0
0
0
0.015210673
-0.021539471
0
0.0063287978
0
0
0.026568117
-0.016341709
0.0049842657
0
0.018908316
-0.031283514
-0.01072992
0.0067634085
0
-0.040835386
0
0.0085659952
0
0.019399241
-0.021644386
0
0.0085739431
0
0.033988384
-0.016514049
0.006909172
0.027482234
-0.030707824
-0.015700173
0.0091751219
-0.040100058
0
0.011321495
0
0
0.030221539
-0.0079163285
0.0042629065
0
0
0.00080569062
0.0082049553
0
0.00073717852
-0.021771469
0.0062032647
0
-0.015581626
0.0048021443
0
0.040064656
-0.007788995
0.0059756289
0
0.0022807594
0.0077330631
0.0038018033
-0.032252458
0.0066143069
-0.014665704
0.0069086293
0
0.0093284233
-0.02095439
-0.0081694743
0.0042138151
0
0.0013354914
0.0018614174
0
0.0040065217
-0.0044288571
0
0.0024828167
0.0037766851
0.020190797
-0.019202141
-0.017781103
0.0063405574
0.0053860492
0.0028566811
-0.0052699052
-0.0020739335
-0.0059476634
0.0047654453
0
0.004704076
-0.056803773
0
0.011264311
0
-0.043114783
0.0083658713
0
0.0010836061
0.012923577
0
0
0.018757577
0.010354775
-0.053779552
0
0.014589029
-0.040942973
0.011174692
-0.0038623422
0.012218234
0
0.016777643
0
0.02391445
-0.021460978
0
0.006120471
0
0.042333322
-0.016505044
0.0049953444
0.036470009
-0.029867478
-0.020674769
0.0067423152
-0.038988554
0
0.0081743023
0
0.027265275
-0.021144804
0
0
0
0.04866208
-0.016401461
0
0.044770631
-0.029264399
-0.025165378
0
-0.038135879
0
0
0
0.051804684
-0.0076053819
0.0041096485
0
0.0034165589
0.0045369573
0.0065309524
-0.044304095
0.0041947862
-0.01356686
0.0050360215
0
0.060338311
-0.0075665827
0
0
0.0037817136
0
0.0077677898
-0.055219242
0
-0.012979173
0
0.032136604
-0.017120868
-0.027124619
0.0048825812
0.0089446461
0.0021929758
-0.015968923
-0.00062448689
-0.014530852
0.0039330733
0.045069979
-0.016116557
-0.037050014
0
0.010807524
0
-0.029811639
0
-0.025228287
0
0.015569591
-0.050157777
0
0.010188661
-0.038288349
0.0080405354
-0.0086133897
0.0085141792
0
0.011256513
0.0209616
-0.048908818
0
0
-0.037312277
0
-0.014428733
0
0
0
