FiniteElementSpace
FiniteElementCollection: H1_2D_P1
VDim: 1
Ordering: 0

-2.460514e-10
1.6558184e-08
-8.3284772e-09
-0.70184302
6.8557994e-09
-1.4121106e-08
-0.40209244
-0.40209188
-0.58323267
-0.89188426
-0.5832327
-0.58323297
-0.19275514
1.3749711e-09
-0.41163143
9.2669867e-09
-0.19275486
2.417593e-09
-1.3297287e-09
-0.19275497
-1.472404e-08
-0.79001889
-0.79001953
-0.30281613
-0.30281596
-0.084595124
-0.30281619
-0.8557748
-0.94210044
-0.49838453
-0.6979172
-0.65257195
-0.8108458
-0.85577523
-0.85577544
-0.65257207
-0.69791762
-0.49838429
-0.49838439
-0.69791777
-0.65257259
-0.29852999
-0.09097117
-0.44999581
-0.35759065
-0.56797282
-0.24818018
5.9519261e-09
-0.14878218
-1.8690013e-08
-0.2320507
-0.35759059
-0.44999573
-1.5457134e-08
-0.14878204
4.2796243e-09
-0.090971055
-0.24817992
-0.29852957
-0.1374423
-0.13744231
-0.29852963
-5.8483338e-09
-0.037476519
-1.0754624e-08
-1.1002487e-08
-0.037476512
8.7784273e-09
-0.09097113
-0.44999599
-0.35759103
-0.24818007
7.3682559e-09
-0.14878216
-4.1110651e-09
-0.91493092
-0.6068872
-0.76725198
-0.9149314
-0.76725231
-0.6068875
-0.76725268
-0.51506764
-0.37695824
-0.11951739
-0.18200345
-0.51506766
-0.18200334
-0.11951722
-0.37695796
-0.21744187
-0.063224083
-0.015545436
-0.063224102
-0.51506814
-0.37695811
-0.1195173
-0.1820036
-0.93264606
-0.88920517
-0.87771294
-0.92099453
-0.65485337
-0.55454887
-0.5424857
-0.64315208
-0.81499277
-0.79250538
-0.85505319
-0.82641135
-0.74703321
-0.73555554
-0.62011212
-0.7129698
-0.68002028
-0.75964335
-0.87771318
-0.88920563
-0.93264633
-0.82641191
-0.82641201
-0.88920573
-0.79250558
-0.81499316
-0.68002037
-0.71297005
-0.62011223
-0.64315234
-0.73555595
-0.74703375
-0.65485375
-0.65485383
-0.74703383
-0.54248563
-0.55454895
-0.45142053
-0.45142057
-0.55454899
-0.5424858
-0.64315255
-0.73555619
-0.81499345
-0.6201126
-0.71297049
-0.58647514
-0.54340019
-0.63783493
-0.51866855
-0.48373263
-0.37780632
-0.33010713
-0.43868613
-0.38503558
-0.49253122
-0.43897403
-0.41429593
-0.45142092
-0.35093136
-0.33826745
-0.24555587
-0.22055234
-0.31307247
-0.2755763
-0.18328741
-0.13398663
-0.22601335
-0.14094143
-0.10518715
-0.043710241
3.3480788e-09
-0.058043204
4.1304374e-09
-0.072846891
-0.27196392
-0.20442549
-0.32509453
-0.16440236
-5.7210417e-09
-0.090003545
5.0222964e-09
-0.13014951
-0.54340022
-0.58647521
-0.38503556
-0.4386861
-0.33010703
-0.3778062
-0.48373262
-0.51866855
-0.20442542
-0.27196382
-6.2191952e-09
-0.090003464
5.600623e-09
-0.072846824
-0.16440223
-0.22601318
-0.13398647
-0.18328718
-0.27557608
-4.1247872e-09
-0.058043131
-5.3934191e-09
-0.04371022
-0.10518699
-0.14094122
-0.22055206
-0.41429575
-0.43897377
-0.31307219
-0.24555554
-0.33826708
-0.35093084
-0.25810965
-0.25810967
-0.35093088
-0.16496369
-0.17703074
-0.11052356
-0.11052356
-0.17703075
-0.16496374
-0.24555563
-0.076939572
-0.09929102
1.8007323e-09
-0.029905205
-3.4205701e-09
-0.017264732
-0.049999704
-0.060089204
-0.02589757
-0.025897567
-0.060089197
1.1729317e-08
-0.0067637348
4.0486777e-09
2.4996942e-08
-0.0067637244
-5.2981228e-09
-0.017264727
-0.099291037
-0.076939619
-0.14094131
-0.049999707
-6.5019639e-09
-0.029905213
9.9361465e-10
-0.04371026
-0.51866881
-0.48373297
-0.58647571
-0.37780644
-0.33010733
-0.43868657
-0.43897389
-0.41429593
-0.33826718
-0.22055218
-0.31307233
-0.27557625
-0.1832873
-0.13398656
-0.22601337
-0.10518707
-4.9084155e-09
-0.058043166
1.1853967e-08
-0.072846871
-0.16440243
-0.27196422
-1.1495351e-08
-0.090003599
-0.90912751
-0.60093103
-0.83871744
-0.78428195
-0.68067974
-0.73947133
-0.90912777
-0.86151761
-0.83871767
-0.7394715
-0.68068003
-0.78428246
-0.70372514
-0.60093125
-0.5045325
-0.60093136
-0.78428262
-0.68068034
-0.61454551
-0.55431131
-0.40883325
-0.46685617
-0.48007236
-0.39578733
-0.27958222
-0.34584944
-0.20453108
-0.16209339
-0.050834064
-0.065348031
-0.29778014
-0.2482038
-0.080820062
-0.10255653
-0.61454558
-0.46685618
-0.40883319
-0.55431136
-0.29778009
-0.10255644
-0.080819977
-0.24820365
-0.20453088
-0.065347947
-0.050833986
-0.16209315
-0.48007227
-0.34584925
-0.27958191
-0.39578694
-0.30486475
-0.21125668
-0.14329454
-0.21125669
-0.11994271
-0.03671062
-0.023386237
-0.079239655
-0.042180992
-0.011671215
-0.0027523876
-0.011671213
-0.11994276
-0.079239659
-0.023386239
-0.036710646
-0.55431172
-0.40883352
-0.48007243
-0.39578701
-0.27958202
-0.34584942
-0.20453102
-0.16209326
-0.050834037
-0.065347982
-0.24820392
-0.080820077
