FiniteElementSpace
FiniteElementCollection: H1_2D_P1
VDim: 1
Ordering: 0

-3.3749775e-08
2.803495e-08
4.178568e-08
0.34897549
-2.8560792e-09
-5.7341425e-08
-0.69345102
1.1025323
-0.32360992
0.13271822
0.95717871
0.79129433
-0.40296193
3.3917269e-08
0.34994331
2.7962415e-08
0.74700271
2.1804389e-08
3.5538641e-08
0.70715985
-2.1265393e-08
-0.37255657
0.59232761
-0.20142639
0.74189735
0.41729964
0.58389134
-0.095244897
0.037229407
-0.57276857
-0.36457099
0.006485113
0.25073698
0.37939515
0.29396599
0.69423914
0.8325449
1.0998609
1.0289586
0.73776923
0.43021563
-0.56881923
-0.20772616
-0.2667484
0.039856993
0.38986462
-0.35087988
-3.7696909e-08
-0.1196329
-2.438016e-08
0.22369985
0.59037065
0.9297718
-5.1549455e-08
0.41510725
-4.8846875e-09
0.38952505
0.79420451
1.0014378
0.61277458
0.60114185
0.96506672
-4.6916725e-08
0.19954779
-4.1071109e-08
-9.9861296e-09
0.19793431
-2.7994045e-08
0.36732005
0.7402807
0.34538926
0.70564242
5.871644e-08
0.33082907
1.8934309e-08
-0.10774407
-0.62492857
-0.047293171
0.17129683
0.57149774
0.99358315
0.3855109
0.040116729
-0.47895764
-0.19038371
0.011227831
0.70704996
0.34669531
0.42851555
1.0310746
0.84929264
0.30769427
0.087655801
0.29980274
0.41818889
0.93005726
0.3813665
0.21008607
-0.02211578
-0.10764992
0.029329744
0.079639064
-0.50627567
-0.60475043
-0.461904
-0.34699869
-0.073877744
0.10893954
0.19153553
-0.23238407
-0.37393632
-0.20840899
-0.16474133
-0.019311967
0.18091491
0.30491537
0.25791659
0.27383228
0.10437478
0.49236191
0.44630757
0.23535242
0.41560963
0.48094938
0.52889225
0.64449792
0.8387688
0.91219052
0.71230195
0.72366547
0.92755162
0.88160186
0.67527059
1.0452365
1.0677393
1.1191737
1.0876659
1.0279285
0.92875009
0.77709941
0.56954373
0.34473346
0.62260215
0.41448396
0.027049394
0.21368642
0.37846782
-0.2963997
-0.12243934
-0.23522808
-0.091376095
0.044417611
0.18878889
0.38075714
-0.53045829
-0.3870078
-0.65103517
-0.63695128
-0.53991955
-0.49036848
-0.38892478
-0.41899164
-0.28828001
-0.27466487
-0.1620321
-0.16377592
-0.30813098
-0.20532619
-0.10406009
2.6109212e-08
-0.098443834
-3.8465525e-08
-0.065879759
0.027738581
0.10591602
0.29736022
-0.06242939
-8.2863368e-09
-0.001670518
3.7510101e-08
0.12957179
0.55789103
0.71615563
0.48023427
0.66520709
0.67810043
0.85524798
0.83231328
0.96370736
0.29273929
0.48356098
-1.3721708e-08
0.18351809
5.7671919e-09
0.2144002
0.38769393
0.59335494
0.42867847
0.62385888
0.78074552
-6.0203571e-08
0.21721806
-1.6898612e-08
0.19386019
0.41514166
0.57705754
0.78258015
0.99660669
1.0876984
0.93191537
0.89085325
1.0325259
1.0732239
0.93943637
0.92473647
1.0505447
0.68945686
0.74330769
0.52059612
0.51647928
0.73488754
0.66612013
0.84918135
0.35308751
0.4648779
5.2056499e-08
0.1498294
4.7363608e-08
0.094132459
0.25562735
0.30951061
0.14245412
0.14201787
0.3079025
-5.5816455e-09
0.038858644
-5.0945073e-08
6.2104788e-08
0.038802459
-6.6067096e-08
0.093282444
0.45390608
0.33923381
0.54439881
0.25167558
1.6957469e-08
0.14601294
-2.6258827e-08
0.18321324
0.77916513
0.59336328
0.43166737
0.67490423
0.47843301
0.38946406
0.99614585
0.85372146
0.96728627
0.72104164
0.83232905
0.65992962
0.55372251
0.36457629
0.46858123
0.38190715
-7.0651073e-08
0.19447175
-3.4419143e-09
0.17330804
0.27960639
0.28582572
-1.5353276e-08
0.11574238
-0.002026525
-0.488678
0.067828295
-0.22439747
-0.18754652
0.14807263
0.17757266
0.36461959
0.33934986
0.48062497
0.79020083
0.61076048
0.8151818
1.0058772
1.0953989
0.92009166
0.51557946
0.60582132
0.20374356
-0.14245524
-0.10551822
0.2089198
-0.42762081
-0.60094958
-0.46895576
-0.3406153
-0.22916577
-0.30068983
-0.10436536
-0.085760278
0.15384945
-0.07827302
-0.038258133
0.047650078
0.55580237
0.53298909
0.77356066
0.85370857
0.39987562
0.15806299
0.20244619
0.54816831
0.61860766
0.21928229
0.20855282
0.60962304
1.0425255
0.90837339
0.92577764
1.0979512
1.0146867
0.82905433
0.63751516
0.80696861
0.52798395
0.17394377
0.12275102
0.39083435
0.22505336
0.065573407
0.016049313
0.065289282
0.50797687
0.38579074
0.12079608
0.16729459
0.61866594
0.54654629
0.90662961
1.0445557
0.8582604
0.77091196
0.52333042
0.56032719
0.19258181
0.18820553
0.38938466
0.14937656
