4.20958339147010e-2
-2.75817984312101e-7
4.78375356262927e-2
-4.20988909067593e-2
3.62890868367056e-2
-3.03638131690487e-2
-8.10688170346269e-7
3.87727238196009e-7
-4.78404226839886e-2
-3.03686432752830e-2
5.81567182466643e-7
-2.43932956402010e-2
3.03663464640826e-2
3.62918041903736e-2
4.21016662853366e-2
2.43907296239904e-2
1.83388189464331e-2
1.23445575022115e-6
1.83401811739078e-2
1.22563788232051e-2
-6.13444563669624e-3
-2.75729822582955e-7
4.78432517185157e-2
-4.21043354597378e-2
3.62946387961683e-2
-4.78461389021991e-2
2.66083229973294e-6
6.13524617066391e-3
-1.22545385960511e-2
1.68397608565300e-6
-3.44000947038341e-6
1.83338430335619e-2
-1.23456228032593e-6
2.43858189035340e-2
-1.83368898790469e-2
-1.22530287564201e-2
-6.13449043640179e-3
-2.43883843203063e-2
5.81702814099819e-7
-3.03607054762747e-2
-3.62862525469020e-2
2.66041707911759e-6
6.13184860782873e-3
-1.22511893513912e-2
8.39187545371577e-2
-1.41423379263606e-8
8.83967203861753e-2
-8.39211836200921e-2
7.93085263441060e-2
-7.44411940532755e-2
-4.19806772034555e-8
1.99930148311444e-8
-8.83990334686117e-2
-7.44463842459720e-2
2.96900537651284e-8
-6.94596194088678e-2
7.44437946880740e-2
7.93110410597088e-2
8.39235978943617e-2
6.94569235739483e-2
6.42470680878171e-2
6.23677205334908e-8
6.42497868227096e-2
5.89367098721742e-2
-5.34343964265035e-2
-1.41364084814639e-8
8.84013434302732e-2
-8.39260068694296e-2
7.93135621625604e-2
-8.84036564018762e-2
-1.31066854759388e-7
-5.34316303889159e-2
-5.89338844684170e-2
8.81350476014415e-8
-1.84954385825415e-7
6.42415191007014e-2
-6.23924439619383e-8
6.94515453005917e-2
-6.42443260583880e-2
-5.89310871782328e-2
-5.34288149901244e-2
-6.94542411841153e-2
2.97023854851919e-8
-7.44385624133188e-2
-7.93060051546765e-2
-1.31115374914920e-7
-5.34258639199638e-2
-5.89282617892667e-2
1.12966277630606e-1
-7.28033178422429e-10
1.15498529169232e-1
-1.12967680128817e-1
1.10254153285778e-1
-1.07186503841022e-1
-2.15964888212673e-9
1.02931032273934e-9
-1.15499784678047e-1
-1.07189872483967e-1
1.52668315600677e-9
-1.03950356638809e-1
1.07188188482373e-1
1.10255699085612e-1
1.12969081790222e-1
1.03948535235580e-1
1.00375014891210e-1
3.20545844090454e-9
1.00376964004400e-1
9.66423676987196e-2
-9.25973688253070e-2
-7.27766172066574e-10
1.15501039950290e-1
-1.12970483103523e-1
1.10257245140796e-1
-1.15502295300577e-1
-6.73131968968819e-9
-9.25951762258852e-2
-9.66402894716861e-2
4.53406101639381e-9
-9.52099966541242e-9
1.00371110736079e-1
-3.20686617630315e-9
1.03944892913506e-1
-1.00373064521411e-1
-9.66382126409673e-2
-9.25929810684819e-2
-1.03946714457491e-1
1.52735287958783e-9
-1.07184817532163e-1
-1.10252607079822e-1
-6.73420758739995e-9
-9.25907788209465e-2
-9.66361342860335e-2
1.24815733211556e-1
-5.52647458412018e-11
1.25016745331844e-1
-1.24815894275924e-1
1.24414594814946e-1
-1.23613688095768e-1
-1.22961644442856e-10
7.80860380696080e-11
-1.25016745418075e-1
-1.23614650442566e-1
8.69363276842765e-11
-1.22615543795053e-1
1.23614169330745e-1
1.24414916421851e-1
1.24816055208573e-1
1.22614903755405e-1
1.21221811466182e-1
1.68890374615576e-10
1.21222608172834e-1
1.19634994836947e-1
-1.17663125838350e-1
-5.51855315579705e-11
1.25016745418098e-1
-1.24816216022717e-1
1.24415237956164e-1
-1.25016745331898e-1
-3.47906212627876e-10
-1.17662021355889e-1
-1.19634042503865e-1
2.38898017687617e-10
-4.92191768603494e-10
1.21220217497969e-1
-1.68926110300827e-10
1.22613623456645e-1
-1.21221014610598e-1
-1.19633090162641e-1
-1.17660916662224e-1
-1.22614263665136e-1
8.69969096761736e-11
-1.23613206690607e-1
-1.24414273109189e-1
-3.48128317839702e-10
-1.17659811525451e-1
-1.19632137664895e-1
1.17663125838399e-1
-3.48008890261467e-10
1.15502295300524e-1
-1.17662021355983e-1
1.19634042503857e-1
-1.21221811466100e-1
-2.38825074835916e-10
4.92313333329275e-10
-1.15501039950263e-1
-1.21220217497924e-1
1.68906263731420e-10
-1.22613623456620e-1
1.21221014610591e-1
1.19633090162654e-1
1.17660916662358e-1
1.22614263665202e-1
1.23613688095775e-1
8.69374441050641e-11
1.23613206690582e-1
1.24414273109224e-1
-1.24815733211592e-1
-3.48225419954441e-10
1.15499784678083e-1
-1.17659811525502e-1
1.19632137664851e-1
-1.15498529169284e-1
-5.52476213920312e-11
-1.24815894275876e-1
-1.24414594814915e-1
1.22998394455620e-10
-7.80151100568531e-11
1.23614650442527e-1
-8.69178837093842e-11
1.22615543795035e-1
-1.23614169330762e-1
-1.24414916421886e-1
-1.24816055208537e-1
-1.22614903755386e-1
1.68825557700369e-10
-1.21222608172816e-1
-1.19634994836995e-1
-5.51720752417495e-11
-1.24816216022662e-1
-1.24415237956124e-1
9.25973688252622e-2
-6.73132963967278e-9
8.84036564018216e-2
-9.25951762260265e-2
9.66402894718170e-2
-1.00375014891315e-1
-4.53403573331734e-9
9.52102674695379e-9
-8.84013434303879e-2
-1.00371110735975e-1
3.20676564452950e-9
-1.03944892913502e-1
1.00373064521345e-1
9.66382126410022e-2
9.25929810685446e-2
1.03946714457451e-1
1.07186503840950e-1
1.52732208198515e-9
1.07184817532159e-1
1.10252607079848e-1
-1.12966277630632e-1
-6.73428177346916e-9
8.83990334686013e-2
-9.25907788209182e-2
9.66361342859309e-2
-8.83967203861487e-2
-7.28008461159261e-10
-1.12967680128771e-1
-1.10254153285755e-1
2.15959929084596e-9
-1.02922677553126e-9
1.07189872483965e-1
-1.52670600213967e-9
1.03950356638784e-1
-1.07188188482406e-1
-1.10255699085621e-1
-1.12969081790148e-1
-1.03948535235662e-1
3.20548132481946e-9
-1.00376964004377e-1
-9.66423676986744e-2
-7.27718239834640e-10
-1.12970483103470e-1
-1.10257245140792e-1
5.34343964265009e-2
-1.31066901147409e-7
4.78461389021498e-2
-5.34316303889115e-2
5.89338844683666e-2
-6.42470680878134e-2
-8.81350937115298e-8
1.84954391742364e-7
-4.78432517185047e-2
-6.42415191007605e-2
6.23925319169917e-8
-6.94515453005626e-2
6.42443260584909e-2
5.89310871782467e-2
5.34288149901436e-2
6.94542411841721e-2
7.44411940532861e-2
2.97023393004170e-8
7.44385624132899e-2
7.93060051546927e-2
-8.39187545371716e-2
-1.31115352161403e-7
4.78404226840306e-2
-5.34258639199988e-2
5.89282617893249e-2
-4.78375356263277e-2
-1.41423773497411e-8
-8.39211836200991e-2
-7.93085263440742e-2
4.19807195202373e-8
-1.99930320285454e-8
7.44463842459437e-2
-2.96900803497488e-8
6.94596194088122e-2
-7.44437946881694e-2
-7.93110410597781e-2
-8.39235978944490e-2
-6.94569235740008e-2
6.23676646785420e-8
-6.42497868226522e-2
-5.89367098721726e-2
-1.41363805973571e-8
-8.39260068693744e-2
-7.93135621625326e-2
6.13444563678346e-3
-2.66083238569069e-6
-6.13524617076906e-3
1.22545385960715e-2
-1.83388189463411e-2
-1.68397597272794e-6
3.44000957461383e-6
-1.83338430335080e-2
1.23456221036150e-6
-2.43858189035514e-2
1.83368898789357e-2
1.22530287563780e-2
6.13449043646243e-3
2.43883843203092e-2
3.03638131690548e-2
5.81702816891240e-7
3.03607054762922e-2
3.62862525469167e-2
-4.20958339147153e-2
-2.66041713768445e-6
-6.13184860783048e-3
1.22511893513365e-2
-2.75817963443590e-7
-4.20988909066887e-2
-3.62890868366558e-2
8.10688226214016e-7
-3.87727125792856e-7
3.03686432752575e-2
-5.81567086216260e-7
2.43932956402716e-2
-3.03663464640627e-2
-3.62918041904509e-2
-4.21016662853013e-2
-2.43907296239147e-2
1.23445573445898e-6
-1.83401811739784e-2
-1.22563788232918e-2
-2.75729798684260e-7
-4.21043354596886e-2
-3.62946387961428e-2
