FiniteElementSpace
FiniteElementCollection: H1_2D_P1
VDim: 1
Ordering: 0

-1.3666215e-05
-1.9097384e-07
1.7704931e-07
1.2870141e-07
-1.8050874e-08
-1.294691e-07
-0.19762217
-4.7185219e-08
1.874053e-07
-1.1529272
0.9212919
-0.91899166
-0.075169326
0.56021819
-0.75916461
2.788597e-08
2.4164843e-07
-0.76146498
1.8327494e-08
-0.19816288
3.8359172e-08
0.56665741
-8.6894992e-08
9.2707195e-08
0.6484665
0.49495043
-0.43637423
-0.697754
0.39170732
0.34870498
-0.01901241
-0.35455287
-0.021098031
-1.1110196
-1.1151123
-0.82379332
-0.5955559
-0.14199706
0.19362072
0.36903331
0.053100333
0.19874594
0.55878266
0.81664266
0.96222685
0.7533851
-0.39507965
-1.0271448
-0.63436585
-0.63503715
-1.0292439
-2.202696e-07
-0.20777932
-1.9372374e-08
-1.3206441e-07
-0.20787191
1.1939752e-07
-0.39636157
-0.87866498
-0.49633682
-0.22077216
-0.78675696
-3.6730208e-07
-0.39244793
1.0733722e-07
-0.12667397
0.1394602
0.50321871
-7.7800021e-08
0.22513348
-6.7492085e-08
0.29342035
0.53572474
0.78428105
0.49524394
0.51912903
0.85896254
-4.4379228e-08
0.16441666
-8.1193888e-09
9.7098389e-08
0.16772908
-2.0399138e-07
0.33901335
-0.17914538
-1.0390069
-0.50575863
0.14312786
0.20889696
0.83024935
-0.88811208
-0.31740562
-0.091662459
-0.31786029
-0.59667708
-1.0283018
-0.42481144
-0.29505748
0.17357665
0.092378738
0.28996945
0.71566483
0.70968499
0.24571728
0.07324784
0.26192012
-0.0049396085
-0.094853166
-0.096350354
-0.0054804823
-0.26735842
-0.2133446
-0.045113215
-1.094586
-1.1529477
-1.1547665
-1.0968843
-0.94726042
-1.035475
-0.88716127
-0.4356595
-0.32561966
-0.10847469
-0.67435261
-0.77033192
-0.56034406
-0.40192144
-0.17267463
0.049737827
0.10299944
0.013755621
0.05065645
0.17322604
0.34489301
0.43945674
0.25223763
0.028560253
0.20512306
-3.4921184e-05
0.20630415
0.3886431
0.56710355
0.38899696
0.5347953
0.70869905
0.80304753
0.63416424
0.70515355
0.83471143
0.88968517
0.95438039
0.91645479
-1.1097666
-0.97426581
-0.97511418
-1.1110752
-0.90858109
-0.70809591
-0.77263753
-0.54212106
-0.54235837
-0.77312358
-0.70944277
-0.9109867
-0.58541605
-0.36158446
-0.48007434
-0.19684825
8.0942277e-08
-0.15457301
-1.9166347e-07
-0.097966564
-0.2651325
-0.32277137
-0.14872496
-0.14874998
-0.32286365
1.093679e-07
-0.040603743
1.3396774e-08
-8.3034366e-08
-0.040606933
1.8865947e-08
-0.098015241
-0.48070695
-0.3623834
-0.5873014
-0.26535955
1.5179183e-08
-0.15479263
1.2413813e-07
-0.19746293
-0.60836198
-0.41722751
-0.2143206
-0.91659916
-0.75232071
-0.80525197
-0.61046079
-0.55939957
-0.35772126
-0.21561328
-1.0921906
-0.97157688
-1.0474928
-0.78795073
-0.92531645
-0.75674962
-0.61772767
-0.41660674
-0.55883846
-0.41770018
1.5672154e-07
-0.21591072
4.1777112e-09
-0.20390084
-0.40798345
-0.22075475
-0.16838612
-0.35201953
-2.3453231e-07
-0.15842509
6.2346437e-08
-0.073372303
-0.019698875
0.18750082
-0.021126387
0.15756093
0.27822047
0.45415845
0.35034104
0.53872384
-0.004990346
0.11845267
-1.0485181e-08
0.055451772
4.5015374e-08
0.11979998
0.16783533
0.31558576
0.26561708
0.41999689
0.47788845
3.5990827e-08
0.14865489
3.0756975e-08
0.14661449
0.29889357
0.43502578
0.56504676
0.62638638
0.77665153
0.63487352
0.68421892
0.76855793
0.86404307
0.76377643
0.79396007
0.91061085
0.54241451
0.60896019
0.42907487
0.43752772
0.62624905
0.59033129
0.76978424
0.27503607
0.3726136
1.7979107e-07
0.11968828
1.2993157e-07
0.077431913
0.20790024
0.25631167
0.11840827
0.11930385
0.25961334
-7.3306872e-08
0.032390313
-1.9029106e-07
-8.5295744e-08
0.032505627
-3.5919581e-08
0.079176836
0.39514139
0.30348143
0.50208345
0.2160136
1.6203494e-07
0.12752405
-8.7558862e-08
0.16847514
-0.045799874
-0.1534309
-1.1454721
-1.0094853
-0.27209289
-0.73524898
-0.37005155
0.036571854
0.053993602
0.30467256
0.041493694
0.014020051
0.39397225
0.37286873
0.68117268
0.7166095
0.91532953
-1.0610657
-0.85476381
-0.66665528
-0.8560387
-0.54107974
-0.17822703
-0.12728381
-0.40591712
-0.23534037
-0.06841387
-0.016782863
-0.068430221
-0.54223423
-0.40620735
-0.12739595
-0.17861009
-0.41835867
-0.77662707
-0.69677664
-0.39719811
-1.0230493
-1.1217598
-0.93473993
-0.8819888
-0.5998168
-0.61313646
-0.21019656
-0.21395399
-0.29884792
-0.4947853
-0.18548333
-0.12200261
-0.011758532
-0.02292477
0.31848691
0.37386278
-0.014708719
0.0055143928
0.092510307
0.2287019
0.37929363
0.13834645
0.15120096
0.43820559
0.67485237
0.5604921
0.67606824
0.84033597
0.84788937
0.66087168
0.53272107
0.70621995
0.41229465
0.13574674
0.099750081
0.31930505
0.18806034
0.054384595
0.013411372
0.05496791
0.45337445
0.32966032
0.10376343
0.14939911
