4.44646662972614e-2
1.68383106412286e-2
2.94848162551653e-2
-2.79881125545534e-2
3.94575280469418e-2
2.79802936521083e-2
1.27671347238439e-2
-2.68614557232587e-2
-1.22962236824947e-2
-4.05763738390139e-2
-3.65443637163833e-2
-9.10505197618358e-3
-2.64876165491520e-2
9.22659058112672e-3
3.57022069337722e-2
2.73297702062219e-2
3.28503567819878e-2
2.73544047487554e-2
6.03149843513837e-3
-3.34942392470135e-2
-6.17756363414661e-3
-2.67105216171594e-2
3.10371392892163e-3
-2.73550159331361e-2
3.06462038372557e-2
2.78559916226440e-2
-3.42962690253417e-3
-3.11471761630404e-2
2.86380227119433e-2
-8.70241196574827e-4
2.89217211490081e-2
4.48834301303626e-4
-2.82456147428381e-2
-2.93141242685698e-2
-2.92222613027565e-2
-2.78853105551819e-2
2.75847826988181e-2
-1.87012685189484e-3
2.95227940952432e-2
1.42746999731692e-3
-3.01504621751742e-2
-2.68160281038913e-2
-3.75593063508676e-3
2.66046699736302e-2
3.03618239343966e-2
3.35258384671204e-3
-2.61124531208616e-2
4.77621168537660e-3
-5.09440366388787e-3
-3.09259546286963e-2
3.10401238815495e-2
2.59982849383908e-2
3.14760021774254e-2
5.56431261771146e-3
-2.58195753484651e-2
-3.14751944429324e-2
-5.76549915795238e-3
2.58187647399828e-2
-2.60120091559189e-2
5.58434719384322e-3
2.61470442661219e-2
3.16179247683649e-2
-5.64880598533386e-3
-3.17529676458662e-2
2.70864079848013e-2
-4.62427965207680e-3
3.14394265150840e-2
4.70678211298334e-3
-3.17380449835927e-2
-2.67878031430013e-2
3.09326221530770e-2
2.80212441741886e-3
-2.82652106782345e-2
2.87600040821949e-2
-2.56871322758969e-3
-3.14274354578488e-2
3.13114135633796e-2
6.51808267545104e-4
3.01006359175971e-2
-3.05824776180607e-2
-2.66213697304338e-4
-3.08295983391059e-2
3.49085266660601e-2
2.89492554737891e-2
-4.65314365739511e-3
-2.99569527528637e-2
-3.39008620038091e-2
5.19336379171216e-3
1.12493861093578e-2
-2.88181361622394e-2
3.97510388199746e-2
2.74782571078682e-2
-1.05471318455556e-2
-3.84111977321449e-2
2.56730421864786e-2
-1.81891012067051e-2
-4.43442691269474e-2
-2.74106238750889e-2
4.19746353161837e-2
9.13508588876707e-3
3.48435038829478e-2
-3.36134108019702e-2
3.79569722606220e-2
3.19027306305593e-2
-6.32267546249999e-3
-3.10179150030680e-2
-3.88417984479420e-2
7.41041948573143e-3
-2.95970982447964e-2
-3.56814640031168e-2
3.50282904018390e-2
5.65475009469192e-3
-5.10266183889199e-3
3.02502664352858e-2
3.74780008258480e-3
-2.90962791174273e-2
3.28044168708321e-2
2.96027735894285e-2
-3.59774138065365e-3
-3.33109126903912e-2
3.10200295721446e-2
2.96545186555669e-2
1.70140549591818e-3
-2.92393473621809e-2
-3.14351993036929e-2
-1.81591825068982e-3
-3.78660686288660e-4
-2.97599256436552e-2
2.95200727687161e-2
3.01132139536591e-2
-2.98733578701155e-2
1.26123930037448e-4
-2.85398070013877e-2
2.04912593523207e-3
2.82392295127177e-2
-2.33243946167504e-3
-3.04234798934691e-2
3.07240609890873e-2
-3.97678578502453e-3
-3.10381592937575e-2
3.12804264927568e-2
3.74778088061231e-3
2.71792963484052e-2
-2.74215607462635e-2
-2.65577456441576e-2
5.01437937811871e-3
3.16250837935273e-2
2.63897458882279e-2
-5.12551886341461e-3
-3.14570833953472e-2
2.59529286771890e-2
3.16461472582912e-2
-5.60044723926490e-3
-3.15754449073213e-2
-2.60236335926285e-2
5.65172279537613e-3
-3.13247274155460e-2
-2.59191598079594e-2
5.47831991767440e-3
3.12702683090356e-2
2.59736121213267e-2
-5.23555666486456e-3
2.65721957775953e-2
-3.87594994461241e-3
3.04542554686613e-2
4.32798125857091e-3
-2.63612722287186e-2
-3.06651906464616e-2
2.91754561347329e-2
2.04480802011639e-3
-2.74796089117854e-2
-1.37226691440918e-3
-2.95770499014972e-2
2.78811857977597e-2
-2.80504600064766e-2
-2.94153893389939e-2
3.00449231863816e-2
2.74209041534337e-2
-1.52626197301635e-3
2.42932245435943e-3
3.32229552485914e-2
2.51752787158211e-2
-3.23238230575931e-2
-6.55364816422570e-3
-2.60744375172478e-2
7.70176069292718e-3
2.24080563685160e-2
-1.32383576184522e-2
3.75976487951976e-2
1.46564722484856e-2
-3.63806051986428e-2
-2.36251299917465e-2
1.90607440614492e-2
-2.18380331011961e-2
-4.17930457502991e-2
-2.06542560305719e-2
1.08648895779477e-3
-3.79799592456128e-2
3.79141514592147e-2
3.88109529575494e-2
3.46160151567451e-2
-4.10305929288161e-4
3.53663375920221e-2
-3.40765919498135e-2
-3.59057729699931e-2
2.01017856718038e-3
-3.18291779882102e-2
-3.40208446079594e-2
3.36392619435642e-2
2.18320391142861e-3
3.22107538208831e-2
-1.33029316932966e-3
1.56944716542286e-3
-3.08528748877679e-2
3.11692174946700e-2
-1.25859044262840e-3
-3.26148742350516e-2
3.22985289283995e-2
3.10966106123059e-4
-3.07377192304246e-2
3.10786139451256e-2
-3.13810638431915e-2
-3.39524390579609e-4
3.10401693570244e-2
-3.01662438669244e-2
1.15476011273675e-3
3.14113559023900e-2
2.98590156282176e-2
-1.34556004418940e-3
-3.11041256212413e-2
3.19408182346370e-2
2.90217113079864e-3
2.86243961388398e-2
-3.11222372876727e-3
-3.16327204424470e-2
-2.89324911744671e-2
2.74286915270221e-2
-4.70005593150518e-3
-2.77192695586096e-2
4.57967559376857e-3
-3.20724596560228e-2
3.23630399051538e-2
2.63688661932776e-2
-5.83985513331185e-3
3.24827967199267e-2
5.88794413746417e-3
-2.66147411580866e-2
-3.22369211718245e-2
2.55671577741266e-2
-6.29074722547818e-3
-2.57361256960190e-2
6.56114717312502e-3
3.21646792866382e-2
-3.19957134270554e-2
-3.12641908496982e-2
-2.52166400510495e-2
6.36858595038640e-3
2.51592956787006e-2
3.13215296624068e-2
-5.84146766478901e-3
2.52867939371026e-2
2.99024829777500e-2
5.11143178575957e-3
-2.99923883830520e-2
-2.51968980432182e-2
-4.30682334942200e-3
-2.81530441337555e-2
-2.58195867443818e-2
2.60923701816602e-2
-1.52001722920723e-3
2.78802469225395e-2
2.61556243163982e-3
2.67956148687266e-3
-2.57282521968453e-2
2.77184204140395e-2
2.52369544652900e-2
-2.72271403611551e-2
-1.27986121342135e-3
-2.95629214397895e-2
-6.73918803904702e-3
2.19480628536078e-2
3.03092377781400e-2
8.46402186774995e-3
-2.26944001316562e-2
1.79644053254467e-2
-1.39536997004228e-2
3.40182366736474e-2
-1.90056031789539e-2
-3.29770615717196e-2
1.60409651808639e-2
-3.76382656418891e-2
-2.31720015440438e-2
1.31936918195076e-2
-1.45768252994856e-2
3.24612583537570e-2
4.07912621160145e-2
-6.57947550297890e-3
-4.05205164795832e-2
3.19678927643196e-2
3.56215766978250e-2
-3.20278033999012e-2
4.65174013603933e-3
-2.70663726152716e-3
-3.55616784463140e-2
-3.18923606146716e-2
1.49175481790169e-3
-5.42491795799021e-4
-3.28410020052134e-2
3.28599553378501e-2
3.18733999247310e-2
1.06179069405472e-5
-3.17734771784147e-2
-3.17492221469450e-2
3.16716400183439e-2
3.18510558313072e-2
2.58360328907543e-4
3.11252901318918e-2
3.19304172997036e-2
5.75216973621815e-4
-3.12991501312724e-2
-6.95024672171180e-4
-3.17565578984691e-2
3.25358601438322e-2
1.93419813698268e-3
3.01909214446983e-2
-2.20690401629781e-3
-3.22683176386433e-2
-3.04584626332135e-2
-4.06964920284153e-3
-3.28977717491320e-2
-2.92757436173790e-2
2.89396753513841e-2
3.32338421477903e-2
3.82221885710370e-3
2.75037900816261e-2
-5.86831522780111e-3
3.37069277081001e-2
5.77490569251667e-3
-3.33391296389140e-2
-2.78715862701541e-2
-7.24220131120439e-3
-3.33751463035557e-2
-2.64027460938064e-2
3.37324572525471e-2
7.39179962310743e-3
2.60454358332951e-2
2.47387023621596e-2
-7.88598805077918e-3
3.31627438818790e-2
8.33641409105342e-3
-3.28598716164182e-2
-2.50415760742700e-2
2.37583806148452e-2
3.19082390882985e-2
-7.54579750015400e-3
-3.17031035526475e-2
-2.39635203397910e-2
8.33123471717611e-3
2.32722257355324e-2
2.99224247614992e-2
-6.01259672852341e-3
-2.98559645030435e-2
7.15075318602963e-3
-2.33386934100528e-2
2.71866834848861e-2
4.61257535469491e-3
-2.33257989769891e-2
2.34353632485202e-2
-3.11288408330668e-3
-2.72962585080036e-2
-2.40680514858853e-2
5.65199019645471e-4
2.36934242516888e-2
2.43867911585477e-2
1.30470956926766e-3
-2.40121775925904e-2
-1.99830976285060e-2
-2.56919144178828e-2
7.38918153542054e-3
2.62491026041573e-2
1.94258936537634e-2
-5.12998138132420e-3
-2.83108217751481e-2
-1.26257590263731e-2
1.53159323753441e-2
-1.51569603777070e-2
2.91339543782544e-2
1.43338114024316e-2
8.30644951137956e-3
-2.21277897464652e-2
-3.20371591790052e-2
-9.42585163379684e-3
-1.75140455580665e-2
-3.99076283259209e-2
-2.28009077376020e-2
1.60181377326491e-2
3.63456454292325e-2
1.56853549967590e-2
-3.51400613046323e-2
-1.82936596592320e-2
-1.68909728232665e-2
2.05834672965667e-2
3.85075984970447e-2
1.99968804498403e-2
-1.94575752376246e-2
-3.71994820365163e-2
1.81494318772749e-2
-1.80596892078831e-2
2.88535400333482e-2
3.04137309466236e-2
-3.00869116431769e-2
-2.91802683496201e-2
1.10260227334833e-3
-1.38241147158146e-3
-1.79122710022382e-3
-3.07354910457666e-2
-2.93841665437260e-2
3.10526119334147e-2
1.55722210980993e-3
2.90670486520282e-2
-8.59496017243916e-4
-3.04551221265485e-2
2.97078771556015e-2
3.07854999630888e-2
-3.00383751820445e-2
6.53484252318151e-4
2.84541540367131e-2
-2.69138126595936e-3
-3.10253108148266e-2
3.13279610503757e-2
2.45705958094821e-3
-2.87569039411342e-2
-3.13654781051170e-2
-2.95506563683508e-2
3.16746802959523e-2
2.01742680551814e-3
2.92415711068158e-2
-2.23332539730465e-3
2.94071986264958e-2
-2.68485555222812e-3
3.22854338188512e-2
2.45502825877497e-3
-2.97117626701249e-2
-3.19808675844883e-2
-3.17072565773860e-2
-3.02927296278256e-2
3.00072096785126e-2
3.19926386862371e-2
-1.80544747334011e-3
1.59398537659336e-3
2.87085451904652e-2
-1.07768578338223e-3
1.72401689555237e-3
-2.93928057726408e-2
-3.01291595469297e-2
3.08134817920740e-2
2.88465928818115e-2
3.56006895250562e-4
-2.83360273937347e-2
4.30232852040711e-4
2.83583742684150e-2
-2.88690381108144e-2
-2.06730059851004e-4
-2.99706725610602e-2
2.95066797308800e-2
-2.89432940857631e-2
7.56293078100294e-4
2.94072655284451e-2
6.65790581439367e-3
-2.79643114653467e-2
-3.32639836044161e-2
3.42233054923179e-2
2.70050337914535e-2
-5.81077062718003e-3
-3.07376563594730e-2
-3.84641458182710e-3
3.14963465118217e-2
2.63608472444592e-2
4.86951646425375e-3
-2.71196334516692e-2
3.23779647461578e-2
4.00417833602199e-3
-2.87242397217200e-2
2.79083238621625e-2
-3.25899268281666e-3
-3.15620758649051e-2
3.35287965346369e-2
7.96681966763035e-3
2.53621454122862e-2
-7.67229658321793e-3
-3.31932122417305e-2
-2.56976769992872e-2
-3.23655371811750e-2
-2.44563105020085e-2
8.46778174392504e-3
2.41970330309010e-2
-7.85288353387273e-3
3.26248377422094e-2
-3.15326914527350e-2
-2.75996126099311e-2
2.73359704655617e-2
-4.27945086659341e-3
4.11406954553389e-3
3.17962602412139e-2
-3.18768083667708e-2
-2.83186447455705e-2
3.76913308082591e-3
-3.94580858489566e-3
2.80164537604943e-2
3.21790915019289e-2
3.15837204242595e-2
3.31999477127157e-3
2.78746090061842e-2
-3.53030804130327e-3
-3.12985001996208e-2
-2.81598262414398e-2
4.27131118710243e-2
2.66190997883894e-2
1.49204394230703e-2
-2.81487181100779e-2
-4.11835562585870e-2
-1.41319499042386e-2
4.17061034109314e-2
1.71482140126625e-2
-2.51166180846104e-2
2.36452865024248e-2
-1.59649911369545e-2
-4.02348073359245e-2
3.88584658803573e-2
1.31970718572164e-2
-2.61637275847223e-2
-3.75728739849648e-2
2.48781491181194e-2
-1.21324427830255e-2
-2.77800884165752e-2
-3.01749325651493e-2
2.82236700876057e-2
-2.12293033065304e-3
1.73936732010381e-3
2.97314306460076e-2
3.00347850836061e-2
1.22275863348203e-3
-2.86536625546899e-2
-3.04500085941143e-2
2.90688894218035e-2
-1.50161394469101e-3
-2.62937043888198e-3
-3.13494936831181e-2
3.08876030863361e-2
2.42196804005914e-3
-2.83382890019736e-2
2.88000734921209e-2
3.14478764212113e-2
3.17928862048384e-2
-3.15717383714131e-2
2.53667909027023e-4
-2.12051582614138e-4
-3.16688788472906e-2
4.90434078566965e-3
-2.79688232805462e-2
3.29011349683260e-2
2.85505912192730e-2
-4.88890086539844e-3
-3.34830109586642e-2
-2.92488743918378e-2
-3.44186822058702e-2
2.98199685814770e-2
-4.38837794039591e-3
3.38476947665261e-2
4.72229140065188e-3
-2.79696770902113e-2
-3.47634943940225e-2
6.17406909647786e-3
2.86307039421383e-2
-6.00551427174668e-3
3.41024652703118e-2
-4.99430278774266e-3
-2.98482923711890e-2
-2.43516386699507e-2
2.43679044598271e-2
2.98320266497733e-2
5.96795140948800e-3
-2.35842061347244e-2
7.90019580202274e-3
-6.93987335828967e-3
-3.08676587873773e-2
2.34434862688731e-2
3.10083751763279e-2
2.43745514602968e-2
-5.92585064431717e-3
-2.44342956241862e-2
6.74058170466196e-3
3.07686504001747e-2
-3.07089128219925e-2
-2.97743949608488e-2
-2.68304687257963e-3
2.73245144298981e-2
2.93083412367183e-2
-2.68584554154433e-2
2.17508402182181e-3
3.02724319959220e-2
2.68375710894499e-2
3.70984915274159e-3
-4.17466745015629e-3
-3.08045428502943e-2
-2.63055340454266e-2
-3.21984668573450e-2
-2.71465720679193e-2
2.68746296652645e-2
3.24704708936251e-2
5.29743964078148e-3
-5.34164461027874e-3
3.30781254490369e-2
5.91149455959534e-3
-2.71563752265645e-2
2.68411706624483e-2
-5.91481598367095e-3
-3.27629194214577e-2
5.13579639521671e-3
-2.78021037066584e-2
3.29942455485892e-2
2.74773580269724e-2
-3.26695958307665e-2
-5.23163213480466e-3
-3.16950350331203e-2
-2.54227975414844e-2
3.18126148103326e-2
6.58619598285443e-3
2.53052145681895e-2
-6.19075526013081e-3
3.21454420856441e-2
7.40079118043659e-3
-2.49946040991603e-2
-3.19619567849940e-2
-6.89159199654786e-3
2.48111155554652e-2
-3.23634273207000e-2
-2.54339635531835e-2
2.52030052412420e-2
3.25943428270873e-2
-6.97152792747556e-3
7.33700063071021e-3
2.05988716159325e-2
-1.45355698744389e-2
-3.27426649065947e-2
-1.79766261568736e-2
1.34443103939939e-2
3.38339051198806e-2
-1.69743239706605e-2
-3.07935205083634e-2
1.59441684164110e-2
3.17300770056798e-2
1.60377692758169e-2
-1.35461542678615e-2
-3.22466221204212e-2
-4.78239758886642e-3
-2.69912678844693e-2
4.53560877662456e-3
3.16798292651444e-2
2.75581513064573e-2
2.86172898617521e-2
3.18373669848129e-2
3.65225584472249e-3
-3.23536968055025e-2
-3.76191299000878e-3
-2.81009589126740e-2
3.14020432168780e-2
5.41114159378715e-3
2.61434480996397e-2
-5.31952039922241e-3
-3.15003956717062e-2
-2.60450529006240e-2
-2.59107243790536e-2
5.67705678998117e-3
2.58988341946254e-2
-5.53293829825214e-3
3.15111093342745e-2
-3.14992574213944e-2
-5.55957539179708e-3
-3.15384029555097e-2
-2.59526438169641e-2
5.56732443216872e-3
2.59820790439331e-2
3.15089628463431e-2
3.29675501934571e-2
2.74629153878300e-3
-3.04268507448433e-2
-3.21054341035239e-2
-2.28411836069237e-3
2.95646065832181e-2
3.54703253034748e-2
7.46219710781380e-3
2.88893619416514e-2
-7.11282424545943e-3
-3.62278640514941e-2
-2.81319171400779e-2
3.09322028953889e-2
-5.74324533812067e-3
-3.71397441057744e-2
3.63833418048508e-2
6.54755084985312e-3
-3.01757229253009e-2
8.77666397626013e-3
-2.84831944034345e-2
-3.79151482829511e-2
2.93574061532763e-2
3.70409297621289e-2
-8.21971227575696e-3
2.16584745199455e-2
-2.06760967749431e-3
2.51969425866631e-2
4.12859912667991e-3
-2.20929719168968e-2
-2.47624885183858e-2
2.73728743694175e-3
-2.91045629417436e-2
-3.23249709530535e-2
3.18694443130539e-2
2.95602059110158e-2
-2.73608214423513e-3
-3.21910217104695e-2
-1.75889031177854e-3
3.03664456579474e-2
3.18061180398346e-2
-2.99815424704325e-2
1.83787932999908e-3
3.25908735234127e-2
3.04843232473288e-2
-2.36477056579409e-3
-3.30088266818789e-2
-3.00664992346241e-2
2.61590685057181e-3
2.59825787547164e-2
-1.74113063915177e-2
4.22264037371000e-2
1.76992932970197e-2
-2.46037552888497e-2
-4.36052360392651e-2
2.03747418432863e-2
-2.48577361191798e-2
4.50840057289185e-2
2.64434044626618e-2
2.62521606353346e-2
3.07269159208271e-2
4.13544013309321e-3
-4.50106877589464e-3
-3.05625816731291e-2
-2.64165038028723e-2
-2.67357727203635e-2
4.22166122009036e-3
-4.48671281871794e-3
-3.09005464397622e-2
3.10844166087762e-2
2.65519047393727e-2
2.69407261144268e-2
3.08049461709356e-2
3.49069561688050e-3
-2.71659611234947e-2
-3.79975939075432e-3
-3.05797513067893e-2
3.20136642626116e-2
1.20132221394201e-2
-2.09360473830307e-2
2.00476110072125e-2
-1.01132724429108e-2
-3.11252849515608e-2
2.99306206847131e-2
1.18094185536853e-2
-1.92064906615259e-2
-2.91390097258866e-2
-9.61827394482572e-3
1.84148605659620e-2
2.05903841206799e-2
-6.16190778665412e-3
2.84164972994237e-2
8.15964704876564e-3
-2.12460321552026e-2
-2.77608357922985e-2
2.59133869903036e-2
3.15858510123289e-2
-5.81323755947442e-3
-3.16497978276902e-2
5.67845535073918e-3
-2.58495200357598e-2
5.50745200411803e-3
-2.59876873595930e-2
2.59550892089446e-2
3.15246153091206e-2
-3.14919984757158e-2
-5.57876692617694e-3
3.78699003579268e-2
6.98679594394126e-3
-3.22623023839493e-2
-4.43760397844063e-3
-3.77295796233253e-2
3.21220124577218e-2
-2.53479552907756e-2
-3.33204418036756e-2
7.08125981187108e-3
2.60406732118053e-2
-7.40969348395591e-3
3.26276431629455e-2
2.72698992277982e-2
-7.61608205138878e-3
3.41815598505955e-2
-2.65352257514747e-2
-3.49161467471115e-2
7.59313240520164e-3
-3.48532617552052e-2
-9.16099255664363e-3
3.40610430655257e-2
8.92606410610345e-3
2.57697992841422e-2
-2.49775803750674e-2
-2.73221568030669e-2
-4.30730835748940e-2
-1.40485198072023e-2
1.47202343094570e-2
2.86159384457691e-2
4.17793245052626e-2
3.10391280674731e-2
-1.05087969175016e-2
4.09659720611192e-2
-4.21479049230569e-2
-2.98572073346552e-2
1.15526200662352e-2
1.30690727984551e-2
-3.09262607768963e-2
4.34243905009246e-2
3.23050196668281e-2
-3.55675668341612e-4
-3.21760450590726e-2
3.19735149287660e-2
3.16323571507062e-2
6.76002488427693e-4
-3.14299686848371e-2
-8.24284832213355e-5
-3.21394360593681e-2
3.18064717777649e-2
3.21795919216023e-2
6.52608009297572e-4
-3.18464978659834e-2
-3.25732745698591e-2
-2.18936787879103e-4
3.20179610874786e-2
3.23747225617088e-2
8.13439253082103e-4
-3.18194141026717e-2
3.10803563603856e-2
3.15502009190559e-2
2.17121428802201e-4
-3.13195070836440e-2
-2.65559259347600e-4
-3.13111966208316e-2
-3.17647427363782e-2
-1.95149293220243e-4
-3.12799855075893e-2
3.02707905558532e-4
3.14974950635535e-2
3.15472316096914e-2
-2.13000109868648e-3
-2.76451238839530e-2
3.42987414244775e-3
-2.46742239897799e-2
2.48696058449919e-2
2.74497544709028e-2
2.32635271905991e-2
2.86488025829852e-2
-2.32464126825218e-2
6.06138589450564e-3
-4.74337160262338e-3
-2.86659418681160e-2
-3.73563221195488e-3
-2.88277030327426e-2
-2.44255829066420e-2
2.87263129775257e-2
2.45269626021254e-2
4.87106151745295e-3
5.89336623175682e-3
-3.18112709164883e-2
-3.63952095714368e-2
3.06074342611419e-2
-5.61148794860403e-3
3.75990071857943e-2
3.09841242631749e-2
-3.09885610172503e-3
3.52733488316703e-2
3.32845375089694e-3
-3.20278096585895e-2
-3.42295998949086e-2
-5.33549080724893e-3
-3.07283612772811e-2
2.56202104103159e-2
3.08223450527245e-2
4.89991421848642e-3
-2.57141619828540e-2
-3.02586672666094e-2
-2.59836694269716e-2
-4.67092304667528e-3
2.58355853761337e-2
4.19456637109183e-3
3.04067542743699e-2
3.64478163324806e-3
-2.83205175145422e-2
-3.63452973948114e-3
-3.24676725976162e-2
2.88484906126037e-2
3.19398002851071e-2
-3.16192939449090e-2
-2.74306890395565e-2
-3.73355261943381e-3
2.78228638548362e-2
3.12269914324167e-2
3.89104469796567e-3
3.20289277066971e-2
4.60262821191404e-3
2.78453546627670e-2
-2.74205419859821e-2
-4.65040178040368e-3
-3.24537582651500e-2
3.04718378968615e-2
3.11864470599821e-2
-3.08823263682403e-2
-3.07758260098666e-2
-4.84972092997418e-4
3.55451003105225e-4
-3.07198305658264e-2
-2.21519508894223e-4
3.05578193678715e-2
7.48129531230514e-5
-3.02134719313190e-2
3.03754849748043e-2
2.75568134594276e-2
1.69881016927551e-2
-2.68701582694617e-2
-8.64172671081488e-3
1.11092355608084e-2
-1.76747948905951e-2
-3.06223248023456e-2
-8.54648649650109e-4
6.56580125663940e-4
-2.94680689508986e-2
3.02404939716808e-2
2.98500096790136e-2
9.82761683757215e-4
-3.00436117758759e-2
3.10721375683937e-2
3.04052000690011e-2
-1.03556806936672e-3
-3.14338570979506e-2
-3.12079821430483e-2
-3.32810958546615e-2
1.96930617967626e-3
-1.41340165194759e-3
3.29411294608397e-2
3.15480705114940e-2
3.08036883727041e-2
-2.83225879256469e-3
3.34478396335711e-2
-3.39119495103403e-2
-3.03395825360188e-2
3.29782748793845e-3
-5.45789910307393e-3
-3.15588754419678e-2
-2.62437009379310e-2
3.16814533570141e-2
5.42343644933725e-3
2.61211181690918e-2
3.19868100645575e-2
2.60769450412813e-2
5.77908101302447e-3
-3.18235020192770e-2
-2.62402538175738e-2
-5.71376888060854e-3
-3.18099403631935e-2
-2.66278877506527e-2
2.64244711352943e-2
-5.39731733780664e-3
3.20133122876720e-2
5.37250313712858e-3
2.62373460457775e-2
-6.45406641868435e-3
3.30495550244571e-2
6.56057521969519e-3
-2.65340736463521e-2
-3.27528967165684e-2
-3.34184399616377e-2
-2.71346425124091e-2
2.67667294834808e-2
-6.62859678687254e-3
3.37864356379628e-2
6.64784854717971e-3
-3.50492517070136e-2
-3.40633575345776e-2
-4.87742794707249e-4
2.28608187872827e-3
3.37449249645004e-2
3.53676093074046e-2
3.44297687062924e-2
-1.52799899793665e-3
3.74413447198198e-2
-3.70167490599056e-2
-3.48543799148610e-2
3.84340779637476e-3
-3.04578453296213e-2
-2.79838842361921e-2
-1.80940358879539e-3
2.84365800951862e-2
3.00052158050267e-2
2.26398393884560e-3
2.98735782869647e-2
3.33753155926480e-3
-3.01753751428087e-2
-2.68273915939768e-2
2.71291006083337e-2
-2.77659778359220e-3
3.05029955883590e-2
3.46498136751995e-3
2.75831283518548e-2
-3.10401016716904e-3
-3.08542571557959e-2
-2.72318822373666e-2
3.16070149317781e-2
6.01432119509604e-3
-5.74067451764211e-3
-3.15463908290258e-2
2.56706275114305e-2
-2.57312557720545e-2
6.00137685177901e-3
-2.59363911840801e-2
-5.83588817326701e-3
-3.17385017737235e-2
2.58205060513692e-2
3.18543702424827e-2
2.55370800909908e-2
-6.15522704965307e-3
-3.15133463434056e-2
3.14880600768791e-2
5.81825547008099e-3
-2.55117328833731e-2
-3.12322727083114e-2
-2.59106333921311e-2
3.12922219432394e-2
5.25804165045434e-3
2.58506385802517e-2
-5.52099964030017e-3
-5.83435495542269e-3
-3.11481608224821e-2
-2.55544503100260e-2
5.44565465759013e-3
3.11846545864896e-2
2.55179560110518e-2
2.51471749391182e-2
-5.22059869512023e-3
-3.06978931997641e-2
3.06860826738013e-2
5.88442215640713e-3
-2.51353957265480e-2
2.45285503417690e-2
3.15386209420155e-2
7.21046764807290e-3
-6.55094918914900e-3
-3.14122301322784e-2
-2.46549601022889e-2
-3.12406906669906e-2
-2.56406245263248e-2
2.56433566921030e-2
-5.40635331303910e-3
3.12379661962289e-2
5.79448503135563e-3
2.64031040016315e-2
-5.74974995735526e-3
3.13727062620221e-2
5.34467589185363e-3
-2.57963179667922e-2
-3.19794889635933e-2
-6.81634523200944e-3
-3.26238370866698e-2
-2.59535512461262e-2
7.04676279629972e-3
2.56849443776466e-2
3.28924435247764e-2
-3.59937238019861e-2
-7.39821128158431e-3
2.82541649039678e-2
-2.94205860486061e-2
3.71600404626921e-2
8.01792156539665e-3
-2.71116662942666e-2
-3.52588961303151e-2
3.63742741840879e-2
9.71194432333778e-3
2.59962562481320e-2
-8.75884435533387e-3
1.00716865134968e-3
-3.07126227072951e-2
3.10178720199383e-2
-8.89861826510295e-4
3.16840529769939e-2
-3.19891667215633e-2
-3.10476181483317e-2
-2.60640765811959e-2
-4.68955838507631e-3
2.61925958332010e-2
3.09190318919352e-2
5.03513593972639e-3
2.57552613443392e-2
-4.81215678753529e-3
3.07421126444466e-2
-3.08165384945934e-2
-2.56808438251000e-2
5.31962512025909e-3
-2.96996649076349e-2
-2.73063701101541e-2
2.70500479051723e-2
-2.87405301354088e-3
2.99560136374444e-2
2.44442851615522e-3
3.04792842137929e-2
2.74106359583175e-2
2.64285645772737e-3
-2.76741833764664e-2
-2.98224386913602e-3
-3.02157329519217e-2
2.79561521707479e-2
3.01233141185556e-2
-2.98231124957864e-2
-2.82564223968585e-2
1.69929463488215e-3
-2.05309275765516e-3
-3.20495045358238e-3
-3.07471654764567e-2
-2.79523142600249e-2
3.10200205643087e-2
2.93964511137968e-3
2.76795224409437e-2
-2.34657077391066e-3
-3.24286878296645e-2
3.00715527505178e-2
3.17883537864764e-2
-2.94312437199766e-2
2.41352618972092e-3
3.74473771616913e-2
2.75587727938874e-2
-1.06580301526674e-2
1.09449232632430e-2
-3.84165434263523e-2
-2.65895417703425e-2
3.88564137684801e-2
1.01323207273311e-2
3.00648655312357e-2
-9.34301750433662e-3
-3.98711825362324e-2
-2.90501571028731e-2
-1.55447908488873e-2
-4.49857906718249e-2
2.91728038879064e-2
-3.09548823288455e-2
-4.17404597144447e-2
-1.18025604359507e-2
2.97012484929928e-2
4.33116556420152e-2
1.21893485177188e-2
-3.12724892233135e-2
-6.16526012984131e-3
-3.21732684807030e-2
2.59274930057439e-2
3.23849166424387e-2
-2.61391123233216e-2
6.31916616694936e-3
-3.18207424115375e-2
-2.55950387414820e-2
3.17286127409560e-2
2.56871630014798e-2
-6.28591651868585e-3
6.00405059232534e-3
-2.84536161175378e-2
4.27246886577030e-3
3.28173933435195e-2
2.81281753146232e-2
-4.43969817579622e-3
-3.24919501683934e-2
-3.22532546042819e-2
-2.90949460651695e-2
2.87763969854787e-2
3.25716838518179e-2
-3.57735568085678e-3
3.36389133456491e-3
3.31962959985219e-2
-6.86365796373112e-3
-3.21546338693627e-2
-4.08428812122777e-2
3.98012448468449e-2
8.26327934054622e-3
3.44314273143410e-2
2.19787707779092e-3
-3.48775196630789e-2
-9.95736688968247e-4
3.32147821712672e-2
-3.27686021149459e-2
-3.34652745718610e-2
1.08513762283264e-3
3.38159568661745e-2
3.32155987961661e-2
2.49943644796859e-4
-3.35662907450894e-2
-2.39647765934610e-2
-4.32766401731846e-2
2.22903650111277e-2
-2.02947887871715e-2
4.02998908035388e-2
2.08119781278095e-2
-3.89027832108538e-2
-1.72797840095046e-2
1.88469873514204e-2
-2.22091330914339e-2
3.28956332818162e-2
2.84259418190634e-3
2.95977289116831e-2
-3.12137318694377e-3
-3.25897844178999e-2
-2.99034458929035e-2
2.55958813671975e-2
-3.08001651039093e-3
-2.54190379132494e-2
4.02851241109618e-3
2.89679057116290e-2
-2.91448021003419e-2
-2.95998371574960e-2
-2.62214262829506e-2
2.64650704542498e-2
-2.76429631529215e-3
2.93561800625142e-2
3.52137341361199e-3
2.60234091000050e-2
-3.93797609399843e-3
-3.02704273525483e-2
-2.58687030555486e-2
3.01157474459579e-2
4.56869328648309e-3
-5.61934696535690e-4
-2.57654722653745e-2
2.61744109273860e-2
2.20010331803974e-3
-2.47858430351356e-2
2.43769215312735e-2
-1.10295055947653e-3
-2.57455786273666e-2
2.38044965220906e-2
2.55352992484849e-2
-2.35942557053925e-2
2.78622394380353e-3
2.60006801215828e-2
2.54131051380981e-2
-2.62986320947998e-2
-2.51151671652293e-2
1.62516417996398e-3
-1.58022558043999e-4
3.13716404192751e-2
-3.14733976559053e-3
3.44055121634590e-2
3.87006335087062e-3
-3.08434970544995e-2
-3.49337655302658e-2
-3.16206453890085e-2
-3.61162293551772e-2
4.32774432971500e-3
-3.30589635002498e-3
3.55019224597214e-2
3.22349435174366e-2
2.64272078154241e-2
-5.92592693316236e-3
-3.22560536424131e-2
3.20120324176853e-2
5.76023767333550e-3
-2.61831977939556e-2
-6.21366219496586e-3
-3.20684756140561e-2
5.98930923267210e-3
-2.58148221978337e-2
2.59797268752720e-2
3.19036548503360e-2
-1.11332036038183e-3
-3.11635834737725e-2
2.99160312122667e-2
3.05568367845209e-2
-2.93094197220634e-2
1.42245254523563e-3
3.14541661101955e-2
2.60489666982364e-2
5.25022687120133e-3
-2.61373719754065e-2
-5.39451718310042e-3
-3.13657616795816e-2
1.14470227040927e-2
-1.71098089414921e-2
-1.24140762278506e-2
-3.00280432595645e-2
3.09950746947322e-2
2.00415414688577e-2
-3.11597945194381e-2
-2.66691837693463e-2
4.37784746473986e-3
2.69280169885800e-2
-4.10880908956441e-3
3.09010206911506e-2
3.13080125171093e-2
-9.38756586178203e-4
3.32608441819322e-2
1.11526658644146e-3
-3.22052156876323e-2
-3.23636732228227e-2
2.61578500296529e-2
-3.85246470571364e-3
-2.97453658015347e-2
2.99451445967634e-2
3.34302385735982e-3
-2.63576279607185e-2
-3.09268030293064e-2
1.15735518544898e-3
3.07042039167373e-2
-1.37908515455059e-3
3.21974713894692e-2
-3.19747274499445e-2
3.15695373076352e-2
5.26574867724949e-3
-2.63200825817198e-2
2.65330145762212e-2
-5.25773338122517e-3
-3.17825776286595e-2
2.64535395046772e-2
-4.84165400589334e-3
-3.13748542410340e-2
-2.62789251253576e-2
3.12002299352108e-2
5.02062474794949e-3
2.56103278292517e-2
-1.10152840513761e-2
3.57011202015330e-2
1.08900729783089e-2
-2.47023535082099e-2
-3.66091676638395e-2
-2.45384760437855e-2
-3.86244319393426e-2
3.75818959868923e-2
1.29904372049634e-2
2.55810080804691e-2
-1.29907653782627e-2
-2.94186583129818e-2
-2.89112341029522e-2
6.80706046465847e-4
2.97551775284943e-2
2.85747191491498e-2
-1.03069973040501e-3
3.67833109440993e-2
4.67504557374033e-3
-3.27122718046524e-2
-3.75105279781551e-2
3.34394191278024e-2
-3.31478573374472e-3
-5.00070915377046e-3
-3.31574499927364e-2
2.82352077862635e-2
3.35144154227548e-2
-2.85920631791770e-2
4.81709513743727e-3
-3.23839469771842e-2
-2.67134579684596e-2
-5.40929050201742e-3
3.20534709331793e-2
5.30278208702777e-3
2.70440320269448e-2
4.96506636317398e-3
-2.31033473277800e-2
-2.66418737859911e-2
2.25751943969966e-2
-3.15076779810416e-3
2.71700096145183e-2
2.67462227456294e-2
3.14872063420187e-2
-4.62447765209160e-3
4.44776346650722e-3
-3.12795737961826e-2
-2.69538251198821e-2
-4.91065630617712e-3
-3.17085264415790e-2
2.68486748093274e-2
3.19450791332741e-2
4.80807834734376e-3
-2.70852258302083e-2
-3.23399920597212e-2
-3.07718762082704e-2
8.91837184603741e-4
3.15768589383101e-2
-7.69386929983025e-4
3.15350990360233e-2
8.83689519630270e-3
-3.15586088172335e-2
4.02675749977279e-2
3.01794889875007e-2
-3.88884341561514e-2
-8.50279597190829e-3
-1.18721376221081e-2
-3.50064944798603e-2
1.06152512546908e-2
-2.29466855029922e-2
-3.71704244587798e-2
4.09859233589281e-4
3.65041285801590e-2
1.63139967397881e-3
-3.58000481291987e-2
3.64663725375627e-2
-3.41564272812154e-2
-3.91760707023934e-2
-3.19379827983967e-3
3.83053696747883e-2
4.92767289341186e-3
3.50271137542705e-2
4.01311966239118e-2
5.11250517440889e-3
3.70355261491112e-2
-3.59870555682086e-2
-3.08296829428430e-2
8.30718033085282e-4
-9.83538047049537e-4
-3.14696846428105e-2
3.05670252612393e-2
3.17323431519759e-2
2.94465057975764e-2
2.35820922088830e-3
-2.89161825440980e-3
-2.91963450521521e-2
-2.68328549827235e-2
2.65826994341440e-2
-3.41966383300064e-2
-9.67440379388184e-3
3.52480794473212e-2
2.38597027634361e-2
-2.49112233999950e-2
1.09534078463889e-2
1.52501384170177e-2
-2.45011589742225e-2
-1.51120672416564e-2
-4.09408355862940e-2
3.97421398641720e-2
2.56998065775093e-2
-2.12303611938780e-2
-3.48444430590159e-2
1.56089944040780e-2
2.00951905417511e-2
-1.38491146146071e-2
3.59796206367689e-2
3.37907284508728e-2
1.17250273689263e-2
2.18693125520992e-2
-2.28448008266956e-2
-1.01296010763961e-2
-3.28152654467806e-2
-2.90217157561640e-2
-2.96406041111408e-2
2.92662703864627e-2
6.67694720411109e-5
2.93959577484685e-2
-3.92528544010799e-4
8.30822494796353e-3
-2.43104860067633e-2
-6.86699547372113e-3
-3.10872538353111e-2
3.19151081011059e-2
2.34826590065803e-2
2.88839395733662e-2
2.36754658709340e-2
-3.80306293607052e-3
5.36178306749443e-3
-2.42895711297564e-2
-2.82699017166018e-2
-2.96378732569301e-2
-4.03173619628950e-3
2.49434072416579e-2
3.03290949508399e-2
5.32657387507698e-3
-2.56346508074737e-2
3.27759467022827e-2
3.27225399063629e-2
6.79677307524706e-4
-3.25104339422078e-2
2.52973510213209e-4
-3.29881720671517e-2
2.74291246363818e-2
4.58245554798864e-4
2.79404866700652e-2
5.60389745533496e-4
-2.78776917147345e-2
-2.74919372298513e-2
2.84612710276945e-2
2.15784218863978e-3
-2.88028216037973e-2
-2.67565103793480e-2
-1.27144955400019e-3
2.70980973239556e-2
2.89217069668651e-2
1.25257957115452e-3
-2.74086178134496e-2
-1.79924357277564e-3
-2.86212118512541e-2
2.71080931935867e-2
-2.87322788466648e-2
-2.85533144588599e-2
2.90776158304835e-2
3.17660869147271e-4
2.82080347867838e-2
-7.58083287139081e-4
3.13045049894661e-2
4.81501892332378e-3
2.62515287994634e-2
-2.63901126446926e-2
-3.11659310872092e-2
-5.02446676395984e-3
2.83832521296933e-2
3.74294708320081e-5
2.77346864873719e-2
-2.80868395294768e-2
-2.80310931092758e-2
-5.85188715057697e-4
2.90110719511581e-2
2.62574784293145e-2
2.75227931555904e-3
-2.68224816519077e-2
-2.84460316260209e-2
-1.59777476053261e-3
3.19093268607701e-2
3.39784974107133e-2
-3.19316495170550e-2
2.81787986120854e-3
-1.40897193010851e-3
-3.39560814120988e-2
-2.70149503313373e-2
-2.64163759761849e-2
8.52719180598968e-4
2.66373875143063e-2
2.67938731828293e-2
3.92854284471048e-4
2.84658002719304e-2
2.78455897348811e-2
-1.27709951991956e-3
-2.88726310375805e-2
7.41822893975304e-4
-2.74388145757908e-2
-2.84712773999718e-3
-3.95185481964425e-2
3.53479105019560e-2
4.00921872823011e-2
3.13216972886499e-3
-2.90134635569574e-2
-3.34039545855759e-3
2.87009112188881e-2
-3.21193696776308e-2
3.24317511218468e-2
2.90643925687747e-3
-2.93234328481883e-2
-3.18093978685701e-2
-2.61002020262383e-2
-3.14997705170881e-2
2.60216518175683e-2
3.15783390033548e-2
-5.40229843840023e-3
5.31411241551912e-3
-2.62049624167399e-2
-5.51099887765336e-3
-3.14385157325208e-2
-3.18674471045657e-2
-2.86961943359604e-2
3.14051516505966e-2
2.91581495618461e-2
3.19589463547855e-3
-3.23545116148774e-2
-3.24644281631532e-3
3.03394420786942e-3
-2.82082076836130e-2
-4.51450942644383e-3
-3.66571402740551e-2
5.43161460416767e-3
3.59686077885638e-2
-3.21246773923574e-2
-3.32806951639760e-3
3.27918305085159e-2
-3.13791550075525e-2
-3.74026723660874e-2
-2.60146426067470e-2
-3.19344800522447e-2
3.20993470305831e-2
2.58496915430949e-2
-5.91482968107046e-3
6.02589692715295e-3
-2.62010794687450e-2
-5.80058792665111e-3
-3.17939133013057e-2
-5.02641897926132e-3
-4.00533937316367e-2
3.90932232322415e-2
6.59612680633846e-3
-3.50215112208268e-2
3.59766461717399e-2
-3.09420837241558e-3
-3.39739429087588e-2
-4.11009776741210e-2
3.38981756884640e-3
-2.65492813231518e-2
2.68230622461680e-2
-2.73016714640986e-3
-2.99508259732611e-2
4.08329847226196e-3
2.97527436780635e-2
-3.01785133410016e-2
-2.63216062687386e-2
-2.23928873657336e-2
-4.08995373977319e-2
-1.85080424499975e-2
-2.03612534554496e-2
1.71079909247958e-2
-1.99565433078219e-2
-3.94510657544382e-2
1.44673165857047e-2
-2.06628371962959e-2
-1.57599626786037e-2
2.30608681291190e-2
-3.51321528295506e-2
3.63662075291520e-2
1.32332410382452e-2
-3.39823745121380e-2
-1.82040825559112e-2
3.09513352856329e-2
3.87210715676900e-3
-4.16071020528181e-3
-3.07463616252974e-2
-2.70712677138310e-2
2.68565827734206e-2
3.11660227839298e-2
-2.73045301157459e-2
3.60492616506071e-3
4.28020196629473e-3
-2.57214374078912e-2
2.55804638229523e-2
-3.00070121925622e-2
3.78624233056068e-3
3.01811717150291e-2
-2.58894359791470e-2
-3.90679513597265e-2
3.68306406734041e-2
3.82139402578108e-2
2.74429443658668e-2
-5.47469287692592e-3
5.27551725190456e-3
-2.68391186321141e-2
-3.28958658385488e-2
2.80200087392095e-2
3.23188023500724e-2
-3.35103860827503e-2
-5.53713954927630e-3
3.20515701356317e-2
8.37947725185204e-4
-3.18529367649766e-2
-1.01560805281972e-3
3.16118213462851e-2
5.65845262621621e-3
-3.17105311386711e-2
-5.75846508708890e-3
-2.59671182487135e-2
2.60487526910996e-2
3.15301806555064e-2
5.59571039395773e-3
-2.59196287550594e-2
3.53688048769033e-3
-2.82438020562326e-2
-3.72754003768589e-3
2.79508622441936e-2
-3.17593312645564e-2
3.20651816790299e-2
-3.14598659645960e-2
-2.85432644317180e-2
-3.32709983557487e-3
-3.27159093563901e-2
-4.03832450080464e-2
3.14195941609548e-2
4.18702436787802e-2
-3.89902482626180e-2
-7.31597162024978e-3
-1.38141073833863e-2
-3.19237937263396e-2
1.60589735191194e-2
3.29138780176845e-2
-1.81152649404799e-2
1.72523296004728e-2
-1.15214593230335e-2
-1.90295962343928e-2
-3.10094833531290e-2
-3.00535264708488e-2
3.07670263761411e-2
3.23903272993061e-2
-2.94000009103833e-2
3.02565039819652e-3
-1.57561813066593e-2
-4.33889268570182e-2
4.20494085763280e-2
1.62372160888220e-2
-2.76285366809810e-2
2.90201279580871e-2
-1.49787084760502e-2
-2.61899725710967e-2
-4.48275020604261e-2
4.21202728604110e-3
-2.74519228001325e-2
2.78612835611003e-2
-4.15693429901236e-3
-3.16878981705066e-2
4.33197151753876e-3
3.13434932244888e-2
-2.70904905870289e-2
-3.20493460579092e-2
-5.75825031058989e-3
-3.92428780767927e-2
2.45340761040626e-2
-8.06060614153650e-3
9.27329376346223e-3
-2.55078442659875e-2
-3.26069131285752e-2
3.35452279761858e-2
2.35957351669835e-2
-6.76479466878956e-3
-3.17420891833033e-2
-1.93108979099149e-2
-4.38631805861404e-2
-2.45542010406191e-2
2.29836333019940e-2
-1.80651280896744e-2
-2.61572354938734e-2
-4.22601846877897e-2
6.27044496312868e-3
-2.55925854413788e-2
-5.93490238538306e-3
2.55045265460508e-2
-3.18612559693868e-2
6.60245680386586e-3
3.20056207734545e-2
-3.17455202497956e-2
-2.57083241997820e-2
-3.21343372213229e-2
3.15463233579454e-2
4.95186909672720e-3
-3.27617724710700e-2
-2.62116813564464e-2
2.86117235515453e-2
-5.97706404535589e-3
6.55675208020436e-3
-2.96970327064783e-2
-3.46056840044445e-2
3.56676616910019e-2
2.75497134005252e-2
-5.28271147898535e-3
-3.36206911406642e-2
5.69710380349687e-3
-2.66031601013065e-2
2.69467960366430e-2
-3.23273816825526e-2
3.20410057944174e-2
5.56099279150088e-3
-2.63039117815324e-2
-6.03940012647197e-3
6.98165643705975e-3
-3.05618598958945e-2
-4.81181444436244e-3
-3.82122812445528e-2
3.04030814738038e-2
-2.07789019965544e-3
2.23789782393506e-3
-3.00031039873029e-2
-3.24518608097164e-2
3.20958962413256e-2
3.07590444671828e-2
-3.28205456299266e-2
-1.79135572385108e-3
-2.46368411543473e-2
-2.52107950799948e-2
2.49018968767223e-2
2.49458096145981e-2
-5.80605486462365e-4
2.15646045204329e-3
-2.43818272288906e-2
9.71491243786712e-4
-2.55632071762651e-2
-2.75555200748736e-2
-3.06470140747912e-2
3.08978352449965e-2
-3.08000579292777e-3
2.77985251067990e-3
-2.78233180999399e-2
-3.40612678119599e-3
-3.04022932365382e-2
3.22907349850877e-2
6.46559480997853e-3
-6.25463315557366e-3
-2.58170518058635e-2
2.55970595476802e-2
3.25107260660026e-2
6.65923946463465e-3
-2.60560227755049e-2
-3.18414925113463e-2
2.28329032225800e-2
-5.21801370089046e-3
-2.35119510970294e-2
6.85879124766761e-3
-2.80599910613528e-2
2.86959329988312e-2
2.21969423093338e-2
-3.53034636972472e-3
-2.74878522724433e-2
2.34289816100014e-3
-2.63144646751361e-2
2.66227213371450e-2
-1.35127073533807e-3
-2.86671112166008e-2
2.84433487970577e-2
3.36453802947601e-3
-2.89257355195734e-2
-2.60557230600905e-2
-3.19922226718256e-2
3.15325231525401e-2
2.83213062933712e-2
-4.17557087158452e-3
-3.24675259546376e-2
-6.38492657969007e-4
-2.94905116159847e-2
2.67361017075585e-4
2.91067352702501e-2
-2.88326464742059e-2
2.92269281557504e-2
-9.43812198702938e-4
-2.98967778731587e-2
-2.84263760727029e-2
1.68503132803383e-2
1.82453644953030e-2
-1.79721786587930e-2
1.57817956254221e-2
3.36312450375000e-3
-2.70551336759502e-2
-2.90167511510124e-3
2.73825592579069e-2
-3.04337926534179e-2
3.86932228444096e-3
-3.07144096963796e-2
-2.67745300974169e-2
3.15915139992852e-2
5.69109895063366e-3
-3.15493399262144e-2
-5.59416539653148e-3
-2.59024358893932e-2
2.58376647243838e-2
3.16562818053535e-2
-2.59947990004342e-2
3.14814250348248e-2
8.15409390564103e-3
-3.13072477955430e-2
-7.28163369185417e-3
-1.94916042675512e-2
2.11379627113394e-2
-2.14497351762042e-2
-3.80966698271482e-2
-1.77374079167462e-2
-2.83557550256875e-2
2.74696392646858e-2
-4.48699995517465e-3
-2.92668754028815e-2
-3.27096004771515e-2
1.65751899722656e-4
-2.83347133233793e-2
2.79857551056443e-2
-6.57970444325596e-4
-2.84874596853046e-2
2.88559302164161e-2
-2.81133749771002e-2
-2.87087925689418e-2
3.91785835551960e-3
-2.75191365057084e-2
2.72668056172209e-2
-4.11292034037470e-3
-3.14217637676144e-2
3.16968397249392e-2
-2.77850450063759e-2
-3.11558523136428e-2
4.90242349463265e-4
-2.87447149655842e-2
-8.83223182915984e-4
2.84036002559784e-2
-2.92179551006318e-2
2.95730724318582e-2
1.49758749125919e-4
-2.39660823658166e-2
2.34985646424133e-2
-1.80491112965904e-3
-2.44766039849433e-2
-2.69773481281901e-2
4.50820080507499e-3
-2.67524124714599e-2
2.70321130834233e-2
-3.12785951928401e-2
4.73190546326532e-3
3.10628674840264e-2
-2.65162463744951e-2
-3.15147729914638e-2
-8.69457484847245e-3
-4.15418459677172e-2
4.04264153744327e-2
9.91868653442649e-3
-3.28421799709013e-2
-7.12976342556412e-3
-3.16342279073873e-2
-4.27498123699263e-2
3.33589798708475e-2
2.09207414697422e-3
-9.22909846373820e-4
-3.33419089664546e-2
-2.21596012923907e-3
-3.44952978062380e-2
3.40376471845380e-2
3.00928522099924e-3
-3.22558452618211e-2
3.26665264234053e-2
-1.19475832152906e-3
-3.17635536394105e-2
-3.49878858713058e-2
3.27015112428433e-2
3.82116059071931e-3
-3.23786212169833e-2
-4.01481788895945e-3
-2.88546693478235e-2
2.85205558712152e-2
3.30356270205625e-2
3.59453469809896e-3
-2.91808800737785e-2
2.97417595444205e-2
-1.33907660810642e-3
1.17896606505481e-3
-2.93439419610480e-2
-3.10541164232613e-2
3.01173791984312e-2
3.06784984971046e-2
-1.41858384318035e-3
-3.14433353132572e-2
3.15655977012594e-2
4.74928129413261e-3
-4.89472605091545e-3
-3.13770991537039e-2
-2.68079987989327e-2
2.66041509382211e-2
3.17694467839479e-2
4.61145703883346e-3
-2.70293703736410e-2
1.32676115590321e-3
-2.76611221081436e-2
2.73605279118111e-2
-1.81977510967355e-3
-2.89778654550935e-2
2.93006399443263e-2
-2.86533744811078e-2
-1.20683933852536e-3
-2.83272660644311e-2
2.70756633018529e-2
-3.41832790755848e-3
2.92997551124146e-3
-2.65775589856401e-2
-3.04771091713422e-2
2.99915595392523e-2
2.75612172973960e-2
-3.09946364336080e-2
-3.81154549855041e-3
5.17367620694560e-3
-5.24009386237300e-3
2.64192575087198e-2
5.10823326589885e-3
3.19902805884561e-2
-6.07932335330497e-4
-2.77343688411608e-2
6.46868470259519e-5
-2.91088827753147e-2
-1.08432594106947e-3
5.03691591551736e-3
-2.71235185022053e-2
2.68702166590006e-2
-3.21453685340556e-2
4.95241058486657e-3
3.24275575968195e-2
-3.18797702454620e-2
-2.73891147855442e-2
-3.92425941093621e-3
-3.41040106777871e-2
4.30960316120155e-3
3.51312407211189e-2
-3.02003109878543e-2
-3.42325017476102e-3
-3.31513195386110e-2
-3.11527309290522e-2
-2.60840337092331e-2
3.38915259090219e-3
2.74216180398738e-2
-9.87239050226998e-3
1.00741420842853e-2
-2.65185325675229e-2
-3.72769694782966e-2
2.82822238544180e-2
3.64163587322371e-2
-9.44809830009454e-3
-3.82014670003302e-2
-2.53818050630427e-2
2.53254958021260e-2
3.09448311789818e-2
-2.54670163025977e-2
5.02319927889907e-3
-2.87381267608898e-2
-8.77785580444963e-3
2.96794540662805e-2
-2.77440586237763e-2
-3.91955424972184e-2
-6.81554200049008e-3
-3.48654639858411e-2
6.89110292739915e-3
3.41655885482543e-2
-2.80288654025591e-2
-6.55990472530651e-3
2.87357889388639e-2
-2.72802094163755e-2
-3.56141226812515e-2
-1.60989922269346e-2
-2.77884421118527e-2
1.69325353255622e-2
-1.51119825633827e-2
-4.07577097348803e-2
-6.10573133951911e-3
-3.59817314154456e-2
3.52738966315946e-2
-2.98554416535706e-2
3.05574064217579e-2
-3.67420489498317e-2
-2.90953820400602e-2
5.41417697339912e-3
-2.60016200099309e-2
-5.24626277929236e-3
2.60789691235280e-2
-3.14246123837259e-2
3.14042407391113e-2
5.60699190621306e-3
-3.14671497467187e-2
-2.59589791693402e-2
-1.34820304547744e-3
-2.98045969640636e-2
3.04627372986906e-2
2.12358349611670e-3
-2.84737194090570e-2
2.79048239092461e-2
-5.03952803780182e-4
-2.90704807352255e-2
-2.92076125135661e-2
3.77746355129050e-4
-4.24656227553302e-4
-3.16926195973947e-2
7.90204874680281e-3
-2.47386020252758e-2
2.45185263955199e-2
-7.33900232889347e-3
-3.26333316559990e-2
8.43383232630506e-3
3.29157538168952e-2
-3.23892423924489e-2
-2.49826935625450e-2
-2.68258345144463e-2
2.65522613008076e-2
2.89113807101202e-2
-2.71259917533998e-2
3.04698110278416e-2
-6.38010004798555e-4
5.33847191047800e-4
-3.10786627555471e-2
3.07506530171306e-2
3.07978218308100e-2
-3.14113180056347e-2
-6.73770588801523e-4
-1.36064226771753e-2
-3.56547817485828e-2
1.51970820411833e-2
3.68324853575373e-2
-2.20567104938674e-2
2.10029432614794e-2
-1.19302220846900e-2
-2.31513687502602e-2
-3.45601510931632e-2
-2.41274965346274e-3
2.95361048565250e-2
1.96914048055312e-3
2.80325722400984e-2
-2.77005260103392e-3
9.71048447228640e-4
-3.50117223082391e-2
7.33721581752524e-4
3.45784116483762e-2
-3.59691044800212e-2
3.63355790644144e-2
3.02176540435424e-3
-3.54820460155449e-2
-3.54987946319357e-2
-2.37588814938708e-3
-3.23610207863825e-2
-3.22186619773954e-2
3.24484529340630e-2
6.12542172656915e-3
-3.20126641095971e-2
-2.64070773428970e-2
2.16286781716323e-2
1.66883207772086e-2
-2.29338694651647e-2
2.03644650781723e-2
-1.81783525730360e-3
-3.03268625945627e-2
1.48921872007488e-3
-2.84878347856160e-2
2.89255282486279e-2
-2.06404428639962e-3
-3.07821217785561e-2
-3.15180938334855e-2
3.16641426579260e-2
-2.63343276405026e-2
-3.13887286428946e-2
2.49409779616465e-3
-2.81526394504301e-2
-2.14968486119183e-3
2.86274908706861e-2
-3.06674094401963e-2
3.02665530603251e-2
-3.10900455622143e-2
-2.77300209218985e-2
3.23260610685317e-2
-2.67158197512348e-5
-3.21232687748179e-2
7.82331771451847e-4
-3.23254443251384e-2
3.22080705142064e-2
3.24434286828101e-2
-3.24440268930546e-2
2.38645031960781e-3
-2.70837059842474e-2
2.68305511344683e-2
-2.86644790911028e-3
-2.94634607905520e-2
1.94856405405973e-3
2.97419081849809e-2
-2.91866337381464e-2
2.56184639568179e-2
-2.76614055142061e-3
-2.62453476990517e-2
3.99010254729053e-3
-2.83966492540695e-2
2.89869401748025e-2
2.50281533255999e-2
-1.48815413541506e-3
-2.78673913793528e-2
6.08935588367122e-4
-2.69827531976201e-2
5.23884105201781e-4
2.73967861634106e-2
-2.76024201207378e-2
2.72783509156398e-2
1.77908564642089e-3
-2.79624676258031e-2
-2.10049518540670e-3
-3.36092808696078e-2
3.32052269797347e-2
2.61699622815876e-3
-3.14820420193457e-2
3.18403236083922e-2
-1.40266036247476e-3
-3.10536811347846e-2
-2.58023874643710e-2
2.57985389290836e-2
3.14080838699699e-2
5.81683098075886e-3
-3.66093264020768e-2
1.00742345887765e-2
3.57319589960320e-2
-2.55783164450766e-2
-3.75497497480883e-2
1.59528907007836e-3
3.15433935847331e-2
3.16898621161780e-2
1.69015681739534e-3
3.38623655571217e-2
-3.33734722286987e-2
2.12889091043820e-3
3.42506397919358e-2
3.41901264885110e-2
-4.25860493447546e-2
-4.10521285792002e-2
-1.39651404500039e-2
-3.39512804814457e-2
1.58907016176993e-2
3.50408733476712e-2
-1.99930459890790e-2
-1.19732383431853e-2
-3.29412947639352e-2
2.99466250600945e-2
-1.00996300006362e-2
1.04599063581464e-2
-4.00566852266275e-2
4.15113989513674e-2
2.84918700509063e-2
-9.58084824301292e-3
-3.86953133698525e-2
2.05902450659196e-3
-2.71451158758538e-2
-1.27894403558207e-3
2.75177937551987e-2
-2.92172398922932e-2
2.88038125685144e-3
-2.95393083547588e-2
3.54391919641786e-3
-2.27003103106001e-2
-2.64869254884373e-2
-5.05364153243579e-3
-2.66614421760181e-2
-3.12026581078542e-2
5.60473585281085e-3
-5.28849956117772e-3
2.58281323221736e-2
3.14380678957656e-2
8.33163623259330e-3
-5.45967727398639e-3
-3.90439117165439e-2
2.72956535880994e-2
6.80386600411851e-3
-2.66082438558595e-2
2.79508552728171e-2
-2.75819849687914e-2
2.80089945856896e-2
1.44554862672352e-3
-2.71462080564932e-2
1.56889065640268e-2
-1.05731000897743e-2
1.31498767124728e-2
-1.64429499089903e-2
-3.96160403624492e-2
-2.42764682922961e-2
-3.82734742236942e-2
-2.63050097550229e-2
2.94747647461813e-2
2.36121938681005e-3
-3.97615814505523e-2
3.86137178243916e-2
2.45031113542064e-2
-1.64489135746907e-2
-4.09914897634041e-2
-3.12645177636757e-2
-2.76968303277963e-2
-3.17758928428894e-2
5.11141065583686e-3
-2.63215016183362e-2
-5.01733221870977e-3
-3.14487196678426e-2
3.13131620442409e-2
-3.16038958183529e-2
-2.61663343478487e-2
-2.55077584942613e-2
2.57935953144840e-2
2.69925001350507e-2
-2.52726176705502e-2
2.97741778443754e-3
-3.33667175406565e-2
2.46383012698834e-2
1.72611006651414e-3
5.00251322168709e-5
4.99477584750104e-3
-2.61929246153972e-2
2.63453736524804e-2
-3.11991982656258e-2
3.11086733504645e-2
2.85675508304531e-2
-4.32647162636356e-3
4.27599674895771e-3
-3.28694410490879e-2
2.90824801805915e-2
-4.24009951119440e-3
-3.34152429482210e-2
-5.23159425982187e-3
-3.12745874007794e-2
-8.13302377299578e-3
3.68101940707156e-2
8.92028484900062e-3
-7.23357230686086e-3
2.65140244813622e-2
1.91445551449031e-2
-3.06160223166289e-2
3.10003240297898e-2
2.96995170312903e-3
-3.01768782042587e-2
6.26444675334358e-3
-2.71481118745943e-2
2.68079334362921e-2
-6.25412479242765e-3
-3.33929446345737e-2
6.22489334673738e-3
3.37621820447861e-2
-2.74919231242368e-2
-3.30491316536242e-2
-3.32164370899304e-2
3.29334860063580e-2
-5.02968196255586e-4
-3.35162349965792e-2
-3.76871540103780e-2
3.16892711619524e-2
-4.56530272794118e-3
-3.64698304671686e-2
-1.01360102820757e-3
-3.27040805616334e-2
3.29879254632034e-2
6.82619785965037e-3
-2.63116503161002e-2
3.75743769995082e-2
8.98341209554212e-4
1.37752343422923e-3
-3.66729918199653e-2
3.60492136558277e-2
3.81981380100141e-2
-3.20868583852974e-2
-3.17897660398523e-2
3.19570446040834e-2
3.19191710204618e-2
3.27185909156834e-4
2.63893898603781e-4
7.76663003938786e-4
-3.15909451444244e-2
2.83874742680077e-2
-5.70295226545114e-3
-2.67590388708897e-2
7.83290781658874e-3
2.73663359622717e-2
-2.10623039415253e-2
2.05672891316711e-2
-2.62151976456124e-2
-2.16060703184756e-2
3.15376853622382e-2
-3.09782106303721e-4
5.16456677921099e-4
-3.13287733213802e-2
-3.18157814467142e-2
3.16929690649655e-2
3.16604952286900e-2
-6.97793801755595e-6
3.08906283366493e-2
4.47464530267408e-3
-4.81765464516359e-3
-3.07509389148584e-2
-2.64159685962715e-2
3.10408550017696e-2
2.62657436287184e-2
-2.65896143324548e-2
2.94542069645915e-2
4.60997251427140e-3
-3.73377463118197e-3
-2.95864992048874e-2
-2.48497794194970e-2
2.49458469016656e-2
2.93581295037417e-2
5.49971162631204e-3
-2.47955829922167e-2
-2.94030562554741e-2
2.90554435625518e-2
2.99206889038160e-2
-2.97671238404560e-2
-1.36448818142997e-4
3.59821629670699e-3
-3.05600093122213e-2
-2.50860623348003e-2
2.82567814525967e-2
4.40711830249609e-3
-2.81907886203151e-2
2.78077757794302e-2
-2.86032266335177e-2
-4.39965357150980e-2
3.03577336432128e-2
4.26589172195630e-2
3.05692355388419e-2
1.58123342706111e-3
-1.86561015971517e-3
-3.02554177645493e-2
-2.89668728527605e-2
2.86551713272126e-2
3.08809404137368e-2
-2.92887372905822e-2
1.32743669730807e-3
4.03093667613790e-4
3.19765560891388e-2
8.85875383644788e-4
-1.19800614461378e-3
2.87238515877726e-2
3.02605900039135e-2
6.16540638971656e-4
6.24516878088556e-3
-2.54094847019190e-2
2.55135465175127e-2
-3.16744213492917e-2
5.93531266594161e-3
3.16163685696116e-2
-2.53399601345961e-2
-2.58198105536213e-2
4.08020122077690e-2
2.70671045294288e-2
-2.45341975504623e-2
-3.16289702799186e-2
4.47549843957176e-3
-3.13915327859025e-2
-3.33022713201408e-2
3.65712046477294e-2
3.30664919590597e-2
-3.35904086414177e-2
3.47291989002231e-2
3.67108025196349e-3
-3.46928752911980e-2
-2.00327747803764e-3
-2.96205114983375e-2
3.05923673136173e-2
-2.99625336411336e-2
3.90775584582033e-4
2.74530920211312e-2
-4.30638473045778e-2
-2.94433423093567e-2
4.47187784101816e-2
1.36160611012710e-2
-1.30277165762296e-2
-3.11175187391284e-2
1.40296501054195e-2
-3.74766750285772e-3
-2.79413516013134e-2
-3.62132250616364e-2
3.74716346970880e-2
3.66654629054445e-2
-3.51871184959483e-3
3.45303685958569e-2
1.63982399381114e-3
-8.02828492407363e-5
-3.28723473245081e-2
3.27098295812934e-2
2.56749597356814e-2
-2.48270287862944e-2
9.89226667922006e-3
3.49128509816166e-2
2.64940663230191e-2
-4.53680045008681e-3
4.31756977373006e-3
-4.77540877075132e-3
-1.01809124840177e-2
-3.20081344815641e-2
-9.92586495473862e-3
-3.01683522330832e-2
-2.02496124662193e-2
1.95270499602416e-2
-2.93979802832824e-2
-2.10200045828365e-2
-3.56077542408826e-2
3.47352751381548e-2
-1.19219548758613e-2
-3.65419179807178e-2
4.41131570511347e-3
-2.61377443065169e-2
-3.05589075241398e-2
3.04454202083474e-2
4.97995283064140e-3
-3.07010131158952e-2
-2.59956486251355e-2
7.66555400739254e-3
-3.75602059972333e-2
8.11543228038518e-3
3.16284747981055e-2
5.02055025135448e-4
-6.08621001328963e-4
-3.13776594303449e-2
-3.10941445444093e-2
3.08696827146325e-2
-3.13006498155678e-2
-3.33880473887908e-2
3.41829481201093e-2
-3.26885580003452e-3
-3.25071179404390e-2
-2.58308197905162e-2
2.60470102138849e-2
3.21697863066462e-2
6.27598798517967e-3
-2.56534435887096e-2
-1.13989487648892e-2
1.27463760199360e-2
-2.42839674680940e-2
-9.96031083259027e-3
-4.52334262181218e-2
4.37210470274319e-2
2.47111944342079e-2
-3.36233316895494e-2
3.19820467441540e-2
2.76653943225246e-2
-2.81806920075084e-2
-3.29161414515709e-2
2.78369068281741e-2
3.32596065916583e-2
-4.71241476088709e-3
4.54035584448050e-3
-3.25899663428746e-2
-4.84688244494872e-3
6.03551513347496e-3
-7.98960469113915e-3
-3.31581391678126e-2
3.24457932604797e-2
-2.51519399788422e-2
-8.27341374069101e-3
2.58926287260951e-2
-3.39200364300807e-2
-3.02984571133798e-2
3.03213555186544e-2
6.39347366245304e-3
-3.03130021656114e-2
-2.47810459202153e-2
-2.61479340660749e-2
2.58334739287616e-2
3.33023857973443e-2
6.95610439754290e-3
-2.64735989205682e-2
-3.27476949938780e-2
3.30698074117553e-2
-2.94972105353302e-2
3.08697625595243e-2
2.65386495508382e-2
5.44525436107461e-3
-5.53715844367741e-3
5.30372037778330e-3
1.88543509453182e-2
2.80390175450476e-2
3.09161883296529e-2
1.10386127650753e-3
3.11742775313396e-2
7.01196611353397e-3
-6.27536281265133e-3
-3.10800326913074e-2
-2.41604421431756e-2
2.40274665634710e-2
7.73519865347498e-3
-2.43249488351924e-2
-3.01483601684527e-2
2.96078528223388e-2
-3.05473533977057e-2
2.70592777081701e-2
-1.22829218067629e-2
-3.34131592451479e-2
7.03853602591450e-3
3.37772179286084e-2
-3.30790654196723e-2
3.12916738313764e-2
7.44620178607975e-4
-9.09497760811949e-4
-3.09859500922831e-2
-3.05169748198938e-2
3.02272360617831e-2
3.15814140558664e-2
-3.08003530010279e-2
-2.56528754481075e-2
-1.39891005068665e-2
-3.93513444002376e-2
-2.52990824372915e-2
2.53034997349645e-2
3.13378165443517e-2
5.60641600097061e-3
5.38307217587767e-3
-2.80036523905919e-2
-3.97444147619246e-3
3.10105327679353e-2
5.19354931131314e-3
-2.58253882403169e-2
2.57492324943176e-2
3.10866888537803e-2
-2.59289766797075e-2
7.67593226171777e-5
-2.10235131667769e-4
3.04263854989159e-2
3.11007444233857e-2
-7.56261580517434e-6
-2.96406410054096e-2
-2.42316626910154e-2
3.03604825275163e-2
5.39763267442302e-3
-3.96980048429960e-3
-2.49898910804340e-2
3.38181090703809e-3
-3.18641892814853e-3
3.64153855990198e-3
-2.73572135987743e-2
6.98664533891221e-4
-1.65655611738283e-3
-3.22704027409091e-2
1.97619693298340e-3
-3.06367125429018e-2
2.98425606537827e-2
-1.23275387509471e-3
-3.14577124576496e-2
-3.14494320858831e-2
4.80160631854641e-3
-2.55548587264142e-2
2.56782366697598e-2
-3.03627626832304e-2
5.53537688960053e-3
-2.54721321750309e-2
-7.83653774752122e-3
-3.93957329506455e-2
3.84426204807219e-2
-3.15476304742861e-2
-3.05170738937987e-2
2.69063572931026e-2
-2.63951066434763e-3
3.60210205935230e-3
-2.75991883731394e-2
-2.95607701576731e-2
3.02217577211160e-2
-1.60994214867264e-3
-2.89623048035800e-2
3.24260013871747e-2
2.73364769149408e-2
-2.95212558719924e-2
2.90462019465215e-2
-3.00300128821150e-2
-4.34558295042452e-2
4.51446813247246e-2
-3.10965304895844e-2
3.18691732217376e-2
2.90698910863776e-2
-3.03886319495829e-2
-7.16300783865645e-4
3.15278988326200e-2
5.56321687700079e-3
-3.15255037436625e-2
-2.59708313321929e-2
2.59493865878557e-2
5.55419248134607e-3
1.38436012120949e-3
-1.58084295183422e-3
2.99312007766868e-2
3.18558559577760e-2
1.19678890474747e-3
-5.19375061341560e-3
-3.46133492842450e-2
3.39953808382749e-2
5.44869523330467e-3
-2.93963324666680e-2
3.00060421199711e-2
-4.75505319736501e-3
-2.66342177543389e-3
-2.57330651601705e-2
4.60217964071193e-3
-2.30760507144692e-2
-2.53105665679629e-2
-9.91002166653978e-3
-3.00255389173535e-2
3.10053504388573e-2
3.07103694213380e-2
1.87841883920211e-3
-2.94010428898540e-2
-3.05502022081234e-2
-2.67857708342941e-2
-3.41834076989698e-2
3.36636758170850e-2
4.00244352023037e-3
-3.47373796221887e-2
-3.05882384817178e-2
3.08752245627270e-2
2.50308893715124e-3
-3.03040207878976e-2
-2.81075320135590e-2
-1.40986689672290e-2
3.75422269917990e-2
2.56208695544250e-2
-1.40313206300266e-2
3.04994011048490e-2
-3.25699093595440e-2
-3.32163441143023e-2
-6.22949350396648e-4
-3.29888021154558e-2
1.82332549554954e-2
-6.82835549749352e-3
9.19020603413007e-3
1.08326409722902e-2
-2.94222316977562e-2
-3.20556730234748e-2
3.22892017887086e-2
8.43472808935575e-3
-3.18621736551526e-2
6.92161602731001e-3
2.53982742460146e-2
3.27617487936222e-2
7.21829082953539e-3
-3.38385189336204e-2
-3.10183781191329e-2
3.95624582897698e-3
-3.06207934422861e-2
-2.60590763949198e-2
2.65674887287585e-3
-2.98013205769380e-2
-3.24282977192928e-2
-3.21375761719001e-2
-3.00920403345651e-2
2.93091335511322e-2
6.64982163983868e-3
-5.42194061052516e-3
-2.92833405732873e-2
-2.66126545206836e-2
2.71640880933568e-2
4.51476898551270e-3
-2.60444074386398e-2
-2.46055127921730e-2
-1.19865709078279e-2
5.56630769281583e-3
-2.54280020179581e-2
5.57834065209265e-3
-2.62549748682552e-2
-5.56158977338659e-3
2.61129037744083e-2
-3.18284252353264e-2
5.59723050136453e-3
3.03387691368691e-2
6.17968462354176e-4
-2.70669681157103e-4
-2.97429530279129e-2
2.96930663570539e-2
-2.91567157377781e-2
1.04782880201089e-3
7.39900651244457e-3
-6.96258244938520e-3
-3.21808225357300e-2
7.80815716299498e-3
-2.52482699732391e-2
-2.52230698073766e-2
-6.50925960042372e-3
2.50737030965954e-2
-3.17508092737761e-3
2.95620416736439e-2
-1.13985236981016e-2
-3.80367996421332e-2
-2.66498113798763e-2
-1.03904565241048e-2
2.54511392022163e-2
-2.78764518594860e-2
3.53307167793748e-2
3.11952903547718e-2
1.78836516359509e-3
-2.94701433562179e-2
2.91574787527226e-2
-2.00960289814952e-3
-3.12320610028681e-2
3.15405420892110e-2
-2.97860134703382e-2
-2.88040252154674e-2
3.24546100206802e-2
-2.82628728192483e-2
2.93004178743924e-2
5.46130740384895e-3
-2.39192051786908e-2
-2.81094860383103e-2
2.40250797456211e-2
-4.19471574080753e-3
-2.38589006723584e-2
3.33833553402051e-2
4.32118741315062e-3
-8.17942686098509e-3
-3.36502049096847e-2
-2.38418321940211e-2
-2.38657751809373e-2
6.51773420138655e-3
-3.24704535579590e-2
3.17798062192020e-2
2.55634498527551e-2
-2.59206595775882e-2
2.59046919651498e-2
-5.64638880783665e-3
-2.59661280995217e-2
-3.13930489984054e-2
-3.05745601080807e-2
-3.11569573440781e-2
-2.39284285360328e-2
3.03839988362065e-2
-5.03803187025856e-3
2.61399364417329e-2
3.33115973193372e-3
-2.66011584082494e-2
2.63958308485661e-2
-2.99291823786092e-2
3.01632201337651e-2
2.91313184628279e-3
-2.96998421619237e-2
5.45406106904030e-3
-5.48250110480558e-3
-3.17770360445781e-2
5.46825243100572e-3
2.99750951189938e-2
-3.65254402043625e-4
-3.03149149873630e-2
3.03274790281691e-2
4.56633899325733e-3
-3.09657646179821e-2
4.71577136436701e-3
-4.31735243002852e-3
5.14301925315740e-3
-2.58931295081497e-2
2.01553253992413e-3
-2.24071790128054e-3
-3.18419986251737e-2
1.77862600735912e-3
-3.03678594942085e-2
1.47691741436697e-2
-1.56964205988074e-2
-3.31739211145680e-2
3.27100708871307e-2
-2.96871261794895e-2
2.57840117971281e-2
-5.15006411626068e-3
6.23499331201519e-3
-2.66115816614847e-2
-3.09479926435637e-2
4.97224496155827e-3
-2.67749766801894e-2
-4.98389059057625e-3
-3.17696757262985e-2
-2.65033566437081e-2
-2.81893484982029e-3
-2.22160148541159e-3
-2.28232615962419e-3
2.95925106508913e-2
-3.28314639380053e-2
3.37620999350769e-2
-3.19732099607048e-2
2.18177387928139e-3
-2.53043544583093e-3
-3.00219984002231e-2
-2.84077750294649e-2
-4.10058166389417e-3
-3.19242403192246e-2
3.08022534400952e-2
-3.53345658899960e-2
-7.70283347729757e-3
3.12025789721853e-3
-2.80636044973722e-2
-3.35563957846217e-3
-3.11654520571127e-2
2.89521309849129e-3
-2.83538286836342e-2
5.32945787742825e-3
2.57014783639248e-2
-5.65446537380608e-3
3.11743039242262e-2
-2.60396530755327e-2
-5.43416600889949e-3
-3.30461030494486e-2
-2.55327816566165e-2
-3.01047648642029e-2
-2.96297463740172e-2
-2.45956683419791e-3
-3.17499739605106e-2
-3.03691181240770e-2
3.07073680725396e-2
1.41045606119193e-3
-1.30687788567540e-3
-2.99967199792228e-2
-3.18766431859644e-2
6.35169593972392e-4
3.16143861761174e-2
-3.21368780718394e-2
-3.10685405514413e-2
3.22793158642298e-2
4.18378207584113e-3
-4.33496347525524e-3
-2.80745113539517e-2
2.77638632255190e-2
-1.18600324827536e-4
3.06647170015882e-2
-4.23092280888425e-2
-1.90061344503438e-2
2.62149700634631e-2
3.03620358594878e-2
1.55237078131906e-3
-2.80830264701951e-2
2.77826486076687e-2
-2.96212183810812e-2
2.99395922016278e-2
3.07548499462061e-2
-3.13044001569697e-2
3.02256043410156e-2
-1.84348014101964e-3
-3.67402539067941e-2
3.61030096238461e-2
-3.48836445003416e-2
-2.78943208112708e-5
-3.74410941017458e-2
-2.58201776094290e-2
-3.18243681919837e-2
2.59342414601279e-2
-6.02264146367454e-3
-2.57415608225118e-2
5.81486290870312e-3
-3.19521277956813e-2
-3.04692539386228e-2
3.14236192069139e-2
1.38147910738831e-2
-2.95884442657935e-2
-3.10436685492039e-2
5.59025513222022e-3
3.10061396527074e-2
-2.11373469730270e-3
-2.98899082064652e-2
1.19104059607052e-3
1.66074814851827e-4
2.61323715334810e-2
2.67468899845740e-2
2.57411902169337e-3
-1.86395869344321e-2
-1.14648279909977e-2
1.18414932701879e-2
-2.67030177790069e-2
-4.02654634527030e-2
-3.62364257149292e-2
7.00801442982661e-3
3.74230922156306e-2
-3.21151368893298e-2
1.52545778506934e-3
-3.06275712610394e-2
-5.66694542268195e-3
-3.13620402969101e-2
-3.47682509152579e-2
3.58531419771448e-2
-3.23977687482038e-2
1.09902035974703e-3
-3.13267064133098e-2
-3.26620113345078e-2
-2.91502332722748e-2
-3.11847072485604e-2
-2.48038789651311e-2
-3.10221171017566e-2
-2.48618006519814e-2
2.15494172762316e-3
3.86916783684616e-2
4.74587446589970e-3
-2.49131288057281e-3
-2.65262150440296e-2
-1.63189614312375e-5
6.01783853440661e-3
-2.73664850314512e-2
2.68608670485104e-2
-2.84239856831249e-2
2.63847053258657e-2
-2.65436336992923e-2
3.03997502351871e-2
-2.85704212740198e-2
-2.56835522911833e-2
2.56964677786837e-2
-3.13439720164091e-2
-3.22690076772300e-2
3.18475440776505e-2
-1.36445015048411e-3
-2.83211827382218e-2
-8.40017474266930e-3
3.41475787163822e-2
-8.35353262744329e-3
1.95496437261071e-2
-1.29206751144506e-2
-5.58903735461867e-3
-3.27280676180747e-2
-3.34317088842918e-2
6.56878045195066e-3
2.97187750602505e-2
1.54961738715124e-3
-2.81876414583709e-2
2.92368077800064e-2
2.86695896768721e-2
-2.77594171992509e-2
2.74572158302679e-2
-2.41785832649274e-2
-6.20453106063036e-3
-3.27718949138506e-2
4.14650157907007e-3
3.76073362563286e-3
3.17930138984237e-2
2.11243205928605e-4
-6.47122803375822e-5
7.48233450758536e-3
6.09760156446465e-3
-2.62741476614849e-2
-3.19661912616791e-2
-2.60850018481351e-2
3.10104934268039e-2
3.12764404755610e-2
3.13484384742229e-2
6.04870320383486e-3
-2.54463356854965e-2
2.54201111995116e-2
-3.14962582633719e-2
3.15848220680125e-2
5.51739907541327e-3
-1.76115958994574e-2
2.03916265565826e-2
3.24538181450892e-2
-1.48033361983188e-2
3.55213574299371e-2
-2.91277049242596e-2
-2.70037287322895e-2
-2.72427980370956e-2
-3.39426591958774e-2
-3.14893942482070e-2
-3.15043173332322e-2
1.75213831972037e-5
4.02374476803382e-5
5.90237404042001e-3
2.87818693322459e-2
-5.49848479053023e-4
2.79432587166736e-2
2.83563870165753e-2
-2.17936067623091e-3
-3.42775414262369e-2
-3.21216134609045e-2
-3.32955537585215e-2
-2.65818145374268e-2
-3.70204434065793e-2
-3.24895272452321e-2
-2.68641811189500e-2
-2.31338981843962e-2
1.20606379090014e-2
3.16758101055385e-2
-6.50711672727333e-3
8.36982879877068e-3
-2.18361126140894e-2
-2.26955052585425e-2
-3.11487648957531e-2
-3.85581575881632e-2
-3.96403116843373e-2
-2.75025627744932e-2
-1.11181105521373e-2
1.22965139424994e-2
3.99215564275102e-4
-1.37253863499544e-2
-3.10772674730158e-2
3.18717024403111e-2
3.06428685188485e-3
-2.88337629735032e-2
2.49525143043233e-2
3.17060065268991e-2
3.23851639601519e-2
3.22781552019933e-2
3.88196781456016e-2
5.61065707103578e-3
-5.61055200441574e-3
-3.22295852126689e-2
-2.71567076499720e-2
-8.44315510630327e-3
6.16124898660217e-3
-3.09982419578287e-2
6.75538609551212e-3
2.26109516872996e-2
-1.09521225712669e-2
-3.35623426227909e-2
-2.63904007753800e-2
2.59570664720072e-2
4.14176147597930e-2
1.31559802574908e-2
-1.33194636159917e-4
2.24706992093969e-3
-6.19998703091033e-3
-2.87790106920526e-2
-2.58444699959234e-2
2.67617166607173e-3
-2.88481296639138e-2
-3.15002064734188e-2
-3.11911929280841e-2
-3.15404444355636e-2
-2.82700903682434e-2
-5.06107900742930e-3
-4.11325449602661e-3
-3.24613004389946e-3
-2.66307381134451e-2
-2.77745043189129e-2
3.15712714591604e-2
-3.04887823084917e-2
7.56667330048420e-3
