0.00000000000000e0
0.00000000000000e0
0.00000000000000e0
0.00000000000000e0
0.00000000000000e0
0.00000000000000e0
5.10984109007291e-33
5.44355024803281e-31
0.00000000000000e0
0.00000000000000e0
0.00000000000000e0
0.00000000000000e0
5.81170741676401e1
0.00000000000000e0
0.00000000000000e0
0.00000000000000e0
7.16313966846725e-31
4.08091845843958e1
-5.03018858840520e-31
1.88336645247933e-31
0.00000000000000e0
0.00000000000000e0
0.00000000000000e0
0.00000000000000e0
1.50043289955431e1
0.00000000000000e0
0.00000000000000e0
0.00000000000000e0
2.43628391047366e-31
-1.56063781315858e1
0.00000000000000e0
0.00000000000000e0
0.00000000000000e0
-6.15854586761874e-31
0.00000000000000e0
0.00000000000000e0
0.00000000000000e0
3.69092926880440e1
0.00000000000000e0
0.00000000000000e0
0.00000000000000e0
0.00000000000000e0
-1.43297643274999e-31
0.00000000000000e0
0.00000000000000e0
0.00000000000000e0
0.00000000000000e0
-2.08024424720491e1
-3.58525741811897e1
-6.16599750988239e1
-1.53352151126275e2
-6.55906260785238e1
6.24223895402779e-1
-3.88220031832990e1
0.00000000000000e0
0.00000000000000e0
0.00000000000000e0
0.00000000000000e0
8.43087224307002e1
6.36767227627715e1
-1.01302458151047e2
-4.84728326252615e1
1.57441425832399e2
2.16891366187715e1
4.74513285132191e1
-4.33514366136805e1
-2.34097280577374e1
-8.04290941442413e1
0.00000000000000e0
0.00000000000000e0
0.00000000000000e0
0.00000000000000e0
4.00953949239672e1
7.02411567929635e0
-8.94539113742439e1
8.70973976810828e0
-2.09690205984793e2
3.48303076675066e0
7.36507737053283e0
3.13107753305881e1
0.00000000000000e0
0.00000000000000e0
0.00000000000000e0
4.60545057160879e1
1.20471071225105e-30
4.77173854473657e1
0.00000000000000e0
0.00000000000000e0
0.00000000000000e0
-2.68479524197659e1
3.69452797601444e-31
-3.21001924135516e1
0.00000000000000e0
0.00000000000000e0
0.00000000000000e0
3.83288609624212e1
8.48152231296636e-31
0.00000000000000e0
1.18868342453566e-31
0.00000000000000e0
2.73483962037087e1
0.00000000000000e0
0.00000000000000e0
2.73559069912453e1
0.00000000000000e0
0.00000000000000e0
0.00000000000000e0
0.00000000000000e0
2.26161361403912e1
1.76986577313807e-30
0.00000000000000e0
-5.49714119470107e1
0.00000000000000e0
6.92552744434119e-31
0.00000000000000e0
-1.54195409787513e0
0.00000000000000e0
0.00000000000000e0
0.00000000000000e0
-1.53447044075319e0
0.00000000000000e0
-9.63981543119527e1
0.00000000000000e0
0.00000000000000e0
5.67351443422855e1
6.02245648789735e-31
5.92319571944757e1
6.26093653903753e1
3.64769729670133e1
2.80883460541000e2
-1.88843206522690e1
-3.08160616170782e-31
0.00000000000000e0
5.06726430668669e1
0.00000000000000e0
3.71224130152437e1
4.49287868283181e0
1.12143771530385e0
-1.20562251774191e1
-1.97942857934221e1
-7.44478848447104e0
-2.10014528376887e1
2.85734520315116e1
6.91538751715085e0
9.86358330696007e0
-1.22430099760355e1
-1.34682013233539e1
0.00000000000000e0
0.00000000000000e0
2.06368913040725e1
-5.57435281332081e-31
1.26486586028220e0
3.27719564082381e1
3.98391814509770e2
2.85081108552701e2
5.88681024932281e1
-4.13688889910831e0
-7.59468034248876e1
5.79518465224077e1
2.08727046620297e1
1.09904719696687e1
-1.83159052733518e2
9.68191624391536e1
2.36700585461798e1
8.16846675924355e1
1.39619258864636e-30
0.00000000000000e0
-3.07898080997648e0
0.00000000000000e0
1.38474330215043e1
1.77682138573575e1
-1.37329252092062e1
-4.18459564727581e1
7.60575104969422e0
-1.80836667078945e1
-1.16366764610599e0
1.25393160468131e0
1.25275219053944e1
-1.64866496434982e1
1.68530571709713e1
1.40570366030620e1
1.53934841256534e2
-3.00493139691817e1
-4.41895112285002e2
-4.94086919912989e1
-1.79356284197401e2
-4.36078457380693e1
2.75569762805501e2
1.43915091874270e2
1.82512922055602e2
1.37559891503913e2
3.71292973099757e1
2.85805235648097e1
0.00000000000000e0
0.00000000000000e0
8.43077730124809e1
0.00000000000000e0
0.00000000000000e0
-3.69091413307219e1
2.67684631652468e1
-9.18895649833768e1
-9.54543081330874e0
6.36773065086650e1
0.00000000000000e0
0.00000000000000e0
-8.51912954421128e1
2.57610958051875e1
-4.50978871436652e1
-6.25626228712504e1
8.63507314956575e1
4.00944529925762e1
0.00000000000000e0
0.00000000000000e0
1.26097922197414e0
1.38542956146160e1
0.00000000000000e0
0.00000000000000e0
2.86884277006414e2
8.03174143571628e0
0.00000000000000e0
0.00000000000000e0
-5.14469608099746e1
1.77354453062363e2
0.00000000000000e0
0.00000000000000e0
-2.08025931881550e1
7.02469597854904e0
0.00000000000000e0
0.00000000000000e0
2.78275856479781e1
-7.56045347515880e1
1.92758954610747e1
2.73012351634227e1
-6.35037596228338e1
-6.29770283114629e1
2.04020634943728e2
-9.08038123671533e1
-7.81554304451973e1
2.63924588741949e2
-1.88474179050696e1
1.70735892790841e2
-1.88125797869157e1
-3.94459090467272e1
1.31104674676082e2
-5.24205098622440e1
-2.06327166145333e1
2.02567603787124e2
-4.71721940586667e1
-5.56533001404093e1
-3.50887287579565e1
-5.70186131622333e1
-3.30719911665380e1
1.37251146086242e2
-2.62338942919763e1
2.39460137075671e1
5.85144184225536e1
1.38722900610123e1
-5.84793543509978e1
-5.75569508160484e0
5.86821013867352e0
2.49570243289099e0
-3.37194220157135e0
-2.42866345299992e1
-1.31780537452831e1
1.66268412690414e0
4.61112530532514e0
-1.20669512546578e0
-3.83350254599427e1
-1.13310429400707e2
5.26421568376867e1
-2.26212481020750e2
-2.78853680621318e2
-2.86882783374160e2
-6.30047528999834e1
-8.03263991336488e0
5.49716379287460e1
2.94827618492419e0
-1.35570282691576e1
-2.21064405381339e1
-8.54912113865601e0
-3.71288396822238e1
-1.22511615913845e0
-2.85808049953392e1
-2.73558341876628e1
1.21290658063696e1
-1.93731341720911e1
-3.15016379475487e1
-1.01619363773535e1
-2.81134196172739e1
2.37619801943021e1
-5.25243535927308e0
-8.76894990753447e0
-2.26222852798224e1
8.71984947455927e1
-9.67892887810553e1
-1.83985866391797e2
-2.03341775565241e2
-4.11847168790599e2
2.62537747043832e2
1.30882181252766e2
5.80240573884638e0
-1.71548893933118e2
-1.31654947241576e2
-9.30563145286369e1
1.35747193864815e2
2.28802555100958e2
5.14460643044805e1
-4.49527915234678e1
-1.77352970037313e2
-9.63983804820392e1
-2.90142514657104e1
4.32568702984256e0
1.69196375895346e1
1.25936613877209e1
-1.26125871452778e0
-2.79594588402206e0
-1.38538411912088e1
-1.53454277504803e0
