FiniteElementSpace
FiniteElementCollection: H1_2D_P1
VDim: 1
Ordering: 0

-5.0004124e-14
-5.4372715e-14
-1.7665235e-14
-2.4996073e-14
3.2234338e-14
-9.9166609e-14
0.48803233
-4.2548225e-15
9.9302452e-15
-0.48803233
-1.3446868e-14
0.48803233
-2.3773557e-14
-0.48803233
-4.561113e-14
-8.015843e-14
-7.8379715e-14
-8.1863092e-14
0.29167835
0.33116658
-4.2776838e-14
0.16608752
0.33116658
0.29167835
-4.5896217e-14
4.6947535e-14
6.7665534e-14
-0.29167835
-0.33116658
-0.16608752
-0.33116658
-0.29167835
3.9401271e-15
1.8732459e-14
0.29167835
0.33116658
0.16608752
0.33116658
0.29167835
-1.6952124e-14
-2.1297828e-15
-0.29167835
-0.33116658
-0.16608752
-0.33116658
-0.29167835
0.33116658
-7.9974945e-14
0.16608752
0.33116658
-4.199967e-14
-6.6850826e-14
-1.2723373e-13
-0.33116658
-6.3946833e-14
-0.16608752
-0.33116658
-8.2779334e-14
0.33116658
-5.2439897e-14
0.16608752
0.33116658
-1.2683405e-13
-0.33116658
-0.16608752
-0.33116658
