0.00000000e0
0.00000000e0
0.00000000e0
0.00000000e0
0.00000000e0
0.00000000e0
0.00000000e0
0.00000000e0
0.00000000e0
0.00000000e0
0.00000000e0
0.00000000e0
0.00000000e0
0.00000000e0
0.00000000e0
0.00000000e0
0.00000000e0
0.00000000e0
0.00000000e0
0.00000000e0
1.79209366e-1
0.00000000e0
0.00000000e0
5.71946736e-2
1.18690464e-2
0.00000000e0
0.00000000e0
1.81554295e-1
1.20793940e-2
0.00000000e0
0.00000000e0
0.00000000e0
0.00000000e0
0.00000000e0
0.00000000e0
0.00000000e0
0.00000000e0
0.00000000e0
0.00000000e0
0.00000000e0
0.00000000e0
0.00000000e0
0.00000000e0
0.00000000e0
0.00000000e0
0.00000000e0
0.00000000e0
0.00000000e0
0.00000000e0
0.00000000e0
0.00000000e0
0.00000000e0
0.00000000e0
0.00000000e0
0.00000000e0
0.00000000e0
0.00000000e0
0.00000000e0
0.00000000e0
0.00000000e0
0.00000000e0
0.00000000e0
0.00000000e0
0.00000000e0
0.00000000e0
1.53777157e-1
0.00000000e0
8.73956669e-2
0.00000000e0
0.00000000e0
6.34584418e-2
0.00000000e0
0.00000000e0
-6.51618292e-2
0.00000000e0
0.00000000e0
0.00000000e0
0.00000000e0
0.00000000e0
0.00000000e0
1.58307069e-1
0.00000000e0
1.07704949e-1
0.00000000e0
0.00000000e0
0.00000000e0
3.61387883e-1
0.00000000e0
1.13569716e-1
0.00000000e0
3.35368166e-2
1.20508236e-2
-4.11152697e-2
-9.12121256e-2
0.00000000e0
6.93466792e-1
0.00000000e0
1.10660070e-2
0.00000000e0
-2.15080686e-1
1.45623709e-2
-6.43615043e-2
-5.08595126e-1
-8.94427425e-3
-4.43347962e-1
-1.42963147e-2
1.09843921e-3
1.05047344e-1
1.41782442e-1
1.59668693e-2
-5.45071334e-2
5.31601916e-2
-2.03775547e-2
4.09653434e-2
6.39061766e-3
0.00000000e0
0.00000000e0
-1.40805904e-2
-5.17771051e-2
0.00000000e0
-4.14218252e-2
0.00000000e0
0.00000000e0
9.72083950e-2
8.88814774e-2
8.37980913e-2
0.00000000e0
1.21612907e-1
0.00000000e0
-6.13099410e-3
1.16575971e-1
0.00000000e0
0.00000000e0
0.00000000e0
-3.56598920e-2
0.00000000e0
3.61813686e-2
-1.25060680e-2
0.00000000e0
7.81561744e-2
0.00000000e0
-5.72857084e-2
9.86937884e-2
9.58325571e-3
5.47178800e-2
0.00000000e0
3.86322074e-2
-3.65583023e-2
0.00000000e0
0.00000000e0
3.61652096e-4
8.75114105e-2
1.31956086e-1
3.08774644e-2
-5.40510271e-3
1.02951604e-1
-1.91970089e-1
-9.33856996e-2
-1.74353590e-1
-6.22717236e-2
-8.74060731e-3
0.00000000e0
1.41196939e-2
5.47704922e-2
1.75794243e-2
0.00000000e0
0.00000000e0
0.00000000e0
0.00000000e0
-2.60486239e-2
-1.41962885e-2
3.56793194e-3
0.00000000e0
0.00000000e0
0.00000000e0
-1.26698162e-1
8.77696519e-2
3.76654934e-1
6.56345137e-1
1.69455023e-1
-3.84025384e-2
5.54108099e-2
7.00795317e-2
-3.48225453e-2
-6.58376400e-3
5.16178023e-2
8.79108193e-2
-1.15034430e-2
