FiniteElementSpace
FiniteElementCollection: H1_2D_P1
VDim: 1
Ordering: 0

1
1
1
1
1
-0.13999927
-0.16039037
-0.15926797
-0.16039037
-0.13999927
0.019570781
0.025367009
0.025508668
0.025367009
0.019570781
-0.0027317709
-0.0039203506
-0.0040648369
-0.0039203506
-0.0027317709
0.00038074072
0.00038074072
0.00038074072
0.00038074072
0.00038074072
1
-0.0078272335
-0.15689716
-0.0071967457
1
-0.0078212192
-0.15971122
0.0039897666
0.025585709
0.0026622576
0.0237471
0.0030233629
-0.00056004759
-0.0035291603
-0.00070527363
0.00010459976
0.00038074072
0.00013813057
-0.0040465286
0.00021592621
0.00038074072
-0.0010289654
0.025585709
-0.00056004759
-0.0040465286
0.00010459976
0.00038074072
-0.0035291603
0.00013813057
0.00038074072
0.0237471
-0.00070527363
-0.15689716
0.0030233629
0.0026622576
-0.15971122
1
-0.0078272335
1
-0.0071967457
-0.0031531131
-0.0081208264
0.0037554015
0.0011291693
-0.00029921432
5.9391771e-05
0.00018146526
-0.00089699876
-0.00089699876
0.00018146526
5.939177e-05
-0.00029921432
0.0011291693
0.0037554015
-0.0081208264
-0.0031531131
1
0.44525395
-0.0011663769
0.4284311
1
0.44262558
-0.0061803603
-0.18411494
-0.15967069
-0.17899
-0.15076941
-0.16652973
1
0.44232323
-0.0082511036
1
0.44247763
-0.0079085717
-0.18360169
-0.15938132
-0.1840105
-0.16016142
-0.067880246
0.0033456322
-0.06896592
-0.067500593
0.0039410449
0.030576189
0.025535414
0.030515003
0.025573283
0.02978725
-0.068261009
0.0012571208
-0.057627476
0.001806852
0.024810643
0.027551435
0.022038318
0.024160752
0.010146161
-0.0003739524
0.0077260164
0.010687657
-0.00038955463
-0.0047034878
-0.0037679876
-0.0041776033
-0.0031878587
-0.0034961947
-0.0014688381
7.8404447e-05
-0.0010321145
-0.0016008545
7.2071862e-05
0.00063476018
0.00038074072
0.00056104853
0.00038074072
0.00050468259
-0.0040060293
-0.0015876746
0.00014465521
-0.0040615105
-0.0015654754
0.00020689038
0.00071980872
0.00038074072
0.00069641503
0.00038074072
0.010508272
-0.00074392357
0.010366853
-0.00099535525
-0.0050627601
-0.0049843057
0.025535414
0.010508272
-0.00099535525
0.025573283
0.010687657
-0.00074392357
-0.0047034878
-0.0040060293
-0.0049843057
-0.0040615105
-0.0015876746
0.00020689038
-0.0016008545
0.00014465521
0.00063476018
0.00038074072
0.00069641503
0.00038074072
-0.0037679876
-0.0014688381
7.2071862e-05
-0.0031878587
-0.0010321145
7.8404447e-05
0.00050468259
0.00038074072
0.00056104853
0.00038074072
0.024810643
0.010146161
-0.00038955463
0.022038318
0.0077260164
-0.0003739524
-0.0034961947
-0.0041776033
-0.15967069
-0.068261009
0.001806852
-0.06896592
-0.15076941
-0.057627476
0.0012571208
0.024160752
0.027551435
0.02978725
-0.15938132
-0.067880246
0.0039410449
-0.16016142
0.0033456322
0.030515003
1
0.44232323
-0.0079085717
1
0.44262558
-0.0082511036
-0.18411494
-0.1840105
1
0.44525395
-0.0061803603
1
0.4284311
-0.0011663769
-0.16652973
-0.17899
0.44450299
0.44368151
-0.18261366
-0.17320353
0.44229149
0.44243044
-0.18371367
-0.18430555
-0.06838203
-0.067590313
0.030571159
0.030298901
-0.064904818
-0.069203412
0.028876346
0.025914749
0.0092494734
0.010573514
-0.0044691626
-0.0038457885
-0.001297607
-0.0015632301
0.00059718703
0.00053039239
-0.0016025508
-0.0015719115
0.00071383278
0.00066913863
0.010628498
0.010405883
-0.005044102
-0.0048739806
0.010405883
0.010628498
-0.0048739806
-0.005044102
-0.0015719115
-0.0016025508
0.00066913863
0.00071383278
-0.0015632301
-0.001297607
0.00053039239
0.00059718703
0.010573514
0.0092494734
-0.0038457885
-0.0044691626
-0.069203412
-0.064904818
0.025914749
0.028876346
-0.067590313
-0.06838203
0.030298901
0.030571159
0.44243044
0.44229149
-0.18430555
-0.18371367
0.44368151
0.44450299
-0.17320353
-0.18261366
