0.00000000e0
0.00000000e0
6.91326626e-1
-3.72613766e-4
0.00000000e0
0.00000000e0
0.00000000e0
0.00000000e0
0.00000000e0
0.00000000e0
-8.18620628e-1
0.00000000e0
7.52508589e-2
0.00000000e0
0.00000000e0
2.74670038e-1
8.83909283e-3
0.00000000e0
0.00000000e0
6.43803223e-1
0.00000000e0
-9.06665555e-3
0.00000000e0
0.00000000e0
0.00000000e0
0.00000000e0
0.00000000e0
0.00000000e0
0.00000000e0
0.00000000e0
0.00000000e0
6.49829957e-1
4.98406129e-1
9.15062210e-1
-5.78923616e-1
3.71253175e-1
4.79016456e-1
3.11803745e-1
2.50383011e-1
-4.46780104e-1
0.00000000e0
0.00000000e0
0.00000000e0
-1.05362568e0
-6.94038087e-2
0.00000000e0
0.00000000e0
0.00000000e0
1.71044903e-1
0.00000000e0
0.00000000e0
-1.07839342e-1
0.00000000e0
0.00000000e0
0.00000000e0
-5.78780415e-1
0.00000000e0
1.44792776e-1
0.00000000e0
0.00000000e0
0.00000000e0
0.00000000e0
0.00000000e0
0.00000000e0
1.39133392e-1
1.93349036e-1
2.41523621e-2
-4.23751461e-1
-1.13699565e-2
-3.37750175e-1
6.51280771e-2
-3.06323608e-2
-5.28198747e-3
1.57123088e-1
3.41878426e-1
1.87433267e-1
-2.59266842e-2
2.92966102e-1
-7.47054838e-1
-4.41064774e-1
9.22317529e-2
-3.88870103e-1
-7.43002096e-1
0.00000000e0
0.00000000e0
-3.14287127e-1
-5.38900319e-2
2.33533149e-1
-5.80808669e-2
-3.17563525e-1
0.00000000e0
0.00000000e0
2.37251173e-1
2.58639570e-1
1.65715282e-1
5.34751523e-2
1.69963871e-1
-9.83723216e-2
1.84604260e-2
-2.45002138e-1
-2.60431186e-1
6.34627481e-2
-1.57899998e-1
0.00000000e0
-6.68886688e-2
-2.20007851e-2
0.00000000e0
0.00000000e0
0.00000000e0
5.74282744e-2
0.00000000e0
3.76871086e-2
1.08827453e-1
0.00000000e0
0.00000000e0
0.00000000e0
