0.00000000e0
0.00000000e0
0.00000000e0
0.00000000e0
0.00000000e0
0.00000000e0
0.00000000e0
0.00000000e0
0.00000000e0
0.00000000e0
0.00000000e0
0.00000000e0
-2.54936688e-3
0.00000000e0
0.00000000e0
0.00000000e0
0.00000000e0
0.00000000e0
0.00000000e0
0.00000000e0
0.00000000e0
0.00000000e0
0.00000000e0
0.00000000e0
0.00000000e0
0.00000000e0
0.00000000e0
0.00000000e0
0.00000000e0
0.00000000e0
0.00000000e0
0.00000000e0
0.00000000e0
0.00000000e0
0.00000000e0
0.00000000e0
0.00000000e0
-2.60538016e-1
0.00000000e0
0.00000000e0
0.00000000e0
0.00000000e0
0.00000000e0
0.00000000e0
-3.23112436e-2
0.00000000e0
0.00000000e0
0.00000000e0
5.07042281e-2
0.00000000e0
0.00000000e0
-2.08747999e-1
0.00000000e0
0.00000000e0
0.00000000e0
0.00000000e0
0.00000000e0
1.25763550e-1
0.00000000e0
0.00000000e0
0.00000000e0
0.00000000e0
0.00000000e0
0.00000000e0
2.24122391e-1
2.28027866e-1
4.24236812e-2
5.23024237e-1
2.23614261e-1
4.04607667e-1
-2.58237527e-2
-6.87927218e-2
-5.62143192e-2
-6.60200773e-1
-7.24659201e-1
-3.00097019e-1
3.88233177e-2
-4.50975006e-1
0.00000000e0
9.01330580e-1
5.94556212e-1
6.69131442e-1
0.00000000e0
0.00000000e0
0.00000000e0
0.00000000e0
9.59101046e-2
-1.21514766e-1
9.45600376e-2
0.00000000e0
0.00000000e0
0.00000000e0
1.87599493e-1
2.06813353e-1
6.27935089e-2
-1.72148007e-3
1.23620975e-1
3.99177947e-3
-6.28266322e-3
-1.54709087e-1
-1.43463521e-1
-2.00185241e-2
-1.87750715e-1
0.00000000e0
-1.29639267e-1
-1.55908491e-1
0.00000000e0
0.00000000e0
0.00000000e0
-1.42067914e-2
0.00000000e0
-1.48576911e-2
2.04528234e-2
0.00000000e0
0.00000000e0
0.00000000e0
