ParComplexGridFunction
FiniteElementSpace
FiniteElementCollection: H1_2D_P1
VDim: 1
Ordering: 0

1
1
1
1
1
-0.13999927
-0.16039037
-0.15926797
-0.16039037
-0.13999927
0.019570781
0.025367009
0.025508668
0.025367009
0.019570781
-0.0027317709
-0.0039203506
-0.0040648369
-0.0039203506
-0.0027317709
0.00038074072
0.00038074072
0.00038074072
0.00038074072
0.00038074072
1
-0.0078272335
-0.15689716
-0.0071967457
1
-0.0078212192
-0.15971122
0.0039897666
0.025585709
0.0026622576
0.0237471
0.0030233629
-0.00056004759
-0.0035291603
-0.00070527363
0.00010459976
0.00038074072
0.00013813057
-0.0040465286
0.00021592621
0.00038074072
-0.0010289654
0.025585709
-0.00056004759
-0.0040465286
0.00010459976
0.00038074072
-0.0035291603
0.00013813057
0.00038074072
0.0237471
-0.00070527363
-0.15689716
0.0030233629
0.0026622576
-0.15971122
1
-0.0078272335
1
-0.0071967457
-0.0031531131
-0.0081208264
0.0037554015
0.0011291693
-0.00029921432
5.9391771e-05
0.00018146526
-0.00089699876
-0.00089699876
0.00018146526
5.939177e-05
-0.00029921432
0.0011291693
0.0037554015
-0.0081208264
-0.0031531131
1
0.44525395
-0.0011663769
0.4284311
1
0.44262558
-0.0061803603
-0.18411494
-0.15967069
-0.17899
-0.15076941
-0.16652973
1
0.44232323
-0.0082511036
1
0.44247763
-0.0079085717
-0.18360169
-0.15938132
-0.1840105
-0.16016142
-0.067880246
0.0033456322
-0.06896592
-0.067500593
0.0039410449
0.030576189
0.025535414
0.030515003
0.025573283
0.02978725
-0.068261009
0.0012571208
-0.057627476
0.001806852
0.024810643
0.027551435
0.022038318
0.024160752
0.010146161
-0.0003739524
0.0077260164
0.010687657
-0.00038955463
-0.0047034878
-0.0037679876
-0.0041776033
-0.0031878587
-0.0034961947
-0.0014688381
7.8404447e-05
-0.0010321145
-0.0016008545
7.2071862e-05
0.00063476018
0.00038074072
0.00056104853
0.00038074072
0.00050468259
-0.0040060293
-0.0015876746
0.00014465521
-0.0040615105
-0.0015654754
0.00020689038
0.00071980872
0.00038074072
0.00069641503
0.00038074072
0.010508272
-0.00074392357
0.010366853
-0.00099535525
-0.0050627601
-0.0049843057
0.025535414
0.010508272
-0.00099535525
0.025573283
0.010687657
-0.00074392357
-0.0047034878
-0.0040060293
-0.0049843057
-0.0040615105
-0.0015876746
0.00020689038
-0.0016008545
0.00014465521
0.00063476018
0.00038074072
0.00069641503
0.00038074072
-0.0037679876
-0.0014688381
7.2071862e-05
-0.0031878587
-0.0010321145
7.8404447e-05
0.00050468259
0.00038074072
0.00056104853
0.00038074072
0.024810643
0.010146161
-0.00038955463
0.022038318
0.0077260164
-0.0003739524
-0.0034961947
-0.0041776033
-0.15967069
-0.068261009
0.001806852
-0.06896592
-0.15076941
-0.057627476
0.0012571208
0.024160752
0.027551435
0.02978725
-0.15938132
-0.067880246
0.0039410449
-0.16016142
0.0033456322
0.030515003
1
0.44232323
-0.0079085717
1
0.44262558
-0.0082511036
-0.18411494
-0.1840105
1
0.44525395
-0.0061803603
1
0.4284311
-0.0011663769
-0.16652973
-0.17899
0.44450299
0.44368151
-0.18261366
-0.17320353
0.44229149
0.44243044
-0.18371367
-0.18430555
-0.06838203
-0.067590313
0.030571159
0.030298901
-0.064904818
-0.069203412
0.028876346
0.025914749
0.0092494734
0.010573514
-0.0044691626
-0.0038457885
-0.001297607
-0.0015632301
0.00059718703
0.00053039239
-0.0016025508
-0.0015719115
0.00071383278
0.00066913863
0.010628498
0.010405883
-0.005044102
-0.0048739806
0.010405883
0.010628498
-0.0048739806
-0.005044102
-0.0015719115
-0.0016025508
0.00066913863
0.00071383278
-0.0015632301
-0.001297607
0.00053039239
0.00059718703
0.010573514
0.0092494734
-0.0038457885
-0.0044691626
-0.069203412
-0.064904818
0.025914749
0.028876346
-0.067590313
-0.06838203
0.030298901
0.030571159
0.44243044
0.44229149
-0.18430555
-0.18371367
0.44368151
0.44450299
-0.17320353
-0.18261366
0
0
0
0
0
0.0053865334
0.0052490409
0.006483757
0.0052490409
0.0053865334
-0.0015082215
-0.0012415725
-0.0021195265
-0.0012415725
-0.0015082215
0.00031656857
0.00025257141
0.00046650245
0.00025257141
0.00031656857
-5.9034143e-05
-5.9034143e-05
-5.9034143e-05
-5.9034143e-05
-5.9034143e-05
0
-0.40049375
0.0019974539
-0.37423397
0
-0.39915576
0.0064875968
0.063674673
-0.0019023671
0.063945125
-0.00059683297
0.052353716
-0.010042192
0.00014978371
-0.0073131966
0.0016438704
-5.9034143e-05
0.0010200432
0.00040293137
0.0017608394
-5.9034143e-05
-0.010257542
-0.0019023671
-0.010042192
0.00040293137
0.0016438704
-5.9034143e-05
0.00014978371
0.0010200432
-5.9034143e-05
-0.00059683297
-0.0073131966
0.0019974539
0.052353716
0.063945125
0.0064875968
0
-0.40049375
0
-0.37423397
-0.39907225
-0.39933216
0.063942307
0.061189143
-0.0091960494
0.0014190445
0.0017384423
-0.010251774
-0.010251774
0.0017384423
0.0014190445
-0.0091960494
0.061189143
0.063942307
-0.39933216
-0.39907225
0
-0.45016888
-0.39170258
-0.4367493
0
-0.4519062
-0.40089714
-0.17447301
0.0036737653
-0.17536478
0.0017414274
-0.1571903
0
-0.45127091
-0.39976618
0
-0.45114867
-0.39918143
-0.17293406
0.0065085338
-0.17306249
0.0061655142
0.075027596
0.064094564
0.07434393
0.074868062
0.063753085
0.026411724
-0.0020666905
0.026696926
-0.0016202259
0.027205675
0.070407295
0.057724937
0.063452341
0.063120977
-0.0008471656
0.026384785
-0.00072497446
0.021109509
-0.010753688
-0.0084033422
-0.0091936938
-0.011881784
-0.0097270524
-0.0042023126
0.00018282141
-0.003896042
0.00018406628
-0.0028251731
0.0016552935
0.0012427932
0.0013287269
0.0019128165
0.0015512238
0.00073332243
-5.9034143e-05
0.00061581519
-5.9034143e-05
0.0003766898
0.0003326413
0.0020618966
0.001703648
0.000450025
0.0021079082
0.0017557248
0.0007800005
-5.9034143e-05
0.00077314911
-5.9034143e-05
-0.012382949
-0.01019723
-0.012489599
-0.010259441
-0.004114305
-0.0041665436
-0.0020666905
-0.012382949
-0.010259441
-0.0016202259
-0.011881784
-0.01019723
-0.0042023126
0.0003326413
-0.0041665436
0.000450025
0.0020618966
0.0017557248
0.0019128165
0.001703648
0.00073332243
-5.9034143e-05
0.00077314911
-5.9034143e-05
0.00018282141
0.0016552935
0.0015512238
0.00018406628
0.0013287269
0.0012427932
0.0003766898
-5.9034143e-05
0.00061581519
-5.9034143e-05
-0.0008471656
-0.010753688
-0.0097270524
-0.00072497446
-0.0091936938
-0.0084033422
-0.0028251731
-0.003896042
0.0036737653
0.070407295
0.063120977
0.07434393
0.0017414274
0.063452341
0.057724937
0.021109509
0.026384785
0.027205675
0.0065085338
0.075027596
0.063753085
0.0061655142
0.064094564
0.026696926
0
-0.45127091
-0.39918143
0
-0.4519062
-0.39976618
-0.17447301
-0.17306249
0
-0.45016888
-0.40089714
0
-0.4367493
-0.39170258
-0.1571903
-0.17536478
-0.44440517
-0.45191013
-0.17556806
-0.17080504
-0.45153065
-0.45116927
-0.1729426
-0.17352132
0.074945044
0.074927096
0.026486867
0.026982051
0.067086205
0.072885713
0.027125038
0.024541147
-0.0099967625
-0.011396645
-0.0041177101
-0.0034824752
0.0014965172
0.001796346
0.00068728897
0.00051398436
0.0020013231
0.0020966495
0.00077861817
0.00075986864
-0.012201991
-0.012466551
-0.0041293248
-0.0042029947
-0.012466551
-0.012201991
-0.0042029947
-0.0041293248
0.0020966495
0.0020013231
0.00075986864
0.00077861817
0.001796346
0.0014965172
0.00051398436
0.00068728897
-0.011396645
-0.0099967625
-0.0034824752
-0.0041177101
0.072885713
0.067086205
0.024541147
0.027125038
0.074927096
0.074945044
0.026982051
0.026486867
-0.45116927
-0.45153065
-0.17352132
-0.1729426
-0.45191013
-0.44440517
-0.17080504
-0.17556806
