0.00000000e0
0.00000000e0
0.00000000e0
0.00000000e0
0.00000000e0
0.00000000e0
0.00000000e0
0.00000000e0
0.00000000e0
0.00000000e0
0.00000000e0
0.00000000e0
0.00000000e0
0.00000000e0
0.00000000e0
0.00000000e0
0.00000000e0
0.00000000e0
0.00000000e0
0.00000000e0
-8.46803202e-2
0.00000000e0
0.00000000e0
-3.52434276e-3
-3.17761855e-2
0.00000000e0
0.00000000e0
-2.77170858e-2
1.56825315e-1
0.00000000e0
0.00000000e0
0.00000000e0
0.00000000e0
0.00000000e0
0.00000000e0
0.00000000e0
0.00000000e0
0.00000000e0
0.00000000e0
0.00000000e0
0.00000000e0
0.00000000e0
0.00000000e0
0.00000000e0
0.00000000e0
0.00000000e0
0.00000000e0
0.00000000e0
0.00000000e0
0.00000000e0
0.00000000e0
0.00000000e0
0.00000000e0
0.00000000e0
0.00000000e0
0.00000000e0
0.00000000e0
0.00000000e0
0.00000000e0
0.00000000e0
0.00000000e0
0.00000000e0
0.00000000e0
0.00000000e0
0.00000000e0
3.29544464e-2
0.00000000e0
-6.72411406e-2
0.00000000e0
0.00000000e0
-1.92529770e-2
0.00000000e0
0.00000000e0
2.35494304e-2
0.00000000e0
0.00000000e0
0.00000000e0
0.00000000e0
0.00000000e0
0.00000000e0
-5.96296629e-2
0.00000000e0
-6.39624502e-2
0.00000000e0
0.00000000e0
0.00000000e0
-2.54693888e-1
0.00000000e0
7.81205878e-2
0.00000000e0
1.34644548e-1
-2.81905951e-1
-2.92405522e-1
3.13535478e-2
0.00000000e0
1.64261176e-1
0.00000000e0
-7.48394858e-2
0.00000000e0
-5.05405485e-2
-9.64836540e-2
-2.92460397e-2
-2.32602276e-1
-3.43375894e-2
-1.74543982e-1
1.44113327e-1
1.18059336e-1
-9.96467291e-2
4.01358428e-2
1.03710711e-1
1.42223737e-1
5.92741723e-2
1.58241719e-2
-2.10817992e-2
6.23297029e-3
0.00000000e0
0.00000000e0
1.02365612e-1
1.02055187e-1
0.00000000e0
1.05806161e-1
0.00000000e0
0.00000000e0
9.15250963e-3
1.08398590e-1
3.27765936e-2
0.00000000e0
3.10527132e-2
0.00000000e0
1.01438150e-1
2.40533182e-2
0.00000000e0
0.00000000e0
0.00000000e0
9.53439278e-2
0.00000000e0
7.14152807e-2
1.31300772e-1
0.00000000e0
1.57753760e-1
0.00000000e0
-1.61089288e-1
-1.67987016e-1
-1.32834595e-1
-2.32636953e-1
0.00000000e0
1.32553383e-2
-2.85387691e-1
0.00000000e0
0.00000000e0
4.76824854e-2
-4.18873044e-2
-1.36853977e-2
-4.56860540e-2
-2.09330208e-2
2.10453096e-3
-6.17221507e-2
-1.63005614e-1
1.26860839e-1
1.63170036e-1
-1.47604664e-1
0.00000000e0
-6.95884268e-3
-2.86217868e-3
2.61044843e-4
0.00000000e0
0.00000000e0
0.00000000e0
0.00000000e0
8.61247840e-2
-2.11547856e-2
2.88075781e-2
0.00000000e0
0.00000000e0
0.00000000e0
-1.67510283e-2
4.41262417e-2
2.11194518e-1
-1.89188647e-1
8.70262669e-2
7.30110651e-2
7.42867943e-2
7.90701309e-2
7.13156065e-2
1.12194285e-1
-8.76954232e-2
-1.48728197e-1
7.36235123e-2
