FiniteElementSpace
FiniteElementCollection: L2_2D_P1
VDim: 1
Ordering: 0

0.012775373
0.013246211
0.048209393
0.049982431
0.013600717
0.014101872
0.051319869
0.053207185
0.079431363
0.082351513
0.11848591
0.12284107
0.074617795
0.077361027
0.11130611
0.11539761
0.014479145
0.015012419
0.05463083
0.05663965
0.015413767
0.015981355
0.058154963
0.060293358
0.090009332
0.093318123
0.1342638
0.13919869
0.084555222
0.087663541
0.12612846
0.13076443
0.15705442
0.16282675
0.19993951
0.20728764
0.16718429
0.17332882
0.2128352
0.22065713
0.24673281
0.25580029
0.29365344
0.30444506
0.23178338
0.24030161
0.27586124
0.28599912
0.13859834
0.14369255
0.17644427
0.18292922
0.14753821
0.15296084
0.18782502
0.19472801
0.21773955
0.22574177
0.25914681
0.26867056
0.20454654
0.21206392
0.24344497
0.25239182
0.016408707
0.017012872
0.061906452
0.06418265
0.017467646
0.018110739
0.065899683
0.068322617
0.10199525
0.10574438
0.15214194
0.15773375
0.095815164
0.099337248
0.14292371
0.14817677
0.01859488
0.019279322
0.070150335
0.072729468
0.01979452
0.020523021
0.07467502
0.077420395
0.11557654
0.11982473
0.17240008
0.17873635
0.1085738
0.11256472
0.16195466
0.16790701
0.20166421
0.20907569
0.25672963
0.26616455
0.2146707
0.22256029
0.27328767
0.28333117
0.31681321
0.32845605
0.37706075
0.39091742
0.297618
0.30855543
0.35421529
0.36723244
0.17796732
0.18450804
0.2265624
0.23488877
0.18944568
0.19640819
0.24117489
0.25003813
0.2795859
0.28986058
0.33275399
0.3449824
0.26264624
0.27229849
0.31259305
0.32408057
0.3496145
0.36246239
0.40076748
0.41549503
0.37216318
0.38583975
0.42661538
0.44229286
0.46690529
0.48406318
0.52247529
0.54167506
0.4386162
0.45473456
0.49081931
0.50885598
0.39616628
0.41072491
0.45413041
0.47081891
0.4217173
0.43721498
0.48341987
0.50118497
0.52907445
0.54851717
0.59204373
0.61380017
0.49701873
0.51528323
0.55617272
0.57661102
0.59986464
0.62190836
0.66002006
0.68427417
0.63855346
0.66201892
0.70258852
0.72840717
0.74980183
0.77735526
0.81468981
0.84462745
0.70437279
0.73025654
0.76532934
0.79345316
0.52937717
0.54883059
0.58246398
0.60386807
0.56351987
0.58422784
0.62003048
0.64281516
0.66169604
0.6860116
0.71895945
0.74537922
0.62160504
0.64444727
0.67539892
0.70021806
0.27227719
0.28228338
0.31211491
0.32358509
0.28983851
0.30049006
0.33224573
0.34445559
0.36362327
0.37698609
0.40690108
0.42185414
0.3415914
0.35414459
0.38224704
0.39629428
0.30853246
0.31987088
0.35367475
0.36667191
0.32843184
0.34050142
0.37648558
0.39032092
0.41204111
0.42718295
0.46108134
0.47802518
0.38707597
0.4013005
0.43314496
0.44906238
0.46717199
0.4843397
0.51402091
0.53291008
0.49730292
0.51557775
0.54717333
0.56728079
0.583943
0.60540142
0.63447774
0.65779313
0.54856275
0.56872109
0.59603564
0.61793859
0.41227584
0.42742635
0.45361968
0.47028947
0.43886644
0.45499405
0.48287681
0.50062174
0.51532603
0.53426315
0.55992262
0.58049849
0.48410294
0.50189267
0.52599754
0.54532685
0.020184623
0.054858747
0.04005862
0.073930077
0.080695905
0.11657961
0.099152567
0.13415896
0.11191572
0.14628345
0.12837046
0.16187096
0.053855878
0.087141578
0.071717153
0.10420556
0.14326846
0.18026683
0.16017867
0.19622548
0.20773472
0.24574409
0.22296999
0.25995462
0.23339103
0.26963285
0.24667144
0.28190879
0.17181616
0.2071716
0.18674328
0.22116242
0.1969794
0.23071922
0.21005937
0.24287994
0.25571311
0.29022286
0.26717748
0.30070463
0.2749388
0.30775504
0.28471939
0.31657656
0.21899127
0.25114548
0.23035319
0.26160693
0.084088249
0.11599561
0.10006434
0.13118198
0.13971689
0.17258667
0.15430111
0.18631606
0.16432495
0.19571918
0.17716486
0.20771856
0.11110058
0.14164349
0.12531335
0.15507653
0.27391228
0.31282165
0.28734644
0.32515902
0.34160594
0.38129581
0.35311454
0.39163702
0.3608368
0.39851587
0.37047295
0.40701545
0.29646203
0.33348077
0.30797791
0.34392527
0.41060579
0.45094901
0.42006725
0.45917439
0.48068874
0.52155044
0.48798487
0.52754387
0.49266647
0.53128693
0.49820934
0.53556872
0.42631074
0.46452622
0.43395488
0.47097036
0.43892257
0.47507289
0.44489567
0.47988289
0.5016626
0.53811431
0.50560049
0.54083329
0.50793092
0.54228679
0.51040325
0.54358271
0.44869159
0.48284116
0.45313223
0.4861564
0.31574197
0.35091472
0.3254816
0.35960992
0.37687835
0.41260035
0.38478674
0.4194039
0.38997819
0.42379836
0.39629524
0.42904345
0.33199552
0.36536941
0.34009383
0.37245123
0.34545369
0.37707738
0.35203801
0.38267434
0.40036989
0.43234569
0.4052253
0.43616279
0.40827564
0.43846536
0.4117916
0.44097732
0.35633457
0.3862591
0.36152616
0.39049336
0.45585507
0.4880692
0.4588938
0.49002082
0.51170988
0.54404391
0.51284854
0.54404911
0.51322518
0.54361156
0.51315394
0.54244974
0.46063631
0.49098182
0.46239689
0.49169395
0.4632472
0.49179075
0.46384573
0.49137961
0.51268828
0.54120153
0.51152388
0.53898959
0.51029885
0.53701324
0.50815074
0.53386021
0.4638861
0.49069512
0.46343222
0.48927053
0.36484587
0.39312326
0.36875916
0.39610987
0.41390444
0.44236797
0.41619692
0.44369124
0.41745476
0.44425218
0.41863266
0.44449585
0.37118332
0.39786707
0.37392676
0.39971508
0.13510219
0.16429872
0.14766871
0.17609733
0.18595637
0.21590039
0.19717198
0.22629147
0.20481695
0.23333905
0.21452287
0.2422381
0.15629384
0.18416506
0.16732578
0.19444264
0.2380731
0.26867491
0.24784005
0.27756184
0.29129487
0.32245887
0.29951753
0.329747
0.30499685
0.33455135
0.3117804
0.34042614
0.25443594
0.28352131
0.26272532
0.29095211
0.26828087
0.29588714
0.27520351
0.30197391
0.31624821
0.34423843
0.32170606
0.34881416
0.32524328
0.35171537
0.32948229
0.35509964
0.27979776
0.30596487
0.28545957
0.31081443
0.17486711
0.20143708
0.18447111
0.21030183
0.22110328
0.24823461
0.22940891
0.25575204
0.23500275
0.26077586
0.24201141
0.2670163
0.19100495
0.21630033
0.19928284
0.22385515
-5.3925251e-06
0.020158349
-0.020170488
-6.8277088e-06
0.034172805
0.052338554
0.01402401
0.032233262
-7.6371108e-06
0.018217048
-0.018232825
-8.0754657e-06
-0.034186036
-0.014038672
-0.052352982
-0.032248662
0.064936863
0.081229432
0.044877996
0.061252809
0.092500809
0.10703976
0.072597583
0.087253735
0.058689343
0.073415129
0.04056023
0.05536034
0.03088383
0.047302621
0.012673544
0.029131547
-8.1367815e-06
0.016463785
-0.016479952
-7.9815771e-06
0.027912412
0.042752224
0.011453984
0.026329071
-7.8548745e-06
0.014879703
-0.014895478
-8.0068553e-06
-0.027928412
-0.011469777
-0.042768035
-0.026344789
-0.064951837
-0.044893664
-0.081244855
-0.061268756
-0.030899848
-0.012689809
-0.047318799
-0.029147789
-0.058705493
-0.040576358
-0.07343116
-0.055376273
-0.092516478
-0.072613627
-0.10705559
-0.087269754
0.11707008
0.12997026
0.09738156
0.11042993
0.1388417
0.15021284
0.11942026
0.13096703
0.10580928
0.11746893
0.088014635
0.099808157
0.083602622
0.09674352
0.065614152
0.078860806
0.15800388
0.16795083
0.13889588
0.14904277
0.17473664
0.18335959
0.15598295
0.16482677
0.14280694
0.15179739
0.12553682
0.134708
0.12548728
0.13576504
0.10793396
0.11837039
0.095632095
0.10617056
0.079548937
0.090208421
0.11341788
0.12270736
0.097552856
0.10698575
0.086434184
0.09595932
0.071897991
0.081532606
0.068293133
0.079028169
0.053598532
0.06441996
0.05304384
0.066353336
0.03665851
0.050035065
0.075561031
0.087438141
0.059302671
0.071275362
0.047941298
0.059970842
0.033131849
0.045222066
0.025227081
0.038639482
0.010351411
0.023795779
-8.1840473e-06
0.013447557
-0.013463993
-8.2448746e-06
0.022799888
0.034922537
0.0093550105
0.021506561
-8.1826766e-06
0.012153715
-0.012169635
-7.5767876e-06
-0.022816355
-0.0093714903
-0.034938931
-0.021522815
0.043329896
0.054202784
0.029944952
0.040872806
0.061724922
0.071427842
0.048443922
0.058224821
0.039163061
0.048990404
0.027065691
0.036942712
0.02060692
0.031564098
0.0084555275
0.019438719
-6.9115862e-06
0.010985613
-0.010998405
-5.7280936e-06
0.018625963
0.0285295
0.0076435719
0.017570521
-4.7351927e-06
0.0099305756
-0.009938818
-3.3778559e-06
-0.018637751
-0.0076539187
-0.028539845
-0.017579682
-0.043346127
-0.029960797
-0.054218475
-0.040887838
-0.02062225
-0.0084699782
-0.0315785
-0.019452302
-0.039176829
-0.027078456
-0.049003138
-0.036954119
-0.061740016
-0.048458254
-0.07144203
-0.058238301
-0.11708592
-0.097397509
-0.12998608
-0.11044579
-0.083618546
-0.065629978
-0.096759353
-0.078876605
-0.10582509
-0.088030494
-0.11748482
-0.099824169
-0.13885749
-0.11943606
-0.15022863
-0.13098287
-0.053059593
-0.036674314
-0.066369167
-0.050051104
-0.025243054
-0.01036766
-0.038655725
-0.023812175
-0.047957618
-0.033148254
-0.059987158
-0.045238468
-0.075577021
-0.05931888
-0.08745429
-0.071291634
-0.095648252
-0.079565144
-0.10618664
-0.090224517
-0.068309404
-0.053614838
-0.079044276
-0.06443596
-0.086450044
-0.071913525
-0.095974639
-0.081547354
-0.11343383
-0.09756877
-0.12272301
-0.1070013
-0.15801974
-0.13891178
-0.16796675
-0.14905872
-0.12550324
-0.10795004
-0.13578105
-0.11838646
-0.14282292
-0.12555279
-0.15181327
-0.13472377
-0.17475252
-0.15599886
-0.18337541
-0.16484264
-0.020194787
-0.040070061
-0.054868313
-0.07394089
-0.05386833
-0.071730853
-0.087153281
-0.10421839
-0.11192672
-0.1283826
-0.14629311
-0.1618818
-0.080704936
-0.099162855
-0.11658744
-0.13416788
-0.08410265
-0.10007939
-0.11600925
-0.13119652
-0.11111596
-0.12532895
-0.14165846
-0.15509177
-0.16433943
-0.17717979
-0.19573269
-0.20773281
-0.13972987
-0.15431515
-0.17259844
-0.18632893
-0.19699005
-0.21007115
-0.23072813
-0.24288997
-0.21900381
-0.23036665
-0.25115634
-0.26161887
-0.27494817
-0.28473002
-0.30776236
-0.31658517
-0.25572052
-0.26718607
-0.29022811
-0.30071098
-0.14327516
-0.1601863
-0.18027201
-0.19623137
-0.17182458
-0.18675308
-0.2071783
-0.22117046
-0.23339659
-0.24667801
-0.26963688
-0.28191331
-0.20773898
-0.22297477
-0.24574745
-0.25995836
-0.13511782
-0.14768441
-0.16431408
-0.17611285
-0.15630958
-0.16734156
-0.18418071
-0.19445835
-0.20483238
-0.21453841
-0.23335413
-0.24225341
-0.18597152
-0.19718732
-0.21591501
-0.22630634
-0.17488291
-0.18448694
-0.20145279
-0.21031759
-0.19102078
-0.19929869
-0.21631615
-0.22387097
-0.23501846
-0.24202711
-0.2607914
-0.26703178
-0.2211189
-0.22942463
-0.24825007
-0.25576758
-0.26829612
-0.27521888
-0.29590204
-0.301989
-0.27981312
-0.28547496
-0.30598004
-0.31082959
-0.32525817
-0.32949716
-0.35172961
-0.35511385
-0.3162628
-0.32172096
-0.3442523
-0.34882838
-0.23808708
-0.24785453
-0.26868763
-0.27757558
-0.25445075
-0.26274047
-0.28353559
-0.2909668
-0.30501038
-0.31179472
-0.33456339
-0.34043952
-0.29130649
-0.29953045
-0.32246848
-0.32975801
-0.34546155
-0.35204743
-0.37708292
-0.3826816
-0.35634521
-0.36153832
-0.38626761
-0.39050355
-0.40828251
-0.41180031
-0.43847019
-0.44098411
-0.40037374
-0.40523098
-0.43234724
-0.43616611
-0.36485894
-0.36877265
-0.39313453
-0.39612214
-0.37119694
-0.37394047
-0.39787976
-0.39972787
-0.41746647
-0.41864467
-0.44426221
-0.44450635
-0.41391436
-0.41620822
-0.44237598
-0.44370061
-0.46325374
-0.46385362
-0.49179549
-0.49138576
-0.46389475
-0.4634414
-0.49070196
-0.48927796
-0.51030445
-0.50815703
-0.53701743
-0.53386517
-0.51269187
-0.51152885
-0.54120384
-0.53899311
-0.45585514
-0.45889561
-0.48806808
-0.49002136
-0.46063985
-0.46240237
-0.49098368
-0.49169752
-0.51322597
-0.51315619
-0.54361145
-0.54245103
-0.51170842
-0.51284819
-0.5440423
-0.54404829
-0.2739151
-0.28734946
-0.31282356
-0.3251608
-0.29646497
-0.30798112
-0.33348242
-0.34392702
-0.36083766
-0.37047373
-0.39851569
-0.40701491
-0.34160712
-0.35311545
-0.38129608
-0.39163702
-0.31574569
-0.32548637
-0.35091666
-0.35961237
-0.33200116
-0.34010077
-0.36537245
-0.37245555
-0.38997944
-0.39629772
-0.42379769
-0.42904379
-0.37687902
-0.38478735
-0.41259946
-0.41940287
-0.4389208
-0.44489388
-0.47507032
-0.47988044
-0.44868997
-0.45313123
-0.4828388
-0.48615447
-0.50792817
-0.510401
-0.54228387
-0.54358062
-0.50165976
-0.50559758
-0.53811112
-0.54083008
-0.4106055
-0.42006665
-0.45094795
-0.45917293
-0.42630979
-0.43395333
-0.46452424
-0.47096788
-0.49266396
-0.49820648
-0.53128406
-0.53556573
-0.48068723
-0.48798272
-0.52154828
-0.52754124
-0.012784584
-0.048218036
-0.013254079
-0.049989629
-0.074625826
-0.11131282
-0.077367384
-0.11540268
-0.079436618
-0.11849022
-0.082355738
-0.12284455
-0.013607656
-0.051325986
-0.014107467
-0.053212005
-0.13860398
-0.17644882
-0.14369692
-0.18293279
-0.20455039
-0.24344785
-0.21206679
-0.25239386
-0.21774177
-0.25914844
-0.22574334
-0.26867161
-0.14754197
-0.18782786
-0.15296369
-0.19473004
-0.15705668
-0.19994114
-0.16282841
-0.20728871
-0.2317846
-0.27586178
-0.24030216
-0.28599903
-0.24673289
-0.2936531
-0.25579994
-0.30444427
-0.16718553
-0.21283576
-0.17332935
-0.22065709
-0.014483822
-0.054634972
-0.015016285
-0.056643098
-0.084558911
-0.12613133
-0.087666451
-0.13076656
-0.090011648
-0.13426549
-0.093319754
-0.13919972
-0.015417216
-0.058157861
-0.015983981
-0.060295427
-0.27227952
-0.31211657
-0.28228504
-0.32358617
-0.34159247
-0.38224723
-0.35414508
-0.39629397
-0.36362328
-0.4069005
-0.37698564
-0.42185322
-0.2898398
-0.33224631
-0.30049065
-0.34445553
-0.4122754
-0.45361864
-0.42742559
-0.47028822
-0.48410146
-0.52599566
-0.50189116
-0.5453249
-0.5153243
-0.55992061
-0.5342612
-0.58049639
-0.4388655
-0.48287545
-0.45499282
-0.50062002
-0.46717043
-0.514019
-0.48433781
-0.53290795
-0.54856065
-0.59603361
-0.56871894
-0.61793639
-0.58394061
-0.63447546
-0.60539884
-0.65779068
-0.49730085
-0.54717108
-0.51557543
-0.56727814
-0.30853252
-0.35367436
-0.3198705
-0.36667113
-0.38707526
-0.43314376
-0.40129934
-0.4490607
-0.41203956
-0.46107942
-0.42718102
-0.47802296
-0.32843122
-0.37648441
-0.34050022
-0.39031923
-0.34961285
-0.4007655
-0.36246031
-0.41549269
-0.43861402
-0.49081686
-0.45473202
-0.5088531
-0.46690243
-0.52247222
-0.48406011
-0.54167197
-0.37216085
-0.42661274
-0.38583708
-0.44228991
-0.52937451
-0.58246118
-0.54882765
-0.60386518
-0.62160231
-0.67539666
-0.64444474
-0.70021574
-0.66169343
-0.71895712
-0.68600887
-0.74537672
-0.56351685
-0.62002772
-0.5842249
-0.64281224
-0.59986163
-0.66001706
-0.62190528
-0.68427124
-0.70436993
-0.76532702
-0.73025399
-0.79345092
-0.74979936
-0.81468764
-0.77735278
-0.84462538
-0.63855047
-0.7025858
-0.66201615
-0.72840453
-0.39616343
-0.45412735
-0.41072197
-0.47081594
-0.49701565
-0.55616967
-0.51528022
-0.57660793
-0.52907142
-0.59204056
-0.54851401
-0.61379721
-0.42171447
-0.48341689
-0.43721215
-0.50118198
-0.016410642
-0.061907983
-0.017014092
-0.064183527
-0.095816348
-0.14292421
-0.099337672
-0.14817658
-0.10199509
-0.15214138
-0.10574366
-0.15773264
-0.01746843
-0.065899972
-0.018110674
-0.068322121
-0.17796736
-0.22656203
-0.18450756
-0.23488786
-0.26264555
-0.31259178
-0.27229713
-0.32407871
-0.27958405
-0.33275182
-0.28985837
-0.34497995
-0.18944483
-0.24117343
-0.19640667
-0.25003614
-0.20166232
-0.25672745
-0.20907354
-0.26616221
-0.29761566
-0.35421264
-0.30855286
-0.36722963
-0.31681051
-0.3770579
-0.32845334
-0.39091471
-0.21466846
-0.27328514
-0.22255784
-0.28332853
-0.01859421
-0.070149446
-0.019278155
-0.072728131
-0.10857272
-0.16195309
-0.11256308
-0.16790503
-0.11557457
-0.17239792
-0.11982259
-0.17873409
-0.019793126
-0.074673298
-0.020521156
-0.077418319
0.02107146
0.021846786
0.07949134
0.082413714
0.022430443
0.023255733
0.084618222
0.08772901
0.13096578
0.13577949
0.19535539
0.20253524
0.12303078
0.127553
0.18351925
0.19026416
0.023877086
0.024755595
0.090075619
0.093387111
0.025416968
0.026352163
0.095885132
0.099410086
0.14840387
0.15385855
0.22136703
0.22950293
0.13941238
0.1445367
0.20795493
0.21559787
0.25894323
0.26845974
0.32964898
0.34176368
0.27564386
0.28577423
0.35090993
0.36380604
0.40679819
0.42174788
0.48415801
0.50195027
0.382151
0.39619496
0.45482377
0.4715382
0.22851618
0.2369145
0.29091363
0.3016048
0.2432544
0.25219438
0.30967627
0.32105695
0.35899727
0.37219028
0.42726692
0.44296853
0.33724632
0.34964005
0.40137959
0.41613
0.027056178
0.028051625
0.10206913
0.10582143
0.028801004
0.029860638
0.10865203
0.11264631
0.16816373
0.17434468
0.25084207
0.26006116
0.15797512
0.16378168
0.2356442
0.24430478
0.030658336
0.031786197
0.11565934
0.11991117
0.032635275
0.033835514
0.12311847
0.12764463
0.19055432
0.19755807
0.28424142
0.29468816
0.17900929
0.18558885
0.26702009
0.27683375
0.3324907
0.34471009
0.42327911
0.4388346
0.35393468
0.36694187
0.45057838
0.46713717
0.52234035
0.54153553
0.62167231
0.64451799
0.49069328
0.50872582
0.58400714
0.60546846
0.29342168
0.30420528
0.37354205
0.38726972
0.31234593
0.32382507
0.39763371
0.41224679
0.46096341
0.47790354
0.54862369
0.56878494
0.43303473
0.44894849
0.51538384
0.53432364
0.57642256
0.59760522
0.66076041
0.68504197
0.61359903
0.63614776
0.70337603
0.72922362
0.76980314
0.7980915
0.86142294
0.89307772
0.72316292
0.74973739
0.80923174
0.83896893
0.65317295
0.67717569
0.74874004
0.7762544
0.69529896
0.72084931
0.79702935
0.82631844
0.87230071
0.90435488
0.97611922
1.011989
0.81945118
0.84956358
0.91697965
0.95067573
0.98901495
1.0253579
1.0881939
1.1281814
1.0528005
1.091487
1.158376
1.2009428
1.2362166
1.2816429
1.3431979
1.3925565
1.1613185
1.2039926
1.2618181
1.3081854
0.87280307
0.90487601
0.96032835
0.99561735
0.92909408
0.96323525
1.022264
1.0598288
1.0909584
1.1310471
1.1853691
1.2289271
1.0248609
1.0625209
1.1135516
1.1544706
0.44891644
0.46541362
0.51459868
0.53350933
0.47786963
0.4954307
0.54778803
0.56791835
0.59952157
0.62155279
0.67087522
0.69552821
0.56319766
0.58389414
0.63022805
0.65338777
0.5086902
0.52738394
0.58311803
0.60454655
0.54149844
0.56139769
0.62072635
0.64353699
0.67934813
0.70431284
0.76020249
0.78813812
0.63818799
0.66164002
0.71414338
0.74038663
0.77024494
0.79854959
0.84748611
0.87862886
0.81992222
0.85005206
0.90214468
0.93529589
0.96276749
0.99814609
1.046085
1.0845251
0.90443603
0.93767122
0.98270558
1.0188171
0.67973758
0.70471646
0.74790274
0.77538616
0.72357767
0.75016712
0.79613883
0.82539477
0.84963836
0.88086003
0.92316594
0.95708935
0.79816082
0.82749083
0.8672334
0.89910171
0.91806975
0.951806
0.98781052
1.0241094
0.97728087
1.0131925
1.0515194
1.090159
1.1060593
1.1467026
1.1807414
1.2241287
1.039046
1.0772274
1.1092035
1.1499628
1.0403106
1.0785384
1.1193369
1.1604686
1.107405
1.1480979
1.1915278
1.2353118
1.2533291
1.2993836
1.3379546
1.387119
1.1773939
1.2206587
1.2568925
1.3030784
1.3151882
1.363516
1.3948624
1.4461178
1.4000101
1.4514542
1.4848223
1.5393832
1.5468943
1.6037362
1.6315617
1.6915148
1.4531739
1.5065714
1.532711
1.5890315
1.1606495
1.2032992
1.2309623
1.276195
1.235505
1.2809048
1.3103523
1.3585023
1.3651306
1.4152933
1.4398491
1.4927573
1.282422
1.3295456
1.3526137
1.4023161
1.1788261
1.2221434
1.2683742
1.3149821
1.2548534
1.3009643
1.3501767
1.3997905
1.4202066
1.4723933
1.5161001
1.5718108
1.3341611
1.3831861
1.4242445
1.4765798
1.3357836
1.3848683
1.4372549
1.4900691
1.4219343
1.4741854
1.5299505
1.5861716
1.6093056
1.6684416
1.7179679
1.7810974
1.5118013
1.567355
1.6138804
1.6731849
1.688734
1.7507893
1.7910389
1.8568527
1.7976492
1.8637052
1.9065511
1.9766094
1.9862529
2.0592386
2.0949679
2.1719499
1.8659128
1.9344771
1.9680412
2.0403581
1.4903021
1.5450647
1.5805847
1.6386645
1.5864178
1.6447132
1.682524
1.744351
1.7528611
1.817273
1.8488034
1.9167401
1.64666
1.7071686
1.7367892
1.8006093
1.8026202
1.86886
1.8922312
1.9617637
1.9188806
1.9893915
2.01427
2.088287
2.0837985
2.1603706
2.1782353
2.2582758
1.9575469
2.0294784
2.0462612
2.1214534
2.0426379
2.1176956
2.1441806
2.2229683
2.1743749
2.2542742
2.2824658
2.3663379
2.3612522
2.4480168
2.4682625
2.5589594
2.2181918
2.2997
2.3187185
2.4039222
2.3918283
2.479717
2.4908987
2.5824273
2.5460859
2.6396418
2.6515464
2.7489788
2.7280612
2.8283041
2.8314916
2.9355356
2.5627768
2.6569478
2.6599407
2.7576805
2.1107792
2.1883422
2.1982081
2.2789832
2.2469136
2.3294783
2.3399815
2.425967
2.4075059
2.4959719
2.4987827
2.5906006
2.2616406
2.3447471
2.3473885
2.4336439
1.4038825
1.4554689
1.4736705
1.5278215
1.4944246
1.549338
1.5687135
1.6263568
1.6228612
1.6824941
1.6964069
1.7587428
1.5245378
1.5805576
1.5936278
1.6521863
1.5908064
1.6492618
1.6698867
1.7312478
1.6934038
1.7556303
1.7775851
1.8429048
1.8389429
1.9065176
1.922283
1.9929198
1.7275267
1.7910065
1.8058168
1.8721737
1.862754
1.9312033
1.9399113
2.011195
1.9828928
2.0557556
2.0650252
2.1409051
2.1246143
2.2026845
2.2051664
2.2861958
1.9958913
2.0692318
2.0715628
2.1476826
1.6438739
1.7042789
1.7119638
1.7748714
1.7498942
1.8141959
1.8223766
1.8893411
1.8749651
1.9438622
1.9460527
2.0175604
1.7613662
1.8260891
1.8281469
1.8953222
0.5568318
0.57729384
0.59913182
0.62114831
0.59274526
0.6145271
0.63777345
0.66120992
0.67085356
0.69550546
0.71615103
0.74246722
0.6302078
0.65336598
0.67276086
0.69748275
0.63097516
0.65416178
0.67890735
0.7038552
0.67167046
0.69635229
0.72269392
0.74925085
0.76017865
0.78811275
0.81150703
0.84132718
0.71412085
0.74036258
0.76233952
0.79035305
0.79769759
0.82701035
0.84602245
0.87711085
0.84914551
0.88034885
0.90058725
0.93368079
0.93823612
0.97271328
0.98959014
1.025954
0.88139037
0.91377842
0.92963293
0.96379359
0.70396448
0.72983283
0.74661104
0.77404628
0.7493669
0.7769036
0.79476382
0.82396862
0.82798877
0.85841456
0.87330858
0.90539955
0.77782295
0.80640518
0.8203969
0.85054345
0.71499038
0.74126415
0.76930469
0.7975743
0.76110433
0.78907253
0.81892151
0.84901436
0.8613973
0.89305076
0.91955996
0.95335044
0.80920684
0.83894252
0.86384562
0.8955891
0.81019235
0.83996449
0.87173848
0.90377208
0.8624461
0.89413833
0.92796142
0.96206112
0.9760927
1.0119611
1.0419998
1.0802897
0.9169535
0.95064848
0.9788673
1.0148374
1.0242683
1.0619068
1.0863192
1.1262373
1.0903288
1.1303946
1.1563813
1.1988745
1.2047234
1.248993
1.2706629
1.3173549
1.1317325
1.1733193
1.1936768
1.2375397
0.90391174
0.93712743
0.95867136
0.99389886
0.96221001
0.99756788
1.0205012
1.0580011
1.0631629
1.1022306
1.1213543
1.1625601
0.99874823
1.0354484
1.0534141
1.0921229
1.0933427
1.1335188
1.1476942
1.1898675
1.1638583
1.2066256
1.221715
1.2666082
1.2638856
1.3103284
1.3211636
1.369711
1.18731
1.2309386
1.2411179
1.2867237
1.2389218
1.2844473
1.30051
1.3482981
1.3188257
1.3672875
1.3843856
1.4352562
1.4321708
1.4847973
1.4970751
1.5520864
1.3454002
1.3948378
1.4063721
1.4580501
1.4507144
1.5040219
1.5108037
1.5663192
1.5442775
1.6010231
1.608242
1.6673378
1.6546504
1.715452
1.7173845
1.7804904
1.5544006
1.6115183
1.6133335
1.6726157
1.28025
1.3272936
1.3332785
1.3822709
1.3628197
1.4128975
1.4192684
1.47142
1.4602237
1.5138807
1.5155861
1.5712766
1.371753
1.422159
1.4237611
1.4760774
0.85149348
0.88278261
0.89382234
0.92666684
0.90641055
0.93971792
0.95146954
0.98643261
0.98431221
1.0204822
1.0289208
1.0667297
0.92467518
0.95865329
0.96658108
1.0020991
0.96486994
1.0003254
1.0128351
1.0500528
1.0270996
1.0648418
1.078158
1.1177763
1.1153735
1.1563592
1.1659215
1.2087643
1.0477959
1.0862982
1.0952813
1.1355285
1.1298156
1.1713317
1.1766134
1.219849
1.2026829
1.2468767
1.252499
1.2985228
1.2886419
1.3359942
1.3374993
1.3866461
1.210567
1.2550502
1.2564641
1.302633
0.99705761
1.0336954
1.0383569
1.0765121
1.0613629
1.1003638
1.1053255
1.1459415
1.1372216
1.1790101
1.1803384
1.2237102
1.068321
1.107577
1.1088254
1.1495689
0.55161833
0.5928559
0.55663449
0.59650539
0.62314491
0.66460908
0.62577147
0.66580785
0.62709182
0.66610225
0.6281224
0.66575767
0.55967378
0.59856157
0.56301077
0.60057893
0.69500751
0.73654186
0.69513964
0.73518843
0.76693282
0.80837495
0.76447184
0.80437449
0.7621395
0.80093841
0.75827846
0.79560152
0.69466786
0.7336506
0.69329713
0.7308526
0.69178111
0.72831296
0.6890572
0.72421971
0.7549768
0.79124259
0.74986473
0.78471771
0.74569927
0.77954083
0.73947513
0.77196602
0.68660302
0.7207842
0.68266615
0.71553519
0.5648765
0.60149577
0.56668305
0.60203011
0.62833028
0.66497813
0.62791463
0.66323996
0.62711628
0.66149256
0.6253948
0.65850108
0.56748064
0.60191391
0.56789747
0.60110609
0.83863748
0.87981867
0.83349093
0.87308249
0.9098269
0.95057332
0.90190981
0.94102077
0.89566938
0.9336104
0.88658654
0.92296667
0.82923374
0.86768713
0.82279976
0.85973279
0.98019802
1.0203298
0.96943253
1.0078877
1.0494377
1.0887712
1.0357542
1.0733745
1.0253924
1.0617911
1.0108156
1.0455864
0.96115491
0.99841214
0.94935502
0.98501569
0.9403739
0.97489466
0.92768247
0.96068516
0.99985188
1.0334626
0.98452104
1.0165874
0.97305416
1.0040207
0.9570992
0.98660223
0.91809856
0.95001813
0.90464911
0.93512677
0.81765535
0.85350014
0.81008116
0.84447371
0.87954691
0.91481151
0.86944386
0.90322098
0.86170841
0.89442291
0.850721
0.88201968
0.80415353
0.83750774
0.79557714
0.8275461
0.78896374
0.81994281
0.77951311
0.80917276
0.84238507
0.87267345
0.83063896
0.85958194
0.82179191
0.84977477
0.80940384
0.83610966
0.77230484
0.80102202
0.76209927
0.78956149
0.89455625
0.92400594
0.88047103
0.90855358
0.94522025
0.97368146
0.92875993
0.95583652
0.91655259
0.94264421
0.89969741
0.92448018
0.86995572
0.89706383
0.85534862
0.88116185
0.84449025
0.86938162
0.82946559
0.85313213
0.88723841
0.91109107
0.87008832
0.89270606
0.85744812
0.8791889
0.84009548
0.86067256
0.81833744
0.84113245
0.8029909
0.82462937
0.75437941
0.78094588
0.74352937
0.76890347
0.80012684
0.8259224
0.7872046
0.81178954
0.77757406
0.8012965
0.76421695
0.78679334
0.73537627
0.7599002
0.72398433
0.74737716
0.56772718
0.60005652
0.56688614
0.59803829
0.62368976
0.65588547
0.62079447
0.65177237
0.61827645
0.6483816
0.61433097
0.64327003
0.5658412
0.59614893
0.56386642
0.5930443
0.67937292
0.71130227
0.67435409
0.70502816
0.73454415
0.76606895
0.72733822
0.75757383
0.72173433
0.75104804
0.71366768
0.74175231
0.67031502
0.70009067
0.66433719
0.69291344
0.6596386
0.68735694
0.65281598
0.67938997
0.70747548
0.73468197
0.69866093
0.72469718
0.69196058
0.71716147
0.6825029
0.7065912
0.647539
0.67329518
0.63997846
0.66464429
0.5620351
0.59040306
0.55904297
0.586328
0.61108735
0.63919143
0.60620738
0.63319629
0.60231993
0.6285109
0.59661353
0.62173966
0.5565074
0.58301673
0.55260684
0.57807985
0.54944436
0.57417558
0.54473713
0.56847782
0.59215873
0.61652338
0.58572631
0.60907541
0.58077514
0.60339853
0.5737104
0.59536654
0.54101968
0.56405181
0.53560071
0.55768745
0.63419811
0.65808498
0.62599815
0.64884738
0.67536772
0.6986621
0.66536315
0.68760127
0.65786177
0.67934689
0.64740069
0.66788416
0.61978434
0.64189296
0.61103701
0.63215969
0.60445455
0.62487389
0.59524558
0.61472924
0.63959607
0.65936557
0.62876117
0.64758232
0.62071174
0.63885787
0.6095796
0.62682894
0.5883547
0.60717135
0.57876229
0.5966923
0.5313956
0.55280663
0.52535417
0.54586402
0.56832908
0.58929462
0.56071969
0.5807653
0.55496967
0.57435894
0.54689568
0.56541132
0.52072399
0.54059016
0.5141418
0.53315018
0.71546937
0.73805601
0.70362922
0.72514412
0.75430179
0.7760624
0.7406006
0.76127822
0.73046588
0.75037294
0.71650527
0.73538986
0.69481947
0.71557096
0.68261827
0.70235604
0.79166013
0.81247624
0.77607979
0.79580497
0.82733851
0.84708976
0.80986666
0.82852311
0.79705172
0.81493181
0.77953777
0.79638902
0.76460837
0.78355825
0.74887448
0.76679705
0.73731852
0.75451187
0.7215054
0.73773249
0.76671812
0.78284027
0.74923162
0.76438825
0.73645555
0.75092828
0.71905794
0.7326262
0.7099165
0.72545814
0.69408984
0.70872409
0.67357416
0.6925906
0.66109297
0.67915162
0.70620935
0.72436721
0.69206681
0.70926088
0.68166422
0.69817374
0.66740927
0.68301171
0.65187172
0.66924938
0.63918361
0.65565754
0.62983563
0.64566756
0.61700743
0.63198819
0.65694832
0.67190681
0.64264478
0.65675058
0.63217046
0.64567117
0.61787596
0.63057554
0.60758063
0.62195677
0.59467394
0.60824908
0.68251361
0.69650439
0.66673322
0.67987231
0.70636761
0.71929616
0.6891141
0.70119753
0.67654919
0.688035
0.65949184
0.67018792
0.65521074
0.66774683
0.63953008
0.65127014
0.62809991
0.63927634
0.61256891
0.62300086
0.64708695
0.65722538
0.63026952
0.63967193
0.61805551
0.62693828
0.60151716
0.60971517
0.60126445
0.61117002
0.5859262
0.59513718
0.58521009
0.59821648
0.57227916
0.58453286
0.60742694
0.61955916
0.59319304
0.60457549
0.58280726
0.59365848
0.56868183
0.57883166
0.56281663
0.57453686
0.54991241
0.56092706
0.50914448
0.52754066
0.50209821
0.51967907
0.54083376
0.5587263
0.53236997
0.54943386
0.52604847
0.542522
0.51726413
0.53295305
0.49678772
0.51378685
0.48934821
0.50557341
0.57161781
0.58891629
0.56171463
0.57817397
0.60133858
0.61794995
0.58997886
0.60574349
0.58159562
0.59675845
0.57007296
0.58443756
0.55436793
0.57023009
0.54422114
0.55929017
0.53671888
0.55122378
0.52638921
0.54014561
0.56159239
0.57538969
0.54996481
0.56301004
0.54142731
0.55393845
0.52974746
0.5415518
0.51877428
0.53199875
0.50831758
0.52083658
0.48377446
0.49944804
0.47600716
0.4909473
0.51073212
0.52586222
0.50169088
0.51607853
0.4949925
0.50885183
0.48575234
0.49891062
0.47021617
0.48463362
0.46218159
0.47590475
0.20488171
0.22893085
0.21192982
0.23527336
0.2466924
0.27114245
0.25250296
0.27620553
0.2563417
0.27950473
0.2610475
0.28348464
0.21666273
0.23949633
0.22257347
0.24471969
0.28916806
0.31393691
0.29366878
0.31764969
0.33216484
0.35716664
0.33528645
0.35946147
0.3371869
0.36076681
0.33928691
0.36206826
0.29656258
0.31997586
0.29999744
0.32264775
0.30214443
0.32424535
0.30460308
0.3259664
0.34047311
0.3626804
0.34164225
0.3630796
0.34217878
0.36306301
0.34250219
0.36264518
0.30606701
0.32689981
0.30763438
0.32775531
0.22650611
0.24815599
0.23136654
0.25234819
0.26411045
0.28602438
0.26780045
0.28901078
0.2701511
0.29085457
0.27290924
0.29293187
0.23456121
0.25506093
0.23845455
0.25830581
0.37553257
0.40067671
0.37720816
0.40148833
0.41911273
0.44430486
0.41927878
0.44357185
0.41905441
0.44270205
0.41830534
0.44108892
0.37806824
0.40172758
0.37877261
0.40159972
0.46274047
0.48788221
0.46133686
0.48554653
0.50624371
0.53123305
0.50321425
0.52724101
0.50069809
0.52403554
0.49688341
0.51929994
0.459986
0.48352752
0.45772931
0.48037725
0.45578785
0.47779558
0.45276893
0.47392106
0.49382596
0.5155836
0.48931613
0.51019424
0.48578109
0.50603025
0.48065947
0.50006943
0.45030098
0.47084072
0.44660405
0.46632585
0.37895566
0.40118508
0.37877983
0.40020876
0.41744491
0.43960886
0.41587197
0.43720685
0.41444018
0.43518082
0.41212812
0.43207427
0.3783503
0.39920495
0.37737964
0.39746542
0.37639815
0.39593257
0.37471254
0.39350959
0.41018502
0.42956219
0.40721362
0.4258306
0.40481576
0.4228886
0.40125955
0.41860602
0.37323575
0.39150444
0.37091044
0.38847296
0.44366928
0.46280595
0.43937337
0.45772904
0.47670563
0.49551594
0.47105001
0.48906096
0.46673245
0.48417255
0.46061542
0.47729503
0.43602765
0.45382509
0.43120642
0.44825925
0.4275017
0.44402256
0.42222325
0.43803514
0.45598516
0.47212206
0.44947348
0.464888
0.44457765
0.45947693
0.43773369
0.45194779
0.41820761
0.43351336
0.41253548
0.42716739
0.36899155
0.38604832
0.36609633
0.38247779
0.39845954
0.41528648
0.3943878
0.41052154
0.39123448
0.40687271
0.38671171
0.40168958
0.36378474
0.37968286
0.3603851
0.37563848
0.2409705
0.26035442
0.24397514
0.26273098
0.27460728
0.29413995
0.27651308
0.29538796
0.27761508
0.2960169
0.27874339
0.29651079
0.24586824
0.2641718
0.24805871
0.26575488
0.30847567
0.3280849
0.3092316
0.32815488
0.34244954
0.36206047
0.34200749
0.36090585
0.34142259
0.35980972
0.34029029
0.35799342
0.30950695
0.3279376
0.30952693
0.32729754
0.3092899
0.3265867
0.30864428
0.32530695
0.33922642
0.35643934
0.33747442
0.35403161
0.3359815
0.35206891
0.33367558
0.34913559
0.30794476
0.3241526
0.30669993
0.32229952
0.24938194
0.26664105
0.25082835
0.26750109
0.27930261
0.29661422
0.2797242
0.2964247
0.27979075
0.29605235
0.27957161
0.29524573
0.2516316
0.26788269
0.2524001
0.26808608
0.18921138
0.19660529
0.17084734
0.17848066
0.20159127
0.20784706
0.18364785
0.19015849
0.17101329
0.17769608
0.15441565
0.1613148
0.15793062
0.1657243
0.14098076
0.14897409
0.21203179
0.2172354
0.19453495
0.2000068
0.22068048
0.22491396
0.20365247
0.20816503
0.19163876
0.19634191
0.17582498
0.18077059
0.18220247
0.18785651
0.16598498
0.17186941
0.15456569
0.16060574
0.13956451
0.14580012
0.16467875
0.16978901
0.15002116
0.15533962
0.13970021
0.14515932
0.12614193
0.1317778
0.12901305
0.13537968
0.115167
0.12169674
0.12907204
0.13719792
0.11346299
0.12175227
0.14274132
0.1497854
0.1274218
0.13464634
0.11665856
0.12400286
0.10255089
0.1100428
0.10250975
0.11090594
0.088170813
0.09669657
0.22767772
0.23101859
0.21113657
0.21476548
0.23315634
0.23567817
0.21711681
0.21993351
0.20578003
0.2087997
0.19083004
0.19411006
0.19945568
0.20328203
0.18406562
0.18814421
0.23724219
0.23901437
0.22171553
0.22378785
0.2400541
0.24114207
0.22504867
0.22644037
0.21442501
0.21602656
0.20039162
0.20226448
0.21073199
0.21301139
0.19623533
0.19878112
0.18598891
0.18871802
0.17247669
0.17544107
0.19046437
0.19252419
0.17736179
0.17966262
0.16810083
0.17056727
0.15588818
0.15856737
0.16293469
0.16606033
0.1503627
0.15369432
0.17320747
0.1774583
0.15891471
0.1633847
0.18027272
0.18373116
0.16636292
0.17004927
0.15654914
0.16039114
0.14363112
0.14767107
0.14884057
0.15345939
0.13559287
0.14039984
0.12626467
0.13119872
0.11401043
0.11910417
0.13452586
0.1387003
0.12255215
0.12689672
0.11412108
0.11858046
0.10304542
0.10764917
0.10539108
0.11059173
0.094080361
0.099414284
0.14149275
0.14496502
0.12981704
0.13346834
0.14726392
0.15008867
0.13590097
0.13891214
0.12788416
0.13102232
0.11733145
0.12063145
0.12158752
0.12536034
0.1107655
0.11469205
0.10314533
0.10717568
0.093134887
0.097295671
0.10989341
0.11330315
0.10011215
0.103661
0.093224913
0.096867445
0.084177251
0.087937796
0.086093768
0.090341963
0.076854148
0.0812112
0.08613369
0.091556053
0.075717839
0.081249116
0.095255101
0.099955549
0.085032302
0.089853114
0.077849902
0.082750631
0.068435788
0.073434967
0.0684087
0.074011292
0.058840265
0.064529307
0.078121648
0.086730734
0.064983652
0.073691685
0.092651174
0.1002397
0.079691431
0.087397091
0.070608884
0.078389834
0.058734621
0.066604966
0.055789132
0.064558866
0.043785689
0.052625854
0.105439
0.11207704
0.09268833
0.099459821
0.11660539
0.12235967
0.10409118
0.10999285
0.09529888
0.10129834
0.083774545
0.089894562
0.083740894
0.090599664
0.072027697
0.078992256
0.063818693
0.070851308
0.053086561
0.060199937
0.075687584
0.081886524
0.065101028
0.071395584
0.05768166
0.064037707
0.047981735
0.054410723
0.045575783
0.052739575
0.035770378
0.042991677
0.03539759
0.044279689
0.024463853
0.033390813
0.050424448
0.058350563
0.039575542
0.047565322
0.031994329
0.040022026
0.022112341
0.030180529
0.016836015
0.02578689
0.0069101021
0.015882087
-2.4092947e-06
0.0089770798
-0.0089808855
-1.3962558e-06
0.015218193
0.023307977
0.0062469494
0.014355817
-8.0368044e-07
0.00811485
-0.0081158308
-1.7826443e-07
-0.015221241
-0.0062490404
-0.023309983
-0.014357169
0.028918334
0.03617384
0.019986759
0.027278887
0.041193294
0.047667839
0.032330973
0.0388575
0.026137911
0.032695357
0.018065248
0.02465573
0.013755656
0.021067311
0.0056471552
0.012976056
1.411367e-07
0.0073351425
-0.0073347543
2.2520577e-07
0.012433212
0.019041349
0.0051042248
0.011728085
2.2033556e-07
0.0066296357
-0.0066292639
1.1428977e-07
-0.012432807
-0.0051037674
-0.019040929
-0.011727649
-0.028919726
-0.019987669
-0.036174687
-0.027279272
-0.013756148
-0.0056471036
-0.021067352
-0.012975786
-0.026137844
-0.018064962
-0.032695181
-0.024655399
-0.041193829
-0.032331111
-0.047668014
-0.038857442
0.052134487
0.057879096
0.043367487
0.049178002
0.061829634
0.066893263
0.053181434
0.058323194
0.047120516
0.052312501
0.039196616
0.044448179
0.037231874
0.043083542
0.02922174
0.03512046
0.07036257
0.074791816
0.061853822
0.066372042
0.077813344
0.081652742
0.069462266
0.073400187
0.063595001
0.06759807
0.055904573
0.059988184
0.055882958
0.060459432
0.048066463
0.052713609
0.042588433
0.047280964
0.035426493
0.040172887
0.050507947
0.054644115
0.04344309
0.047643327
0.038491926
0.042733139
0.032018918
0.036308935
0.03041418
0.035194213
0.023870623
0.028689166
0.023624199
0.029550882
0.016327766
0.022284278
0.033651017
0.038939793
0.026411077
0.03174242
0.021351787
0.026708426
0.014757113
0.020140755
0.011237283
0.017209749
0.0046131239
0.010599833
3.5841363e-08
0.0059918094
-0.0059917443
2.8158606e-08
0.010156322
0.015554397
0.0041693876
0.009580305
2.7570568e-08
0.0054155103
-0.0054154418
5.123218e-08
-0.010156255
-0.004169332
-0.015554331
-0.0095802454
0.019298022
0.024139454
0.01333772
0.018203596
0.027488842
0.031809133
0.021574739
0.025929873
0.01744198
0.021817662
0.012054907
0.016452754
0.0091794929
0.014058402
0.0037684133
0.0086589164
6.0907544e-08
0.0048946645
-0.0048945747
2.7255833e-08
0.0082965915
0.012706142
0.003405911
0.0078260565
2.063824e-08
0.0044238141
-0.0044237887
4.2452504e-09
-0.0082965256
-0.003405868
-0.012706092
-0.0078260204
-0.019297959
-0.013337652
-0.02413937
-0.01820349
-0.0091793953
-0.0037682863
-0.014058272
-0.0086587981
-0.017441857
-0.012054815
-0.021817569
-0.016452686
-0.027488731
-0.021574611
-0.031809009
-0.025929761
-0.052134481
-0.04336733
-0.057878897
-0.049177716
-0.037231637
-0.029221391
-0.043083219
-0.035120092
-0.047120164
-0.039196262
-0.052312162
-0.044447856
-0.061829324
-0.053181077
-0.066892896
-0.058322833
-0.023623788
-0.016327383
-0.029550504
-0.022283976
-0.011237009
-0.0046130004
-0.017209563
-0.010599749
-0.021351613
-0.014757021
-0.026708289
-0.020140676
-0.033650656
-0.026410806
-0.038939481
-0.031742204
-0.042588189
-0.035426327
-0.047280753
-0.040172728
-0.030414067
-0.023870545
-0.035194093
-0.028689077
-0.038491792
-0.032018814
-0.042732996
-0.036308811
-0.05050773
-0.043442911
-0.054643912
-0.047643153
-0.07036223
-0.061853506
-0.074791506
-0.066371769
-0.055882673
-0.048066203
-0.060459185
-0.052713386
-0.063594764
-0.055904349
-0.067597834
-0.059987965
-0.077813047
-0.069462003
-0.081652458
-0.073399931
-0.18922721
-0.17086312
-0.19662097
-0.17849616
-0.15794631
-0.14099626
-0.16573961
-0.14898918
-0.17102832
-0.15443033
-0.17771056
-0.1613287
-0.20160669
-0.18366305
-0.20786205
-0.19017325
-0.12908746
-0.11347812
-0.13721277
-0.12176657
-0.10252448
-0.08818485
-0.11091973
-0.096709715
-0.11667175
-0.10256327
-0.12401497
-0.11005371
-0.14275561
-0.12743546
-0.14979881
-0.1346591
-0.15457845
-0.13957645
-0.16061738
-0.14581061
-0.1290241
-0.11517675
-0.1353892
-0.1217052
-0.1397088
-0.12614944
-0.14516655
-0.13178365
-0.16468934
-0.15003053
-0.16979811
-0.15534768
-0.21204646
-0.19454929
-0.21724947
-0.20002028
-0.18221638
-0.16599821
-0.18786946
-0.17188169
-0.19165099
-0.17583639
-0.19635299
-0.18078055
-0.22069391
-0.20366525
-0.22492637
-0.20817678
-0.078135245
-0.064996331
-0.086743255
-0.073702888
-0.05580082
-0.043795961
-0.064569002
-0.052634878
-0.070618163
-0.05874274
-0.078397766
-0.066611378
-0.092662624
-0.079701529
-0.10024962
-0.087405905
-0.035407051
-0.024472116
-0.044287877
-0.03339748
-0.016843126
-0.00691571
-0.025792414
-0.015886564
-0.031999011
-0.022116104
-0.040025601
-0.030183142
-0.050431434
-0.039581007
-0.058355851
-0.047569556
-0.063823039
-0.053090018
-0.070854664
-0.060202355
-0.04557849
-0.035772192
-0.052741292
-0.042992807
-0.057682933
-0.047982565
-0.064038492
-0.054411133
-0.075690232
-0.065102762
-0.081888241
-0.071396681
-0.10544799
-0.092696164
-0.11208473
-0.09946599
-0.083747536
-0.072032801
-0.090604677
-0.078996218
-0.095303068
-0.083777855
-0.10130151
-0.089896865
-0.11661184
-0.10409616
-0.12236449
-0.10999665
-0.12626858
-0.11401351
-0.13120155
-0.11910621
-0.10539351
-0.094082001
-0.11059322
-0.099415268
-0.11412207
-0.10304605
-0.11858094
-0.10764934
-0.13452791
-0.12255349
-0.13870148
-0.12689744
-0.086134897
-0.075718606
-0.091556762
-0.081249413
-0.068409161
-0.058840403
-0.074011339
-0.064529184
-0.077849746
-0.068435529
-0.082750356
-0.073434628
-0.095255436
-0.085032272
-0.099955485
-0.08985289
-0.10314516
-0.093134637
-0.10717542
-0.09729539
-0.086093484
-0.076853828
-0.090341663
-0.081210887
-0.093224602
-0.084176936
-0.096867159
-0.087937504
-0.10989313
-0.10011185
-0.1133029
-0.10366073
-0.14149348
-0.12981748
-0.14496532
-0.13346842
-0.12158773
-0.11076544
-0.12536026
-0.11469184
-0.12788396
-0.11733119
-0.13102209
-0.12063121
-0.14726396
-0.13590085
-0.15008851
-0.13891193
-0.22768932
-0.21114744
-0.23102892
-0.2147748
-0.1994657
-0.18407446
-0.20329047
-0.18815166
-0.20578739
-0.1908364
-0.20880545
-0.19411456
-0.23316555
-0.21712493
-0.23568566
-0.21994006
-0.17321562
-0.15892179
-0.17746505
-0.16339005
-0.14884659
-0.1355975
-0.15346371
-0.14040322
-0.15655248
-0.14363371
-0.16039342
-0.14767266
-0.18027809
-0.16636695
-0.18373476
-0.17005205
-0.18599157
-0.17247877
-0.18871957
-0.17544215
-0.16293629
-0.15036372
-0.16606107
-0.15369477
-0.16810112
-0.15588832
-0.17056721
-0.15856725
-0.19046517
-0.17736224
-0.19252427
-0.17966259
-0.23724838
-0.22172082
-0.23901871
-0.22379115
-0.21073636
-0.19623851
-0.21301388
-0.19878295
-0.21442642
-0.20039268
-0.21602684
-0.20226464
-0.24005695
-0.22505053
-0.24114285
-0.22644074
-0.20489751
-0.21194549
-0.22894659
-0.23528891
-0.21667817
-0.22258853
-0.23951166
-0.24473464
-0.25635691
-0.26106235
-0.27951978
-0.28349924
-0.24670802
-0.25251844
-0.27115791
-0.27622082
-0.22652086
-0.23138072
-0.24817062
-0.25236217
-0.23457481
-0.23846706
-0.25507417
-0.25831805
-0.27016406
-0.27292125
-0.29086716
-0.29294332
-0.26412492
-0.26781412
-0.28603843
-0.28902403
-0.30215813
-0.30461599
-0.32425856
-0.32597869
-0.30607921
-0.30764512
-0.32691109
-0.32776516
-0.34218936
-0.34251151
-0.36307268
-0.36265347
-0.34048586
-0.34165383
-0.36269213
-0.36309018
-0.2891834
-0.29368392
-0.31395199
-0.3176645
-0.29657747
-0.30001173
-0.31999031
-0.32266155
-0.33720093
-0.33930031
-0.3607802
-0.36208083
-0.33217958
-0.33530094
-0.3571808
-0.35947531
-0.24098221
-0.24398569
-0.26036588
-0.26274111
-0.24587768
-0.24806632
-0.26418062
-0.26576191
-0.27762333
-0.27875007
-0.29602455
-0.2965168
-0.27461843
-0.27652259
-0.29415021
-0.29539668
-0.24938821
-0.25083286
-0.26664688
-0.26750506
-0.25163464
-0.25240093
-0.26788506
-0.26808661
-0.27979267
-0.27957206
-0.29605394
-0.29524613
-0.27930803
-0.27972752
-0.29661868
-0.29642732
-0.30929365
-0.30864658
-0.32658979
-0.32530881
-0.30794619
-0.30670026
-0.32415362
-0.32229972
-0.33598219
-0.33367572
-0.3520693
-0.34913568
-0.33922908
-0.33747579
-0.35644114
-0.35403237
-0.30848523
-0.30923983
-0.32809378
-0.3281623
-0.30951409
-0.30953212
-0.32794362
-0.32730174
-0.34142774
-0.34029397
-0.359814
-0.35799634
-0.34245783
-0.34201396
-0.3620674
-0.3609111
-0.37640403
-0.3747171
-0.39593733
-0.39351318
-0.37323941
-0.37091264
-0.391507
-0.38847428
-0.40481754
-0.40126046
-0.42288963
-0.41860642
-0.41018901
-0.40721628
-0.42956496
-0.42583225
-0.36899276
-0.36609683
-0.38604901
-0.38247801
-0.36378499
-0.36038514
-0.37968288
-0.37563846
-0.39123436
-0.38671167
-0.40687248
-0.40168954
-0.39845995
-0.39438775
-0.4152864
-0.41052122
-0.42750138
-0.42222282
-0.44402208
-0.43803476
-0.41820733
-0.41253542
-0.43351316
-0.4271674
-0.4445776
-0.43773372
-0.45947705
-0.45194791
-0.45598471
-0.44947317
-0.47212184
-0.46488801
-0.4436713
-0.43937444
-0.4628072
-0.45772966
-0.43602825
-0.43120641
-0.45382524
-0.44825897
-0.46673245
-0.46061509
-0.48417257
-0.47729495
-0.4767065
-0.47105026
-0.49551648
-0.48906116
-0.37554616
-0.37722142
-0.4006894
-0.40150056
-0.37808102
-0.37878431
-0.40173908
-0.40161015
-0.41906489
-0.41831496
-0.4427113
-0.44109733
-0.41912457
-0.41929006
-0.44431526
-0.44358172
-0.37896651
-0.37878966
-0.40119486
-0.40021743
-0.37835923
-0.37738679
-0.3992123
-0.39747115
-0.41444637
-0.41213297
-0.43518574
-0.43207801
-0.41745391
-0.41587942
-0.43961629
-0.43721279
-0.45579408
-0.45277393
-0.47780057
-0.4739251
-0.45030514
-0.44660688
-0.47084377
-0.46632779
-0.48578344
-0.48066085
-0.50603196
-0.50007051
-0.49383023
-0.48931933
-0.515587
-0.51019675
-0.46274966
-0.46134571
-0.48788986
-0.48555399
-0.45999431
-0.45773646
-0.48353423
-0.48038293
-0.50070368
-0.4968882
-0.52404
-0.51930397
-0.50625022
-0.50322046
-0.53123811
-0.52724593
-0.54944858
-0.54474127
-0.57417851
-0.56848076
-0.54102358
-0.53560399
-0.56405441
-0.55768962
-0.58077685
-0.57371181
-0.6033986
-0.59536624
-0.5921608
-0.58572838
-0.61652369
-0.60907563
-0.5313984
-0.52535623
-0.55280849
-0.54586554
-0.52072557
-0.51414263
-0.54059115
-0.53315078
-0.55497015
-0.54689602
-0.57435814
-0.56541062
-0.56833036
-0.56072049
-0.58929404
-0.58076448
-0.60445261
-0.59524361
-0.62487129
-0.6147266
-0.5883528
-0.57876053
-0.60716876
-0.59668989
-0.62070939
-0.60957745
-0.63885587
-0.62682713
-0.63959353
-0.62875868
-0.65936334
-0.64758034
-0.63419709
-0.62599719
-0.65808347
-0.64884568
-0.61978299
-0.6110352
-0.64189096
-0.63215723
-0.65786002
-0.64739844
-0.67934515
-0.6678819
-0.67536633
-0.66536175
-0.69866083
-0.68759994
-0.50914497
-0.50209849
-0.52754107
-0.51967941
-0.49678798
-0.48934832
-0.51378714
-0.50557366
-0.52604867
-0.51726436
-0.54252134
-0.53295226
-0.54083403
-0.5323701
-0.5587255
-0.54943302
-0.48377451
-0.4760073
-0.49944816
-0.49094741
-0.47021641
-0.46218169
-0.48463367
-0.47590478
-0.49499239
-0.48575233
-0.50885108
-0.49891033
-0.51073218
-0.50169073
-0.52586119
-0.51607748
-0.536717
-0.5263876
-0.55122176
-0.54014412
-0.51877297
-0.50831716
-0.53199793
-0.52083651
-0.54142737
-0.52974774
-0.55393894
-0.54155207
-0.56159082
-0.549964
-0.57538865
-0.56300999
-0.57161606
-0.56171305
-0.58891408
-0.57817203
-0.5543663
-0.54421931
-0.57022814
-0.559288
-0.581594
-0.57007123
-0.59675711
-0.58443627
-0.60133665
-0.58997728
-0.61794845
-0.60574217
-0.62983424
-0.61700627
-0.64566643
-0.63198737
-0.60757942
-0.59467287
-0.62195583
-0.60824841
-0.63216976
-0.61787576
-0.64567072
-0.63057575
-0.65694747
-0.64264417
-0.6719063
-0.65675013
-0.58520953
-0.57227941
-0.59821644
-0.584533
-0.56281687
-0.54991241
-0.57453672
-0.56092694
-0.5828073
-0.56868192
-0.59365928
-0.57883199
-0.60742707
-0.59319315
-0.61955971
-0.60457628
-0.62810095
-0.61257022
-0.63927765
-0.62300221
-0.60126556
-0.58592652
-0.61117086
-0.59513733
-0.61805584
-0.60151718
-0.62693829
-0.60971517
-0.6470881
-0.63027037
-0.65722578
-0.63967209
-0.6825133
-0.66673287
-0.6965039
-0.67987233
-0.65521075
-0.63953085
-0.66774751
-0.65127127
-0.67654999
-0.65949286
-0.68803527
-0.6701883
-0.70636719
-0.68911448
-0.71929608
-0.70119776
-0.71546795
-0.70362772
-0.73805429
-0.72514231
-0.69481755
-0.68261613
-0.71556889
-0.70235399
-0.73046379
-0.71650336
-0.75037123
-0.73538848
-0.75429994
-0.74059875
-0.77606092
-0.76127668
-0.67357223
-0.66109132
-0.69258885
-0.67915013
-0.65187001
-0.63918197
-0.66924777
-0.6556561
-0.68166264
-0.66740793
-0.69817251
-0.68301084
-0.7062078
-0.69206536
-0.72436615
-0.70925976
-0.73731793
-0.72150473
-0.75451166
-0.73773225
-0.7099158
-0.69408951
-0.72545788
-0.70872374
-0.73645514
-0.71905728
-0.75092799
-0.73262587
-0.76671806
-0.74923153
-0.78284028
-0.76438816
-0.7916591
-0.77607872
-0.81247558
-0.79580444
-0.76460725
-0.74887373
-0.78355784
-0.76679678
-0.7970515
-0.77953753
-0.81493172
-0.79638895
-0.8273381
-0.80986652
-0.84708969
-0.82852313
-0.55161597
-0.55663176
-0.59285342
-0.59650283
-0.55967101
-0.56300773
-0.59855881
-0.60057593
-0.62708915
-0.62811967
-0.66609985
-0.66575548
-0.6231426
-0.62576894
-0.66460687
-0.66580548
-0.56487324
-0.56667999
-0.60149275
-0.60202768
-0.56747818
-0.56789561
-0.6019119
-0.60110446
-0.6271146
-0.62539341
-0.66149111
-0.65850005
-0.62832786
-0.62791272
-0.66497626
-0.66323833
-0.69177939
-0.68905572
-0.72831136
-0.72421836
-0.68660169
-0.68266524
-0.72078301
-0.71553419
-0.74569805
-0.73947448
-0.77953989
-0.77196596
-0.75497526
-0.74986349
-0.79124124
-0.78471651
-0.69500535
-0.69513745
-0.73653991
-0.73518644
-0.69466576
-0.69329528
-0.73364871
-0.73085079
-0.76213748
-0.75827664
-0.80093653
-0.79559998
-0.76693089
-0.76446995
-0.8083731
-0.8043725
-0.56772567
-0.56688527
-0.60005514
-0.59803781
-0.56584113
-0.56386734
-0.59614904
-0.59304495
-0.61827685
-0.61433161
-0.64838181
-0.64327015
-0.62368895
-0.6207945
-0.65588496
-0.65177232
-0.56203672
-0.55904549
-0.59040396
-0.58632956
-0.55651076
-0.552611
-0.58301892
-0.57808271
-0.60232148
-0.59661557
-0.62851127
-0.62173989
-0.61108806
-0.60620842
-0.63919152
-0.63319642
-0.65963819
-0.65281562
-0.68735673
-0.67938945
-0.64753838
-0.63997753
-0.6732943
-0.66464289
-0.69196002
-0.68250182
-0.71716094
-0.70659
-0.70747566
-0.69866082
-0.73468223
-0.72469711
-0.67937223
-0.67435386
-0.71130174
-0.7050282
-0.67031485
-0.66433691
-0.70009079
-0.69291328
-0.72173484
-0.71366798
-0.75104863
-0.74175266
-0.73454422
-0.72733898
-0.76606968
-0.75757474
-0.78896449
-0.77951396
-0.81994346
-0.8091735
-0.77230544
-0.76209952
-0.80102246
-0.78956147
-0.82179214
-0.8094038
-0.8497749
-0.83610947
-0.84238574
-0.83063959
-0.87267417
-0.85958247
-0.7543795
-0.74352923
-0.78094587
-0.7689029
-0.7353755
-0.72398294
-0.75989892
-0.74737538
-0.77757249
-0.76421506
-0.80129512
-0.78679173
-0.80012662
-0.78720369
-0.82592196
-0.81178855
-0.84448995
-0.82946487
-0.86938136
-0.85313153
-0.81833644
-0.80298992
-0.84113187
-0.82462876
-0.85744766
-0.84009502
-0.87918875
-0.86067239
-0.88723811
-0.87008788
-0.91109095
-0.89270589
-0.89455713
-0.88047163
-0.92400664
-0.90855405
-0.86995599
-0.85534859
-0.89706412
-0.88116184
-0.91655272
-0.89969725
-0.94264417
-0.92448005
-0.94522069
-0.92876023
-0.97368155
-0.95583659
-0.83863557
-0.83348927
-0.87981703
-0.87308112
-0.82923233
-0.82279861
-0.86768599
-0.85973164
-0.895668
-0.88658545
-0.93360921
-0.92296605
-0.90982542
-0.90190847
-0.95057182
-0.94101938
-0.81765419
-0.8100803
-0.85349924
-0.84447331
-0.80415311
-0.79557751
-0.83750767
-0.82754646
-0.86170839
-0.85072135
-0.89442318
-0.88202025
-0.87954631
-0.86944372
-0.91481137
-0.90322108
-0.94037405
-0.92768288
-0.97489486
-0.96068566
-0.9180992
-0.90465006
-0.95001893
-0.93512762
-0.97305467
-0.95709966
-1.0040208
-0.98660227
-0.99985206
-0.98452152
-1.0334627
-1.0165875
-0.98019662
-0.96943144
-1.0203289
-1.0078872
-0.96115432
-0.94935504
-0.99841214
-0.98501586
-1.0253924
-1.0108156
-1.0617911
-1.0455863
-1.0494372
-1.0357542
-1.0887711
-1.0733745
-0.55682957
-0.59912952
-0.57729172
-0.62114613
-0.63020552
-0.67275882
-0.653364
-0.69748084
-0.67085164
-0.71614921
-0.69550356
-0.74246542
-0.59274314
-0.63777153
-0.61452514
-0.66120803
-0.70396255
-0.74660908
-0.72983096
-0.77404447
-0.77782111
-0.82039494
-0.80640324
-0.85054158
-0.82798693
-0.87330668
-0.85841259
-0.90539762
-0.74936511
-0.79476197
-0.77690175
-0.82396671
-0.79769571
-0.84602048
-0.82700834
-0.87710884
-0.88138835
-0.92963099
-0.91377633
-0.96379164
-0.93823396
-0.98958794
-0.9727107
-1.0259516
-0.8491435
-0.90058511
-0.88034671
-0.93367849
-0.63097312
-0.67890538
-0.65415958
-0.70385315
-0.71411889
-0.7623377
-0.74036069
-0.79035115
-0.76017674
-0.81150509
-0.78811085
-0.8413252
-0.67166815
-0.72269207
-0.69635019
-0.74924898
-0.85149164
-0.89382066
-0.8827807
-0.92666509
-0.92467348
-0.96657949
-0.95865151
-1.0020975
-0.98431043
-1.0289193
-1.0204802
-1.0667282
-0.90640867
-0.95146768
-0.93971593
-0.98643069
-0.99705629
-1.0383559
-1.033694
-1.0765112
-1.0683204
-1.1088252
-1.1075766
-1.1495689
-1.1372214
-1.1803384
-1.1790098
-1.2237101
-1.0613615
-1.1053248
-1.1003627
-1.145941
-1.1298147
-1.1766128
-1.1713307
-1.2198484
-1.2105666
-1.256464
-1.25505
-1.302633
-1.2886419
-1.3374994
-1.3359941
-1.3866461
-1.202682
-1.2524985
-1.2468759
-1.2985225
-0.964868
-1.012833
-1.0003233
-1.0500508
-1.047794
-1.09528
-1.0862965
-1.1355273
-1.1153719
-1.1659204
-1.1563578
-1.2087634
-1.0270973
-1.0781561
-1.0648395
-1.1177744
-1.0933408
-1.1476926
-1.1335171
-1.1898659
-1.1873084
-1.2411169
-1.2309373
-1.286723
-1.2638844
-1.3211629
-1.3103269
-1.3697102
-1.1638567
-1.2217135
-1.2066238
-1.2666067
-1.2802495
-1.3332783
-1.3272931
-1.3822706
-1.3717528
-1.423761
-1.4221588
-1.4760774
-1.4602239
-1.5155863
-1.5138812
-1.5712768
-1.3628191
-1.4192681
-1.4128972
-1.4714204
-1.4507146
-1.5108041
-1.5040224
-1.5663197
-1.5544009
-1.6133336
-1.6115187
-1.6726159
-1.654651
-1.7173848
-1.7154527
-1.7804907
-1.5442778
-1.6082423
-1.6010234
-1.6673387
-1.2389201
-1.3005083
-1.2844458
-1.3482971
-1.3453988
-1.4063718
-1.3948372
-1.4580505
-1.4321708
-1.4970756
-1.4847974
-1.552087
-1.3188246
-1.3843849
-1.3672865
-1.435256
-0.71498827
-0.76930281
-0.74126197
-0.79757227
-0.80920482
-0.86384354
-0.83894042
-0.89558686
-0.86139511
-0.91955758
-0.89304857
-0.95334836
-0.761102
-0.8189196
-0.78907039
-0.84901247
-0.90390949
-0.95866888
-0.93712498
-0.9938967
-0.99874577
-1.0534119
-1.0354463
-1.0921213
-1.063161
-1.1213527
-1.1022281
-1.1625581
-0.96220787
-1.0204992
-0.99756581
-1.0579989
-1.024266
-1.0863164
-1.0619041
-1.1262348
-1.1317297
-1.1936747
-1.173317
-1.2375382
-1.2047217
-1.2706615
-1.248991
-1.3173537
-1.0903265
-1.1563793
-1.1303929
-1.1988728
-0.81019024
-0.87173654
-0.83996243
-0.90377005
-0.91695129
-0.978865
-0.95064611
-1.0148349
-0.97609032
-1.0419972
-1.0119589
-1.0802878
-0.86244397
-0.92795938
-0.89413649
-0.96205945
-0.9180683
-0.98780922
-0.95180473
-1.0241081
-1.0390442
-1.1092018
-1.0772257
-1.1499611
-1.1060579
-1.18074
-1.1467017
-1.2241278
-0.97727988
-1.0515186
-1.0131917
-1.0901583
-1.160648
-1.2309604
-1.2032974
-1.2761936
-1.2824202
-1.3526125
-1.3295443
-1.402316
-1.3651302
-1.4398494
-1.4152925
-1.492757
-1.2355041
-1.3103516
-1.280904
-1.3585014
-1.3151871
-1.3948611
-1.3635149
-1.4461165
-1.4531725
-1.5327098
-1.5065699
-1.5890301
-1.546893
-1.6315605
-1.6037338
-1.6915119
-1.4000093
-1.4848213
-1.4514528
-1.5393811
-1.0403097
-1.1193366
-1.0785384
-1.1604685
-1.1773931
-1.2568915
-1.2206583
-1.3030775
-1.2533289
-1.3379541
-1.2993837
-1.3871182
-1.1074052
-1.1915283
-1.1480983
-1.2353121
-1.4038822
-1.4736707
-1.4554693
-1.5278218
-1.524538
-1.5936282
-1.5805577
-1.6521867
-1.6228612
-1.6964073
-1.682493
-1.7587416
-1.4944252
-1.5687136
-1.5493374
-1.6263556
-1.6438747
-1.7119647
-1.7042794
-1.7748718
-1.7613669
-1.828147
-1.826089
-1.8953222
-1.8749651
-1.9460527
-1.9438612
-2.0175599
-1.7498945
-1.8223765
-1.8141945
-1.8893398
-1.8627514
-1.939909
-1.9312002
-2.0111928
-1.9958894
-2.0715623
-2.0692313
-2.1476829
-2.1246154
-2.2051674
-2.2026858
-2.2861964
-1.9828902
-2.0650243
-2.0557532
-2.1409053
-1.5908049
-1.669885
-1.6492602
-1.7312458
-1.7275246
-1.8058144
-1.7910042
-1.8721707
-1.8389402
-1.9222801
-1.9065133
-1.9929163
-1.6934021
-1.7775828
-1.7556266
-1.8429002
-1.8026151
-1.8922259
-1.8688551
-1.9617594
-1.9575421
-2.0462578
-2.0294749
-2.1214506
-2.0837961
-2.1782334
-2.1603682
-2.2582726
-1.9188771
-2.0142675
-1.9893897
-2.0882855
-2.1107771
-2.1982079
-2.1883402
-2.2789812
-2.2616405
-2.3473885
-2.3447454
-2.4336435
-2.4075035
-2.4987824
-2.4959686
-2.5905996
-2.2469107
-2.3399779
-2.3294732
-2.4259619
-2.391822
-2.4908933
-2.4797112
-2.5824224
-2.5627726
-2.6599392
-2.656944
-2.7576794
-2.7280593
-2.8314915
-2.8283041
-2.9355358
-2.5460817
-2.6515427
-2.6396407
-2.748978
-2.0426378
-2.1441798
-2.1176976
-2.2229686
-2.2181895
-2.3187135
-2.299697
-2.4039161
-2.3612494
-2.4682583
-2.4480157
-2.5589583
-2.1743773
-2.2824654
-2.2542749
-2.3663374
-1.1788265
-1.2683747
-1.2221441
-1.3149823
-1.334161
-1.424243
-1.383185
-1.476577
-1.4202047
-1.5160971
-1.4723915
-1.5718083
-1.254854
-1.3501764
-1.3009644
-1.3997898
-1.4902996
-1.5805818
-1.5450613
-1.6386613
-1.6466568
-1.7367849
-1.7071648
-1.8006049
-1.7528572
-1.8487992
-1.8172685
-1.9167368
-1.5864149
-1.6825207
-1.6447099
-1.7443469
-1.6887304
-1.7910346
-1.750786
-1.8568498
-1.8659089
-1.96804
-1.9344762
-2.0403599
-1.986254
-2.0949705
-2.0592393
-2.1719512
-1.7976475
-1.9065508
-1.8637052
-1.97661
-1.3357836
-1.4372546
-1.3848685
-1.4900685
-1.5117998
-1.6138775
-1.5673529
-1.6731817
-1.6093036
-1.7179655
-1.6684409
-1.7810968
-1.4219341
-1.5299495
-1.4741852
-1.5861712
-0.021069307
-0.07948919
-0.021844567
-0.082411566
-0.12302866
-0.18351692
-0.12755076
-0.19026176
-0.13096346
-0.19535308
-0.13577729
-0.20253303
-0.022428299
-0.084615996
-0.02325354
-0.087726749
-0.22851367
-0.29091105
-0.23691204
-0.30160234
-0.33724377
-0.40137693
-0.34963752
-0.41612737
-0.35899479
-0.4272643
-0.37218781
-0.44296598
-0.2432521
-0.30967384
-0.25219207
-0.32105453
-0.25894088
-0.3296466
-0.26845745
-0.34176129
-0.38214857
-0.4548212
-0.39619246
-0.47153545
-0.40679552
-0.4841553
-0.42174525
-0.50194767
-0.27564159
-0.35090749
-0.28577189
-0.36380344
-0.023874771
-0.090073421
-0.024753373
-0.093384913
-0.13941023
-0.20795269
-0.14453448
-0.21559556
-0.14840154
-0.22136476
-0.15385636
-0.22950069
-0.025414805
-0.095882885
-0.02634992
-0.099407798
-0.44891364
-0.51459564
-0.46541079
-0.53350642
-0.56319467
-0.63022526
-0.58389129
-0.65338496
-0.59951885
-0.67087249
-0.62155004
-0.6955256
-0.47786695
-0.54778532
-0.49542807
-0.56791558
-0.67973493
-0.74790005
-0.7047137
-0.77538374
-0.79815855
-0.86723184
-0.82748911
-0.89910046
-0.84963706
-0.92316509
-0.88085881
-0.95708826
-0.72357519
-0.79613708
-0.7501651
-0.82539311
-0.77024295
-0.84748452
-0.7985478
-0.87862746
-0.90443469
-0.98270475
-0.93767058
-1.0188167
-0.96276729
-1.0460854
-0.99814615
-1.0845252
-0.81992061
-0.90214396
-0.85005085
-0.93529529
-0.50868747
-0.58311527
-0.52738118
-0.60454389
-0.63818525
-0.71414111
-0.6616377
-0.74038447
-0.67934591
-0.7602005
-0.70431064
-0.78813622
-0.54149577
-0.62072404
-0.56139528
-0.64353466
-0.57642023
-0.66075819
-0.59760314
-0.68504012
-0.72316084
-0.80923027
-0.7497359
-0.83896775
-0.76980204
-0.86142215
-0.79809079
-0.8930774
-0.61359733
-0.70337467
-0.63614656
-0.72922272
-0.87280203
-0.96032802
-0.90487537
-0.99561725
-1.0248609
-1.113552
-1.0625215
-1.1544714
-1.0909593
-1.1853702
-1.1310483
-1.2289277
-0.92909376
-1.0222646
-0.96323557
-1.0598297
-0.98901562
-1.088195
-1.0253587
-1.1281821
-1.1613195
-1.2618186
-1.2039932
-1.3081856
-1.2362169
-1.3431982
-1.2816431
-1.3925565
-1.052801
-1.1583764
-1.0914871
-1.2009428
-0.65317219
-0.74873952
-0.67717541
-0.77625422
-0.81945083
-0.91697985
-0.84956359
-0.95067614
-0.8723009
-0.9761197
-0.904355
-1.0119892
-0.69529885
-0.79702935
-0.72084928
-0.82631848
-0.027053909
-0.10206698
-0.028049462
-0.1058194
-0.15797306
-0.235642
-0.16377959
-0.24430253
-0.16816162
-0.25083998
-0.17434282
-0.26005943
-0.028798979
-0.10864996
-0.029858728
-0.11264439
-0.29341927
-0.37353958
-0.30420305
-0.38726752
-0.43303227
-0.51538148
-0.44894633
-0.53432152
-0.46096148
-0.54862183
-0.47790195
-0.56878351
-0.31234393
-0.39763172
-0.32382335
-0.41224513
-0.33248932
-0.42327783
-0.34470922
-0.4388338
-0.49069202
-0.58400615
-0.5087251
-0.60546802
-0.52234004
-0.6216722
-0.54153551
-0.64451799
-0.35393418
-0.45057797
-0.36694175
-0.46713709
-0.030656602
-0.11565771
-0.03178484
-0.11991
-0.17900775
-0.26701865
-0.18558779
-0.2768328
-0.19055366
-0.28424088
-0.1975579
-0.29468804
-0.03263433
-0.12311773
-0.033835225
-0.12764444
