MFEM mesh v1.0

#
# MFEM Geometry Types (see fem/geom.hpp):
#
# POINT       = 0
# SEGMENT     = 1
# TRIANGLE    = 2
# SQUARE      = 3
# TETRAHEDRON = 4
# CUBE        = 5
# PRISM       = 6
#

dimension
2

elements
128
1 2 0 18 20
1 2 19 20 18
1 2 18 6 19
1 2 20 19 8
1 2 7 21 22
1 2 19 22 21
1 2 21 8 19
1 2 22 19 6
1 2 6 23 22
1 2 24 22 23
1 2 23 1 24
1 2 22 24 7
1 2 8 21 26
1 2 25 26 21
1 2 21 7 25
1 2 26 25 4
2 2 1 27 24
2 2 28 24 27
2 2 27 9 28
2 2 24 28 7
2 2 10 29 30
2 2 28 30 29
2 2 29 7 28
2 2 30 28 9
2 2 9 31 30
2 2 32 30 31
2 2 31 2 32
2 2 30 32 10
2 2 7 29 25
2 2 33 25 29
2 2 29 10 33
2 2 25 33 4
3 2 2 34 32
3 2 35 32 34
3 2 34 11 35
3 2 32 35 10
3 2 12 36 37
3 2 35 37 36
3 2 36 10 35
3 2 37 35 11
3 2 11 38 37
3 2 39 37 38
3 2 38 3 39
3 2 37 39 12
3 2 10 36 33
3 2 40 33 36
3 2 36 12 40
3 2 33 40 4
4 2 3 41 39
4 2 42 39 41
4 2 41 13 42
4 2 39 42 12
4 2 8 43 44
4 2 42 44 43
4 2 43 12 42
4 2 44 42 13
4 2 13 45 44
4 2 20 44 45
4 2 45 0 20
4 2 44 20 8
4 2 12 43 40
4 2 26 40 43
4 2 43 8 26
4 2 40 26 4
5 2 1 23 47
5 2 46 47 23
5 2 23 6 46
5 2 47 46 15
5 2 14 48 49
5 2 46 49 48
5 2 48 15 46
5 2 49 46 6
5 2 6 18 49
5 2 50 49 18
5 2 18 0 50
5 2 49 50 14
5 2 15 48 52
5 2 51 52 48
5 2 48 14 51
5 2 52 51 5
6 2 2 31 54
6 2 53 54 31
6 2 31 9 53
6 2 54 53 16
6 2 15 55 56
6 2 53 56 55
6 2 55 16 53
6 2 56 53 9
6 2 9 27 56
6 2 47 56 27
6 2 27 1 47
6 2 56 47 15
6 2 16 55 57
6 2 52 57 55
6 2 55 15 52
6 2 57 52 5
7 2 3 38 59
7 2 58 59 38
7 2 38 11 58
7 2 59 58 17
7 2 16 60 61
7 2 58 61 60
7 2 60 17 58
7 2 61 58 11
7 2 11 34 61
7 2 54 61 34
7 2 34 2 54
7 2 61 54 16
7 2 17 60 62
7 2 57 62 60
7 2 60 16 57
7 2 62 57 5
8 2 0 45 50
8 2 63 50 45
8 2 45 13 63
8 2 50 63 14
8 2 17 64 65
8 2 63 65 64
8 2 64 14 63
8 2 65 63 13
8 2 13 41 65
8 2 59 65 41
8 2 41 3 59
8 2 65 59 17
8 2 14 64 51
8 2 62 51 64
8 2 64 17 62
8 2 51 62 5

boundary
0

vertices
66

nodes
FiniteElementSpace
FiniteElementCollection: H1_2D_P1
VDim: 3
Ordering: 0

1
0
-1
0
0
0
0.70710678
0
0.70710678
-0.70710678
-0.70710678
-0.70710678
0
0.70710678
0.70710678
0
-0.70710678
0
0.9486833
0.81649658
0.9486833
0.40824829
0.40824829
0.31622777
0
0
0.31622777
-0.31622777
-0.40824829
-0.40824829
-0.81649658
-0.9486833
-0.9486833
-0.31622777
-0.9486833
-0.81649658
-0.40824829
-0.40824829
-0.31622777
0
0
0.31622777
0.40824829
0.40824829
0.81649658
0.9486833
0.40824829
0
0.40824829
0.81649658
0.9486833
0.31622777
0
-0.81649658
-0.9486833
-0.40824829
-0.40824829
-0.31622777
-0.40824829
0
-0.40824829
-0.81649658
0
0.81649658
0.40824829
0.40824829
0
1
0
-1
0
0
0.70710678
0.70710678
0
0.70710678
0
-0.70710678
-0.70710678
-0.70710678
0
0.70710678
0
-0.70710678
0.31622777
0.40824829
0
0.40824829
0.81649658
0.9486833
0.9486833
0.31622777
0
0.9486833
0.81649658
0.40824829
0.40824829
0.31622777
0
0
-0.31622777
-0.40824829
-0.40824829
-0.81649658
-0.9486833
-0.9486833
-0.31622777
-0.9486833
-0.81649658
-0.40824829
-0.40824829
-0.31622777
0.81649658
0.9486833
0.40824829
0.40824829
0
0
0.31622777
0.40824829
0
0.40824829
0.81649658
0
-0.81649658
-0.9486833
-0.40824829
-0.40824829
-0.31622777
-0.40824829
-0.40824829
-0.81649658
0
0
0
0
1
-1
0
0.70710678
0.70710678
0
0.70710678
0
0.70710678
0
-0.70710678
-0.70710678
-0.70710678
-0.70710678
0
0.40824829
0.31622777
0.81649658
0.40824829
0
0.31622777
0.9486833
0.9486833
0
0.40824829
0.81649658
0.40824829
0
0.31622777
0.9486833
0
0.40824829
0.81649658
0.40824829
0
0.31622777
0.9486833
0
0.40824829
0.81649658
0.40824829
0
-0.40824829
-0.31622777
-0.81649658
-0.40824829
-0.31622777
-0.9486833
-0.9486833
-0.40824829
-0.31622777
-0.81649658
-0.40824829
-0.9486833
-0.40824829
-0.31622777
-0.81649658
-0.40824829
-0.9486833
-0.40824829
-0.81649658
-0.40824829
