FiniteElementSpace
FiniteElementCollection: H1_2D_P2
VDim: 2
Ordering: 0

0
0.0042836914
0.0127925
0.019327508
0.017658048
0.0093870435
0.0013327811
-0.0035051951
-0.0074674725
0
0.00065255476
0.0051437538
0.01492771
0.018612568
0.012904676
0.0044535809
-0.0012972433
-0.0049763442
0.0013773074
0.0020273557
0.00073001437
0
0.0083067743
0.0085545528
0.0018045596
0.016808469
0.017629978
0.010065816
0.019641182
0.018844519
0.018075399
0.013926718
0.011294185
0.016619742
0.0049834354
0.0026472494
0.0085426878
-0.0014144918
-0.0025499581
0.0011530122
-0.0053878565
-0.0061917545
-0.0031876375
0.00084055324
0.0044351183
0.01348475
0.019602889
0.01573831
0.0066501453
-0.00037434792
-0.0043166324
0.00051493724
0.0012541044
0.0003409465
0
0.0026559564
0.0029902017
0.001365812
0.0012498807
0.00064335598
0.00059043387
0.00060715343
0
0.0061913202
0.0060168581
0.0030116593
0.010543506
0.010376233
0.0063102298
0.0069076735
0.0032030121
0.0031061265
0.00098064044
0.014925948
0.0150452
0.011012746
0.018311491
0.018578659
0.01575662
0.016455063
0.01261886
0.011902767
0.0074972541
0.019781958
0.019841219
0.018946222
0.01891563
0.018488533
0.01956112
0.018867692
0.018686963
0.019022294
0.016794974
0.015957014
0.015013432
0.017530813
0.011694392
0.01043188
0.013609508
0.012077652
0.014910943
0.016238536
0.017893911
0.0071192513
0.0058213236
0.0089340022
0.0030435854
0.0019352485
0.0045348773
0.0034698966
0.0064208349
0.0075237659
0.010739486
-0.00014572019
-0.00097024073
0.0010126673
-0.0025159347
-0.0030889529
-0.0015450597
-0.0019385262
-0.00016660594
0.00033503806
0.0026908571
-0.0044428417
-0.0048773285
-0.0034515082
-0.0063895602
-0.0068247685
-0.0052092943
-0.0055646896
-0.0040670204
-0.0037372437
-0.0022851625
0.00052448259
0.0020176974
0.00086894269
0.00025776049
0.0043085131
0.008075388
0.0047789366
0.0019458216
0.012761378
0.017039729
0.014343548
0.0093491881
0.019536567
0.019478235
0.01929121
0.018056574
0.016959762
0.012789708
0.014276979
0.017814254
0.0080723213
0.0037596784
0.0053960318
0.0097843785
0.00036327305
-0.0021028954
-0.00089061393
0.0017812595
-0.0039919012
-0.005806501
-0.0046167929
-0.002865892
0.00022525814
0.00058377912
0.00019439965
0
0.00088844125
0.0013806272
0.00089227262
0.0010422611
0.00058508317
0.00042710365
0.00012983526
0
0.0019698753
0.0023407147
0.0016221527
0.0034323379
0.0035757173
0.0024689595
0.0024812835
0.0016681414
0.0016793579
0.0010982221
0.0010897726
0.00073081886
0.0006841502
0.0016163548
0.001032143
0.00092723296
0.00061739557
0.00071558946
0.00068476047
0.00059776982
0.00028230545
0.00010033986
0
0.00043262427
0.00072628072
0.00034437451
0.00028866574
0
0.0052086565
0.0051442666
0.0036030107
0.0072292288
0.0070365864
0.0051160731
0.0051757935
0.0036663978
0.0036180024
0.0024706539
0.0094167335
0.0091868082
0.007008522
0.011673785
0.011481502
0.0092046297
0.0094237661
0.0073950066
0.0071429689
0.0053202123
0.0055356317
0.0038797239
0.0037561553
0.0077296203
0.005793725
0.0060555883
0.0041093618
0.0040097182
0.0024271002
0.0024612383
0.0024603135
0.0015467278
0.0024622183
0.0013175093
0.0014547433
0.00075798772
0.013881136
0.013771689
0.011569033
0.015905664
0.015890599
0.013926934
0.014254868
0.012260026
0.011859541
0.0097687484
0.017613597
0.017674398
0.016088426
0.018885161
0.018981988
0.017873629
0.018128573
0.016753181
0.016406114
0.014658022
0.015076593
0.013151682
0.012710961
0.017076841
0.015453118
0.015746201
0.013822473
0.013533222
0.011363082
0.011030987
0.010188477
0.0081012192
0.010626218
0.008770956
0.0084624511
0.0062800527
0.019627913
0.019710844
0.019134657
0.019786847
0.019807062
0.019771571
0.0197674
0.0193598
0.019278461
0.018364449
0.019350103
0.019268952
0.019740893
0.018349694
0.018144437
0.019056562
0.018714245
0.019282587
0.019568468
0.019668185
0.019466954
0.01924487
0.019354507
0.018892597
0.019163057
0.018774801
0.018737971
0.019033529
0.018472219
0.018600067
0.018541073
0.017328987
0.018624235
0.017520819
0.017480431
0.015932813
0.016857314
0.016523134
0.017784203
0.014975845
0.014524517
0.016030171
0.01541119
0.016685537
0.017288178
0.018255066
0.012827746
0.012283827
0.01392726
0.01054189
0.0099375979
0.011619085
0.010879348
0.01246615
0.013225713
0.014706507
0.01395504
0.015296705
0.016009465
0.011688808
0.013197818
0.012477491
0.013935677
0.01459113
0.015811623
0.016438883
0.017702148
0.018413579
0.017083404
0.017320662
0.01787679
0.018331747
0.0082405872
0.0076104842
0.009245087
0.0060284447
0.0054048206
0.0069277822
0.0062343198
0.0077765639
0.0085100498
0.010111928
0.0039842691
0.0033937686
0.004763397
0.0021566851
0.0016183551
0.0028164473
0.0022785864
0.0035608845
0.0041392366
0.005567569
0.0049510317
0.0064385811
0.0070762587
0.0030426281
0.0044051384
0.0039362664
0.0054123389
0.0058809283
0.0074650153
0.0080068568
0.0093543757
0.010934493
0.0086433178
0.0096362629
0.010240209
0.011832449
0.0005635069
8.8154768e-05
0.0011182387
-0.0008056088
-0.0012150254
-0.00033118632
-0.00068794513
0.00029012172
0.00067280192
0.0017985813
-0.0019840353
-0.0023313239
-0.0015584276
-0.0030215109
-0.0033157758
-0.0026103305
-0.0028312131
-0.0020643276
-0.0018383551
-0.00098360093
-0.0012280386
-0.00030287623
-3.3032145e-05
-0.0022507661
-0.001433337
-0.0016194142
-0.00075344927
-0.00053666356
0.00046638929
0.00072919153
0.0013814982
0.0025952542
0.0010289482
0.0018923828
0.002215103
0.0035431535
-0.0039768363
-0.0042308977
-0.0035466952
-0.0049106704
-0.0051397273
-0.0044329052
-0.0046016296
-0.0038845616
-0.0037300175
-0.0030094444
-0.0058784193
-0.0060994253
-0.0053331905
-0.0069181309
-0.0071437612
-0.0063031998
-0.0065089888
-0.0056861163
-0.0055091957
-0.004755968
-0.0049102781
-0.004172363
-0.0040267437
-0.0058755625
-0.005078563
-0.0052617327
-0.0045137208
-0.0043334254
-0.0036253948
-0.0034549309
-0.0031616213
-0.002413294
-0.0033045044
-0.0027427945
-0.0025716149
-0.0018056622
0.00022528686
0.00096767569
0.0007321684
0.00015796319
0.0018346258
0.0029207354
0.002049088
0.0013526416
0.00088431279
0.0013255888
0.00079343553
0.00065801757
0.00010515765
0.00048065922
0.00050490016
0.00012606526
0.0043194805
0.0060542557
0.0043441651
0.0030016009
0.0080862353
0.010324699
0.0082532492
0.0061133479
0.0045881702
0.0065889961
0.0049764134
0.0031665787
0.0019886397
0.0030479226
0.0018895562
0.0011370715
0.012636665
0.01486188
0.013074427
0.010633762
0.016832496
0.018393762
0.017329796
0.015372199
0.01392668
0.016133624
0.014690616
0.012306328
0.0089378472
0.011455377
0.0097414192
0.0072253996
0.019422167
0.019838544
0.019607405
0.01878066
0.019614949
0.018775101
0.019218269
0.019752111
0.01949811
0.019261681
0.018989596
0.018905794
0.017883858
0.019033017
0.018124806
0.016684962
0.017388997
0.015562837
0.016397194
0.018065284
0.013425827
0.011115661
0.012063861
0.014347724
0.015018032
0.012839252
0.013558356
0.015557418
0.018367545
0.016909893
0.017217984
0.018400985
0.0087644785
0.0064869039
0.0073548027
0.0096900634
0.0043713202
0.0024749603
0.0031781409
0.0051606056
0.0059903181
0.0039676418
0.0048823552
0.0069249055
0.010522107
0.008202002
0.0091157248
0.011365692
0.00082282962
-0.00059000637
-3.6109091e-05
0.0014443162
-0.0017935502
-0.0028363223
-0.0023505016
-0.0012861704
-0.00065508566
-0.0017571996
-0.001097994
7.0511136e-05
0.0021810582
0.00064500413
0.0014429574
0.0030461444
-0.0037780286
-0.0046822923
-0.0041652093
-0.0032881623
-0.0056101252
-0.0066102905
-0.0059952168
-0.0050474944
-0.0044626387
-0.0053792185
-0.0047880787
-0.0038908963
-0.0027160514
-0.0035958424
-0.0030178194
-0.0021081206
0
-0.0017467036
0.00099040702
0.0056818726
0.0062715468
0.00082248206
-0.0072687496
-0.013432844
-0.016813491
0
-0.0028175536
0.0035895701
0.0064375954
0.00023115479
-0.0090429974
-0.015526881
-0.018721575
-0.020968956
-0.00077636291
-0.0030372786
-0.0031250968
0
-0.001036175
0.0022763882
-6.4118983e-05
0.0035223564
0.0065545144
0.0061757162
0.0067446264
0.0035964816
0.0042237988
0.0041918678
-0.0041282335
-0.0045041079
-0.0032282535
-0.011642856
-0.012784723
-0.010754503
-0.016279321
-0.017398898
-0.01535812
-0.018990968
-0.019842625
-0.0025729211
-0.0010122254
0.0051879108
0.0059590211
9.3600511e-06
-0.0081713678
-0.01432768
-0.017735991
3.9380115e-05
-0.0019649792
-0.001481877
0
-0.0014572437
-0.0027158505
-0.0031382736
-0.0030504233
-0.0033248778
-0.0029280784
-0.0022011402
0
-0.0015956488
-0.0011144255
-0.0022841456
-0.00014164572
0.0017948152
0.00058060087
0.0027845159
0.0017794254
-0.00069512532
-0.0016759567
0.0022496279
0.0046460891
0.0038693049
0.004699391
0.0063926023
0.0061076916
0.0064896304
0.0066318069
0.0055893311
0.0051199449
0.006385637
0.0065167959
0.0065010519
0.0067137946
0.0049686386
0.00496996
0.0020544875
0.002387042
0.0051730746
0.0056107549
0.0054213448
0.0020347596
0.0019149156
0.0026351578
-0.0017690765
-0.0020333399
-0.0064808933
-0.0068450354
-0.002098834
-0.0021084424
-0.0011618805
-0.0058187928
-0.0061968132
-0.0052895769
-0.00954504
-0.0099987249
-0.013624327
-0.014279026
-0.010446601
-0.011035199
-0.0091043964
-0.012587989
-0.013085934
-0.012197764
-0.014867759
-0.015383148
-0.017590961
-0.018105911
-0.01594653
-0.016554166
-0.014476032
-0.016546491
-0.017050958
-0.01612187
-0.017913096
-0.018370764
-0.020014117
-0.020404215
-0.01885535
-0.019288836
-0.0009122413
-0.002651562
-0.0033341817
-0.0018110877
-0.0021631114
0.00026454144
0.0010208996
-0.0021233973
0.0033048544
0.0057022817
0.0063181122
0.0043689804
0.0066699562
0.0059403816
0.0037950652
0.0060952597
0.0036468508
0.0002033713
-0.0043070503
5.4866733e-05
-0.003802132
-0.0077511266
-0.012145046
-0.0085462209
-0.011163521
-0.013817734
-0.016835959
-0.014885754
-0.01576547
-0.017249024
-0.019436358
-0.018251332
0.00022544256
-0.00046231313
-0.00041995238
0
-0.00036022109
-0.0014771997
-0.001456865
-0.002312175
-0.0020795345
-0.0012436222
-0.00079196797
0
-0.001154364
-0.0021953901
-0.0023744912
-0.0016528544
-0.0023565045
-0.0027600293
-0.0029258142
-0.003170997
-0.0029430002
-0.002931905
-0.0032641267
-0.0032173435
-0.0027726548
-0.0030749939
-0.0032785293
-0.0029657452
-0.0031691246
-0.0033545376
-0.003326227
-0.0030489184
-0.0016607448
-0.0010105754
0
-0.0024548009
-0.00276647
-0.0019906803
-0.0013586535
0
-0.0017229278
-0.0019616071
-0.0025065498
-0.0013619964
-0.0011053817
-0.001688423
-0.0010877368
-0.0016994356
-0.0022641872
-0.0027333525
-0.00062532091
8.1713046e-05
-0.00045380246
0.00040027438
0.0014543933
0.0010221141
0.0020491317
0.0014297871
0.00041741701
-0.00024092518
0.00077253463
0.00014222588
-0.00088585121
0.0025086457
0.0019121843
0.0031345398
0.0027034367
0.001348273
0.00084049843
-0.00042690002
-0.0022368657
-0.0026610008
-0.0014596353
-0.00092319119
-0.0019395344
-0.0023289351
0.0016096569
0.0028674958
0.0025618083
0.0028897113
0.0041883435
0.0040036478
0.0049568545
0.0045714795
0.0036161291
0.0030975136
0.0041280477
0.0053050165
0.0052144489
0.0052198574
0.0061302011
0.0060955909
0.0065192838
0.0063920652
0.0059503317
0.0057027509
0.0062167129
0.0060210745
0.0053836376
0.0065339879
0.0064755115
0.0064498231
0.0066209398
0.0064464576
0.0064877553
0.0058420616
0.0041053609
0.0036124954
0.0050345876
0.0057197441
0.0046958043
0.0044045116
0.0060730054
0.0066017306
0.0065834685
0.00661187
0.0066814503
0.0066462957
0.0062726149
0.0062881936
0.0066273002
0.0065894501
0.0067804816
0.0063537443
0.0062794494
0.0065452194
0.0056243664
0.0055009481
0.0042985759
0.0043260988
0.0054808885
0.0055160539
0.0044094797
0.0045353869
0.0055899231
0.0028533584
0.0029635226
0.0011858442
0.0013429355
0.0031233441
0.0033570179
0.0047166601
0.0063169099
0.0063617927
0.0056961879
0.004985045
0.0058553219
0.0061042848
0.0058968947
0.0045194786
0.0043477479
0.0048517063
0.0030843159
0.0028727161
0.0010202313
0.00098443555
0.0027874721
0.0027886034
0.0034504423
0.0013807797
0.0011416672
0.0017554797
-0.00051650302
-0.00077020537
-0.0029626058
-0.0030793121
-0.00092374266
-0.0010003554
-0.0031517177
-0.0032020595
-0.0010213787
-0.005292108
-0.0054032665
-0.0077229415
-0.007966545
-0.0055291447
-0.0056871391
-0.003250905
0.0010114994
0.0010802256
-0.0010092999
-0.0033057005
-0.00097748532
-0.0009222846
-0.00015445946
-0.0025256554
-0.0027828712
-0.0021913419
-0.0045640694
-0.0048168742
-0.0070140948
-0.0071992566
-0.005016815
-0.0051701526
-0.0042657802
-0.0065551278
-0.0067990752
-0.0062948427
-0.0084341841
-0.0086679452
-0.010611992
-0.010844878
-0.0088940832
-0.0091057773
-0.011078524
-0.011322386
-0.0093096645
-0.012645143
-0.012912189
-0.014584197
-0.014933396
-0.01320916
-0.013564558
-0.01160013
-0.0073656475
-0.0075309819
-0.0095196332
-0.011942358
-0.0097626432
-0.01006821
-0.0082087011
-0.010153006
-0.010377638
-0.0099553706
-0.011682213
-0.011900311
-0.013471241
-0.013731076
-0.012140731
-0.012389603
-0.011503189
-0.013011633
-0.013226494
-0.012841073
-0.014148817
-0.014363685
-0.015581622
-0.01584899
-0.014611081
-0.014877041
-0.016127292
-0.01641036
-0.015154275
-0.016952106
-0.017227726
-0.018183939
-0.018422615
-0.017498498
-0.01776721
-0.016697006
-0.014000956
-0.014281326
-0.015439458
-0.016997358
-0.015737827
-0.016066792
-0.013976897
-0.015116205
-0.015333554
-0.014934624
-0.015947449
-0.016168194
-0.017145906
-0.017401992
-0.016414267
-0.016678332
-0.015751244
-0.016683021
-0.016905363
-0.016473138
-0.017362669
-0.017582886
-0.018455997
-0.01868079
-0.017813537
-0.018057655
-0.018913788
-0.019147043
-0.018308367
-0.019512118
-0.01972578
-0.020501111
-0.020686907
-0.01993395
-0.020121294
-0.019368642
-0.017666282
-0.017930496
-0.018558211
-0.019565398
-0.018794937
-0.019008838
-0.00012914692
-0.00097485739
-0.0018141335
-0.00063553488
-0.0018927792
-0.0023428883
-0.0030153445
-0.0026991959
-0.0030994974
-0.0032539495
-0.0032502539
-0.0032932688
-0.00091029829
-0.0022838856
-0.0026185235
-0.0011254126
-0.0022198578
-0.0015813687
-0.0017269055
-0.0026658559
-0.00054351606
0.00075377539
0.0012304682
-0.00036216491
-7.9645176e-05
0.0016458613
0.0022556732
0.00044239744
-0.0027292288
-0.0016122255
-0.0012337483
-0.0025289726
0.0021635549
0.0035455853
0.004322662
0.0028514995
0.0047767791
0.0057571996
0.0062899096
0.0055018369
0.0058612625
0.0064416304
0.006526143
0.0062190317
0.0033370988
0.0047935559
0.0053318838
0.0039575256
0.0064120859
0.0066913767
0.0065057414
0.0066306253
0.0065682899
0.0060379751
0.0049343587
0.0059280576
0.0050512648
0.0036723863
0.0021907419
0.0039710518
0.0064909847
0.0060135843
0.0053502296
0.0062264559
0.0051164973
0.0038397738
0.0019307787
0.0035793559
0.0022617781
0.00045139185
-0.0019363144
6.5161226e-05
-0.0020801522
-0.0042257283
-0.0066415653
-0.0043954972
0.0019618251
1.2714716e-05
-0.0021072952
0.00012522661
-0.001512341
-0.0035463051
-0.0060264002
-0.0039923426
-0.0055700558
-0.0075122857
-0.0097750977
-0.0079716348
-0.010217809
-0.011887739
-0.013925631
-0.012434132
-0.0063413639
-0.0083568663
-0.010708947
-0.0087657188
-0.0093161168
-0.010942574
-0.012830408
-0.011400691
-0.012371966
-0.013603271
-0.01511564
-0.014063764
-0.015661303
-0.016555842
-0.017853059
-0.017114941
-0.013348934
-0.014601558
-0.016239654
-0.015187371
-0.014651913
-0.015546454
-0.016790398
-0.016012934
-0.016324621
-0.017027149
-0.018135437
-0.01748565
-0.018613782
-0.019212863
-0.020217752
-0.019650926
-0.017320566
-0.017994058
-0.019084341
-0.018496225
