FiniteElementSpace
FiniteElementCollection: H1_2D_P4
VDim: 1
Ordering: 0

-1.00229
0
0
0
0
0
0
0
0
0
0
0.719272
0
0
0.719268
0
0
0.719273
0
0
0.719273
0
0
0.719268
0
0
0.00157128
0.00157131
0.00157134
0.00157134
0.00157128
-1.757
0.122869
0.122869
-1.757
0.122869
0.12287
-1.757
0.122872
0.122872
-1.757
0.122871
0.12287
-1.757
0.122869
0.122869
0.00638228
0
-4.39502e-05
0
0
-4.39501e-05
0
0.00638218
0
-4.39498e-05
0
0
-4.39493e-05
0
0.00638231
0
-4.39481e-05
0
0
-4.3948e-05
0
0.00638231
0
-4.3949e-05
0
0
-4.39496e-05
0
0.00638218
0
-4.395e-05
0
0
-4.39502e-05
0
1.01702
1.01702
1.01702
1.01702
1.01702
0.000390095
5.9984e-06
0.000390094
0.000390095
5.99828e-06
0.000390104
0.00039011
5.99813e-06
0.00039011
0.000390105
5.99827e-06
0.000390097
0.000390094
5.99839e-06
0.000390095
-2.3883
-0.266148
-0.266145
-2.3883
0.81351
0.400557
0.646468
0.0185248
0.0185247
0.646467
0.400555
0.813514
-0.266142
-0.266147
-2.3883
0.400555
0.646467
0.0185249
0.018525
0.646468
0.400558
0.813509
-0.266158
-0.266158
-2.3883
0.40056
0.646474
0.0185255
0.0185255
0.646474
0.40056
0.813509
-0.266149
-0.266145
-2.3883
0.400559
0.646471
0.0185253
0.0185253
0.64647
0.400556
0.813514
-0.266145
-0.266148
0.400555
0.646467
0.0185247
0.0185248
0.646468
0.400557
0.121966
0.00180057
0.00859286
0.000365919
0
-1.30439e-05
0
4.7345e-06
-3.27899e-05
6.64936e-06
3.117e-06
3.11707e-06
6.64874e-06
0
6.6039e-08
0
0
6.60358e-08
0
4.73456e-06
0.00859281
0.00180056
0.121965
-3.27906e-05
0
-1.30443e-05
0
0.000365917
0.00180056
0.00859286
0
-1.30451e-05
0
4.73484e-06
-3.2793e-05
6.64368e-06
3.11789e-06
3.11808e-06
6.64311e-06
0
6.59755e-08
0
0
6.59621e-08
0
4.73516e-06
0.00859307
0.00180061
0.121966
-3.2794e-05
0
-1.30471e-05
0
0.00036592
0.00180063
0.00859324
0
-1.3048e-05
0
4.73536e-06
-3.27943e-05
6.64482e-06
3.11844e-06
3.11851e-06
6.6443e-06
0
6.59238e-08
0
0
6.59177e-08
0
4.7354e-06
0.00859325
0.00180063
0.121966
-3.27945e-05
0
-1.30482e-05
0
0.000365919
0.00180062
0.00859314
0
-1.30473e-05
0
4.73529e-06
-3.2795e-05
6.64166e-06
3.11823e-06
3.11792e-06
6.64346e-06
0
6.59563e-08
0
0
6.59775e-08
0
4.73479e-06
0.00859295
0.00180057
0.121965
-3.27928e-05
0
-1.30447e-05
0
0.000365916
0.00180056
0.00859281
0
-1.30442e-05
0
4.73454e-06
-3.27904e-05
6.64878e-06
3.11706e-06
3.11701e-06
6.6493e-06
0
6.60366e-08
0
0
6.60385e-08
0
4.73451e-06
0.00859286
0.00180057
-3.27899e-05
0
-1.30439e-05
0
-2.54607
1.04503
0.169209
1.04503
-2.54606
1.04503
0.16921
1.04503
-2.54607
1.04503
0.169213
1.04503
-2.54606
1.04503
0.169212
1.04503
-2.54607
1.04503
0.169209
1.04503
0.0443511
5.11418e-05
-2.87242e-05
0.0010809
-6.63645e-05
4.82444e-06
-3.53812e-07
4.82443e-06
0.0443507
0.00108089
-2.87241e-05
5.11411e-05
0.0443508
5.11411e-05
-2.87236e-05
0.0010809
-6.63638e-05
4.82434e-06
-3.53804e-07
4.82431e-06
0.0443515
0.00108093
-2.87226e-05
5.11419e-05
0.0443519
5.11445e-05
-2.87218e-05
0.00108095
-6.63619e-05
4.82419e-06
-3.538e-07
4.82419e-06
0.044352
0.00108095
-2.87218e-05
5.11444e-05
0.0443517
5.11424e-05
-2.87224e-05
0.00108094
-6.63636e-05
4.8243e-06
-3.53804e-07
4.82433e-06
0.0443509
0.00108092
-2.87234e-05
5.1142e-05
0.0443507
5.1141e-05
-2.8724e-05
0.00108089
-6.63644e-05
4.82442e-06
-3.53812e-07
4.82444e-06
0.0443511
0.0010809
-2.87242e-05
5.11418e-05
-1.06247
-1.47841
-2.09222
-2.48322
-2.66126
-2.67023
-2.48322
-2.66126
-2.67023
-1.06247
-1.47841
-2.09222
-2.18712
-2.65887
-2.60326
-1.59003
-1.15017
-0.589253
-0.743611
-1.63426
-2.3234
0.920959
0.573449
0.0476317
0.92096
0.57345
0.047634
-0.743608
-1.63426
-2.3234
-1.59003
-1.15016
-0.589249
-2.18712
-2.65887
-2.60326
-1.25332
-0.260386
0.537149
0.881144
0.990887
1.04685
0.162314
0.767403
1.03123
0.853717
1.03369
0.97996
0.673214
0.571395
0.460805
0.523532
0.778025
0.991893
0.158971
0.242318
0.342848
0.17765
0.323072
0.525748
0.746877
0.911798
1.01945
1.04883
0.969114
0.77108
0.547603
0.370532
0.228634
0.547602
0.370532
0.228634
1.04883
0.969114
0.771079
0.0942566
0.0522148
0.027071
0.0288528
0.062331
0.123908
0.00194584
0.00530067
0.0120175
0.00194584
0.00530067
0.0120175
0.0288527
0.0623309
0.123908
0.0942563
0.0522146
0.0270709
0.177649
0.323071
0.525748
0.162317
0.767406
1.03123
0.881147
0.990889
1.04685
-1.25331
-0.260378
0.537155
0.746876
0.911797
1.01945
0.15897
0.242317
0.342846
0.52353
0.778023
0.991892
0.673211
0.571392
0.460803
0.853714
1.03369
0.979963
-2.48322
-2.66126
-2.67023
-2.48322
-2.66126
-2.67023
-1.06247
-1.47841
-2.09222
-1.59003
-1.15016
-0.589246
-0.743604
-1.63426
-2.3234
0.92096
0.573452
0.0476369
0.92096
0.573451
0.0476335
-0.743608
-1.63426
-2.3234
-1.59003
-1.15017
-0.589251
-2.18712
-2.65887
-2.60326
0.881148
0.990889
1.04685
0.16232
0.767407
1.03123
0.67321
0.571392
0.460802
0.52353
0.778022
0.991892
0.15897
0.242317
0.342846
0.17765
0.323072
0.525748
0.746876
0.911797
1.01945
1.04883
0.969114
0.771079
0.547602
0.370532
0.228634
0.547603
0.370533
0.228635
1.04883
0.969114
0.77108
0.0942566
0.0522149
0.0270711
0.028853
0.0623313
0.123908
0.00194588
0.00530075
0.0120177
0.00194588
0.00530077
0.0120177
0.0288531
0.0623314
0.123908
0.0942572
0.0522152
0.0270712
0.177651
0.323073
0.525749
0.162315
0.767404
1.03123
0.881143
0.990887
1.04685
-1.25332
-0.260388
0.537147
0.746877
0.911798
1.01945
0.158971
0.242318
0.342848
0.523533
0.778025
0.991894
0.673215
0.571396
0.460806
0.853718
1.03369
0.97996
-2.48322
-2.66126
-2.67023
-2.48322
-2.66126
-2.67023
-1.06247
-1.47841
-2.09222
-1.59004
-1.15017
-0.589262
-0.74362
-1.63427
-2.32341
0.920955
0.573441
0.047622
0.920955
0.573441
0.047622
-0.74362
-1.63427
-2.32341
-1.59004
-1.15017
-0.589262
-2.18712
-2.65887
-2.60326
0.881142
0.990886
1.04685
0.162305
0.767398
1.03123
0.673216
0.571398
0.460808
0.523536
0.778028
0.991895
0.158973
0.242321
0.342851
0.177653
0.323077
0.525754
0.746882
0.911802
1.01945
1.04883
0.969118
0.771086
0.547609
0.370538
0.228638
0.547609
0.370538
0.228638
1.04883
0.969118
0.771086
0.0942587
0.0522162
0.0270718
0.0288537
0.0623328
0.123911
0.00194595
0.00530092
0.012018
0.00194595
0.00530092
0.012018
0.0288537
0.0623328
0.123911
0.0942587
0.0522162
0.0270718
0.177653
0.323077
0.525754
0.162305
0.767398
1.03123
0.881142
0.990886
1.04685
-1.25332
-0.260388
0.537147
0.746882
0.911802
1.01945
0.158973
0.242321
0.342851
0.523536
0.778028
0.991895
0.673216
0.571398
0.460808
0.853718
1.03369
0.97996
-2.48322
-2.66126
-2.67023
-2.48322
-2.66126
-2.67023
-1.06247
-1.47841
-2.09222
-1.59003
-1.15017
-0.589253
-0.743611
-1.63426
-2.3234
0.920959
0.573448
0.0476308
0.920959
0.57345
0.0476339
-0.743607
-1.63426
-2.3234
-1.59003
-1.15016
-0.589248
-2.18712
-2.65887
-2.60326
0.881143
0.990886
1.04685
0.162313
0.767402
1.03123
0.673215
0.571397
0.460807
0.523534
0.778026
0.991894
0.158973
0.24232
0.34285
0.177652
0.323075
0.525751
0.746879
0.911799
1.01945
1.04883
0.969115
0.771082
0.547606
0.370535
0.228636
0.547605
0.370535
0.228636
1.04883
0.969115
0.771082
0.0942581
0.0522158
0.0270717
0.0288535
0.0623323
0.12391
0.00194594
0.00530089
0.0120179
0.00194594
0.00530088
0.0120179
0.0288534
0.0623322
0.12391
0.0942576
0.0522156
0.0270716
0.177651
0.323074
0.52575
0.162317
0.767405
1.03123
0.881147
0.990889
1.04685
-1.25331
-0.260378
0.537155
0.746878
0.911798
1.01945
0.158972
0.242318
0.342847
0.523531
0.778024
0.991893
0.673211
0.571393
0.460804
0.853714
1.03369
0.979963
-2.48322
-2.66126
-2.67023
-2.48322
-2.66126
-2.67023
-1.59003
-1.15016
-0.589249
-0.743608
-1.63426
-2.3234
0.92096
0.57345
0.047634
0.920959
0.573449
0.0476317
-0.743611
-1.63426
-2.3234
-1.59003
-1.15017
-0.589253
0.881147
0.990889
1.04685
0.162317
0.767406
1.03123
0.673211
0.571392
0.460803
0.52353
0.778023
0.991892
0.15897
0.242317
0.342846
0.177649
0.323071
0.525748
0.746876
0.911797
1.01945
1.04883
0.969114
0.771079
0.547602
0.370532
0.228634
0.547603
0.370532
0.228634
1.04883
0.969114
0.77108
0.0942563
0.0522146
0.0270709
0.0288527
0.0623309
0.123908
0.00194584
0.00530067
0.0120175
0.00194584
0.00530067
0.0120175
0.0288528
0.062331
0.123908
0.0942566
0.0522148
0.027071
0.17765
0.323072
0.525748
0.162314
0.767403
1.03123
0.881144
0.990887
1.04685
0.746877
0.911798
1.01945
0.158971
0.242318
0.342848
0.523532
0.778025
0.991893
0.673214
0.571395
0.460805
0.579142
0.344976
0.180466
0.106962
0.079276
0.0548336
0.297248
0.152838
0.0701689
0.0122595
0.0325584
0.0800372
0.00525649
0.00389779
0.00232315
0.00312972
0.00999594
0.0270337
0.000396923
0.000736641
0.00144302
0.000392964
0.00158839
0.004806
0.0119372
0.0210477
0.0350726
0.0838565
0.0366172
0.014582
0.0036651
0.00113954
0.000197337
0.000214649
6.08013e-05
0.000144404
0.000913516
0.000221821
5.83515e-05
-1.97358e-05
3.60098e-05
1.41078e-05
0
0
0
-8.18648e-06
9.54886e-06
-1.24987e-06
0
0
0
7.69677e-06
-7.4297e-06
1.53783e-05
-2.0388e-05
4.43229e-05
-2.02706e-05
6.33167e-05
4.73692e-05
-1.04066e-05
2.15582e-05
-1.32258e-05
1.61738e-05
3.8654e-05
-1.54821e-05
1.82814e-05
0.000103258
0.000115707
4.95233e-06
0
0
0
3.37174e-06
-2.48824e-06
4.12508e-06
0
0
0
-2.14288e-06
1.81259e-06
-3.40239e-06
1.09048e-06
-2.45825e-06
4.48884e-06
7.13893e-06
-3.55033e-06
2.49407e-06
1.981e-05
-1.38124e-05
4.13743e-05
0.00589403
0.00291914
0.00116974
0.0112165
0.00438122
0.00133852
8.8143e-06
0.000150788
0.000359753
2.5615e-05
-1.75988e-05
5.77566e-05
2.535e-05
0.000231673
0.000400089
0.000572017
0.000294975
1.34659e-05
5.39581e-05
-1.78293e-05
3.16648e-05
5.39581e-05
-1.78293e-05
3.16649e-05
0.000572016
0.000294974
1.34658e-05
1.35163e-05
-8.08187e-06
6.43461e-06
6.36591e-06
-7.68035e-06
1.47828e-05
-3.00781e-06
2.56993e-06
-4.76805e-06
-3.00781e-06
2.56993e-06
-4.76804e-06
6.36588e-06
-7.68033e-06
1.47828e-05
1.35163e-05
-8.08183e-06
6.43455e-06
2.56151e-05
-1.75989e-05
5.77568e-05
-2.70066e-06
1.64567e-06
-2.19241e-06
-4.74227e-06
2.47861e-06
-2.74589e-06
0
0
0
-5.34081e-07
4.48729e-07
-7.86705e-07
0
0
0
1.48918e-07
-1.25259e-07
2.52231e-07
-5.5439e-07
6.18066e-07
-1.08821e-06
-1.17924e-06
6.46471e-07
-5.70892e-07
2.61006e-07
-1.36985e-07
1.62453e-07
2.61006e-07
-1.36985e-07
1.62453e-07
-1.17924e-06
6.46469e-07
-5.7089e-07
0
0
0
5.33055e-08
-4.50084e-08
7.93453e-08
0
0
0
0
0
0
5.33054e-08
-4.50084e-08
7.93452e-08
0
0
0
1.48918e-07
-1.25259e-07
2.52232e-07
-4.74228e-06
2.47861e-06
-2.7459e-06
-2.70068e-06
1.64568e-06
-2.19242e-06
7.13883e-06
-3.55028e-06
2.49401e-06
-5.54387e-07
6.18063e-07
-1.0882e-06
0
0
0
-5.34076e-07
4.48724e-07
-7.86696e-07
0
0
0
-2.14288e-06
1.81259e-06
-3.40239e-06
0.297247
0.152837
0.0701684
0.106961
0.0792752
0.0548332
0.579139
0.344974
0.180464
0.0838562
0.036617
0.014582
0.0119371
0.0210476
0.0350723
0.00039296
0.00158838
0.00480596
0.00039692
0.000736636
0.00144301
0.00312969
0.00999585
0.0270335
0.00525641
0.00389775
0.00232312
0.0122593
0.032558
0.0800364
0.0112165
0.00438121
0.00133852
0.00589399
0.00291912
0.00116973
2.53501e-05
0.000231672
0.000400088
1.981e-05
-1.38125e-05
4.13744e-05
8.81454e-06
0.000150787
0.000359751
0.000103258
0.000115707
4.95244e-06
3.86541e-05
-1.54822e-05
1.82814e-05
2.15582e-05
-1.3226e-05
1.61738e-05
6.3316e-05
4.73689e-05
-1.04065e-05
1.09042e-06
-2.4582e-06
4.4887e-06
0
0
0
3.37169e-06
-2.4882e-06
4.12501e-06
0
0
0
7.69683e-06
-7.42975e-06
1.53784e-05
0.000913507
0.000221818
5.83511e-05
0.000214646
6.08001e-05
0.000144404
0.00366505
0.00113952
0.000197333
-2.03884e-05
4.43226e-05
-2.02713e-05
0
0
0
-8.1864e-06
9.54877e-06
-1.24991e-06
0
0
0
-1.9736e-05
3.60097e-05
1.41064e-05
0.106961
0.0792752
0.0548332
0.297246
0.152837
0.0701684
0.00525642
0.00389775
0.00232313
0.00312969
0.00999586
0.0270335
0.000396922
0.00073664
0.00144302
0.000392963
0.00158839
0.00480599
0.0119372
0.0210477
0.0350724
0.0838564
0.0366171
0.014582
0.000214646
6.08005e-05
0.000144404
0.000913509
0.000221819
5.83513e-05
0
0
0
-8.18646e-06
9.5488e-06
-1.24989e-06
0
0
0
7.69698e-06
-7.42985e-06
1.53786e-05
-2.03884e-05
4.43226e-05
-2.02714e-05
6.33177e-05
4.73688e-05
-1.0406e-05
2.15585e-05
-1.32263e-05
1.61739e-05
3.86546e-05
-1.54823e-05
1.82815e-05
0.00010326
0.000115707
4.95383e-06
0
0
0
3.37152e-06
-2.48806e-06
4.12475e-06
0
0
0
-2.14289e-06
1.8126e-06
-3.4024e-06
1.09026e-06
-2.45805e-06
4.48842e-06
7.13843e-06
-3.55007e-06
2.4938e-06
1.98103e-05
-1.38128e-05
4.13753e-05
0.00589403
0.00291916
0.00116975
0.0112166
0.00438127
0.00133853
8.81664e-06
0.000150788
0.000359761
2.56157e-05
-1.75995e-05
5.77587e-05
2.53534e-05
0.000231675
0.000400099
0.000572035
0.000294979
1.34702e-05
5.39612e-05
-1.78304e-05
3.16661e-05
5.39622e-05
-1.78305e-05
3.16662e-05
0.000572039
0.000294983
1.3473e-05
1.35159e-05
-8.08151e-06
6.43414e-06
6.36536e-06
-7.67985e-06
1.47819e-05
-3.00786e-06
2.57e-06
-4.76818e-06
-3.00787e-06
2.57001e-06
-4.7682e-06
6.36529e-06
-7.67981e-06
1.47819e-05
1.35157e-05
-8.08139e-06
6.434e-06
2.56159e-05
-1.75995e-05
5.776e-05
-2.70075e-06
1.64572e-06
-2.19245e-06
-4.74237e-06
2.47865e-06
-2.74592e-06
0
0
0
-5.34046e-07
4.48699e-07
-7.86646e-07
0
0
0
1.4892e-07
-1.25261e-07
2.52235e-07
-5.54348e-07
6.18027e-07
-1.08814e-06
-1.17916e-06
6.46424e-07
-5.70844e-07
2.61013e-07
-1.36988e-07
1.62456e-07
2.61014e-07
-1.36989e-07
1.62456e-07
-1.17916e-06
6.46421e-07
-5.70839e-07
0
0
0
5.33023e-08
-4.50058e-08
7.93403e-08
0
0
0
0
0
0
5.33021e-08
-4.50056e-08
7.93403e-08
0
0
0
1.48921e-07
-1.25263e-07
2.52239e-07
-4.74242e-06
2.47868e-06
-2.74594e-06
-2.70078e-06
1.64576e-06
-2.19247e-06
7.13806e-06
-3.54984e-06
2.49356e-06
-5.54339e-07
6.18019e-07
-1.08812e-06
0
0
0
-5.34026e-07
4.48683e-07
-7.86619e-07
0
0
0
-2.14288e-06
1.81259e-06
-3.40241e-06
0.297249
0.152839
0.0701695
0.106963
0.0792764
0.0548341
0.579143
0.344977
0.180466
0.0838572
0.0366177
0.0145823
0.0119375
0.0210481
0.035073
0.00039298
0.00158845
0.00480612
0.000396936
0.000736666
0.00144306
0.00312978
0.00999609
0.0270341
0.00525653
0.00389783
0.0023232
0.0122595
0.0325585
0.0800375
0.0112167
0.00438134
0.00133857
0.00589418
0.00291924
0.00116979
2.53566e-05
0.000231681
0.000400115
1.98105e-05
-1.38128e-05
4.13762e-05
8.81951e-06
0.000150793
0.000359778
0.000103268
0.000115709
4.95649e-06
3.86554e-05
-1.54823e-05
1.82815e-05
2.15586e-05
-1.32267e-05
1.61739e-05
6.33244e-05
4.73696e-05
-1.04047e-05
1.09001e-06
-2.45782e-06
4.48795e-06
0
0
0
3.3712e-06
-2.48779e-06
4.12429e-06
0
0
0
7.69739e-06
-7.43015e-06
1.53792e-05
0.000913537
0.000221827
5.83535e-05
0.00021465
6.0802e-05
0.000144404
0.00366512
0.00113954
0.000197339
-2.03883e-05
4.43219e-05
-2.02715e-05
0
0
0
-8.18641e-06
9.54883e-06
-1.2492e-06
0
0
0
-1.97359e-05
3.60099e-05
1.41081e-05
0.106963
0.0792768
0.0548345
0.297251
0.15284
0.0701701
0.00525653
0.00389785
0.00232322
0.00312982
0.0099962
0.0270343
0.000396942
0.00073668
0.00144307
0.000392992
0.00158848
0.00480622
0.0119377
0.0210484
0.0350734
0.0838585
0.0366183
0.0145826
0.000214652
6.08022e-05
0.000144406
0.000913549
0.000221831
5.8354e-05
0
0
0
-8.18702e-06
9.54936e-06
-1.24989e-06
0
0
0
7.69768e-06
-7.43036e-06
1.53796e-05
-2.03876e-05
4.43228e-05
-2.02704e-05
6.33281e-05
4.73701e-05
-1.04042e-05
2.15593e-05
-1.32268e-05
1.6174e-05
3.86556e-05
-1.54823e-05
1.82814e-05
0.000103274
0.000115711
4.9588e-06
0
0
0
3.37099e-06
-2.48761e-06
4.12398e-06
0
0
0
-2.14288e-06
1.81259e-06
-3.4024e-06
1.08981e-06
-2.45761e-06
4.48756e-06
7.13772e-06
-3.54964e-06
2.49336e-06
1.98103e-05
-1.38124e-05
4.13764e-05
0.00589431
0.00291931
0.00116983
0.011217
0.00438146
0.00133862
8.82166e-06
0.000150797
0.000359794
2.56156e-05
-1.7599e-05
5.77604e-05
2.53604e-05
0.000231687
0.000400135
0.000572067
0.000294991
1.34771e-05
5.3963e-05
-1.78299e-05
3.1666e-05
5.39631e-05
-1.783e-05
3.1666e-05
0.000572067
0.000294991
1.34772e-05
1.35152e-05
-8.08108e-06
6.43368e-06
6.36493e-06
-7.67943e-06
1.47812e-05
-3.00784e-06
2.57001e-06
-4.76819e-06
-3.00784e-06
2.57001e-06
-4.7682e-06
6.36491e-06
-7.67942e-06
1.47812e-05
1.35152e-05
-8.08105e-06
6.43364e-06
2.56157e-05
-1.7599e-05
5.77606e-05
-2.70078e-06
1.64576e-06
-2.19245e-06
-4.74239e-06
2.47866e-06
-2.74591e-06
0
0
0
-5.33998e-07
4.4866e-07
-7.86576e-07
0
0
0
1.48922e-07
-1.25264e-07
2.5224e-07
-5.54309e-07
6.1799e-07
-1.08807e-06
-1.17909e-06
6.46388e-07
-5.70806e-07
2.61017e-07
-1.36991e-07
1.62458e-07
2.61018e-07
-1.36991e-07
1.62458e-07
-1.17909e-06
6.46387e-07
-5.70804e-07
0
0
0
5.33004e-08
-4.50043e-08
7.93375e-08
0
0
0
0
0
0
5.33004e-08
-4.50043e-08
7.93376e-08
0
0
0
1.48924e-07
-1.25265e-07
2.52242e-07
-4.74242e-06
2.47868e-06
-2.74592e-06
-2.70081e-06
1.64578e-06
-2.19247e-06
7.13767e-06
-3.54961e-06
2.49333e-06
-5.54306e-07
6.17987e-07
-1.08806e-06
0
0
0
-5.33994e-07
4.48656e-07
-7.8657e-07
0
0
0
-2.14288e-06
1.81259e-06
-3.4024e-06
0.297251
0.15284
0.0701701
0.106963
0.0792768
0.0548345
0.579143
0.344977
0.180466
0.0838585
0.0366183
0.0145826
0.0119377
0.0210484
0.0350734
0.000392993
0.00158849
0.00480623
0.000396943
0.000736682
0.00144307
0.00312982
0.00999621
0.0270343
0.00525654
0.00389785
0.00232322
0.0122595
0.0325585
0.0800375
0.011217
0.00438146
0.00133862
0.00589432
0.00291932
0.00116983
2.53606e-05
0.000231688
0.000400136
1.98103e-05
-1.38125e-05
4.13765e-05
8.82196e-06
0.000150797
0.000359795
0.000103275
0.000115711
4.95896e-06
3.86557e-05
-1.54822e-05
1.82814e-05
2.15592e-05
-1.32268e-05
1.6174e-05
6.33287e-05
4.73701e-05
-1.0404e-05
1.0898e-06
-2.4576e-06
4.48753e-06
0
0
0
3.37098e-06
-2.48761e-06
4.12397e-06
0
0
0
7.69766e-06
-7.43035e-06
1.53796e-05
0.00091355
0.000221831
5.83541e-05
0.000214652
6.08024e-05
0.000144406
0.00366512
0.00113954
0.000197339
-2.03877e-05
4.43225e-05
-2.02706e-05
0
0
0
-8.1869e-06
9.54928e-06
-1.24971e-06
0
0
0
-1.97359e-05
3.601e-05
1.41081e-05
0.106963
0.0792765
0.0548342
0.29725
0.152839
0.0701697
0.00525653
0.00389784
0.0023232
0.00312979
0.00999612
0.0270341
0.000396937
0.000736669
0.00144306
0.000392983
0.00158846
0.00480616
0.0119375
0.0210482
0.0350732
0.0838579
0.036618
0.0145824
0.00021465
6.08022e-05
0.000144405
0.00091354
0.000221828
5.83535e-05
0
0
0
-8.18651e-06
9.54892e-06
-1.24935e-06
0
0
0
7.6974e-06
-7.43016e-06
1.53792e-05
-2.03881e-05
4.43222e-05
-2.02711e-05
6.33255e-05
4.73695e-05
-1.04045e-05
2.15589e-05
-1.32267e-05
1.6174e-05
3.86555e-05
-1.54824e-05
1.82815e-05
0.00010327
0.00011571
4.95731e-06
0
0
0
3.37115e-06
-2.48775e-06
4.1242e-06
0
0
0
-2.14289e-06
1.8126e-06
-3.40242e-06
1.08994e-06
-2.45775e-06
4.48784e-06
7.13787e-06
-3.54975e-06
2.49346e-06
1.98106e-05
-1.38129e-05
4.13766e-05
0.00589423
0.00291927
0.0011698
0.0112169
0.00438141
0.00133859
8.82071e-06
0.000150794
0.000359786
2.56161e-05
-1.75996e-05
5.77608e-05
2.53592e-05
0.000231684
0.000400125
0.000572061
0.000294988
1.3476e-05
5.39631e-05
-1.78306e-05
3.16664e-05
5.3962e-05
-1.78305e-05
3.16663e-05
0.000572057
0.000294984
1.34732e-05
1.35155e-05
-8.08127e-06
6.43388e-06
6.3652e-06
-7.67971e-06
1.47817e-05
-3.00787e-06
2.57002e-06
-4.76821e-06
-3.00786e-06
2.57001e-06
-4.76819e-06
6.36529e-06
-7.67978e-06
1.47817e-05
1.35158e-05
-8.08148e-06
6.43411e-06
2.56156e-05
-1.75993e-05
5.77591e-05
-2.7008e-06
1.64577e-06
-2.19248e-06
-4.74244e-06
2.47869e-06
-2.74595e-06
0
0
0
-5.34021e-07
4.48679e-07
-7.86611e-07
0
0
0
1.48922e-07
-1.25263e-07
2.5224e-07
-5.54334e-07
6.18014e-07
-1.08811e-06
-1.17915e-06
6.46418e-07
-5.70836e-07
2.61014e-07
-1.36989e-07
1.62456e-07
2.61013e-07
-1.36989e-07
1.62456e-07
-1.17915e-06
6.46423e-07
-5.70843e-07
0
0
0
5.3302e-08
-4.50056e-08
7.93403e-08
0
0
0
0
0
0
5.33023e-08
-4.50058e-08
7.93402e-08
0
0
0
1.48919e-07
-1.2526e-07
2.52234e-07
-4.74235e-06
2.47865e-06
-2.74591e-06
-2.70072e-06
1.64571e-06
-2.19244e-06
7.13837e-06
-3.55005e-06
2.49379e-06
-5.54349e-07
6.18028e-07
-1.08814e-06
0
0
0
-5.34047e-07
4.487e-07
-7.86647e-07
0
0
0
-2.14287e-06
1.81258e-06
-3.40237e-06
0.297248
0.152837
0.0701687
0.106961
0.0792754
0.0548334
0.579139
0.344974
0.180464
0.0838572
0.0366175
0.0145822
0.0119373
0.0210478
0.0350726
0.000392967
0.00158841
0.00480604
0.000396924
0.000736644
0.00144302
0.0031297
0.0099959
0.0270336
0.00525642
0.00389775
0.00232314
0.0122593
0.032558
0.0800364
0.0112168
0.00438135
0.00133856
0.0058941
0.0029192
0.00116977
2.53556e-05
0.000231679
0.000400109
1.98103e-05
-1.38127e-05
4.13754e-05
8.81748e-06
0.00015079
0.000359769
0.000103261
0.000115707
4.95446e-06
3.86545e-05
-1.54822e-05
1.82814e-05
2.15586e-05
-1.32261e-05
1.61739e-05
6.33187e-05
4.73689e-05
-1.0406e-05
1.09027e-06
-2.45804e-06
4.48843e-06
0
0
0
3.37152e-06
-2.48805e-06
4.12474e-06
0
0
0
7.69689e-06
-7.42976e-06
1.53785e-05
0.000913512
0.000221819
5.83512e-05
0.000214646
6.08014e-05
0.000144404
0.00366505
0.00113952
0.000197333
-2.03879e-05
4.4323e-05
-2.02704e-05
0
0
0
-8.18659e-06
9.54893e-06
-1.25012e-06
0
0
0
-1.97361e-05
3.60097e-05
1.41063e-05
0.106961
0.0792752
0.0548332
0.297247
0.152837
0.0701684
0.00525641
0.00389774
0.00232312
0.00312969
0.00999585
0.0270335
0.00039692
0.000736636
0.00144301
0.000392961
0.00158838
0.00480597
0.0119371
0.0210476
0.0350723
0.0838562
0.036617
0.014582
0.000214646
6.08004e-05
0.000144403
0.000913507
0.000221818
5.8351e-05
0
0
0
-8.18633e-06
9.54872e-06
-1.24983e-06
0
0
0
7.69679e-06
-7.42972e-06
1.53784e-05
-2.03884e-05
4.43225e-05
-2.02711e-05
6.33161e-05
4.73689e-05
-1.04064e-05
2.15581e-05
-1.3226e-05
1.61738e-05
3.8654e-05
-1.54821e-05
1.82813e-05
0.000103258
0.000115707
4.95247e-06
0
0
0
3.37169e-06
-2.4882e-06
4.12501e-06
0
0
0
-2.14287e-06
1.81258e-06
-3.40238e-06
1.09042e-06
-2.4582e-06
4.4887e-06
7.13883e-06
-3.55028e-06
2.49401e-06
1.981e-05
-1.38124e-05
4.13743e-05
0.00589399
0.00291912
0.00116973
0.0112165
0.00438121
0.00133852
8.81458e-06
0.000150787
0.000359752
2.5615e-05
-1.75989e-05
5.77567e-05
2.53502e-05
0.000231672
0.000400088
0.000572016
0.000294974
1.34659e-05
5.39581e-05
-1.78293e-05
3.16648e-05
5.39581e-05
-1.78293e-05
3.16648e-05
0.000572017
0.000294975
1.3466e-05
1.35162e-05
-8.08182e-06
6.43455e-06
6.36587e-06
-7.68032e-06
1.47827e-05
-3.0078e-06
2.56993e-06
-4.76804e-06
-3.00781e-06
2.56993e-06
-4.76804e-06
6.3659e-06
-7.68034e-06
1.47828e-05
1.35163e-05
-8.08186e-06
6.4346e-06
2.5615e-05
-1.75988e-05
5.77566e-05
-2.70067e-06
1.64567e-06
-2.19241e-06
-4.74227e-06
2.47861e-06
-2.74589e-06
0
0
0
-5.34075e-07
4.48724e-07
-7.86696e-07
0
0
0
1.48917e-07
-1.25258e-07
2.52231e-07
-5.54387e-07
6.18062e-07
-1.0882e-06
-1.17924e-06
6.46468e-07
-5.70889e-07
2.61005e-07
-1.36985e-07
1.62453e-07
2.61006e-07
-1.36985e-07
1.62453e-07
-1.17924e-06
6.4647e-07
-5.70891e-07
0
0
0
5.33053e-08
-4.50083e-08
7.93452e-08
0
0
0
0
0
0
5.33055e-08
-4.50084e-08
7.93453e-08
0
0
0
1.48918e-07
-1.25259e-07
2.52231e-07
-4.74227e-06
2.47861e-06
-2.74589e-06
-2.70067e-06
1.64567e-06
-2.19241e-06
7.13893e-06
-3.55033e-06
2.49406e-06
-5.54389e-07
6.18065e-07
-1.08821e-06
0
0
0
-5.34081e-07
4.48728e-07
-7.86704e-07
0
0
0
-2.14288e-06
1.81259e-06
-3.40239e-06
0.297248
0.152838
0.0701689
0.106962
0.079276
0.0548336
0.0838565
0.0366172
0.014582
0.0119372
0.0210477
0.0350726
0.000392964
0.00158839
0.004806
0.000396923
0.000736641
0.00144302
0.00312972
0.00999594
0.0270337
0.00525649
0.00389779
0.00232315
0.0112165
0.00438122
0.00133852
0.00589403
0.00291914
0.00116974
2.535e-05
0.000231673
0.000400089
1.981e-05
-1.38124e-05
4.13743e-05
8.81431e-06
0.000150788
0.000359753
0.000103258
0.000115707
4.95234e-06
3.8654e-05
-1.54821e-05
1.82814e-05
2.15582e-05
-1.32258e-05
1.61738e-05
6.33167e-05
4.73692e-05
-1.04066e-05
1.09048e-06
-2.45825e-06
4.48884e-06
0
0
0
3.37174e-06
-2.48824e-06
4.12508e-06
0
0
0
7.69677e-06
-7.4297e-06
1.53783e-05
0.000913516
0.000221821
5.83515e-05
0.000214649
6.08013e-05
0.000144404
-2.0388e-05
4.43229e-05
-2.02706e-05
0
0
0
-8.18648e-06
9.54886e-06
-1.24987e-06
0
0
0
-1.16005
-1.61633
-2.21729
-1.61633
-2.05808
-2.51451
-2.21729
-2.51451
-2.69688
-2.65411
-2.61015
-2.04757
-2.69664
-2.3938
-1.65171
-2.53208
-1.95832
-1.0883
-2.02394
-1.25956
-0.384006
-1.25956
-0.473546
0.261455
-0.384004
0.261455
0.754179
-2.65411
-2.69664
-2.53208
-2.61015
-2.3938
-1.95832
-2.04757
-1.65171
-1.0883
-1.07098
-0.0960756
0.64212
-0.630101
0.257172
0.8377
-0.112026
0.607658
0.986509
1.01291
1.01451
0.810705
1.04825
0.950199
0.710545
1.02821
0.846942
0.590668
0.937259
0.702307
0.45526
0.794275
0.547675
0.331849
0.619927
0.395978
0.22482
0.420117
0.896071
1.04886
0.809849
1.03528
1.0018
1.01858
1.02643
0.865945
1.02869
0.88498
0.667077
0.884979
0.682121
0.470711
0.667076
0.470711
0.300813
0.434691
0.257796
0.136917
0.283512
0.157274
0.0788641
0.168518
0.0880819
0.0415835
0.0880699
0.0433532
0.0193081
0.0433532
0.0200933
0.00855526
0.019308
0.00855526
0.00343446
0.43469
0.283512
0.168518
0.257795
0.157274
0.0880818
0.136917
0.0788639
0.0415834
-1.07097
-0.630095
-0.112022
-0.0960686
0.257178
0.607661
0.642125
0.837703
0.98651
0.42012
0.80985
1.01858
0.896073
1.03528
1.02643
1.04886
1.00179
0.865944
0.937258
0.794274
0.619926
0.702305
0.547674
0.395977
0.455258
0.331848
0.22482
1.01291
1.04825
1.0282
1.01451
0.950197
0.84694
0.810702
0.710543
0.590666
-1.16005
-1.61633
-2.21729
-1.61633
-2.05808
-2.51451
-2.21729
-2.51451
-2.69688
-2.65411
-2.61015
-2.04756
-2.69664
-2.3938
-1.65171
-2.53208
-1.95832
-1.08829
-2.02393
-1.25955
-0.384
-1.25955
-0.473542
0.261458
-0.384004
0.261457
0.75418
-2.65411
-2.69664
-2.53208
-2.61015
-2.3938
-1.95832
-2.04757
-1.65171
-1.0883
-1.07097
-0.0960677
0.642125
-0.630093
0.257179
0.837704
-0.112019
0.607663
0.986511
1.01291
1.01451
0.810702
1.04825
0.950197
0.710542
1.0282
0.84694
0.590665
0.937257
0.702305
0.455258
0.794274
0.547673
0.331848
0.619926
0.395977
0.22482
0.420122
0.896074
1.04886
0.809851
1.03528
1.00179
1.01858
1.02643
0.865944
1.02869
0.884979
0.667076
0.88498
0.682122
0.470711
0.667077
0.470712
0.300814
0.434691
0.257796
0.136917
0.283513
0.157275
0.0788642
0.168518
0.0880823
0.0415837
0.0880704
0.0433535
0.0193082
0.0433536
0.0200935
0.00855537
0.0193083
0.00855539
0.00343453
0.434692
0.283513
0.168518
0.257797
0.157275
0.0880825
0.136918
0.0788646
0.0415838
-1.07098
-0.630101
-0.112025
-0.0960772
0.257172
0.607658
0.642118
0.837699
0.986509
0.420118
0.80985
1.01858
0.896072
1.03528
1.02643
1.04886
1.0018
0.865945
0.937259
0.794276
0.619928
0.702308
0.547676
0.395979
0.455261
0.33185
0.224821
1.01291
1.04825
1.02821
1.01451
0.950199
0.846943
0.810706
0.710546
0.590669
-1.16005
-1.61633
-2.21729
-1.61633
-2.05808
-2.5145
-2.21729
-2.5145
-2.69688
-2.65411
-2.61015
-2.04757
-2.69664
-2.3938
-1.65172
-2.53209
-1.95833
-1.08831
-2.02394
-1.25957
-0.384016
-1.25957
-0.473558
0.261444
-0.384016
0.261444
0.754171
-2.65411
-2.69664
-2.53209
-2.61015
-2.3938
-1.95833
-2.04757
-1.65172
-1.08831
-1.07098
-0.0960793
0.642117
-0.630107
0.257167
0.837697
-0.112035
0.607653
0.986507
1.01291
1.01451
0.810706
1.04825
0.9502
0.710548
1.02821
0.846945
0.590671
0.937262
0.702311
0.455264
0.79428
0.54768
0.331853
0.619933
0.395983
0.224824
0.420109
0.896067
1.04886
0.809843
1.03528
1.0018
1.01858
1.02643
0.86595
1.02869
0.884984
0.667083
0.884984
0.682127
0.470717
0.667083
0.470717
0.300819
0.434696
0.2578
0.13692
0.283517
0.157278
0.078866
0.168521
0.0880842
0.0415847
0.0880722
0.0433545
0.0193088
0.0433545
0.0200941
0.00855563
0.0193088
0.00855563
0.00343463
0.434696
0.283517
0.168521
0.2578
0.157278
0.0880842
0.13692
0.078866
0.0415847
-1.07098
-0.630107
-0.112035
-0.0960793
0.257167
0.607653
0.642117
0.837697
0.986507
0.420109
0.809843
1.01858
0.896067
1.03528
1.02643
1.04886
1.0018
0.86595
0.937262
0.79428
0.619933
0.702311
0.54768
0.395983
0.455264
0.331853
0.224824
1.01291
1.04825
1.02821
1.01451
0.9502
0.846945
0.810706
0.710548
0.590671
-1.16005
-1.61633
-2.21729
-1.61633
-2.05808
-2.51451
-2.21729
-2.51451
-2.69688
-2.65411
-2.61015
-2.04757
-2.69664
-2.3938
-1.65171
-2.53208
-1.95832
-1.0883
-2.02393
-1.25956
-0.384006
-1.25956
-0.473546
0.261454
-0.384003
0.261455
0.754178
-2.65411
-2.69664
-2.53208
-2.61015
-2.3938
-1.95832
-2.04756
-1.65171
-1.0883
-1.07098
-0.0960776
0.642118
-0.630102
0.257171
0.837699
-0.112027
0.607657
0.986508
1.01291
1.01451
0.810706
1.04825
0.9502
0.710547
1.02821
0.846944
0.59067
0.93726
0.702309
0.455262
0.794277
0.547677
0.331851
0.61993
0.395981
0.224823
0.420116
0.89607
1.04886
0.809848
1.03528
1.0018
1.01858
1.02643
0.865947
1.02869
0.884981
0.667079
0.884981
0.682124
0.470714
0.667079
0.470714
0.300816
0.434694
0.257798
0.136919
0.283515
0.157277
0.0788655
0.16852
0.0880835
0.0415844
0.0880715
0.0433542
0.0193086
0.0433541
0.0200939
0.00855556
0.0193086
0.00855555
0.00343461
0.434693
0.283515
0.16852
0.257798
0.157276
0.0880833
0.136919
0.0788652
0.0415843
-1.07097
-0.630094
-0.112022
-0.0960682
0.257178
0.607661
0.642125
0.837703
0.98651
0.420119
0.809849
1.01858
0.896072
1.03528
1.02643
1.04886
1.0018
0.865946
0.937258
0.794276
0.619929
0.702307
0.547675
0.395979
0.45526
0.331849
0.224822
1.01291
1.04825
1.0282
1.01451
0.950197
0.846941
0.810702
0.710543
0.590666
-1.16005
-1.61633
-2.21729
-1.61633
-2.05808
-2.51451
-2.21729
-2.51451
-2.69688
-2.65411
-2.61015
-2.04757
-2.69664
-2.3938
-1.65171
-2.53208
-1.95832
-1.0883
-2.02394
-1.25956
-0.384004
-1.25956
-0.473546
0.261455
-0.384006
0.261455
0.754179
-2.65411
-2.69664
-2.53208
-2.61015
-2.3938
-1.95832
-2.04757
-1.65171
-1.0883
-1.07097
-0.0960686
0.642125
-0.630095
0.257178
0.837703
-0.112022
0.607661
0.98651
1.01291
1.01451
0.810702
1.04825
0.950197
0.710543
1.0282
0.84694
0.590666
0.937258
0.702305
0.455258
0.794274
0.547674
0.331848
0.619926
0.395977
0.22482
0.42012
0.896073
1.04886
0.80985
1.03528
1.00179
1.01858
1.02643
0.865944
1.02869
0.884979
0.667076
0.88498
0.682121
0.470711
0.667077
0.470711
0.300813
0.43469
0.257795
0.136917
0.283512
0.157274
0.0788639
0.168518
0.0880818
0.0415834
0.0880699
0.0433532
0.019308
0.0433532
0.0200933
0.00855526
0.0193081
0.00855526
0.00343446
0.434691
0.283512
0.168518
0.257796
0.157274
0.0880819
0.136917
0.0788641
0.0415835
-1.07098
-0.630101
-0.112026
-0.0960756
0.257172
0.607658
0.64212
0.8377
0.986509
0.420117
0.809849
1.01858
0.896071
1.03528
1.02643
1.04886
1.0018
0.865945
0.937259
0.794275
0.619927
0.702307
0.547675
0.395978
0.45526
0.331849
0.22482
1.01291
1.04825
1.02821
1.01451
0.950199
0.846942
0.810705
0.710545
0.590668
0.534743
0.311352
0.159545
0.44285
0.245772
0.120967
0.346447
0.183196
0.0860781
0.0690394
0.0278144
0.0100726
0.049968
0.0195664
0.00661183
0.0342315
0.0127037
0.00425837
0.0210668
0.0076303
0.00231574
0.0125564
0.00426824
0.00130876
0.00682268
0.00229213
0.000613914
0.250403
0.125225
0.0560934
0.171496
0.0815325
0.0347461
0.109403
0.049297
0.0200558
0.00311236
0.000848392
0.000222079
0.00193702
0.000567411
0.000114777
0.00115668
0.000345549
3.7109e-05
7.27277e-06
3.11842e-05
-2.15218e-05
4.54763e-05
-4.57803e-06
1.33374e-05
-1.21248e-05
1.80399e-05
-1.69035e-05
2.8331e-05
-1.03155e-05
1.42589e-05
-4.3672e-06
5.34451e-06
-5.91245e-06
1.04279e-05
-4.63267e-06
6.19269e-06
0.000627653
0.000178026
3.4099e-05
0.000314993
9.7337e-05
2.25023e-06
0.000164902
3.72595e-05
1.30545e-05
7.35818e-05
1.45538e-05
1.96157e-06
2.21691e-05
9.24929e-06
6.92924e-07
6.7497e-06
4.65276e-06
-3.52609e-06
-8.01946e-06
4.96409e-06
-5.69892e-06
6.81691e-06
-3.55938e-06
4.17631e-06
-5.3523e-06
3.11049e-06
-3.76625e-06
1.41113e-06
-7.21299e-07
7.52732e-07
-6.92059e-07
3.81597e-07
-4.27389e-07
1.12104e-06
-6.03608e-07
6.92619e-07
-9.87114e-06
7.71637e-06
-6.40064e-06
8.02895e-06
-3.38444e-06
3.48626e-06
-6.21793e-06
3.49677e-06
-3.07059e-06
0.0624804
0.0268006
0.0102668
0.0340548
0.0137577
0.00509417
0.0169578
0.00657235
0.00229678
0.00342619
0.00102104
0.000326659
0.0015318
0.000498862
9.52889e-05
0.000729476
0.000169224
7.46925e-05
0.000262258
6.88681e-05
1.41678e-05
9.1188e-05
2.52702e-05
7.20223e-06
2.78779e-05
9.90334e-06
-2.37328e-06
0.00754203
0.00267689
0.00097218
0.0030653
0.0011232
0.000311192
0.00125612
0.000362738
0.00015769
0.00041914
0.000112526
4.1728e-05
0.000112526
4.45679e-05
8.67751e-06
4.17279e-05
8.6775e-06
-2.22958e-07
-1.03102e-05
1.24808e-05
-1.03734e-05
1.41902e-05
-5.7641e-06
6.77182e-06
-1.17654e-05
6.83855e-06
-6.6691e-06
1.97071e-07
-3.30205e-08
6.61728e-07
-3.30246e-08
5.49004e-08
-3.55775e-07
6.61731e-07
-3.55775e-07
6.8294e-07
-1.03102e-05
1.41902e-05
-1.17654e-05
1.24808e-05
-5.7641e-06
6.83855e-06
-1.03734e-05
6.77182e-06
-6.66909e-06
-9.25136e-08
8.17107e-08
2.70598e-07
1.31316e-07
-4.06915e-08
-1.56864e-07
6.50733e-07
-3.365e-07
5.57329e-07
1.06235e-06
-5.54431e-07
6.58311e-07
-6.52517e-07
3.41311e-07
-4.00842e-07
7.0145e-07
-3.74866e-07
4.4278e-07
-6.61685e-09
-7.93592e-09
8.09835e-09
-2.02402e-09
6.99142e-09
-6.32031e-09
-2.82845e-08
8.37193e-09
-1.15975e-08
1.82919e-06
-9.70004e-07
9.82691e-07
-9.96769e-07
5.35448e-07
-5.45319e-07
1.02902e-06
-5.54568e-07
5.52649e-07
-1.63309e-09
-3.95442e-09
-2.83181e-08
-3.95435e-09
4.71495e-09
1.20726e-08
-2.83182e-08
1.20726e-08
-2.97535e-08
-1.02291e-07
5.42516e-08
-6.37641e-08
5.56958e-08
-2.97113e-08
3.50179e-08
-5.86489e-08
3.16929e-08
-3.75036e-08
-6.61198e-09
4.45972e-09
-5.16757e-09
4.45972e-09
-2.85159e-09
3.26944e-09
-5.16757e-09
3.26944e-09
-3.69409e-09
-1.02291e-07
5.56958e-08
-5.86488e-08
5.42515e-08
-2.97112e-08
3.16929e-08
-6.37639e-08
3.50178e-08
-3.75035e-08
-9.24833e-08
1.31297e-07
6.50753e-07
8.16939e-08
-4.06809e-08
-3.36511e-07
2.70615e-07
-1.56875e-07
5.57339e-07
1.82919e-06
-9.96767e-07
1.02901e-06
-9.70002e-07
5.35447e-07
-5.54566e-07
9.82688e-07
-5.45317e-07
5.52648e-07
-6.61894e-09
-2.02314e-09
-2.82852e-08
-7.93477e-09
6.99093e-09
8.37235e-09
8.09704e-09
-6.31975e-09
-1.15979e-08
1.06234e-06
-6.52516e-07
7.01448e-07
-5.54429e-07
3.41311e-07
-3.74865e-07
6.58309e-07
-4.00841e-07
4.42778e-07
0.53474
0.442848
0.346445
0.31135
0.24577
0.183195
0.159544
0.120966
0.0860774
0.250402
0.171495
0.109403
0.125224
0.081532
0.0492967
0.056093
0.0347459
0.0200557
0.0210666
0.0125563
0.00682263
0.00763024
0.0042682
0.00229212
0.00231571
0.00130875
0.000613909
0.0690387
0.0499676
0.0342312
0.0278141
0.0195662
0.0127036
0.0100724
0.00661175
0.00425833
0.0624802
0.0340547
0.0169578
0.0268005
0.0137576
0.00657233
0.0102668
0.00509415
0.00229677
0.00754202
0.0030653
0.00125612
0.00267688
0.0011232
0.000362738
0.000972177
0.000311191
0.00015769
0.000262257
9.11878e-05
2.78777e-05
6.88679e-05
2.527e-05
9.90339e-06
1.41675e-05
7.2023e-06
-2.37336e-06
0.00342617
0.00153179
0.000729473
0.00102103
0.00049886
0.000169223
0.000326657
9.52881e-05
7.46922e-05
7.35811e-05
2.21691e-05
6.74954e-06
1.45538e-05
9.24916e-06
4.6528e-06
1.96147e-06
6.93028e-07
-3.52614e-06
-9.87112e-06
8.02892e-06
-6.21789e-06
7.71634e-06
-3.38443e-06
3.49675e-06
-6.4006e-06
3.48624e-06
-3.07056e-06
1.41117e-06
-6.92073e-07
1.12105e-06
-7.21318e-07
3.81604e-07
-6.03614e-07
7.52754e-07
-4.27397e-07
6.92626e-07
-8.01941e-06
6.81695e-06
-5.35228e-06
4.96406e-06
-3.5594e-06
3.11048e-06
-5.69888e-06
4.17633e-06
-3.76623e-06
0.00311232
0.00193699
0.00115667
0.000848378
0.000567404
0.000345545
0.000222076
0.000114775
3.71078e-05
0.000627647
0.00031499
0.000164901
0.000178024
9.73364e-05
3.72591e-05
3.40988e-05
2.25e-06
1.30546e-05
2.83311e-05
-4.36708e-06
1.0428e-05
-1.03156e-05
5.34442e-06
-4.63271e-06
1.42589e-05
-5.91235e-06
6.19271e-06
7.27187e-06
4.5476e-05
-1.21249e-05
3.1184e-05
-4.57813e-06
1.80397e-05
-2.15218e-05
1.33374e-05
-1.69034e-05
0.534739
0.31135
0.159544
0.442848
0.24577
0.120966
0.346445
0.183195
0.0860774
0.0690387
0.0278141
0.0100724
0.0499676
0.0195662
0.00661175
0.0342312
0.0127036
0.00425833
0.0210666
0.00763025
0.00231572
0.0125563
0.00426822
0.00130875
0.00682266
0.00229213
0.000613913
0.250402
0.125224
0.0560931
0.171495
0.0815321
0.0347459
0.109403
0.0492969
0.0200558
0.00311232
0.000848379
0.000222076
0.00193699
0.000567404
0.000114775
0.00115667
0.000345546
3.71079e-05
7.27204e-06
3.1184e-05
-2.15217e-05
4.5476e-05
-4.57812e-06
1.33374e-05
-1.21249e-05
1.80398e-05
-1.69034e-05
2.83311e-05
-1.03156e-05
1.42589e-05
-4.36698e-06
5.34438e-06
-5.9123e-06
1.04279e-05
-4.63264e-06
6.19263e-06
0.000627649
0.000178024
3.40991e-05
0.000314991
9.73369e-05
2.25002e-06
0.000164903
3.72592e-05
1.30548e-05
7.35814e-05
1.45542e-05
1.96125e-06
2.21699e-05
9.24904e-06
6.93265e-07
6.74934e-06
4.65305e-06
-3.52633e-06
-8.0194e-06
4.96406e-06
-5.69888e-06
6.81693e-06
-3.55939e-06
4.17632e-06
-5.35222e-06
3.11044e-06
-3.76619e-06
1.41125e-06
-7.21363e-07
7.52808e-07
-6.92115e-07
3.81626e-07
-4.27424e-07
1.12109e-06
-6.03633e-07
6.92649e-07
-9.87096e-06
7.71631e-06
-6.40052e-06
8.0289e-06
-3.38439e-06
3.4862e-06
-6.21778e-06
3.49669e-06
-3.07049e-06
0.0624804
0.0268006
0.0102669
0.0340549
0.0137577
0.00509419
0.0169579
0.00657239
0.0022968
0.0034262
0.00102104
0.00032666
0.00153181
0.000498866
9.52894e-05
0.000729482
0.000169226
7.4693e-05
0.00026226
6.88701e-05
1.41672e-05
9.11907e-05
2.52702e-05
7.20285e-06
2.78777e-05
9.90406e-06
-2.37371e-06
0.00754211
0.00267692
0.000972192
0.00306535
0.00112322
0.000311197
0.00125615
0.000362747
0.000157693
0.00041915
0.000112532
4.17277e-05
0.000112534
4.45689e-05
8.67907e-06
4.17285e-05
8.67928e-06
-2.23867e-07
-1.03101e-05
1.2481e-05
-1.03734e-05
1.41904e-05
-5.76408e-06
6.7718e-06
-1.17653e-05
6.8385e-06
-6.66898e-06
1.97437e-07
-3.32047e-08
6.61912e-07
-3.32099e-08
5.50018e-08
-3.55873e-07
6.61921e-07
-3.55876e-07
6.83037e-07
-1.03097e-05
1.41905e-05
-1.17653e-05
1.24811e-05
-5.76405e-06
6.83849e-06
-1.03733e-05
6.77179e-06
-6.66895e-06
-9.22943e-08
8.16022e-08
2.70705e-07
1.31177e-07
-4.06194e-08
-1.56934e-07
6.50877e-07
-3.36574e-07
5.57398e-07
1.06233e-06
-5.54422e-07
6.583e-07
-6.52506e-07
3.41306e-07
-4.00835e-07
7.01432e-07
-3.74856e-07
4.42768e-07
-6.63355e-09
-7.92725e-09
8.08857e-09
-2.01497e-09
6.9867e-09
-6.31504e-09
-2.8293e-08
8.37645e-09
-1.16025e-08
1.82915e-06
-9.69983e-07
9.82664e-07
-9.96745e-07
5.35435e-07
-5.45302e-07
1.02898e-06
-5.5455e-07
5.52629e-07
-1.65699e-09
-3.94186e-09
-2.83299e-08
-3.94141e-09
4.70809e-09
1.20791e-08
-2.83305e-08
1.20792e-08
-2.97595e-08
-1.02288e-07
5.42501e-08
-6.37621e-08
5.56941e-08
-2.97104e-08
3.50167e-08
-5.86467e-08
3.16918e-08
-3.75022e-08
-6.61076e-09
4.45906e-09
-5.16682e-09
4.45904e-09
-2.85122e-09
3.26902e-09
-5.16679e-09
3.26901e-09
-3.69361e-09
-1.02288e-07
5.56942e-08
-5.86468e-08
5.425e-08
-2.97104e-08
3.16918e-08
-6.37619e-08
3.50167e-08
-3.75021e-08
-9.21977e-08
1.31123e-07
6.50934e-07
8.1554e-08
-4.05869e-08
-3.36605e-07
2.70754e-07
-1.56968e-07
5.5743e-07
1.82915e-06
-9.96747e-07
1.02898e-06
-9.6998e-07
5.35435e-07
-5.54549e-07
9.82659e-07
-5.45301e-07
5.52627e-07
-6.63985e-09
-2.01167e-09
-2.82965e-08
-7.9238e-09
6.98488e-09
8.37833e-09
8.08466e-09
-6.31298e-09
-1.16046e-08
1.06231e-06
-6.52501e-07
7.01423e-07
-5.54411e-07
3.41302e-07
-3.7485e-07
6.58283e-07
-4.00829e-07
4.4276e-07
0.534744
0.442852
0.346448
0.311353
0.245773
0.183197
0.159546
0.120968
0.0860787
0.250404
0.171497
0.109404
0.125225
0.0815332
0.0492976
0.056094
0.0347465
0.0200561
0.0210671
0.0125566
0.00682284
0.00763044
0.00426834
0.0022922
0.00231579
0.00130879
0.000613939
0.0690398
0.0499684
0.0342318
0.0278145
0.0195666
0.0127039
0.0100726
0.0066119
0.00425844
0.062481
0.0340552
0.0169581
0.026801
0.0137579
0.0065725
0.0102671
0.00509431
0.00229685
0.00754217
0.00306537
0.00125615
0.00267696
0.00112324
0.000362754
0.000972217
0.000311207
0.000157697
0.000262269
9.1195e-05
2.78787e-05
6.8874e-05
2.52713e-05
9.90479e-06
1.41679e-05
7.20351e-06
-2.37382e-06
0.00342629
0.00153186
0.000729506
0.00102108
0.000498885
0.000169235
0.000326673
9.52956e-05
7.46957e-05
7.35847e-05
2.21722e-05
6.74967e-06
1.45555e-05
9.24918e-06
4.65348e-06
1.96128e-06
6.93736e-07
-3.52649e-06
-9.87054e-06
8.02894e-06
-6.21763e-06
7.71628e-06
-3.38431e-06
3.49662e-06
-6.40035e-06
3.48613e-06
-3.07039e-06
1.4114e-06
-6.92181e-07
1.12115e-06
-7.21442e-07
3.81662e-07
-6.03666e-07
7.52903e-07
-4.27466e-07
6.92688e-07
-8.01924e-06
6.81697e-06
-5.35207e-06
4.964e-06
-3.55938e-06
3.11036e-06
-5.69881e-06
4.17631e-06
-3.76609e-06
0.00311239
0.00193704
0.0011567
0.0008484
0.00056742
0.000345557
0.00022208
0.000114779
3.71107e-05
0.000627673
0.000315005
0.000164911
0.000178031
9.73409e-05
3.72611e-05
3.41015e-05
2.25124e-06
1.30557e-05
2.83316e-05
-4.3663e-06
1.04279e-05
-1.03155e-05
5.34416e-06
-4.63253e-06
1.42589e-05
-5.91198e-06
6.19251e-06
7.27353e-06
4.54772e-05
-1.21237e-05
3.11842e-05
-4.57799e-06
1.80396e-05
-2.15216e-05
1.33375e-05
-1.6903e-05
0.534744
0.311353
0.159546
0.442853
0.245774
0.120968
0.346449
0.183198
0.0860793
0.0690399
0.0278146
0.0100726
0.0499686
0.0195666
0.00661194
0.0342321
0.012704
0.00425848
0.0210673
0.00763054
0.00231582
0.0125568
0.00426841
0.00130882
0.00682297
0.00229225
0.000613955
0.250406
0.125227
0.0560945
0.171499
0.0815342
0.034747
0.109406
0.0492983
0.0200565
0.00311239
0.000848401
0.000222081
0.00193706
0.000567422
0.000114781
0.00115671
0.000345561
3.71108e-05
7.2728e-06
3.11847e-05
-2.15221e-05
4.54771e-05
-4.5778e-06
1.33374e-05
-1.21236e-05
1.80397e-05
-1.6903e-05
2.83313e-05
-1.03153e-05
1.42587e-05
-4.36622e-06
5.34417e-06
-5.91197e-06
1.04276e-05
-4.63234e-06
6.1923e-06
0.000627684
0.000178033
3.41025e-05
0.000315011
9.73431e-05
2.25122e-06
0.000164916
3.7262e-05
1.3056e-05
7.35861e-05
1.45565e-05
1.96093e-06
2.21737e-05
9.24926e-06
6.93962e-07
6.74975e-06
4.65382e-06
-3.52667e-06
-8.01925e-06
4.96403e-06
-5.69885e-06
6.81693e-06
-3.55936e-06
4.1763e-06
-5.35198e-06
3.11032e-06
-3.76605e-06
1.4115e-06
-7.21498e-07
7.52973e-07
-6.92228e-07
3.8169e-07
-4.27501e-07
1.12119e-06
-6.0369e-07
6.92718e-07
-9.87013e-06
7.71619e-06
-6.40019e-06
8.02885e-06
-3.38421e-06
3.48603e-06
-6.21744e-06
3.49653e-06
-3.07028e-06
0.0624821
0.0268015
0.0102673
0.0340559
0.0137583
0.00509444
0.0169585
0.00657267
0.00229692
0.00342637
0.00102111
0.000326682
0.0015319
0.0004989
9.53003e-05
0.000729528
0.000169243
7.46973e-05
0.000262279
6.88773e-05
1.41685e-05
9.11993e-05
2.52724e-05
7.2039e-06
2.78802e-05
9.90528e-06
-2.37373e-06
0.00754238
0.00267705
0.000972247
0.00306547
0.00112327
0.000311222
0.00125619
0.00036277
0.000157702
0.000419167
0.00011254
4.17302e-05
0.00011254
4.45712e-05
8.68024e-06
4.17302e-05
8.68024e-06
-2.23799e-07
-1.03089e-05
1.24811e-05
-1.03731e-05
1.41905e-05
-5.76389e-06
6.77166e-06
-1.1765e-05
6.83835e-06
-6.66877e-06
1.9763e-07
-3.32959e-08
6.61999e-07
-3.32983e-08
5.50523e-08
-3.55919e-07
6.62002e-07
-3.55919e-07
6.83074e-07
-1.03089e-05
1.41905e-05
-1.1765e-05
1.24811e-05
-5.76389e-06
6.83835e-06
-1.03731e-05
6.77166e-06
-6.66877e-06
-9.20912e-08
8.15017e-08
2.70801e-07
1.31063e-07
-4.05532e-08
-1.56997e-07
6.50987e-07
-3.36633e-07
5.57452e-07
1.06229e-06
-5.54397e-07
6.58267e-07
-6.52486e-07
3.41294e-07
-4.0082e-07
7.01403e-07
-3.7484e-07
4.42748e-07
-6.64925e-09
-7.91853e-09
8.07856e-09
-2.0066e-09
6.98203e-09
-6.3097e-09
-2.8301e-08
8.38092e-09
-1.16076e-08
1.82911e-06
-9.69956e-07
9.82631e-07
-9.96721e-07
5.35421e-07
-5.45286e-07
1.02896e-06
-5.54534e-07
5.5261e-07
-1.67111e-09
-3.93389e-09
-2.83374e-08
-3.93373e-09
4.70371e-09
1.20833e-08
-2.83376e-08
1.20833e-08
-2.97633e-08
-1.02286e-07
5.42491e-08
-6.37609e-08
5.56932e-08
-2.971e-08
3.50161e-08
-5.86456e-08
3.16912e-08
-3.75014e-08
-6.61008e-09
4.45867e-09
-5.16636e-09
4.45866e-09
-2.85101e-09
3.26876e-09
-5.16633e-09
3.26875e-09
-3.6933e-09
-1.02286e-07
5.56933e-08
-5.86457e-08
5.42492e-08
-2.971e-08
3.16913e-08
-6.37611e-08
3.50162e-08
-3.75015e-08
-9.20631e-08
1.31046e-07
6.51006e-07
8.14859e-08
-4.05431e-08
-3.36644e-07
2.70819e-07
-1.57008e-07
5.57463e-07
1.82911e-06
-9.96722e-07
1.02896e-06
-9.69956e-07
5.35421e-07
-5.54534e-07
9.82631e-07
-5.45285e-07
5.52609e-07
-6.65218e-09
-2.00506e-09
-2.83026e-08
-7.9168e-09
6.9811e-09
8.38193e-09
8.07636e-09
-6.30849e-09
-1.16089e-08
1.06229e-06
-6.52488e-07
7.01404e-07
-5.544e-07
3.41296e-07
-3.7484e-07
6.5827e-07
-4.00822e-07
4.42748e-07
0.534744
0.442853
0.34645
0.311353
0.245774
0.183198
0.159546
0.120968
0.0860793
0.250406
0.171499
0.109406
0.125227
0.0815342
0.0492983
0.0560946
0.034747
0.0200565
0.0210673
0.0125568
0.00682298
0.00763055
0.00426842
0.00229225
0.00231583
0.00130882
0.000613956
0.0690399
0.0499686
0.0342321
0.0278146
0.0195667
0.012704
0.0100727
0.00661194
0.00425848
0.0624821
0.0340559
0.0169585
0.0268015
0.0137583
0.00657268
0.0102673
0.00509444
0.00229693
0.00754238
0.00306547
0.00125619
0.00267705
0.00112327
0.00036277
0.000972248
0.000311222
0.000157702
0.000262279
9.11995e-05
2.78802e-05
6.88775e-05
2.52724e-05
9.90534e-06
1.41685e-05
7.20397e-06
-2.37377e-06
0.00342638
0.0015319
0.000729529
0.00102111
0.000498901
0.000169243
0.000326682
9.53006e-05
7.46974e-05
7.35864e-05
2.21738e-05
6.74978e-06
1.45566e-05
9.24925e-06
4.65384e-06
1.96096e-06
6.94016e-07
-3.52667e-06
-9.87011e-06
8.02886e-06
-6.21743e-06
7.71619e-06
-3.38421e-06
3.49653e-06
-6.40017e-06
3.48603e-06
-3.07028e-06
1.4115e-06
-6.92228e-07
1.12119e-06
-7.21499e-07
3.8169e-07
-6.03689e-07
7.52973e-07
-4.275e-07
6.92716e-07
-8.0192e-06
6.81695e-06
-5.35197e-06
4.964e-06
-3.55936e-06
3.11031e-06
-5.69881e-06
4.1763e-06
-3.76603e-06
0.00311239
0.00193706
0.00115672
0.000848402
0.000567423
0.000345562
0.000222081
0.000114781
3.71111e-05
0.000627686
0.000315012
0.000164916
0.000178033
9.73434e-05
3.72621e-05
3.41027e-05
2.25137e-06
1.30561e-05
2.83314e-05
-4.36611e-06
1.04277e-05
-1.03153e-05
5.34413e-06
-4.63236e-06
1.42587e-05
-5.9119e-06
6.19232e-06
7.27285e-06
4.54771e-05
-1.21234e-05
3.11847e-05
-4.57776e-06
1.80396e-05
-2.15221e-05
1.33374e-05
-1.69029e-05
0.534744
0.311353
0.159546
0.442852
0.245773
0.120968
0.346448
0.183198
0.0860789
0.0690398
0.0278145
0.0100726
0.0499684
0.0195666
0.00661191
0.0342319
0.0127039
0.00425845
0.0210671
0.00763047
0.0023158
0.0125567
0.00426836
0.0013088
0.00682289
0.00229222
0.000613943
0.250405
0.125226
0.0560942
0.171498
0.0815336
0.0347467
0.109405
0.0492979
0.0200563
0.00311239
0.0008484
0.00022208
0.00193704
0.00056742
0.000114779
0.0011567
0.000345558
3.71107e-05
7.27354e-06
3.11842e-05
-2.15216e-05
4.54771e-05
-4.57791e-06
1.33374e-05
-1.21237e-05
1.80396e-05
-1.6903e-05
2.83314e-05
-1.03154e-05
1.42588e-05
-4.36634e-06
5.34419e-06
-5.91201e-06
1.04278e-05
-4.63247e-06
6.19244e-06
0.000627676
0.000178031
3.41017e-05
0.000315007
9.73413e-05
2.25117e-06
0.000164912
3.72612e-05
1.30557e-05
7.35849e-05
1.45558e-05
1.96112e-06
2.21727e-05
9.24914e-06
6.93819e-07
6.74961e-06
4.6536e-06
-3.52657e-06
-8.01926e-06
4.96402e-06
-5.69883e-06
6.81694e-06
-3.55937e-06
4.1763e-06
-5.35205e-06
3.11036e-06
-3.76609e-06
1.41143e-06
-7.21456e-07
7.5292e-07
-6.92199e-07
3.81672e-07
-4.27478e-07
1.12116e-06
-6.03674e-07
6.92698e-07
-9.87045e-06
7.71626e-06
-6.40032e-06
8.02892e-06
-3.38429e-06
3.4861e-06
-6.21758e-06
3.4966e-06
-3.07036e-06
0.0624816
0.0268013
0.0102672
0.0340556
0.0137581
0.00509437
0.0169583
0.0065726
0.00229689
0.00342632
0.00102109
0.000326676
0.00153187
0.00049889
9.52969e-05
0.000729515
0.000169238
7.46961e-05
0.000262273
6.88755e-05
1.41678e-05
9.11973e-05
2.52716e-05
7.20381e-06
2.7879e-05
9.90517e-06
-2.37398e-06
0.00754231
0.00267701
0.000972233
0.00306544
0.00112326
0.000311215
0.00125619
0.000362764
0.0001577
0.00041916
0.000112538
4.1729e-05
0.000112536
4.45696e-05
8.67983e-06
4.17283e-05
8.67962e-06
-2.24049e-07
-1.03094e-05
1.24811e-05
-1.03733e-05
1.41905e-05
-5.76402e-06
6.77177e-06
-1.17652e-05
6.83846e-06
-6.66891e-06
1.97482e-07
-3.32318e-08
6.61942e-07
-3.32239e-08
5.5013e-08
-3.55887e-07
6.6193e-07
-3.55884e-07
6.83047e-07
-1.03097e-05
1.41904e-05
-1.17652e-05
1.2481e-05
-5.76405e-06
6.83847e-06
-1.03733e-05
6.77178e-06
-6.66895e-06
-9.2136e-08
8.15235e-08
2.70784e-07
1.31091e-07
-4.05695e-08
-1.56985e-07
6.50964e-07
-3.36621e-07
5.57445e-07
1.06231e-06
-5.54409e-07
6.58282e-07
-6.52499e-07
3.41302e-07
-4.00829e-07
7.0142e-07
-3.74849e-07
4.42759e-07
-6.64231e-09
-7.9224e-09
8.08291e-09
-2.01038e-09
6.98414e-09
-6.31205e-09
-2.82977e-08
8.37907e-09
-1.16055e-08
1.82915e-06
-9.69977e-07
9.82655e-07
-9.96744e-07
5.35434e-07
-5.453e-07
1.02898e-06
-5.54548e-07
5.52625e-07
-1.65775e-09
-3.94091e-09
-2.8331e-08
-3.94154e-09
4.70787e-09
1.20794e-08
-2.83302e-08
1.20793e-08
-2.97597e-08
-1.02288e-07
5.425e-08
-6.37619e-08
5.56942e-08
-2.97104e-08
3.50167e-08
-5.86468e-08
3.16918e-08
-3.75021e-08
-6.61076e-09
4.45903e-09
-5.16677e-09
4.45907e-09
-2.85122e-09
3.26901e-09
-5.16683e-09
3.26902e-09
-3.69361e-09
-1.02288e-07
5.5694e-08
-5.86467e-08
5.425e-08
-2.97104e-08
3.16918e-08
-6.37621e-08
3.50167e-08
-3.75022e-08
-9.22974e-08
1.31179e-07
6.50874e-07
8.1608e-08
-4.06213e-08
-3.36571e-07
2.70696e-07
-1.56931e-07
5.57394e-07
1.82915e-06
-9.96743e-07
1.02898e-06
-9.69981e-07
5.35434e-07
-5.5455e-07
9.82662e-07
-5.45302e-07
5.52628e-07
-6.63175e-09
-2.01586e-09
-2.82921e-08
-7.92832e-09
6.98724e-09
8.37588e-09
8.08984e-09
-6.31569e-09
-1.16018e-08
1.06232e-06
-6.52503e-07
7.01429e-07
-5.54419e-07
3.41304e-07
-3.74855e-07
6.58296e-07
-4.00833e-07
4.42767e-07
0.53474
0.442848
0.346446
0.31135
0.245771
0.183196
0.159544
0.120966
0.0860777
0.250403
0.171496
0.109404
0.125225
0.0815327
0.0492973
0.0560933
0.0347462
0.0200559
0.0210667
0.0125564
0.00682273
0.00763029
0.00426825
0.00229215
0.00231573
0.00130876
0.000613919
0.0690388
0.0499676
0.0342313
0.0278141
0.0195662
0.0127037
0.0100724
0.00661176
0.00425834
0.0624811
0.0340554
0.0169582
0.0268009
0.0137579
0.0065725
0.010267
0.00509426
0.00229684
0.00754226
0.00306542
0.00125618
0.00267697
0.00112324
0.000362758
0.00097221
0.000311205
0.000157696
0.000262265
9.11929e-05
2.78784e-05
6.88715e-05
2.52706e-05
9.90431e-06
1.41674e-05
7.20302e-06
-2.37372e-06
0.00342623
0.00153183
0.000729493
0.00102105
0.000498872
0.000169229
0.000326663
9.5291e-05
7.46936e-05
7.35819e-05
2.21703e-05
6.74944e-06
1.45544e-05
9.24909e-06
4.6531e-06
1.9612e-06
6.93262e-07
-3.52633e-06
-9.87081e-06
8.02886e-06
-6.21772e-06
7.71627e-06
-3.38436e-06
3.49667e-06
-6.40048e-06
3.48617e-06
-3.07047e-06
1.41123e-06
-6.92105e-07
1.12107e-06
-7.21349e-07
3.81621e-07
-6.03625e-07
7.52792e-07
-4.27417e-07
6.92639e-07
-8.01938e-06
6.81687e-06
-5.35219e-06
4.96405e-06
-3.55935e-06
3.11043e-06
-5.69886e-06
4.17628e-06
-3.76617e-06
0.00311233
0.001937
0.00115667
0.000848379
0.000567405
0.000345547
0.000222076
0.000114775
3.71079e-05
0.000627652
0.000314993
0.000164904
0.000178025
9.73374e-05
3.72595e-05
3.40991e-05
2.24999e-06
1.30547e-05
2.83308e-05
-4.36708e-06
1.04278e-05
-1.03154e-05
5.34444e-06
-4.63256e-06
1.42587e-05
-5.91235e-06
6.19254e-06
7.27179e-06
4.54757e-05
-1.21251e-05
3.11841e-05
-4.57791e-06
1.80399e-05
-2.15219e-05
1.33372e-05
-1.69035e-05
0.53474
0.31135
0.159544
0.442848
0.24577
0.120966
0.346445
0.183195
0.0860774
0.0690387
0.0278141
0.0100724
0.0499676
0.0195662
0.00661175
0.0342312
0.0127036
0.00425833
0.0210666
0.00763024
0.00231571
0.0125563
0.0042682
0.00130875
0.00682263
0.00229212
0.000613909
0.250402
0.125224
0.056093
0.171495
0.081532
0.0347459
0.109403
0.0492967
0.0200557
0.00311232
0.000848378
0.000222076
0.00193699
0.000567404
0.000114775
0.00115667
0.000345545
3.71079e-05
7.27199e-06
3.1184e-05
-2.15218e-05
4.54759e-05
-4.57809e-06
1.33374e-05
-1.21248e-05
1.80397e-05
-1.69033e-05
2.8331e-05
-1.03156e-05
1.42588e-05
-4.36706e-06
5.34441e-06
-5.91233e-06
1.0428e-05
-4.63271e-06
6.1927e-06
0.000627647
0.000178024
3.40987e-05
0.00031499
9.73363e-05
2.25003e-06
0.000164901
3.72591e-05
1.30546e-05
7.35811e-05
1.45538e-05
1.96148e-06
2.21691e-05
9.24916e-06
6.9302e-07
6.74956e-06
4.65279e-06
-3.52613e-06
-8.01938e-06
4.96404e-06
-5.69886e-06
6.81693e-06
-3.55939e-06
4.17632e-06
-5.35227e-06
3.11047e-06
-3.76622e-06
1.41116e-06
-7.21314e-07
7.5275e-07
-6.92069e-07
3.81602e-07
-4.27394e-07
1.12105e-06
-6.03611e-07
6.92623e-07
-9.87109e-06
7.71632e-06
-6.40059e-06
8.02891e-06
-3.38442e-06
3.48624e-06
-6.21788e-06
3.49674e-06
-3.07056e-06
0.0624802
0.0268005
0.0102668
0.0340547
0.0137576
0.00509415
0.0169578
0.00657233
0.00229677
0.00342617
0.00102103
0.000326657
0.00153179
0.00049886
9.52881e-05
0.000729473
0.000169223
7.46922e-05
0.000262257
6.88679e-05
1.41675e-05
9.11878e-05
2.527e-05
7.20229e-06
2.78777e-05
9.90338e-06
-2.37335e-06
0.00754202
0.00267688
0.000972176
0.0030653
0.0011232
0.000311191
0.00125612
0.000362738
0.00015769
0.00041914
0.000112526
4.17279e-05
0.000112526
4.45679e-05
8.67751e-06
4.1728e-05
8.67752e-06
-2.22963e-07
-1.03102e-05
1.24808e-05
-1.03734e-05
1.41902e-05
-5.7641e-06
6.77181e-06
-1.17654e-05
6.83854e-06
-6.66909e-06
1.97073e-07
-3.30252e-08
6.61731e-07
-3.30215e-08
5.49007e-08
-3.55775e-07
6.61728e-07
-3.55775e-07
6.8294e-07
-1.03102e-05
1.41902e-05
-1.17654e-05
1.24808e-05
-5.76409e-06
6.83855e-06
-1.03734e-05
6.77182e-06
-6.6691e-06
-9.2488e-08
8.16969e-08
2.70611e-07
1.313e-07
-4.06825e-08
-1.56873e-07
6.50749e-07
-3.36509e-07
5.57337e-07
1.06234e-06
-5.54428e-07
6.58307e-07
-6.52515e-07
3.4131e-07
-4.00841e-07
7.01447e-07
-3.74864e-07
4.42778e-07
-6.61849e-09
-7.93501e-09
8.09735e-09
-2.02336e-09
6.99105e-09
-6.31991e-09
-2.82849e-08
8.3722e-09
-1.15977e-08
1.82919e-06
-9.7e-07
9.82687e-07
-9.96766e-07
5.35446e-07
-5.45317e-07
1.02901e-06
-5.54566e-07
5.52647e-07
-1.63304e-09
-3.9544e-09
-2.83181e-08
-3.95443e-09
4.71497e-09
1.20726e-08
-2.83181e-08
1.20726e-08
-2.97534e-08
-1.02291e-07
5.42514e-08
-6.37638e-08
5.56957e-08
-2.97112e-08
3.50177e-08
-5.86487e-08
3.16928e-08
-3.75034e-08
-6.61198e-09
4.45972e-09
-5.16757e-09
4.45972e-09
-2.85159e-09
3.26943e-09
-5.16757e-09
3.26943e-09
-3.69409e-09
-1.02291e-07
5.56958e-08
-5.86488e-08
5.42516e-08
-2.97113e-08
3.16929e-08
-6.3764e-08
3.50178e-08
-3.75035e-08
-9.25097e-08
1.31314e-07
6.50735e-07
8.17086e-08
-4.069e-08
-3.36501e-07
2.706e-07
-1.56866e-07
5.5733e-07
1.82919e-06
-9.96768e-07
1.02901e-06
-9.70004e-07
5.35448e-07
-5.54567e-07
9.82691e-07
-5.45318e-07
5.52648e-07
-6.61716e-09
-2.02385e-09
-2.82846e-08
-7.93574e-09
6.99132e-09
8.37202e-09
8.09814e-09
-6.32019e-09
-1.15976e-08
1.06235e-06
-6.52517e-07
7.0145e-07
-5.54431e-07
3.41311e-07
-3.74866e-07
6.58312e-07
-4.00842e-07
4.4278e-07
0.534743
0.44285
0.346447
0.311352
0.245772
0.183196
0.159545
0.120967
0.0860781
0.250403
0.171496
0.109403
0.125225
0.0815325
0.049297
0.0560934
0.0347461
0.0200558
0.0210668
0.0125564
0.00682268
0.0076303
0.00426824
0.00229213
0.00231574
0.00130876
0.000613914
0.0690394
0.049968
0.0342315
0.0278144
0.0195664
0.0127037
0.0100726
0.00661183
0.00425837
0.0624804
0.0340548
0.0169578
0.0268006
0.0137577
0.00657235
0.0102668
0.00509417
0.00229678
0.00754203
0.0030653
0.00125612
0.00267689
0.0011232
0.000362738
0.00097218
0.000311192
0.00015769
0.000262258
9.1188e-05
2.78779e-05
6.88681e-05
2.52702e-05
9.90334e-06
1.41678e-05
7.20224e-06
-2.37329e-06
0.00342619
0.0015318
0.000729476
0.00102104
0.000498862
0.000169224
0.000326659
9.52889e-05
7.46925e-05
7.35818e-05
2.21691e-05
6.7497e-06
1.45538e-05
9.24928e-06
4.65276e-06
1.96157e-06
6.92929e-07
-3.5261e-06
-9.87114e-06
8.02895e-06
-6.21793e-06
7.71637e-06
-3.38444e-06
3.49677e-06
-6.40064e-06
3.48626e-06
-3.07059e-06
1.41113e-06
-6.92059e-07
1.12104e-06
-7.21299e-07
3.81597e-07
-6.03608e-07
7.52733e-07
-4.27389e-07
6.92619e-07
-8.01947e-06
6.81691e-06
-5.3523e-06
4.96409e-06
-3.55938e-06
3.11049e-06
-5.69892e-06
4.17632e-06
-3.76625e-06
0.00311236
0.00193702
0.00115668
0.000848392
0.000567411
0.000345549
0.000222079
0.000114776
3.7109e-05
0.000627653
0.000314993
0.000164902
0.000178026
9.7337e-05
3.72595e-05
3.4099e-05
2.25023e-06
1.30545e-05
2.8331e-05
-4.36721e-06
1.04279e-05
-1.03155e-05
5.34452e-06
-4.63267e-06
1.42589e-05
-5.91245e-06
6.19269e-06
7.27278e-06
4.54763e-05
-1.21248e-05
3.11842e-05
-4.57803e-06
1.80399e-05
-2.15218e-05
1.33374e-05
-1.69035e-05
