FiniteElementSpace
FiniteElementCollection: H1_2D_P4
VDim: 1
Ordering: 0

-0.274497
9.35762e-14
9.35736e-14
7.76165e-35
9.3577e-14
7.76496e-35
9.3577e-14
7.7667e-35
9.35736e-14
7.76496e-35
7.76165e-35
0.0548997
4.87272e-21
4.87272e-21
0.0548993
4.87302e-21
4.87451e-21
0.0548998
4.87525e-21
4.87533e-21
0.0548998
4.87451e-21
4.87302e-21
0.0548993
4.87272e-21
4.87272e-21
3.80041e-05
3.80051e-05
3.80064e-05
3.80063e-05
3.80041e-05
0.18738
0.0058826
0.00588257
0.187381
0.00588259
0.00588264
0.18738
0.00588273
0.00588273
0.18738
0.00588269
0.00588265
0.187381
0.00588257
0.0058826
0.000231357
1.39243e-16
-1.20993e-07
4.0102e-27
4.01022e-27
-1.20995e-07
1.39242e-16
0.000231353
1.39245e-16
-1.21002e-07
4.01112e-27
4.01183e-27
-1.21005e-07
1.39265e-16
0.000231358
1.39274e-16
-1.21004e-07
4.01258e-27
4.0126e-27
-1.21005e-07
1.39276e-16
0.000231358
1.39265e-16
-1.21007e-07
4.01183e-27
4.01112e-27
-1.21001e-07
1.39245e-16
0.000231353
1.39242e-16
-1.20994e-07
4.01022e-27
4.0102e-27
-1.20993e-07
1.39243e-16
0.155927
0.155927
0.155928
0.155927
0.155927
6.60043e-06
1.30395e-08
6.60038e-06
6.60046e-06
1.30407e-08
6.60079e-06
6.60098e-06
1.30412e-08
6.601e-06
6.60084e-06
1.30407e-08
6.60052e-06
6.60038e-06
1.30395e-08
6.60043e-06
-0.102439
0.229352
0.229352
-0.102439
0.189598
0.0244184
0.0468861
0.000691056
0.000691054
0.0468861
0.0244183
0.189597
0.229352
0.229352
-0.102439
0.0244183
0.0468861
0.000691061
0.000691065
0.0468862
0.0244185
0.189598
0.229352
0.229352
-0.102439
0.0244187
0.0468867
0.000691083
0.000691083
0.0468867
0.0244187
0.189598
0.229352
0.229352
-0.102439
0.0244186
0.0468864
0.000691078
0.000691075
0.0468863
0.0244184
0.189597
0.229352
0.229352
0.0244183
0.0468861
0.000691054
0.000691056
0.0468861
0.0244184
0.0058012
5.485e-05
0.000299977
3.97626e-06
5.76828e-15
4.68685e-07
1.31628e-18
-4.82582e-08
8.23874e-07
1.67399e-06
-9.65065e-08
-9.65062e-08
1.67398e-06
7.06389e-24
7.12169e-09
8.91529e-31
8.91533e-31
7.12167e-09
7.06393e-24
-4.82578e-08
0.000299975
5.48494e-05
0.00580113
8.23869e-07
1.31628e-18
4.68685e-07
5.76819e-15
3.97618e-06
5.48495e-05
0.000299977
5.76822e-15
4.68683e-07
1.31633e-18
-4.82565e-08
8.23867e-07
1.674e-06
-9.65032e-08
-9.65026e-08
1.67404e-06
7.0649e-24
7.12139e-09
8.91819e-31
8.91903e-31
7.12135e-09
7.06665e-24
-4.82543e-08
0.000299984
5.48512e-05
0.00580122
8.2388e-07
1.31662e-18
4.68679e-07
5.76872e-15
3.97627e-06
5.48519e-05
0.000299991
5.76887e-15
4.68677e-07
1.31675e-18
-4.82521e-08
8.23884e-07
1.67406e-06
-9.64991e-08
-9.64989e-08
1.67406e-06
7.06784e-24
7.12113e-09
8.92086e-31
8.92087e-31
7.12112e-09
7.06791e-24
-4.8252e-08
0.000299991
5.4852e-05
0.00580122
8.23884e-07
1.31678e-18
4.68677e-07
5.76892e-15
3.97627e-06
5.48514e-05
0.000299987
5.76872e-15
4.68677e-07
1.31662e-18
-4.82537e-08
8.23878e-07
1.67405e-06
-9.6502e-08
-9.65028e-08
1.67402e-06
7.06665e-24
7.12134e-09
8.91903e-31
8.91819e-31
7.12139e-09
7.0649e-24
-4.82563e-08
0.00029998
5.48497e-05
0.00580113
8.23869e-07
1.31633e-18
4.68682e-07
5.76822e-15
3.97617e-06
5.48494e-05
0.000299975
5.76819e-15
4.68684e-07
1.31628e-18
-4.82577e-08
8.23868e-07
1.67398e-06
-9.6506e-08
-9.65064e-08
1.67399e-06
7.06393e-24
7.12166e-09
8.91533e-31
8.91529e-31
7.12168e-09
7.06389e-24
-4.82582e-08
0.000299977
5.485e-05
8.23874e-07
1.31628e-18
4.68686e-07
5.76828e-15
0.0952354
0.124843
0.00854151
0.124842
0.0952358
0.124842
0.00854154
0.124843
0.0952347
0.124843
0.00854172
0.124843
0.0952356
0.124843
0.00854164
0.124842
0.0952354
0.124842
0.00854151
0.124843
0.00183581
7.93077e-07
-1.3309e-07
2.4935e-05
-1.42412e-07
1.18947e-08
-3.63807e-10
1.18948e-08
0.0018358
2.49349e-05
-1.33091e-07
7.93068e-07
0.0018358
7.93073e-07
-1.33094e-07
2.49354e-05
-1.42427e-07
1.18955e-08
-3.63873e-10
1.18959e-08
0.00183583
2.49362e-05
-1.33097e-07
7.93112e-07
0.00183585
7.93122e-07
-1.33098e-07
2.4937e-05
-1.42429e-07
1.18961e-08
-3.63919e-10
1.18963e-08
0.00183585
2.49371e-05
-1.33098e-07
7.93125e-07
0.00183584
7.93113e-07
-1.33098e-07
2.49366e-05
-1.42429e-07
1.1896e-08
-3.63874e-10
1.18954e-08
0.00183581
2.49358e-05
-1.33093e-07
7.93073e-07
0.0018358
7.93069e-07
-1.33091e-07
2.49349e-05
-1.42412e-07
1.18948e-08
-3.63806e-10
1.18947e-08
0.00183581
2.4935e-05
-1.3309e-07
7.93077e-07
-0.268902
-0.228381
-0.152961
-0.0817444
-0.0223872
0.0536042
-0.0817441
-0.022387
0.0536042
-0.268902
-0.22838
-0.152961
0.151196
0.0593355
-0.0473524
0.197445
0.2163
0.228187
0.226174
0.194852
0.134672
0.176164
0.207937
0.22618
0.176164
0.207937
0.226179
0.226175
0.194852
0.134672
0.197446
0.2163
0.228187
0.151197
0.059336
-0.047352
0.212705
0.229309
0.209967
0.181806
0.162767
0.138837
0.223792
0.194051
0.149696
0.0732565
0.116472
0.165348
0.0496079
0.0392364
0.0292469
0.0346814
0.0623571
0.101008
0.00789738
0.0130332
0.0200167
0.00897232
0.0185555
0.0348974
0.0582684
0.083083
0.110358
0.134634
0.0951614
0.0613491
0.0369068
0.0220546
0.0121247
0.0369068
0.0220545
0.0121247
0.134634
0.0951614
0.061349
0.00429178
0.00222035
0.00106155
0.00113837
0.00270266
0.00587908
6.61827e-05
0.000177853
0.000445314
6.61826e-05
0.000177853
0.000445313
0.00113837
0.00270266
0.00587907
0.00429176
0.00222034
0.00106154
0.00897228
0.0185555
0.0348973
0.223792
0.19405
0.149696
0.181806
0.162767
0.138836
0.212705
0.229309
0.209966
0.0582683
0.0830828
0.110358
0.00789734
0.0130331
0.0200166
0.0346812
0.0623569
0.101008
0.0496075
0.0392361
0.0292467
0.073256
0.116471
0.165348
-0.081744
-0.0223867
0.0536046
-0.0817444
-0.022387
0.0536045
-0.268902
-0.228381
-0.152961
0.197446
0.2163
0.228187
0.226175
0.194852
0.134672
0.176164
0.207937
0.226179
0.176164
0.207937
0.226179
0.226175
0.194852
0.134672
0.197445
0.2163
0.228187
0.151196
0.0593354
-0.0473526
0.181805
0.162767
0.138836
0.223792
0.19405
0.149696
0.0496075
0.0392361
0.0292467
0.0346811
0.0623568
0.101008
0.00789735
0.0130331
0.0200166
0.0089723
0.0185555
0.0348973
0.0582682
0.0830828
0.110358
0.134634
0.0951613
0.061349
0.0369068
0.0220546
0.0121247
0.0369069
0.0220546
0.0121247
0.134634
0.0951614
0.0613491
0.00429178
0.00222036
0.00106155
0.00113838
0.00270268
0.00587911
6.6184e-05
0.000177856
0.000445319
6.61841e-05
0.000177856
0.00044532
0.00113839
0.00270269
0.00587911
0.00429181
0.00222037
0.00106156
0.00897236
0.0185556
0.0348975
0.223792
0.194051
0.149696
0.181806
0.162768
0.138837
0.212705
0.229309
0.209967
0.0582684
0.083083
0.110359
0.00789742
0.0130333
0.0200168
0.0346814
0.0623572
0.101008
0.049608
0.0392365
0.0292469
0.0732566
0.116472
0.165348
-0.0817446
-0.0223877
0.0536035
-0.0817446
-0.0223877
0.0536035
-0.268902
-0.228381
-0.152961
0.197445
0.2163
0.228187
0.226174
0.194851
0.134671
0.176165
0.207937
0.22618
0.176165
0.207937
0.22618
0.226174
0.194851
0.134671
0.197445
0.2163
0.228187
0.151196
0.0593354
-0.0473526
0.181806
0.162768
0.138837
0.223792
0.194051
0.149697
0.0496081
0.0392366
0.0292471
0.0346817
0.0623576
0.101009
0.00789754
0.0130334
0.020017
0.00897251
0.0185559
0.0348979
0.058269
0.0830837
0.110359
0.134635
0.0951623
0.0613498
0.0369074
0.022055
0.0121249
0.0369074
0.022055
0.0121249
0.134635
0.0951623
0.0613498
0.00429189
0.00222042
0.00106159
0.00113842
0.00270275
0.00587924
6.61864e-05
0.000177862
0.000445333
6.61864e-05
0.000177862
0.000445333
0.00113842
0.00270275
0.00587924
0.00429189
0.00222042
0.00106159
0.00897251
0.0185559
0.0348979
0.223792
0.194051
0.149697
0.181806
0.162768
0.138837
0.212705
0.229309
0.209967
0.058269
0.0830837
0.110359
0.00789754
0.0130334
0.020017
0.0346817
0.0623576
0.101009
0.0496081
0.0392366
0.0292471
0.0732566
0.116472
0.165348
-0.0817444
-0.022387
0.0536044
-0.081744
-0.0223868
0.0536045
-0.268902
-0.22838
-0.152961
0.197445
0.2163
0.228187
0.226174
0.194852
0.134672
0.176165
0.207937
0.22618
0.176165
0.207937
0.226179
0.226175
0.194852
0.134672
0.197446
0.2163
0.228187
0.151197
0.059336
-0.047352
0.181806
0.162768
0.138837
0.223792
0.194051
0.149696
0.049608
0.0392366
0.029247
0.0346815
0.0623574
0.101008
0.00789748
0.0130333
0.0200169
0.00897244
0.0185557
0.0348977
0.0582687
0.0830833
0.110359
0.134635
0.0951617
0.0613494
0.0369071
0.0220548
0.0121248
0.036907
0.0220548
0.0121248
0.134635
0.0951616
0.0613493
0.00429185
0.0022204
0.00106158
0.00113841
0.00270272
0.00587918
6.6186e-05
0.00017786
0.000445329
6.61859e-05
0.00017786
0.000445328
0.0011384
0.00270272
0.00587918
0.00429183
0.00222039
0.00106157
0.00897239
0.0185556
0.0348976
0.223792
0.19405
0.149696
0.181805
0.162767
0.138836
0.212705
0.229309
0.209966
0.0582685
0.083083
0.110358
0.00789743
0.0130332
0.0200167
0.0346813
0.062357
0.101008
0.0496075
0.0392362
0.0292468
0.073256
0.116471
0.165348
-0.0817441
-0.022387
0.0536042
-0.0817444
-0.0223872
0.0536042
0.197446
0.2163
0.228187
0.226175
0.194852
0.134672
0.176164
0.207937
0.226179
0.176164
0.207937
0.22618
0.226174
0.194852
0.134672
0.197445
0.2163
0.228187
0.181806
0.162767
0.138836
0.223792
0.19405
0.149696
0.0496075
0.0392361
0.0292467
0.0346812
0.0623569
0.101008
0.00789734
0.0130331
0.0200166
0.00897228
0.0185555
0.0348973
0.0582683
0.0830828
0.110358
0.134634
0.0951614
0.061349
0.0369068
0.0220545
0.0121247
0.0369068
0.0220546
0.0121247
0.134634
0.0951614
0.0613491
0.00429176
0.00222034
0.00106154
0.00113837
0.00270266
0.00587907
6.61826e-05
0.000177853
0.000445313
6.61827e-05
0.000177853
0.000445314
0.00113837
0.00270266
0.00587908
0.00429178
0.00222035
0.00106155
0.00897232
0.0185555
0.0348974
0.223792
0.194051
0.149696
0.181806
0.162767
0.138837
0.0582684
0.083083
0.110358
0.00789738
0.0130332
0.0200167
0.0346814
0.0623571
0.101008
0.0496079
0.0392364
0.0292469
0.0399202
0.0201416
0.00915435
0.00496825
0.00352303
0.00234317
0.0167127
0.00753421
0.00307463
0.000437814
0.00131437
0.00356369
0.000190762
0.000123839
7.24923e-05
0.000106455
0.000355346
0.00106968
1.01306e-05
1.99298e-05
4.03994e-05
1.34061e-05
4.85175e-05
0.000166091
0.000432745
0.000811872
0.00141032
0.00375801
0.00149188
0.000538744
0.000125011
3.24518e-05
8.89424e-06
2.69125e-06
2.54437e-06
1.4737e-06
2.69809e-05
6.67343e-06
1.40515e-06
-1.84732e-07
5.59241e-07
1.25028e-06
6.18433e-14
2.61216e-14
9.97893e-15
3.92352e-08
4.71351e-08
2.67556e-07
2.83215e-16
1.00764e-15
3.24242e-15
-7.72639e-08
6.41159e-08
-7.93541e-08
1.75126e-07
4.94415e-07
8.76679e-07
2.67849e-06
8.04726e-07
-4.78287e-08
7.18919e-09
1.05862e-07
4.84467e-10
1.09895e-07
5.45291e-08
3.79511e-09
3.74706e-06
1.90081e-06
3.26833e-07
6.65722e-17
1.52214e-17
3.14772e-18
4.09655e-08
-3.44318e-08
6.35897e-08
1.37e-20
9.00439e-20
5.35258e-19
1.14652e-09
-6.52156e-10
7.77137e-10
3.41327e-08
-3.32015e-08
7.44019e-08
8.33565e-08
-4.02908e-08
4.12936e-08
4.89398e-10
1.07663e-07
1.19899e-07
0.000206805
9.29198e-05
3.97079e-05
0.000414434
0.000143639
4.61653e-05
4.48697e-07
3.56384e-06
1.17848e-05
-1.87639e-08
1.65506e-07
3.0018e-07
1.3324e-06
5.39544e-06
1.38819e-05
2.02964e-05
6.75764e-06
1.3673e-06
2.31704e-07
2.58159e-07
-5.30551e-08
2.31704e-07
2.58158e-07
-5.30546e-08
2.02964e-05
6.75763e-06
1.3673e-06
8.21306e-08
-4.88361e-08
5.90796e-08
6.51789e-08
-5.87689e-08
1.20326e-07
4.98646e-09
-7.46357e-09
1.33172e-08
4.98644e-09
-7.46354e-09
1.33171e-08
6.51789e-08
-5.87691e-08
1.20326e-07
8.21308e-08
-4.88362e-08
5.90797e-08
-1.87631e-08
1.65505e-07
3.0018e-07
9.8111e-09
-6.98875e-09
4.0751e-09
9.69401e-09
-5.19979e-09
3.0387e-09
1.68532e-21
2.08594e-22
2.33506e-23
-4.19597e-09
3.53416e-09
-6.78864e-09
1.55856e-26
1.89234e-25
2.07802e-24
-5.7481e-10
4.90415e-10
-8.03746e-10
-4.38402e-09
3.98267e-09
-7.41827e-09
-8.60011e-09
4.54181e-09
-4.81289e-09
-9.98761e-10
5.71052e-10
-4.53951e-10
-9.98758e-10
5.71051e-10
-4.5395e-10
-8.60011e-09
4.54181e-09
-4.81288e-09
1.00338e-27
6.72271e-29
4.07378e-30
2.37768e-10
-1.98328e-10
3.86795e-10
4.16985e-34
9.35274e-33
1.89729e-31
4.16986e-34
9.35276e-33
1.8973e-31
2.37768e-10
-1.98327e-10
3.86795e-10
1.00339e-27
6.72275e-29
4.0738e-30
-5.74804e-10
4.90411e-10
-8.03739e-10
9.69384e-09
-5.19969e-09
3.0386e-09
9.81097e-09
-6.98866e-09
4.07499e-09
8.33566e-08
-4.02908e-08
4.12935e-08
-4.38402e-09
3.98266e-09
-7.41825e-09
1.55857e-26
1.89235e-25
2.07803e-24
-4.19596e-09
3.53416e-09
-6.78863e-09
1.68532e-21
2.08594e-22
2.33507e-23
1.14643e-09
-6.52078e-10
7.76988e-10
0.0167126
0.00753415
0.00307461
0.0049682
0.00352299
0.00234315
0.0399198
0.0201414
0.00915425
0.00375799
0.00149187
0.000538741
0.000432742
0.000811865
0.00141031
1.3406e-05
4.85171e-05
0.00016609
1.01305e-05
1.99296e-05
4.0399e-05
0.000106454
0.000355343
0.00106967
0.00019076
0.000123837
7.24914e-05
0.000437808
0.00131435
0.00356365
0.000414433
0.000143639
4.61651e-05
0.000206804
9.29193e-05
3.97077e-05
1.3324e-06
5.39542e-06
1.38818e-05
4.90259e-10
1.07662e-07
1.19901e-07
4.48693e-07
3.56382e-06
1.17847e-05
3.74703e-06
1.9008e-06
3.26829e-07
1.09896e-07
5.45281e-08
3.79597e-09
7.19006e-09
1.05861e-07
4.85038e-10
2.67847e-06
8.04722e-07
-4.78304e-08
3.41326e-08
-3.32015e-08
7.44019e-08
1.37e-20
9.00439e-20
5.35258e-19
4.09654e-08
-3.44318e-08
6.35897e-08
6.65718e-17
1.52214e-17
3.14771e-18
-7.72633e-08
6.41154e-08
-7.93535e-08
2.69806e-05
6.67335e-06
1.40513e-06
2.69119e-06
2.54435e-06
1.47369e-06
0.000125009
3.24513e-05
8.89411e-06
1.75125e-07
4.94415e-07
8.76673e-07
2.83213e-16
1.00763e-15
3.24237e-15
3.92348e-08
4.71346e-08
2.67553e-07
6.18417e-14
2.61211e-14
9.97875e-15
-1.84733e-07
5.59234e-07
1.25025e-06
0.0049682
0.00352299
0.00234315
0.0167126
0.00753415
0.00307461
0.00019076
0.000123837
7.24915e-05
0.000106455
0.000355343
0.00106967
1.01306e-05
1.99297e-05
4.03991e-05
1.34061e-05
4.85175e-05
0.000166091
0.000432744
0.000811868
0.00141031
0.003758
0.00149188
0.000538744
2.6912e-06
2.54436e-06
1.4737e-06
2.69806e-05
6.67337e-06
1.40514e-06
6.18418e-14
2.61211e-14
9.97879e-15
3.92337e-08
4.71355e-08
2.67553e-07
2.83217e-16
1.00764e-15
3.2424e-15
-7.7262e-08
6.41143e-08
-7.93512e-08
1.75124e-07
4.94419e-07
8.76674e-07
2.67849e-06
8.04731e-07
-4.78307e-08
7.1933e-09
1.0586e-07
4.87404e-10
1.09905e-07
5.45259e-08
3.79887e-09
3.74707e-06
1.90083e-06
3.26838e-07
6.65731e-17
1.52218e-17
3.14781e-18
4.09653e-08
-3.44317e-08
6.35895e-08
1.37008e-20
9.00482e-20
5.35279e-19
1.14608e-09
-6.51792e-10
7.76433e-10
3.41323e-08
-3.32014e-08
7.44019e-08
8.33571e-08
-4.0291e-08
4.12935e-08
4.9435e-10
1.07661e-07
1.19911e-07
0.000206805
9.29202e-05
3.97083e-05
0.000414438
0.000143641
4.61658e-05
4.48705e-07
3.56389e-06
1.17849e-05
-1.8757e-08
1.65503e-07
3.00204e-07
1.33244e-06
5.39555e-06
1.38821e-05
2.02969e-05
6.75783e-06
1.36734e-06
2.31732e-07
2.58157e-07
-5.30427e-08
2.31751e-07
2.58159e-07
-5.30414e-08
2.0297e-05
6.75795e-06
1.3674e-06
8.2133e-08
-4.88372e-08
5.90801e-08
6.51792e-08
-5.87696e-08
1.20328e-07
4.98546e-09
-7.46261e-09
1.33155e-08
4.98538e-09
-7.46252e-09
1.33153e-08
6.51792e-08
-5.87697e-08
1.20328e-07
8.21339e-08
-4.88376e-08
5.90803e-08
-1.87521e-08
1.65507e-07
3.0023e-07
9.81029e-09
-6.98815e-09
4.07442e-09
9.69242e-09
-5.19896e-09
3.03789e-09
1.68544e-21
2.08615e-22
2.33536e-23
-4.19592e-09
3.53413e-09
-6.78857e-09
1.5589e-26
1.89269e-25
2.07835e-24
-5.74748e-10
4.90361e-10
-8.03644e-10
-4.38397e-09
3.98264e-09
-7.41823e-09
-8.60006e-09
4.54177e-09
-4.81282e-09
-9.98643e-10
5.70987e-10
-4.53886e-10
-9.98629e-10
5.70983e-10
-4.53882e-10
-8.60009e-09
4.54178e-09
-4.81283e-09
1.00363e-27
6.72458e-29
4.07504e-30
2.37765e-10
-1.98325e-10
3.8679e-10
4.17156e-34
9.35625e-33
1.89794e-31
4.17163e-34
9.3567e-33
1.89809e-31
2.37765e-10
-1.98326e-10
3.86792e-10
1.0038e-27
6.7255e-29
4.07549e-30
-5.7473e-10
4.90348e-10
-8.03621e-10
9.69201e-09
-5.1987e-09
3.03761e-09
9.80984e-09
-6.98785e-09
4.07408e-09
8.33574e-08
-4.02907e-08
4.12931e-08
-4.38398e-09
3.98266e-09
-7.41824e-09
1.55919e-26
1.89309e-25
2.07884e-24
-4.1959e-09
3.53413e-09
-6.78857e-09
1.68595e-21
2.08673e-22
2.33597e-23
1.14554e-09
-6.51345e-10
7.75617e-10
0.0167128
0.00753426
0.00307466
0.00496828
0.00352305
0.00234319
0.0399203
0.0201417
0.00915438
0.00375804
0.0014919
0.000538756
0.000432755
0.000811885
0.00141034
1.34067e-05
4.85193e-05
0.000166096
1.0131e-05
1.99305e-05
4.04005e-05
0.000106458
0.000355352
0.00106969
0.000190764
0.00012384
7.24937e-05
0.000437816
0.00131438
0.00356371
0.000414441
0.000143643
4.6167e-05
0.00020681
9.29229e-05
3.97095e-05
1.3325e-06
5.39574e-06
1.38825e-05
4.99113e-10
1.07663e-07
1.19932e-07
4.48753e-07
3.56405e-06
1.17854e-05
3.74728e-06
1.90093e-06
3.2688e-07
1.09923e-07
5.45253e-08
3.80294e-09
7.20052e-09
1.05857e-07
4.91499e-10
2.67864e-06
8.04774e-07
-4.78227e-08
3.41316e-08
-3.3201e-08
7.44011e-08
1.37048e-20
9.00719e-20
5.35405e-19
4.09649e-08
-3.44313e-08
6.35891e-08
6.65837e-17
1.52246e-17
3.14846e-18
-7.72586e-08
6.41119e-08
-7.93446e-08
2.69816e-05
6.67363e-06
1.4052e-06
2.69129e-06
2.54441e-06
1.47375e-06
0.000125011
3.2452e-05
8.89429e-06
1.75126e-07
4.94436e-07
8.76691e-07
2.83255e-16
1.00775e-15
3.24271e-15
3.92308e-08
4.71407e-08
2.67562e-07
6.18445e-14
2.61227e-14
9.97956e-15
-1.84728e-07
5.5924e-07
1.25029e-06
0.00496829
0.00352307
0.00234321
0.016713
0.00753432
0.00307469
0.000190764
0.000123841
7.24944e-05
0.000106459
0.000355356
0.0010697
1.01313e-05
1.99309e-05
4.04011e-05
1.3407e-05
4.85205e-05
0.000166099
0.000432763
0.000811898
0.00141036
0.00375811
0.00149193
0.000538767
2.69128e-06
2.54441e-06
1.47377e-06
2.6982e-05
6.67371e-06
1.40523e-06
6.18448e-14
2.6123e-14
9.97977e-15
3.9228e-08
4.71442e-08
2.67563e-07
2.83271e-16
1.0078e-15
3.24281e-15
-7.72571e-08
6.41107e-08
-7.93415e-08
1.75126e-07
4.94447e-07
8.76689e-07
2.67873e-06
8.04798e-07
-4.78193e-08
7.20804e-09
1.05855e-07
4.95086e-10
1.09935e-07
5.45245e-08
3.80557e-09
3.7474e-06
1.90099e-06
3.26908e-07
6.65882e-17
1.52258e-17
3.14876e-18
4.09648e-08
-3.44312e-08
6.35888e-08
1.37067e-20
9.00831e-20
5.35464e-19
1.14513e-09
-6.51007e-10
7.75028e-10
3.41309e-08
-3.32004e-08
7.44004e-08
8.33566e-08
-4.029e-08
4.12923e-08
5.02525e-10
1.07664e-07
1.19947e-07
0.000206815
9.29256e-05
3.97108e-05
0.000414453
0.000143648
4.61686e-05
4.48792e-07
3.56419e-06
1.17859e-05
-1.87486e-08
1.65511e-07
3.00257e-07
1.33259e-06
5.39596e-06
1.38831e-05
2.02978e-05
6.75823e-06
1.36749e-06
2.31786e-07
2.58164e-07
-5.30339e-08
2.31787e-07
2.58164e-07
-5.30335e-08
2.02978e-05
6.75823e-06
1.36749e-06
8.21333e-08
-4.88368e-08
5.90793e-08
6.5178e-08
-5.87686e-08
1.20327e-07
4.98479e-09
-7.46192e-09
1.33142e-08
4.98477e-09
-7.46189e-09
1.33141e-08
6.51781e-08
-5.87687e-08
1.20328e-07
8.21337e-08
-4.8837e-08
5.90794e-08
-1.87479e-08
1.65511e-07
3.00259e-07
9.80914e-09
-6.9874e-09
4.07363e-09
9.69109e-09
-5.19821e-09
3.03715e-09
1.6862e-21
2.08706e-22
2.33635e-23
-4.19584e-09
3.53408e-09
-6.78847e-09
1.55948e-26
1.89343e-25
2.0792e-24
-5.74693e-10
4.90315e-10
-8.03561e-10
-4.3839e-09
3.9826e-09
-7.41813e-09
-8.59997e-09
4.54172e-09
-4.81274e-09
-9.98561e-10
5.70943e-10
-4.53842e-10
-9.98555e-10
5.7094e-10
-4.5384e-10
-8.59998e-09
4.54173e-09
-4.81275e-09
1.00399e-27
6.72681e-29
4.07631e-30
2.37765e-10
-1.98326e-10
3.86791e-10
4.17255e-34
9.35871e-33
1.89848e-31
4.17255e-34
9.35871e-33
1.89848e-31
2.37767e-10
-1.98327e-10
3.86792e-10
1.00399e-27
6.72683e-29
4.07632e-30
-5.74684e-10
4.90309e-10
-8.03552e-10
9.69094e-09
-5.19813e-09
3.03706e-09
9.80906e-09
-6.98733e-09
4.07354e-09
8.33567e-08
-4.029e-08
4.12923e-08
-4.38391e-09
3.98261e-09
-7.41815e-09
1.55949e-26
1.89344e-25
2.07921e-24
-4.19586e-09
3.53409e-09
-6.7885e-09
1.68623e-21
2.08709e-22
2.33638e-23
1.14511e-09
-6.50984e-10
7.74976e-10
0.016713
0.00753433
0.00307469
0.00496829
0.00352307
0.00234321
0.0399203
0.0201417
0.00915438
0.00375811
0.00149193
0.000538768
0.000432764
0.000811899
0.00141036
1.34071e-05
4.85206e-05
0.0001661
1.01313e-05
1.9931e-05
4.04012e-05
0.000106459
0.000355357
0.0010697
0.000190764
0.000123841
7.24946e-05
0.000437816
0.00131438
0.00356371
0.000414453
0.000143648
4.61686e-05
0.000206816
9.29258e-05
3.97108e-05
1.33259e-06
5.39596e-06
1.38831e-05
5.02903e-10
1.07664e-07
1.19948e-07
4.48795e-07
3.56419e-06
1.17859e-05
3.74742e-06
1.901e-06
3.2691e-07
1.09937e-07
5.45244e-08
3.8059e-09
7.20826e-09
1.05854e-07
4.95182e-10
2.67874e-06
8.04801e-07
-4.78186e-08
3.41309e-08
-3.32004e-08
7.44004e-08
1.3707e-20
9.00847e-20
5.35473e-19
4.09647e-08
-3.44311e-08
6.35887e-08
6.65892e-17
1.5226e-17
3.14881e-18
-7.72567e-08
6.41106e-08
-7.93411e-08
2.6982e-05
6.67373e-06
1.40524e-06
2.69128e-06
2.54441e-06
1.47377e-06
0.000125011
3.2452e-05
8.89429e-06
1.75126e-07
4.94448e-07
8.76691e-07
2.83274e-16
1.00781e-15
3.24284e-15
3.92278e-08
4.71445e-08
2.67564e-07
6.18448e-14
2.61231e-14
9.97984e-15
-1.84727e-07
5.59239e-07
1.25029e-06
0.00496828
0.00352306
0.0023432
0.0167129
0.00753428
0.00307467
0.000190764
0.00012384
7.24939e-05
0.000106458
0.000355353
0.0010697
1.01311e-05
1.99306e-05
4.04007e-05
1.34068e-05
4.85197e-05
0.000166097
0.000432758
0.00081189
0.00141035
0.00375808
0.00149192
0.000538761
2.69128e-06
2.54441e-06
1.47375e-06
2.69816e-05
6.67364e-06
1.40521e-06
6.18445e-14
2.61227e-14
9.97956e-15
3.92304e-08
4.71411e-08
2.67562e-07
2.83255e-16
1.00775e-15
3.24271e-15
-7.72582e-08
6.41116e-08
-7.9344e-08
1.75125e-07
4.94438e-07
8.76689e-07
2.67866e-06
8.04779e-07
-4.78221e-08
7.20215e-09
1.05856e-07
4.92445e-10
1.09927e-07
5.45244e-08
3.80412e-09
3.74731e-06
1.90095e-06
3.26886e-07
6.65837e-17
1.52246e-17
3.14846e-18
4.09649e-08
-3.44313e-08
6.3589e-08
1.37048e-20
9.00719e-20
5.35405e-19
1.14542e-09
-6.51241e-10
7.75416e-10
3.41316e-08
-3.3201e-08
7.44013e-08
8.33575e-08
-4.02907e-08
4.1293e-08
5.01314e-10
1.07662e-07
1.19937e-07
0.000206813
9.29241e-05
3.97101e-05
0.000414449
0.000143646
4.61678e-05
4.48764e-07
3.5641e-06
1.17856e-05
-1.87493e-08
1.65507e-07
3.00245e-07
1.33254e-06
5.39585e-06
1.38828e-05
2.02976e-05
6.75815e-06
1.36744e-06
2.31768e-07
2.58159e-07
-5.3038e-08
2.31748e-07
2.58159e-07
-5.30399e-08
2.02975e-05
6.75803e-06
1.36739e-06
8.21342e-08
-4.88377e-08
5.90803e-08
6.51792e-08
-5.87697e-08
1.20329e-07
4.98528e-09
-7.46241e-09
1.3315e-08
4.9854e-09
-7.46255e-09
1.33154e-08
6.5179e-08
-5.87695e-08
1.20328e-07
8.21329e-08
-4.88372e-08
5.90801e-08
-1.87555e-08
1.65505e-07
3.00218e-07
9.80958e-09
-6.98771e-09
4.07394e-09
9.69174e-09
-5.19857e-09
3.03747e-09
1.68595e-21
2.08673e-22
2.33597e-23
-4.19591e-09
3.53413e-09
-6.78858e-09
1.55919e-26
1.89309e-25
2.07884e-24
-5.74724e-10
4.90343e-10
-8.03613e-10
-4.38398e-09
3.98267e-09
-7.41824e-09
-8.60009e-09
4.54179e-09
-4.81283e-09
-9.98623e-10
5.7098e-10
-4.5388e-10
-9.98645e-10
5.70988e-10
-4.53886e-10
-8.60004e-09
4.54177e-09
-4.81282e-09
1.0038e-27
6.7255e-29
4.07549e-30
2.37766e-10
-1.98327e-10
3.86793e-10
4.17163e-34
9.3567e-33
1.89809e-31
4.17156e-34
9.35625e-33
1.89794e-31
2.37765e-10
-1.98325e-10
3.8679e-10
1.00363e-27
6.72458e-29
4.07504e-30
-5.74751e-10
4.90364e-10
-8.03648e-10
9.69237e-09
-5.19895e-09
3.03789e-09
9.81035e-09
-6.98819e-09
4.07447e-09
8.33566e-08
-4.02906e-08
4.12932e-08
-4.38397e-09
3.98264e-09
-7.41822e-09
1.5589e-26
1.89269e-25
2.07835e-24
-4.1959e-09
3.53411e-09
-6.78853e-09
1.68544e-21
2.08615e-22
2.33536e-23
1.14613e-09
-6.51832e-10
7.76498e-10
0.0167127
0.00753418
0.00307462
0.0049682
0.003523
0.00234316
0.0399198
0.0201414
0.00915425
0.00375805
0.0014919
0.00053875
0.000432749
0.000811874
0.00141032
1.34062e-05
4.8518e-05
0.000166093
1.01307e-05
1.99298e-05
4.03993e-05
0.000106455
0.000355345
0.00106967
0.00019076
0.000123837
7.24917e-05
0.000437808
0.00131435
0.00356365
0.000414446
0.000143644
4.61666e-05
0.000206808
9.29216e-05
3.97089e-05
1.33248e-06
5.39567e-06
1.38823e-05
4.95196e-10
1.07661e-07
1.19916e-07
4.48719e-07
3.56395e-06
1.17851e-05
3.74711e-06
1.90085e-06
3.26847e-07
1.09908e-07
5.4526e-08
3.79903e-09
7.19418e-09
1.0586e-07
4.87704e-10
2.67852e-06
8.04736e-07
-4.78294e-08
3.41321e-08
-3.32011e-08
7.44015e-08
1.37008e-20
9.00482e-20
5.35279e-19
4.0965e-08
-3.44314e-08
6.3589e-08
6.65731e-17
1.52218e-17
3.14781e-18
-7.72618e-08
6.41143e-08
-7.9351e-08
2.69807e-05
6.67339e-06
1.40514e-06
2.69119e-06
2.54435e-06
1.4737e-06
0.000125009
3.24513e-05
8.89411e-06
1.75125e-07
4.9442e-07
8.76674e-07
2.83217e-16
1.00764e-15
3.2424e-15
3.92333e-08
4.7136e-08
2.67553e-07
6.18418e-14
2.61211e-14
9.97879e-15
-1.84732e-07
5.59234e-07
1.25025e-06
0.0049682
0.00352299
0.00234315
0.0167126
0.00753415
0.00307461
0.00019076
0.000123837
7.24914e-05
0.000106454
0.000355343
0.00106967
1.01305e-05
1.99296e-05
4.0399e-05
1.3406e-05
4.85171e-05
0.00016609
0.000432742
0.000811865
0.00141031
0.00375799
0.00149187
0.000538741
2.69119e-06
2.54435e-06
1.47369e-06
2.69806e-05
6.67335e-06
1.40513e-06
6.18417e-14
2.61211e-14
9.97875e-15
3.92346e-08
4.71347e-08
2.67553e-07
2.83213e-16
1.00763e-15
3.24237e-15
-7.72632e-08
6.41153e-08
-7.93534e-08
1.75125e-07
4.94415e-07
8.76674e-07
2.67847e-06
8.04722e-07
-4.783e-08
7.19018e-09
1.05861e-07
4.85006e-10
1.09896e-07
5.45281e-08
3.79592e-09
3.74704e-06
1.9008e-06
3.2683e-07
6.65718e-17
1.52214e-17
3.14771e-18
4.09653e-08
-3.44317e-08
6.35895e-08
1.37e-20
9.00439e-20
5.35258e-19
1.14644e-09
-6.52091e-10
7.7701e-10
3.41325e-08
-3.32014e-08
7.44017e-08
8.33564e-08
-4.02907e-08
4.12934e-08
4.90229e-10
1.07662e-07
1.19901e-07
0.000206804
9.29193e-05
3.97077e-05
0.000414433
0.000143639
4.61651e-05
4.48693e-07
3.56382e-06
1.17847e-05
-1.8763e-08
1.65505e-07
3.0018e-07
1.3324e-06
5.39542e-06
1.38818e-05
2.02964e-05
6.75763e-06
1.3673e-06
2.31704e-07
2.58158e-07
-5.30545e-08
2.31704e-07
2.58158e-07
-5.30549e-08
2.02964e-05
6.75764e-06
1.3673e-06
8.21307e-08
-4.88362e-08
5.90796e-08
6.51788e-08
-5.8769e-08
1.20326e-07
4.98644e-09
-7.46354e-09
1.33171e-08
4.98645e-09
-7.46355e-09
1.33172e-08
6.51788e-08
-5.87689e-08
1.20326e-07
8.21306e-08
-4.88361e-08
5.90796e-08
-1.87638e-08
1.65506e-07
3.0018e-07
9.81099e-09
-6.98867e-09
4.075e-09
9.69384e-09
-5.1997e-09
3.03861e-09
1.68532e-21
2.08594e-22
2.33507e-23
-4.19595e-09
3.53415e-09
-6.78862e-09
1.55857e-26
1.89235e-25
2.07803e-24
-5.74805e-10
4.90411e-10
-8.03739e-10
-4.38401e-09
3.98266e-09
-7.41824e-09
-8.6001e-09
4.5418e-09
-4.81288e-09
-9.98757e-10
5.71051e-10
-4.5395e-10
-9.98759e-10
5.71052e-10
-4.5395e-10
-8.6001e-09
4.5418e-09
-4.81288e-09
1.00339e-27
6.72275e-29
4.0738e-30
2.37768e-10
-1.98327e-10
3.86795e-10
4.16986e-34
9.35276e-33
1.8973e-31
4.16985e-34
9.35274e-33
1.89729e-31
2.37768e-10
-1.98327e-10
3.86795e-10
1.00338e-27
6.72271e-29
4.07378e-30
-5.74809e-10
4.90414e-10
-8.03745e-10
9.694e-09
-5.19978e-09
3.03869e-09
9.81109e-09
-6.98873e-09
4.07509e-09
8.33565e-08
-4.02908e-08
4.12936e-08
-4.38402e-09
3.98267e-09
-7.41827e-09
1.55856e-26
1.89234e-25
2.07802e-24
-4.19597e-09
3.53416e-09
-6.78864e-09
1.68532e-21
2.08594e-22
2.33506e-23
1.14652e-09
-6.52155e-10
7.77135e-10
0.0167127
0.00753421
0.00307463
0.00496825
0.00352303
0.00234317
0.00375801
0.00149188
0.000538744
0.000432745
0.000811872
0.00141032
1.34061e-05
4.85175e-05
0.000166091
1.01306e-05
1.99298e-05
4.03994e-05
0.000106455
0.000355346
0.00106968
0.000190762
0.000123839
7.24923e-05
0.000414434
0.000143639
4.61653e-05
0.000206805
9.29198e-05
3.97079e-05
1.3324e-06
5.39544e-06
1.38819e-05
4.89432e-10
1.07663e-07
1.19899e-07
4.48697e-07
3.56384e-06
1.17848e-05
3.74706e-06
1.90081e-06
3.26833e-07
1.09895e-07
5.45291e-08
3.79512e-09
7.18912e-09
1.05862e-07
4.84479e-10
2.67849e-06
8.04726e-07
-4.78287e-08
3.41327e-08
-3.32015e-08
7.44019e-08
1.37e-20
9.00439e-20
5.35258e-19
4.09655e-08
-3.44318e-08
6.35897e-08
6.65722e-17
1.52214e-17
3.14772e-18
-7.7264e-08
6.41159e-08
-7.93541e-08
2.69809e-05
6.67343e-06
1.40515e-06
2.69125e-06
2.54437e-06
1.4737e-06
1.75126e-07
4.94415e-07
8.76679e-07
2.83215e-16
1.00764e-15
3.24242e-15
3.92352e-08
4.71351e-08
2.67556e-07
6.18433e-14
2.61216e-14
9.97893e-15
-0.259904
-0.213452
-0.133618
-0.213452
-0.157942
-0.0738241
-0.133617
-0.073824
0.00727321
-0.026226
0.0784974
0.165034
0.0305307
0.124342
0.193928
0.0989416
0.172686
0.218251
0.16712
0.212474
0.229408
0.212474
0.229061
0.221122
0.229408
0.221122
0.195183
-0.0262257
0.0305309
0.0989417
0.0784979
0.124342
0.172687
0.165035
0.193929
0.218251
0.218752
0.228191
0.203708
0.22773
0.221263
0.187017
0.228364
0.205887
0.163996
0.156795
0.108278
0.0668402
0.137086
0.0908069
0.0539221
0.113944
0.0721208
0.0410572
0.0880194
0.0529705
0.028773
0.0644715
0.0369437
0.0191722
0.0439949
0.0240039
0.0118929
0.215466
0.179838
0.134366
0.189944
0.147949
0.10412
0.154962
0.11313
0.0751354
0.114233
0.0782528
0.0490076
0.0782528
0.0506591
0.0300828
0.0490076
0.0300828
0.0169755
0.0270923
0.0140389
0.00662598
0.0157672
0.00778939
0.00351046
0.00845181
0.00398277
0.00171606
0.00398997
0.00179249
0.000735836
0.00179249
0.000769061
0.000302981
0.000735835
0.000302981
0.000113661
0.0270922
0.0157672
0.0084518
0.0140389
0.00778937
0.00398277
0.00662596
0.00351045
0.00171605
0.218752
0.22773
0.228364
0.228191
0.221263
0.205887
0.203708
0.187017
0.163996
0.215466
0.189944
0.154962
0.179838
0.147949
0.11313
0.134366
0.10412
0.0751353
0.0880192
0.0644713
0.0439948
0.0529703
0.0369436
0.0240039
0.0287729
0.0191722
0.0118929
0.156795
0.137086
0.113944
0.108277
0.0908065
0.0721205
0.0668398
0.0539218
0.0410569
-0.259904
-0.213452
-0.133617
-0.213452
-0.157942
-0.0738237
-0.133618
-0.0738239
0.00727357
-0.0262255
0.078498
0.165035
0.0305313
0.124343
0.193929
0.0989421
0.172687
0.218251
0.16712
0.212475
0.229408
0.212475
0.229061
0.221122
0.229408
0.221122
0.195182
-0.026226
0.0305309
0.0989419
0.0784974
0.124342
0.172687
0.165034
0.193929
0.218251
0.218753
0.228191
0.203708
0.22773
0.221263
0.187017
0.228364
0.205887
0.163996
0.156795
0.108277
0.0668397
0.137086
0.0908064
0.0539217
0.113944
0.0721205
0.0410569
0.0880191
0.0529702
0.0287729
0.0644713
0.0369436
0.0191722
0.0439948
0.0240039
0.0118929
0.215466
0.179838
0.134366
0.189944
0.147949
0.10412
0.154962
0.11313
0.0751352
0.114233
0.0782528
0.0490076
0.0782528
0.0506591
0.0300828
0.0490077
0.0300829
0.0169756
0.0270922
0.0140389
0.00662598
0.0157672
0.0077894
0.00351047
0.00845184
0.00398279
0.00171607
0.00398999
0.00179251
0.000735843
0.00179251
0.00076907
0.000302986
0.000735845
0.000302986
0.000113663
0.0270923
0.0157673
0.00845185
0.014039
0.00778943
0.0039828
0.00662602
0.00351049
0.00171608
0.218752
0.22773
0.228364
0.228191
0.221263
0.205887
0.203708
0.187017
0.163996
0.215466
0.189944
0.154962
0.179838
0.147949
0.11313
0.134366
0.10412
0.0751354
0.0880195
0.0644716
0.043995
0.0529706
0.0369438
0.024004
0.0287731
0.0191723
0.011893
0.156795
0.137086
0.113944
0.108278
0.090807
0.0721209
0.0668403
0.0539222
0.0410573
-0.259904
-0.213452
-0.133618
-0.213452
-0.157943
-0.0738245
-0.133618
-0.0738245
0.00727256
-0.0262263
0.0784971
0.165034
0.0305302
0.124342
0.193928
0.0989409
0.172686
0.21825
0.167119
0.212474
0.229408
0.212474
0.229061
0.221123
0.229408
0.221123
0.195183
-0.0262263
0.0305302
0.0989409
0.0784971
0.124342
0.172686
0.165034
0.193928
0.21825
0.218752
0.228191
0.203708
0.22773
0.221263
0.187018
0.228364
0.205888
0.163997
0.156795
0.108278
0.0668404
0.137086
0.0908073
0.0539224
0.113945
0.0721213
0.0410575
0.08802
0.052971
0.0287733
0.0644721
0.0369442
0.0191725
0.0439955
0.0240043
0.0118932
0.215466
0.179839
0.134367
0.189945
0.14795
0.104121
0.154963
0.113131
0.0751361
0.114234
0.0782536
0.0490083
0.0782536
0.0506598
0.0300833
0.0490083
0.0300833
0.0169759
0.0270927
0.0140392
0.00662614
0.0157676
0.00778958
0.00351056
0.00845202
0.00398289
0.00171612
0.00399009
0.00179255
0.000735865
0.00179255
0.000769092
0.000302995
0.000735865
0.000302995
0.000113667
0.0270927
0.0157676
0.00845202
0.0140392
0.00778958
0.00398289
0.00662614
0.00351056
0.00171612
0.218752
0.22773
0.228364
0.228191
0.221263
0.205888
0.203708
0.187018
0.163997
0.215466
0.189945
0.154963
0.179839
0.14795
0.113131
0.134367
0.104121
0.0751361
0.08802
0.0644721
0.0439955
0.052971
0.0369442
0.0240043
0.0287733
0.0191725
0.0118932
0.156795
0.137086
0.113945
0.108278
0.0908073
0.0721213
0.0668404
0.0539224
0.0410575
-0.259904
-0.213452
-0.133618
-0.213452
-0.157942
-0.0738239
-0.133617
-0.0738238
0.00727347
-0.0262261
0.0784974
0.165034
0.0305308
0.124342
0.193928
0.0989418
0.172687
0.218251
0.16712
0.212474
0.229408
0.212474
0.229061
0.221122
0.229408
0.221122
0.195183
-0.0262255
0.0305312
0.0989419
0.078498
0.124343
0.172687
0.165035
0.193929
0.218251
0.218752
0.228191
0.203708
0.22773
0.221263
0.187017
0.228364
0.205887
0.163996
0.156795
0.108278
0.0668404
0.137086
0.0908071
0.0539223
0.113945
0.0721211
0.0410573
0.0880197
0.0529707
0.0287732
0.0644718
0.036944
0.0191724
0.0439952
0.0240042
0.0118931
0.215466
0.179838
0.134367
0.189945
0.147949
0.10412
0.154962
0.113131
0.0751357
0.114233
0.0782531
0.0490079
0.0782531
0.0506594
0.0300831
0.0490078
0.030083
0.0169757
0.0270925
0.0140391
0.00662608
0.0157674
0.00778951
0.00351054
0.00845194
0.00398285
0.0017161
0.00399005
0.00179254
0.000735859
0.00179254
0.000769085
0.000302993
0.000735858
0.000302993
0.000113666
0.0270924
0.0157674
0.00845193
0.014039
0.00778949
0.00398284
0.00662605
0.00351052
0.0017161
0.218753
0.22773
0.228364
0.228191
0.221263
0.205887
0.203708
0.187017
0.163996
0.215466
0.189944
0.154962
0.179838
0.147949
0.113131
0.134366
0.10412
0.0751355
0.0880193
0.0644716
0.0439951
0.0529704
0.0369438
0.0240041
0.028773
0.0191723
0.011893
0.156795
0.137086
0.113944
0.108277
0.0908065
0.0721206
0.0668398
0.0539218
0.041057
-0.259904
-0.213452
-0.133617
-0.213452
-0.157942
-0.073824
-0.133618
-0.0738241
0.00727321
-0.0262257
0.0784979
0.165035
0.0305309
0.124342
0.193929
0.0989417
0.172687
0.218251
0.16712
0.212474
0.229408
0.212474
0.229061
0.221122
0.229408
0.221122
0.195183
-0.026226
0.0305307
0.0989416
0.0784974
0.124342
0.172686
0.165034
0.193928
0.218251
0.218752
0.228191
0.203708
0.22773
0.221263
0.187017
0.228364
0.205887
0.163996
0.156795
0.108277
0.0668398
0.137086
0.0908065
0.0539218
0.113944
0.0721205
0.0410569
0.0880192
0.0529703
0.0287729
0.0644713
0.0369436
0.0191722
0.0439948
0.0240039
0.0118929
0.215466
0.179838
0.134366
0.189944
0.147949
0.10412
0.154962
0.11313
0.0751353
0.114233
0.0782528
0.0490076
0.0782528
0.0506591
0.0300828
0.0490076
0.0300828
0.0169755
0.0270922
0.0140389
0.00662596
0.0157672
0.00778937
0.00351045
0.0084518
0.00398277
0.00171605
0.00398997
0.00179249
0.000735835
0.00179249
0.000769061
0.000302981
0.000735836
0.000302981
0.000113661
0.0270923
0.0157672
0.00845181
0.0140389
0.00778939
0.00398277
0.00662598
0.00351046
0.00171606
0.218752
0.22773
0.228364
0.228191
0.221263
0.205887
0.203708
0.187017
0.163996
0.215466
0.189944
0.154962
0.179838
0.147949
0.11313
0.134366
0.10412
0.0751354
0.0880194
0.0644715
0.0439949
0.0529705
0.0369437
0.0240039
0.028773
0.0191722
0.0118929
0.156795
0.137086
0.113944
0.108278
0.0908069
0.0721208
0.0668402
0.0539221
0.0410572
0.0357399
0.017714
0.00791776
0.027729
0.0132627
0.00572697
0.0202433
0.00932145
0.00387843
0.00302508
0.00109879
0.000358124
0.00211354
0.000740463
0.00023455
0.00137862
0.000466272
0.000142965
0.000814844
0.000264711
7.82869e-05
0.000459067
0.000143751
4.10663e-05
0.000240208
7.2391e-05
1.98207e-05
0.0135416
0.00597676
0.00238896
0.00861938
0.00365118
0.00140162
0.00510574
0.00207281
0.000764717
0.000100633
2.58546e-05
6.92924e-06
6.24718e-05
1.6361e-05
3.52637e-06
3.72608e-05
9.01704e-06
2.17102e-06
1.15618e-06
3.20393e-07
-1.82624e-08
5.07025e-07
2.66051e-07
-1.03974e-07
9.03903e-08
2.43938e-07
-1.74924e-07
1.31806e-07
6.44523e-08
-2.82198e-08
-3.55516e-08
8.31657e-08
-7.12888e-08
6.4169e-08
-1.09004e-08
2.38784e-08
1.89339e-05
4.93039e-06
7.53108e-07
9.8301e-06
2.26587e-06
4.56674e-07
4.33368e-06
1.1579e-06
8.81414e-08
2.01419e-06
3.42617e-07
1.40711e-07
6.03519e-07
2.35608e-07
-5.00902e-08
3.70477e-07
6.10502e-09
5.30507e-08
-6.52689e-09
1.30215e-08
-8.64836e-09
4.50341e-09
1.03615e-09
-7.50941e-10
-1.9267e-08
1.16608e-08
-1.23335e-08
-1.8399e-08
1.03889e-08
-1.2563e-08
8.74728e-09
-4.66056e-09
5.75403e-09
-7.10741e-09
3.94404e-09
-4.93251e-09
5.05489e-08
3.82291e-08
-2.45883e-08
4.51861e-08
-4.84893e-09
1.36701e-08
-1.84736e-08
1.55317e-08
-1.6047e-08
0.00270655
0.00105153
0.000370602
0.0013697
0.000509193
0.000172872
0.000638273
0.000228255
7.36703e-05
0.000111265
3.23959e-05
8.46758e-06
4.98367e-05
1.37934e-05
3.52538e-06
2.04548e-05
5.46606e-06
1.38724e-06
7.5726e-06
1.75501e-06
5.64034e-07
2.39963e-06
7.06979e-07
6.96704e-08
9.3652e-07
1.24945e-07
1.02646e-07
0.000261059
8.92709e-05
2.76714e-05
0.000102745
3.35645e-05
1.00234e-05
3.69427e-05
1.16292e-05
3.35357e-06
1.17508e-05
3.2654e-06
1.14332e-06
3.2654e-06
1.11756e-06
1.40946e-07
1.14331e-06
1.40946e-07
1.82661e-07
2.12534e-07
5.68678e-08
-4.71339e-09
6.66337e-08
8.1885e-09
1.33316e-08
-1.12872e-08
1.72523e-08
-1.92889e-08
-3.4251e-08
2.03636e-08
-1.90001e-08
2.03636e-08
-1.05096e-08
1.03978e-08
-1.90001e-08
1.03978e-08
-9.8058e-09
2.12533e-07
6.66339e-08
-1.12875e-08
5.6868e-08
8.1883e-09
1.72525e-08
-4.71373e-09
1.33318e-08
-1.92891e-08
-2.5012e-08
1.42426e-08
-1.33185e-08
1.72942e-08
-8.72219e-09
8.59988e-09
-1.61213e-08
8.54481e-09
-7.94111e-09
2.54108e-09
-1.28541e-09
1.57652e-09
-1.28825e-09
6.28255e-10
-7.84362e-10
2.2184e-09
-1.10828e-09
1.33883e-09
1.8963e-09
-1.01527e-09
1.19048e-09
-1.04063e-09
5.59248e-10
-6.53278e-10
1.02751e-09
-5.61443e-10
6.58251e-10
4.13762e-09
-2.13325e-09
2.77207e-09
-2.14658e-09
1.12927e-09
-1.46348e-09
2.95335e-09
-1.54284e-09
1.86859e-09
2.38374e-09
-1.28382e-09
1.24567e-09
-1.28382e-09
6.98387e-10
-6.8254e-10
1.24567e-09
-6.8254e-10
6.52961e-10
-1.70793e-10
7.19561e-11
-8.75401e-11
8.49943e-11
-3.58922e-11
4.50954e-11
-1.21636e-10
5.55721e-11
-6.86007e-11
-1.1251e-10
6.12003e-11
-7.21515e-11
6.12003e-11
-3.31669e-11
3.89847e-11
-7.21514e-11
3.89847e-11
-4.54226e-11
-1.70793e-10
8.49946e-11
-1.21636e-10
7.19563e-11
-3.58923e-11
5.55722e-11
-8.75403e-11
4.50955e-11
-6.86007e-11
-2.5012e-08
1.72942e-08
-1.61212e-08
1.42426e-08
-8.72217e-09
8.54477e-09
-1.33184e-08
8.59985e-09
-7.94105e-09
4.13764e-09
-2.14659e-09
2.95336e-09
-2.13327e-09
1.12927e-09
-1.54284e-09
2.77208e-09
-1.46348e-09
1.8686e-09
1.89629e-09
-1.04063e-09
1.0275e-09
-1.01527e-09
5.59245e-10
-5.6144e-10
1.19047e-09
-6.53273e-10
6.58247e-10
2.54111e-09
-1.28827e-09
2.21843e-09
-1.28543e-09
6.28266e-10
-1.10829e-09
1.57653e-09
-7.84373e-10
1.33884e-09
0.0357396
0.0277288
0.0202431
0.0177139
0.0132626
0.00932137
0.00791768
0.00572691
0.00387839
0.0135415
0.00861933
0.00510571
0.00597672
0.00365115
0.00207279
0.00238894
0.00140161
0.000764713
0.000814837
0.000459063
0.000240207
0.000264709
0.000143749
7.23904e-05
7.82861e-05
4.10659e-05
1.98206e-05
0.00302505
0.00211351
0.00137861
0.00109878
0.000740455
0.000466267
0.000358119
0.000234547
0.000142964
0.00270654
0.0013697
0.000638271
0.00105152
0.000509191
0.000228254
0.0003706
0.000172871
7.367e-05
0.000261058
0.000102745
3.69426e-05
8.92706e-05
3.35645e-05
1.16291e-05
2.76713e-05
1.00234e-05
3.35356e-06
7.57257e-06
2.39962e-06
9.36517e-07
1.75501e-06
7.06976e-07
1.24945e-07
5.64032e-07
6.967e-08
1.02645e-07
0.000111264
4.98364e-05
2.04547e-05
3.23957e-05
1.37934e-05
5.46603e-06
8.46752e-06
3.52536e-06
1.38724e-06
2.01417e-06
6.03514e-07
3.70475e-07
3.42615e-07
2.35607e-07
6.10488e-09
1.4071e-07
-5.00904e-08
5.30504e-08
5.05477e-08
4.51863e-08
-1.84739e-08
3.82294e-08
-4.84912e-09
1.55318e-08
-2.45887e-08
1.36702e-08
-1.60471e-08
-1.83988e-08
8.74721e-09
-7.1073e-09
1.03888e-08
-4.66052e-09
3.94398e-09
-1.25629e-08
5.75398e-09
-4.93244e-09
-6.52723e-09
4.50375e-09
-1.92672e-08
1.30216e-08
1.03596e-09
1.16609e-08
-8.64852e-09
-7.5074e-10
-1.23336e-08
0.000100632
6.2471e-05
3.72604e-05
2.58542e-05
1.63608e-05
9.01693e-06
6.92914e-06
3.52632e-06
2.171e-06
1.89337e-05
9.83001e-06
4.33364e-06
4.93035e-06
2.26585e-06
1.15789e-06
7.53097e-07
4.56669e-07
8.81398e-08
1.31805e-07
-3.55525e-08
6.41692e-08
6.44515e-08
8.31655e-08
-1.09007e-08
-2.82195e-08
-7.12887e-08
2.38786e-08
1.15616e-06
5.07016e-07
9.03848e-08
3.20388e-07
2.66048e-07
2.43938e-07
-1.82626e-08
-1.03974e-07
-1.74924e-07
0.0357396
0.0177139
0.00791768
0.0277288
0.0132626
0.00572691
0.0202431
0.00932137
0.00387839
0.00302505
0.00109878
0.000358119
0.00211351
0.000740455
0.000234547
0.00137861
0.000466267
0.000142964
0.000814839
0.000264709
7.82863e-05
0.000459065
0.00014375
4.10661e-05
0.000240208
7.23909e-05
1.98207e-05
0.0135415
0.00597672
0.00238895
0.00861934
0.00365116
0.00140162
0.00510572
0.0020728
0.000764716
0.000100632
2.58542e-05
6.92914e-06
6.2471e-05
1.63608e-05
3.52632e-06
3.72604e-05
9.01695e-06
2.171e-06
1.15616e-06
3.20388e-07
-1.82632e-08
5.07015e-07
2.66049e-07
-1.03975e-07
9.0385e-08
2.43938e-07
-1.74924e-07
1.31807e-07
6.44512e-08
-2.82188e-08
-3.55524e-08
8.3166e-08
-7.12892e-08
6.41698e-08
-1.09007e-08
2.38787e-08
1.89338e-05
4.93036e-06
7.53099e-07
9.83006e-06
2.26586e-06
4.5667e-07
4.33367e-06
1.1579e-06
8.8142e-08
2.0142e-06
3.4262e-07
1.4071e-07
6.03525e-07
2.3561e-07
-5.00897e-08
3.70479e-07
6.1067e-09
5.30497e-08
-6.52817e-09
1.30223e-08
-8.64926e-09
4.50454e-09
1.03561e-09
-7.50298e-10
-1.92677e-08
1.16612e-08
-1.2334e-08
-1.83984e-08
1.03886e-08
-1.25626e-08
8.74694e-09
-4.66037e-09
5.7538e-09
-7.10699e-09
3.94382e-09
-4.93224e-09
5.05477e-08
3.82308e-08
-2.45895e-08
4.51881e-08
-4.84945e-09
1.36706e-08
-1.84745e-08
1.55323e-08
-1.60474e-08
0.00270655
0.00105153
0.000370602
0.0013697
0.000509195
0.000172873
0.000638277
0.000228257
7.3671e-05
0.000111265
3.2396e-05
8.46761e-06
4.98369e-05
1.37935e-05
3.5254e-06
2.0455e-05
5.46612e-06
1.38727e-06
7.57271e-06
1.75505e-06
5.6404e-07
2.39968e-06
7.06992e-07
6.96746e-08
9.36539e-07
1.24952e-07
1.02646e-07
0.000261062
8.9272e-05
2.76718e-05
0.000102747
3.35651e-05
1.00236e-05
3.69435e-05
1.16294e-05
3.35366e-06
1.17511e-05
3.26552e-06
1.14335e-06
3.26556e-06
1.11761e-06
1.4096e-07
1.14338e-06
1.40964e-07
1.82663e-07
2.12537e-07
5.68726e-08
-4.71564e-09
6.66402e-08
8.18755e-09
1.33334e-08
-1.12894e-08
1.72542e-08
-1.92904e-08
-3.42496e-08
2.0363e-08
-1.89994e-08
2.0363e-08
-1.05092e-08
1.03974e-08
-1.89993e-08
1.03974e-08
-9.80528e-09
2.12546e-07
6.66427e-08
-1.12897e-08
5.68762e-08
8.18779e-09
1.72546e-08
-4.71548e-09
1.33341e-08
-1.92907e-08
-2.50115e-08
1.42424e-08
-1.33181e-08
1.72938e-08
-8.72197e-09
8.59962e-09
-1.61207e-08
8.54448e-09
-7.94073e-09
2.54125e-09
-1.28549e-09
1.5766e-09
-1.28837e-09
6.28314e-10
-7.84425e-10
2.21851e-09
-1.10833e-09
1.33889e-09
1.89621e-09
-1.01523e-09
1.19042e-09
-1.04058e-09
5.59221e-10
-6.53246e-10
1.02745e-09
-5.61413e-10
6.58216e-10
4.13799e-09
-2.13344e-09
2.77222e-09
-2.14677e-09
1.12936e-09
-1.46355e-09
2.95352e-09
-1.54292e-09
1.86866e-09
2.38362e-09
-1.28375e-09
1.2456e-09
-1.28375e-09
6.98351e-10
-6.82501e-10
1.2456e-09
-6.825e-10
6.52918e-10
-1.70809e-10
7.19649e-11
-8.75497e-11
8.50032e-11
-3.5897e-11
4.51005e-11
-1.21643e-10
5.5576e-11
-6.86048e-11
-1.12504e-10
6.11973e-11
-7.21477e-11
6.11971e-11
-3.31652e-11
3.89827e-11
-7.21474e-11
3.89827e-11
-4.54201e-11
-1.70813e-10
8.50053e-11
-1.21645e-10
7.19673e-11
-3.58982e-11
5.55772e-11
-8.7552e-11
4.51017e-11
-6.86058e-11
-2.5011e-08
1.72938e-08
-1.61205e-08
1.42422e-08
-8.72188e-09
8.54435e-09
-1.33179e-08
8.59951e-09
-7.94057e-09
4.13806e-09
-2.14681e-09
2.95356e-09
-2.13348e-09
1.12938e-09
-1.54294e-09
2.77226e-09
-1.46358e-09
1.86868e-09
1.89619e-09
-1.04057e-09
1.02744e-09
-1.01521e-09
5.59215e-10
-5.61407e-10
1.1904e-09
-6.53237e-10
6.58206e-10
2.54133e-09
-1.28844e-09
2.21857e-09
-1.28553e-09
6.28348e-10
-1.10836e-09
1.57664e-09
-7.84458e-10
1.33892e-09
0.03574
0.0277291
0.0202434
0.0177141
0.0132628
0.0093215
0.0079178
0.005727
0.00387846
0.0135417
0.00861943
0.00510578
0.00597681
0.00365121
0.00207283
0.00238899
0.00140164
0.000764732
0.000814857
0.000459076
0.000240215
0.000264716
0.000143754
7.23933e-05
7.82887e-05
4.10676e-05
1.98215e-05
0.0030251
0.00211355
0.00137863
0.0010988
0.00074047
0.000466278
0.000358127
0.000234553
0.000142968
0.00270658
0.00136972
0.000638283
0.00105155
0.000509204
0.000228261
0.000370611
0.000172877
7.36729e-05
0.000261064
0.000102748
3.69438e-05
8.92736e-05
3.35658e-05
1.16296e-05
2.76726e-05
1.00239e-05
3.35378e-06
7.573e-06
2.39979e-06
9.36577e-07
1.75514e-06
7.07028e-07
1.24965e-07
5.64068e-07
6.96858e-08
1.02648e-07
0.000111268
4.98386e-05
2.04558e-05
3.23972e-05
1.37941e-05
5.46637e-06
8.46801e-06
3.52558e-06
1.38735e-06
2.0143e-06
6.03572e-07
3.70497e-07
3.42647e-07
2.35621e-07
6.11274e-09
1.40715e-07
-5.00863e-08
5.30491e-08
5.05529e-08
4.51913e-08
-1.84745e-08
3.82334e-08
-4.84937e-09
1.55328e-08
-2.45898e-08
1.36711e-08
-1.60476e-08
-1.83974e-08
8.74654e-09
-7.10648e-09
1.03881e-08
-4.66012e-09
3.94353e-09
-1.2562e-08
5.75349e-09
-4.93187e-09
-6.5286e-09
4.50653e-09
-1.92684e-08
1.30234e-08
1.03488e-09
1.16617e-08
-8.65044e-09
-7.49314e-10
-1.23346e-08
0.000100634
6.24727e-05
3.72616e-05
2.58548e-05
1.63613e-05
9.01728e-06
6.9293e-06
3.52644e-06
2.17108e-06
1.89345e-05
9.83048e-06
4.3339e-06
4.93056e-06
2.26598e-06
1.15796e-06
7.5315e-07
4.56694e-07
8.81578e-08
1.31819e-07
-3.55474e-08
6.41733e-08
6.44519e-08
8.31673e-08
-1.09005e-08
-2.82167e-08
-7.12894e-08
2.38791e-08
1.1562e-06
5.07041e-07
9.04015e-08
3.20396e-07
2.66055e-07
2.43942e-07
-1.82621e-08
-1.03974e-07
-1.74924e-07
0.03574
0.0177141
0.00791781
0.0277292
0.0132629
0.00572703
0.0202435
0.00932157
0.00387849
0.0030251
0.0010988
0.000358127
0.00211356
0.000740474
0.000234554
0.00137865
0.000466283
0.000142969
0.000814867
0.00026472
7.82899e-05
0.000459084
0.000143757
4.10684e-05
0.00024022
7.2395e-05
1.9822e-05
0.0135418
0.00597687
0.00238902
0.00861954
0.00365126
0.00140167
0.00510586
0.00207287
0.000764746
0.000100634
2.58549e-05
6.92933e-06
6.24731e-05
1.63614e-05
3.52648e-06
3.7262e-05
9.01738e-06
2.1711e-06
1.1562e-06
3.20397e-07
-1.82626e-08
5.07053e-07
2.66052e-07
-1.0397e-07
9.04033e-08
2.43945e-07
-1.74926e-07
1.31825e-07
6.44513e-08
-2.82148e-08
-3.55475e-08
8.3169e-08
-7.12908e-08
6.41745e-08
-1.09004e-08
2.38794e-08
1.89348e-05
4.93064e-06
7.53174e-07
9.83069e-06
2.26603e-06
4.56706e-07
4.33403e-06
1.15799e-06
8.81674e-08
2.01436e-06
3.42662e-07
1.40717e-07
6.03603e-07
2.35627e-07
-5.00839e-08
3.70507e-07
6.11665e-09
5.30483e-08
-6.53026e-09
1.30248e-08
-8.65189e-09
4.50747e-09
1.03451e-09
-7.48778e-10
-1.92692e-08
1.16622e-08
-1.23352e-08
-1.83969e-08
1.03878e-08
-1.25616e-08
8.7462e-09
-4.65992e-09
5.75326e-09
-7.10612e-09
3.94332e-09
-4.93163e-09
5.05566e-08
3.82349e-08
-2.459e-08
4.51934e-08
-4.84923e-09
1.36713e-08
-1.84742e-08
1.55331e-08
-1.60477e-08
0.00270663
0.00105157
0.000370619
0.00136975
0.000509217
0.000172882
0.0006383
0.000228267
7.36753e-05
0.000111271
3.23981e-05
8.46828e-06
4.98401e-05
1.37946e-05
3.5257e-06
2.04565e-05
5.46658e-06
1.38741e-06
7.5733e-06
1.75523e-06
5.64087e-07
2.39991e-06
7.07059e-07
6.96955e-08
9.36616e-07
1.24978e-07
1.02649e-07
0.000261072
8.92765e-05
2.76736e-05
0.000102751
3.3567e-05
1.00243e-05
3.69451e-05
1.16301e-05
3.35393e-06
1.17517e-05
3.26575e-06
1.14343e-06
3.26575e-06
1.11768e-06
1.40986e-07
1.14343e-06
1.40986e-07
1.82667e-07
2.12558e-07
5.68803e-08
-4.71512e-09
6.66481e-08
8.1885e-09
1.33345e-08
-1.12889e-08
1.72551e-08
-1.92908e-08
-3.4248e-08
2.03624e-08
-1.89986e-08
2.03624e-08
-1.05088e-08
1.0397e-08
-1.89986e-08
1.0397e-08
-9.80484e-09
2.12558e-07
6.66484e-08
-1.12891e-08
5.68806e-08
8.18838e-09
1.72553e-08
-4.71539e-09
1.33347e-08
-1.92909e-08
-2.50102e-08
1.42419e-08
-1.33175e-08
1.72934e-08
-8.72161e-09
8.59923e-09
-1.61199e-08
8.54405e-09
-7.94025e-09
2.54143e-09
-1.28558e-09
1.5767e-09
-1.2885e-09
6.28382e-10
-7.84498e-10
2.21861e-09
-1.10839e-09
1.33895e-09
1.89612e-09
-1.01517e-09
1.19036e-09
-1.04053e-09
5.59196e-10
-6.53215e-10
1.0274e-09
-5.61386e-10
6.58182e-10
4.13819e-09
-2.13354e-09
2.7723e-09
-2.14687e-09
1.12942e-09
-1.4636e-09
2.9536e-09
-1.54296e-09
1.86869e-09
2.38354e-09
-1.28371e-09
1.24555e-09
-1.28371e-09
6.98327e-10
-6.82474e-10
1.24555e-09
-6.82474e-10
6.5289e-10
-1.70821e-10
7.1972e-11
-8.75574e-11
8.50102e-11
-3.5901e-11
4.5105e-11
-1.21649e-10
5.55797e-11
-6.86087e-11
-1.12501e-10
6.11959e-11
-7.21461e-11
6.11959e-11
-3.31647e-11
3.8982e-11
-7.21461e-11
3.8982e-11
-4.54193e-11
-1.70824e-10
8.50114e-11
-1.21651e-10
7.19737e-11
-3.59019e-11
5.55805e-11
-8.75599e-11
4.51063e-11
-6.861e-11
-2.50102e-08
1.72934e-08
-1.61199e-08
1.42419e-08
-8.72161e-09
8.54403e-09
-1.33175e-08
8.59922e-09
-7.94022e-09
4.13823e-09
-2.14689e-09
2.95361e-09
-2.13357e-09
1.12943e-09
-1.54298e-09
2.77232e-09
-1.46361e-09
1.8687e-09
1.89612e-09
-1.04053e-09
1.0274e-09
-1.01517e-09
5.59195e-10
-5.61384e-10
1.19036e-09
-6.53214e-10
6.5818e-10
2.54146e-09
-1.28853e-09
2.21864e-09
-1.2856e-09
6.28396e-10
-1.1084e-09
1.57672e-09
-7.84514e-10
1.33897e-09
0.03574
0.0277292
0.0202435
0.0177141
0.0132629
0.00932157
0.00791781
0.00572703
0.00387849
0.0135418
0.00861954
0.00510586
0.00597687
0.00365127
0.00207287
0.00238902
0.00140167
0.000764747
0.000814868
0.000459084
0.00024022
0.00026472
0.000143757
7.23951e-05
7.829e-05
4.10685e-05
1.98221e-05
0.0030251
0.00211356
0.00137865
0.0010988
0.000740475
0.000466283
0.000358127
0.000234554
0.000142969
0.00270663
0.00136975
0.0006383
0.00105157
0.000509217
0.000228267
0.00037062
0.000172882
7.36753e-05
0.000261072
0.000102751
3.69451e-05
8.92766e-05
3.3567e-05
1.16301e-05
2.76737e-05
1.00243e-05
3.35393e-06
7.57331e-06
2.39991e-06
9.36617e-07
1.75524e-06
7.0706e-07
1.24978e-07
5.64088e-07
6.96959e-08
1.02649e-07
0.000111271
4.98402e-05
2.04565e-05
3.23982e-05
1.37946e-05
5.46659e-06
8.4683e-06
3.52571e-06
1.38741e-06
2.01437e-06
6.03606e-07
3.70508e-07
3.42665e-07
2.35628e-07
6.11705e-09
1.40718e-07
-5.00837e-08
5.30482e-08
5.05567e-08
4.51936e-08
-1.84743e-08
3.82351e-08
-4.84926e-09
1.55331e-08
-2.45901e-08
1.36713e-08
-1.60477e-08
-1.83968e-08
8.7462e-09
-7.1061e-09
1.03878e-08
-4.65992e-09
3.94332e-09
-1.25616e-08
5.75325e-09
-4.93161e-09
-6.53002e-09
4.5076e-09
-1.92691e-08
1.30247e-08
1.03448e-09
1.16622e-08
-8.65178e-09
-7.48751e-10
-1.23351e-08
0.000100634
6.24732e-05
3.72621e-05
2.58549e-05
1.63614e-05
9.0174e-06
6.92933e-06
3.52648e-06
2.17111e-06
1.89349e-05
9.83071e-06
4.33404e-06
4.93065e-06
2.26604e-06
1.15799e-06
7.53178e-07
4.56708e-07
8.81686e-08
1.31826e-07
-3.55467e-08
6.41748e-08
6.44516e-08
8.31689e-08
-1.09003e-08
-2.8215e-08
-7.12905e-08
2.38793e-08
1.1562e-06
5.07055e-07
9.04051e-08
3.20397e-07
2.66053e-07
2.43945e-07
-1.82624e-08
-1.0397e-07
-1.74925e-07
0.03574
0.0177141
0.0079178
0.0277292
0.0132628
0.00572701
0.0202434
0.00932153
0.00387847
0.0030251
0.0010988
0.000358127
0.00211356
0.000740471
0.000234553
0.00137864
0.000466279
0.000142968
0.00081486
0.000264717
7.8289e-05
0.000459079
0.000143755
4.10678e-05
0.000240216
7.23938e-05
1.98216e-05
0.0135417
0.00597683
0.002389
0.00861949
0.00365124
0.00140165
0.00510582
0.00207285
0.000764738
0.000100634
2.58549e-05
6.9293e-06
6.24728e-05
1.63613e-05
3.52645e-06
3.72617e-05
9.01729e-06
2.17108e-06
1.1562e-06
3.20396e-07
-1.82618e-08
5.07042e-07
2.66054e-07
-1.03973e-07
9.04019e-08
2.43942e-07
-1.74924e-07
1.3182e-07
6.44517e-08
-2.82165e-08
-3.55475e-08
8.31675e-08
-7.12896e-08
6.41734e-08
-1.09005e-08
2.38791e-08
1.89346e-05
4.93057e-06
7.53154e-07
9.83052e-06
2.26599e-06
4.56696e-07
4.33393e-06
1.15796e-06
8.81596e-08
2.01431e-06
3.4265e-07
1.40716e-07
6.03579e-07
2.35622e-07
-5.00858e-08
3.70499e-07
6.11361e-09
5.30488e-08
-6.52906e-09
1.30237e-08
-8.65074e-09
4.50674e-09
1.03479e-09
-7.49205e-10
-1.92686e-08
1.16618e-08
-1.23347e-08
-1.83973e-08
1.03881e-08
-1.2562e-08
8.74647e-09
-4.66008e-09
5.75345e-09
-7.1064e-09
3.94349e-09
-4.93183e-09
5.05532e-08
3.8234e-08
-2.45902e-08
4.51922e-08
-4.84954e-09
1.36713e-08
-1.84748e-08
1.55331e-08
-1.60478e-08
0.00270661
0.00105156
0.000370615
0.00136974
0.000509211
0.000172879
0.000638294
0.000228264
7.36741e-05
0.00011127
3.23975e-05
8.46809e-06
4.98392e-05
1.37943e-05
3.52561e-06
2.04561e-05
5.46645e-06
1.38737e-06
7.57313e-06
1.75518e-06
5.64074e-07
2.39985e-06
7.0704e-07
6.96889e-08
9.36596e-07
1.2497e-07
1.02648e-07
0.000261069
8.92753e-05
2.76731e-05
0.00010275
3.35665e-05
1.00241e-05
3.69448e-05
1.163e-05
3.35387e-06
1.17515e-05
3.26566e-06
1.1434e-06
3.26562e-06
1.11764e-06
1.40972e-07
1.14338e-06
1.40968e-07
1.82664e-07
2.1255e-07
5.68781e-08
-4.71591e-09
6.66449e-08
8.1877e-09
1.33345e-08
-1.129e-08
1.7255e-08
-1.9291e-08
-3.42493e-08
2.03629e-08
-1.89991e-08
2.03629e-08
-1.05091e-08
1.03973e-08
-1.89992e-08
1.03973e-08
-9.80522e-09
2.12542e-07
6.66422e-08
-1.12894e-08
5.68741e-08
8.18769e-09
1.72544e-08
-4.71555e-09
1.33336e-08
-1.92906e-08
-2.50108e-08
1.42421e-08
-1.33178e-08
1.72937e-08
-8.72182e-09
8.59944e-09
-1.61203e-08
8.54428e-09
-7.94049e-09
2.54138e-09
-1.28556e-09
1.57667e-09
-1.28847e-09
6.28364e-10
-7.84478e-10
2.2186e-09
-1.10838e-09
1.33894e-09
1.89618e-09
-1.01521e-09
1.1904e-09
-1.04057e-09
5.59214e-10
-6.53235e-10
1.02743e-09
-5.61405e-10
6.58203e-10
4.13811e-09
-2.1335e-09
2.77228e-09
-2.14683e-09
1.1294e-09
-1.46359e-09
2.95358e-09
-1.54295e-09
1.86869e-09
2.38361e-09
-1.28375e-09
1.24559e-09
-1.28375e-09
6.9835e-10
-6.82499e-10
1.2456e-09
-6.825e-10
6.52918e-10
-1.70815e-10
7.19682e-11
-8.75534e-11
8.5006e-11
-3.58986e-11
4.51024e-11
-1.21646e-10
5.55777e-11
-6.86066e-11
-1.12504e-10
6.11971e-11
-7.21474e-11
6.11973e-11
-3.31653e-11
3.89827e-11
-7.21478e-11
3.89828e-11
-4.54202e-11
-1.70808e-10
8.50026e-11
-1.21643e-10
7.19641e-11
-3.58966e-11
5.55757e-11
-8.75487e-11
4.51001e-11
-6.86043e-11
-2.50113e-08
1.72938e-08
-1.61206e-08
1.42423e-08
-8.72194e-09
8.54445e-09
-1.33181e-08
8.5996e-09
-7.94071e-09
4.13797e-09
-2.14677e-09
2.95351e-09
-2.13343e-09
1.12936e-09
-1.54292e-09
2.77221e-09
-1.46355e-09
1.86866e-09
1.89621e-09
-1.04058e-09
1.02745e-09
-1.01523e-09
5.59221e-10
-5.61414e-10
1.19042e-09
-6.53246e-10
6.58217e-10
2.5412e-09
-1.28834e-09
2.21848e-09
-1.28546e-09
6.28299e-10
-1.10832e-09
1.57657e-09
-7.84408e-10
1.33887e-09
0.0357396
0.0277289
0.0202432
0.0177139
0.0132626
0.00932141
0.00791768
0.00572692
0.00387841
0.0135416
0.0086194
0.00510577
0.00597675
0.00365119
0.00207282
0.00238896
0.00140163
0.000764723
0.000814843
0.000459068
0.00024021
0.000264711
0.000143751
7.23915e-05
7.82867e-05
4.10664e-05
1.98209e-05
0.00302505
0.00211352
0.00137861
0.00109878
0.000740456
0.000466269
0.000358119
0.000234548
0.000142964
0.00270659
0.00136973
0.000638289
0.00105154
0.000509203
0.000228261
0.000370607
0.000172876
7.36723e-05
0.000261067
0.000102749
3.69446e-05
8.92739e-05
3.3566e-05
1.16298e-05
2.76724e-05
1.00238e-05
3.35376e-06
7.57285e-06
2.39974e-06
9.36559e-07
1.75508e-06
7.07005e-07
1.24957e-07
5.64047e-07
6.9678e-08
1.02646e-07
0.000111266
4.98376e-05
2.04554e-05
3.23963e-05
1.37937e-05
5.4662e-06
8.4677e-06
3.52544e-06
1.38729e-06
2.01421e-06
6.03534e-07
3.70482e-07
3.42623e-07
2.35611e-07
6.10779e-09
1.40711e-07
-5.0089e-08
5.30494e-08
5.05492e-08
4.51884e-08
-1.84742e-08
3.82309e-08
-4.8493e-09
1.55322e-08
-2.45893e-08
1.36705e-08
-1.60473e-08
-1.83983e-08
8.74688e-09
-7.10697e-09
1.03886e-08
-4.66034e-09
3.94381e-09
-1.25626e-08
5.75377e-09
-4.93222e-09
-6.52816e-09
4.50439e-09
-1.92676e-08
1.30223e-08
1.03572e-09
1.16611e-08
-8.64929e-09
-7.50413e-10
-1.23339e-08
0.000100632
6.24712e-05
3.72606e-05
2.58542e-05
1.63608e-05
9.01697e-06
6.92914e-06
3.52633e-06
2.17101e-06
1.89339e-05
9.83012e-06
4.33371e-06
4.93038e-06
2.26587e-06
1.15791e-06
7.53105e-07
4.56672e-07
8.81441e-08
1.31807e-07
-3.55521e-08
6.41693e-08
6.44515e-08
8.3166e-08
-1.09004e-08
-2.8219e-08
-7.12891e-08
2.38783e-08
1.15616e-06
5.07016e-07
9.03863e-08
3.20388e-07
2.66049e-07
2.43938e-07
-1.82629e-08
-1.03974e-07
-1.74924e-07
0.0357396
0.0177139
0.00791768
0.0277288
0.0132626
0.00572691
0.0202431
0.00932137
0.00387839
0.00302505
0.00109878
0.000358119
0.00211351
0.000740455
0.000234547
0.00137861
0.000466267
0.000142964
0.000814837
0.000264709
7.82861e-05
0.000459063
0.000143749
4.10659e-05
0.000240207
7.23904e-05
1.98206e-05
0.0135415
0.00597672
0.00238894
0.00861933
0.00365115
0.00140161
0.00510571
0.00207279
0.000764713
0.000100632
2.58542e-05
6.92914e-06
6.2471e-05
1.63608e-05
3.52632e-06
3.72604e-05
9.01693e-06
2.171e-06
1.15616e-06
3.20387e-07
-1.82622e-08
5.07015e-07
2.66049e-07
-1.03974e-07
9.03854e-08
2.43937e-07
-1.74923e-07
1.31805e-07
6.44518e-08
-2.82197e-08
-3.55522e-08
8.31654e-08
-7.12886e-08
6.4169e-08
-1.09006e-08
2.38784e-08
1.89337e-05
4.93035e-06
7.53097e-07
9.83001e-06
2.26585e-06
4.56668e-07
4.33364e-06
1.15789e-06
8.81399e-08
2.01417e-06
3.42615e-07
1.4071e-07
6.03514e-07
2.35607e-07
-5.00902e-08
3.70475e-07
6.10501e-09
5.30503e-08
-6.52715e-09
1.30216e-08
-8.64846e-09
4.50369e-09
1.03599e-09
-7.5078e-10
-1.92671e-08
1.16608e-08
-1.23335e-08
-1.83988e-08
1.03888e-08
-1.25629e-08
8.74719e-09
-4.66051e-09
5.75397e-09
-7.10729e-09
3.94398e-09
-4.93243e-09
5.05478e-08
3.82293e-08
-2.45886e-08
4.51862e-08
-4.84908e-09
1.36701e-08
-1.84738e-08
1.55317e-08
-1.6047e-08
0.00270654
0.00105152
0.0003706
0.0013697
0.000509191
0.000172871
0.000638271
0.000228254
7.367e-05
0.000111264
3.23957e-05
8.46752e-06
4.98364e-05
1.37934e-05
3.52536e-06
2.04547e-05
5.46603e-06
1.38724e-06
7.57257e-06
1.75501e-06
5.64031e-07
2.39962e-06
7.06976e-07
6.96701e-08
9.36517e-07
1.24945e-07
1.02645e-07
0.000261058
8.92706e-05
2.76713e-05
0.000102745
3.35645e-05
1.00234e-05
3.69426e-05
1.16291e-05
3.35356e-06
1.17508e-05
3.2654e-06
1.14331e-06
3.2654e-06
1.11756e-06
1.40946e-07
1.14332e-06
1.40946e-07
1.82661e-07
2.12533e-07
5.6868e-08
-4.71369e-09
6.66338e-08
8.18831e-09
1.33318e-08
-1.12875e-08
1.72524e-08
-1.92891e-08
-3.42509e-08
2.03635e-08
-1.90001e-08
2.03636e-08
-1.05095e-08
1.03978e-08
-1.90001e-08
1.03978e-08
-9.80579e-09
2.12534e-07
6.66337e-08
-1.12873e-08
5.68679e-08
8.18848e-09
1.72523e-08
-4.71343e-09
1.33316e-08
-1.9289e-08
-2.50119e-08
1.42426e-08
-1.33184e-08
1.72941e-08
-8.72216e-09
8.59984e-09
-1.61212e-08
8.54476e-09
-7.94105e-09
2.54109e-09
-1.28542e-09
1.57652e-09
-1.28826e-09
6.28261e-10
-7.84367e-10
2.21842e-09
-1.10829e-09
1.33884e-09
1.89629e-09
-1.01526e-09
1.19047e-09
-1.04063e-09
5.59244e-10
-6.53273e-10
1.0275e-09
-5.6144e-10
6.58247e-10
4.13763e-09
-2.13326e-09
2.77207e-09
-2.14659e-09
1.12927e-09
-1.46347e-09
2.95335e-09
-1.54284e-09
1.86859e-09
2.38373e-09
-1.28382e-09
1.24567e-09
-1.28382e-09
6.98386e-10
-6.82539e-10
1.24567e-09
-6.82539e-10
6.5296e-10
-1.70793e-10
7.1956e-11
-8.75399e-11
8.49944e-11
-3.58921e-11
4.50953e-11
-1.21636e-10
5.5572e-11
-6.86005e-11
-1.1251e-10
6.12002e-11
-7.21513e-11
6.12003e-11
-3.31669e-11
3.89847e-11
-7.21514e-11
3.89847e-11
-4.54225e-11
-1.70793e-10
8.49943e-11
-1.21636e-10
7.19561e-11
-3.58921e-11
5.5572e-11
-8.75401e-11
4.50954e-11
-6.86006e-11
-2.5012e-08
1.72942e-08
-1.61213e-08
1.42426e-08
-8.72219e-09
8.5448e-09
-1.33185e-08
8.59988e-09
-7.9411e-09
4.13762e-09
-2.14658e-09
2.95335e-09
-2.13326e-09
1.12927e-09
-1.54284e-09
2.77207e-09
-1.46348e-09
1.86859e-09
1.8963e-09
-1.04063e-09
1.02751e-09
-1.01527e-09
5.59247e-10
-5.61443e-10
1.19048e-09
-6.53277e-10
6.58251e-10
2.54109e-09
-1.28825e-09
2.21841e-09
-1.28542e-09
6.28257e-10
-1.10828e-09
1.57652e-09
-7.84365e-10
1.33883e-09
0.0357399
0.027729
0.0202433
0.017714
0.0132627
0.00932145
0.00791776
0.00572697
0.00387843
0.0135416
0.00861938
0.00510574
0.00597676
0.00365118
0.00207281
0.00238896
0.00140162
0.000764717
0.000814844
0.000459067
0.000240208
0.000264711
0.000143751
7.2391e-05
7.82869e-05
4.10663e-05
1.98207e-05
0.00302508
0.00211354
0.00137862
0.00109879
0.000740463
0.000466272
0.000358124
0.00023455
0.000142965
0.00270655
0.0013697
0.000638273
0.00105153
0.000509193
0.000228255
0.000370602
0.000172872
7.36703e-05
0.000261059
0.000102745
3.69427e-05
8.92709e-05
3.35645e-05
1.16292e-05
2.76714e-05
1.00234e-05
3.35357e-06
7.5726e-06
2.39963e-06
9.3652e-07
1.75501e-06
7.06979e-07
1.24945e-07
5.64034e-07
6.96705e-08
1.02646e-07
0.000111265
4.98367e-05
2.04548e-05
3.23959e-05
1.37934e-05
5.46606e-06
8.46758e-06
3.52538e-06
1.38724e-06
2.01419e-06
6.03519e-07
3.70477e-07
3.42617e-07
2.35608e-07
6.10502e-09
1.40711e-07
-5.00902e-08
5.30507e-08
5.05489e-08
4.51861e-08
-1.84736e-08
3.82291e-08
-4.84894e-09
1.55317e-08
-2.45884e-08
1.36701e-08
-1.6047e-08
-1.8399e-08
8.74728e-09
-7.10741e-09
1.03889e-08
-4.66056e-09
3.94404e-09
-1.2563e-08
5.75403e-09
-4.93251e-09
-6.52689e-09
4.50342e-09
-1.9267e-08
1.30215e-08
1.03614e-09
1.16608e-08
-8.64836e-09
-7.50934e-10
-1.23335e-08
0.000100633
6.24718e-05
3.72608e-05
2.58546e-05
1.6361e-05
9.01704e-06
6.92924e-06
3.52637e-06
2.17102e-06
1.89339e-05
9.8301e-06
4.33368e-06
4.93039e-06
2.26587e-06
1.1579e-06
7.53108e-07
4.56674e-07
8.81414e-08
1.31806e-07
-3.55516e-08
6.4169e-08
6.44523e-08
8.31657e-08
-1.09004e-08
-2.82198e-08
-7.12888e-08
2.38784e-08
1.15618e-06
5.07025e-07
9.03903e-08
3.20393e-07
2.66051e-07
2.43938e-07
-1.82624e-08
-1.03974e-07
-1.74924e-07
