FiniteElementSpace
FiniteElementCollection: H1_2D_P4
VDim: 1
Ordering: 0

0.00995167
0
0
0
0
0
0
0
0
0
0
-0.0767733
0
0
-0.0767748
0
0
-0.0767716
0
0
-0.0767714
0
0
-0.0767747
0
0
-0.570591
-0.570587
-0.570572
-0.570589
-0.570591
-0.0871864
-0.0266306
-0.0266295
-0.087186
-0.0266373
-0.0266258
-0.0871879
-0.0266272
-0.026625
-0.087188
-0.026626
-0.0266399
-0.087186
-0.0266295
-0.0266306
0.332281
0
0.678498
0
0
0.6785
0
0.332283
0
0.678492
0
0
0.6785
0
0.33228
0
0.678486
0
0
0.678487
0
0.33228
0
0.6785
0
0
0.678491
0
0.332283
0
0.6785
0
0
0.678498
0
-0.326267
-0.32627
-0.326273
-0.326269
-0.326267
0.337526
-0.303317
0.337528
0.337527
-0.303269
0.337523
0.337517
-0.303187
0.337517
0.337523
-0.303268
0.337528
0.337528
-0.303317
0.337526
-0.000182406
-0.157122
-0.157122
-0.000182299
-0.301065
0.0583876
-0.503375
-0.398978
-0.398976
-0.503376
0.0583872
-0.301066
-0.157123
-0.157124
-0.000182572
0.0583841
-0.503379
-0.398986
-0.398971
-0.503378
0.0583906
-0.301068
-0.157125
-0.157125
-0.000182582
0.0583912
-0.503382
-0.398974
-0.398971
-0.503382
0.0583921
-0.301069
-0.157124
-0.157122
-0.000182304
0.0583902
-0.503377
-0.39897
-0.398989
-0.503379
0.0583828
-0.301066
-0.157122
-0.157122
0.0583872
-0.503376
-0.398976
-0.398978
-0.503375
0.0583876
0.557163
0.24848
0.618829
-0.0486627
0
-0.0636172
0
0.698999
0.581889
0.00838695
0.294847
0.294848
0.00839038
0
-0.711096
0
0
-0.711095
0
0.698999
0.618832
0.248481
0.557165
0.581892
0
-0.063617
0
-0.0486629
0.248482
0.618828
0
-0.0636176
0
0.69899
0.581885
0.00838651
0.294855
0.294875
0.00840646
0
-0.711053
0
0
-0.711022
0
0.698971
0.618835
0.24848
0.55717
0.581882
0
-0.0636215
0
-0.0486649
0.248478
0.618832
0
-0.0636246
0
0.698946
0.581867
0.00841391
0.2949
0.294903
0.00841806
0
-0.71097
0
0
-0.710968
0
0.698944
0.618834
0.248478
0.557171
0.581868
0
-0.0636251
0
-0.0486651
0.24848
0.618835
0
-0.0636215
0
0.698971
0.581882
0.00840707
0.294876
0.294854
0.00838317
0
-0.711021
0
0
-0.711053
0
0.69899
0.618827
0.248483
0.557165
0.581886
0
-0.0636175
0
-0.0486629
0.248481
0.618832
0
-0.063617
0
0.698999
0.581892
0.00839037
0.294848
0.294847
0.00838695
0
-0.711095
0
0
-0.711096
0
0.698999
0.618829
0.24848
0.581889
0
-0.0636172
0
-0.0259299
-0.348341
-0.739891
-0.348342
-0.0259304
-0.348343
-0.739893
-0.348344
-0.0259309
-0.348345
-0.739898
-0.348345
-0.0259304
-0.348344
-0.739893
-0.348342
-0.0259299
-0.348342
-0.739891
-0.348341
0.608568
-0.0805041
0.202918
0.44374
-0.176651
0.594996
-1.44074
0.594996
0.60857
0.443743
0.202919
-0.0805043
0.608569
-0.0805041
0.202914
0.443734
-0.176634
0.595002
-1.44071
0.595018
0.608573
0.443751
0.202899
-0.0805054
0.608573
-0.0805058
0.202885
0.443743
-0.176587
0.595018
-1.44067
0.595018
0.608574
0.443747
0.202884
-0.0805061
0.608573
-0.0805054
0.202899
0.443751
-0.176635
0.595019
-1.44071
0.595003
0.608569
0.443732
0.202915
-0.0805041
0.60857
-0.0805043
0.202919
0.443743
-0.176651
0.594996
-1.44074
0.594996
0.608568
0.44374
0.202918
-0.0805041
0.00931603
0.0079108
0.00445924
-0.00158327
-0.0071532
-0.0173508
-0.00158323
-0.0071531
-0.0173508
0.009316
0.00791079
0.00445924
-0.0602547
-0.0251425
-0.00583864
-0.0957104
-0.116194
-0.140655
-0.121551
-0.0698725
-0.0368055
-0.287092
-0.22288
-0.175565
-0.287092
-0.22288
-0.175565
-0.121551
-0.0698723
-0.0368055
-0.09571
-0.116193
-0.140654
-0.0602544
-0.0251423
-0.00583851
-0.118463
-0.192991
-0.269085
-0.30806
-0.321179
-0.337041
-0.196969
-0.275744
-0.336085
-0.176537
-0.294802
-0.317918
-0.0442912
0.00848997
0.0467881
-0.0660661
-0.249964
-0.338709
0.0107244
0.0537045
0.0638828
-0.163971
-0.371708
-0.48382
-0.463385
-0.402556
-0.362487
-0.37106
-0.449944
-0.501496
-0.549395
-0.640893
-0.716002
-0.549396
-0.640893
-0.716002
-0.37106
-0.449945
-0.501497
-0.0736153
-0.189284
-0.324697
-0.520302
-0.681745
-0.742103
-0.590817
-0.563009
-0.465636
-0.590816
-0.563006
-0.465633
-0.5203
-0.681745
-0.742102
-0.073614
-0.189282
-0.324695
-0.163971
-0.371708
-0.483821
-0.196969
-0.275744
-0.336086
-0.30806
-0.32118
-0.337042
-0.118462
-0.192991
-0.269085
-0.463386
-0.402557
-0.362488
0.0107251
0.0537048
0.0638826
-0.0660671
-0.249965
-0.33871
-0.0442924
0.00848901
0.0467875
-0.176539
-0.294804
-0.317919
-0.00158325
-0.00715325
-0.0173511
-0.00158363
-0.00715351
-0.0173511
0.00931596
0.00791074
0.00445902
-0.09571
-0.116193
-0.140655
-0.121552
-0.0698729
-0.036806
-0.287095
-0.222881
-0.175565
-0.287095
-0.222883
-0.175567
-0.121553
-0.0698737
-0.0368062
-0.0957121
-0.116196
-0.140657
-0.060256
-0.0251432
-0.00583897
-0.30806
-0.32118
-0.337043
-0.196969
-0.275745
-0.336087
-0.044293
0.00848757
0.0467849
-0.0660698
-0.249967
-0.338712
0.0107181
0.0536995
0.0638788
-0.163978
-0.371714
-0.483825
-0.463389
-0.402559
-0.362489
-0.371063
-0.449948
-0.5015
-0.5494
-0.640897
-0.716006
-0.549398
-0.640895
-0.716004
-0.371063
-0.449948
-0.5015
-0.0736227
-0.189292
-0.324705
-0.520308
-0.68175
-0.742106
-0.590816
-0.563011
-0.465642
-0.590812
-0.563001
-0.465628
-0.520296
-0.681744
-0.742104
-0.0736102
-0.189278
-0.32469
-0.163968
-0.371707
-0.483822
-0.196971
-0.275747
-0.336089
-0.308063
-0.321183
-0.337044
-0.118465
-0.192994
-0.269088
-0.463387
-0.402559
-0.36249
0.0107287
0.0537082
0.0638861
-0.0660644
-0.249964
-0.338712
-0.044289
0.0084925
0.0467909
-0.176537
-0.294804
-0.317921
-0.00158363
-0.00715365
-0.0173515
-0.00158364
-0.00715367
-0.0173515
0.00931596
0.00791073
0.00445901
-0.0957121
-0.116196
-0.140657
-0.121554
-0.0698742
-0.0368068
-0.287098
-0.222884
-0.175568
-0.287098
-0.222885
-0.175568
-0.121554
-0.0698743
-0.0368068
-0.0957123
-0.116196
-0.140657
-0.0602561
-0.0251433
-0.00583901
-0.308063
-0.321183
-0.337045
-0.196972
-0.275748
-0.336089
-0.0442889
0.0084929
0.0467915
-0.0660642
-0.249965
-0.338713
0.0107278
0.0537083
0.0638866
-0.16397
-0.37171
-0.483826
-0.463391
-0.402561
-0.362491
-0.371067
-0.449952
-0.501504
-0.549403
-0.640901
-0.71601
-0.549403
-0.640901
-0.71601
-0.371067
-0.449952
-0.501504
-0.0736124
-0.189282
-0.324694
-0.5203
-0.681748
-0.742109
-0.590801
-0.562999
-0.46563
-0.5908
-0.562996
-0.465627
-0.520298
-0.681747
-0.742109
-0.0736099
-0.189279
-0.324691
-0.163968
-0.371709
-0.483825
-0.196972
-0.275749
-0.33609
-0.308064
-0.321183
-0.337045
-0.118465
-0.192994
-0.269088
-0.463391
-0.402561
-0.362492
0.0107297
0.0537097
0.0638876
-0.0660636
-0.249965
-0.338713
-0.0442886
0.00849339
0.0467923
-0.176537
-0.294804
-0.317921
-0.00158365
-0.00715352
-0.0173511
-0.00158325
-0.00715325
-0.0173511
0.009316
0.00791079
0.00445924
-0.0957122
-0.116196
-0.140657
-0.121553
-0.0698737
-0.0368062
-0.287095
-0.222882
-0.175567
-0.287094
-0.222881
-0.175565
-0.121552
-0.0698728
-0.036806
-0.09571
-0.116193
-0.140654
-0.0602544
-0.0251423
-0.00583852
-0.308063
-0.321183
-0.337045
-0.196971
-0.275747
-0.336089
-0.0442889
0.00849236
0.0467906
-0.0660648
-0.249965
-0.338712
0.0107284
0.0537077
0.0638856
-0.163968
-0.371707
-0.483821
-0.463387
-0.402559
-0.36249
-0.371062
-0.449947
-0.501499
-0.549397
-0.640894
-0.716004
-0.5494
-0.640897
-0.716005
-0.371062
-0.449947
-0.5015
-0.0736102
-0.189278
-0.32469
-0.520296
-0.681743
-0.742104
-0.590813
-0.563001
-0.465627
-0.590818
-0.563014
-0.465645
-0.520311
-0.681751
-0.742106
-0.0736254
-0.189295
-0.324708
-0.16398
-0.371715
-0.483825
-0.196969
-0.275745
-0.336086
-0.30806
-0.32118
-0.337043
-0.118462
-0.192991
-0.269085
-0.463389
-0.402559
-0.362489
0.0107158
0.0536975
0.0638772
-0.066071
-0.249968
-0.338712
-0.0442932
0.00848692
0.0467838
-0.176539
-0.294804
-0.317919
-0.00158323
-0.0071531
-0.0173508
-0.00158327
-0.0071532
-0.0173508
-0.09571
-0.116193
-0.140654
-0.121551
-0.0698723
-0.0368055
-0.287092
-0.22288
-0.175565
-0.287092
-0.22288
-0.175565
-0.121551
-0.0698725
-0.0368055
-0.0957104
-0.116194
-0.140655
-0.30806
-0.32118
-0.337042
-0.196969
-0.275744
-0.336086
-0.0442924
0.00848901
0.0467875
-0.0660671
-0.249965
-0.33871
0.0107251
0.0537048
0.0638826
-0.163971
-0.371708
-0.483821
-0.463386
-0.402557
-0.362488
-0.37106
-0.449945
-0.501497
-0.549396
-0.640893
-0.716002
-0.549395
-0.640893
-0.716002
-0.37106
-0.449944
-0.501496
-0.073614
-0.189282
-0.324695
-0.5203
-0.681745
-0.742102
-0.590816
-0.563006
-0.465633
-0.590817
-0.563009
-0.465636
-0.520302
-0.681745
-0.742103
-0.0736153
-0.189284
-0.324697
-0.163971
-0.371708
-0.48382
-0.196969
-0.275744
-0.336085
-0.30806
-0.321179
-0.337041
-0.463385
-0.402556
-0.362487
0.0107244
0.0537045
0.0638828
-0.0660661
-0.249964
-0.338709
-0.0442912
0.00848997
0.0467881
0.0412085
0.28545
0.48845
0.570393
0.588961
0.601839
0.191903
0.425809
0.577916
0.42161
0.554864
0.589292
0.304959
0.269515
0.250192
0.342627
0.508052
0.603283
0.307529
0.268876
0.249913
0.429806
0.575322
0.634819
0.623795
0.622338
0.613774
0.118823
0.380766
0.56697
0.239103
0.0849675
-0.0176006
-0.0553355
-0.0656168
-0.0753801
0.158193
0.0205843
-0.0604812
-0.030346
-0.0629121
-0.0654263
0
0
0
-0.0277349
-0.0702956
-0.086944
0
0
0
-0.0294157
-0.0739547
-0.0809059
-0.0774993
-0.0871322
-0.0841039
0.241811
0.0818745
-0.029219
-0.0424675
0.0248096
0.131202
0.523706
0.390437
0.26057
0.370915
0.449395
0.536407
0
0
0
0.0366161
0.0902651
0.155881
0
0
0
0.168773
0.439109
0.630803
0.624091
0.455275
0.284532
0.733346
0.778377
0.746687
0.692865
0.679803
0.623368
0.608895
0.568576
0.496084
-0.255558
0.0407859
0.321919
0.623332
0.634981
0.538339
0.599709
0.399629
0.147542
0.0856166
0.240672
0.380878
-0.522623
-0.362251
-0.131225
-0.0645288
-0.162986
-0.194377
-0.064526
-0.162985
-0.194377
-0.522622
-0.362249
-0.131222
0.645416
0.541527
0.388145
0.18634
-0.00201691
-0.137287
-0.202948
-0.00379764
0.19352
-0.202948
-0.00379735
0.19352
0.186341
-0.00201613
-0.137287
0.645418
0.541529
0.388146
0.599712
0.399632
0.147545
0.757204
0.794411
0.703679
0.39717
0.553299
0.61315
0
0
0
0.11405
0.353055
0.540363
0
0
0
-0.240508
-0.564348
-0.703223
-0.444642
0.0460039
0.442564
-0.402003
-0.568067
-0.684916
-0.962806
-1.3333
-1.47802
-0.962806
-1.3333
-1.47802
-0.402003
-0.568067
-0.684916
0
0
0
-0.317876
-0.900309
-1.32096
0
0
0
0
0
0
-0.317876
-0.900309
-1.32096
0
0
0
-0.240507
-0.564348
-0.703222
0.397171
0.5533
0.613151
0.757205
0.794412
0.70368
0.733348
0.778378
0.746688
-0.444642
0.0460044
0.442564
0
0
0
0.11405
0.353055
0.540364
0
0
0
0.168773
0.439109
0.630804
0.191903
0.42581
0.577918
0.570394
0.588963
0.601841
0.0412072
0.28545
0.488451
0.118825
0.380768
0.566972
0.623797
0.62234
0.613776
0.429808
0.575325
0.634821
0.307531
0.268878
0.249915
0.342629
0.508054
0.603285
0.304961
0.269516
0.250193
0.421613
0.554867
0.589293
-0.255555
0.0407891
0.321922
0.608897
0.568578
0.496087
0.0856202
0.240676
0.380881
0.692867
0.679806
0.623371
0.623335
0.634984
0.538342
0.370917
0.449397
0.536409
0.523708
0.390438
0.260571
-0.0424672
0.0248103
0.131203
0.241813
0.0818754
-0.0292186
0.624092
0.455276
0.284533
0
0
0
0.0366163
0.0902657
0.155882
0
0
0
-0.0294157
-0.0739547
-0.0809058
0.158195
0.0205847
-0.0604812
-0.0553357
-0.0656171
-0.0753804
0.239104
0.0849682
-0.0176005
-0.0774993
-0.0871324
-0.0841041
0
0
0
-0.027735
-0.0702959
-0.0869443
0
0
0
-0.0303461
-0.0629124
-0.0654266
0.570394
0.588963
0.60184
0.191899
0.425808
0.577917
0.304961
0.269517
0.250194
0.34263
0.508055
0.603285
0.307531
0.268879
0.249915
0.429807
0.575323
0.634818
0.623794
0.622338
0.613775
0.118817
0.380761
0.566968
-0.0553356
-0.065617
-0.0753802
0.158195
0.0205852
-0.060481
0
0
0
-0.0277351
-0.0702958
-0.0869443
0
0
0
-0.0294159
-0.0739551
-0.0809063
-0.0774995
-0.0871323
-0.084104
0.241812
0.0818748
-0.0292191
-0.0424681
0.0248082
0.1312
0.523702
0.390433
0.260566
0.370915
0.449394
0.536404
0
0
0
0.036615
0.0902626
0.155878
0
0
0
0.16877
0.439103
0.630795
0.624082
0.455268
0.284527
0.733339
0.778368
0.746679
0.692858
0.679796
0.623363
0.608893
0.568571
0.496079
-0.255565
0.0407787
0.321912
0.623328
0.634976
0.538334
0.599704
0.399626
0.147541
0.0856139
0.240667
0.380872
-0.52262
-0.362249
-0.131224
-0.0645274
-0.16298
-0.194364
-0.0645089
-0.162967
-0.194359
-0.522616
-0.362237
-0.131206
0.645411
0.541525
0.388148
0.186349
-0.00200469
-0.137272
-0.202909
-0.00377284
0.193532
-0.202903
-0.00375771
0.193552
0.186368
-0.00199125
-0.137267
0.645421
0.541541
0.388168
0.599717
0.399645
0.147561
0.757196
0.794406
0.70368
0.397177
0.553304
0.613156
0
0
0
0.114053
0.353062
0.54037
0
0
0
-0.240498
-0.564323
-0.703185
-0.444605
0.0460288
0.442576
-0.401954
-0.568017
-0.68487
-0.96276
-1.33325
-1.47798
-0.962734
-1.33323
-1.47798
-0.401947
-0.567998
-0.684842
0
0
0
-0.317875
-0.900301
-1.32094
0
0
0
0
0
0
-0.317874
-0.900298
-1.32094
0
0
0
-0.240489
-0.5643
-0.703155
0.397198
0.553324
0.613173
0.757181
0.794401
0.703688
0.733341
0.77836
0.746662
-0.444572
0.04606
0.442598
0
0
0
0.114058
0.353073
0.540384
0
0
0
0.168765
0.439088
0.630775
0.191907
0.425815
0.577922
0.570399
0.588967
0.601844
0.041212
0.285456
0.488457
0.118829
0.380773
0.566977
0.6238
0.622343
0.613779
0.429804
0.575324
0.634823
0.307527
0.268875
0.249912
0.342628
0.508055
0.603288
0.304959
0.269515
0.250191
0.421611
0.554868
0.589297
-0.255549
0.0407978
0.32193
0.608901
0.568583
0.496093
0.0856349
0.240687
0.38089
0.692863
0.679797
0.623361
0.623328
0.634984
0.538348
0.370911
0.449389
0.536399
0.523695
0.390421
0.260551
-0.0424734
0.0247996
0.131187
0.241807
0.0818694
-0.0292238
0.624061
0.455248
0.284509
0
0
0
0.03661
0.0902508
0.155863
0
0
0
-0.0294167
-0.0739572
-0.0809096
0.158192
0.0205825
-0.0604829
-0.0553375
-0.0656185
-0.0753816
0.239101
0.0849649
-0.0176033
-0.0775025
-0.0871342
-0.0841054
0
0
0
-0.0277351
-0.0702961
-0.0869452
0
0
0
-0.0303462
-0.062913
-0.0654281
0.570399
0.588967
0.601844
0.191907
0.425815
0.577922
0.304958
0.269514
0.25019
0.342627
0.508053
0.603287
0.307522
0.268872
0.249911
0.429798
0.575319
0.634819
0.623798
0.622342
0.613779
0.118828
0.380771
0.566974
-0.0553376
-0.0656186
-0.0753819
0.158191
0.0205816
-0.0604835
0
0
0
-0.0277351
-0.0702962
-0.0869454
0
0
0
-0.0294173
-0.0739588
-0.0809122
-0.0775047
-0.0871353
-0.084106
0.241802
0.0818647
-0.0292275
-0.0424777
0.0247922
0.131175
0.523679
0.390405
0.260536
0.370904
0.449379
0.536386
0
0
0
0.0366064
0.0902419
0.155851
0
0
0
0.168759
0.439071
0.630752
0.624037
0.455226
0.284492
0.733324
0.778337
0.746637
0.692847
0.67978
0.623344
0.608897
0.568577
0.496086
-0.255552
0.0407936
0.321925
0.623314
0.634972
0.538339
0.599707
0.399642
0.147566
0.0856375
0.240684
0.380883
-0.522601
-0.362224
-0.131196
-0.0644951
-0.162939
-0.194318
-0.0644914
-0.162937
-0.194317
-0.5226
-0.362221
-0.131192
0.645411
0.541542
0.388184
0.186399
-0.00195088
-0.137221
-0.202829
-0.00370211
0.193588
-0.202828
-0.0037005
0.19359
0.186402
-0.00194894
-0.13722
0.645413
0.541544
0.388186
0.599709
0.399646
0.14757
0.757157
0.794382
0.703681
0.397217
0.553333
0.613175
0
0
0
0.114059
0.353073
0.540384
0
0
0
-0.240481
-0.564274
-0.703111
-0.444526
0.046089
0.442608
-0.401866
-0.567923
-0.68478
-0.962677
-1.33318
-1.47793
-0.962675
-1.33317
-1.47793
-0.401865
-0.567922
-0.684778
0
0
0
-0.31787
-0.900283
-1.3209
0
0
0
0
0
0
-0.317869
-0.900282
-1.3209
0
0
0
-0.24048
-0.564273
-0.703109
0.397219
0.553334
0.613175
0.757154
0.79438
0.70368
0.733324
0.778336
0.746635
-0.444524
0.0460903
0.442608
0
0
0
0.114058
0.353072
0.540383
0
0
0
0.168759
0.43907
0.63075
0.191909
0.425817
0.577923
0.5704
0.588968
0.601845
0.0412124
0.285457
0.488458
0.11883
0.380774
0.566976
0.623799
0.622343
0.61378
0.429799
0.57532
0.634821
0.307522
0.268872
0.24991
0.342627
0.508054
0.603288
0.304958
0.269514
0.25019
0.421611
0.554868
0.589298
-0.255548
0.0407977
0.321929
0.608899
0.56858
0.49609
0.0856419
0.240688
0.380887
0.692848
0.679781
0.623345
0.623316
0.634975
0.538343
0.370904
0.44938
0.536387
0.52368
0.390404
0.260535
-0.0424783
0.0247916
0.131174
0.241801
0.0818642
-0.029228
0.624035
0.455225
0.284491
0
0
0
0.036606
0.090241
0.155849
0
0
0
-0.0294175
-0.0739591
-0.0809126
0.158191
0.0205812
-0.0604839
-0.0553378
-0.0656189
-0.0753822
0.239101
0.0849646
-0.0176036
-0.0775052
-0.0871357
-0.0841063
0
0
0
-0.0277352
-0.0702963
-0.0869457
0
0
0
-0.0303463
-0.0629131
-0.0654283
0.5704
0.588968
0.601845
0.191907
0.425815
0.577923
0.304959
0.269515
0.250191
0.342628
0.508055
0.603288
0.307527
0.268875
0.249913
0.429804
0.575324
0.634823
0.6238
0.622344
0.61378
0.118829
0.380773
0.566977
-0.0553377
-0.0656186
-0.0753817
0.158192
0.0205825
-0.060483
0
0
0
-0.0277351
-0.0702961
-0.0869452
0
0
0
-0.0294167
-0.0739572
-0.0809097
-0.0775025
-0.0871342
-0.0841055
0.241807
0.0818695
-0.0292238
-0.0424735
0.0247994
0.131186
0.523695
0.39042
0.26055
0.370911
0.449389
0.536399
0
0
0
0.03661
0.0902507
0.155863
0
0
0
0.168765
0.439088
0.630775
0.624061
0.455247
0.284509
0.733341
0.778359
0.746661
0.692863
0.679797
0.62336
0.608901
0.568583
0.496094
-0.255548
0.0407984
0.321931
0.623328
0.634984
0.538348
0.599717
0.399645
0.147562
0.0856356
0.240688
0.380891
-0.522617
-0.362237
-0.131206
-0.0645085
-0.162967
-0.19436
-0.0645304
-0.162982
-0.194365
-0.522622
-0.362252
-0.131228
0.645422
0.541542
0.388169
0.186369
-0.00199109
-0.137267
-0.202901
-0.00375658
0.193553
-0.202908
-0.00377275
0.193532
0.186348
-0.00200604
-0.137273
0.645409
0.541523
0.388147
0.599702
0.399623
0.147537
0.757181
0.794401
0.703689
0.397198
0.553325
0.613174
0
0
0
0.114058
0.353073
0.540385
0
0
0
-0.240489
-0.564299
-0.703154
-0.44457
0.0460616
0.442599
-0.401946
-0.567996
-0.68484
-0.962733
-1.33323
-1.47798
-0.96276
-1.33325
-1.47798
-0.401953
-0.568016
-0.684869
0
0
0
-0.317874
-0.900298
-1.32094
0
0
0
0
0
0
-0.317875
-0.900302
-1.32094
0
0
0
-0.240499
-0.564324
-0.703185
0.397176
0.553304
0.613156
0.757197
0.794407
0.703681
0.733338
0.778368
0.746679
-0.444604
0.0460295
0.442577
0
0
0
0.114053
0.353062
0.540371
0
0
0
0.168771
0.439103
0.630795
0.191898
0.425807
0.577916
0.570394
0.588963
0.60184
0.0412072
0.28545
0.488451
0.118815
0.380759
0.566967
0.623794
0.622338
0.613775
0.429808
0.575324
0.634818
0.307532
0.268879
0.249916
0.342631
0.508055
0.603285
0.304961
0.269517
0.250194
0.421613
0.554867
0.589293
-0.255569
0.0407753
0.32191
0.608892
0.56857
0.496077
0.0856106
0.240664
0.380869
0.692857
0.679796
0.623363
0.623328
0.634976
0.538332
0.370916
0.449395
0.536404
0.523703
0.390433
0.260566
-0.042468
0.0248083
0.1312
0.241813
0.0818752
-0.0292189
0.624083
0.455269
0.284527
0
0
0
0.036615
0.0902626
0.155878
0
0
0
-0.0294159
-0.0739551
-0.0809063
0.158196
0.0205854
-0.0604809
-0.0553356
-0.0656169
-0.0753802
0.239104
0.0849682
-0.0176005
-0.0774994
-0.0871323
-0.0841039
0
0
0
-0.0277351
-0.0702958
-0.0869443
0
0
0
-0.0303461
-0.0629124
-0.0654266
0.570394
0.588963
0.601841
0.191903
0.42581
0.577918
0.304961
0.269516
0.250193
0.342629
0.508054
0.603285
0.307531
0.268878
0.249915
0.429808
0.575325
0.634821
0.623797
0.62234
0.613776
0.118825
0.380768
0.566972
-0.0553357
-0.0656171
-0.0753804
0.158195
0.0205847
-0.0604812
0
0
0
-0.027735
-0.0702959
-0.0869443
0
0
0
-0.0294157
-0.0739547
-0.0809058
-0.0774993
-0.0871324
-0.0841041
0.241813
0.0818754
-0.0292186
-0.0424672
0.0248103
0.131203
0.523708
0.390438
0.260571
0.370917
0.449397
0.536409
0
0
0
0.0366163
0.0902657
0.155882
0
0
0
0.168773
0.439109
0.630804
0.624092
0.455276
0.284533
0.733348
0.778378
0.746688
0.692867
0.679806
0.623371
0.608897
0.568578
0.496087
-0.255555
0.0407891
0.321922
0.623335
0.634984
0.538342
0.599712
0.399632
0.147545
0.0856202
0.240676
0.380881
-0.522622
-0.362249
-0.131222
-0.064526
-0.162985
-0.194377
-0.0645288
-0.162986
-0.194377
-0.522623
-0.362251
-0.131225
0.645418
0.541529
0.388146
0.186341
-0.00201613
-0.137287
-0.202948
-0.00379735
0.19352
-0.202948
-0.00379764
0.19352
0.18634
-0.00201691
-0.137287
0.645416
0.541527
0.388145
0.599709
0.399629
0.147542
0.757205
0.794412
0.70368
0.397171
0.5533
0.613151
0
0
0
0.11405
0.353055
0.540364
0
0
0
-0.240507
-0.564348
-0.703222
-0.444642
0.0460045
0.442564
-0.402003
-0.568067
-0.684916
-0.962806
-1.3333
-1.47802
-0.962806
-1.3333
-1.47802
-0.402003
-0.568067
-0.684916
0
0
0
-0.317876
-0.900309
-1.32096
0
0
0
0
0
0
-0.317876
-0.900309
-1.32096
0
0
0
-0.240508
-0.564348
-0.703223
0.39717
0.553299
0.61315
0.757204
0.794411
0.703679
0.733346
0.778377
0.746687
-0.444642
0.0460039
0.442564
0
0
0
0.11405
0.353055
0.540363
0
0
0
0.168773
0.439109
0.630803
0.191903
0.425809
0.577916
0.570393
0.588961
0.601839
0.118823
0.380766
0.56697
0.623795
0.622338
0.613774
0.429806
0.575322
0.634819
0.307529
0.268876
0.249913
0.342627
0.508052
0.603283
0.304959
0.269515
0.250192
-0.255558
0.0407859
0.321919
0.608895
0.568576
0.496084
0.0856166
0.240672
0.380878
0.692865
0.679803
0.623368
0.623332
0.634981
0.538339
0.370915
0.449395
0.536407
0.523706
0.390437
0.26057
-0.0424675
0.0248096
0.131202
0.241811
0.0818745
-0.029219
0.624091
0.455275
0.284532
0
0
0
0.0366161
0.0902651
0.155881
0
0
0
-0.0294157
-0.0739547
-0.0809059
0.158193
0.0205843
-0.0604812
-0.0553355
-0.0656168
-0.0753801
-0.0774993
-0.0871322
-0.0841039
0
0
0
-0.0277349
-0.0702956
-0.086944
0
0
0
0.00928161
0.00732721
0.00281357
0.00732721
0.00482345
-0.00143757
0.00281364
-0.00143754
-0.0101479
-0.00820551
-0.029611
-0.0675504
-0.0153387
-0.0410771
-0.0847223
-0.0272978
-0.0578904
-0.106691
-0.0493171
-0.084801
-0.139106
-0.0848009
-0.125589
-0.184423
-0.139106
-0.184423
-0.247116
-0.00820539
-0.0153385
-0.0272977
-0.0296107
-0.0410768
-0.0578902
-0.0675501
-0.0847219
-0.10669
-0.129882
-0.205761
-0.279966
-0.152626
-0.230857
-0.299925
-0.179703
-0.25879
-0.32214
-0.320394
-0.283483
-0.150445
-0.32427
-0.263783
-0.106436
-0.33146
-0.25115
-0.0751903
-0.349809
-0.253631
-0.0632913
-0.384835
-0.278298
-0.0779676
-0.443598
-0.331384
-0.125216
-0.216104
-0.295662
-0.353027
-0.264891
-0.343961
-0.397236
-0.329946
-0.409314
-0.460006
-0.414515
-0.49436
-0.545807
-0.49436
-0.576875
-0.633112
-0.545808
-0.633113
-0.700699
-0.530191
-0.419328
-0.212554
-0.626239
-0.525619
-0.326066
-0.712353
-0.633864
-0.455409
-0.755315
-0.715838
-0.577888
-0.715838
-0.726934
-0.645646
-0.577886
-0.645645
-0.635247
-0.530192
-0.626239
-0.712353
-0.419328
-0.525619
-0.633863
-0.212553
-0.326065
-0.455407
-0.129882
-0.152625
-0.179703
-0.205761
-0.230857
-0.25879
-0.279967
-0.299926
-0.322141
-0.216104
-0.264891
-0.329946
-0.295663
-0.343962
-0.409314
-0.353028
-0.397237
-0.460006
-0.34981
-0.384836
-0.443599
-0.253632
-0.278299
-0.331384
-0.0632921
-0.077968
-0.125216
-0.320395
-0.324271
-0.331461
-0.283485
-0.263785
-0.251151
-0.150446
-0.106437
-0.0751914
0.00928161
0.0073272
0.00281359
0.00732712
0.00482336
-0.00143763
0.00281345
-0.00143779
-0.0101482
-0.00820542
-0.0296107
-0.0675501
-0.0153387
-0.041077
-0.0847221
-0.027298
-0.0578905
-0.106691
-0.0493177
-0.0848016
-0.139107
-0.0848022
-0.12559
-0.184425
-0.139108
-0.184425
-0.247118
-0.00820588
-0.0153391
-0.0272984
-0.0296117
-0.0410779
-0.0578914
-0.0675517
-0.0847238
-0.106692
-0.129882
-0.205761
-0.279967
-0.152625
-0.230857
-0.299926
-0.179703
-0.25879
-0.322141
-0.320395
-0.283485
-0.150447
-0.324271
-0.263786
-0.106438
-0.331462
-0.251153
-0.0751936
-0.349812
-0.253635
-0.0632955
-0.384838
-0.278303
-0.0779728
-0.443602
-0.331389
-0.125222
-0.216105
-0.295663
-0.353029
-0.264893
-0.343963
-0.397238
-0.329949
-0.409317
-0.460009
-0.414518
-0.494364
-0.545811
-0.494364
-0.576879
-0.633117
-0.54581
-0.633116
-0.700703
-0.530196
-0.419334
-0.212561
-0.626244
-0.525626
-0.326074
-0.712358
-0.63387
-0.455416
-0.755318
-0.715842
-0.577893
-0.715837
-0.726934
-0.645648
-0.577882
-0.645641
-0.635244
-0.530192
-0.62624
-0.712355
-0.419327
-0.525618
-0.633862
-0.21255
-0.326061
-0.455404
-0.129884
-0.152628
-0.179705
-0.205764
-0.23086
-0.258793
-0.27997
-0.299929
-0.322144
-0.216107
-0.264894
-0.329949
-0.295666
-0.343965
-0.409317
-0.353031
-0.397239
-0.460009
-0.349811
-0.384837
-0.4436
-0.253631
-0.278298
-0.331383
-0.0632893
-0.0779651
-0.125213
-0.320397
-0.324272
-0.331463
-0.283485
-0.263785
-0.251151
-0.150444
-0.106435
-0.0751888
0.00928159
0.0073271
0.00281339
0.0073271
0.00482325
-0.00143789
0.00281338
-0.0014379
-0.0101485
-0.00820591
-0.0296117
-0.0675518
-0.0153393
-0.0410781
-0.084724
-0.0272987
-0.0578918
-0.106693
-0.0493185
-0.0848031
-0.139109
-0.0848031
-0.125592
-0.184427
-0.139109
-0.184427
-0.247121
-0.00820594
-0.0153393
-0.0272988
-0.0296118
-0.0410782
-0.0578919
-0.0675519
-0.0847241
-0.106693
-0.129884
-0.205764
-0.27997
-0.152628
-0.230861
-0.299929
-0.179706
-0.258793
-0.322144
-0.320397
-0.283485
-0.150444
-0.324273
-0.263785
-0.106435
-0.331463
-0.251151
-0.0751885
-0.349813
-0.253632
-0.0632892
-0.384839
-0.2783
-0.0779656
-0.443603
-0.331386
-0.125215
-0.216108
-0.295667
-0.353032
-0.264896
-0.343967
-0.397241
-0.329953
-0.409321
-0.460012
-0.414522
-0.494369
-0.545815
-0.494369
-0.576884
-0.633121
-0.545815
-0.633121
-0.700708
-0.530197
-0.419331
-0.212553
-0.626246
-0.525623
-0.326065
-0.71236
-0.633868
-0.455408
-0.75532
-0.71584
-0.577885
-0.715839
-0.726932
-0.645639
-0.577882
-0.645637
-0.635234
-0.530197
-0.626245
-0.71236
-0.41933
-0.525621
-0.633866
-0.212551
-0.326063
-0.455405
-0.129884
-0.152628
-0.179706
-0.205765
-0.230861
-0.258794
-0.27997
-0.299929
-0.322145
-0.216108
-0.264896
-0.329953
-0.295667
-0.343967
-0.409321
-0.353032
-0.397242
-0.460012
-0.349813
-0.384839
-0.443603
-0.253632
-0.278299
-0.331385
-0.0632885
-0.0779645
-0.125213
-0.320398
-0.324273
-0.331464
-0.283485
-0.263785
-0.251151
-0.150444
-0.106434
-0.075188
0.00928161
0.00732712
0.00281344
0.0073272
0.00482336
-0.0014378
0.00281359
-0.00143763
-0.0101482
-0.0082059
-0.0296117
-0.0675518
-0.0153392
-0.041078
-0.0847239
-0.0272984
-0.0578915
-0.106692
-0.0493177
-0.0848022
-0.139108
-0.0848016
-0.12559
-0.184425
-0.139107
-0.184424
-0.247118
-0.00820541
-0.0153387
-0.027298
-0.0296107
-0.0410769
-0.0578905
-0.0675501
-0.084722
-0.10669
-0.129884
-0.205765
-0.27997
-0.152628
-0.23086
-0.299929
-0.179706
-0.258793
-0.322144
-0.320397
-0.283485
-0.150444
-0.324273
-0.263785
-0.106435
-0.331463
-0.251151
-0.0751891
-0.349812
-0.253632
-0.0632898
-0.384837
-0.278298
-0.0779655
-0.443599
-0.331383
-0.125213
-0.216107
-0.295666
-0.353031
-0.264894
-0.343965
-0.397239
-0.329949
-0.409317
-0.460008
-0.414518
-0.494363
-0.54581
-0.494363
-0.576878
-0.633115
-0.545811
-0.633116
-0.700702
-0.530192
-0.419326
-0.21255
-0.626239
-0.525617
-0.326061
-0.712354
-0.633862
-0.455403
-0.755318
-0.715837
-0.577882
-0.715843
-0.726935
-0.645641
-0.577895
-0.64565
-0.635246
-0.530197
-0.626244
-0.712358
-0.419335
-0.525627
-0.633871
-0.212563
-0.326076
-0.455419
-0.129882
-0.152625
-0.179703
-0.205761
-0.230857
-0.25879
-0.279966
-0.299926
-0.322141
-0.216104
-0.264892
-0.329948
-0.295663
-0.343963
-0.409316
-0.353029
-0.397238
-0.460009
-0.349812
-0.384839
-0.443603
-0.253635
-0.278304
-0.331391
-0.0632968
-0.0779745
-0.125224
-0.320395
-0.324271
-0.331462
-0.283485
-0.263786
-0.251153
-0.150447
-0.106439
-0.0751945
0.00928161
0.00732721
0.00281364
0.00732721
0.00482345
-0.00143754
0.00281357
-0.00143757
-0.0101479
-0.00820539
-0.0296107
-0.0675501
-0.0153385
-0.0410768
-0.0847219
-0.0272977
-0.0578902
-0.10669
-0.0493171
-0.0848009
-0.139106
-0.084801
-0.125589
-0.184423
-0.139106
-0.184423
-0.247116
-0.00820551
-0.0153387
-0.0272978
-0.029611
-0.0410771
-0.0578904
-0.0675504
-0.0847223
-0.106691
-0.129882
-0.205761
-0.279967
-0.152625
-0.230857
-0.299926
-0.179703
-0.25879
-0.322141
-0.320395
-0.283485
-0.150446
-0.324271
-0.263785
-0.106437
-0.331461
-0.251151
-0.0751914
-0.34981
-0.253632
-0.0632921
-0.384836
-0.278299
-0.077968
-0.443599
-0.331384
-0.125216
-0.216104
-0.295663
-0.353028
-0.264891
-0.343962
-0.397237
-0.329946
-0.409314
-0.460006
-0.414515
-0.49436
-0.545808
-0.49436
-0.576875
-0.633113
-0.545807
-0.633112
-0.700699
-0.530192
-0.419328
-0.212553
-0.626239
-0.525619
-0.326065
-0.712353
-0.633863
-0.455407
-0.755315
-0.715838
-0.577886
-0.715838
-0.726934
-0.645645
-0.577888
-0.645646
-0.635247
-0.530191
-0.626239
-0.712353
-0.419328
-0.525619
-0.633864
-0.212554
-0.326066
-0.455409
-0.129882
-0.152626
-0.179703
-0.205761
-0.230857
-0.25879
-0.279966
-0.299925
-0.32214
-0.216104
-0.264891
-0.329946
-0.295662
-0.343961
-0.409314
-0.353027
-0.397236
-0.460006
-0.349809
-0.384835
-0.443598
-0.253631
-0.278298
-0.331384
-0.0632913
-0.0779676
-0.125216
-0.320394
-0.32427
-0.33146
-0.283483
-0.263783
-0.25115
-0.150445
-0.106436
-0.0751903
0.0784405
0.321041
0.512313
0.137007
0.375444
0.545859
0.178285
0.412944
0.568944
0.592892
0.540212
0.397215
0.595894
0.518498
0.362433
0.599955
0.507911
0.345199
0.60854
0.511574
0.345936
0.620218
0.529078
0.365315
0.631393
0.557476
0.403315
0.1989
0.433718
0.584562
0.192018
0.432791
0.589416
0.153773
0.406739
0.580069
0.214099
0.0657285
-0.0286166
0.179409
0.0397565
-0.0442114
0.161491
0.0244302
-0.0558028
-0.0677403
-0.0607341
-0.0252635
-0.0741065
-0.060808
-0.0241335
-0.0823208
-0.0662203
-0.0262044
-0.0918342
-0.0741896
-0.029706
-0.0968269
-0.0803817
-0.0321618
-0.0913231
-0.07964
-0.0316969
0.159695
0.0198162
-0.0635738
0.176148
0.0290768
-0.0627316
0.213175
0.0571012
-0.0465464
0.277912
0.114447
-0.00342977
0.362886
0.200922
0.0716548
0.466163
0.31828
0.18565
-0.0635543
-0.0631873
-0.0249458
-0.00603455
-0.0244331
-0.00941748
0.0894933
0.0428179
0.017546
0.231719
0.145471
0.0580001
0.393448
0.264333
0.104041
0.556462
0.38469
0.149157
0.580183
0.46676
0.343722
0.672593
0.611785
0.514125
0.72681
0.733797
0.676415
0.0737777
0.34491
0.546602
-0.038112
0.249211
0.484332
-0.177795
0.119986
0.386765
0.634805
0.593407
0.4608
0.619692
0.623821
0.526676
0.575957
0.638259
0.59318
0.490944
0.621611
0.646912
0.372822
0.56528
0.664621
0.228391
0.4662
0.636233
-0.33221
-0.0415706
0.248124
-0.454112
-0.195195
0.094065
-0.520011
-0.319113
-0.0595947
-0.499669
-0.385217
-0.18971
-0.385215
-0.36341
-0.253401
-0.189707
-0.253399
-0.237193
0.0701348
0.325322
0.55032
-0.0556468
0.179433
0.422755
-0.127886
0.0499411
0.269862
-0.123733
-0.0392931
0.105927
-0.0392926
-0.0631332
-0.0334403
0.105928
-0.03344
-0.14917
0.0701377
-0.055645
-0.127885
0.325325
0.179435
0.0499423
0.550322
0.422756
0.269864
0.721668
0.803837
0.798179
0.645448
0.785426
0.823531
0.499639
0.662936
0.724297
0.68846
0.481037
0.182429
0.728728
0.506701
0.185868
0.644336
0.435666
0.150592
0.393965
0.239231
0.0663761
0.0130876
-0.0491432
-0.0491943
-0.453165
-0.389082
-0.177709
0.28063
0.412403
0.460942
0.0270935
0.0705351
0.0684074
-0.252091
-0.340988
-0.417733
-0.547094
-0.788075
-0.939591
-0.788075
-1.13955
-1.32766
-0.939591
-1.32766
-1.50013
-0.934715
-0.720771
-0.293674
-1.2645
-0.92378
-0.354082
-1.37175
-0.957869
-0.348417
-1.19746
-0.794571
-0.271704
-0.794571
-0.497212
-0.156569
-0.271704
-0.156569
-0.0419916
-0.934714
-1.2645
-1.37175
-0.720771
-0.923779
-0.957869
-0.293673
-0.354081
-0.348417
0.72167
0.645449
0.49964
0.803839
0.785427
0.662937
0.79818
0.823532
0.724298
0.28063
0.0270938
-0.25209
0.412403
0.0705355
-0.340988
0.460942
0.0684078
-0.417732
0.393965
0.0130882
-0.453165
0.239232
-0.0491425
-0.389081
0.0663764
-0.049194
-0.177709
0.68846
0.728728
0.644337
0.481037
0.506701
0.435666
0.182429
0.185868
0.150593
0.0784395
0.137007
0.178285
0.32104
0.375444
0.412945
0.512314
0.54586
0.568945
0.1989
0.192019
0.153774
0.433719
0.432792
0.406741
0.584563
0.589418
0.580071
0.608543
0.620221
0.631395
0.511576
0.52908
0.557479
0.345938
0.365317
0.403317
0.592894
0.595896
0.599957
0.540214
0.5185
0.507913
0.397217
0.362435
0.345201
0.0737793
-0.0381099
-0.177792
0.344912
0.249214
0.119989
0.546604
0.484334
0.386768
-0.332207
-0.454109
-0.52001
-0.0415672
-0.195191
-0.31911
0.248128
0.0940686
-0.0595912
0.490948
0.372825
0.228394
0.621614
0.565283
0.466204
0.646914
0.664623
0.636236
0.634807
0.619695
0.57596
0.593409
0.623823
0.638262
0.460802
0.526678
0.593183
0.277914
0.362888
0.466165
0.114448
0.200923
0.318282
-0.00342919
0.0716557
0.185651
0.580185
0.672595
0.726812
0.466762
0.611786
0.733799
0.343723
0.514127
0.676416
0.23172
0.393449
0.556463
0.145472
0.264333
0.384691
0.0580002
0.104041
0.149157
-0.0635541
-0.006034
0.0894942
-0.0631872
-0.0244328
0.0428184
-0.0249458
-0.00941738
0.0175462
0.214101
0.17941
0.161492
0.065729
0.039757
0.0244306
-0.0286166
-0.0442114
-0.0558029
0.159696
0.17615
0.213176
0.0198167
0.0290773
0.057102
-0.0635739
-0.0627316
-0.0465462
-0.0918345
-0.0968271
-0.0913231
-0.0741899
-0.0803819
-0.0796401
-0.0297062
-0.0321618
-0.0316969
-0.0677405
-0.0741068
-0.0823212
-0.0607344
-0.0608083
-0.0662206
-0.0252636
-0.0241336
-0.0262045
0.078439
0.32104
0.512314
0.137005
0.375443
0.545859
0.178283
0.412943
0.568944
0.592894
0.540214
0.397218
0.595896
0.5185
0.362435
0.599957
0.507913
0.345202
0.608542
0.511577
0.345939
0.62022
0.52908
0.365318
0.631393
0.557478
0.403317
0.198896
0.433716
0.584562
0.192014
0.432788
0.589416
0.153768
0.406735
0.580067
0.214101
0.0657292
-0.0286165
0.17941
0.0397573
-0.0442113
0.161493
0.0244311
-0.0558027
-0.0677405
-0.0607344
-0.0252637
-0.0741068
-0.0608083
-0.0241337
-0.0823211
-0.0662206
-0.0262045
-0.0918344
-0.0741899
-0.0297062
-0.0968272
-0.080382
-0.0321619
-0.0913234
-0.0796403
-0.031697
0.159697
0.0198171
-0.0635737
0.17615
0.0290776
-0.0627315
0.213176
0.0571018
-0.0465464
0.277913
0.114447
-0.00343022
0.362885
0.200921
0.0716534
0.46616
0.318277
0.185647
-0.0635549
-0.0631878
-0.0249461
-0.00603587
-0.0244341
-0.00941794
0.0894908
0.042816
0.0175452
0.231715
0.145468
0.0579987
0.393441
0.264328
0.104039
0.556455
0.384684
0.149155
0.580178
0.466755
0.343717
0.672586
0.611777
0.514118
0.726802
0.733789
0.676407
0.0737707
0.344905
0.546599
-0.0381199
0.249204
0.484327
-0.177803
0.119979
0.386759
0.634803
0.593407
0.460801
0.619689
0.623819
0.526675
0.575953
0.638256
0.593177
0.490938
0.621605
0.646906
0.372816
0.565274
0.664614
0.228387
0.466195
0.636227
-0.332216
-0.0415773
0.248118
-0.454115
-0.195199
0.0940598
-0.52001
-0.319114
-0.0595967
-0.499663
-0.385212
-0.189707
-0.385204
-0.3634
-0.253393
-0.189692
-0.253384
-0.237179
0.0701351
0.32532
0.550315
-0.0556418
0.179435
0.422754
-0.127875
0.0499492
0.269867
-0.123714
-0.0392765
0.105941
-0.0392671
-0.0631075
-0.0334153
0.105958
-0.0334052
-0.149132
0.0701554
-0.0556251
-0.127865
0.32534
0.179455
0.0499659
0.550331
0.422773
0.269887
0.721662
0.80383
0.79817
0.645444
0.785421
0.823526
0.499641
0.662936
0.724298
0.688452
0.481032
0.182427
0.728724
0.506699
0.185868
0.644338
0.435669
0.150595
0.393977
0.239242
0.0663812
0.0131113
-0.0491248
-0.0491865
-0.453131
-0.389058
-0.1777
0.280641
0.412414
0.460953
0.0271181
0.0705601
0.0684326
-0.25205
-0.340947
-0.417693
-0.547036
-0.788017
-0.939539
-0.788004
-1.13948
-1.32761
-0.939516
-1.3276
-1.50008
-0.934675
-0.720747
-0.293665
-1.26446
-0.923759
-0.354076
-1.37173
-0.957857
-0.348415
-1.19744
-0.794567
-0.271704
-0.794566
-0.497213
-0.156571
-0.271704
-0.156571
-0.0419924
-0.934648
-1.26445
-1.37172
-0.720725
-0.923745
-0.95785
-0.293657
-0.354071
-0.348413
0.721668
0.645457
0.49966
0.803825
0.785425
0.662951
0.798157
0.823523
0.724308
0.280663
0.0271379
-0.252038
0.412437
0.0705868
-0.340923
0.460976
0.0684634
-0.417662
0.393998
0.0131415
-0.453099
0.239258
-0.0491014
-0.389033
0.0663884
-0.0491769
-0.17769
0.688436
0.728717
0.644345
0.481019
0.506694
0.435674
0.182423
0.185867
0.150597
0.0784441
0.137011
0.178289
0.321046
0.375449
0.41295
0.51232
0.545865
0.56895
0.198904
0.192023
0.153779
0.433724
0.432797
0.406746
0.584567
0.589422
0.580075
0.608545
0.620223
0.631397
0.511576
0.52908
0.557478
0.345937
0.365315
0.403314
0.592898
0.595899
0.599959
0.540215
0.518501
0.507913
0.397216
0.362433
0.3452
0.0737841
-0.0381044
-0.177786
0.344918
0.24922
0.119997
0.546609
0.48434
0.386776
-0.3322
-0.454102
-0.520002
-0.0415578
-0.19518
-0.319099
0.248137
0.0940808
-0.0595769
0.490954
0.372835
0.228408
0.621615
0.565288
0.466213
0.646908
0.66462
0.636237
0.634809
0.619697
0.575965
0.593408
0.623822
0.638261
0.460797
0.526672
0.593176
0.277907
0.362878
0.466153
0.114441
0.200912
0.318266
-0.00343608
0.0716445
0.185634
0.580172
0.672582
0.726802
0.466742
0.611764
0.733778
0.3437
0.514099
0.676388
0.231697
0.39342
0.556433
0.145454
0.264311
0.384667
0.0579928
0.104032
0.149149
-0.0635595
-0.00604385
0.0894784
-0.063191
-0.02444
0.0428063
-0.0249474
-0.00942048
0.017541
0.214098
0.179408
0.16149
0.0657261
0.0397546
0.0244284
-0.0286188
-0.0442133
-0.0558045
0.159694
0.176146
0.213171
0.0198142
0.0290741
0.0570972
-0.0635756
-0.062734
-0.0465501
-0.0918353
-0.0968285
-0.0913258
-0.0741902
-0.0803825
-0.0796416
-0.0297062
-0.032162
-0.0316976
-0.0677419
-0.0741078
-0.082322
-0.060735
-0.0608088
-0.066221
-0.0252638
-0.0241338
-0.0262046
0.0784443
0.321047
0.51232
0.137012
0.37545
0.545865
0.17829
0.41295
0.56895
0.592898
0.540215
0.397216
0.595899
0.5185
0.362433
0.599959
0.507912
0.345199
0.608544
0.511575
0.345935
0.620221
0.529078
0.365312
0.631394
0.557474
0.40331
0.198905
0.433724
0.584567
0.192023
0.432797
0.589421
0.153778
0.406745
0.580073
0.214098
0.065726
-0.0286189
0.179407
0.0397543
-0.0442135
0.161489
0.0244277
-0.0558049
-0.0677419
-0.060735
-0.0252638
-0.0741079
-0.0608088
-0.0241338
-0.0823222
-0.066221
-0.0262046
-0.0918357
-0.0741903
-0.0297062
-0.0968293
-0.0803829
-0.0321621
-0.0913275
-0.0796426
-0.0316979
0.159692
0.019813
-0.0635764
0.176144
0.029072
-0.0627354
0.213167
0.0570936
-0.0465528
0.2779
0.114435
-0.00344103
0.362868
0.200902
0.0716363
0.46614
0.318253
0.185622
-0.0635631
-0.0631933
-0.0249483
-0.00605023
-0.0244444
-0.00942223
0.0894681
0.0427992
0.0175382
0.231682
0.145443
0.0579885
0.393401
0.264297
0.104027
0.55641
0.384651
0.149142
0.580154
0.466724
0.343682
0.672562
0.611742
0.514077
0.726783
0.733754
0.676363
0.0737821
0.344916
0.546606
-0.0381078
0.249217
0.484335
-0.17779
0.119992
0.38677
0.634804
0.593402
0.460791
0.619691
0.623813
0.526663
0.575956
0.638251
0.593164
0.490946
0.621604
0.646893
0.372829
0.565278
0.664604
0.228408
0.466207
0.636225
-0.332203
-0.0415611
0.248132
-0.4541
-0.19518
0.0940788
-0.519993
-0.319091
-0.059572
-0.499643
-0.385185
-0.189675
-0.385183
-0.36337
-0.253354
-0.189672
-0.253353
-0.237137
0.0701659
0.325343
0.550325
-0.0556009
0.179471
0.422779
-0.127826
0.0499978
0.269909
-0.123662
-0.0392186
0.105999
-0.0392173
-0.0630459
-0.0333464
0.106001
-0.0333453
-0.149057
0.0701698
-0.055598
-0.127824
0.325347
0.179474
0.0500003
0.550327
0.422781
0.269911
0.721653
0.803804
0.798133
0.645452
0.785412
0.823505
0.49967
0.662951
0.724302
0.688414
0.481003
0.182417
0.7287
0.506682
0.185862
0.644338
0.435669
0.150596
0.394006
0.239264
0.0663908
0.0131659
-0.0490859
-0.0491711
-0.453061
-0.38901
-0.177682
0.280693
0.412457
0.460989
0.0271895
0.0706297
0.0684971
-0.251965
-0.340859
-0.417609
-0.546947
-0.787922
-0.939449
-0.787921
-1.13939
-1.32753
-0.939447
-1.32753
-1.50002
-0.934602
-0.720699
-0.293649
-1.2644
-0.923721
-0.354063
-1.37168
-0.957832
-0.348407
-1.19742
-0.794554
-0.271701
-0.794554
-0.497207
-0.156569
-0.2717
-0.156569
-0.0419917
-0.9346
-1.2644
-1.37168
-0.720698
-0.92372
-0.957831
-0.293648
-0.354063
-0.348407
0.721654
0.645453
0.499671
0.803803
0.785411
0.662952
0.798131
0.823503
0.724301
0.280695
0.0271914
-0.251964
0.412459
0.0706317
-0.340857
0.46099
0.0684988
-0.417606
0.394006
0.0131669
-0.453059
0.239263
-0.0490856
-0.389009
0.0663904
-0.0491712
-0.177682
0.688411
0.728697
0.644336
0.481002
0.50668
0.435668
0.182416
0.185862
0.150596
0.0784448
0.137012
0.178291
0.321047
0.375451
0.412951
0.51232
0.545866
0.568951
0.198906
0.192025
0.15378
0.433726
0.432798
0.406747
0.584568
0.589423
0.580075
0.608545
0.620222
0.631396
0.511575
0.529078
0.557475
0.345935
0.365312
0.40331
0.592898
0.595899
0.59996
0.540215
0.518501
0.507913
0.397216
0.362433
0.345199
0.0737847
-0.0381046
-0.177786
0.344918
0.24922
0.119996
0.546608
0.484338
0.386773
-0.332199
-0.454097
-0.519991
-0.0415568
-0.195176
-0.319087
0.248136
0.0940833
-0.0595677
0.49095
0.372833
0.228413
0.621606
0.565281
0.46621
0.646895
0.664606
0.636227
0.634806
0.619693
0.575959
0.593403
0.623815
0.638253
0.460791
0.526663
0.593165
0.2779
0.362868
0.46614
0.114434
0.200902
0.318252
-0.00344156
0.0716357
0.185621
0.580155
0.672563
0.726783
0.466724
0.611742
0.733754
0.343681
0.514076
0.676361
0.231681
0.393399
0.556409
0.145442
0.264296
0.38465
0.0579881
0.104026
0.149142
-0.0635636
-0.0060509
0.0894672
-0.0631937
-0.0244449
0.0427984
-0.0249485
-0.00942246
0.0175378
0.214098
0.179407
0.161489
0.0657257
0.0397539
0.0244273
-0.0286192
-0.0442138
-0.0558053
0.159692
0.176143
0.213167
0.0198126
0.0290716
0.0570931
-0.0635768
-0.0627359
-0.0465533
-0.091836
-0.0968296
-0.091328
-0.0741905
-0.0803831
-0.0796429
-0.0297063
-0.0321622
-0.0316981
-0.0677421
-0.0741082
-0.0823224
-0.0607351
-0.0608089
-0.0662211
-0.0252639
-0.0241338
-0.0262046
0.0784444
0.321047
0.51232
0.137011
0.37545
0.545865
0.178289
0.41295
0.56895
0.592898
0.540215
0.397216
0.595899
0.518501
0.362433
0.59996
0.507914
0.3452
0.608545
0.511577
0.345937
0.620223
0.52908
0.365315
0.631398
0.557478
0.403314
0.198904
0.433724
0.584568
0.192023
0.432797
0.589422
0.153779
0.406746
0.580075
0.214098
0.0657259
-0.028619
0.179408
0.0397545
-0.0442134
0.16149
0.0244284
-0.0558046
-0.067742
-0.0607351
-0.0252638
-0.0741079
-0.0608088
-0.0241338
-0.0823221
-0.066221
-0.0262046
-0.0918353
-0.0741902
-0.0297062
-0.0968285
-0.0803825
-0.032162
-0.0913258
-0.0796416
-0.0316976
0.159694
0.0198143
-0.0635756
0.176147
0.0290742
-0.062734
0.213172
0.0570973
-0.04655
0.277907
0.114441
-0.00343609
0.362878
0.200912
0.0716443
0.466153
0.318266
0.185634
-0.0635595
-0.063191
-0.0249474
-0.00604396
-0.0244401
-0.00942049
0.0894781
0.0428062
0.017541
0.231697
0.145454
0.0579928
0.39342
0.264311
0.104032
0.556433
0.384667
0.149149
0.580171
0.466742
0.343699
0.672581
0.611764
0.514098
0.726802
0.733777
0.676387
0.0737841
0.344918
0.546609
-0.0381042
0.24922
0.48434
-0.177785
0.119997
0.386776
0.634809
0.593408
0.460798
0.619698
0.623822
0.526672
0.575965
0.638261
0.593176
0.490955
0.621615
0.646908
0.372836
0.565288
0.66462
0.228409
0.466214
0.636237
-0.3322
-0.0415572
0.248138
-0.454102
-0.19518
0.0940815
-0.520003
-0.319099
-0.0595763
-0.499665
-0.385205
-0.189691
-0.385215
-0.363402
-0.253384
-0.18971
-0.253395
-0.23718
0.0701559
0.325341
0.550331
-0.0556249
0.179455
0.422773
-0.127865
0.0499662
0.269888
-0.123715
-0.0392671
0.105959
-0.0392774
-0.0631076
-0.0334044
0.10594
-0.0334153
-0.149131
0.0701322
-0.0556441
-0.127876
0.325317
0.179433
0.0499475
0.550314
0.422752
0.269866
0.721668
0.803825
0.798157
0.645457
0.785425
0.823523
0.49966
0.662952
0.724309
0.688436
0.481019
0.182423
0.728718
0.506694
0.185867
0.644346
0.435674
0.150598
0.393999
0.239259
0.0663884
0.0131428
-0.0491008
-0.0491768
-0.453098
-0.389032
-0.17769
0.280664
0.412438
0.460978
0.0271393
0.0705887
0.0684652
-0.252036
-0.340921
-0.41766
-0.547034
-0.788003
-0.939515
-0.788016
-1.13948
-1.3276
-0.939539
-1.32761
-1.50008
-0.934647
-0.720725
-0.293657
-1.26445
-0.923745
-0.354071
-1.37172
-0.95785
-0.348413
-1.19744
-0.794566
-0.271704
-0.794568
-0.497214
-0.156571
-0.271704
-0.156571
-0.0419924
-0.934675
-1.26446
-1.37173
-0.720747
-0.92376
-0.957857
-0.293665
-0.354076
-0.348415
0.721661
0.645443
0.49964
0.803829
0.78542
0.662936
0.79817
0.823526
0.724298
0.280641
0.0271184
-0.252049
0.412414
0.0705607
-0.340946
0.460954
0.0684334
-0.417692
0.393978
0.013112
-0.453131
0.239243
-0.0491245
-0.389058
0.0663813
-0.0491865
-0.1777
0.688453
0.728724
0.644339
0.481032
0.506699
0.435669
0.182427
0.185868
0.150595
0.0784388
0.137005
0.178281
0.32104
0.375442
0.412942
0.512314
0.545859
0.568944
0.198895
0.192012
0.153765
0.433715
0.432786
0.406733
0.584561
0.589415
0.580066
0.608542
0.62022
0.631393
0.511577
0.529081
0.557479
0.34594
0.365318
0.403318
0.592894
0.595896
0.599957
0.540214
0.518501
0.507914
0.397218
0.362435
0.345203
0.073768
-0.0381229
-0.177806
0.344903
0.249202
0.119975
0.546597
0.484325
0.386757
-0.33222
-0.454119
-0.520013
-0.0415808
-0.195203
-0.319117
0.248115
0.0940565
-0.0596002
0.490937
0.372813
0.228385
0.621605
0.565273
0.466193
0.646906
0.664614
0.636226
0.634803
0.619688
0.575952
0.593408
0.623819
0.638256
0.460801
0.526675
0.593178
0.277913
0.362886
0.466161
0.114448
0.200921
0.318278
-0.00343
0.0716537
0.185647
0.580178
0.672586
0.726802
0.466756
0.611778
0.733789
0.343717
0.514119
0.676407
0.231715
0.393441
0.556455
0.145468
0.264328
0.384685
0.0579988
0.104039
0.149155
-0.0635549
-0.00603583
0.0894908
-0.0631879
-0.0244341
0.042816
-0.0249461
-0.00941796
0.0175452
0.214101
0.179411
0.161493
0.0657292
0.0397575
0.0244312
-0.0286165
-0.0442112
-0.0558026
0.159698
0.176151
0.213177
0.0198174
0.029078
0.0571022
-0.0635736
-0.0627314
-0.0465462
-0.0918344
-0.0968272
-0.0913234
-0.0741899
-0.080382
-0.0796403
-0.0297062
-0.0321619
-0.031697
-0.0677405
-0.0741068
-0.0823211
-0.0607344
-0.0608083
-0.0662207
-0.0252637
-0.0241337
-0.0262045
0.0784395
0.32104
0.512314
0.137007
0.375444
0.54586
0.178285
0.412945
0.568945
0.592894
0.540214
0.397217
0.595896
0.5185
0.362435
0.599957
0.507913
0.345201
0.608543
0.511576
0.345938
0.620221
0.52908
0.365317
0.631395
0.557479
0.403317
0.1989
0.433719
0.584563
0.192019
0.432792
0.589418
0.153774
0.406741
0.580071
0.214101
0.065729
-0.0286166
0.17941
0.039757
-0.0442114
0.161492
0.0244306
-0.0558029
-0.0677405
-0.0607344
-0.0252636
-0.0741068
-0.0608083
-0.0241336
-0.0823212
-0.0662206
-0.0262045
-0.0918345
-0.0741899
-0.0297062
-0.0968271
-0.0803819
-0.0321618
-0.0913231
-0.0796401
-0.0316969
0.159696
0.0198167
-0.0635739
0.17615
0.0290773
-0.0627316
0.213176
0.057102
-0.0465462
0.277914
0.114448
-0.00342919
0.362888
0.200923
0.0716557
0.466165
0.318282
0.185651
-0.0635541
-0.0631872
-0.0249458
-0.006034
-0.0244328
-0.00941738
0.0894942
0.0428184
0.0175462
0.23172
0.145472
0.0580002
0.393449
0.264333
0.104041
0.556463
0.384691
0.149157
0.580185
0.466762
0.343723
0.672595
0.611786
0.514127
0.726812
0.733799
0.676416
0.0737793
0.344912
0.546604
-0.0381099
0.249214
0.484334
-0.177792
0.119989
0.386768
0.634807
0.593409
0.460802
0.619695
0.623823
0.526678
0.57596
0.638262
0.593183
0.490948
0.621614
0.646914
0.372825
0.565283
0.664623
0.228394
0.466204
0.636236
-0.332207
-0.0415672
0.248128
-0.454109
-0.195191
0.0940686
-0.52001
-0.31911
-0.0595912
-0.499669
-0.385215
-0.189707
-0.385217
-0.36341
-0.253399
-0.18971
-0.253401
-0.237193
0.0701377
0.325325
0.550322
-0.055645
0.179435
0.422756
-0.127885
0.0499423
0.269864
-0.123733
-0.0392926
0.105928
-0.0392931
-0.0631332
-0.03344
0.105927
-0.0334403
-0.14917
0.0701348
-0.0556468
-0.127886
0.325322
0.179433
0.0499411
0.55032
0.422755
0.269862
0.72167
0.803839
0.79818
0.645449
0.785427
0.823532
0.49964
0.662937
0.724298
0.68846
0.481037
0.182429
0.728728
0.506701
0.185868
0.644337
0.435666
0.150593
0.393965
0.239232
0.0663764
0.0130882
-0.0491425
-0.049194
-0.453165
-0.389081
-0.177709
0.28063
0.412403
0.460942
0.0270938
0.0705355
0.0684078
-0.25209
-0.340988
-0.417732
-0.547094
-0.788075
-0.939591
-0.788075
-1.13955
-1.32766
-0.939591
-1.32766
-1.50013
-0.934714
-0.720771
-0.293673
-1.2645
-0.923779
-0.354081
-1.37175
-0.957869
-0.348417
-1.19746
-0.794571
-0.271704
-0.794571
-0.497212
-0.156569
-0.271704
-0.156569
-0.0419916
-0.934715
-1.2645
-1.37175
-0.720771
-0.92378
-0.957869
-0.293674
-0.354082
-0.348417
0.721668
0.645448
0.499639
0.803837
0.785426
0.662936
0.798179
0.823531
0.724297
0.28063
0.0270935
-0.252091
0.412403
0.0705351
-0.340988
0.460942
0.0684074
-0.417733
0.393965
0.0130876
-0.453165
0.239231
-0.0491432
-0.389082
0.0663761
-0.0491943
-0.177709
0.68846
0.728728
0.644336
0.481037
0.506701
0.435666
0.182429
0.185868
0.150592
0.0784405
0.137007
0.178285
0.321041
0.375444
0.412944
0.512313
0.545859
0.568944
0.1989
0.192018
0.153773
0.433718
0.432791
0.406739
0.584562
0.589416
0.580069
0.60854
0.620218
0.631393
0.511574
0.529078
0.557476
0.345936
0.365315
0.403315
0.592892
0.595894
0.599955
0.540212
0.518498
0.507911
0.397215
0.362433
0.345199
0.0737777
-0.038112
-0.177795
0.34491
0.249211
0.119986
0.546602
0.484332
0.386765
-0.33221
-0.454112
-0.520011
-0.0415706
-0.195195
-0.319113
0.248124
0.094065
-0.0595947
0.490944
0.372822
0.228391
0.621611
0.56528
0.4662
0.646912
0.664621
0.636233
0.634805
0.619692
0.575957
0.593407
0.623821
0.638259
0.4608
0.526676
0.59318
0.277912
0.362886
0.466163
0.114447
0.200922
0.31828
-0.00342977
0.0716548
0.18565
0.580183
0.672593
0.72681
0.46676
0.611785
0.733797
0.343722
0.514125
0.676415
0.231719
0.393448
0.556462
0.145471
0.264333
0.38469
0.0580001
0.104041
0.149157
-0.0635543
-0.00603455
0.0894933
-0.0631873
-0.0244331
0.0428179
-0.0249458
-0.00941748
0.017546
0.214099
0.179409
0.161491
0.0657285
0.0397565
0.0244302
-0.0286166
-0.0442114
-0.0558028
0.159695
0.176148
0.213175
0.0198162
0.0290768
0.0571012
-0.0635738
-0.0627316
-0.0465464
-0.0918342
-0.0968269
-0.0913231
-0.0741896
-0.0803817
-0.07964
-0.029706
-0.0321618
-0.0316969
-0.0677403
-0.0741065
-0.0823208
-0.0607341
-0.060808
-0.0662203
-0.0252635
-0.0241335
-0.0262044
