FiniteElementSpace
FiniteElementCollection: H1_2D_P4
VDim: 1
Ordering: 0

-0.00818145
9.35762e-14
9.35736e-14
7.76165e-35
9.3577e-14
7.76496e-35
9.3577e-14
7.7667e-35
9.35736e-14
7.76496e-35
7.76165e-35
-0.0803745
4.87272e-21
4.87272e-21
-0.0803746
4.87302e-21
4.87451e-21
-0.0803751
4.87525e-21
4.87533e-21
-0.0803751
4.87451e-21
4.87302e-21
-0.0803746
4.87272e-21
4.87272e-21
-0.176001
-0.176001
-0.176003
-0.176001
-0.176001
-0.0142548
-0.0964965
-0.0964967
-0.0142548
-0.0964969
-0.096497
-0.0142549
-0.0964973
-0.0964973
-0.0142549
-0.096497
-0.0964969
-0.0142548
-0.0964967
-0.0964965
0.00720435
1.39243e-16
-0.0940183
4.0102e-27
4.01022e-27
-0.0940182
1.39242e-16
0.00720438
1.39245e-16
-0.094019
4.01112e-27
4.01183e-27
-0.0940152
1.39265e-16
0.00720491
1.39274e-16
-0.0940159
4.01258e-27
4.0126e-27
-0.0940155
1.39276e-16
0.00720497
1.39265e-16
-0.094015
4.01183e-27
4.01112e-27
-0.0940192
1.39245e-16
0.00720438
1.39242e-16
-0.0940182
4.01022e-27
4.0102e-27
-0.0940183
1.39243e-16
-0.0324879
-0.0324881
-0.0324883
-0.032488
-0.0324879
0.0143602
-0.26778
0.0143603
0.01436
-0.267781
0.0143608
0.0143609
-0.267782
0.014361
0.0143608
-0.267781
0.01436
0.0143603
-0.26778
0.0143602
-0.00868642
-0.0193514
-0.0193513
-0.00868642
-0.0414635
-0.0846517
-0.0685779
-0.131302
-0.131302
-0.068578
-0.0846519
-0.0414634
-0.0193514
-0.0193515
-0.00868643
-0.0846519
-0.0685781
-0.131303
-0.131303
-0.0685785
-0.0846522
-0.0414639
-0.0193516
-0.0193516
-0.00868643
-0.0846522
-0.0685789
-0.131304
-0.131304
-0.068579
-0.0846523
-0.0414639
-0.0193515
-0.0193513
-0.00868642
-0.0846523
-0.0685785
-0.131303
-0.131303
-0.068578
-0.0846519
-0.0414634
-0.0193513
-0.0193514
-0.0846519
-0.068578
-0.131302
-0.131302
-0.0685779
-0.0846517
-0.0547074
0.0151504
-0.0506978
0.0194697
5.76828e-15
0.025588
1.31628e-18
-0.0283136
-0.0129802
-0.168733
-0.20735
-0.20735
-0.168733
7.06389e-24
-0.193787
8.91529e-31
8.91533e-31
-0.193787
7.06393e-24
-0.0283136
-0.0506979
0.0151504
-0.0547076
-0.0129801
1.31628e-18
0.0255881
5.76819e-15
0.0194697
0.0151503
-0.0506983
5.76822e-15
0.025588
1.31633e-18
-0.0283135
-0.0129806
-0.168734
-0.207351
-0.207348
-0.168732
7.0649e-24
-0.19379
8.91819e-31
8.91903e-31
-0.193788
7.06665e-24
-0.0283103
-0.0506975
0.0151508
-0.0547073
-0.0129787
1.31662e-18
0.0255881
5.76872e-15
0.0194699
0.0151508
-0.0506974
5.76887e-15
0.025588
1.31675e-18
-0.0283099
-0.0129787
-0.168734
-0.207349
-0.207348
-0.168733
7.06784e-24
-0.193791
8.92086e-31
8.92087e-31
-0.193791
7.06791e-24
-0.0283097
-0.0506973
0.0151509
-0.0547073
-0.0129785
1.31678e-18
0.0255881
5.76892e-15
0.0194699
0.0151508
-0.0506975
5.76872e-15
0.0255881
1.31662e-18
-0.0283101
-0.0129786
-0.168731
-0.207348
-0.207351
-0.168734
7.06665e-24
-0.193788
8.91903e-31
8.91819e-31
-0.19379
7.0649e-24
-0.0283136
-0.0506985
0.0151503
-0.0547076
-0.0129807
1.31633e-18
0.025588
5.76822e-15
0.0194697
0.0151504
-0.0506979
5.76819e-15
0.0255881
1.31628e-18
-0.0283136
-0.0129801
-0.168733
-0.20735
-0.20735
-0.168733
7.06393e-24
-0.193787
8.91533e-31
8.91529e-31
-0.193787
7.06389e-24
-0.0283136
-0.0506978
0.0151504
-0.0129802
1.31628e-18
0.025588
5.76828e-15
-0.0100726
-0.0534104
-0.101813
-0.0534104
-0.0100726
-0.0534104
-0.101813
-0.0534109
-0.0100726
-0.053411
-0.101814
-0.0534111
-0.0100726
-0.0534109
-0.101813
-0.0534103
-0.0100726
-0.0534104
-0.101813
-0.0534104
-0.042441
0.019766
0.0217691
-0.0929784
-0.225052
-0.131238
-0.121876
-0.131238
-0.0424412
-0.0929784
0.0217691
0.0197661
-0.0424414
0.0197661
0.021769
-0.0929793
-0.225053
-0.131238
-0.121881
-0.131234
-0.0424409
-0.0929776
0.0217699
0.0197661
-0.0424408
0.0197661
0.0217699
-0.0929782
-0.225053
-0.131234
-0.121885
-0.131234
-0.0424408
-0.092978
0.0217701
0.0197661
-0.0424409
0.0197661
0.0217699
-0.0929775
-0.225052
-0.131234
-0.121881
-0.131239
-0.0424415
-0.0929794
0.021769
0.0197661
-0.0424412
0.0197661
0.0217691
-0.0929784
-0.225052
-0.131238
-0.121876
-0.131238
-0.042441
-0.0929784
0.0217691
0.019766
-0.00818776
-0.00826887
-0.00847741
-0.00877959
-0.00907895
-0.00961508
-0.00877958
-0.00907895
-0.00961507
-0.00818776
-0.00826887
-0.0084774
-0.0123485
-0.0101064
-0.00900805
-0.0149664
-0.0164714
-0.0182417
-0.016435
-0.0127359
-0.0107149
-0.0289135
-0.0239382
-0.0206553
-0.0289135
-0.0239382
-0.0206553
-0.016435
-0.0127359
-0.0107149
-0.0149664
-0.0164713
-0.0182416
-0.0123485
-0.0101064
-0.00900804
-0.016824
-0.0239892
-0.0345788
-0.0436775
-0.0476738
-0.0514424
-0.0231052
-0.032786
-0.0456981
-0.0761741
-0.0637874
-0.0490056
-0.0812511
-0.0825652
-0.083828
-0.0834164
-0.0748865
-0.0612871
-0.0931542
-0.0885614
-0.0856908
-0.0960156
-0.0888635
-0.0762217
-0.0650279
-0.0596579
-0.0554223
-0.0368609
-0.0475116
-0.0608858
-0.0727373
-0.082557
-0.094744
-0.0727374
-0.0825571
-0.094744
-0.0368609
-0.0475116
-0.0608858
-0.100574
-0.11055
-0.123467
-0.129635
-0.121354
-0.108952
-0.170063
-0.155677
-0.139614
-0.170063
-0.155677
-0.139614
-0.129635
-0.121354
-0.108952
-0.100575
-0.11055
-0.123467
-0.0960157
-0.0888636
-0.0762218
-0.0231052
-0.0327859
-0.0456981
-0.0436774
-0.0476738
-0.0514424
-0.016824
-0.0239892
-0.0345787
-0.0650279
-0.059658
-0.0554224
-0.0931543
-0.0885616
-0.0856909
-0.0834166
-0.0748866
-0.0612871
-0.0812512
-0.0825654
-0.0838282
-0.0761742
-0.0637875
-0.0490056
-0.00877958
-0.00907896
-0.00961509
-0.0087796
-0.00907897
-0.0096151
-0.00818776
-0.00826888
-0.00847741
-0.0149664
-0.0164713
-0.0182416
-0.016435
-0.0127359
-0.0107149
-0.0289136
-0.0239383
-0.0206553
-0.0289137
-0.0239384
-0.0206555
-0.0164352
-0.012736
-0.0107149
-0.0149665
-0.0164715
-0.0182418
-0.0123485
-0.0101065
-0.00900806
-0.0436774
-0.0476738
-0.0514424
-0.0231052
-0.0327859
-0.0456981
-0.0812512
-0.0825654
-0.0838282
-0.0834166
-0.0748865
-0.0612871
-0.0931546
-0.0885617
-0.085691
-0.0960159
-0.0888638
-0.0762219
-0.065028
-0.059658
-0.0554223
-0.0368611
-0.0475118
-0.060886
-0.0727376
-0.0825575
-0.0947445
-0.0727379
-0.0825577
-0.0947446
-0.0368612
-0.0475121
-0.0608863
-0.100575
-0.110551
-0.123467
-0.129636
-0.121354
-0.108952
-0.170064
-0.155678
-0.139615
-0.170063
-0.155678
-0.139615
-0.129636
-0.121354
-0.108952
-0.100575
-0.110551
-0.123467
-0.0960161
-0.0888642
-0.0762223
-0.0231054
-0.0327863
-0.0456985
-0.0436779
-0.0476743
-0.0514429
-0.0168242
-0.0239895
-0.0345791
-0.0650284
-0.0596585
-0.0554229
-0.0931547
-0.0885619
-0.0856913
-0.083417
-0.0748871
-0.0612877
-0.0812517
-0.0825658
-0.0838285
-0.0761748
-0.063788
-0.0490061
-0.0087796
-0.00907897
-0.00961511
-0.0087796
-0.00907897
-0.00961511
-0.00818776
-0.00826888
-0.00847741
-0.0149665
-0.0164715
-0.0182418
-0.0164352
-0.012736
-0.0107149
-0.0289139
-0.0239385
-0.0206556
-0.0289139
-0.0239385
-0.0206556
-0.0164352
-0.012736
-0.0107149
-0.0149665
-0.0164715
-0.0182418
-0.0123486
-0.0101065
-0.00900806
-0.0436779
-0.0476743
-0.051443
-0.0231055
-0.0327863
-0.0456986
-0.0812517
-0.0825658
-0.0838286
-0.0834171
-0.0748872
-0.0612877
-0.0931549
-0.088562
-0.0856913
-0.0960165
-0.0888646
-0.0762227
-0.0650287
-0.0596587
-0.055423
-0.0368614
-0.0475124
-0.0608867
-0.0727384
-0.0825584
-0.0947456
-0.0727385
-0.0825584
-0.0947456
-0.0368615
-0.0475124
-0.0608867
-0.100575
-0.110551
-0.123468
-0.129637
-0.121356
-0.108953
-0.170065
-0.15568
-0.139616
-0.170065
-0.15568
-0.139616
-0.129637
-0.121356
-0.108953
-0.100575
-0.110551
-0.123468
-0.0960166
-0.0888647
-0.0762228
-0.0231055
-0.0327864
-0.0456987
-0.043678
-0.0476744
-0.051443
-0.0168242
-0.0239895
-0.0345792
-0.0650288
-0.0596588
-0.055423
-0.0931549
-0.0885621
-0.0856914
-0.0834171
-0.0748873
-0.0612878
-0.0812517
-0.0825659
-0.0838286
-0.0761748
-0.0637881
-0.0490062
-0.0087796
-0.00907897
-0.0096151
-0.00877958
-0.00907896
-0.00961509
-0.00818776
-0.00826887
-0.0084774
-0.0149665
-0.0164715
-0.0182418
-0.0164352
-0.012736
-0.0107149
-0.0289137
-0.0239384
-0.0206555
-0.0289136
-0.0239383
-0.0206553
-0.016435
-0.0127359
-0.0107149
-0.0149664
-0.0164713
-0.0182416
-0.0123485
-0.0101064
-0.00900804
-0.0436779
-0.0476743
-0.0514429
-0.0231054
-0.0327863
-0.0456985
-0.0812517
-0.0825658
-0.0838286
-0.083417
-0.0748871
-0.0612877
-0.0931547
-0.0885619
-0.0856913
-0.0960161
-0.0888641
-0.0762223
-0.0650284
-0.0596585
-0.0554229
-0.0368611
-0.047512
-0.0608863
-0.0727379
-0.0825575
-0.0947444
-0.0727375
-0.0825573
-0.0947443
-0.036861
-0.0475117
-0.0608859
-0.100575
-0.110551
-0.123467
-0.129636
-0.121354
-0.108952
-0.170063
-0.155678
-0.139615
-0.170063
-0.155678
-0.139615
-0.129636
-0.121354
-0.108952
-0.100575
-0.110551
-0.123467
-0.0960159
-0.0888637
-0.0762218
-0.0231052
-0.0327859
-0.045698
-0.0436774
-0.0476737
-0.0514423
-0.016824
-0.0239892
-0.0345787
-0.0650279
-0.0596579
-0.0554223
-0.0931546
-0.0885617
-0.085691
-0.0834166
-0.0748865
-0.061287
-0.0812512
-0.0825654
-0.0838282
-0.0761742
-0.0637875
-0.0490056
-0.00877958
-0.00907895
-0.00961507
-0.00877959
-0.00907895
-0.00961508
-0.0149664
-0.0164713
-0.0182416
-0.016435
-0.0127359
-0.0107149
-0.0289135
-0.0239382
-0.0206553
-0.0289135
-0.0239382
-0.0206553
-0.016435
-0.0127359
-0.0107149
-0.0149664
-0.0164714
-0.0182417
-0.0436774
-0.0476738
-0.0514424
-0.0231052
-0.0327859
-0.0456981
-0.0812512
-0.0825654
-0.0838282
-0.0834166
-0.0748866
-0.0612871
-0.0931543
-0.0885616
-0.0856909
-0.0960157
-0.0888636
-0.0762218
-0.0650279
-0.059658
-0.0554224
-0.0368609
-0.0475116
-0.0608858
-0.0727374
-0.0825571
-0.094744
-0.0727373
-0.082557
-0.094744
-0.0368609
-0.0475116
-0.0608858
-0.100575
-0.11055
-0.123467
-0.129635
-0.121354
-0.108952
-0.170063
-0.155677
-0.139614
-0.170063
-0.155677
-0.139614
-0.129635
-0.121354
-0.108952
-0.100574
-0.11055
-0.123467
-0.0960156
-0.0888635
-0.0762217
-0.0231052
-0.032786
-0.0456981
-0.0436775
-0.0476738
-0.0514424
-0.0650279
-0.0596579
-0.0554223
-0.0931542
-0.0885614
-0.0856908
-0.0834164
-0.0748865
-0.0612871
-0.0812511
-0.0825652
-0.083828
-0.0822783
-0.0784259
-0.0649129
-0.0515074
-0.046575
-0.0433629
-0.083191
-0.0728412
-0.0542567
-0.000885097
-0.0206109
-0.0432225
0.00922185
0.0121787
0.0143093
0.00881567
-0.00826157
-0.0301864
0.0155714
0.0163511
0.0158062
0.00633429
-0.0136051
-0.0376392
-0.0472791
-0.0433031
-0.0421115
-0.0943125
-0.0828024
-0.0631625
0.0133875
0.0199153
0.0207399
0.0190551
0.018735
0.0192183
0.0195777
0.0231555
0.0218324
0.00501273
0.0119749
0.0174447
6.18433e-14
2.61216e-14
9.97893e-15
0.0039162
0.0109128
0.0170976
2.83215e-16
1.00764e-15
3.24242e-15
0.005686
0.0153557
0.0228419
0.0245347
0.0223905
0.0205285
0.0204622
0.0268468
0.0272838
0.0264343
0.0268666
0.024594
-0.00215516
0.01304
0.0207058
0.0124076
0.00602592
-0.00493834
6.65722e-17
1.52214e-17
3.14772e-18
0.00547917
0.015076
0.0209549
1.37e-20
9.00439e-20
5.35258e-19
-0.00576023
-0.0137672
-0.0222567
-0.0149943
0.00474403
0.0175101
-0.0796042
-0.0550451
-0.0359228
-0.0760934
-0.0462691
-0.0227491
-0.0551472
-0.0667129
-0.0827276
-0.130636
-0.122323
-0.105057
-0.0254116
-0.0519796
-0.0794751
-0.108827
-0.136106
-0.159258
-0.15492
-0.128683
-0.104405
-0.180278
-0.182515
-0.175894
-0.182002
-0.204092
-0.219925
-0.182002
-0.204092
-0.219925
-0.180278
-0.182515
-0.175894
-0.113089
-0.151063
-0.188762
-0.215643
-0.225869
-0.227705
-0.265318
-0.250337
-0.224347
-0.265318
-0.250337
-0.224347
-0.215643
-0.225869
-0.227705
-0.113089
-0.151063
-0.188762
-0.108827
-0.136106
-0.159258
-0.0435033
-0.0765207
-0.11249
-0.197375
-0.174617
-0.147439
1.68532e-21
2.08594e-22
2.33506e-23
-0.0280795
-0.0748119
-0.113517
1.55856e-26
1.89234e-25
2.07802e-24
-0.0365196
-0.104712
-0.166069
-0.191784
-0.176327
-0.148862
-0.265998
-0.250157
-0.217497
-0.191158
-0.173697
-0.142338
-0.191158
-0.173697
-0.142338
-0.265998
-0.250157
-0.217497
1.00338e-27
6.72271e-29
4.07378e-30
-0.0179209
-0.0572218
-0.0998723
4.16985e-34
9.35274e-33
1.89729e-31
4.16986e-34
9.35276e-33
1.8973e-31
-0.0179209
-0.0572218
-0.0998723
1.00339e-27
6.72275e-29
4.0738e-30
-0.0365197
-0.104712
-0.166069
-0.197375
-0.174617
-0.147439
-0.0435033
-0.0765208
-0.11249
-0.0796042
-0.0550451
-0.0359227
-0.191784
-0.176328
-0.148862
1.55857e-26
1.89235e-25
2.07803e-24
-0.0280795
-0.0748119
-0.113517
1.68532e-21
2.08594e-22
2.33507e-23
-0.00576023
-0.0137672
-0.0222567
-0.0831912
-0.0728414
-0.0542569
-0.0515076
-0.0465752
-0.043363
-0.0822785
-0.0784261
-0.0649131
-0.0943127
-0.0828025
-0.0631626
-0.0472792
-0.0433032
-0.0421116
0.00633434
-0.0136051
-0.0376393
0.0155715
0.0163512
0.0158063
0.0088157
-0.0082616
-0.0301865
0.00922188
0.0121787
0.0143093
-0.000885114
-0.020611
-0.0432226
-0.130636
-0.122323
-0.105057
-0.0551473
-0.066713
-0.0827276
-0.15492
-0.128683
-0.104405
-0.0760933
-0.046269
-0.022749
-0.0254115
-0.0519796
-0.0794751
0.0124076
0.00602597
-0.0049383
-0.00215512
0.01304
0.0207058
0.0264344
0.0268667
0.0245941
0.0204623
0.0268469
0.0272839
-0.0149943
0.00474403
0.0175101
1.37e-20
9.00439e-20
5.35258e-19
0.00547918
0.015076
0.0209549
6.65718e-17
1.52214e-17
3.14771e-18
0.00568601
0.0153558
0.022842
0.0195778
0.0231556
0.0218324
0.0190552
0.0187351
0.0192184
0.0133876
0.0199154
0.02074
0.0245348
0.0223906
0.0205286
2.83213e-16
1.00763e-15
3.24237e-15
0.00391621
0.0109129
0.0170977
6.18417e-14
2.61211e-14
9.97875e-15
0.00501274
0.0119749
0.0174448
-0.0515077
-0.0465753
-0.0433632
-0.0831912
-0.0728415
-0.0542571
0.00922186
0.0121787
0.0143092
0.00881559
-0.00826177
-0.0301867
0.0155713
0.0163511
0.0158062
0.00633408
-0.0136055
-0.0376397
-0.0472796
-0.0433035
-0.0421119
-0.094313
-0.0828029
-0.0631631
0.0190552
0.0187351
0.0192184
0.0195777
0.0231556
0.0218324
6.18418e-14
2.61211e-14
9.97879e-15
0.00391621
0.0109128
0.0170977
2.83217e-16
1.00764e-15
3.2424e-15
0.005686
0.0153557
0.0228419
0.0245348
0.0223905
0.0205286
0.0204621
0.0268467
0.0272838
0.0264343
0.0268666
0.0245939
-0.00215551
0.0130397
0.0207056
0.0124074
0.00602564
-0.00493871
6.65731e-17
1.52218e-17
3.14781e-18
0.00547917
0.015076
0.0209548
1.37008e-20
9.00482e-20
5.35279e-19
-0.00576012
-0.013767
-0.0222566
-0.0149943
0.00474397
0.01751
-0.0796048
-0.0550454
-0.0359228
-0.0760941
-0.0462697
-0.0227496
-0.0551477
-0.0667136
-0.0827283
-0.130637
-0.122324
-0.105058
-0.0254121
-0.0519803
-0.0794758
-0.108828
-0.136107
-0.15926
-0.154921
-0.128684
-0.104406
-0.180278
-0.182516
-0.175895
-0.182004
-0.204093
-0.219925
-0.182002
-0.204091
-0.219925
-0.180278
-0.182515
-0.175893
-0.113089
-0.151064
-0.188763
-0.215644
-0.22587
-0.227705
-0.265319
-0.250338
-0.224348
-0.265318
-0.250336
-0.224345
-0.215641
-0.225868
-0.227705
-0.113085
-0.15106
-0.188759
-0.108824
-0.136104
-0.159257
-0.0435032
-0.0765208
-0.112491
-0.197376
-0.174618
-0.14744
1.68544e-21
2.08615e-22
2.33536e-23
-0.0280796
-0.0748121
-0.113518
1.5589e-26
1.89269e-25
2.07835e-24
-0.0365207
-0.104714
-0.166072
-0.191787
-0.176329
-0.148862
-0.266
-0.250159
-0.2175
-0.191162
-0.173701
-0.142343
-0.19116
-0.173701
-0.142343
-0.265999
-0.250158
-0.217498
1.00363e-27
6.72458e-29
4.07504e-30
-0.0179222
-0.0572252
-0.0998771
4.17156e-34
9.35625e-33
1.89794e-31
4.17163e-34
9.3567e-33
1.89809e-31
-0.0179222
-0.0572251
-0.099877
1.0038e-27
6.7255e-29
4.07549e-30
-0.0365203
-0.104713
-0.16607
-0.197372
-0.174613
-0.147435
-0.0434996
-0.0765166
-0.112486
-0.0796009
-0.0550416
-0.0359193
-0.191784
-0.176326
-0.148858
1.55919e-26
1.89309e-25
2.07884e-24
-0.0280786
-0.0748095
-0.113514
1.68595e-21
2.08673e-22
2.33597e-23
-0.00575933
-0.0137649
-0.0222536
-0.0831914
-0.0728414
-0.0542567
-0.0515073
-0.0465749
-0.0433627
-0.0822789
-0.0784262
-0.064913
-0.0943129
-0.0828025
-0.0631623
-0.0472789
-0.0433029
-0.0421114
0.00633489
-0.0136045
-0.0376388
0.0155719
0.0163516
0.0158066
0.0088161
-0.00826119
-0.0301862
0.00922236
0.0121791
0.0143097
-0.000884544
-0.0206104
-0.0432222
-0.130637
-0.122323
-0.105056
-0.0551468
-0.0667124
-0.0827269
-0.154919
-0.128682
-0.104404
-0.0760905
-0.0462668
-0.0227474
-0.0254101
-0.0519783
-0.0794741
0.0124082
0.00602679
-0.00493712
-0.00215375
0.0130412
0.0207067
0.0264344
0.0268669
0.0245946
0.0204627
0.0268471
0.027284
-0.0149915
0.00474591
0.0175112
1.37048e-20
9.00719e-20
5.35405e-19
0.00547936
0.0150764
0.0209555
6.65837e-17
1.52246e-17
3.14846e-18
0.00568597
0.0153557
0.022842
0.0195781
0.0231558
0.0218326
0.0190553
0.0187352
0.0192185
0.013388
0.0199158
0.0207402
0.0245348
0.0223906
0.0205286
2.83255e-16
1.00775e-15
3.24271e-15
0.0039162
0.0109128
0.0170977
6.18445e-14
2.61227e-14
9.97956e-15
0.00501273
0.0119749
0.0174449
-0.0515073
-0.0465749
-0.0433627
-0.0831914
-0.0728414
-0.0542566
0.00922237
0.0121791
0.0143097
0.00881616
-0.0082611
-0.0301861
0.015572
0.0163516
0.0158067
0.006335
-0.0136044
-0.0376387
-0.0472788
-0.0433027
-0.0421113
-0.0943131
-0.0828026
-0.0631623
0.0190553
0.0187352
0.0192185
0.0195782
0.0231558
0.0218325
6.18448e-14
2.6123e-14
9.97977e-15
0.0039162
0.0109128
0.0170977
2.83271e-16
1.0078e-15
3.24281e-15
0.00568595
0.0153556
0.0228419
0.0245348
0.0223905
0.0205286
0.0204628
0.0268471
0.0272839
0.0264344
0.0268669
0.0245946
-0.00215372
0.0130412
0.0207068
0.0124083
0.00602687
-0.00493708
6.65882e-17
1.52258e-17
3.14876e-18
0.00547938
0.0150765
0.0209556
1.37067e-20
9.00831e-20
5.35464e-19
-0.00575916
-0.0137646
-0.0222532
-0.0149912
0.00474613
0.0175113
-0.0796013
-0.0550416
-0.035919
-0.076091
-0.0462671
-0.0227474
-0.0551468
-0.0667126
-0.0827273
-0.130638
-0.122324
-0.105057
-0.0254102
-0.0519785
-0.0794745
-0.108825
-0.136105
-0.159259
-0.15492
-0.128683
-0.104405
-0.18028
-0.182517
-0.175895
-0.182003
-0.204093
-0.219926
-0.182003
-0.204093
-0.219926
-0.18028
-0.182517
-0.175895
-0.113086
-0.151061
-0.18876
-0.215643
-0.225869
-0.227706
-0.265319
-0.250337
-0.224346
-0.265319
-0.250337
-0.224345
-0.215642
-0.225869
-0.227706
-0.113086
-0.15106
-0.188759
-0.108825
-0.136105
-0.159258
-0.0434992
-0.0765163
-0.112486
-0.197373
-0.174614
-0.147435
1.6862e-21
2.08706e-22
2.33635e-23
-0.0280787
-0.0748096
-0.113514
1.55948e-26
1.89343e-25
2.0792e-24
-0.0365212
-0.104716
-0.166073
-0.191787
-0.176327
-0.148859
-0.266001
-0.25016
-0.217501
-0.191164
-0.173705
-0.142348
-0.191164
-0.173705
-0.142348
-0.266001
-0.25016
-0.217501
1.00399e-27
6.72681e-29
4.07631e-30
-0.0179231
-0.0572278
-0.0998811
4.17255e-34
9.35871e-33
1.89848e-31
4.17255e-34
9.35871e-33
1.89848e-31
-0.0179231
-0.0572278
-0.099881
1.00399e-27
6.72683e-29
4.07632e-30
-0.0365211
-0.104715
-0.166073
-0.197373
-0.174613
-0.147435
-0.043499
-0.0765159
-0.112486
-0.0796009
-0.0550413
-0.0359188
-0.191786
-0.176327
-0.148858
1.55949e-26
1.89344e-25
2.07921e-24
-0.0280786
-0.0748094
-0.113514
1.68623e-21
2.08709e-22
2.33638e-23
-0.00575915
-0.0137645
-0.0222531
-0.0831915
-0.0728414
-0.0542566
-0.0515073
-0.0465749
-0.0433626
-0.0822789
-0.0784263
-0.064913
-0.0943131
-0.0828025
-0.0631622
-0.0472787
-0.0433027
-0.0421112
0.00633515
-0.0136043
-0.0376386
0.0155721
0.0163518
0.0158068
0.00881626
-0.00826102
-0.030186
0.00922243
0.0121792
0.0143098
-0.000884482
-0.0206104
-0.0432222
-0.130638
-0.122324
-0.105057
-0.0551467
-0.0667124
-0.0827271
-0.15492
-0.128683
-0.104405
-0.0760907
-0.0462667
-0.0227472
-0.0254099
-0.0519783
-0.0794743
0.0124085
0.00602706
-0.00493685
-0.00215348
0.0130414
0.0207069
0.0264344
0.026867
0.0245947
0.0204629
0.0268472
0.027284
-0.014991
0.00474629
0.0175114
1.3707e-20
9.00847e-20
5.35473e-19
0.0054794
0.0150765
0.0209557
6.65892e-17
1.5226e-17
3.14881e-18
0.00568596
0.0153557
0.022842
0.0195782
0.0231559
0.0218326
0.0190553
0.0187352
0.0192185
0.0133881
0.0199158
0.0207403
0.0245348
0.0223906
0.0205286
2.83274e-16
1.00781e-15
3.24284e-15
0.0039162
0.0109128
0.0170977
6.18448e-14
2.61231e-14
9.97984e-15
0.00501273
0.0119749
0.0174449
-0.0515073
-0.0465749
-0.0433628
-0.0831915
-0.0728415
-0.0542568
0.00922241
0.0121792
0.0143097
0.0088161
-0.0082612
-0.0301862
0.0155719
0.0163516
0.0158066
0.00633488
-0.0136046
-0.0376388
-0.0472789
-0.0433029
-0.0421114
-0.0943129
-0.0828025
-0.0631624
0.0190553
0.0187352
0.0192185
0.0195781
0.0231558
0.0218326
6.18445e-14
2.61227e-14
9.97956e-15
0.00391621
0.0109129
0.0170977
2.83255e-16
1.00775e-15
3.24271e-15
0.00568598
0.0153557
0.022842
0.0245348
0.0223906
0.0205286
0.0204627
0.0268471
0.027284
0.0264344
0.0268669
0.0245946
-0.0021537
0.0130412
0.0207068
0.0124082
0.0060268
-0.00493708
6.65837e-17
1.52246e-17
3.14846e-18
0.00547936
0.0150764
0.0209556
1.37048e-20
9.00719e-20
5.35405e-19
-0.00575932
-0.0137649
-0.0222535
-0.0149914
0.00474597
0.0175112
-0.0796007
-0.0550414
-0.0359191
-0.0760903
-0.0462667
-0.0227473
-0.0551468
-0.0667124
-0.0827268
-0.130636
-0.122323
-0.105056
-0.02541
-0.0519782
-0.079474
-0.108824
-0.136104
-0.159257
-0.154918
-0.128682
-0.104404
-0.180278
-0.182515
-0.175893
-0.182001
-0.204091
-0.219925
-0.182004
-0.204093
-0.219925
-0.180278
-0.182516
-0.175895
-0.113085
-0.15106
-0.188759
-0.215641
-0.225868
-0.227705
-0.265318
-0.250336
-0.224344
-0.265319
-0.250338
-0.224348
-0.215644
-0.22587
-0.227705
-0.11309
-0.151064
-0.188763
-0.108828
-0.136107
-0.15926
-0.0434995
-0.0765164
-0.112486
-0.197372
-0.174613
-0.147435
1.68595e-21
2.08673e-22
2.33597e-23
-0.0280786
-0.0748095
-0.113514
1.55919e-26
1.89309e-25
2.07884e-24
-0.0365203
-0.104713
-0.16607
-0.191784
-0.176326
-0.148858
-0.265999
-0.250158
-0.217498
-0.19116
-0.173701
-0.142343
-0.191162
-0.173702
-0.142343
-0.266
-0.25016
-0.2175
1.0038e-27
6.7255e-29
4.07549e-30
-0.0179222
-0.0572252
-0.0998771
4.17163e-34
9.3567e-33
1.89809e-31
4.17156e-34
9.35625e-33
1.89794e-31
-0.0179222
-0.0572252
-0.0998771
1.00363e-27
6.72458e-29
4.07504e-30
-0.0365207
-0.104714
-0.166072
-0.197376
-0.174618
-0.14744
-0.0435033
-0.0765208
-0.112491
-0.0796049
-0.0550455
-0.0359228
-0.191787
-0.176329
-0.148862
1.5589e-26
1.89269e-25
2.07835e-24
-0.0280796
-0.0748122
-0.113518
1.68544e-21
2.08615e-22
2.33536e-23
-0.00576012
-0.013767
-0.0222566
-0.0831913
-0.0728416
-0.0542572
-0.0515077
-0.0465754
-0.0433632
-0.0822785
-0.0784261
-0.0649131
-0.094313
-0.082803
-0.0631632
-0.0472798
-0.0433036
-0.042112
0.00633399
-0.0136056
-0.0376399
0.0155712
0.016351
0.0158061
0.00881555
-0.00826183
-0.0301868
0.00922185
0.0121786
0.0143092
-0.000885114
-0.020611
-0.0432226
-0.130637
-0.122324
-0.105058
-0.0551479
-0.0667138
-0.0827285
-0.154921
-0.128684
-0.104406
-0.0760942
-0.0462698
-0.0227497
-0.0254122
-0.0519805
-0.0794761
0.0124073
0.00602554
-0.00493883
-0.0021556
0.0130397
0.0207056
0.0264343
0.0268666
0.024594
0.0204621
0.0268467
0.0272838
-0.0149943
0.00474398
0.01751
1.37008e-20
9.00482e-20
5.35279e-19
0.00547918
0.015076
0.0209548
6.65731e-17
1.52218e-17
3.14781e-18
0.005686
0.0153557
0.022842
0.0195777
0.0231556
0.0218324
0.0190552
0.0187351
0.0192184
0.0133876
0.0199154
0.02074
0.0245348
0.0223905
0.0205286
2.83217e-16
1.00764e-15
3.2424e-15
0.00391621
0.0109129
0.0170977
6.18418e-14
2.61211e-14
9.97879e-15
0.00501274
0.0119749
0.0174448
-0.0515076
-0.0465752
-0.043363
-0.0831912
-0.0728414
-0.0542569
0.00922188
0.0121787
0.0143093
0.0088157
-0.0082616
-0.0301865
0.0155715
0.0163512
0.0158063
0.00633434
-0.0136051
-0.0376393
-0.0472792
-0.0433032
-0.0421116
-0.0943127
-0.0828025
-0.0631626
0.0190552
0.0187351
0.0192184
0.0195778
0.0231556
0.0218324
6.18417e-14
2.61211e-14
9.97875e-15
0.00391621
0.0109129
0.0170977
2.83213e-16
1.00763e-15
3.24237e-15
0.00568601
0.0153558
0.022842
0.0245348
0.0223906
0.0205286
0.0204623
0.0268469
0.0272839
0.0264344
0.0268667
0.0245941
-0.00215512
0.01304
0.0207058
0.0124076
0.00602597
-0.0049383
6.65718e-17
1.52214e-17
3.14771e-18
0.00547918
0.015076
0.0209549
1.37e-20
9.00439e-20
5.35258e-19
-0.00576023
-0.0137672
-0.0222567
-0.0149943
0.00474403
0.0175101
-0.0796042
-0.0550451
-0.0359227
-0.0760933
-0.046269
-0.022749
-0.0551473
-0.066713
-0.0827276
-0.130636
-0.122323
-0.105057
-0.0254115
-0.0519796
-0.0794751
-0.108827
-0.136106
-0.159258
-0.15492
-0.128683
-0.104405
-0.180278
-0.182515
-0.175894
-0.182002
-0.204092
-0.219925
-0.182002
-0.204092
-0.219925
-0.180278
-0.182515
-0.175894
-0.113089
-0.151063
-0.188762
-0.215643
-0.225869
-0.227705
-0.265318
-0.250337
-0.224347
-0.265318
-0.250337
-0.224347
-0.215643
-0.225869
-0.227705
-0.113089
-0.151063
-0.188762
-0.108827
-0.136106
-0.159258
-0.0435033
-0.0765208
-0.11249
-0.197375
-0.174617
-0.147439
1.68532e-21
2.08594e-22
2.33507e-23
-0.0280795
-0.0748119
-0.113517
1.55857e-26
1.89235e-25
2.07803e-24
-0.0365197
-0.104712
-0.166069
-0.191784
-0.176328
-0.148862
-0.265998
-0.250157
-0.217497
-0.191158
-0.173697
-0.142338
-0.191158
-0.173697
-0.142338
-0.265998
-0.250157
-0.217497
1.00339e-27
6.72275e-29
4.0738e-30
-0.0179209
-0.0572218
-0.0998723
4.16986e-34
9.35276e-33
1.8973e-31
4.16985e-34
9.35274e-33
1.89729e-31
-0.0179209
-0.0572218
-0.0998723
1.00338e-27
6.72271e-29
4.07378e-30
-0.0365196
-0.104712
-0.166069
-0.197375
-0.174617
-0.147439
-0.0435033
-0.0765207
-0.11249
-0.0796042
-0.0550451
-0.0359228
-0.191784
-0.176327
-0.148862
1.55856e-26
1.89234e-25
2.07802e-24
-0.0280795
-0.0748119
-0.113517
1.68532e-21
2.08594e-22
2.33506e-23
-0.00576023
-0.0137672
-0.0222567
-0.083191
-0.0728412
-0.0542567
-0.0515074
-0.046575
-0.0433629
-0.0943125
-0.0828024
-0.0631625
-0.0472791
-0.0433031
-0.0421115
0.00633429
-0.0136051
-0.0376392
0.0155714
0.0163511
0.0158062
0.00881567
-0.00826157
-0.0301864
0.00922185
0.0121787
0.0143093
-0.130636
-0.122323
-0.105057
-0.0551472
-0.0667129
-0.0827276
-0.15492
-0.128683
-0.104405
-0.0760934
-0.0462691
-0.0227491
-0.0254116
-0.0519796
-0.0794751
0.0124076
0.00602592
-0.00493834
-0.00215516
0.01304
0.0207058
0.0264343
0.0268666
0.024594
0.0204622
0.0268468
0.0272838
-0.0149943
0.00474403
0.0175101
1.37e-20
9.00439e-20
5.35258e-19
0.00547917
0.015076
0.0209549
6.65722e-17
1.52214e-17
3.14772e-18
0.005686
0.0153557
0.0228419
0.0195777
0.0231555
0.0218324
0.0190551
0.018735
0.0192183
0.0245347
0.0223905
0.0205285
2.83215e-16
1.00764e-15
3.24242e-15
0.0039162
0.0109128
0.0170976
6.18433e-14
2.61216e-14
9.97893e-15
-0.00820621
-0.00830247
-0.00854417
-0.00830247
-0.00844698
-0.00877163
-0.00854417
-0.00877163
-0.00921634
-0.00914461
-0.0103836
-0.0128765
-0.00953453
-0.0110629
-0.0140346
-0.0101863
-0.0120288
-0.0154797
-0.0114382
-0.0136466
-0.0175859
-0.0136466
-0.0162473
-0.0206265
-0.0175859
-0.0206265
-0.025409
-0.0091446
-0.00953452
-0.0101863
-0.0103836
-0.0110629
-0.0120288
-0.0128765
-0.0140346
-0.0154797
-0.0177637
-0.0254458
-0.0365679
-0.0196793
-0.028259
-0.040243
-0.0218198
-0.0311628
-0.0438029
-0.0513571
-0.0660195
-0.0776761
-0.0555058
-0.0697966
-0.0800789
-0.0593234
-0.0731585
-0.082227
-0.0632899
-0.0766679
-0.0847504
-0.0674683
-0.0804955
-0.0879831
-0.0727449
-0.085501
-0.0926985
-0.0245644
-0.0345408
-0.047666
-0.0280935
-0.0384876
-0.0518696
-0.0332348
-0.0438488
-0.0572886
-0.0412568
-0.0518712
-0.0651363
-0.0518712
-0.0622689
-0.0751618
-0.0651363
-0.0751618
-0.0875861
-0.0803065
-0.0928457
-0.100023
-0.0899413
-0.102319
-0.109715
-0.101952
-0.11428
-0.122157
-0.116087
-0.128673
-0.137501
-0.128673
-0.142049
-0.152425
-0.137501
-0.152425
-0.165184
-0.0803066
-0.0899413
-0.101952
-0.0928458
-0.102319
-0.11428
-0.100024
-0.109715
-0.122157
-0.0177637
-0.0196792
-0.0218197
-0.0254457
-0.028259
-0.0311627
-0.0365678
-0.040243
-0.0438029
-0.0245643
-0.0280935
-0.0332348
-0.0345408
-0.0384876
-0.0438488
-0.047666
-0.0518696
-0.0572886
-0.06329
-0.0674684
-0.0727449
-0.076668
-0.0804957
-0.0855011
-0.0847506
-0.0879832
-0.0926986
-0.0513571
-0.0555058
-0.0593234
-0.0660196
-0.0697967
-0.0731586
-0.0776762
-0.080079
-0.0822271
-0.00820621
-0.00830247
-0.00854417
-0.00830247
-0.00844699
-0.00877163
-0.00854418
-0.00877164
-0.00921636
-0.00914461
-0.0103836
-0.0128765
-0.00953452
-0.0110629
-0.0140346
-0.0101863
-0.0120288
-0.0154797
-0.0114383
-0.0136466
-0.0175859
-0.0136467
-0.0162474
-0.0206266
-0.017586
-0.0206267
-0.0254091
-0.00914463
-0.00953455
-0.0101863
-0.0103837
-0.011063
-0.0120289
-0.0128766
-0.0140347
-0.0154799
-0.0177637
-0.0254457
-0.0365678
-0.0196792
-0.028259
-0.040243
-0.0218197
-0.0311627
-0.0438028
-0.0513571
-0.0660196
-0.0776762
-0.0555057
-0.0697967
-0.080079
-0.0593233
-0.0731585
-0.0822271
-0.0632899
-0.076668
-0.0847506
-0.0674684
-0.0804957
-0.0879833
-0.072745
-0.0855012
-0.0926988
-0.0245644
-0.0345408
-0.047666
-0.0280936
-0.0384877
-0.0518696
-0.033235
-0.043849
-0.0572887
-0.0412571
-0.0518715
-0.0651365
-0.0518716
-0.0622693
-0.0751622
-0.0651368
-0.0751624
-0.0875866
-0.0803068
-0.092846
-0.100024
-0.0899417
-0.102319
-0.109716
-0.101953
-0.11428
-0.122157
-0.116087
-0.128674
-0.137502
-0.128674
-0.142049
-0.152426
-0.137502
-0.152425
-0.165185
-0.0803072
-0.0899419
-0.101953
-0.0928463
-0.10232
-0.11428
-0.100024
-0.109716
-0.122157
-0.0177639
-0.0196795
-0.02182
-0.025446
-0.0282593
-0.0311631
-0.0365682
-0.0402434
-0.0438033
-0.0245646
-0.0280938
-0.0332351
-0.0345412
-0.038488
-0.0438492
-0.0476664
-0.0518701
-0.0572891
-0.0632905
-0.0674689
-0.0727455
-0.0766685
-0.0804962
-0.0855016
-0.084751
-0.0879836
-0.0926991
-0.0513576
-0.0555063
-0.0593239
-0.0660201
-0.0697972
-0.0731591
-0.0776767
-0.0800795
-0.0822276
-0.00820621
-0.00830247
-0.00854418
-0.00830247
-0.00844699
-0.00877164
-0.00854418
-0.00877164
-0.00921637
-0.00914463
-0.0103837
-0.0128766
-0.00953455
-0.011063
-0.0140347
-0.0101863
-0.0120289
-0.0154799
-0.0114383
-0.0136467
-0.0175861
-0.0136467
-0.0162475
-0.0206268
-0.0175861
-0.0206268
-0.0254093
-0.00914463
-0.00953455
-0.0101863
-0.0103837
-0.011063
-0.0120289
-0.0128766
-0.0140347
-0.0154799
-0.0177639
-0.025446
-0.0365682
-0.0196795
-0.0282593
-0.0402434
-0.02182
-0.0311631
-0.0438034
-0.0513576
-0.0660202
-0.0776767
-0.0555063
-0.0697973
-0.0800795
-0.059324
-0.0731591
-0.0822276
-0.0632906
-0.0766686
-0.0847511
-0.0674691
-0.0804963
-0.0879838
-0.0727458
-0.0855019
-0.0926993
-0.0245646
-0.0345412
-0.0476665
-0.0280939
-0.0384881
-0.0518702
-0.0332353
-0.0438495
-0.0572894
-0.0412575
-0.051872
-0.0651373
-0.0518721
-0.0622699
-0.0751631
-0.0651373
-0.0751631
-0.0875876
-0.0803077
-0.0928468
-0.100024
-0.0899427
-0.10232
-0.109717
-0.101954
-0.114282
-0.122158
-0.116089
-0.128675
-0.137503
-0.128675
-0.142051
-0.152427
-0.137503
-0.152427
-0.165187
-0.0803077
-0.0899427
-0.101954
-0.0928469
-0.10232
-0.114282
-0.100025
-0.109717
-0.122158
-0.0177639
-0.0196795
-0.02182
-0.025446
-0.0282593
-0.0311631
-0.0365683
-0.0402435
-0.0438034
-0.0245647
-0.0280939
-0.0332354
-0.0345413
-0.0384882
-0.0438495
-0.0476666
-0.0518703
-0.0572895
-0.0632907
-0.0674692
-0.0727459
-0.0766687
-0.0804964
-0.085502
-0.0847512
-0.0879839
-0.0926994
-0.0513577
-0.0555064
-0.059324
-0.0660202
-0.0697973
-0.0731592
-0.0776768
-0.0800796
-0.0822277
-0.00820621
-0.00830247
-0.00854418
-0.00830247
-0.00844699
-0.00877164
-0.00854417
-0.00877163
-0.00921636
-0.00914463
-0.0103837
-0.0128766
-0.00953455
-0.011063
-0.0140347
-0.0101863
-0.0120289
-0.0154799
-0.0114383
-0.0136466
-0.017586
-0.0136466
-0.0162474
-0.0206266
-0.0175859
-0.0206266
-0.0254091
-0.00914461
-0.00953452
-0.0101863
-0.0103836
-0.0110629
-0.0120288
-0.0128765
-0.0140346
-0.0154797
-0.0177639
-0.025446
-0.0365683
-0.0196795
-0.0282593
-0.0402434
-0.02182
-0.0311631
-0.0438033
-0.0513577
-0.0660202
-0.0776768
-0.0555063
-0.0697973
-0.0800795
-0.0593239
-0.0731591
-0.0822276
-0.0632905
-0.0766685
-0.084751
-0.0674689
-0.0804962
-0.0879836
-0.0727454
-0.0855016
-0.092699
-0.0245646
-0.0345412
-0.0476664
-0.0280938
-0.038488
-0.05187
-0.0332351
-0.0438492
-0.0572891
-0.041257
-0.0518715
-0.0651367
-0.0518714
-0.0622691
-0.0751622
-0.0651364
-0.0751621
-0.0875865
-0.0803071
-0.0928462
-0.100024
-0.0899418
-0.102319
-0.109716
-0.101953
-0.11428
-0.122157
-0.116087
-0.128673
-0.137502
-0.128674
-0.142049
-0.152425
-0.137502
-0.152425
-0.165185
-0.0803066
-0.0899415
-0.101953
-0.0928459
-0.102319
-0.11428
-0.100024
-0.109716
-0.122157
-0.0177637
-0.0196792
-0.0218197
-0.0254457
-0.0282589
-0.0311627
-0.0365678
-0.0402429
-0.0438028
-0.0245643
-0.0280935
-0.033235
-0.0345408
-0.0384876
-0.0438489
-0.0476659
-0.0518695
-0.0572886
-0.0632899
-0.0674683
-0.0727449
-0.0766679
-0.0804956
-0.0855011
-0.0847506
-0.0879833
-0.0926988
-0.0513571
-0.0555057
-0.0593233
-0.0660196
-0.0697966
-0.0731585
-0.0776762
-0.080079
-0.0822271
-0.00820621
-0.00830247
-0.00854417
-0.00830247
-0.00844698
-0.00877163
-0.00854417
-0.00877163
-0.00921634
-0.0091446
-0.0103836
-0.0128765
-0.00953452
-0.0110629
-0.0140346
-0.0101863
-0.0120288
-0.0154797
-0.0114382
-0.0136466
-0.0175859
-0.0136466
-0.0162473
-0.0206265
-0.0175859
-0.0206265
-0.025409
-0.00914461
-0.00953453
-0.0101863
-0.0103836
-0.0110629
-0.0120288
-0.0128765
-0.0140346
-0.0154797
-0.0177637
-0.0254457
-0.0365678
-0.0196792
-0.028259
-0.040243
-0.0218197
-0.0311627
-0.0438029
-0.0513571
-0.0660196
-0.0776762
-0.0555058
-0.0697967
-0.080079
-0.0593234
-0.0731586
-0.0822271
-0.06329
-0.076668
-0.0847506
-0.0674684
-0.0804957
-0.0879832
-0.0727449
-0.0855011
-0.0926986
-0.0245643
-0.0345408
-0.047666
-0.0280935
-0.0384876
-0.0518696
-0.0332348
-0.0438488
-0.0572886
-0.0412568
-0.0518712
-0.0651363
-0.0518712
-0.0622689
-0.0751618
-0.0651363
-0.0751618
-0.0875861
-0.0803066
-0.0928458
-0.100024
-0.0899413
-0.102319
-0.109715
-0.101952
-0.11428
-0.122157
-0.116087
-0.128673
-0.137501
-0.128673
-0.142049
-0.152425
-0.137501
-0.152425
-0.165184
-0.0803065
-0.0899413
-0.101952
-0.0928457
-0.102319
-0.11428
-0.100023
-0.109715
-0.122157
-0.0177637
-0.0196793
-0.0218198
-0.0254458
-0.028259
-0.0311628
-0.0365679
-0.040243
-0.0438029
-0.0245644
-0.0280935
-0.0332348
-0.0345408
-0.0384876
-0.0438488
-0.047666
-0.0518696
-0.0572886
-0.0632899
-0.0674683
-0.0727449
-0.0766679
-0.0804955
-0.085501
-0.0847504
-0.0879831
-0.0926985
-0.0513571
-0.0555058
-0.0593234
-0.0660195
-0.0697966
-0.0731585
-0.0776761
-0.0800789
-0.082227
-0.0823984
-0.0769934
-0.0621606
-0.0824622
-0.0746047
-0.0578403
-0.0827575
-0.073106
-0.0550193
-0.0397802
-0.0173124
0.00166123
-0.0345721
-0.0124477
0.00537552
-0.0311883
-0.00927274
0.00790571
-0.0297626
-0.00773028
0.0094228
-0.0307238
-0.00818378
0.00960268
-0.0344002
-0.0109648
0.00807859
-0.0839209
-0.0730377
-0.0540632
-0.0864348
-0.0749426
-0.0554835
-0.0909315
-0.079312
-0.0596607
0.014851
0.0204327
0.0205518
0.0170499
0.0213582
0.0205718
0.0187874
0.0224636
0.0212206
0.0167839
0.0111432
0.00410524
0.0162592
0.0103725
0.00366796
0.0165869
0.0105528
0.00374904
0.0178
0.0114413
0.0041319
0.0195951
0.0128018
0.00468197
0.021737
0.0144656
0.00534056
0.0202659
0.0239168
0.0226083
0.0211757
0.0254128
0.0244385
0.0211306
0.0265954
0.0264038
0.0191495
0.0266489
0.0278832
0.0142316
0.0243619
0.0276168
0.00495476
0.0183013
0.0242699
0.0237918
0.016155
0.00599354
0.0246389
0.0170602
0.00632221
0.023164
0.0164046
0.00602404
0.0174682
0.0128633
0.00458802
0.00663199
0.0057261
0.00176574
-0.0105426
-0.00582957
-0.00272012
-0.0110268
0.00607249
0.0155785
-0.0330305
-0.0124495
0.000841673
-0.0618816
-0.0384159
-0.0212474
-0.098502
-0.0872141
-0.067674
-0.108844
-0.098326
-0.0792611
-0.122372
-0.113129
-0.0950605
-0.0419096
-0.0172152
0.00375156
-0.0531986
-0.0272019
-0.00402878
-0.0691247
-0.0420149
-0.0165516
-0.0911161
-0.0634698
-0.0359552
-0.116287
-0.0892125
-0.0606419
-0.144193
-0.119201
-0.0909937
-0.139477
-0.132305
-0.116083
-0.156886
-0.152582
-0.139159
-0.173123
-0.172793
-0.163442
-0.185896
-0.191046
-0.18754
-0.191046
-0.202485
-0.205922
-0.18754
-0.205922
-0.217332
-0.17404
-0.153285
-0.127524
-0.199727
-0.18508
-0.163899
-0.219995
-0.21334
-0.19887
-0.23305
-0.236299
-0.230656
-0.236299
-0.249388
-0.252731
-0.230656
-0.252731
-0.264254
-0.174039
-0.199727
-0.219995
-0.153285
-0.18508
-0.21334
-0.127524
-0.163899
-0.19887
-0.0987514
-0.0734817
-0.0525388
-0.137676
-0.112258
-0.0883531
-0.177379
-0.153374
-0.127181
-0.0356948
-0.0228792
-0.00921613
-0.0650121
-0.0426916
-0.0165971
-0.0969512
-0.0639827
-0.0242928
-0.128981
-0.0847087
-0.031432
-0.152638
-0.0990887
-0.0359435
-0.165103
-0.105314
-0.0372603
-0.215934
-0.194636
-0.166555
-0.244984
-0.226517
-0.196742
-0.262575
-0.246188
-0.214548
-0.264833
-0.249094
-0.21551
-0.249094
-0.232618
-0.198074
-0.21551
-0.198074
-0.164752
-0.162905
-0.101386
-0.0348197
-0.146085
-0.0883472
-0.0293878
-0.11778
-0.0688558
-0.0220656
-0.0809907
-0.0453921
-0.0138463
-0.0453921
-0.0242253
-0.00690077
-0.0138463
-0.00690077
-0.001703
-0.162905
-0.146085
-0.11778
-0.101386
-0.0883472
-0.0688558
-0.0348197
-0.0293878
-0.0220656
-0.0987513
-0.137676
-0.177379
-0.0734817
-0.112258
-0.153374
-0.0525388
-0.0883531
-0.127181
-0.215934
-0.244984
-0.262575
-0.194636
-0.226517
-0.246188
-0.166555
-0.196742
-0.214548
-0.128981
-0.152638
-0.165103
-0.0847087
-0.0990887
-0.105314
-0.031432
-0.0359436
-0.0372603
-0.0356948
-0.0650121
-0.0969513
-0.0228792
-0.0426916
-0.0639827
-0.00921612
-0.0165971
-0.0242928
-0.0823985
-0.0824624
-0.0827577
-0.0769937
-0.0746049
-0.0731061
-0.0621608
-0.0578405
-0.0550195
-0.0839211
-0.086435
-0.0909317
-0.0730379
-0.0749427
-0.0793121
-0.0540634
-0.0554836
-0.0596608
-0.0297627
-0.0307239
-0.0344003
-0.00773031
-0.00818379
-0.0109648
0.00942284
0.00960272
0.00807863
-0.0397804
-0.0345722
-0.0311884
-0.0173125
-0.0124477
-0.00927278
0.00166123
0.00537553
0.00790574
-0.0985021
-0.108845
-0.122372
-0.0872142
-0.0983261
-0.113129
-0.0676741
-0.0792612
-0.0950605
-0.139477
-0.156886
-0.173123
-0.132305
-0.152582
-0.172793
-0.116083
-0.139159
-0.163442
-0.0911161
-0.116287
-0.144193
-0.0634697
-0.0892124
-0.119201
-0.0359552
-0.0606418
-0.0909936
-0.0419096
-0.0531987
-0.0691247
-0.0172152
-0.0272019
-0.0420149
0.0037516
-0.00402874
-0.0165516
0.0191495
0.0142316
0.0049548
0.026649
0.0243619
0.0183013
0.0278832
0.0276169
0.0242699
-0.0110268
-0.0330305
-0.0618816
0.00607252
-0.0124495
-0.0384159
0.0155785
0.000841678
-0.0212474
0.0174682
0.00663199
-0.0105426
0.0128633
0.0057261
-0.00582958
0.00458802
0.00176574
-0.00272012
0.0237919
0.024639
0.0231641
0.0161551
0.0170602
0.0164046
0.00599356
0.00632223
0.00602405
0.0148511
0.0170499
0.0187874
0.0204328
0.0213583
0.0224637
0.0205519
0.0205719
0.0212207
0.020266
0.0211758
0.0211307
0.0239169
0.0254129
0.0265955
0.0226084
0.0244386
0.0264039
0.0178001
0.0195952
0.0217371
0.0114413
0.0128018
0.0144657
0.00413191
0.00468199
0.00534057
0.0167839
0.0162592
0.016587
0.0111432
0.0103725
0.0105529
0.00410525
0.00366797
0.00374906
-0.0823986
-0.0769937
-0.0621608
-0.0824624
-0.074605
-0.0578406
-0.0827578
-0.0731063
-0.0550196
-0.0397804
-0.0173125
0.0016612
-0.0345723
-0.0124478
0.00537547
-0.0311886
-0.00927292
0.00790565
-0.0297629
-0.0077305
0.00942271
-0.0307242
-0.00818403
0.00960255
-0.0344007
-0.0109651
0.0080784
-0.0839212
-0.0730381
-0.0540636
-0.0864352
-0.074943
-0.0554839
-0.090932
-0.0793125
-0.0596612
0.014851
0.0204328
0.0205519
0.0170499
0.0213583
0.0205719
0.0187874
0.0224637
0.0212207
0.0167839
0.0111432
0.00410525
0.0162592
0.0103725
0.00366797
0.016587
0.0105529
0.00374906
0.0178001
0.0114413
0.00413191
0.0195952
0.0128018
0.00468198
0.021737
0.0144656
0.00534056
0.0202659
0.0239168
0.0226084
0.0211757
0.0254128
0.0244385
0.0211305
0.0265954
0.0264038
0.0191493
0.0266489
0.0278831
0.0142314
0.0243617
0.0276167
0.00495445
0.0183011
0.0242697
0.0237918
0.016155
0.00599354
0.0246389
0.0170602
0.00632221
0.023164
0.0164046
0.00602404
0.0174681
0.0128633
0.00458803
0.00663199
0.00572616
0.00176578
-0.0105425
-0.00582943
-0.00272004
-0.0110272
0.00607224
0.0155783
-0.033031
-0.0124498
0.000841544
-0.0618822
-0.0384162
-0.0212475
-0.0985025
-0.0872146
-0.0676746
-0.108845
-0.0983267
-0.0792618
-0.122372
-0.11313
-0.0950613
-0.0419101
-0.0172156
0.00375131
-0.0531992
-0.0272023
-0.00402912
-0.0691254
-0.0420155
-0.0165521
-0.0911169
-0.0634705
-0.0359558
-0.116288
-0.0892133
-0.0606426
-0.144194
-0.119202
-0.0909945
-0.139478
-0.132306
-0.116084
-0.156887
-0.152583
-0.13916
-0.173124
-0.172794
-0.163443
-0.185897
-0.191047
-0.187541
-0.191046
-0.202486
-0.205923
-0.18754
-0.205922
-0.217333
-0.174041
-0.153286
-0.127525
-0.199728
-0.185081
-0.1639
-0.219996
-0.213341
-0.198871
-0.23305
-0.2363
-0.230657
-0.236299
-0.249388
-0.252731
-0.230655
-0.25273
-0.264255
-0.174038
-0.199726
-0.219995
-0.153283
-0.185078
-0.213339
-0.127522
-0.163897
-0.198867
-0.0987521
-0.0734821
-0.0525389
-0.137677
-0.112259
-0.0883533
-0.17738
-0.153375
-0.127182
-0.0356946
-0.022879
-0.009216
-0.065012
-0.0426914
-0.016597
-0.0969514
-0.0639827
-0.0242928
-0.128982
-0.0847091
-0.0314322
-0.15264
-0.0990898
-0.035944
-0.165105
-0.105316
-0.0372611
-0.215935
-0.194637
-0.166556
-0.244985
-0.226518
-0.196744
-0.262576
-0.24619
-0.21455
-0.264834
-0.249097
-0.215514
-0.249096
-0.232622
-0.198079
-0.215513
-0.198078
-0.164757
-0.162909
-0.101389
-0.0348208
-0.14609
-0.0883506
-0.0293892
-0.117785
-0.0688594
-0.0220669
-0.080995
-0.0453951
-0.0138474
-0.0453951
-0.0242272
-0.0069014
-0.0138474
-0.00690141
-0.00170318
-0.162908
-0.146089
-0.117785
-0.101388
-0.0883503
-0.0688593
-0.0348206
-0.0293891
-0.0220669
-0.0987479
-0.137673
-0.177376
-0.0734779
-0.112254
-0.15337
-0.052535
-0.0883488
-0.127177
-0.215932
-0.244982
-0.262575
-0.194633
-0.226515
-0.246188
-0.166552
-0.19674
-0.214548
-0.128978
-0.152637
-0.165103
-0.0847066
-0.0990878
-0.105314
-0.0314313
-0.0359433
-0.0372607
-0.0356913
-0.0650082
-0.0969474
-0.0228767
-0.0426888
-0.0639799
-0.00921512
-0.016596
-0.0242918
-0.0823989
-0.0824627
-0.0827579
-0.0769938
-0.074605
-0.0731062
-0.0621606
-0.0578403
-0.0550193
-0.0839213
-0.0864352
-0.0909319
-0.0730379
-0.0749427
-0.0793121
-0.0540632
-0.0554834
-0.0596605
-0.0297624
-0.0307235
-0.0343999
-0.0077299
-0.00818335
-0.0109642
0.00942323
0.00960314
0.00807912
-0.03978
-0.0345718
-0.031188
-0.017312
-0.0124473
-0.00927237
0.00166175
0.00537598
0.00790614
-0.0985023
-0.108845
-0.122372
-0.0872141
-0.098326
-0.113129
-0.0676738
-0.0792607
-0.09506
-0.139477
-0.156886
-0.173124
-0.132305
-0.152582
-0.172793
-0.116082
-0.139158
-0.163441
-0.091115
-0.116286
-0.144192
-0.0634683
-0.0892107
-0.119199
-0.0359535
-0.0606397
-0.0909911
-0.0419091
-0.053198
-0.0691238
-0.0172146
-0.027201
-0.0420138
0.00375224
-0.00402787
-0.0165504
0.01915
0.0142324
0.00495592
0.0266493
0.0243625
0.0183023
0.0278834
0.0276172
0.0242706
-0.0110251
-0.0330282
-0.0618786
0.00607403
-0.0124473
-0.0384128
0.0155798
0.000843722
-0.0212444
0.0174691
0.00663368
-0.01054
0.012864
0.00572732
-0.00582769
0.0045883
0.00176625
-0.00271934
0.0237919
0.0246391
0.0231645
0.016155
0.0170603
0.0164048
0.00599353
0.00632224
0.00602415
0.0148515
0.0170503
0.0187878
0.0204331
0.0213586
0.0224639
0.020552
0.0205721
0.0212208
0.0202663
0.0211761
0.021131
0.0239171
0.0254131
0.0265957
0.0226085
0.0244386
0.026404
0.0178001
0.0195952
0.021737
0.0114413
0.0128018
0.0144656
0.0041319
0.00468196
0.00534053
0.016784
0.0162593
0.016587
0.0111433
0.0103725
0.0105529
0.00410526
0.00366798
0.00374906
-0.0823989
-0.0769938
-0.0621606
-0.0824627
-0.074605
-0.0578403
-0.0827579
-0.0731062
-0.0550192
-0.03978
-0.017312
0.00166176
-0.0345718
-0.0124472
0.00537601
-0.031188
-0.00927229
0.0079062
-0.0297623
-0.00772979
0.00942331
-0.0307234
-0.00818322
0.00960324
-0.0343997
-0.0109641
0.00807923
-0.0839213
-0.0730379
-0.0540631
-0.0864353
-0.0749427
-0.0554833
-0.0909321
-0.0793122
-0.0596605
0.0148515
0.0204331
0.020552
0.0170503
0.0213586
0.0205721
0.0187878
0.022464
0.0212208
0.016784
0.0111433
0.00410526
0.0162593
0.0103725
0.00366798
0.016587
0.0105529
0.00374905
0.0178001
0.0114413
0.00413189
0.0195952
0.0128018
0.00468194
0.021737
0.0144655
0.00534051
0.0202663
0.0239171
0.0226085
0.0211762
0.0254131
0.0244386
0.0211311
0.0265957
0.0264039
0.0191501
0.0266494
0.0278833
0.0142324
0.0243625
0.0276172
0.00495597
0.0183023
0.0242706
0.0237918
0.016155
0.00599351
0.024639
0.0170602
0.00632222
0.0231645
0.0164049
0.00602416
0.0174692
0.0128641
0.00458835
0.00663392
0.00572753
0.00176634
-0.0105396
-0.00582736
-0.00271919
-0.0110251
0.0060741
0.0155799
-0.0330283
-0.0124472
0.000843906
-0.0618789
-0.0384128
-0.0212442
-0.0985026
-0.0872143
-0.0676738
-0.108845
-0.0983264
-0.079261
-0.122373
-0.11313
-0.0950605
-0.041909
-0.0172145
0.00375235
-0.053198
-0.027201
-0.00402779
-0.0691241
-0.0420139
-0.0165504
-0.0911156
-0.0634687
-0.0359537
-0.116287
-0.0892113
-0.0606401
-0.144193
-0.1192
-0.0909918
-0.139478
-0.132306
-0.116083
-0.156888
-0.152584
-0.139159
-0.173126
-0.172795
-0.163443
-0.185898
-0.191048
-0.187542
-0.191048
-0.202487
-0.205924
-0.187541
-0.205924
-0.217334
-0.17404
-0.153284
-0.127523
-0.199728
-0.18508
-0.163898
-0.219996
-0.21334
-0.198869
-0.233051
-0.2363
-0.230656
-0.2363
-0.249389
-0.252731
-0.230656
-0.252731
-0.264255
-0.17404
-0.199727
-0.219996
-0.153284
-0.185079
-0.21334
-0.127522
-0.163897
-0.198868
-0.0987484
-0.073478
-0.0525347
-0.137673
-0.112254
-0.0883487
-0.177377
-0.153371
-0.127177
-0.0356909
-0.0228763
-0.00921495
-0.0650079
-0.0426885
-0.0165959
-0.0969474
-0.0639799
-0.0242918
-0.128979
-0.0847071
-0.0314315
-0.152638
-0.0990889
-0.0359438
-0.165106
-0.105316
-0.0372614
-0.215933
-0.194634
-0.166552
-0.244984
-0.226517
-0.196742
-0.262576
-0.24619
-0.21455
-0.264836
-0.249099
-0.215516
-0.249099
-0.232625
-0.198082
-0.215516
-0.198082
-0.164761
-0.162911
-0.10139
-0.0348216
-0.146093
-0.0883533
-0.0293902
-0.117789
-0.0688622
-0.022068
-0.0809986
-0.0453975
-0.0138481
-0.0453974
-0.0242286
-0.00690182
-0.0138481
-0.00690182
-0.00170328
-0.162911
-0.146093
-0.117789
-0.10139
-0.0883532
-0.0688622
-0.0348216
-0.0293901
-0.0220679
-0.098748
-0.137673
-0.177376
-0.0734776
-0.112254
-0.15337
-0.0525344
-0.0883483
-0.127177
-0.215932
-0.244983
-0.262576
-0.194633
-0.226516
-0.246189
-0.166552
-0.196741
-0.21455
-0.128978
-0.152638
-0.165105
-0.0847068
-0.0990886
-0.105316
-0.0314314
-0.0359437
-0.0372613
-0.0356907
-0.0650076
-0.096947
-0.0228763
-0.0426883
-0.0639797
-0.00921493
-0.0165958
-0.0242917
-0.0823989
-0.0824628
-0.082758
-0.0769938
-0.074605
-0.0731062
-0.0621606
-0.0578403
-0.0550192
-0.0839214
-0.0864353
-0.0909321
-0.0730379
-0.0749427
-0.0793121
-0.0540631
-0.0554833
-0.0596604
-0.0297622
-0.0307233
-0.0343996
-0.0077297
-0.00818311
-0.010964
0.00942341
0.00960335
0.00807937
-0.03978
-0.0345718
-0.0311879
-0.0173119
-0.0124472
-0.00927221
0.00166182
0.00537608
0.00790629
-0.0985026
-0.108845
-0.122373
-0.0872142
-0.0983263
-0.11313
-0.0676737
-0.0792608
-0.0950603
-0.139478
-0.156888
-0.173126
-0.132306
-0.152584
-0.172794
-0.116083
-0.139159
-0.163443
-0.0911153
-0.116286
-0.144193
-0.0634684
-0.089211
-0.119199
-0.0359534
-0.0606398
-0.0909914
-0.0419089
-0.0531978
-0.0691238
-0.0172143
-0.0272008
-0.0420137
0.00375252
-0.00402759
-0.0165501
0.0191502
0.0142326
0.00495619
0.0266495
0.0243626
0.0183025
0.0278834
0.0276173
0.0242707
-0.0110248
-0.033028
-0.0618786
0.00607432
-0.0124469
-0.0384125
0.01558
0.0008441
-0.021244
0.0174693
0.00663404
-0.0105395
0.0128641
0.0057276
-0.00582729
0.00458837
0.00176637
-0.00271917
0.0237919
0.0246391
0.0231646
0.016155
0.0170603
0.0164049
0.00599352
0.00632223
0.00602417
0.0148515
0.0170504
0.0187879
0.0204332
0.0213587
0.022464
0.0205521
0.0205721
0.0212209
0.0202664
0.0211763
0.0211312
0.0239171
0.0254132
0.0265958
0.0226085
0.0244387
0.026404
0.0178001
0.0195952
0.021737
0.0114413
0.0128018
0.0144656
0.00413189
0.00468194
0.00534052
0.016784
0.0162593
0.016587
0.0111433
0.0103725
0.0105529
0.00410526
0.00366798
0.00374906
-0.0823989
-0.0769938
-0.0621606
-0.0824627
-0.0746051
-0.0578404
-0.082758
-0.0731062
-0.0550194
-0.03978
-0.0173119
0.0016618
-0.0345719
-0.0124473
0.00537601
-0.0311881
-0.00927237
0.00790616
-0.0297624
-0.00772991
0.00942323
-0.0307236
-0.00818337
0.00960313
-0.0343999
-0.0109643
0.00807911
-0.0839214
-0.073038
-0.0540632
-0.0864353
-0.0749428
-0.0554835
-0.0909319
-0.0793122
-0.0596606
0.0148515
0.0204331
0.0205521
0.0170503
0.0213586
0.0205721
0.0187878
0.022464
0.0212208
0.016784
0.0111433
0.00410526
0.0162593
0.0103725
0.00366798
0.016587
0.0105529
0.00374906
0.0178001
0.0114413
0.0041319
0.0195952
0.0128018
0.00468196
0.021737
0.0144656
0.00534054
0.0202663
0.0239171
0.0226085
0.0211761
0.0254131
0.0244386
0.021131
0.0265957
0.026404
0.01915
0.0266493
0.0278834
0.0142324
0.0243625
0.0276172
0.00495595
0.0183023
0.0242706
0.0237919
0.016155
0.00599353
0.0246391
0.0170603
0.00632224
0.0231645
0.0164049
0.00602415
0.0174691
0.012864
0.0045883
0.00663373
0.00572734
0.00176625
-0.0105399
-0.00582767
-0.00271934
-0.011025
0.00607408
0.0155798
-0.0330281
-0.0124472
0.000843795
-0.0618784
-0.0384126
-0.0212443
-0.0985023
-0.0872141
-0.0676738
-0.108845
-0.0983259
-0.0792607
-0.122372
-0.113129
-0.0950599
-0.0419091
-0.0172146
0.00375224
-0.0531979
-0.027201
-0.00402786
-0.0691237
-0.0420137
-0.0165503
-0.0911148
-0.0634682
-0.0359534
-0.116285
-0.0892105
-0.0606396
-0.144191
-0.119198
-0.0909908
-0.139477
-0.132305
-0.116082
-0.156886
-0.152582
-0.139158
-0.173124
-0.172792
-0.163441
-0.185896
-0.191046
-0.187539
-0.191047
-0.202485
-0.205922
-0.187541
-0.205923
-0.217332
-0.174038
-0.153282
-0.127521
-0.199726
-0.185078
-0.163896
-0.219994
-0.213338
-0.198867
-0.23305
-0.236299
-0.230655
-0.2363
-0.249388
-0.25273
-0.230657
-0.252731
-0.264255
-0.174041
-0.199728
-0.219996
-0.153286
-0.185081
-0.213341
-0.127526
-0.1639
-0.198871
-0.0987477
-0.0734777
-0.0525348
-0.137672
-0.112254
-0.0883487
-0.177376
-0.15337
-0.127177
-0.0356912
-0.0228767
-0.00921512
-0.0650081
-0.0426888
-0.016596
-0.0969473
-0.0639799
-0.0242918
-0.128978
-0.0847066
-0.0314313
-0.152637
-0.0990878
-0.0359433
-0.165103
-0.105314
-0.0372607
-0.215931
-0.194633
-0.166551
-0.244982
-0.226515
-0.19674
-0.262575
-0.246188
-0.214548
-0.264834
-0.249096
-0.215513
-0.249097
-0.232622
-0.198078
-0.215514
-0.198079
-0.164757
-0.162908
-0.101388
-0.0348206
-0.146089
-0.0883503
-0.0293891
-0.117785
-0.0688593
-0.0220669
-0.0809951
-0.0453951
-0.0138474
-0.0453951
-0.0242272
-0.00690141
-0.0138474
-0.0069014
-0.00170318
-0.162909
-0.14609
-0.117785
-0.101389
-0.0883507
-0.0688594
-0.0348209
-0.0293892
-0.0220669
-0.0987522
-0.137677
-0.17738
-0.0734822
-0.112259
-0.153375
-0.052539
-0.0883534
-0.127182
-0.215935
-0.244985
-0.262576
-0.194637
-0.226518
-0.24619
-0.166556
-0.196744
-0.21455
-0.128982
-0.15264
-0.165105
-0.0847092
-0.0990899
-0.105316
-0.0314322
-0.0359441
-0.0372612
-0.0356946
-0.0650121
-0.0969515
-0.022879
-0.0426915
-0.0639827
-0.00921601
-0.016597
-0.0242929
-0.0823986
-0.0824624
-0.0827578
-0.0769937
-0.0746051
-0.0731063
-0.0621608
-0.0578406
-0.0550197
-0.0839212
-0.0864352
-0.090932
-0.0730382
-0.0749431
-0.0793126
-0.0540637
-0.0554841
-0.0596613
-0.029763
-0.0307243
-0.0344008
-0.00773057
-0.00818413
-0.0109652
0.00942266
0.00960249
0.00807833
-0.0397805
-0.0345724
-0.0311886
-0.0173125
-0.0124479
-0.00927298
0.0016612
0.00537545
0.00790561
-0.0985025
-0.108845
-0.122372
-0.0872148
-0.0983268
-0.11313
-0.0676748
-0.079262
-0.0950614
-0.139478
-0.156887
-0.173124
-0.132306
-0.152583
-0.172794
-0.116084
-0.13916
-0.163443
-0.0911171
-0.116288
-0.144194
-0.0634707
-0.0892135
-0.119202
-0.0359559
-0.0606427
-0.0909946
-0.0419103
-0.0531994
-0.0691256
-0.0172158
-0.0272025
-0.0420157
0.00375121
-0.00402924
-0.0165522
0.0191493
0.0142313
0.00495437
0.0266489
0.0243617
0.0183011
0.0278831
0.0276167
0.0242697
-0.0110273
-0.0330311
-0.0618823
0.00607219
-0.0124499
-0.0384163
0.0155783
0.000841531
-0.0212475
0.0174681
0.00663201
-0.0105425
0.0128634
0.00572618
-0.00582943
0.00458804
0.00176578
-0.00272004
0.0237918
0.0246389
0.023164
0.016155
0.0170602
0.0164046
0.00599355
0.00632221
0.00602404
0.014851
0.0170499
0.0187874
0.0204328
0.0213583
0.0224637
0.0205519
0.0205719
0.0212207
0.0202659
0.0211757
0.0211305
0.0239168
0.0254128
0.0265954
0.0226084
0.0244385
0.0264038
0.0178001
0.0195952
0.021737
0.0114413
0.0128018
0.0144656
0.00413191
0.00468198
0.00534056
0.0167839
0.0162593
0.016587
0.0111432
0.0103725
0.0105529
0.00410525
0.00366798
0.00374906
-0.0823985
-0.0769937
-0.0621608
-0.0824624
-0.0746049
-0.0578405
-0.0827577
-0.0731061
-0.0550195
-0.0397804
-0.0173125
0.00166123
-0.0345722
-0.0124477
0.00537553
-0.0311884
-0.00927278
0.00790574
-0.0297627
-0.00773031
0.00942284
-0.0307239
-0.00818379
0.00960272
-0.0344003
-0.0109648
0.00807863
-0.0839211
-0.0730379
-0.0540634
-0.086435
-0.0749427
-0.0554836
-0.0909317
-0.0793121
-0.0596608
0.0148511
0.0204328
0.0205519
0.0170499
0.0213583
0.0205719
0.0187874
0.0224637
0.0212207
0.0167839
0.0111432
0.00410525
0.0162592
0.0103725
0.00366797
0.016587
0.0105529
0.00374906
0.0178001
0.0114413
0.00413191
0.0195952
0.0128018
0.00468199
0.0217371
0.0144657
0.00534057
0.020266
0.0239169
0.0226084
0.0211758
0.0254129
0.0244386
0.0211307
0.0265955
0.0264039
0.0191495
0.026649
0.0278832
0.0142316
0.0243619
0.0276169
0.0049548
0.0183013
0.0242699
0.0237919
0.0161551
0.00599356
0.024639
0.0170602
0.00632223
0.0231641
0.0164046
0.00602405
0.0174682
0.0128633
0.00458802
0.00663199
0.0057261
0.00176574
-0.0105426
-0.00582958
-0.00272012
-0.0110268
0.00607252
0.0155785
-0.0330305
-0.0124495
0.000841678
-0.0618816
-0.0384159
-0.0212474
-0.0985021
-0.0872142
-0.0676741
-0.108845
-0.0983261
-0.0792612
-0.122372
-0.113129
-0.0950605
-0.0419096
-0.0172152
0.0037516
-0.0531987
-0.0272019
-0.00402874
-0.0691247
-0.0420149
-0.0165516
-0.0911161
-0.0634697
-0.0359552
-0.116287
-0.0892124
-0.0606418
-0.144193
-0.119201
-0.0909936
-0.139477
-0.132305
-0.116083
-0.156886
-0.152582
-0.139159
-0.173123
-0.172793
-0.163442
-0.185896
-0.191046
-0.18754
-0.191046
-0.202485
-0.205922
-0.18754
-0.205922
-0.217332
-0.174039
-0.153285
-0.127524
-0.199727
-0.18508
-0.163899
-0.219995
-0.21334
-0.19887
-0.23305
-0.236299
-0.230656
-0.236299
-0.249388
-0.252731
-0.230656
-0.252731
-0.264254
-0.17404
-0.199727
-0.219995
-0.153285
-0.18508
-0.21334
-0.127524
-0.163899
-0.19887
-0.0987513
-0.0734817
-0.0525388
-0.137676
-0.112258
-0.0883531
-0.177379
-0.153374
-0.127181
-0.0356948
-0.0228792
-0.00921612
-0.0650121
-0.0426916
-0.0165971
-0.0969513
-0.0639827
-0.0242928
-0.128981
-0.0847087
-0.031432
-0.152638
-0.0990887
-0.0359436
-0.165103
-0.105314
-0.0372603
-0.215934
-0.194636
-0.166555
-0.244984
-0.226517
-0.196742
-0.262575
-0.246188
-0.214548
-0.264833
-0.249094
-0.21551
-0.249094
-0.232618
-0.198074
-0.21551
-0.198074
-0.164752
-0.162905
-0.101386
-0.0348197
-0.146085
-0.0883472
-0.0293878
-0.11778
-0.0688558
-0.0220656
-0.0809907
-0.0453921
-0.0138463
-0.0453921
-0.0242253
-0.00690077
-0.0138463
-0.00690077
-0.001703
-0.162905
-0.146085
-0.11778
-0.101386
-0.0883472
-0.0688558
-0.0348197
-0.0293878
-0.0220656
-0.0987514
-0.137676
-0.177379
-0.0734817
-0.112258
-0.153374
-0.0525388
-0.0883531
-0.127181
-0.215934
-0.244984
-0.262575
-0.194636
-0.226517
-0.246188
-0.166555
-0.196742
-0.214548
-0.128981
-0.152638
-0.165103
-0.0847087
-0.0990887
-0.105314
-0.031432
-0.0359435
-0.0372603
-0.0356948
-0.0650121
-0.0969512
-0.0228792
-0.0426916
-0.0639827
-0.00921613
-0.0165971
-0.0242928
-0.0823984
-0.0824622
-0.0827575
-0.0769934
-0.0746047
-0.073106
-0.0621606
-0.0578403
-0.0550193
-0.0839209
-0.0864348
-0.0909315
-0.0730377
-0.0749426
-0.079312
-0.0540632
-0.0554835
-0.0596607
-0.0297626
-0.0307238
-0.0344002
-0.00773028
-0.00818378
-0.0109648
0.0094228
0.00960268
0.00807859
-0.0397802
-0.0345721
-0.0311883
-0.0173124
-0.0124477
-0.00927274
0.00166123
0.00537552
0.00790571
-0.098502
-0.108844
-0.122372
-0.0872141
-0.098326
-0.113129
-0.067674
-0.0792611
-0.0950605
-0.139477
-0.156886
-0.173123
-0.132305
-0.152582
-0.172793
-0.116083
-0.139159
-0.163442
-0.0911161
-0.116287
-0.144193
-0.0634698
-0.0892125
-0.119201
-0.0359552
-0.0606419
-0.0909937
-0.0419096
-0.0531986
-0.0691247
-0.0172152
-0.0272019
-0.0420149
0.00375156
-0.00402878
-0.0165516
0.0191495
0.0142316
0.00495476
0.0266489
0.0243619
0.0183013
0.0278832
0.0276168
0.0242699
-0.0110268
-0.0330305
-0.0618816
0.00607249
-0.0124495
-0.0384159
0.0155785
0.000841673
-0.0212474
0.0174682
0.00663199
-0.0105426
0.0128633
0.0057261
-0.00582957
0.00458802
0.00176574
-0.00272012
0.0237918
0.0246389
0.023164
0.016155
0.0170602
0.0164046
0.00599354
0.00632221
0.00602404
0.014851
0.0170499
0.0187874
0.0204327
0.0213582
0.0224636
0.0205518
0.0205718
0.0212206
0.0202659
0.0211757
0.0211306
0.0239168
0.0254128
0.0265954
0.0226083
0.0244385
0.0264038
0.0178
0.0195951
0.021737
0.0114413
0.0128018
0.0144656
0.0041319
0.00468197
0.00534056
0.0167839
0.0162592
0.0165869
0.0111432
0.0103725
0.0105528
0.00410524
0.00366796
0.00374904
