FiniteElementSpace
FiniteElementCollection: H1_2D_P4
VDim: 1
Ordering: 0

-0.00873976
9.35762e-14
9.35736e-14
7.76165e-35
9.3577e-14
7.76496e-35
9.3577e-14
7.7667e-35
9.35736e-14
7.76496e-35
7.76165e-35
-0.0712234
4.87272e-21
4.87272e-21
-0.0712235
4.87302e-21
4.87451e-21
-0.0712241
4.87525e-21
4.87533e-21
-0.0712241
4.87451e-21
4.87302e-21
-0.0712235
4.87272e-21
4.87272e-21
-0.138868
-0.138868
-0.13887
-0.138868
-0.138868
-0.0114383
-0.0894922
-0.0894924
-0.0114383
-0.0894923
-0.0894928
-0.0114384
-0.0894931
-0.0894932
-0.0114384
-0.0894928
-0.0894922
-0.0114383
-0.0894924
-0.0894922
-0.0151389
1.39243e-16
-0.129601
4.0102e-27
4.01022e-27
-0.129601
1.39242e-16
-0.015139
1.39245e-16
-0.129602
4.01112e-27
4.01183e-27
-0.129599
1.39265e-16
-0.0151384
1.39274e-16
-0.129599
4.01258e-27
4.0126e-27
-0.129599
1.39276e-16
-0.0151383
1.39265e-16
-0.129599
4.01183e-27
4.01112e-27
-0.129602
1.39245e-16
-0.015139
1.39242e-16
-0.129601
4.01022e-27
4.0102e-27
-0.129601
1.39243e-16
-0.0203719
-0.020372
-0.0203721
-0.0203719
-0.0203719
-0.0113405
-0.228066
-0.0113406
-0.0113408
-0.228069
-0.0113398
-0.0113395
-0.228074
-0.0113394
-0.0113399
-0.228069
-0.0113409
-0.0113406
-0.228066
-0.0113405
-0.00896636
-0.0138994
-0.0138993
-0.00896636
-0.0283374
-0.0811179
-0.0460219
-0.10666
-0.10666
-0.046022
-0.0811181
-0.0283374
-0.0138993
-0.0138994
-0.00896637
-0.081118
-0.046022
-0.10666
-0.10666
-0.0460224
-0.0811185
-0.0283377
-0.0138994
-0.0138995
-0.00896637
-0.0811186
-0.0460226
-0.106661
-0.106661
-0.0460226
-0.0811187
-0.0283377
-0.0138994
-0.0138993
-0.00896636
-0.0811185
-0.0460223
-0.10666
-0.10666
-0.0460219
-0.0811179
-0.0283374
-0.0138993
-0.0138994
-0.0811181
-0.046022
-0.10666
-0.10666
-0.0460219
-0.0811179
-0.0789096
-0.00386487
-0.0807846
0.0196184
5.76828e-15
0.0232736
1.31628e-18
-0.0735239
-0.0516269
-0.158971
-0.209337
-0.209337
-0.158971
7.06389e-24
-0.137088
8.91529e-31
8.91533e-31
-0.137088
7.06393e-24
-0.073524
-0.0807847
-0.00386491
-0.0789099
-0.051627
1.31628e-18
0.0232736
5.76819e-15
0.0196184
-0.00386504
-0.080785
5.76822e-15
0.0232736
1.31633e-18
-0.0735236
-0.0516272
-0.158972
-0.209338
-0.209336
-0.158971
7.0649e-24
-0.137092
8.91819e-31
8.91903e-31
-0.137092
7.06665e-24
-0.0735198
-0.0807846
-0.00386447
-0.0789099
-0.0516252
1.31662e-18
0.023274
5.76872e-15
0.0196187
-0.00386436
-0.0807844
5.76887e-15
0.0232742
1.31675e-18
-0.0735186
-0.0516247
-0.158973
-0.209338
-0.209338
-0.158973
7.06784e-24
-0.137097
8.92086e-31
8.92087e-31
-0.137097
7.06791e-24
-0.0735183
-0.0807844
-0.00386427
-0.0789099
-0.0516245
1.31678e-18
0.0232742
5.76892e-15
0.0196188
-0.00386447
-0.0807846
5.76872e-15
0.023274
1.31662e-18
-0.0735197
-0.0516252
-0.158971
-0.209336
-0.209338
-0.158972
7.06665e-24
-0.137092
8.91903e-31
8.91819e-31
-0.137092
7.0649e-24
-0.0735237
-0.0807851
-0.00386509
-0.0789099
-0.0516273
1.31633e-18
0.0232736
5.76822e-15
0.0196184
-0.00386491
-0.0807847
5.76819e-15
0.0232736
1.31628e-18
-0.073524
-0.051627
-0.158971
-0.209337
-0.209337
-0.158971
7.06393e-24
-0.137088
8.91533e-31
8.91529e-31
-0.137088
7.06389e-24
-0.0735239
-0.0807846
-0.00386487
-0.0516269
1.31628e-18
0.0232736
5.76828e-15
-0.00954203
-0.0373191
-0.0673362
-0.037319
-0.00954204
-0.037319
-0.0673366
-0.0373194
-0.00954204
-0.0373195
-0.0673374
-0.0373195
-0.00954203
-0.0373194
-0.0673364
-0.0373189
-0.00954203
-0.037319
-0.0673362
-0.0373191
-0.0716857
0.0217222
-0.000394557
-0.11177
-0.200463
-0.152349
-0.0436922
-0.152349
-0.0716859
-0.11177
-0.000394594
0.0217223
-0.071686
0.0217223
-0.000394487
-0.11177
-0.200464
-0.15235
-0.0436974
-0.152347
-0.0716858
-0.11177
-0.000392664
0.0217225
-0.0716857
0.0217225
-0.00039193
-0.11177
-0.200467
-0.152348
-0.0437025
-0.152347
-0.0716858
-0.11177
-0.000391756
0.0217225
-0.0716859
0.0217225
-0.000392618
-0.111769
-0.200464
-0.152347
-0.0436975
-0.15235
-0.0716861
-0.11177
-0.000394491
0.0217223
-0.0716859
0.0217223
-0.000394594
-0.11177
-0.200463
-0.152349
-0.0436922
-0.152349
-0.0716857
-0.11177
-0.000394557
0.0217222
-0.00874501
-0.00878385
-0.00888228
-0.009006
-0.00913304
-0.00935789
-0.009006
-0.00913304
-0.00935789
-0.00874501
-0.00878385
-0.00888228
-0.0105485
-0.00956086
-0.00910092
-0.0117883
-0.0125229
-0.0133769
-0.012414
-0.010679
-0.00980687
-0.0184827
-0.0160388
-0.0145045
-0.0184827
-0.0160388
-0.0145045
-0.0124139
-0.010679
-0.00980687
-0.0117883
-0.0125228
-0.0133769
-0.0105485
-0.00956086
-0.00910092
-0.0127251
-0.0166759
-0.0234062
-0.0300094
-0.0330649
-0.0359135
-0.0159467
-0.0218319
-0.0310267
-0.0634616
-0.0480324
-0.0342867
-0.0733751
-0.0768622
-0.0797479
-0.0746836
-0.0597632
-0.0445155
-0.0877561
-0.0849395
-0.0824351
-0.0832669
-0.0686639
-0.0533942
-0.0441619
-0.0412594
-0.0386801
-0.0228357
-0.0295367
-0.0394428
-0.0482451
-0.0538784
-0.0619608
-0.0482451
-0.0538785
-0.0619608
-0.0228357
-0.0295367
-0.0394428
-0.091487
-0.096212
-0.102558
-0.100179
-0.0865832
-0.0734618
-0.132843
-0.1215
-0.111319
-0.132843
-0.1215
-0.111319
-0.100179
-0.0865832
-0.0734619
-0.0914871
-0.0962122
-0.102558
-0.083267
-0.068664
-0.0533942
-0.0159467
-0.0218319
-0.0310267
-0.0300093
-0.0330649
-0.0359135
-0.012725
-0.0166759
-0.0234062
-0.0441619
-0.0412594
-0.0386801
-0.0877563
-0.0849396
-0.0824353
-0.0746837
-0.0597632
-0.0445155
-0.0733752
-0.0768623
-0.079748
-0.0634616
-0.0480324
-0.0342867
-0.009006
-0.00913304
-0.0093579
-0.009006
-0.00913304
-0.0093579
-0.00874501
-0.00878385
-0.00888229
-0.0117883
-0.0125228
-0.0133769
-0.0124139
-0.010679
-0.00980688
-0.0184827
-0.0160388
-0.0145045
-0.0184828
-0.0160389
-0.0145046
-0.012414
-0.010679
-0.00980688
-0.0117884
-0.0125229
-0.0133769
-0.0105486
-0.00956087
-0.00910093
-0.0300093
-0.0330649
-0.0359134
-0.0159467
-0.0218319
-0.0310267
-0.0733752
-0.0768623
-0.079748
-0.0746836
-0.0597631
-0.0445154
-0.0877562
-0.0849396
-0.0824352
-0.083267
-0.0686639
-0.0533942
-0.0441619
-0.0412593
-0.03868
-0.0228358
-0.0295368
-0.0394428
-0.0482451
-0.0538786
-0.0619611
-0.0482455
-0.0538789
-0.0619612
-0.0228359
-0.0295369
-0.0394432
-0.0914871
-0.0962122
-0.102558
-0.10018
-0.0865836
-0.0734623
-0.132844
-0.1215
-0.111319
-0.132844
-0.121501
-0.111319
-0.10018
-0.0865838
-0.0734624
-0.0914876
-0.0962127
-0.102558
-0.0832676
-0.0686645
-0.0533947
-0.0159468
-0.0218321
-0.031027
-0.0300096
-0.0330652
-0.0359138
-0.0127251
-0.016676
-0.0234064
-0.0441623
-0.0412598
-0.0386805
-0.0877568
-0.0849401
-0.0824357
-0.0746842
-0.0597637
-0.0445159
-0.0733757
-0.0768628
-0.0797485
-0.0634621
-0.0480329
-0.0342871
-0.009006
-0.00913304
-0.0093579
-0.009006
-0.00913304
-0.0093579
-0.00874501
-0.00878385
-0.00888229
-0.0117884
-0.0125229
-0.0133769
-0.012414
-0.010679
-0.00980689
-0.0184829
-0.0160389
-0.0145046
-0.0184829
-0.016039
-0.0145046
-0.012414
-0.010679
-0.00980689
-0.0117884
-0.0125229
-0.013377
-0.0105486
-0.00956087
-0.00910093
-0.0300096
-0.0330652
-0.0359139
-0.0159468
-0.0218321
-0.0310271
-0.0733757
-0.0768628
-0.0797486
-0.0746843
-0.0597638
-0.0445159
-0.0877569
-0.0849402
-0.0824358
-0.0832678
-0.0686648
-0.0533949
-0.0441625
-0.0412599
-0.0386805
-0.022836
-0.0295371
-0.0394433
-0.0482458
-0.0538793
-0.0619619
-0.0482458
-0.0538794
-0.0619619
-0.022836
-0.0295371
-0.0394434
-0.0914879
-0.0962132
-0.102559
-0.100181
-0.0865848
-0.0734632
-0.132846
-0.121502
-0.11132
-0.132846
-0.121502
-0.111321
-0.100181
-0.0865848
-0.0734632
-0.091488
-0.0962133
-0.102559
-0.0832679
-0.0686649
-0.053395
-0.0159468
-0.0218321
-0.0310271
-0.0300097
-0.0330653
-0.0359139
-0.0127251
-0.016676
-0.0234065
-0.0441625
-0.0412599
-0.0386806
-0.0877571
-0.0849403
-0.0824359
-0.0746844
-0.0597639
-0.044516
-0.0733758
-0.0768629
-0.0797487
-0.0634622
-0.0480329
-0.0342871
-0.009006
-0.00913304
-0.0093579
-0.009006
-0.00913304
-0.00935789
-0.00874501
-0.00878385
-0.00888228
-0.0117884
-0.0125229
-0.0133769
-0.012414
-0.010679
-0.00980688
-0.0184827
-0.0160389
-0.0145046
-0.0184827
-0.0160388
-0.0145045
-0.0124139
-0.010679
-0.00980688
-0.0117883
-0.0125228
-0.0133768
-0.0105485
-0.00956086
-0.00910092
-0.0300097
-0.0330652
-0.0359139
-0.0159468
-0.0218321
-0.031027
-0.0733758
-0.0768628
-0.0797485
-0.0746842
-0.0597637
-0.0445159
-0.0877567
-0.0849401
-0.0824357
-0.0832675
-0.0686644
-0.0533946
-0.0441623
-0.0412598
-0.0386805
-0.0228358
-0.0295369
-0.0394431
-0.0482454
-0.0538788
-0.0619611
-0.048245
-0.0538785
-0.061961
-0.0228358
-0.0295367
-0.0394427
-0.0914876
-0.0962126
-0.102558
-0.10018
-0.0865837
-0.0734622
-0.132844
-0.1215
-0.111319
-0.132844
-0.1215
-0.111319
-0.100179
-0.0865834
-0.0734621
-0.091487
-0.0962121
-0.102558
-0.0832669
-0.0686638
-0.0533941
-0.0159466
-0.0218318
-0.0310266
-0.0300093
-0.0330648
-0.0359134
-0.012725
-0.0166759
-0.0234062
-0.0441618
-0.0412592
-0.03868
-0.0877561
-0.0849395
-0.0824351
-0.0746836
-0.0597631
-0.0445154
-0.0733751
-0.0768622
-0.0797479
-0.0634616
-0.0480324
-0.0342867
-0.009006
-0.00913304
-0.00935789
-0.009006
-0.00913304
-0.00935789
-0.0117883
-0.0125228
-0.0133769
-0.0124139
-0.010679
-0.00980687
-0.0184827
-0.0160388
-0.0145045
-0.0184827
-0.0160388
-0.0145045
-0.012414
-0.010679
-0.00980687
-0.0117883
-0.0125229
-0.0133769
-0.0300093
-0.0330649
-0.0359135
-0.0159467
-0.0218319
-0.0310267
-0.0733752
-0.0768623
-0.079748
-0.0746837
-0.0597632
-0.0445155
-0.0877563
-0.0849396
-0.0824353
-0.083267
-0.068664
-0.0533942
-0.0441619
-0.0412594
-0.0386801
-0.0228357
-0.0295367
-0.0394428
-0.0482451
-0.0538785
-0.0619608
-0.0482451
-0.0538784
-0.0619608
-0.0228357
-0.0295367
-0.0394428
-0.0914871
-0.0962122
-0.102558
-0.100179
-0.0865832
-0.0734619
-0.132843
-0.1215
-0.111319
-0.132843
-0.1215
-0.111319
-0.100179
-0.0865832
-0.0734618
-0.091487
-0.096212
-0.102558
-0.0832669
-0.0686639
-0.0533942
-0.0159467
-0.0218319
-0.0310267
-0.0300094
-0.0330649
-0.0359135
-0.0441619
-0.0412594
-0.0386801
-0.0877561
-0.0849395
-0.0824351
-0.0746836
-0.0597632
-0.0445155
-0.0733751
-0.0768622
-0.0797479
-0.0779509
-0.0856559
-0.084004
-0.0769595
-0.0738751
-0.0720246
-0.0857808
-0.0879201
-0.0798649
-0.0270497
-0.0506559
-0.071098
-0.0119251
-0.00737155
-0.00461666
-0.0147404
-0.038186
-0.0613431
-0.00823325
-0.00468223
-0.00360653
-0.0233266
-0.0477982
-0.0707925
-0.0777129
-0.0736869
-0.0718492
-0.0939876
-0.096134
-0.0885814
-0.00448529
0.0106899
0.0184069
0.0197637
0.0201831
0.0210927
0.00533661
0.0172523
0.0218717
0.00648241
0.0146998
0.0192265
6.18433e-14
2.61216e-14
9.97893e-15
0.0052216
0.013995
0.0201204
2.83215e-16
1.00764e-15
3.24242e-15
0.00615406
0.016356
0.0224258
0.0238318
0.0235559
0.0224095
-0.000698128
0.0144987
0.0222174
0.0219906
0.0168383
0.00702138
-0.0394718
-0.0192942
-0.00505408
-0.0154381
-0.0263064
-0.0416581
6.65722e-17
1.52214e-17
3.14772e-18
0.000788473
0.00302832
0.00231396
1.37e-20
9.00439e-20
5.35258e-19
-0.0164711
-0.0423558
-0.0633987
-0.0580117
-0.031205
-0.00947955
-0.120479
-0.102102
-0.0834218
-0.114497
-0.0871647
-0.0628442
-0.084534
-0.0935162
-0.10489
-0.112103
-0.117987
-0.116186
-0.0641533
-0.0868535
-0.105035
-0.137938
-0.150568
-0.15769
-0.15045
-0.13439
-0.119185
-0.144594
-0.153597
-0.158542
-0.167317
-0.182178
-0.194909
-0.167317
-0.182178
-0.194909
-0.144594
-0.153597
-0.158542
-0.144806
-0.172858
-0.198016
-0.211298
-0.210591
-0.20503
-0.232096
-0.230591
-0.218842
-0.232096
-0.230591
-0.218842
-0.211298
-0.210591
-0.20503
-0.144806
-0.172858
-0.198016
-0.137938
-0.150568
-0.15769
-0.0894287
-0.118643
-0.142976
-0.205483
-0.192055
-0.16898
1.68532e-21
2.08594e-22
2.33506e-23
-0.0311126
-0.0862594
-0.132477
1.55856e-26
1.89234e-25
2.07802e-24
-0.0208283
-0.0653275
-0.112765
-0.14845
-0.160399
-0.158585
-0.220437
-0.196019
-0.159822
-0.122945
-0.0914078
-0.0590454
-0.122945
-0.0914079
-0.0590454
-0.220437
-0.196019
-0.159822
1.00338e-27
6.72271e-29
4.07378e-30
-0.00252808
-0.012155
-0.0304224
4.16985e-34
9.35274e-33
1.89729e-31
4.16986e-34
9.35276e-33
1.8973e-31
-0.00252809
-0.012155
-0.0304224
1.00339e-27
6.72275e-29
4.0738e-30
-0.0208283
-0.0653275
-0.112765
-0.205483
-0.192056
-0.16898
-0.0894288
-0.118643
-0.142976
-0.120479
-0.102102
-0.0834218
-0.14845
-0.160399
-0.158585
1.55857e-26
1.89235e-25
2.07803e-24
-0.0311126
-0.0862594
-0.132477
1.68532e-21
2.08594e-22
2.33507e-23
-0.016471
-0.0423558
-0.0633987
-0.0857809
-0.0879203
-0.0798651
-0.0769597
-0.0738753
-0.0720248
-0.077951
-0.0856561
-0.0840042
-0.0939877
-0.0961341
-0.0885816
-0.077713
-0.0736871
-0.0718494
-0.0233266
-0.0477983
-0.0707927
-0.0082333
-0.00468227
-0.00360657
-0.0147405
-0.0381861
-0.0613433
-0.0119252
-0.0073716
-0.00461671
-0.0270499
-0.0506561
-0.0710982
-0.112104
-0.117987
-0.116186
-0.0845342
-0.0935163
-0.10489
-0.15045
-0.13439
-0.119185
-0.114497
-0.0871648
-0.0628443
-0.0641534
-0.0868536
-0.105035
-0.0154381
-0.0263065
-0.0416582
-0.0394719
-0.0192943
-0.00505413
0.0219906
0.0168383
0.00702136
-0.000698152
0.0144987
0.0222174
-0.0580118
-0.031205
-0.0094796
1.37e-20
9.00439e-20
5.35258e-19
0.000788469
0.0030283
0.00231393
6.65718e-17
1.52214e-17
3.14771e-18
0.00615407
0.016356
0.0224259
0.00533661
0.0172524
0.0218718
0.0197638
0.0201832
0.0210928
-0.00448533
0.0106899
0.018407
0.0238319
0.0235559
0.0224096
2.83213e-16
1.00763e-15
3.24237e-15
0.00522162
0.013995
0.0201205
6.18417e-14
2.61211e-14
9.97875e-15
0.00648243
0.0146998
0.0192265
-0.0769597
-0.0738754
-0.0720249
-0.0857809
-0.0879204
-0.0798653
-0.0119252
-0.00737168
-0.00461682
-0.0147406
-0.0381863
-0.0613434
-0.00823349
-0.00468244
-0.00360671
-0.0233269
-0.0477985
-0.0707929
-0.0777133
-0.0736873
-0.0718495
-0.0939877
-0.0961342
-0.0885818
0.0197638
0.0201832
0.0210928
0.0053365
0.0172523
0.0218717
6.18418e-14
2.61211e-14
9.97879e-15
0.00522162
0.013995
0.0201205
2.83217e-16
1.00764e-15
3.2424e-15
0.00615407
0.016356
0.0224258
0.0238318
0.0235559
0.0224096
-0.000698315
0.0144986
0.0222174
0.0219906
0.0168383
0.00702142
-0.039472
-0.0192943
-0.00505405
-0.0154383
-0.0263067
-0.0416584
6.65731e-17
1.52218e-17
3.14781e-18
0.000788528
0.00302843
0.00231406
1.37008e-20
9.00482e-20
5.35279e-19
-0.0164709
-0.0423554
-0.0633983
-0.0580114
-0.0312048
-0.00947944
-0.120479
-0.102102
-0.0834215
-0.114498
-0.087165
-0.0628445
-0.0845344
-0.0935166
-0.10489
-0.112104
-0.117987
-0.116186
-0.0641536
-0.0868539
-0.105035
-0.137938
-0.150569
-0.157691
-0.15045
-0.13439
-0.119185
-0.144594
-0.153598
-0.158543
-0.167318
-0.182179
-0.19491
-0.167317
-0.182179
-0.19491
-0.144594
-0.153597
-0.158542
-0.144806
-0.172859
-0.198017
-0.211299
-0.210593
-0.205031
-0.232098
-0.230593
-0.218844
-0.232098
-0.230592
-0.218842
-0.211298
-0.210592
-0.205031
-0.144803
-0.172856
-0.198015
-0.137936
-0.150567
-0.157689
-0.0894285
-0.118643
-0.142977
-0.205485
-0.192057
-0.168981
1.68544e-21
2.08615e-22
2.33536e-23
-0.031113
-0.0862602
-0.132478
1.5589e-26
1.89269e-25
2.07835e-24
-0.0208295
-0.0653306
-0.112769
-0.148454
-0.160401
-0.158586
-0.220441
-0.196024
-0.159827
-0.122951
-0.0914136
-0.0590511
-0.122951
-0.0914138
-0.0590511
-0.220441
-0.196023
-0.159827
1.00363e-27
6.72458e-29
4.07504e-30
-0.00252902
-0.0121578
-0.0304269
4.17156e-34
9.35625e-33
1.89794e-31
4.17163e-34
9.3567e-33
1.89809e-31
-0.00252907
-0.012158
-0.030427
1.0038e-27
6.7255e-29
4.07549e-30
-0.0208296
-0.0653307
-0.112769
-0.205482
-0.192054
-0.168978
-0.0894246
-0.118639
-0.142974
-0.120476
-0.102099
-0.0834176
-0.148453
-0.1604
-0.158584
1.55919e-26
1.89309e-25
2.07884e-24
-0.0311125
-0.0862586
-0.132475
1.68595e-21
2.08673e-22
2.33597e-23
-0.01647
-0.042353
-0.0633948
-0.0857813
-0.0879206
-0.0798652
-0.0769597
-0.0738753
-0.0720248
-0.0779515
-0.0856565
-0.0840044
-0.0939881
-0.0961344
-0.0885816
-0.0777129
-0.073687
-0.0718493
-0.0233259
-0.0477977
-0.0707924
-0.00823266
-0.00468176
-0.00360612
-0.01474
-0.0381858
-0.0613431
-0.0119246
-0.00737113
-0.00461627
-0.0270493
-0.0506557
-0.0710981
-0.112104
-0.117987
-0.116186
-0.084534
-0.093516
-0.10489
-0.15045
-0.13439
-0.119185
-0.114495
-0.0871625
-0.0628423
-0.0641518
-0.0868525
-0.105034
-0.0154373
-0.0263053
-0.0416566
-0.03947
-0.0192922
-0.0050521
0.0219912
0.0168392
0.0070229
-0.000697427
0.0144994
0.0222179
-0.0580079
-0.0312018
-0.00947724
1.37048e-20
9.00719e-20
5.35405e-19
0.000789024
0.00302962
0.00231571
6.65837e-17
1.52246e-17
3.14846e-18
0.00615414
0.0163562
0.0224262
0.00533703
0.0172527
0.021872
0.0197641
0.0201834
0.021093
-0.00448473
0.0106904
0.0184074
0.0238322
0.0235561
0.0224098
2.83255e-16
1.00775e-15
3.24271e-15
0.00522162
0.013995
0.0201206
6.18445e-14
2.61227e-14
9.97956e-15
0.00648243
0.0146999
0.0192267
-0.0769597
-0.0738753
-0.0720247
-0.0857814
-0.0879206
-0.0798651
-0.0119246
-0.00737108
-0.00461618
-0.0147399
-0.0381857
-0.061343
-0.00823238
-0.00468156
-0.00360598
-0.0233256
-0.0477974
-0.0707922
-0.0777128
-0.0736869
-0.0718492
-0.0939883
-0.0961344
-0.0885815
0.0197641
0.0201834
0.021093
0.00533713
0.0172528
0.021872
6.18448e-14
2.6123e-14
9.97977e-15
0.00522162
0.013995
0.0201206
2.83271e-16
1.0078e-15
3.24281e-15
0.00615416
0.0163563
0.0224263
0.0238323
0.0235562
0.0224098
-0.000697114
0.0144996
0.0222181
0.0219914
0.0168396
0.00702349
-0.0394694
-0.0192915
-0.00505134
-0.0154369
-0.0263049
-0.0416561
6.65882e-17
1.52258e-17
3.14876e-18
0.000789231
0.00303012
0.00231639
1.37067e-20
9.00831e-20
5.35464e-19
-0.0164696
-0.042352
-0.0633936
-0.0580066
-0.0312007
-0.00947637
-0.120475
-0.102098
-0.0834165
-0.114495
-0.0871621
-0.0628418
-0.0845338
-0.093516
-0.10489
-0.112105
-0.117988
-0.116186
-0.0641514
-0.0868523
-0.105034
-0.137936
-0.150568
-0.157691
-0.150451
-0.134391
-0.119185
-0.144596
-0.153599
-0.158544
-0.167319
-0.182181
-0.194913
-0.167319
-0.182181
-0.194913
-0.144596
-0.153599
-0.158544
-0.144804
-0.172857
-0.198016
-0.2113
-0.210594
-0.205033
-0.232102
-0.230595
-0.218845
-0.232102
-0.230595
-0.218844
-0.2113
-0.210594
-0.205033
-0.144803
-0.172856
-0.198016
-0.137936
-0.150568
-0.157691
-0.0894234
-0.118639
-0.142974
-0.205484
-0.192055
-0.168979
1.6862e-21
2.08706e-22
2.33635e-23
-0.0311127
-0.0862591
-0.132476
1.55948e-26
1.89343e-25
2.0792e-24
-0.0208307
-0.0653338
-0.112774
-0.148458
-0.160403
-0.158585
-0.220445
-0.196029
-0.159832
-0.122956
-0.0914197
-0.0590567
-0.122956
-0.0914197
-0.0590567
-0.220445
-0.196029
-0.159832
1.00399e-27
6.72681e-29
4.07631e-30
-0.00252991
-0.0121606
-0.0304313
4.17255e-34
9.35871e-33
1.89848e-31
4.17255e-34
9.35871e-33
1.89848e-31
-0.0025299
-0.0121605
-0.0304313
1.00399e-27
6.72683e-29
4.07632e-30
-0.0208307
-0.0653336
-0.112774
-0.205484
-0.192055
-0.168979
-0.0894231
-0.118638
-0.142973
-0.120475
-0.102097
-0.0834162
-0.148458
-0.160403
-0.158585
1.55949e-26
1.89344e-25
2.07921e-24
-0.0311126
-0.0862588
-0.132476
1.68623e-21
2.08709e-22
2.33638e-23
-0.0164696
-0.0423519
-0.0633934
-0.0857815
-0.0879207
-0.0798652
-0.0769597
-0.0738753
-0.0720247
-0.0779516
-0.0856566
-0.0840044
-0.0939884
-0.0961345
-0.0885816
-0.0777128
-0.0736869
-0.0718492
-0.0233255
-0.0477974
-0.0707921
-0.00823226
-0.00468145
-0.00360589
-0.0147398
-0.0381856
-0.061343
-0.0119245
-0.00737101
-0.0046161
-0.0270492
-0.0506557
-0.0710981
-0.112105
-0.117988
-0.116186
-0.0845338
-0.093516
-0.10489
-0.150451
-0.13439
-0.119185
-0.114494
-0.0871618
-0.0628416
-0.0641512
-0.0868522
-0.105034
-0.0154367
-0.0263047
-0.0416559
-0.0394692
-0.0192913
-0.00505115
0.0219915
0.0168397
0.00702365
-0.000696982
0.0144997
0.0222182
-0.0580064
-0.0312005
-0.00947617
1.3707e-20
9.00847e-20
5.35473e-19
0.000789273
0.00303023
0.00231654
6.65892e-17
1.5226e-17
3.14881e-18
0.00615418
0.0163563
0.0224264
0.00533722
0.0172528
0.0218721
0.0197641
0.0201835
0.0210931
-0.00448467
0.0106905
0.0184074
0.0238324
0.0235562
0.0224098
2.83274e-16
1.00781e-15
3.24284e-15
0.00522163
0.0139951
0.0201206
6.18448e-14
2.61231e-14
9.97984e-15
0.00648244
0.0146999
0.0192268
-0.0769597
-0.0738753
-0.0720248
-0.0857814
-0.0879206
-0.0798653
-0.0119246
-0.00737111
-0.00461626
-0.0147401
-0.0381858
-0.0613431
-0.00823268
-0.00468177
-0.00360613
-0.0233259
-0.0477978
-0.0707924
-0.0777129
-0.0736871
-0.0718494
-0.0939881
-0.0961344
-0.0885816
0.0197641
0.0201834
0.021093
0.00533704
0.0172527
0.021872
6.18445e-14
2.61227e-14
9.97956e-15
0.00522163
0.0139951
0.0201206
2.83255e-16
1.00775e-15
3.24271e-15
0.00615414
0.0163562
0.0224262
0.0238322
0.0235561
0.0224098
-0.000697431
0.0144994
0.0222179
0.0219912
0.0168393
0.00702293
-0.0394699
-0.0192921
-0.00505205
-0.0154373
-0.0263053
-0.0416566
6.65837e-17
1.52246e-17
3.14846e-18
0.000789026
0.00302964
0.00231575
1.37048e-20
9.00719e-20
5.35405e-19
-0.01647
-0.0423529
-0.0633948
-0.0580078
-0.0312018
-0.00947718
-0.120476
-0.102098
-0.0834175
-0.114494
-0.0871623
-0.0628422
-0.084534
-0.093516
-0.10489
-0.112104
-0.117987
-0.116186
-0.0641517
-0.0868524
-0.105034
-0.137935
-0.150567
-0.157689
-0.150449
-0.134389
-0.119184
-0.144594
-0.153597
-0.158542
-0.167317
-0.182178
-0.19491
-0.167318
-0.182179
-0.19491
-0.144594
-0.153597
-0.158543
-0.144803
-0.172856
-0.198015
-0.211297
-0.210591
-0.20503
-0.232098
-0.230592
-0.218842
-0.232098
-0.230593
-0.218844
-0.211299
-0.210592
-0.205031
-0.144806
-0.172859
-0.198017
-0.137938
-0.150569
-0.157691
-0.0894245
-0.118639
-0.142974
-0.205482
-0.192054
-0.168978
1.68595e-21
2.08673e-22
2.33597e-23
-0.0311125
-0.0862586
-0.132475
1.55919e-26
1.89309e-25
2.07884e-24
-0.0208296
-0.0653308
-0.11277
-0.148454
-0.1604
-0.158584
-0.220441
-0.196024
-0.159827
-0.122951
-0.0914139
-0.0590512
-0.122951
-0.0914137
-0.0590511
-0.220441
-0.196024
-0.159827
1.0038e-27
6.7255e-29
4.07549e-30
-0.00252907
-0.012158
-0.030427
4.17163e-34
9.3567e-33
1.89809e-31
4.17156e-34
9.35625e-33
1.89794e-31
-0.00252902
-0.0121579
-0.0304269
1.00363e-27
6.72458e-29
4.07504e-30
-0.0208295
-0.0653307
-0.11277
-0.205485
-0.192057
-0.168981
-0.0894285
-0.118643
-0.142977
-0.120479
-0.102102
-0.0834216
-0.148454
-0.160402
-0.158586
1.5589e-26
1.89269e-25
2.07835e-24
-0.031113
-0.0862603
-0.132478
1.68544e-21
2.08615e-22
2.33536e-23
-0.0164709
-0.0423555
-0.0633984
-0.0857808
-0.0879204
-0.0798653
-0.0769598
-0.0738754
-0.072025
-0.077951
-0.0856561
-0.0840042
-0.0939877
-0.0961342
-0.0885819
-0.0777134
-0.0736874
-0.0718496
-0.023327
-0.0477987
-0.0707931
-0.00823358
-0.00468251
-0.00360677
-0.0147407
-0.0381864
-0.0613435
-0.0119252
-0.00737171
-0.00461686
-0.0270499
-0.0506561
-0.0710982
-0.112104
-0.117987
-0.116186
-0.0845345
-0.0935167
-0.10489
-0.15045
-0.13439
-0.119185
-0.114498
-0.0871651
-0.0628446
-0.0641537
-0.086854
-0.105035
-0.0154384
-0.0263068
-0.0416585
-0.0394721
-0.0192943
-0.00505407
0.0219906
0.0168383
0.00702142
-0.000698392
0.0144986
0.0222174
-0.0580115
-0.0312048
-0.00947945
1.37008e-20
9.00482e-20
5.35279e-19
0.000788531
0.00302844
0.00231406
6.65731e-17
1.52218e-17
3.14781e-18
0.00615407
0.016356
0.0224259
0.00533647
0.0172523
0.0218717
0.0197638
0.0201832
0.0210928
-0.00448533
0.0106899
0.018407
0.0238318
0.0235559
0.0224096
2.83217e-16
1.00764e-15
3.2424e-15
0.00522162
0.013995
0.0201205
6.18418e-14
2.61211e-14
9.97879e-15
0.00648243
0.0146998
0.0192265
-0.0769597
-0.0738753
-0.0720248
-0.0857809
-0.0879203
-0.0798651
-0.0119252
-0.0073716
-0.00461671
-0.0147405
-0.0381861
-0.0613433
-0.0082333
-0.00468227
-0.00360657
-0.0233266
-0.0477983
-0.0707927
-0.077713
-0.0736871
-0.0718494
-0.0939877
-0.0961341
-0.0885816
0.0197638
0.0201832
0.0210928
0.00533661
0.0172524
0.0218718
6.18417e-14
2.61211e-14
9.97875e-15
0.00522162
0.013995
0.0201205
2.83213e-16
1.00763e-15
3.24237e-15
0.00615407
0.016356
0.0224259
0.0238319
0.0235559
0.0224096
-0.000698152
0.0144987
0.0222174
0.0219906
0.0168383
0.00702136
-0.0394719
-0.0192943
-0.00505413
-0.0154381
-0.0263065
-0.0416582
6.65718e-17
1.52214e-17
3.14771e-18
0.000788469
0.0030283
0.00231393
1.37e-20
9.00439e-20
5.35258e-19
-0.016471
-0.0423558
-0.0633987
-0.0580118
-0.031205
-0.0094796
-0.120479
-0.102102
-0.0834218
-0.114497
-0.0871648
-0.0628443
-0.0845342
-0.0935163
-0.10489
-0.112104
-0.117987
-0.116186
-0.0641534
-0.0868536
-0.105035
-0.137938
-0.150568
-0.15769
-0.15045
-0.13439
-0.119185
-0.144594
-0.153597
-0.158542
-0.167317
-0.182178
-0.194909
-0.167317
-0.182178
-0.194909
-0.144594
-0.153597
-0.158542
-0.144806
-0.172858
-0.198016
-0.211298
-0.210591
-0.20503
-0.232096
-0.230591
-0.218842
-0.232096
-0.230591
-0.218842
-0.211298
-0.210591
-0.20503
-0.144806
-0.172858
-0.198016
-0.137938
-0.150568
-0.15769
-0.0894288
-0.118643
-0.142976
-0.205483
-0.192056
-0.16898
1.68532e-21
2.08594e-22
2.33507e-23
-0.0311126
-0.0862594
-0.132477
1.55857e-26
1.89235e-25
2.07803e-24
-0.0208283
-0.0653275
-0.112765
-0.14845
-0.160399
-0.158585
-0.220437
-0.196019
-0.159822
-0.122945
-0.0914079
-0.0590454
-0.122945
-0.0914078
-0.0590454
-0.220437
-0.196019
-0.159822
1.00339e-27
6.72275e-29
4.0738e-30
-0.00252809
-0.012155
-0.0304224
4.16986e-34
9.35276e-33
1.8973e-31
4.16985e-34
9.35274e-33
1.89729e-31
-0.00252808
-0.012155
-0.0304224
1.00338e-27
6.72271e-29
4.07378e-30
-0.0208283
-0.0653275
-0.112765
-0.205483
-0.192055
-0.16898
-0.0894287
-0.118643
-0.142976
-0.120479
-0.102102
-0.0834218
-0.14845
-0.160399
-0.158585
1.55856e-26
1.89234e-25
2.07802e-24
-0.0311126
-0.0862594
-0.132477
1.68532e-21
2.08594e-22
2.33506e-23
-0.0164711
-0.0423558
-0.0633987
-0.0857808
-0.0879201
-0.0798649
-0.0769595
-0.0738751
-0.0720246
-0.0939876
-0.096134
-0.0885814
-0.0777129
-0.0736869
-0.0718492
-0.0233266
-0.0477982
-0.0707925
-0.00823325
-0.00468223
-0.00360653
-0.0147404
-0.038186
-0.0613431
-0.0119251
-0.00737155
-0.00461666
-0.112103
-0.117987
-0.116186
-0.084534
-0.0935162
-0.10489
-0.15045
-0.13439
-0.119185
-0.114497
-0.0871647
-0.0628442
-0.0641533
-0.0868535
-0.105035
-0.0154381
-0.0263064
-0.0416581
-0.0394718
-0.0192942
-0.00505408
0.0219906
0.0168383
0.00702138
-0.000698128
0.0144987
0.0222174
-0.0580117
-0.031205
-0.00947955
1.37e-20
9.00439e-20
5.35258e-19
0.000788473
0.00302832
0.00231396
6.65722e-17
1.52214e-17
3.14772e-18
0.00615406
0.016356
0.0224258
0.00533661
0.0172523
0.0218717
0.0197637
0.0201831
0.0210927
0.0238318
0.0235559
0.0224095
2.83215e-16
1.00764e-15
3.24242e-15
0.0052216
0.013995
0.0201204
6.18433e-14
2.61216e-14
9.97893e-15
-0.00875358
-0.00879945
-0.00890938
-0.00879945
-0.00886449
-0.00900645
-0.00890938
-0.00900645
-0.00919355
-0.00915557
-0.00967797
-0.0107898
-0.00931957
-0.00996929
-0.0113244
-0.00958958
-0.0103809
-0.0119853
-0.0101074
-0.0110652
-0.0129279
-0.0110652
-0.0122137
-0.0143128
-0.0129279
-0.0143128
-0.01664
-0.00915556
-0.00931956
-0.00958958
-0.00967796
-0.00996928
-0.0103809
-0.0107898
-0.0113243
-0.0119853
-0.0132115
-0.0175352
-0.0247732
-0.0142067
-0.0192088
-0.027335
-0.0153055
-0.0209156
-0.0297847
-0.0362505
-0.050412
-0.0658482
-0.0397755
-0.0545224
-0.069812
-0.0429698
-0.0580878
-0.0731322
-0.0459851
-0.0613254
-0.0761389
-0.0486874
-0.0641081
-0.0787854
-0.0515921
-0.0669631
-0.0815847
-0.0166565
-0.0227895
-0.0322552
-0.018359
-0.0248477
-0.0346739
-0.0209161
-0.0275906
-0.0375442
-0.0253153
-0.0319712
-0.0417609
-0.0319712
-0.0383818
-0.0477046
-0.0417609
-0.0477046
-0.056269
-0.0555173
-0.0706228
-0.0851837
-0.0608339
-0.0753995
-0.0897763
-0.0684052
-0.0821132
-0.0960525
-0.0792287
-0.0917184
-0.104886
-0.0917184
-0.102991
-0.115262
-0.104886
-0.115262
-0.126791
-0.0555173
-0.0608339
-0.0684053
-0.0706229
-0.0753995
-0.0821132
-0.0851838
-0.0897764
-0.0960526
-0.0132114
-0.0142066
-0.0153054
-0.0175351
-0.0192088
-0.0209155
-0.0247732
-0.027335
-0.0297847
-0.0166565
-0.018359
-0.0209161
-0.0227894
-0.0248477
-0.0275906
-0.0322552
-0.0346739
-0.0375442
-0.0459851
-0.0486875
-0.0515921
-0.0613255
-0.0641082
-0.0669631
-0.0761391
-0.0787856
-0.0815849
-0.0362505
-0.0397754
-0.0429698
-0.050412
-0.0545224
-0.0580878
-0.0658483
-0.0698121
-0.0731323
-0.00875359
-0.00879945
-0.00890938
-0.00879945
-0.00886449
-0.00900645
-0.00890938
-0.00900646
-0.00919356
-0.00915556
-0.00967796
-0.0107898
-0.00931957
-0.00996928
-0.0113243
-0.00958958
-0.0103809
-0.0119853
-0.0101074
-0.0110652
-0.0129279
-0.0110652
-0.0122138
-0.0143128
-0.0129279
-0.0143129
-0.0166401
-0.00915557
-0.00931958
-0.00958959
-0.00967798
-0.00996931
-0.0103809
-0.0107898
-0.0113244
-0.0119854
-0.0132114
-0.0175351
-0.0247732
-0.0142066
-0.0192088
-0.027335
-0.0153054
-0.0209155
-0.0297847
-0.0362505
-0.0504119
-0.0658482
-0.0397754
-0.0545224
-0.069812
-0.0429697
-0.0580877
-0.0731323
-0.0459851
-0.0613254
-0.076139
-0.0486874
-0.0641081
-0.0787855
-0.0515921
-0.0669631
-0.0815848
-0.0166565
-0.0227894
-0.0322551
-0.018359
-0.0248477
-0.0346739
-0.0209162
-0.0275906
-0.0375442
-0.0253155
-0.0319714
-0.041761
-0.0319715
-0.038382
-0.0477048
-0.0417613
-0.047705
-0.0562694
-0.0555174
-0.0706229
-0.0851838
-0.0608341
-0.0753996
-0.0897765
-0.0684056
-0.0821135
-0.0960528
-0.0792292
-0.0917188
-0.104886
-0.091719
-0.102992
-0.115263
-0.104886
-0.115263
-0.126792
-0.0555178
-0.0608344
-0.0684058
-0.0706234
-0.0754001
-0.0821138
-0.0851843
-0.089777
-0.0960532
-0.0132115
-0.0142068
-0.0153056
-0.0175353
-0.019209
-0.0209158
-0.0247735
-0.0273353
-0.029785
-0.0166566
-0.0183591
-0.0209163
-0.0227896
-0.0248479
-0.0275908
-0.0322555
-0.0346743
-0.0375446
-0.0459856
-0.0486879
-0.0515926
-0.0613259
-0.0641087
-0.0669636
-0.0761395
-0.0787861
-0.0815854
-0.0362509
-0.0397758
-0.0429702
-0.0504124
-0.0545229
-0.0580883
-0.0658488
-0.0698126
-0.0731328
-0.00875359
-0.00879945
-0.00890938
-0.00879945
-0.00886449
-0.00900646
-0.00890938
-0.00900646
-0.00919356
-0.00915557
-0.00967798
-0.0107898
-0.00931958
-0.00996931
-0.0113244
-0.00958959
-0.0103809
-0.0119854
-0.0101074
-0.0110652
-0.012928
-0.0110652
-0.0122138
-0.0143129
-0.012928
-0.0143129
-0.0166402
-0.00915557
-0.00931958
-0.00958959
-0.00967798
-0.00996931
-0.0103809
-0.0107898
-0.0113244
-0.0119854
-0.0132115
-0.0175353
-0.0247735
-0.0142068
-0.019209
-0.0273353
-0.0153056
-0.0209158
-0.029785
-0.0362509
-0.0504124
-0.0658488
-0.0397758
-0.054523
-0.0698126
-0.0429703
-0.0580883
-0.0731329
-0.0459856
-0.061326
-0.0761396
-0.048688
-0.0641088
-0.0787862
-0.0515927
-0.0669638
-0.0815856
-0.0166567
-0.0227897
-0.0322555
-0.0183592
-0.0248479
-0.0346743
-0.0209164
-0.0275909
-0.0375447
-0.0253157
-0.0319717
-0.0417615
-0.0319717
-0.0383824
-0.0477054
-0.0417615
-0.0477054
-0.05627
-0.0555181
-0.0706237
-0.0851847
-0.0608349
-0.0754006
-0.0897775
-0.0684065
-0.0821146
-0.096054
-0.0792302
-0.0917201
-0.104887
-0.0917201
-0.102993
-0.115265
-0.104888
-0.115265
-0.126794
-0.0555182
-0.0608349
-0.0684065
-0.0706239
-0.0754007
-0.0821146
-0.0851848
-0.0897776
-0.0960541
-0.0132115
-0.0142068
-0.0153056
-0.0175353
-0.019209
-0.0209158
-0.0247735
-0.0273353
-0.0297851
-0.0166567
-0.0183592
-0.0209164
-0.0227897
-0.024848
-0.0275909
-0.0322556
-0.0346744
-0.0375448
-0.0459857
-0.0486881
-0.0515928
-0.0613261
-0.0641089
-0.0669639
-0.0761397
-0.0787863
-0.0815857
-0.0362509
-0.0397759
-0.0429703
-0.0504125
-0.054523
-0.0580884
-0.0658489
-0.0698127
-0.073133
-0.00875359
-0.00879945
-0.00890938
-0.00879945
-0.00886449
-0.00900646
-0.00890938
-0.00900645
-0.00919356
-0.00915557
-0.00967798
-0.0107898
-0.00931958
-0.00996931
-0.0113244
-0.00958959
-0.0103809
-0.0119854
-0.0101074
-0.0110652
-0.0129279
-0.0110652
-0.0122138
-0.0143129
-0.0129279
-0.0143128
-0.0166401
-0.00915556
-0.00931957
-0.00958958
-0.00967796
-0.00996928
-0.0103809
-0.0107898
-0.0113243
-0.0119853
-0.0132115
-0.0175353
-0.0247735
-0.0142068
-0.019209
-0.0273353
-0.0153056
-0.0209158
-0.029785
-0.0362509
-0.0504125
-0.0658489
-0.0397759
-0.054523
-0.0698126
-0.0429702
-0.0580883
-0.0731329
-0.0459855
-0.0613259
-0.0761395
-0.0486879
-0.0641086
-0.078786
-0.0515925
-0.0669636
-0.0815853
-0.0166566
-0.0227896
-0.0322555
-0.0183591
-0.0248479
-0.0346742
-0.0209163
-0.0275908
-0.0375445
-0.0253154
-0.0319714
-0.0417612
-0.0319713
-0.0383819
-0.0477049
-0.0417609
-0.0477047
-0.0562692
-0.0555177
-0.0706234
-0.0851843
-0.0608343
-0.0754
-0.0897769
-0.0684056
-0.0821137
-0.0960531
-0.079229
-0.0917188
-0.104886
-0.0917186
-0.102992
-0.115263
-0.104886
-0.115263
-0.126792
-0.0555172
-0.0608339
-0.0684054
-0.0706227
-0.0753995
-0.0821133
-0.0851836
-0.0897763
-0.0960526
-0.0132114
-0.0142066
-0.0153054
-0.0175351
-0.0192088
-0.0209155
-0.0247732
-0.0273349
-0.0297846
-0.0166565
-0.018359
-0.0209162
-0.0227894
-0.0248476
-0.0275906
-0.0322551
-0.0346738
-0.0375441
-0.045985
-0.0486873
-0.0515919
-0.0613253
-0.064108
-0.0669629
-0.0761389
-0.0787854
-0.0815847
-0.0362505
-0.0397754
-0.0429697
-0.0504119
-0.0545224
-0.0580877
-0.0658482
-0.069812
-0.0731322
-0.00875358
-0.00879945
-0.00890938
-0.00879945
-0.00886449
-0.00900645
-0.00890938
-0.00900645
-0.00919355
-0.00915556
-0.00967796
-0.0107898
-0.00931956
-0.00996928
-0.0113243
-0.00958958
-0.0103809
-0.0119853
-0.0101074
-0.0110652
-0.0129279
-0.0110652
-0.0122137
-0.0143128
-0.0129279
-0.0143128
-0.01664
-0.00915557
-0.00931957
-0.00958958
-0.00967797
-0.00996929
-0.0103809
-0.0107898
-0.0113244
-0.0119853
-0.0132114
-0.0175351
-0.0247732
-0.0142066
-0.0192088
-0.027335
-0.0153054
-0.0209155
-0.0297847
-0.0362505
-0.050412
-0.0658483
-0.0397754
-0.0545224
-0.0698121
-0.0429698
-0.0580878
-0.0731323
-0.0459851
-0.0613255
-0.0761391
-0.0486875
-0.0641082
-0.0787856
-0.0515921
-0.0669631
-0.0815849
-0.0166565
-0.0227894
-0.0322552
-0.018359
-0.0248477
-0.0346739
-0.0209161
-0.0275906
-0.0375442
-0.0253153
-0.0319712
-0.0417609
-0.0319712
-0.0383818
-0.0477046
-0.0417609
-0.0477046
-0.056269
-0.0555173
-0.0706229
-0.0851838
-0.0608339
-0.0753995
-0.0897764
-0.0684053
-0.0821132
-0.0960526
-0.0792287
-0.0917184
-0.104886
-0.0917184
-0.102991
-0.115262
-0.104886
-0.115262
-0.126791
-0.0555173
-0.0608339
-0.0684052
-0.0706228
-0.0753995
-0.0821132
-0.0851837
-0.0897763
-0.0960525
-0.0132115
-0.0142067
-0.0153055
-0.0175352
-0.0192088
-0.0209156
-0.0247732
-0.027335
-0.0297847
-0.0166565
-0.018359
-0.0209161
-0.0227895
-0.0248477
-0.0275906
-0.0322552
-0.0346739
-0.0375442
-0.0459851
-0.0486874
-0.0515921
-0.0613254
-0.0641081
-0.0669631
-0.0761389
-0.0787854
-0.0815847
-0.0362505
-0.0397755
-0.0429698
-0.050412
-0.0545224
-0.0580878
-0.0658482
-0.069812
-0.0731322
-0.0796847
-0.0861256
-0.0828805
-0.0824044
-0.0867367
-0.0810062
-0.0846619
-0.0873968
-0.079943
-0.0684408
-0.0471677
-0.0235437
-0.0643536
-0.0420189
-0.0185176
-0.061882
-0.0389323
-0.015517
-0.0613857
-0.0380834
-0.0145445
-0.0631962
-0.0397845
-0.0159156
-0.0674735
-0.0442301
-0.0199439
-0.0869118
-0.0886364
-0.0801913
-0.0892566
-0.0906907
-0.0820719
-0.0921377
-0.0938965
-0.085803
-0.00172277
0.0123802
0.0190138
0.00217755
0.0148124
0.0200563
0.00460534
0.0165663
0.0212133
0.0188877
0.0138455
0.00534353
0.0188427
0.0131536
0.00485743
0.019514
0.0135428
0.0050135
0.0208112
0.0145614
0.00545487
0.022096
0.0156835
0.00590918
0.0227081
0.0163911
0.00618252
0.0056579
0.0177396
0.0225114
0.00495928
0.0178669
0.0233902
0.00202301
0.0163222
0.0231532
-0.00440412
0.0117583
0.0204798
-0.0145978
0.00341543
0.0142672
-0.0295434
-0.00995449
0.00314166
0.0215019
0.0158686
0.00594478
0.017305
0.013213
0.00485131
0.008845
0.00751281
0.00256434
-0.00575556
-0.00255292
-0.00140041
-0.0252444
-0.0160766
-0.00662543
-0.0494113
-0.0327825
-0.0129329
-0.050805
-0.0302647
-0.0149612
-0.0758163
-0.0553531
-0.0383545
-0.104467
-0.0851343
-0.0669272
-0.0961316
-0.0987888
-0.0919432
-0.101197
-0.105058
-0.0999504
-0.107864
-0.113056
-0.110061
-0.0748791
-0.0522707
-0.0276945
-0.0847645
-0.063353
-0.0389421
-0.0973743
-0.0778785
-0.0543457
-0.113295
-0.0966415
-0.075048
-0.130252
-0.117003
-0.0982839
-0.14818
-0.13885
-0.123932
-0.11685
-0.123384
-0.122799
-0.12712
-0.134724
-0.136414
-0.138506
-0.147024
-0.150867
-0.15045
-0.160009
-0.16606
-0.160009
-0.171004
-0.17931
-0.16606
-0.179311
-0.190337
-0.167049
-0.16217
-0.151967
-0.183807
-0.183214
-0.177691
-0.198463
-0.201995
-0.200794
-0.210625
-0.218043
-0.220274
-0.218043
-0.228292
-0.231987
-0.220274
-0.231987
-0.234879
-0.167049
-0.183807
-0.198463
-0.16217
-0.183214
-0.201995
-0.151967
-0.177691
-0.200794
-0.136701
-0.11945
-0.100339
-0.166749
-0.15169
-0.131629
-0.193588
-0.180008
-0.158286
-0.0776904
-0.0520229
-0.019975
-0.103689
-0.0691299
-0.025934
-0.124754
-0.0820778
-0.0300362
-0.137197
-0.0881945
-0.0313121
-0.136773
-0.0851759
-0.029202
-0.123904
-0.0738887
-0.0242388
-0.215251
-0.201387
-0.176568
-0.226444
-0.209915
-0.180833
-0.225973
-0.204608
-0.170708
-0.211137
-0.183671
-0.145699
-0.183671
-0.151676
-0.1127
-0.145699
-0.1127
-0.0768784
-0.0993906
-0.0556284
-0.0171409
-0.0708065
-0.0363138
-0.0102414
-0.0429906
-0.0192092
-0.00463983
-0.0199947
-0.0067731
-0.0010531
-0.00677311
-0.00107166
0.000199931
-0.00105311
0.00019993
0.000160021
-0.0993906
-0.0708065
-0.0429906
-0.0556284
-0.0363138
-0.0192092
-0.0171409
-0.0102414
-0.00463984
-0.136701
-0.166749
-0.193588
-0.11945
-0.15169
-0.180009
-0.100339
-0.131629
-0.158286
-0.215251
-0.226444
-0.225973
-0.201387
-0.209915
-0.204608
-0.176568
-0.180833
-0.170708
-0.137197
-0.136773
-0.123904
-0.0881945
-0.085176
-0.0738888
-0.0313121
-0.0292021
-0.0242389
-0.0776904
-0.103689
-0.124754
-0.0520229
-0.0691299
-0.0820778
-0.019975
-0.025934
-0.0300362
-0.0796849
-0.0824046
-0.0846621
-0.0861258
-0.0867369
-0.087397
-0.0828807
-0.0810064
-0.0799432
-0.0869119
-0.0892568
-0.0921378
-0.0886366
-0.0906909
-0.0938967
-0.0801915
-0.0820721
-0.0858032
-0.0613859
-0.0631964
-0.0674737
-0.0380836
-0.0397847
-0.0442302
-0.0145446
-0.0159157
-0.0199439
-0.0684411
-0.0643538
-0.0618822
-0.0471679
-0.0420191
-0.0389324
-0.0235438
-0.0185177
-0.0155171
-0.0961318
-0.101198
-0.107864
-0.098789
-0.105058
-0.113056
-0.0919434
-0.0999506
-0.110061
-0.11685
-0.12712
-0.138506
-0.123384
-0.134724
-0.147024
-0.122799
-0.136414
-0.150867
-0.113295
-0.130252
-0.14818
-0.0966416
-0.117003
-0.13885
-0.0750481
-0.098284
-0.123932
-0.0748792
-0.0847646
-0.0973744
-0.0522709
-0.0633532
-0.0778786
-0.0276946
-0.0389422
-0.0543457
-0.00440415
-0.0145979
-0.0295435
0.0117583
0.00341541
-0.00995454
0.0204799
0.0142672
0.00314163
-0.0508051
-0.0758163
-0.104467
-0.0302648
-0.0553532
-0.0851344
-0.0149612
-0.0383546
-0.0669273
-0.0057556
-0.0252444
-0.0494113
-0.00255294
-0.0160766
-0.0327825
-0.00140041
-0.00662543
-0.0129329
0.021502
0.017305
0.00884498
0.0158686
0.013213
0.0075128
0.00594479
0.00485131
0.00256433
-0.0017228
0.00217753
0.00460533
0.0123802
0.0148125
0.0165663
0.0190139
0.0200564
0.0212133
0.0056579
0.00495928
0.002023
0.0177397
0.0178669
0.0163222
0.0225115
0.0233903
0.0231533
0.0208113
0.022096
0.0227081
0.0145614
0.0156836
0.0163912
0.00545489
0.0059092
0.00618253
0.0188877
0.0188428
0.0195141
0.0138456
0.0131537
0.0135429
0.00534355
0.00485745
0.00501352
-0.0796849
-0.0861258
-0.0828808
-0.0824045
-0.0867369
-0.0810065
-0.084662
-0.087397
-0.0799433
-0.0684411
-0.0471679
-0.0235439
-0.0643539
-0.0420192
-0.0185178
-0.0618824
-0.0389326
-0.0155172
-0.0613861
-0.0380838
-0.0145448
-0.0631966
-0.0397849
-0.0159159
-0.0674739
-0.0442305
-0.0199441
-0.0869119
-0.0886367
-0.0801916
-0.0892567
-0.090691
-0.0820723
-0.0921378
-0.0938968
-0.0858034
-0.00172282
0.0123802
0.0190139
0.00217747
0.0148124
0.0200563
0.00460524
0.0165663
0.0212133
0.0188877
0.0138456
0.00534356
0.0188428
0.0131537
0.00485745
0.0195141
0.0135429
0.00501352
0.0208113
0.0145614
0.00545488
0.022096
0.0156835
0.00590919
0.0227081
0.0163911
0.00618253
0.00565778
0.0177396
0.0225115
0.00495913
0.0178668
0.0233902
0.00202284
0.0163221
0.0231532
-0.00440431
0.0117582
0.0204798
-0.014598
0.00341533
0.0142672
-0.0295436
-0.00995458
0.00314166
0.0215019
0.0158686
0.00594479
0.017305
0.013213
0.00485133
0.00884506
0.00751288
0.00256438
-0.00575541
-0.00255277
-0.00140033
-0.0252441
-0.0160764
-0.00662531
-0.0494109
-0.0327822
-0.0129328
-0.0508052
-0.0302647
-0.0149611
-0.0758165
-0.0553531
-0.0383544
-0.104467
-0.0851343
-0.066927
-0.0961318
-0.0987891
-0.0919436
-0.101198
-0.105058
-0.0999508
-0.107864
-0.113057
-0.110062
-0.0748795
-0.0522711
-0.0276948
-0.0847649
-0.0633534
-0.0389425
-0.0973747
-0.0778789
-0.054346
-0.113295
-0.096642
-0.0750483
-0.130253
-0.117003
-0.0982843
-0.148181
-0.13885
-0.123933
-0.11685
-0.123385
-0.1228
-0.127121
-0.134725
-0.136415
-0.138507
-0.147025
-0.150868
-0.150451
-0.16001
-0.166061
-0.160009
-0.171005
-0.179312
-0.16606
-0.179311
-0.190338
-0.16705
-0.162171
-0.151968
-0.183808
-0.183215
-0.177692
-0.198464
-0.201996
-0.200795
-0.210626
-0.218044
-0.220275
-0.218043
-0.228293
-0.231989
-0.220274
-0.231988
-0.234881
-0.167049
-0.183807
-0.198464
-0.162169
-0.183214
-0.201995
-0.151965
-0.177689
-0.200793
-0.136702
-0.11945
-0.100339
-0.166749
-0.15169
-0.131629
-0.193589
-0.180009
-0.158286
-0.0776901
-0.0520226
-0.0199748
-0.103689
-0.0691299
-0.025934
-0.124754
-0.0820782
-0.0300364
-0.137199
-0.0881956
-0.0313126
-0.136775
-0.0851779
-0.0292029
-0.123908
-0.0738915
-0.02424
-0.215252
-0.201389
-0.176569
-0.226446
-0.209917
-0.180836
-0.225976
-0.204612
-0.170712
-0.211141
-0.183676
-0.145705
-0.183676
-0.151682
-0.112706
-0.145705
-0.112706
-0.0768844
-0.0993954
-0.0556318
-0.0171421
-0.0708117
-0.0363173
-0.0102427
-0.0429956
-0.0192124
-0.00464092
-0.0199986
-0.00677546
-0.00105386
-0.00677552
-0.00107302
0.000199531
-0.00105389
0.000199525
0.000159921
-0.0993956
-0.070812
-0.0429957
-0.055632
-0.0363176
-0.0192125
-0.0171423
-0.0102428
-0.004641
-0.136698
-0.166746
-0.193586
-0.119446
-0.151686
-0.180006
-0.100335
-0.131625
-0.158283
-0.21525
-0.226445
-0.225975
-0.201387
-0.209916
-0.204611
-0.176567
-0.180835
-0.170712
-0.137197
-0.136774
-0.123908
-0.0881944
-0.0851774
-0.0738915
-0.0313122
-0.0292027
-0.02424
-0.0776865
-0.103685
-0.124751
-0.0520201
-0.0691275
-0.0820763
-0.0199739
-0.0259331
-0.0300357
-0.0796854
-0.082405
-0.0846625
-0.0861262
-0.0867372
-0.0873973
-0.0828809
-0.0810065
-0.0799433
-0.0869123
-0.0892572
-0.0921382
-0.0886369
-0.0906911
-0.0938969
-0.0801916
-0.0820722
-0.0858032
-0.0613858
-0.0631962
-0.0674734
-0.0380832
-0.0397843
-0.0442297
-0.0145442
-0.0159152
-0.0199433
-0.0684409
-0.0643537
-0.0618821
-0.0471675
-0.0420188
-0.0389321
-0.0235433
-0.0185172
-0.0155166
-0.0961322
-0.101198
-0.107865
-0.0987892
-0.105058
-0.113057
-0.0919433
-0.0999505
-0.110061
-0.11685
-0.127121
-0.138507
-0.123384
-0.134725
-0.147024
-0.122799
-0.136414
-0.150867
-0.113294
-0.130251
-0.14818
-0.0966405
-0.117002
-0.138849
-0.0750463
-0.098282
-0.12393
-0.0748789
-0.0847642
-0.0973738
-0.0522702
-0.0633524
-0.0778776
-0.0276938
-0.0389412
-0.0543444
-0.00440329
-0.0145967
-0.0295418
0.011759
0.00341658
-0.00995282
0.0204805
0.0142683
0.00314327
-0.0508029
-0.0758137
-0.104464
-0.0302623
-0.0553501
-0.0851307
-0.0149588
-0.0383513
-0.0669233
-0.0057534
-0.0252414
-0.0494076
-0.0025513
-0.0160744
-0.0327798
-0.00139973
-0.00662451
-0.0129318
0.0215024
0.0173058
0.00884639
0.0158689
0.0132136
0.00751382
0.00594491
0.00485155
0.00256477
-0.00172226
0.002178
0.00460576
0.0123807
0.0148129
0.0165667
0.0190142
0.0200566
0.0212136
0.00565833
0.00495977
0.00202362
0.01774
0.0178673
0.0163227
0.0225117
0.0233905
0.0231537
0.0208114
0.0220962
0.0227083
0.0145615
0.0156836
0.0163913
0.00545489
0.00590921
0.00618257
0.0188879
0.018843
0.0195142
0.0138457
0.0131538
0.0135429
0.00534358
0.00485747
0.00501353
-0.0796854
-0.0861262
-0.0828809
-0.082405
-0.0867372
-0.0810065
-0.0846625
-0.0873973
-0.0799432
-0.0684409
-0.0471675
-0.0235433
-0.0643536
-0.0420187
-0.0185172
-0.061882
-0.038932
-0.0155165
-0.0613856
-0.0380831
-0.014544
-0.063196
-0.0397841
-0.015915
-0.0674732
-0.0442295
-0.019943
-0.0869124
-0.0886369
-0.0801915
-0.0892573
-0.0906911
-0.0820721
-0.0921384
-0.093897
-0.0858031
-0.00172224
0.0123807
0.0190142
0.00217804
0.0148129
0.0200566
0.00460583
0.0165667
0.0212136
0.0188879
0.0138457
0.00534358
0.018843
0.0131538
0.00485747
0.0195143
0.0135429
0.00501353
0.0208114
0.0145615
0.00545489
0.0220962
0.0156836
0.00590921
0.0227084
0.0163913
0.00618258
0.00565845
0.0177401
0.0225118
0.00495995
0.0178674
0.0233906
0.00202388
0.0163229
0.0231538
-0.00440292
0.0117594
0.0204807
-0.0145962
0.00341706
0.0142687
-0.0295413
-0.00995217
0.0031439
0.0215026
0.015869
0.00594495
0.0173061
0.0132138
0.00485164
0.00884693
0.00751422
0.00256493
-0.00575258
-0.00255069
-0.00139947
-0.0252403
-0.0160736
-0.00662418
-0.0494064
-0.0327788
-0.0129315
-0.0508023
-0.0302615
-0.0149579
-0.0758131
-0.0553492
-0.0383502
-0.104464
-0.0851298
-0.0669221
-0.0961325
-0.0987894
-0.0919433
-0.101199
-0.105058
-0.0999506
-0.107865
-0.113057
-0.110062
-0.0748787
-0.0522699
-0.0276934
-0.084764
-0.0633521
-0.0389407
-0.0973739
-0.0778774
-0.0543439
-0.113295
-0.0966404
-0.075046
-0.130252
-0.117002
-0.0982818
-0.148181
-0.138849
-0.12393
-0.116851
-0.123385
-0.1228
-0.127123
-0.134726
-0.136416
-0.138509
-0.147026
-0.150869
-0.150453
-0.160012
-0.166062
-0.160012
-0.171007
-0.179314
-0.166062
-0.179314
-0.19034
-0.167051
-0.162171
-0.151966
-0.183809
-0.183216
-0.17769
-0.198466
-0.201997
-0.200795
-0.210629
-0.218046
-0.220276
-0.218046
-0.228296
-0.231991
-0.220276
-0.231991
-0.234885
-0.167051
-0.183809
-0.198466
-0.16217
-0.183216
-0.201997
-0.151966
-0.17769
-0.200794
-0.136698
-0.119445
-0.100333
-0.166747
-0.151686
-0.131624
-0.193587
-0.180007
-0.158283
-0.0776854
-0.0520192
-0.0199736
-0.103685
-0.069127
-0.0259329
-0.124751
-0.0820764
-0.0300358
-0.137198
-0.0881954
-0.0313127
-0.136777
-0.0851793
-0.0292035
-0.123912
-0.0738942
-0.024241
-0.215253
-0.201389
-0.176568
-0.226448
-0.209919
-0.180838
-0.22598
-0.204616
-0.170716
-0.211146
-0.183682
-0.145711
-0.183681
-0.151689
-0.112713
-0.14571
-0.112713
-0.0768906
-0.0994005
-0.0556353
-0.0171435
-0.0708172
-0.0363209
-0.010244
-0.0430005
-0.0192155
-0.00464198
-0.0200023
-0.00677768
-0.00105457
-0.00677768
-0.00107428
0.000199155
-0.00105457
0.000199155
0.000159824
-0.0994003
-0.0708171
-0.0430005
-0.0556352
-0.0363208
-0.0192155
-0.0171434
-0.0102439
-0.00464196
-0.136698
-0.166746
-0.193587
-0.119445
-0.151686
-0.180006
-0.100333
-0.131624
-0.158283
-0.215252
-0.226448
-0.22598
-0.201388
-0.209919
-0.204616
-0.176568
-0.180837
-0.170716
-0.137198
-0.136777
-0.123911
-0.0881951
-0.0851791
-0.073894
-0.0313126
-0.0292034
-0.024241
-0.0776851
-0.103684
-0.124751
-0.0520191
-0.0691268
-0.0820761
-0.0199735
-0.0259329
-0.0300357
-0.0796855
-0.0824051
-0.0846626
-0.0861263
-0.0867373
-0.0873973
-0.0828809
-0.0810065
-0.0799433
-0.0869125
-0.0892574
-0.0921385
-0.088637
-0.0906912
-0.093897
-0.0801915
-0.0820721
-0.0858032
-0.0613856
-0.063196
-0.0674732
-0.038083
-0.039784
-0.0442294
-0.0145439
-0.0159149
-0.0199429
-0.0684409
-0.0643536
-0.061882
-0.0471674
-0.0420187
-0.038932
-0.0235432
-0.0185171
-0.0155165
-0.0961326
-0.101199
-0.107865
-0.0987894
-0.105058
-0.113057
-0.0919433
-0.0999506
-0.110062
-0.116851
-0.127123
-0.138509
-0.123385
-0.134726
-0.147026
-0.1228
-0.136415
-0.150869
-0.113295
-0.130252
-0.148181
-0.0966403
-0.117002
-0.138849
-0.0750458
-0.0982816
-0.12393
-0.0748786
-0.084764
-0.0973738
-0.0522698
-0.0633519
-0.0778773
-0.0276933
-0.0389406
-0.0543438
-0.00440278
-0.014596
-0.0295411
0.0117595
0.00341722
-0.00995198
0.0204809
0.0142688
0.00314407
-0.050802
-0.0758128
-0.104463
-0.0302613
-0.0553489
-0.0851295
-0.0149577
-0.03835
-0.0669218
-0.00575241
-0.0252401
-0.0494062
-0.00255057
-0.0160734
-0.0327787
-0.00139943
-0.00662413
-0.0129314
0.0215027
0.0173062
0.00884707
0.0158691
0.0132139
0.00751431
0.00594497
0.00485167
0.00256497
-0.00172218
0.00217811
0.00460592
0.0123807
0.014813
0.0165668
0.0190143
0.0200567
0.0212137
0.00565855
0.00496006
0.002024
0.0177402
0.0178675
0.016323
0.0225119
0.0233907
0.0231539
0.0208115
0.0220962
0.0227085
0.0145615
0.0156836
0.0163913
0.00545489
0.00590922
0.0061826
0.0188879
0.018843
0.0195143
0.0138457
0.0131538
0.0135429
0.00534358
0.00485747
0.00501353
-0.0796854
-0.0861262
-0.0828809
-0.0824051
-0.0867373
-0.0810066
-0.0846625
-0.0873973
-0.0799433
-0.0684409
-0.0471675
-0.0235433
-0.0643537
-0.0420188
-0.0185172
-0.0618821
-0.0389321
-0.0155166
-0.0613858
-0.0380833
-0.0145442
-0.0631962
-0.0397843
-0.0159152
-0.0674734
-0.0442297
-0.0199433
-0.0869124
-0.0886369
-0.0801916
-0.0892572
-0.0906912
-0.0820722
-0.0921382
-0.0938969
-0.0858032
-0.00172221
0.0123807
0.0190143
0.00217803
0.0148129
0.0200567
0.00460577
0.0165667
0.0212136
0.0188879
0.0138457
0.00534358
0.018843
0.0131538
0.00485747
0.0195143
0.0135429
0.00501353
0.0208114
0.0145615
0.00545489
0.0220962
0.0156836
0.00590921
0.0227083
0.0163913
0.00618257
0.00565833
0.0177401
0.0225118
0.00495976
0.0178673
0.0233905
0.00202361
0.0163227
0.0231537
-0.00440329
0.011759
0.0204805
-0.0145967
0.00341661
0.0142683
-0.0295418
-0.00995277
0.00314331
0.0215024
0.0158689
0.00594491
0.0173058
0.0132136
0.00485156
0.00884641
0.00751384
0.00256477
-0.00575336
-0.00255128
-0.00139973
-0.0252413
-0.0160744
-0.00662451
-0.0494076
-0.0327797
-0.0129318
-0.0508028
-0.0302623
-0.0149587
-0.0758135
-0.05535
-0.0383512
-0.104464
-0.0851305
-0.0669232
-0.0961322
-0.0987892
-0.0919433
-0.101198
-0.105058
-0.0999505
-0.107864
-0.113057
-0.110061
-0.0748789
-0.0522702
-0.0276938
-0.0847641
-0.0633523
-0.0389411
-0.0973738
-0.0778776
-0.0543443
-0.113294
-0.0966404
-0.0750462
-0.130251
-0.117002
-0.0982818
-0.14818
-0.138848
-0.12393
-0.11685
-0.123384
-0.122799
-0.127121
-0.134725
-0.136414
-0.138506
-0.147024
-0.150867
-0.15045
-0.160009
-0.16606
-0.160009
-0.171005
-0.179311
-0.16606
-0.179311
-0.190338
-0.167049
-0.162169
-0.151965
-0.183807
-0.183214
-0.177689
-0.198464
-0.201995
-0.200793
-0.210626
-0.218043
-0.220274
-0.218044
-0.228293
-0.231988
-0.220275
-0.231989
-0.234881
-0.16705
-0.183808
-0.198464
-0.162171
-0.183215
-0.201996
-0.151968
-0.177691
-0.200795
-0.136698
-0.119446
-0.100334
-0.166746
-0.151686
-0.131625
-0.193586
-0.180006
-0.158283
-0.0776864
-0.0520201
-0.0199739
-0.103685
-0.0691275
-0.0259331
-0.124751
-0.0820763
-0.0300357
-0.137197
-0.0881945
-0.0313123
-0.136774
-0.0851774
-0.0292028
-0.123908
-0.0738915
-0.02424
-0.21525
-0.201387
-0.176567
-0.226445
-0.209916
-0.180835
-0.225975
-0.204611
-0.170712
-0.211141
-0.183676
-0.145705
-0.183676
-0.151682
-0.112706
-0.145705
-0.112706
-0.0768845
-0.0993956
-0.0556321
-0.0171423
-0.070812
-0.0363176
-0.0102428
-0.0429958
-0.0192126
-0.004641
-0.0199987
-0.00677552
-0.00105389
-0.00677546
-0.00107303
0.000199525
-0.00105386
0.000199531
0.000159921
-0.0993955
-0.0708118
-0.0429956
-0.0556318
-0.0363173
-0.0192124
-0.0171422
-0.0102427
-0.00464092
-0.136702
-0.166749
-0.193589
-0.11945
-0.15169
-0.180009
-0.100339
-0.131629
-0.158286
-0.215252
-0.226446
-0.225976
-0.201389
-0.209917
-0.204612
-0.176569
-0.180836
-0.170713
-0.137199
-0.136775
-0.123908
-0.0881957
-0.085178
-0.0738916
-0.0313126
-0.0292029
-0.02424
-0.0776901
-0.103689
-0.124754
-0.0520226
-0.0691299
-0.0820783
-0.0199749
-0.025934
-0.0300364
-0.0796848
-0.0824045
-0.084662
-0.0861258
-0.0867369
-0.087397
-0.0828808
-0.0810065
-0.0799433
-0.0869119
-0.0892567
-0.0921377
-0.0886367
-0.090691
-0.0938968
-0.0801917
-0.0820724
-0.0858035
-0.0613862
-0.0631967
-0.067474
-0.0380839
-0.039785
-0.0442306
-0.0145449
-0.015916
-0.0199443
-0.0684411
-0.0643539
-0.0618824
-0.0471679
-0.0420193
-0.0389327
-0.0235439
-0.0185178
-0.0155172
-0.0961317
-0.101198
-0.107864
-0.0987891
-0.105058
-0.113057
-0.0919437
-0.0999509
-0.110062
-0.11685
-0.127121
-0.138507
-0.123384
-0.134725
-0.147024
-0.1228
-0.136415
-0.150868
-0.113295
-0.130253
-0.148181
-0.0966421
-0.117003
-0.13885
-0.0750484
-0.0982844
-0.123933
-0.0748796
-0.084765
-0.0973748
-0.0522713
-0.0633536
-0.0778791
-0.0276949
-0.0389426
-0.0543461
-0.0044044
-0.0145981
-0.0295437
0.0117581
0.00341528
-0.00995464
0.0204798
0.0142672
0.00314164
-0.0508053
-0.0758165
-0.104467
-0.0302648
-0.0553532
-0.0851343
-0.0149611
-0.0383544
-0.066927
-0.00575541
-0.0252441
-0.049411
-0.00255276
-0.0160764
-0.0327822
-0.00140033
-0.00662532
-0.0129328
0.0215019
0.017305
0.00884507
0.0158686
0.013213
0.00751289
0.0059448
0.00485133
0.00256438
-0.00172283
0.00217745
0.00460521
0.0123802
0.0148124
0.0165662
0.0190139
0.0200563
0.0212133
0.00565773
0.00495908
0.00202277
0.0177396
0.0178668
0.016322
0.0225115
0.0233902
0.0231532
0.0208113
0.022096
0.0227081
0.0145614
0.0156835
0.0163912
0.00545489
0.0059092
0.00618253
0.0188877
0.0188428
0.0195141
0.0138456
0.0131537
0.0135429
0.00534356
0.00485745
0.00501352
-0.0796849
-0.0861258
-0.0828807
-0.0824046
-0.0867369
-0.0810064
-0.0846621
-0.087397
-0.0799432
-0.0684411
-0.0471679
-0.0235438
-0.0643538
-0.0420191
-0.0185177
-0.0618822
-0.0389324
-0.0155171
-0.0613859
-0.0380836
-0.0145446
-0.0631964
-0.0397847
-0.0159157
-0.0674737
-0.0442302
-0.0199439
-0.0869119
-0.0886366
-0.0801915
-0.0892568
-0.0906909
-0.0820721
-0.0921378
-0.0938967
-0.0858032
-0.0017228
0.0123802
0.0190139
0.00217753
0.0148125
0.0200564
0.00460533
0.0165663
0.0212133
0.0188877
0.0138456
0.00534355
0.0188428
0.0131537
0.00485745
0.0195141
0.0135429
0.00501352
0.0208113
0.0145614
0.00545489
0.022096
0.0156836
0.0059092
0.0227081
0.0163912
0.00618253
0.0056579
0.0177397
0.0225115
0.00495928
0.0178669
0.0233903
0.002023
0.0163222
0.0231533
-0.00440415
0.0117583
0.0204799
-0.0145979
0.00341541
0.0142672
-0.0295435
-0.00995454
0.00314163
0.021502
0.0158686
0.00594479
0.017305
0.013213
0.00485131
0.00884498
0.0075128
0.00256433
-0.0057556
-0.00255294
-0.00140041
-0.0252444
-0.0160766
-0.00662543
-0.0494113
-0.0327825
-0.0129329
-0.0508051
-0.0302648
-0.0149612
-0.0758163
-0.0553532
-0.0383546
-0.104467
-0.0851344
-0.0669273
-0.0961318
-0.098789
-0.0919434
-0.101198
-0.105058
-0.0999506
-0.107864
-0.113056
-0.110061
-0.0748792
-0.0522709
-0.0276946
-0.0847646
-0.0633532
-0.0389422
-0.0973744
-0.0778786
-0.0543457
-0.113295
-0.0966416
-0.0750481
-0.130252
-0.117003
-0.098284
-0.14818
-0.13885
-0.123932
-0.11685
-0.123384
-0.122799
-0.12712
-0.134724
-0.136414
-0.138506
-0.147024
-0.150867
-0.15045
-0.160009
-0.16606
-0.160009
-0.171004
-0.179311
-0.16606
-0.17931
-0.190337
-0.167049
-0.16217
-0.151967
-0.183807
-0.183214
-0.177691
-0.198463
-0.201995
-0.200794
-0.210625
-0.218043
-0.220274
-0.218043
-0.228292
-0.231987
-0.220274
-0.231987
-0.234879
-0.167049
-0.183807
-0.198463
-0.16217
-0.183214
-0.201995
-0.151967
-0.177691
-0.200794
-0.136701
-0.11945
-0.100339
-0.166749
-0.15169
-0.131629
-0.193588
-0.180009
-0.158286
-0.0776904
-0.0520229
-0.019975
-0.103689
-0.0691299
-0.025934
-0.124754
-0.0820778
-0.0300362
-0.137197
-0.0881945
-0.0313121
-0.136773
-0.085176
-0.0292021
-0.123904
-0.0738888
-0.0242389
-0.215251
-0.201387
-0.176568
-0.226444
-0.209915
-0.180833
-0.225973
-0.204608
-0.170708
-0.211137
-0.183671
-0.145699
-0.183671
-0.151676
-0.1127
-0.145699
-0.1127
-0.0768784
-0.0993906
-0.0556284
-0.0171409
-0.0708065
-0.0363138
-0.0102414
-0.0429906
-0.0192092
-0.00463984
-0.0199947
-0.00677311
-0.00105311
-0.0067731
-0.00107166
0.00019993
-0.0010531
0.000199931
0.000160021
-0.0993906
-0.0708065
-0.0429906
-0.0556284
-0.0363138
-0.0192092
-0.0171409
-0.0102414
-0.00463983
-0.136701
-0.166749
-0.193588
-0.11945
-0.15169
-0.180008
-0.100339
-0.131629
-0.158286
-0.215251
-0.226444
-0.225973
-0.201387
-0.209915
-0.204608
-0.176568
-0.180833
-0.170708
-0.137197
-0.136773
-0.123904
-0.0881945
-0.0851759
-0.0738887
-0.0313121
-0.029202
-0.0242388
-0.0776904
-0.103689
-0.124754
-0.0520229
-0.0691299
-0.0820778
-0.019975
-0.025934
-0.0300362
-0.0796847
-0.0824044
-0.0846619
-0.0861256
-0.0867367
-0.0873968
-0.0828805
-0.0810062
-0.079943
-0.0869118
-0.0892566
-0.0921377
-0.0886364
-0.0906907
-0.0938965
-0.0801913
-0.0820719
-0.085803
-0.0613857
-0.0631962
-0.0674735
-0.0380834
-0.0397845
-0.0442301
-0.0145445
-0.0159156
-0.0199439
-0.0684408
-0.0643536
-0.061882
-0.0471677
-0.0420189
-0.0389323
-0.0235437
-0.0185176
-0.015517
-0.0961316
-0.101197
-0.107864
-0.0987888
-0.105058
-0.113056
-0.0919432
-0.0999504
-0.110061
-0.11685
-0.12712
-0.138506
-0.123384
-0.134724
-0.147024
-0.122799
-0.136414
-0.150867
-0.113295
-0.130252
-0.14818
-0.0966415
-0.117003
-0.13885
-0.075048
-0.0982839
-0.123932
-0.0748791
-0.0847645
-0.0973743
-0.0522707
-0.063353
-0.0778785
-0.0276945
-0.0389421
-0.0543457
-0.00440412
-0.0145978
-0.0295434
0.0117583
0.00341543
-0.00995449
0.0204798
0.0142672
0.00314166
-0.050805
-0.0758163
-0.104467
-0.0302647
-0.0553531
-0.0851343
-0.0149612
-0.0383545
-0.0669272
-0.00575556
-0.0252444
-0.0494113
-0.00255292
-0.0160766
-0.0327825
-0.00140041
-0.00662543
-0.0129329
0.0215019
0.017305
0.008845
0.0158686
0.013213
0.00751281
0.00594478
0.00485131
0.00256434
-0.00172277
0.00217755
0.00460534
0.0123802
0.0148124
0.0165663
0.0190138
0.0200563
0.0212133
0.0056579
0.00495928
0.00202301
0.0177396
0.0178669
0.0163222
0.0225114
0.0233902
0.0231532
0.0208112
0.022096
0.0227081
0.0145614
0.0156835
0.0163911
0.00545487
0.00590918
0.00618252
0.0188877
0.0188427
0.019514
0.0138455
0.0131536
0.0135428
0.00534353
0.00485743
0.0050135
