FiniteElementSpace
FiniteElementCollection: NURBS1
VDim: 1
Ordering: 0

6.76912e-08
1.83999e-07
2.28736
0.841471
7.52366e-08
7.548e-08
7.70377e-08
7.81157e-08
7.94026e-08
8.06072e-08
8.18926e-08
8.31655e-08
8.44772e-08
8.58177e-08
8.71898e-08
8.85498e-08
8.99629e-08
9.13732e-08
9.2801e-08
9.42896e-08
9.57722e-08
9.72694e-08
9.87989e-08
1.0035e-07
1.0191e-07
1.03517e-07
1.05146e-07
1.06789e-07
1.08482e-07
1.10192e-07
1.11926e-07
1.13674e-07
1.15473e-07
1.17313e-07
1.19143e-07
1.21024e-07
1.22936e-07
1.24887e-07
1.26842e-07
1.28858e-07
1.30867e-07
1.32939e-07
1.35051e-07
1.37179e-07
1.3932e-07
1.41501e-07
1.43735e-07
1.45997e-07
1.48286e-07
1.50616e-07
1.52981e-07
1.55415e-07
1.57849e-07
1.60312e-07
1.62868e-07
1.65415e-07
1.68065e-07
1.70618e-07
1.73395e-07
1.76094e-07
1.7889e-07
1.81689e-07
1.84594e-07
1.8739e-07
1.90685e-07
1.92716e-07
1.98295e-07
2.25189
2.21698
2.18261
2.14877
2.11546
2.08266
2.05037
2.01858
1.98729
1.95648
1.92615
1.89628
1.86688
1.83794
1.80945
1.78139
1.75378
1.72659
1.69982
1.67346
1.64752
1.62198
1.59683
1.57207
1.5477
1.52371
1.50008
1.47683
1.45393
1.43139
1.4092
1.38735
1.36584
1.34467
1.32382
1.3033
1.28309
1.2632
1.24361
1.22433
1.20535
1.18666
1.16827
1.15015
1.13232
1.11477
1.09749
1.08047
1.06372
1.04723
1.03099
1.01501
0.999271
0.983779
0.968527
0.953511
0.938729
0.924175
0.909847
0.895741
0.881854
0.868182
0.854722
0.0156243
0.0312449
0.0468578
0.0624593
0.0780455
0.0936127
0.109157
0.124675
0.140162
0.155615
0.17103
0.186403
0.201731
0.21701
0.232235
0.247404
0.262512
0.277557
0.292533
0.307438
0.322269
0.33702
0.351689
0.366273
0.380766
0.395167
0.409472
0.423676
0.437777
0.451771
0.465655
0.479426
0.493079
0.506611
0.520021
0.533303
0.546455
0.559473
0.572355
0.585097
0.597697
0.61015
0.622455
0.634607
0.646605
0.658444
0.670123
0.681639
0.692988
0.704167
0.715175
0.726009
0.736665
0.747141
0.757435
0.767543
0.777465
0.787197
0.796736
0.806081
0.815229
0.824178
0.832926
0.0424714
0.0849325
0.127373
0.169782
0.21215
0.254466
0.29672
0.338901
0.381
0.423005
0.464908
0.506697
0.548362
0.589893
0.631281
0.672514
0.713583
0.754478
0.795188
0.835705
0.876017
0.916116
0.955991
0.995632
1.03503
1.07418
1.11306
1.15167
1.19
1.22804
1.26578
1.30321
1.34033
1.37711
1.41356
1.44967
1.48542
1.52081
1.55582
1.59046
1.62471
1.65856
1.69201
1.72504
1.75765
1.78984
1.82158
1.85289
1.88374
1.91413
1.94405
1.9735
2.00246
2.03094
2.05892
2.0864
2.11337
2.13982
2.16575
2.19116
2.21602
2.24035
2.26413
0.0158704
0.0161203
0.0163742
0.016632
0.0168939
0.01716
0.0174302
0.0177047
0.0179835
0.0182667
0.0185544
0.0188466
0.0191433
0.0194448
0.019751
0.0200621
0.020378
0.0206989
0.0210249
0.0213559
0.0216923
0.0220339
0.0223808
0.0227333
0.0230913
0.0234549
0.0238243
0.0241995
0.0245805
0.0249676
0.0253608
0.0257602
0.0261659
0.0265779
0.0269964
0.0274216
0.0278534
0.028292
0.0287376
0.0291901
0.0296498
0.0301167
0.030591
0.0310727
0.031562
0.0320591
0.0325639
0.0330767
0.0335976
0.0341267
0.0346641
0.03521
0.0357645
0.0363277
0.0368998
0.0374809
0.0380711
0.0386706
0.0392796
0.0398982
0.0405265
0.0411647
0.0418129
0.031737
0.0322367
0.0327444
0.03326
0.0337838
0.0343158
0.0348562
0.0354051
0.0359627
0.036529
0.0371043
0.0376886
0.0382821
0.0388849
0.0394973
0.0401193
0.0407511
0.0413928
0.0420446
0.0427067
0.0433793
0.0440624
0.0447563
0.0454611
0.046177
0.0469042
0.0476428
0.0483931
0.0491552
0.0499292
0.0507155
0.0515142
0.0523254
0.0531494
0.0539864
0.0548365
0.0557001
0.0565772
0.0574682
0.0583732
0.0592924
0.0602262
0.0611746
0.0621379
0.0631165
0.0641104
0.06512
0.0661455
0.0671871
0.0682452
0.0693199
0.0704115
0.0715203
0.0726466
0.0737906
0.0749527
0.076133
0.0773319
0.0785497
0.0797867
0.0810432
0.0823194
0.0836157
0.0475957
0.0483453
0.0491066
0.0498799
0.0506654
0.0514633
0.0522737
0.0530969
0.053933
0.0547824
0.0556451
0.0565213
0.0574114
0.0583155
0.0592339
0.0601666
0.0611141
0.0620765
0.0630541
0.0640471
0.0650557
0.0660801
0.0671207
0.0681777
0.0692514
0.0703419
0.0714497
0.0725748
0.0737177
0.0748786
0.0760578
0.0772555
0.0784721
0.0797079
0.0809631
0.0822381
0.0835331
0.0848486
0.0861847
0.087542
0.0889205
0.0903208
0.0917432
0.0931879
0.0946554
0.096146
0.0976601
0.099198
0.10076
0.102347
0.103959
0.105596
0.107259
0.108948
0.110663
0.112406
0.114176
0.115974
0.117801
0.119656
0.12154
0.123454
0.125398
0.0634429
0.064442
0.0654568
0.0664876
0.0675346
0.0685981
0.0696784
0.0707757
0.0718902
0.0730223
0.0741723
0.0753403
0.0765268
0.0777319
0.078956
0.0801994
0.0814623
0.0827452
0.0840482
0.0853718
0.0867162
0.0880818
0.0894688
0.0908778
0.0923089
0.0937625
0.0952391
0.0967389
0.0982623
0.0998097
0.101381
0.102978
0.1046
0.106247
0.10792
0.10962
0.111346
0.113099
0.11488
0.116689
0.118527
0.120393
0.122289
0.124215
0.126171
0.128158
0.130176
0.132226
0.134309
0.136424
0.138572
0.140754
0.142971
0.145222
0.147509
0.149832
0.152192
0.154588
0.157023
0.159495
0.162007
0.164558
0.16715
0.0792746
0.080523
0.081791
0.0830791
0.0843874
0.0857163
0.0870661
0.0884372
0.0898299
0.0912445
0.0926814
0.0941409
0.0956234
0.0971293
0.0986588
0.100212
0.101791
0.103394
0.105022
0.106676
0.108356
0.110062
0.111795
0.113556
0.115344
0.11716
0.119005
0.120879
0.122783
0.124716
0.12668
0.128675
0.130702
0.13276
0.134851
0.136974
0.139131
0.141322
0.143548
0.145808
0.148104
0.150437
0.152806
0.155212
0.157656
0.160139
0.162661
0.165222
0.167824
0.170467
0.173152
0.175878
0.178648
0.181461
0.184319
0.187222
0.19017
0.193165
0.196206
0.199296
0.202435
0.205623
0.208861
0.0950869
0.0965843
0.0981053
0.0996502
0.101219
0.102813
0.104433
0.106077
0.107748
0.109444
0.111168
0.112919
0.114697
0.116503
0.118338
0.120201
0.122094
0.124017
0.12597
0.127953
0.129968
0.132015
0.134094
0.136206
0.138351
0.140529
0.142742
0.14499
0.147273
0.149593
0.151948
0.154341
0.156772
0.159241
0.161748
0.164295
0.166883
0.169511
0.17218
0.174892
0.177646
0.180443
0.183285
0.186171
0.189103
0.192081
0.195106
0.198178
0.201299
0.204469
0.207689
0.21096
0.214282
0.217656
0.221084
0.224565
0.228102
0.231694
0.235342
0.239048
0.242813
0.246637
0.250521
0.110876
0.112622
0.114396
0.116197
0.118027
0.119886
0.121773
0.123691
0.125639
0.127618
0.129627
0.131669
0.133742
0.135848
0.137987
0.14016
0.142368
0.14461
0.146887
0.1492
0.15155
0.153936
0.15636
0.158823
0.161324
0.163864
0.166445
0.169066
0.171728
0.174432
0.177179
0.17997
0.182804
0.185682
0.188606
0.191577
0.194593
0.197658
0.200771
0.203932
0.207144
0.210406
0.213719
0.217085
0.220503
0.223976
0.227503
0.231085
0.234725
0.238421
0.242176
0.245989
0.249863
0.253798
0.257794
0.261854
0.265978
0.270166
0.274421
0.278742
0.283132
0.287591
0.292119
0.126638
0.128632
0.130658
0.132716
0.134806
0.136928
0.139085
0.141275
0.1435
0.14576
0.148055
0.150386
0.152755
0.15516
0.157604
0.160086
0.162607
0.165167
0.167768
0.17041
0.173094
0.17582
0.178588
0.181401
0.184257
0.187159
0.190106
0.1931
0.196141
0.19923
0.202367
0.205554
0.208791
0.212079
0.215419
0.218811
0.222257
0.225757
0.229312
0.232923
0.236591
0.240317
0.244101
0.247945
0.25185
0.255816
0.259844
0.263936
0.268093
0.272315
0.276603
0.280959
0.285383
0.289877
0.294442
0.299079
0.303789
0.308573
0.313432
0.318368
0.323382
0.328474
0.333647
0.142369
0.144611
0.146888
0.149202
0.151551
0.153938
0.156362
0.158824
0.161325
0.163866
0.166446
0.169068
0.17173
0.174434
0.177181
0.179972
0.182806
0.185684
0.188609
0.191579
0.194596
0.19766
0.200773
0.203934
0.207146
0.210408
0.213721
0.217087
0.220506
0.223978
0.227505
0.231088
0.234727
0.238424
0.242178
0.245992
0.249866
0.253801
0.257797
0.261857
0.265981
0.270169
0.274424
0.278745
0.283135
0.287594
0.292123
0.296723
0.301396
0.306142
0.310963
0.31586
0.320834
0.325886
0.331018
0.336231
0.341526
0.346904
0.352367
0.357916
0.363552
0.369278
0.375093
0.158066
0.160555
0.163083
0.165651
0.16826
0.17091
0.173601
0.176335
0.179112
0.181932
0.184797
0.187708
0.190663
0.193666
0.196716
0.199814
0.20296
0.206156
0.209403
0.2127
0.21605
0.219452
0.222908
0.226418
0.229984
0.233606
0.237285
0.241021
0.244817
0.248672
0.252588
0.256566
0.260606
0.26471
0.268879
0.273113
0.277414
0.281782
0.28622
0.290727
0.295305
0.299956
0.304679
0.309477
0.314351
0.319301
0.324329
0.329437
0.334625
0.339894
0.345247
0.350684
0.356206
0.361816
0.367513
0.373301
0.37918
0.385151
0.391216
0.397377
0.403635
0.409991
0.416447
0.173723
0.176459
0.179238
0.182061
0.184928
0.18784
0.190798
0.193802
0.196854
0.199954
0.203103
0.206302
0.20955
0.21285
0.216202
0.219607
0.223065
0.226578
0.230146
0.23377
0.237452
0.241191
0.244989
0.248847
0.252766
0.256746
0.26079
0.264896
0.269068
0.273305
0.277609
0.281981
0.286421
0.290932
0.295513
0.300167
0.304894
0.309695
0.314572
0.319526
0.324558
0.329669
0.334861
0.340134
0.34549
0.350931
0.356457
0.362071
0.367772
0.373564
0.379447
0.385422
0.391492
0.397657
0.403919
0.41028
0.416741
0.423303
0.429969
0.43674
0.443618
0.450604
0.4577
0.189339
0.19232
0.195349
0.198425
0.20155
0.204724
0.207948
0.211223
0.214549
0.217928
0.221359
0.224845
0.228386
0.231983
0.235636
0.239347
0.243116
0.246944
0.250833
0.254783
0.258795
0.262871
0.26701
0.271215
0.275486
0.279824
0.284231
0.288707
0.293254
0.297872
0.302562
0.307327
0.312167
0.317083
0.322076
0.327148
0.3323
0.337533
0.342848
0.348247
0.353731
0.359302
0.36496
0.370707
0.376545
0.382475
0.388498
0.394616
0.40083
0.407142
0.413554
0.420066
0.426681
0.433401
0.440226
0.447158
0.4542
0.461353
0.468618
0.475997
0.483493
0.491107
0.498841
0.204908
0.208135
0.211412
0.214742
0.218123
0.221558
0.225047
0.228591
0.232191
0.235848
0.239562
0.243334
0.247166
0.251058
0.255012
0.259028
0.263107
0.26725
0.271459
0.275734
0.280076
0.284486
0.288966
0.293517
0.298139
0.302834
0.307603
0.312447
0.317368
0.322365
0.327442
0.332598
0.337836
0.343156
0.34856
0.354049
0.359625
0.365288
0.37104
0.376883
0.382818
0.388847
0.39497
0.40119
0.407508
0.413925
0.420444
0.427065
0.43379
0.440621
0.44756
0.454608
0.461767
0.469039
0.476425
0.483928
0.491548
0.499289
0.507152
0.515138
0.523251
0.531491
0.53986
0.220427
0.223898
0.227424
0.231005
0.234643
0.238338
0.242092
0.245904
0.249776
0.25371
0.257705
0.261764
0.265886
0.270073
0.274326
0.278646
0.283034
0.287491
0.292018
0.296617
0.301288
0.306033
0.310852
0.315747
0.320719
0.32577
0.3309
0.336111
0.341404
0.34678
0.352241
0.357788
0.363423
0.369146
0.374959
0.380864
0.386861
0.392954
0.399142
0.405427
0.411812
0.418297
0.424884
0.431575
0.438371
0.445275
0.452287
0.459409
0.466644
0.473993
0.481457
0.489039
0.49674
0.504562
0.512508
0.520579
0.528777
0.537104
0.545562
0.554153
0.56288
0.571744
0.580748
0.235892
0.239607
0.24338
0.247213
0.251106
0.25506
0.259077
0.263157
0.267301
0.27151
0.275786
0.280129
0.28454
0.289021
0.293573
0.298196
0.302892
0.307662
0.312507
0.317428
0.322427
0.327504
0.332661
0.3379
0.343221
0.348626
0.354116
0.359693
0.365357
0.371111
0.376955
0.382891
0.388921
0.395045
0.401266
0.407585
0.414004
0.420523
0.427146
0.433872
0.440705
0.447645
0.454694
0.461855
0.469128
0.476516
0.48402
0.491642
0.499384
0.507248
0.515236
0.52335
0.531591
0.539963
0.548466
0.557103
0.565876
0.574787
0.583839
0.593033
0.602372
0.611858
0.621493
0.2513
0.255257
0.259277
0.26336
0.267507
0.27172
0.275999
0.280345
0.28476
0.289245
0.293799
0.298426
0.303126
0.307899
0.312748
0.317673
0.322676
0.327757
0.332918
0.338161
0.343486
0.348896
0.35439
0.359971
0.365639
0.371397
0.377246
0.383187
0.389221
0.39535
0.401576
0.4079
0.414324
0.420848
0.427476
0.434207
0.441045
0.447991
0.455046
0.462211
0.46949
0.476884
0.484393
0.492022
0.49977
0.50764
0.515634
0.523754
0.532002
0.54038
0.54889
0.557533
0.566313
0.575231
0.58429
0.593491
0.602837
0.612331
0.621973
0.631768
0.641717
0.651823
0.662087
0.266646
0.270845
0.275111
0.279443
0.283844
0.288313
0.292854
0.297466
0.30215
0.306908
0.311741
0.31665
0.321637
0.326702
0.331847
0.337073
0.342381
0.347772
0.353249
0.358812
0.364462
0.370202
0.376032
0.381953
0.387968
0.394078
0.400284
0.406587
0.41299
0.419494
0.4261
0.43281
0.439626
0.446549
0.453581
0.460724
0.467979
0.475349
0.482834
0.490438
0.498161
0.506006
0.513974
0.522068
0.53029
0.53864
0.547123
0.555739
0.56449
0.57338
0.582409
0.591581
0.600897
0.61036
0.619971
0.629735
0.639651
0.649724
0.659956
0.670349
0.680905
0.691628
0.70252
0.281928
0.286367
0.290877
0.295458
0.30011
0.304836
0.309637
0.314513
0.319466
0.324497
0.329607
0.334797
0.34007
0.345425
0.350865
0.35639
0.362002
0.367703
0.373493
0.379375
0.385349
0.391418
0.397582
0.403843
0.410202
0.416662
0.423224
0.429888
0.436658
0.443534
0.450519
0.457614
0.46482
0.47214
0.479575
0.487127
0.494798
0.50259
0.510505
0.518544
0.52671
0.535005
0.54343
0.551988
0.56068
0.569509
0.578478
0.587588
0.596841
0.60624
0.615787
0.625484
0.635334
0.645339
0.655501
0.665824
0.676309
0.68696
0.697778
0.708766
0.719927
0.731265
0.74278
0.29714
0.301819
0.306572
0.3114
0.316304
0.321285
0.326345
0.331484
0.336704
0.342006
0.347392
0.352863
0.358419
0.364064
0.369797
0.37562
0.381535
0.387544
0.393647
0.399846
0.406142
0.412538
0.419035
0.425634
0.432336
0.439145
0.44606
0.453085
0.46022
0.467467
0.474828
0.482306
0.489901
0.497616
0.505452
0.513412
0.521497
0.529709
0.538051
0.546524
0.555131
0.563873
0.572752
0.581772
0.590934
0.600239
0.609692
0.619293
0.629046
0.638952
0.649014
0.659234
0.669615
0.68016
0.690871
0.701751
0.712802
0.724027
0.735429
0.74701
0.758774
0.770723
0.78286
0.31228
0.317198
0.322193
0.327267
0.33242
0.337655
0.342972
0.348373
0.35386
0.359432
0.365092
0.370842
0.376682
0.382613
0.388639
0.394759
0.400975
0.40729
0.413704
0.420219
0.426836
0.433558
0.440385
0.44732
0.454365
0.46152
0.468788
0.47617
0.483669
0.491285
0.499022
0.50688
0.514863
0.522971
0.531206
0.539571
0.548068
0.556699
0.565466
0.574371
0.583416
0.592603
0.601935
0.611414
0.621043
0.630823
0.640757
0.650847
0.661097
0.671507
0.682082
0.692823
0.703734
0.714816
0.726073
0.737507
0.749121
0.760918
0.7729
0.785072
0.797435
0.809993
0.822748
0.327344
0.332499
0.337735
0.343053
0.348455
0.353943
0.359517
0.365178
0.370929
0.37677
0.382703
0.38873
0.394852
0.40107
0.407386
0.413801
0.420318
0.426937
0.43366
0.440489
0.447426
0.454472
0.461629
0.468898
0.476282
0.483783
0.491401
0.499139
0.507
0.514984
0.523094
0.531331
0.539698
0.548197
0.55683
0.565599
0.574506
0.583553
0.592743
0.602077
0.611558
0.621189
0.630971
0.640908
0.651001
0.661252
0.671666
0.682243
0.692986
0.703899
0.714984
0.726244
0.73768
0.749297
0.761097
0.773082
0.785257
0.797623
0.810183
0.822942
0.835901
0.849065
0.862436
0.342327
0.347718
0.353194
0.358756
0.364406
0.370144
0.375973
0.381894
0.387908
0.394016
0.400221
0.406524
0.412926
0.419428
0.426033
0.432742
0.439557
0.446479
0.45351
0.460652
0.467906
0.475274
0.482759
0.490361
0.498083
0.505927
0.513894
0.521987
0.530207
0.538557
0.547038
0.555652
0.564402
0.57329
0.582318
0.591489
0.600803
0.610265
0.619875
0.629636
0.639552
0.649623
0.659853
0.670244
0.680799
0.69152
0.70241
0.713471
0.724707
0.73612
0.747712
0.759486
0.771447
0.783595
0.795935
0.808469
0.821201
0.834133
0.847268
0.860611
0.874164
0.88793
0.901912
0.357228
0.362853
0.368567
0.374371
0.380267
0.386255
0.392338
0.398516
0.404792
0.411166
0.417641
0.424218
0.430899
0.437684
0.444577
0.451578
0.458689
0.465913
0.47325
0.480702
0.488272
0.495961
0.503772
0.511705
0.519763
0.527948
0.536262
0.544707
0.553285
0.561998
0.570848
0.579838
0.588969
0.598244
0.607664
0.617234
0.626954
0.636827
0.646855
0.657042
0.667389
0.677899
0.688574
0.699418
0.710432
0.721619
0.732983
0.744526
0.756251
0.76816
0.780257
0.792544
0.805025
0.817702
0.830579
0.843659
0.856944
0.870439
0.884147
0.89807
0.912212
0.926578
0.941169
0.37204
0.377899
0.38385
0.389895
0.396035
0.402272
0.408607
0.415041
0.421577
0.428216
0.434959
0.441809
0.448766
0.455834
0.463012
0.470303
0.477709
0.485232
0.492874
0.500635
0.508519
0.516527
0.524661
0.532923
0.541316
0.54984
0.558499
0.567294
0.576228
0.585302
0.594519
0.603881
0.613391
0.623051
0.632862
0.642828
0.652951
0.663234
0.673678
0.684287
0.695063
0.706009
0.717127
0.72842
0.739891
0.751542
0.763378
0.775399
0.78761
0.800013
0.812611
0.825408
0.838406
0.851609
0.86502
0.878642
0.892479
0.906533
0.920809
0.93531
0.950039
0.965
0.980196
0.386763
0.392853
0.39904
0.405324
0.411707
0.41819
0.424776
0.431465
0.438259
0.445161
0.452171
0.459292
0.466525
0.473871
0.481334
0.488914
0.496613
0.504434
0.512377
0.520446
0.528642
0.536967
0.545423
0.554012
0.562736
0.571598
0.580599
0.589743
0.59903
0.608463
0.618045
0.627778
0.637664
0.647705
0.657905
0.668266
0.67879
0.689479
0.700337
0.711365
0.722568
0.733946
0.745504
0.757244
0.769169
0.781282
0.793585
0.806082
0.818776
0.83167
0.844767
0.85807
0.871583
0.885308
0.89925
0.913411
0.927795
0.942406
0.957247
0.972321
0.987633
1.00319
1.01898
0.40139
0.407711
0.414132
0.420653
0.427278
0.434006
0.440841
0.447783
0.454835
0.461997
0.469273
0.476663
0.484169
0.491794
0.499538
0.507405
0.515395
0.523512
0.531756
0.54013
0.548636
0.557275
0.566051
0.574965
0.584019
0.593216
0.602558
0.612047
0.621685
0.631476
0.64142
0.651521
0.661781
0.672202
0.682788
0.69354
0.704462
0.715556
0.726824
0.73827
0.749896
0.761705
0.7737
0.785884
0.79826
0.810831
0.823599
0.836569
0.849743
0.863125
0.876717
0.890523
0.904547
0.918792
0.93326
0.947957
0.962885
0.978049
0.993451
1.0091
1.02499
1.04113
1.05752
0.41592
0.42247
0.429123
0.43588
0.442745
0.449717
0.456799
0.463992
0.471299
0.478721
0.48626
0.493917
0.501695
0.509596
0.517621
0.525772
0.534052
0.542462
0.551005
0.559682
0.568495
0.577448
0.586541
0.595778
0.60516
0.61469
0.62437
0.634202
0.64419
0.654334
0.664638
0.675105
0.685736
0.696535
0.707504
0.718645
0.729962
0.741458
0.753134
0.764994
0.777041
0.789278
0.801707
0.814332
0.827156
0.840182
0.853412
0.866852
0.880503
0.894369
0.908453
0.922759
0.93729
0.95205
0.967043
0.982272
0.99774
1.01345
1.02941
1.04562
1.06209
1.07881
1.0958
0.430348
0.437125
0.444009
0.451001
0.458103
0.465317
0.472645
0.480088
0.487648
0.495328
0.503128
0.511051
0.519099
0.527274
0.535577
0.544011
0.552578
0.56128
0.570119
0.579097
0.588216
0.597479
0.606888
0.616445
0.626153
0.636013
0.646029
0.656203
0.666536
0.677033
0.687694
0.698524
0.709524
0.720698
0.732047
0.743575
0.755285
0.767179
0.77926
0.791531
0.803996
0.816657
0.829518
0.842581
0.85585
0.869327
0.883017
0.896923
0.911047
0.925394
0.939967
0.954769
0.969805
0.985077
1.00059
1.01635
1.03235
1.04861
1.06512
1.0819
1.09893
1.11624
1.13382
0.444671
0.451674
0.458787
0.466012
0.47335
0.480804
0.488376
0.496067
0.503879
0.511814
0.519873
0.52806
0.536376
0.544823
0.553402
0.562117
0.570969
0.579961
0.589094
0.598371
0.607794
0.617365
0.627087
0.636962
0.646993
0.657182
0.667531
0.678043
0.68872
0.699566
0.710583
0.721773
0.733139
0.744684
0.756411
0.768323
0.780422
0.792712
0.805196
0.817876
0.830755
0.843838
0.857126
0.870624
0.884334
0.898261
0.912406
0.926775
0.941369
0.956194
0.971251
0.986546
1.00208
1.01786
1.03389
1.05017
1.06671
1.08351
1.10057
1.1179
1.13551
1.15339
1.17155
0.458886
0.466112
0.473452
0.480908
0.488481
0.496174
0.503987
0.511924
0.519986
0.528174
0.536492
0.54494
0.553522
0.562239
0.571093
0.580086
0.589221
0.5985
0.607925
0.617498
0.627223
0.6371
0.647133
0.657324
0.667675
0.678189
0.688869
0.699717
0.710736
0.721929
0.733297
0.744845
0.756575
0.768489
0.780591
0.792884
0.80537
0.818052
0.830935
0.84402
0.857312
0.870812
0.884526
0.898455
0.912603
0.926975
0.941573
0.9564
0.971461
0.98676
1.0023
1.01808
1.03412
1.0504
1.06694
1.08374
1.10081
1.11815
1.13575
1.15364
1.17181
1.19026
1.209
0.472988
0.480437
0.488003
0.495688
0.503493
0.511422
0.519476
0.527657
0.535966
0.544406
0.552979
0.561688
0.570533
0.579517
0.588644
0.597913
0.607329
0.616893
0.626608
0.636475
0.646498
0.656679
0.66702
0.677525
0.688194
0.699031
0.71004
0.721221
0.732579
0.744115
0.755833
0.767736
0.779826
0.792106
0.80458
0.817251
0.83012
0.843193
0.856471
0.869959
0.883659
0.897574
0.911709
0.926066
0.94065
0.955463
0.970509
0.985792
1.00132
1.01708
1.0331
1.04937
1.0659
1.08268
1.09973
1.11705
1.13464
1.15251
1.17066
1.18909
1.20782
1.22684
1.24616
0.486975
0.494644
0.502434
0.510346
0.518383
0.526546
0.534838
0.54326
0.551815
0.560505
0.569332
0.578298
0.587404
0.596655
0.606051
0.615595
0.625289
0.635136
0.645138
0.655297
0.665616
0.676098
0.686745
0.69756
0.708545
0.719703
0.731037
0.742549
0.754242
0.76612
0.778184
0.790439
0.802887
0.81553
0.828373
0.841418
0.854668
0.868127
0.881799
0.895685
0.90979
0.924117
0.93867
0.953452
0.968466
0.983717
0.999209
1.01494
1.03093
1.04716
1.06365
1.0804
1.09742
1.1147
1.13225
1.15008
1.16819
1.18659
1.20528
1.22426
1.24354
1.26312
1.28301
0.500844
0.508731
0.516742
0.52488
0.533145
0.541541
0.550069
0.558731
0.56753
0.576467
0.585545
0.594766
0.604133
0.613646
0.62331
0.633126
0.643096
0.653223
0.66351
0.673959
0.684572
0.695352
0.706303
0.717425
0.728723
0.740199
0.751855
0.763695
0.775722
0.787937
0.800346
0.812949
0.825751
0.838755
0.851964
0.86538
0.879008
0.89285
0.90691
0.921192
0.935699
0.950434
0.965401
0.980604
0.996046
1.01173
1.02766
1.04385
1.06029
1.07698
1.09394
1.11117
1.12867
1.14644
1.1645
1.18283
1.20146
1.22038
1.2396
1.25912
1.27895
1.29909
1.31955
0.514589
0.522693
0.530924
0.539285
0.547778
0.556404
0.565166
0.574066
0.583106
0.592289
0.601616
0.61109
0.620713
0.630488
0.640417
0.650502
0.660746
0.671151
0.68172
0.692456
0.70336
0.714437
0.725687
0.737115
0.748723
0.760514
0.77249
0.784655
0.797012
0.809563
0.822312
0.835261
0.848415
0.861775
0.875346
0.889131
0.903133
0.917355
0.931801
0.946475
0.96138
0.976519
0.991897
1.00752
1.02338
1.0395
1.05587
1.0725
1.08939
1.10654
1.12397
1.14167
1.15965
1.17791
1.19646
1.2153
1.23444
1.25388
1.27362
1.29368
1.31405
1.33474
1.35576
0.52821
0.536528
0.544977
0.553559
0.562276
0.571131
0.580125
0.58926
0.59854
0.607966
0.61754
0.627265
0.637142
0.647176
0.657368
0.66772
0.678235
0.688915
0.699764
0.710784
0.721977
0.733347
0.744895
0.756625
0.768541
0.780643
0.792937
0.805424
0.818107
0.83099
0.844077
0.857369
0.870871
0.884585
0.898515
0.912664
0.927037
0.941636
0.956464
0.971526
0.986826
1.00237
1.01815
1.03418
1.05047
1.06701
1.08382
1.10088
1.11822
1.13583
1.15372
1.17188
1.19034
1.20908
1.22812
1.24746
1.26711
1.28706
1.30733
1.32792
1.34883
1.37007
1.39165
0.541701
0.550232
0.558896
0.567698
0.576638
0.585718
0.594942
0.604311
0.613828
0.623494
0.633313
0.643286
0.653416
0.663706
0.674158
0.684774
0.695558
0.706511
0.717637
0.728938
0.740417
0.752077
0.763921
0.775951
0.78817
0.800582
0.813189
0.825995
0.839003
0.852215
0.865636
0.879267
0.893114
0.907178
0.921464
0.935975
0.950715
0.965686
0.980894
0.996341
1.01203
1.02797
1.04416
1.0606
1.0773
1.09427
1.1115
1.129
1.14678
1.16484
1.18318
1.20182
1.22074
1.23997
1.25949
1.27933
1.29947
1.31994
1.34072
1.36184
1.38328
1.40507
1.42719
0.55506
0.563801
0.57268
0.581698
0.590858
0.600163
0.609614
0.619214
0.628965
0.63887
0.648931
0.65915
0.66953
0.680074
0.690783
0.701662
0.712711
0.723935
0.735335
0.746915
0.758677
0.770625
0.78276
0.795087
0.807608
0.820326
0.833244
0.846365
0.859694
0.873232
0.886983
0.900951
0.915139
0.929551
0.944189
0.959058
0.974161
0.989501
1.00508
1.02091
1.03699
1.05332
1.06991
1.08675
1.10387
1.12125
1.13891
1.15684
1.17506
1.19357
1.21236
1.23145
1.25085
1.27055
1.29055
1.31088
1.33152
1.35249
1.37379
1.39542
1.4174
1.43972
1.46239
0.568284
0.577233
0.586323
0.595556
0.604935
0.614461
0.624137
0.633966
0.64395
0.65409
0.664391
0.674853
0.685481
0.696276
0.70724
0.718378
0.729691
0.741181
0.752853
0.764709
0.776752
0.788984
0.801408
0.814029
0.826848
0.839869
0.853095
0.866529
0.880175
0.894036
0.908115
0.922415
0.936941
0.951696
0.966683
0.981906
0.997369
1.01307
1.02903
1.04523
1.06169
1.07841
1.0954
1.11265
1.13017
1.14796
1.16604
1.1844
1.20306
1.222
1.24125
1.26079
1.28065
1.30081
1.3213
1.34211
1.36324
1.38471
1.40652
1.42866
1.45116
1.47402
1.49723
0.581368
0.590524
0.599823
0.609269
0.618863
0.628609
0.638508
0.648563
0.658777
0.669151
0.679688
0.690392
0.701264
0.712307
0.723525
0.734918
0.746492
0.758247
0.770188
0.782317
0.794636
0.80715
0.819861
0.832772
0.845886
0.859207
0.872737
0.886481
0.900441
0.914621
0.929024
0.943654
0.958514
0.973609
0.988941
1.00451
1.02033
1.0364
1.05272
1.0693
1.08614
1.10324
1.12062
1.13826
1.15619
1.1744
1.19289
1.21168
1.23076
1.25014
1.26983
1.28982
1.31013
1.33077
1.35172
1.37301
1.39463
1.41659
1.4389
1.46156
1.48458
1.50795
1.5317
0.594311
0.60367
0.613177
0.622833
0.632641
0.642604
0.652723
0.663002
0.673443
0.684048
0.69482
0.705762
0.716876
0.728165
0.739632
0.75128
0.763111
0.775128
0.787334
0.799733
0.812327
0.825119
0.838113
0.851312
0.864718
0.878335
0.892167
0.906216
0.920487
0.934983
0.949707
0.964662
0.979854
0.995284
1.01096
1.02688
1.04305
1.05947
1.07616
1.09311
1.11032
1.1278
1.14556
1.1636
1.18193
1.20054
1.21945
1.23865
1.25816
1.27797
1.2981
1.31854
1.3393
1.36039
1.38181
1.40358
1.42568
1.44813
1.47093
1.4941
1.51763
1.54153
1.5658
0.607109
0.61667
0.626381
0.636245
0.646264
0.656441
0.666779
0.677279
0.687945
0.698778
0.709782
0.72096
0.732313
0.743845
0.755559
0.767458
0.779543
0.791819
0.804289
0.816954
0.82982
0.842887
0.856161
0.869643
0.883338
0.897249
0.911379
0.925731
0.940309
0.955117
0.970157
0.985435
1.00095
1.01672
1.03273
1.04899
1.06551
1.08229
1.09933
1.11664
1.13423
1.15209
1.17023
1.18866
1.20738
1.22639
1.24571
1.26532
1.28525
1.30549
1.32605
1.34693
1.36814
1.38969
1.41157
1.4338
1.45638
1.47931
1.50261
1.52627
1.55031
1.57472
1.59952
0.619759
0.629518
0.639432
0.649501
0.65973
0.670119
0.680672
0.691391
0.702278
0.713338
0.724571
0.735981
0.747572
0.759344
0.771302
0.783448
0.795786
0.808318
0.821047
0.833976
0.847109
0.86045
0.874
0.887763
0.901743
0.915944
0.930368
0.945019
0.959901
0.975017
0.990371
1.00597
1.02181
1.0379
1.05424
1.07085
1.08771
1.10484
1.12224
1.13991
1.15786
1.1761
1.19462
1.21343
1.23254
1.25195
1.27166
1.29169
1.31203
1.33269
1.35368
1.37499
1.39665
1.41864
1.44098
1.46367
1.48672
1.51014
1.53392
1.55807
1.58261
1.60753
1.63285
0.632257
0.642213
0.652327
0.662599
0.673034
0.683633
0.694398
0.705333
0.716441
0.727723
0.739183
0.750824
0.762647
0.774657
0.786856
0.799247
0.811834
0.824618
0.837604
0.850795
0.864193
0.877802
0.891625
0.905666
0.919928
0.934415
0.94913
0.964076
0.979258
0.99468
1.01034
1.02625
1.04242
1.05883
1.07551
1.09244
1.10965
1.12712
1.14487
1.1629
1.18121
1.19981
1.21871
1.2379
1.25739
1.27719
1.29731
1.31774
1.33849
1.35957
1.38098
1.40272
1.42481
1.44725
1.47004
1.49319
1.51671
1.54059
1.56485
1.58949
1.61452
1.63995
1.66577
0.644601
0.654752
0.665063
0.675536
0.686174
0.69698
0.707955
0.719104
0.730428
0.741931
0.753615
0.765482
0.777537
0.789781
0.802219
0.814852
0.827684
0.840718
0.853957
0.867405
0.881065
0.894939
0.909033
0.923348
0.937888
0.952658
0.96766
0.982899
0.998377
1.0141
1.03007
1.04629
1.06277
1.0795
1.0965
1.11377
1.13131
1.14912
1.16722
1.1856
1.20427
1.22324
1.2425
1.26207
1.28194
1.30213
1.32263
1.34346
1.36462
1.38611
1.40794
1.43011
1.45263
1.47551
1.49874
1.52234
1.54632
1.57067
1.5954
1.62053
1.64605
1.67197
1.6983
0.656787
0.66713
0.677636
0.688307
0.699146
0.710156
0.72134
0.732699
0.744237
0.755957
0.767862
0.779954
0.792237
0.804713
0.817385
0.830257
0.843331
0.856612
0.870102
0.883804
0.897722
0.911859
0.926218
0.940804
0.95562
0.970669
0.985954
1.00148
1.01725
1.03327
1.04954
1.06607
1.08286
1.09991
1.11723
1.13483
1.1527
1.17085
1.18929
1.20802
1.22704
1.24636
1.26599
1.28593
1.30618
1.32675
1.34764
1.36886
1.39042
1.41231
1.43456
1.45715
1.48009
1.5034
1.52708
1.55112
1.57555
1.60036
1.62556
1.65116
1.67716
1.70358
1.7304
0.668813
0.679346
0.690044
0.70091
0.711948
0.72316
0.734548
0.746115
0.757865
0.769799
0.781922
0.794236
0.806743
0.819447
0.832352
0.845459
0.858773
0.872297
0.886034
0.899987
0.91416
0.928555
0.943178
0.958031
0.973118
0.988442
1.00401
1.01982
1.03588
1.05219
1.06876
1.08559
1.10269
1.12005
1.13769
1.15561
1.1738
1.19229
1.21106
1.23014
1.24951
1.26918
1.28917
1.30947
1.33009
1.35104
1.37232
1.39393
1.41588
1.43817
1.46082
1.48383
1.50719
1.53093
1.55504
1.57953
1.6044
1.62967
1.65533
1.6814
1.70787
1.73477
1.76209
0.680676
0.691395
0.702283
0.713343
0.724576
0.735987
0.747577
0.759349
0.771307
0.783454
0.795791
0.808323
0.821052
0.833982
0.847115
0.860455
0.874006
0.887769
0.90175
0.91595
0.930374
0.945025
0.959907
0.975024
0.990378
1.00597
1.02182
1.03791
1.05425
1.07085
1.08772
1.10485
1.12225
1.13992
1.15787
1.1761
1.19462
1.21344
1.23255
1.25196
1.27167
1.2917
1.31204
1.3327
1.35369
1.375
1.39666
1.41865
1.44099
1.46368
1.48673
1.51015
1.53393
1.55808
1.58262
1.60754
1.63286
1.65857
1.68469
1.71122
1.73817
1.76554
1.79334
0.692373
0.703276
0.714351
0.725601
0.737027
0.748634
0.760423
0.772398
0.784561
0.796916
0.809466
0.822213
0.835161
0.848313
0.861672
0.875241
0.889025
0.903025
0.917245
0.93169
0.946362
0.961265
0.976402
0.991779
1.0074
1.02326
1.03937
1.05574
1.07237
1.08926
1.10641
1.12383
1.14153
1.15951
1.17777
1.19631
1.21515
1.23429
1.25373
1.27347
1.29352
1.31389
1.33458
1.3556
1.37695
1.39863
1.42066
1.44303
1.46575
1.48884
1.51228
1.5361
1.56029
1.58486
1.60982
1.63517
1.66092
1.68707
1.71364
1.74063
1.76804
1.79588
1.82416
0.703901
0.714986
0.726245
0.737682
0.749298
0.761098
0.773084
0.785258
0.797624
0.810185
0.822943
0.835903
0.849066
0.862437
0.876019
0.889814
0.903826
0.91806
0.932517
0.947202
0.962118
0.977269
0.992659
1.00829
1.02417
1.0403
1.05668
1.07332
1.09022
1.10739
1.12483
1.14254
1.16054
1.17881
1.19738
1.21623
1.23538
1.25484
1.2746
1.29467
1.31506
1.33577
1.3568
1.37817
1.39987
1.42192
1.44431
1.46706
1.49016
1.51362
1.53746
1.56167
1.58626
1.61124
1.63662
1.66239
1.68857
1.71516
1.74217
1.76961
1.79747
1.82578
1.85453
0.715257
0.72652
0.737961
0.749582
0.761387
0.773377
0.785556
0.797926
0.810492
0.823255
0.83622
0.849388
0.862764
0.876351
0.890151
0.904169
0.918408
0.93287
0.947561
0.962483
0.97764
0.993035
1.00867
1.02456
1.04069
1.05708
1.07373
1.09064
1.10781
1.12526
1.14298
1.16098
1.17926
1.19783
1.21669
1.23585
1.25531
1.27508
1.29516
1.31556
1.33628
1.35732
1.37869
1.4004
1.42246
1.44486
1.46761
1.49072
1.5142
1.53804
1.56226
1.58687
1.61186
1.63724
1.66302
1.68921
1.71581
1.74283
1.77028
1.79815
1.82647
1.85523
1.88445
0.726438
0.737877
0.749497
0.7613
0.773289
0.785466
0.797836
0.8104
0.823162
0.836125
0.849292
0.862666
0.876251
0.89005
0.904066
0.918303
0.932765
0.947453
0.962374
0.977529
0.992923
1.00856
1.02444
1.04057
1.05696
1.07361
1.09051
1.10769
1.12513
1.14285
1.16084
1.17912
1.19769
1.21655
1.23571
1.25517
1.27494
1.29502
1.31541
1.33612
1.35716
1.37854
1.40025
1.4223
1.44469
1.46744
1.49055
1.51403
1.53787
1.56209
1.58669
1.61167
1.63705
1.66283
1.68902
1.71562
1.74263
1.77008
1.79795
1.82626
1.85502
1.88424
1.91391
0.737442
0.749055
0.760851
0.772832
0.785003
0.797365
0.809921
0.822676
0.835631
0.84879
0.862157
0.875734
0.889524
0.903532
0.917761
0.932214
0.946894
0.961805
0.976951
0.992336
1.00796
1.02384
1.03996
1.05634
1.07297
1.08987
1.10703
1.12446
1.14217
1.16016
1.17843
1.19699
1.21584
1.23498
1.25443
1.27418
1.29425
1.31463
1.33533
1.35636
1.37772
1.39942
1.42146
1.44384
1.46658
1.48967
1.51313
1.53696
1.56116
1.58575
1.61072
1.63609
1.66185
1.68802
1.7146
1.7416
1.76903
1.79689
1.82519
1.85393
1.88312
1.91278
1.9429
0.748265
0.760049
0.772018
0.784175
0.796524
0.809068
0.821809
0.83475
0.847896
0.861248
0.874811
0.888587
0.90258
0.916794
0.931231
0.945896
0.960792
0.975922
0.991291
1.0069
1.02276
1.03886
1.05522
1.07184
1.08872
1.10586
1.12328
1.14097
1.15894
1.17719
1.19572
1.21455
1.23368
1.25311
1.27284
1.29289
1.31325
1.33393
1.35493
1.37627
1.39794
1.41996
1.44232
1.46503
1.4881
1.51154
1.53534
1.55952
1.58408
1.60902
1.63436
1.6601
1.68624
1.7128
1.73977
1.76717
1.795
1.82326
1.85197
1.88114
1.91076
1.94085
1.97142
0.758907
0.770858
0.782997
0.795327
0.807852
0.820574
0.833496
0.846622
0.859954
0.873496
0.887252
0.901224
0.915416
0.929832
0.944475
0.959348
0.974455
0.989801
1.00539
1.02122
1.0373
1.05364
1.07023
1.08708
1.1042
1.12159
1.13925
1.15719
1.17542
1.19393
1.21273
1.23183
1.25123
1.27093
1.29094
1.31127
1.33192
1.3529
1.3742
1.39584
1.41782
1.44015
1.46283
1.48587
1.50927
1.53303
1.55718
1.5817
1.60661
1.63191
1.6576
1.68371
1.71022
1.73715
1.76451
1.7923
1.82052
1.84919
1.87831
1.90789
1.93794
1.96845
1.99945
0.769363
0.781478
0.793785
0.806285
0.818982
0.831879
0.844979
0.858286
0.871802
0.885531
0.899476
0.913641
0.928028
0.942643
0.957487
0.972565
0.987881
1.00344
1.01924
1.03529
1.05159
1.06815
1.08498
1.10206
1.11942
1.13704
1.15495
1.17314
1.19161
1.21038
1.22944
1.2488
1.26846
1.28844
1.30873
1.32934
1.35027
1.37154
1.39314
1.41507
1.43736
1.45999
1.48299
1.50634
1.53006
1.55415
1.57863
1.60349
1.62874
1.65439
1.68044
1.70691
1.73379
1.76109
1.78882
1.81699
1.8456
1.87467
1.90419
1.93418
1.96464
1.99557
2.027
0.779631
0.791908
0.804379
0.817046
0.829912
0.842982
0.856257
0.869741
0.883437
0.897349
0.91148
0.925834
0.940414
0.955223
0.970266
0.985545
1.00107
1.01683
1.03284
1.04911
1.06563
1.08241
1.09946
1.11677
1.13436
1.15222
1.17036
1.18879
1.20752
1.22653
1.24585
1.26547
1.28539
1.30564
1.3262
1.34708
1.36829
1.38984
1.41173
1.43396
1.45654
1.47948
1.50278
1.52644
1.55048
1.5749
1.5997
1.62489
1.65048
1.67647
1.70287
1.72969
1.75692
1.78459
1.8127
1.84124
1.87024
1.89969
1.9296
1.95999
1.99086
2.02221
2.05405
0.789708
0.802144
0.814776
0.827607
0.84064
0.853878
0.867325
0.880983
0.894857
0.908949
0.923263
0.937802
0.95257
0.967571
0.982808
0.998285
1.01401
1.02997
1.04619
1.06267
1.0794
1.0964
1.11367
1.1312
1.14902
1.16711
1.18549
1.20416
1.22312
1.24239
1.26195
1.28182
1.30201
1.32251
1.34334
1.36449
1.38598
1.40781
1.42998
1.4525
1.47537
1.4986
1.5222
1.54617
1.57052
1.59525
1.62038
1.64589
1.67181
1.69814
1.72488
1.75204
1.77964
1.80766
1.83613
1.86504
1.89441
1.92424
1.95455
1.98533
2.01659
2.04835
2.0806
0.799593
0.812185
0.824975
0.837966
0.851163
0.864566
0.878181
0.892011
0.906058
0.920326
0.934819
0.94954
0.964493
0.979682
0.99511
1.01078
1.0267
1.04287
1.05929
1.07597
1.09291
1.11013
1.12761
1.14536
1.1634
1.18172
1.20033
1.21923
1.23843
1.25794
1.27775
1.29787
1.31831
1.33907
1.36015
1.38157
1.40333
1.42543
1.44788
1.47068
1.49384
1.51736
1.54126
1.56553
1.59018
1.61522
1.64066
1.6665
1.69274
1.7194
1.74647
1.77398
1.80191
1.83029
1.85911
1.88839
1.91812
1.94833
1.97901
2.01018
2.04183
2.07399
2.10665
0.809283
0.822027
0.834972
0.848121
0.861477
0.875043
0.888823
0.90282
0.917038
0.931479
0.946148
0.961047
0.976182
0.991554
1.00717
1.02303
1.03914
1.0555
1.07213
1.08901
1.10616
1.12358
1.14127
1.15924
1.1775
1.19604
1.21488
1.23401
1.25344
1.27318
1.29323
1.3136
1.33428
1.35529
1.37664
1.39832
1.42034
1.4427
1.46542
1.4885
1.51194
1.53575
1.55993
1.5845
1.60945
1.6348
1.66054
1.68669
1.71325
1.74023
1.76764
1.79547
1.82375
1.85247
1.88164
1.91127
1.94137
1.97194
2.00299
2.03454
2.06658
2.09912
2.13218
0.818775
0.831669
0.844766
0.858069
0.871581
0.885307
0.899248
0.91341
0.927794
0.942404
0.957245
0.972319
0.987631
1.00318
1.01898
1.03503
1.05133
1.06788
1.0847
1.10178
1.11913
1.13676
1.15466
1.17284
1.19131
1.21007
1.22913
1.24848
1.26814
1.28811
1.3084
1.329
1.34993
1.37119
1.39278
1.41472
1.43699
1.45962
1.48261
1.50596
1.52967
1.55376
1.57823
1.60308
1.62833
1.65397
1.68002
1.70647
1.73335
1.76064
1.78837
1.81653
1.84514
1.87419
1.90371
1.93369
1.96414
1.99507
2.02649
2.0584
2.09082
2.12374
2.15718
0.828067
0.841107
0.854353
0.867807
0.881473
0.895354
0.909454
0.923776
0.938323
0.9531
0.968109
0.983354
0.99884
1.01457
1.03055
1.04678
1.06326
1.08
1.09701
1.11429
1.13183
1.14966
1.16776
1.18615
1.20483
1.2238
1.24308
1.26265
1.28254
1.30273
1.32325
1.34409
1.36525
1.38675
1.40859
1.43077
1.4533
1.47619
1.49944
1.52305
1.54703
1.5714
1.59614
1.62128
1.64681
1.67274
1.69908
1.72584
1.75302
1.78062
1.80867
1.83715
1.86608
1.89546
1.92531
1.95563
1.98643
2.01771
2.04949
2.08176
2.11454
2.14784
2.18167
0.837157
0.850341
0.863732
0.877333
0.891149
0.905183
0.919437
0.933917
0.948624
0.963562
0.978736
0.994149
1.0098
1.02571
1.04186
1.05827
1.07493
1.09186
1.10905
1.12652
1.14426
1.16228
1.18058
1.19917
1.21806
1.23724
1.25672
1.27651
1.29661
1.31703
1.33777
1.35884
1.38024
1.40197
1.42405
1.44648
1.46926
1.49239
1.5159
1.53977
1.56402
1.58865
1.61366
1.63907
1.66489
1.6911
1.71774
1.74479
1.77226
1.80017
1.82852
1.85731
1.88656
1.91627
1.94645
1.9771
2.00824
2.03986
2.07198
2.10461
2.13776
2.17142
2.20562
0.846043
0.859366
0.872899
0.886646
0.900608
0.914791
0.929197
0.943829
0.958692
0.97379
0.989125
1.0047
1.02052
1.03659
1.05292
1.0695
1.08634
1.10345
1.12082
1.13848
1.1564
1.17461
1.19311
1.2119
1.23099
1.25037
1.27006
1.29006
1.31038
1.33101
1.35197
1.37326
1.39489
1.41686
1.43917
1.46183
1.48485
1.50823
1.53199
1.55611
1.58062
1.60551
1.63079
1.65647
1.68256
1.70905
1.73597
1.76331
1.79107
1.81928
1.84793
1.87703
1.90659
1.93661
1.96711
1.99809
2.02955
2.06151
2.09398
2.12695
2.16045
2.19447
2.22903
