FiniteElementSpace
FiniteElementCollection: NURBS_HDiv1
VDim: 1
Ordering: 0

-5.02793e-08
1.30222e-07
-0.0357408
-0.0131483
9.51074e-09
-5.32652e-09
4.77441e-10
-1.88078e-09
-1.00477e-09
-1.28089e-09
-1.25174e-09
-1.41355e-09
-1.11966e-09
-1.59365e-09
-1.17025e-09
-1.46792e-09
-1.24061e-09
-1.71503e-09
-1.00668e-09
-1.87537e-09
-1.39625e-09
-1.30275e-09
-1.78908e-09
-1.3732e-09
-1.59313e-09
-1.4785e-09
-1.83545e-09
-1.61115e-09
-1.47215e-09
-2.04035e-09
-1.45519e-09
-1.89927e-09
-1.66737e-09
-2.02774e-09
-1.81964e-09
-1.61489e-09
-2.22358e-09
-1.67864e-09
-2.33452e-09
-1.47527e-09
-2.4643e-09
-1.73755e-09
-2.45375e-09
-1.85736e-09
-2.35096e-09
-1.9717e-09
-2.2669e-09
-2.42315e-09
-2.12502e-09
-2.563e-09
-2.02885e-09
-2.90602e-09
-1.80078e-09
-3.14613e-09
-1.91206e-09
-3.15273e-09
-2.07946e-09
-3.13736e-09
-2.22325e-09
-3.15735e-09
-2.36668e-09
-3.24726e-09
-2.32519e-09
-3.82171e-09
-1.08721e-09
-7.39216e-09
8.03163e-09
-3.18438e-08
-0.0354614
-0.0349117
-0.0343704
-0.0338375
-0.0333129
-0.0327965
-0.032288
-0.0317874
-0.0312946
-0.0308094
-0.0303318
-0.0298615
-0.0293986
-0.0289428
-0.0284941
-0.0280523
-0.0276174
-0.0271892
-0.0267677
-0.0263527
-0.0259441
-0.0255419
-0.0251459
-0.0247561
-0.0243723
-0.0239944
-0.0236224
-0.0232562
-0.0228956
-0.0225407
-0.0221912
-0.0218472
-0.0215084
-0.021175
-0.0208467
-0.0205235
-0.0202053
-0.0198921
-0.0195837
-0.01928
-0.0189811
-0.0186869
-0.0183971
-0.0181119
-0.0178311
-0.0175547
-0.0172825
-0.0170146
-0.0167508
-0.0164911
-0.0162354
-0.0159837
-0.0157359
-0.015492
-0.0152518
-0.0150153
-0.0147825
-0.0145533
-0.0143277
-0.0141056
-0.0138869
-0.0136716
-0.0134596
-0.013251
-0.00024412
-0.000488217
-0.000732167
-0.000975947
-0.00121949
-0.00146273
-0.00170561
-0.00194808
-0.00219008
-0.00243153
-0.0026724
-0.00291261
-0.00315211
-0.00339084
-0.00362875
-0.00386577
-0.00410184
-0.00433691
-0.00457093
-0.00480382
-0.00503555
-0.00526605
-0.00549526
-0.00572312
-0.0059496
-0.00617461
-0.00639813
-0.00662008
-0.00684041
-0.00705907
-0.00727601
-0.00749118
-0.00770451
-0.00791597
-0.00812549
-0.00833302
-0.00853853
-0.00874195
-0.00894323
-0.00914233
-0.0093392
-0.00953379
-0.00972605
-0.00991594
-0.0101034
-0.0102884
-0.0104709
-0.0106508
-0.0108282
-0.0110028
-0.0111748
-0.0113441
-0.0115106
-0.0116743
-0.0118352
-0.0119931
-0.0121481
-0.0123002
-0.0124493
-0.0125953
-0.0127382
-0.012878
-0.0130147
-0.000663669
-0.00132708
-0.00199025
-0.0026529
-0.00331491
-0.00397611
-0.00463634
-0.00529544
-0.00595324
-0.00660959
-0.00726433
-0.0079173
-0.00856833
-0.00921727
-0.00986396
-0.0105082
-0.01115
-0.011789
-0.0124251
-0.0130581
-0.013688
-0.0143146
-0.0149377
-0.0155571
-0.0161727
-0.0167843
-0.0173919
-0.0179952
-0.0185942
-0.0191885
-0.0197783
-0.0203631
-0.020943
-0.0215178
-0.0220874
-0.0226515
-0.0232101
-0.0237631
-0.0243102
-0.0248514
-0.0253866
-0.0259155
-0.0264381
-0.0269543
-0.0274639
-0.0279668
-0.0284628
-0.0289519
-0.029434
-0.0299088
-0.0303764
-0.0308365
-0.0312891
-0.0317341
-0.0321713
-0.0326007
-0.0330221
-0.0334354
-0.0338406
-0.0342375
-0.0346261
-0.0350062
-0.0353777
-0.000246047
-0.000249916
-0.000253853
-0.00025785
-0.000261911
-0.000266036
-0.000270225
-0.00027448
-0.000278803
-0.000283193
-0.000287653
-0.000292183
-0.000296784
-0.000301458
-0.000306205
-0.000311027
-0.000315925
-0.0003209
-0.000325953
-0.000331087
-0.0003363
-0.000341596
-0.000346976
-0.00035244
-0.00035799
-0.000363627
-0.000369354
-0.00037517
-0.000381078
-0.000387079
-0.000393175
-0.000399367
-0.000405656
-0.000412044
-0.000418533
-0.000425124
-0.000431818
-0.000438618
-0.000445526
-0.000452542
-0.000459668
-0.000466907
-0.00047426
-0.000481728
-0.000489314
-0.00049702
-0.000504847
-0.000512797
-0.000520872
-0.000529075
-0.000537407
-0.000545869
-0.000554466
-0.000563197
-0.000572066
-0.000581075
-0.000590226
-0.00059952
-0.000608961
-0.000618551
-0.000628292
-0.000638185
-0.00064824
-0.000658433
-0.000492024
-0.000499775
-0.000507644
-0.000515639
-0.000523759
-0.000532007
-0.000540385
-0.000548894
-0.000557538
-0.000566318
-0.000575237
-0.000584295
-0.000593497
-0.000602843
-0.000612336
-0.000621979
-0.000631774
-0.000641723
-0.000651828
-0.000662093
-0.00067252
-0.00068311
-0.000693868
-0.000704794
-0.000715893
-0.000727167
-0.000738618
-0.00075025
-0.000762065
-0.000774065
-0.000786255
-0.000798637
-0.000811214
-0.000823988
-0.000836964
-0.000850145
-0.000863532
-0.000877131
-0.000890944
-0.000904974
-0.000919225
-0.000933701
-0.000948405
-0.00096334
-0.00097851
-0.000993919
-0.00100957
-0.00102547
-0.00104162
-0.00105802
-0.00107468
-0.00109161
-0.0011088
-0.00112626
-0.00114399
-0.00116201
-0.00118031
-0.0011989
-0.00121778
-0.00123695
-0.00125643
-0.00127622
-0.00129631
-0.00131673
-0.000737889
-0.000749508
-0.000761312
-0.0007733
-0.000785478
-0.000797848
-0.000810412
-0.000823174
-0.000836137
-0.000849304
-0.000862679
-0.000876264
-0.000890063
-0.00090408
-0.000918317
-0.000932779
-0.000947468
-0.000962388
-0.000977544
-0.000992937
-0.00100857
-0.00102446
-0.00104059
-0.00105698
-0.00107362
-0.00109053
-0.0011077
-0.00112515
-0.00114286
-0.00116086
-0.00117914
-0.00119771
-0.00121657
-0.00123573
-0.00125519
-0.00127496
-0.00129503
-0.00131543
-0.00133614
-0.00135718
-0.00137856
-0.00140027
-0.00142232
-0.00144472
-0.00146747
-0.00149058
-0.00151405
-0.00153789
-0.00156211
-0.00158671
-0.0016117
-0.00163708
-0.00166286
-0.00168904
-0.00171564
-0.00174266
-0.0017701
-0.00179798
-0.00182629
-0.00185505
-0.00188426
-0.00191394
-0.00194408
-0.00197469
-0.000983571
-0.00099906
-0.00101479
-0.00103077
-0.00104701
-0.00106349
-0.00108024
-0.00109725
-0.00111453
-0.00113208
-0.00114991
-0.00116802
-0.00118641
-0.0012051
-0.00122407
-0.00124335
-0.00126293
-0.00128282
-0.00130302
-0.00132354
-0.00134438
-0.00136555
-0.00138706
-0.0014089
-0.00143109
-0.00145362
-0.00147652
-0.00149977
-0.00152338
-0.00154737
-0.00157174
-0.00159649
-0.00162163
-0.00164717
-0.00167311
-0.00169946
-0.00172622
-0.00175341
-0.00178102
-0.00180906
-0.00183755
-0.00186649
-0.00189588
-0.00192574
-0.00195606
-0.00198687
-0.00201816
-0.00204994
-0.00208222
-0.00211501
-0.00214832
-0.00218215
-0.00221651
-0.00225142
-0.00228687
-0.00232288
-0.00235946
-0.00239662
-0.00243436
-0.0024727
-0.00251164
-0.00255119
-0.00259136
-0.00263217
-0.00122901
-0.00124837
-0.00126803
-0.001288
-0.00130828
-0.00132888
-0.00134981
-0.00137106
-0.00139265
-0.00141459
-0.00143686
-0.00145949
-0.00148247
-0.00150582
-0.00152953
-0.00155362
-0.00157808
-0.00160294
-0.00162818
-0.00165382
-0.00167986
-0.00170632
-0.00173319
-0.00176048
-0.0017882
-0.00181636
-0.00184497
-0.00187402
-0.00190353
-0.00193351
-0.00196396
-0.00199489
-0.0020263
-0.00205821
-0.00209062
-0.00212355
-0.00215699
-0.00219095
-0.00222546
-0.0022605
-0.0022961
-0.00233226
-0.00236899
-0.00240629
-0.00244419
-0.00248268
-0.00252177
-0.00256148
-0.00260182
-0.00264279
-0.00268441
-0.00272669
-0.00276962
-0.00281324
-0.00285754
-0.00290254
-0.00294825
-0.00299468
-0.00304184
-0.00308974
-0.0031384
-0.00318782
-0.00323802
-0.00328901
-0.00147416
-0.00149737
-0.00152095
-0.0015449
-0.00156923
-0.00159394
-0.00161904
-0.00164454
-0.00167044
-0.00169674
-0.00172346
-0.0017506
-0.00177817
-0.00180617
-0.00183462
-0.00186351
-0.00189285
-0.00192266
-0.00195294
-0.00198369
-0.00201493
-0.00204666
-0.00207889
-0.00211163
-0.00214488
-0.00217866
-0.00221297
-0.00224782
-0.00228322
-0.00231917
-0.00235569
-0.00239279
-0.00243047
-0.00246875
-0.00250762
-0.00254711
-0.00258722
-0.00262797
-0.00266935
-0.00271139
-0.00275409
-0.00279746
-0.00284151
-0.00288626
-0.00293171
-0.00297788
-0.00302477
-0.00307241
-0.00312079
-0.00316993
-0.00321985
-0.00327056
-0.00332206
-0.00337438
-0.00342752
-0.00348149
-0.00353632
-0.00359201
-0.00364857
-0.00370603
-0.00376439
-0.00382367
-0.00388388
-0.00394505
-0.00171894
-0.00174601
-0.0017735
-0.00180143
-0.0018298
-0.00185862
-0.00188788
-0.00191761
-0.00194781
-0.00197849
-0.00200964
-0.00204129
-0.00207344
-0.00210609
-0.00213925
-0.00217294
-0.00220716
-0.00224192
-0.00227722
-0.00231308
-0.00234951
-0.00238651
-0.00242409
-0.00246227
-0.00250104
-0.00254043
-0.00258043
-0.00262107
-0.00266234
-0.00270427
-0.00274686
-0.00279011
-0.00283405
-0.00287868
-0.00292401
-0.00297006
-0.00301683
-0.00306434
-0.0031126
-0.00316161
-0.0032114
-0.00326197
-0.00331334
-0.00336552
-0.00341852
-0.00347235
-0.00352703
-0.00358258
-0.00363899
-0.0036963
-0.00375451
-0.00381363
-0.00387369
-0.00393469
-0.00399665
-0.00405959
-0.00412352
-0.00418845
-0.00425441
-0.00432141
-0.00438946
-0.00445859
-0.0045288
-0.00460012
-0.0019633
-0.00199422
-0.00202562
-0.00205752
-0.00208992
-0.00212283
-0.00215626
-0.00219022
-0.00222471
-0.00225975
-0.00229533
-0.00233148
-0.00236819
-0.00240549
-0.00244337
-0.00248185
-0.00252093
-0.00256063
-0.00260095
-0.00264191
-0.00268352
-0.00272577
-0.0027687
-0.0028123
-0.00285659
-0.00290157
-0.00294726
-0.00299368
-0.00304082
-0.00308871
-0.00313735
-0.00318675
-0.00323694
-0.00328791
-0.00333969
-0.00339228
-0.0034457
-0.00349996
-0.00355508
-0.00361106
-0.00366793
-0.00372569
-0.00378436
-0.00384396
-0.00390449
-0.00396598
-0.00402843
-0.00409187
-0.00415631
-0.00422176
-0.00428824
-0.00435577
-0.00442437
-0.00449404
-0.00456481
-0.0046367
-0.00470972
-0.00478388
-0.00485922
-0.00493574
-0.00501347
-0.00509242
-0.00517261
-0.00525407
-0.00220718
-0.00224194
-0.00227725
-0.00231311
-0.00234954
-0.00238654
-0.00242412
-0.00246229
-0.00250107
-0.00254045
-0.00258046
-0.0026211
-0.00266237
-0.0027043
-0.00274689
-0.00279014
-0.00283408
-0.00287871
-0.00292405
-0.00297009
-0.00301686
-0.00306437
-0.00311263
-0.00316165
-0.00321144
-0.00326201
-0.00331338
-0.00336556
-0.00341855
-0.00347239
-0.00352707
-0.00358261
-0.00363903
-0.00369634
-0.00375455
-0.00381367
-0.00387373
-0.00393473
-0.0039967
-0.00405963
-0.00412356
-0.0041885
-0.00425446
-0.00432146
-0.00438951
-0.00445864
-0.00452885
-0.00460017
-0.00467261
-0.00474619
-0.00482094
-0.00489685
-0.00497397
-0.0050523
-0.00513186
-0.00521267
-0.00529476
-0.00537814
-0.00546284
-0.00554886
-0.00563624
-0.005725
-0.00581516
-0.00590673
-0.00245053
-0.00248912
-0.00252832
-0.00256813
-0.00260858
-0.00264965
-0.00269138
-0.00273376
-0.00277681
-0.00282054
-0.00286496
-0.00291008
-0.0029559
-0.00300245
-0.00304973
-0.00309776
-0.00314654
-0.00319609
-0.00324642
-0.00329755
-0.00334948
-0.00340222
-0.0034558
-0.00351022
-0.0035655
-0.00362165
-0.00367868
-0.00373661
-0.00379545
-0.00385522
-0.00391594
-0.0039776
-0.00404024
-0.00410386
-0.00416849
-0.00423414
-0.00430081
-0.00436854
-0.00443734
-0.00450721
-0.00457819
-0.00465029
-0.00472352
-0.0047979
-0.00487346
-0.00495021
-0.00502816
-0.00510734
-0.00518777
-0.00526947
-0.00535245
-0.00543674
-0.00552235
-0.00560932
-0.00569765
-0.00578738
-0.00587852
-0.00597109
-0.00606512
-0.00616063
-0.00625765
-0.00635619
-0.00645629
-0.00655796
-0.00269328
-0.00273569
-0.00277877
-0.00282253
-0.00286698
-0.00291213
-0.00295799
-0.00300457
-0.00305188
-0.00309994
-0.00314876
-0.00319834
-0.00324871
-0.00329987
-0.00335184
-0.00340462
-0.00345823
-0.00351269
-0.00356801
-0.0036242
-0.00368127
-0.00373924
-0.00379813
-0.00385794
-0.00391869
-0.0039804
-0.00404309
-0.00410676
-0.00417143
-0.00423712
-0.00430384
-0.00437162
-0.00444046
-0.00451039
-0.00458142
-0.00465356
-0.00472685
-0.00480128
-0.00487689
-0.00495369
-0.0050317
-0.00511094
-0.00519143
-0.00527318
-0.00535622
-0.00544057
-0.00552624
-0.00561327
-0.00570167
-0.00579145
-0.00588266
-0.00597529
-0.00606939
-0.00616497
-0.00626205
-0.00636067
-0.00646083
-0.00656258
-0.00666592
-0.0067709
-0.00687752
-0.00698583
-0.00709584
-0.00720758
-0.00293537
-0.00298159
-0.00302854
-0.00307624
-0.00312468
-0.00317389
-0.00322387
-0.00327464
-0.0033262
-0.00337858
-0.00343179
-0.00348583
-0.00354073
-0.00359648
-0.00365312
-0.00371065
-0.00376908
-0.00382844
-0.00388873
-0.00394997
-0.00401217
-0.00407535
-0.00413953
-0.00420472
-0.00427093
-0.00433819
-0.0044065
-0.0044759
-0.00454638
-0.00461798
-0.0046907
-0.00476457
-0.0048396
-0.00491581
-0.00499322
-0.00507186
-0.00515173
-0.00523285
-0.00531526
-0.00539896
-0.00548398
-0.00557034
-0.00565806
-0.00574717
-0.00583767
-0.0059296
-0.00602298
-0.00611783
-0.00621417
-0.00631203
-0.00641143
-0.00651239
-0.00661495
-0.00671912
-0.00682493
-0.00693241
-0.00704157
-0.00715246
-0.0072651
-0.00737951
-0.00749572
-0.00761376
-0.00773366
-0.00785544
-0.00317674
-0.00322676
-0.00327758
-0.00332919
-0.00338162
-0.00343487
-0.00348896
-0.00354391
-0.00359971
-0.0036564
-0.00371398
-0.00377247
-0.00383188
-0.00389222
-0.00395351
-0.00401577
-0.00407901
-0.00414325
-0.00420849
-0.00427477
-0.00434209
-0.00441046
-0.00447992
-0.00455047
-0.00462213
-0.00469491
-0.00476885
-0.00484395
-0.00492023
-0.00499771
-0.00507641
-0.00515635
-0.00523755
-0.00532003
-0.00540381
-0.00548891
-0.00557535
-0.00566315
-0.00575233
-0.00584291
-0.00593493
-0.00602839
-0.00612332
-0.00621975
-0.0063177
-0.00641719
-0.00651824
-0.00662089
-0.00672515
-0.00683106
-0.00693863
-0.0070479
-0.00715889
-0.00727162
-0.00738614
-0.00750245
-0.0076206
-0.0077406
-0.0078625
-0.00798632
-0.00811208
-0.00823983
-0.00836959
-0.00850139
-0.00341733
-0.00347115
-0.00352581
-0.00358134
-0.00363773
-0.00369502
-0.00375321
-0.00381231
-0.00387235
-0.00393333
-0.00399527
-0.00405818
-0.00412209
-0.00418701
-0.00425294
-0.00431992
-0.00438794
-0.00445704
-0.00452723
-0.00459853
-0.00467094
-0.0047445
-0.00481921
-0.00489511
-0.00497219
-0.00505049
-0.00513003
-0.00521081
-0.00529287
-0.00537622
-0.00546088
-0.00554688
-0.00563423
-0.00572296
-0.00581308
-0.00590462
-0.00599761
-0.00609206
-0.00618799
-0.00628544
-0.00638442
-0.00648496
-0.00658708
-0.00669082
-0.00679618
-0.0069032
-0.00701191
-0.00712234
-0.0072345
-0.00734842
-0.00746414
-0.00758169
-0.00770108
-0.00782236
-0.00794554
-0.00807066
-0.00819776
-0.00832685
-0.00845798
-0.00859118
-0.00872647
-0.00886389
-0.00900348
-0.00914526
-0.0036571
-0.00371469
-0.00377319
-0.0038326
-0.00389296
-0.00395426
-0.00401653
-0.00407979
-0.00414403
-0.00420929
-0.00427558
-0.00434291
-0.0044113
-0.00448077
-0.00455133
-0.004623
-0.00469581
-0.00476975
-0.00484487
-0.00492116
-0.00499866
-0.00507738
-0.00515733
-0.00523855
-0.00532104
-0.00540484
-0.00548995
-0.00557641
-0.00566422
-0.00575342
-0.00584402
-0.00593605
-0.00602953
-0.00612448
-0.00622093
-0.0063189
-0.0064184
-0.00651948
-0.00662215
-0.00672643
-0.00683236
-0.00693995
-0.00704924
-0.00716025
-0.00727301
-0.00738754
-0.00750388
-0.00762204
-0.00774207
-0.00786399
-0.00798783
-0.00811362
-0.00824139
-0.00837118
-0.008503
-0.00863691
-0.00877292
-0.00891107
-0.0090514
-0.00919394
-0.00933872
-0.00948579
-0.00963517
-0.0097869
-0.00389597
-0.00395732
-0.00401964
-0.00408294
-0.00414723
-0.00421254
-0.00427888
-0.00434626
-0.00441471
-0.00448423
-0.00455485
-0.00462657
-0.00469943
-0.00477344
-0.00484861
-0.00492496
-0.00500252
-0.0050813
-0.00516132
-0.0052426
-0.00532515
-0.00540901
-0.00549419
-0.00558071
-0.0056686
-0.00575786
-0.00584854
-0.00594064
-0.00603419
-0.00612921
-0.00622574
-0.00632378
-0.00642336
-0.00652452
-0.00662726
-0.00673163
-0.00683763
-0.00694531
-0.00705468
-0.00716578
-0.00727862
-0.00739324
-0.00750967
-0.00762793
-0.00774805
-0.00787007
-0.007994
-0.00811989
-0.00824776
-0.00837764
-0.00850957
-0.00864358
-0.0087797
-0.00891796
-0.00905839
-0.00920104
-0.00934594
-0.00949311
-0.00964261
-0.00979446
-0.0099487
-0.0101054
-0.0102645
-0.0104261
-0.00413388
-0.00419898
-0.00426511
-0.00433227
-0.0044005
-0.0044698
-0.00454018
-0.00461168
-0.00468431
-0.00475807
-0.004833
-0.00490911
-0.00498642
-0.00506494
-0.0051447
-0.00522572
-0.00530801
-0.0053916
-0.00547651
-0.00556275
-0.00565035
-0.00573933
-0.00582971
-0.00592152
-0.00601477
-0.00610949
-0.0062057
-0.00630342
-0.00640269
-0.00650351
-0.00660593
-0.00670996
-0.00681562
-0.00692295
-0.00703197
-0.00714271
-0.00725519
-0.00736945
-0.0074855
-0.00760338
-0.00772311
-0.00784473
-0.00796827
-0.00809375
-0.00822121
-0.00835068
-0.00848218
-0.00861576
-0.00875143
-0.00888925
-0.00902923
-0.00917142
-0.00931585
-0.00946256
-0.00961157
-0.00976293
-0.00991667
-0.0100728
-0.0102315
-0.0103926
-0.0105562
-0.0107225
-0.0108913
-0.0110628
-0.00437079
-0.00443962
-0.00450954
-0.00458055
-0.00465269
-0.00472596
-0.00480038
-0.00487597
-0.00495276
-0.00503075
-0.00510998
-0.00519045
-0.00527218
-0.00535521
-0.00543954
-0.0055252
-0.00561221
-0.00570059
-0.00579036
-0.00588155
-0.00597417
-0.00606825
-0.00616381
-0.00626087
-0.00635947
-0.00645961
-0.00656134
-0.00666466
-0.00676962
-0.00687622
-0.00698451
-0.0070945
-0.00720622
-0.0073197
-0.00743497
-0.00755205
-0.00767098
-0.00779178
-0.00791449
-0.00803912
-0.00816572
-0.00829431
-0.00842493
-0.0085576
-0.00869236
-0.00882925
-0.00896829
-0.00910952
-0.00925297
-0.00939868
-0.00954669
-0.00969703
-0.00984974
-0.0100048
-0.0101624
-0.0103224
-0.010485
-0.0106501
-0.0108178
-0.0109882
-0.0111612
-0.011337
-0.0115155
-0.0116969
-0.00460664
-0.00467918
-0.00475287
-0.00482771
-0.00490374
-0.00498096
-0.0050594
-0.00513907
-0.00522
-0.00530221
-0.0053857
-0.00547052
-0.00555666
-0.00564417
-0.00573305
-0.00582333
-0.00591504
-0.00600819
-0.0061028
-0.00619891
-0.00629652
-0.00639568
-0.0064964
-0.0065987
-0.00670262
-0.00680817
-0.00691538
-0.00702428
-0.0071349
-0.00724726
-0.00736138
-0.00747731
-0.00759506
-0.00771466
-0.00783615
-0.00795955
-0.0080849
-0.00821222
-0.00834154
-0.0084729
-0.00860633
-0.00874186
-0.00887952
-0.00901936
-0.00916139
-0.00930566
-0.0094522
-0.00960105
-0.00975225
-0.00990582
-0.0100618
-0.0102203
-0.0103812
-0.0105447
-0.0107107
-0.0108794
-0.0110507
-0.0112248
-0.0114015
-0.0115811
-0.0117635
-0.0119487
-0.0121369
-0.012328
-0.00484135
-0.00491759
-0.00499504
-0.00507369
-0.00515359
-0.00523475
-0.00531719
-0.00540092
-0.00548597
-0.00557236
-0.00566012
-0.00574925
-0.00583979
-0.00593175
-0.00602516
-0.00612004
-0.00621642
-0.00631432
-0.00641375
-0.00651475
-0.00661735
-0.00672155
-0.0068274
-0.00693492
-0.00704413
-0.00715506
-0.00726773
-0.00738218
-0.00749844
-0.00761652
-0.00773646
-0.00785829
-0.00798204
-0.00810774
-0.00823542
-0.00836511
-0.00849684
-0.00863065
-0.00876656
-0.00890461
-0.00904484
-0.00918727
-0.00933195
-0.00947891
-0.00962818
-0.0097798
-0.00993381
-0.0100902
-0.0102491
-0.0104105
-0.0105745
-0.010741
-0.0109102
-0.011082
-0.0112565
-0.0114337
-0.0116138
-0.0117967
-0.0119825
-0.0121712
-0.0123628
-0.0125575
-0.0127553
-0.0129561
-0.00507489
-0.00515481
-0.00523598
-0.00531844
-0.00540219
-0.00548726
-0.00557368
-0.00566145
-0.0057506
-0.00584116
-0.00593315
-0.00602658
-0.00612148
-0.00621788
-0.0063158
-0.00641526
-0.00651629
-0.0066189
-0.00672314
-0.00682901
-0.00693655
-0.00704579
-0.00715674
-0.00726944
-0.00738392
-0.0075002
-0.00761831
-0.00773828
-0.00786014
-0.00798392
-0.00810965
-0.00823736
-0.00836708
-0.00849884
-0.00863268
-0.00876862
-0.00890671
-0.00904697
-0.00918944
-0.00933415
-0.00948114
-0.00963045
-0.00978211
-0.00993615
-0.0100926
-0.0102516
-0.010413
-0.010577
-0.0107435
-0.0109127
-0.0110846
-0.0112591
-0.0114364
-0.0116165
-0.0117995
-0.0119853
-0.012174
-0.0123657
-0.0125605
-0.0127583
-0.0129592
-0.0131633
-0.0133706
-0.0135811
-0.00530719
-0.00539076
-0.00547565
-0.00556188
-0.00564947
-0.00573844
-0.0058288
-0.00592059
-0.00601383
-0.00610853
-0.00620473
-0.00630244
-0.00640169
-0.0065025
-0.0066049
-0.00670891
-0.00681456
-0.00692188
-0.00703088
-0.0071416
-0.00725406
-0.0073683
-0.00748433
-0.00760219
-0.00772191
-0.00784351
-0.00796703
-0.00809249
-0.00821993
-0.00834938
-0.00848086
-0.00861441
-0.00875007
-0.00888786
-0.00902783
-0.00916999
-0.0093144
-0.00946108
-0.00961007
-0.00976141
-0.00991513
-0.0100713
-0.0102299
-0.010391
-0.0105546
-0.0107208
-0.0108896
-0.0110611
-0.0112353
-0.0114122
-0.011592
-0.0117745
-0.0119599
-0.0121483
-0.0123396
-0.0125339
-0.0127313
-0.0129318
-0.0131354
-0.0133423
-0.0135524
-0.0137658
-0.0139826
-0.0142028
-0.00553819
-0.0056254
-0.00571399
-0.00580397
-0.00589537
-0.00598821
-0.00608251
-0.00617829
-0.00627559
-0.00637441
-0.0064748
-0.00657676
-0.00668033
-0.00678553
-0.00689239
-0.00700092
-0.00711117
-0.00722316
-0.00733691
-0.00745245
-0.0075698
-0.00768901
-0.0078101
-0.00793309
-0.00805801
-0.00818491
-0.0083138
-0.00844473
-0.00857771
-0.00871279
-0.00885
-0.00898936
-0.00913093
-0.00927472
-0.00942077
-0.00956913
-0.00971982
-0.00987289
-0.0100284
-0.0101863
-0.0103467
-0.0105096
-0.0106751
-0.0108432
-0.011014
-0.0111874
-0.0113636
-0.0115426
-0.0117243
-0.011909
-0.0120965
-0.012287
-0.0124805
-0.012677
-0.0128767
-0.0130794
-0.0132854
-0.0134946
-0.0137071
-0.013923
-0.0141423
-0.014365
-0.0145912
-0.014821
-0.00576784
-0.00585867
-0.00595093
-0.00604464
-0.00613983
-0.00623652
-0.00633473
-0.00643449
-0.00653581
-0.00663874
-0.00674328
-0.00684947
-0.00695734
-0.0070669
-0.00717819
-0.00729123
-0.00740605
-0.00752268
-0.00764114
-0.00776147
-0.0078837
-0.00800785
-0.00813395
-0.00826204
-0.00839215
-0.00852431
-0.00865855
-0.0087949
-0.0089334
-0.00907408
-0.00921698
-0.00936212
-0.00950955
-0.00965931
-0.00981142
-0.00996593
-0.0101229
-0.0102823
-0.0104442
-0.0106087
-0.0107757
-0.0109454
-0.0111178
-0.0112929
-0.0114707
-0.0116513
-0.0118348
-0.0120212
-0.0122105
-0.0124028
-0.0125981
-0.0127965
-0.012998
-0.0132027
-0.0134106
-0.0136218
-0.0138363
-0.0140542
-0.0142755
-0.0145003
-0.0147287
-0.0149606
-0.0151962
-0.0154355
-0.00599608
-0.0060905
-0.00618641
-0.00628383
-0.00638279
-0.0064833
-0.0065854
-0.00668911
-0.00679444
-0.00690144
-0.00701012
-0.00712052
-0.00723265
-0.00734655
-0.00746224
-0.00757975
-0.00769911
-0.00782036
-0.00794351
-0.0080686
-0.00819566
-0.00832473
-0.00845582
-0.00858898
-0.00872424
-0.00886163
-0.00900118
-0.00914292
-0.0092869
-0.00943315
-0.0095817
-0.00973259
-0.00988586
-0.0100415
-0.0101997
-0.0103603
-0.0105234
-0.0106892
-0.0108575
-0.0110285
-0.0112021
-0.0113786
-0.0115577
-0.0117397
-0.0119246
-0.0121124
-0.0123032
-0.0124969
-0.0126937
-0.0128936
-0.0130966
-0.0133029
-0.0135124
-0.0137252
-0.0139413
-0.0141608
-0.0143838
-0.0146104
-0.0148404
-0.0150741
-0.0153115
-0.0155526
-0.0157976
-0.0160463
-0.00622285
-0.00632085
-0.00642039
-0.00652149
-0.00662419
-0.00672851
-0.00683447
-0.00694209
-0.00705142
-0.00716246
-0.00727525
-0.00738982
-0.00750619
-0.0076244
-0.00774447
-0.00786642
-0.0079903
-0.00811613
-0.00824394
-0.00837376
-0.00850563
-0.00863958
-0.00877563
-0.00891383
-0.0090542
-0.00919678
-0.00934161
-0.00948872
-0.00963814
-0.00978992
-0.00994409
-0.0101007
-0.0102598
-0.0104213
-0.0105854
-0.0107521
-0.0109214
-0.0110934
-0.0112681
-0.0114456
-0.0116258
-0.0118089
-0.0119949
-0.0121838
-0.0123756
-0.0125705
-0.0127685
-0.0129695
-0.0131738
-0.0133812
-0.013592
-0.013806
-0.0140234
-0.0142443
-0.0144686
-0.0146964
-0.0149278
-0.0151629
-0.0154017
-0.0156443
-0.0158906
-0.0161409
-0.016395
-0.0166532
-0.00644811
-0.00654965
-0.0066528
-0.00675756
-0.00686398
-0.00697207
-0.00708186
-0.00719339
-0.00730667
-0.00742173
-0.00753861
-0.00765732
-0.00777791
-0.00790039
-0.0080248
-0.00815118
-0.00827954
-0.00840992
-0.00854236
-0.00867688
-0.00881352
-0.00895232
-0.00909329
-0.00923649
-0.00938195
-0.00952969
-0.00967976
-0.0098322
-0.00998703
-0.0101443
-0.0103041
-0.0104663
-0.0106311
-0.0107986
-0.0109686
-0.0111413
-0.0113168
-0.011495
-0.011676
-0.0118599
-0.0120467
-0.0122364
-0.0124291
-0.0126248
-0.0128236
-0.0130255
-0.0132307
-0.013439
-0.0136507
-0.0138656
-0.014084
-0.0143058
-0.014531
-0.0147599
-0.0149923
-0.0152284
-0.0154682
-0.0157118
-0.0159592
-0.0162106
-0.0164658
-0.0167251
-0.0169885
-0.017256
-0.00667179
-0.00677686
-0.00688358
-0.00699198
-0.00710209
-0.00721393
-0.00732753
-0.00744292
-0.00756013
-0.00767919
-0.00780012
-0.00792295
-0.00804772
-0.00817445
-0.00830318
-0.00843394
-0.00856675
-0.00870166
-0.00883869
-0.00897788
-0.00911926
-0.00926287
-0.00940874
-0.0095569
-0.0097074
-0.00986027
-0.0100156
-0.0101733
-0.0103335
-0.0104962
-0.0106615
-0.0108294
-0.0109999
-0.0111732
-0.0113491
-0.0115278
-0.0117094
-0.0118938
-0.0120811
-0.0122713
-0.0124646
-0.0126608
-0.0128602
-0.0130627
-0.0132684
-0.0134774
-0.0136896
-0.0139052
-0.0141242
-0.0143466
-0.0145725
-0.014802
-0.0150351
-0.0152719
-0.0155124
-0.0157567
-0.0160048
-0.0162568
-0.0165129
-0.0167729
-0.017037
-0.0173053
-0.0175778
-0.0178546
-0.00689385
-0.00700241
-0.00711268
-0.00722469
-0.00733846
-0.00745403
-0.00757141
-0.00769064
-0.00781175
-0.00793477
-0.00805973
-0.00818665
-0.00831557
-0.00844652
-0.00857953
-0.00871464
-0.00885188
-0.00899127
-0.00913287
-0.00927669
-0.00942277
-0.00957116
-0.00972189
-0.00987498
-0.0100305
-0.0101884
-0.0103489
-0.0105119
-0.0106774
-0.0108455
-0.0110163
-0.0111898
-0.011366
-0.011545
-0.0117268
-0.0119115
-0.0120991
-0.0122896
-0.0124831
-0.0126797
-0.0128794
-0.0130822
-0.0132882
-0.0134975
-0.0137101
-0.013926
-0.0141453
-0.014368
-0.0145943
-0.0148241
-0.0150575
-0.0152947
-0.0155355
-0.0157802
-0.0160287
-0.0162811
-0.0165375
-0.0167979
-0.0170624
-0.0173311
-0.0176041
-0.0178813
-0.0181629
-0.0184489
-0.00711422
-0.00722625
-0.00734005
-0.00745564
-0.00757305
-0.00769231
-0.00781344
-0.00793649
-0.00806147
-0.00818842
-0.00831737
-0.00844835
-0.00858139
-0.00871653
-0.00885379
-0.00899322
-0.00913484
-0.00927869
-0.00942481
-0.00957323
-0.00972399
-0.00987712
-0.0100327
-0.0101907
-0.0103511
-0.0105141
-0.0106797
-0.0108479
-0.0110187
-0.0111922
-0.0113685
-0.0115475
-0.0117294
-0.0119141
-0.0121017
-0.0122923
-0.0124858
-0.0126825
-0.0128822
-0.0130851
-0.0132911
-0.0135004
-0.013713
-0.013929
-0.0141483
-0.0143711
-0.0145974
-0.0148273
-0.0150608
-0.015298
-0.0155389
-0.0157836
-0.0160321
-0.0162846
-0.0165411
-0.0168015
-0.0170661
-0.0173349
-0.0176079
-0.0178851
-0.0181668
-0.0184529
-0.0187435
-0.0190386
-0.00733286
-0.00744833
-0.00756563
-0.00768477
-0.00780578
-0.00792871
-0.00805357
-0.00818039
-0.00830921
-0.00844006
-0.00857298
-0.00870798
-0.00884511
-0.0089844
-0.00912589
-0.0092696
-0.00941557
-0.00956385
-0.00971446
-0.00986744
-0.0100228
-0.0101807
-0.010341
-0.0105038
-0.0106692
-0.0108373
-0.0110079
-0.0111813
-0.0113573
-0.0115362
-0.0117179
-0.0119024
-0.0120898
-0.0122802
-0.0124736
-0.01267
-0.0128696
-0.0130722
-0.0132781
-0.0134872
-0.0136996
-0.0139153
-0.0141344
-0.014357
-0.0145831
-0.0148128
-0.015046
-0.015283
-0.0155237
-0.0157681
-0.0160164
-0.0162687
-0.0165248
-0.0167851
-0.0170494
-0.0173179
-0.0175906
-0.0178676
-0.018149
-0.0184348
-0.0187251
-0.01902
-0.0193195
-0.0196237
-0.0075497
-0.00766859
-0.00778935
-0.00791202
-0.00803661
-0.00816317
-0.00829172
-0.0084223
-0.00855493
-0.00868965
-0.00882649
-0.00896549
-0.00910668
-0.00925009
-0.00939575
-0.00954372
-0.00969401
-0.00984667
-0.0100017
-0.0101592
-0.0103192
-0.0104817
-0.0106468
-0.0108144
-0.0109847
-0.0111577
-0.0113334
-0.0115119
-0.0116932
-0.0118773
-0.0120644
-0.0122544
-0.0124474
-0.0126434
-0.0128425
-0.0130447
-0.0132501
-0.0134588
-0.0136707
-0.013886
-0.0141047
-0.0143268
-0.0145524
-0.0147816
-0.0150144
-0.0152508
-0.015491
-0.0157349
-0.0159827
-0.0162344
-0.0164901
-0.0167497
-0.0170135
-0.0172814
-0.0175536
-0.01783
-0.0181108
-0.018396
-0.0186857
-0.0189799
-0.0192788
-0.0195824
-0.0198908
-0.020204
-0.0077647
-0.00788698
-0.00801118
-0.00813734
-0.00826548
-0.00839564
-0.00852786
-0.00866215
-0.00879856
-0.00893712
-0.00907786
-0.00922081
-0.00936602
-0.00951351
-0.00966333
-0.0098155
-0.00997007
-0.0101271
-0.0102866
-0.0104485
-0.0106131
-0.0107802
-0.01095
-0.0111224
-0.0112976
-0.0114755
-0.0116562
-0.0118398
-0.0120262
-0.0122156
-0.012408
-0.0126034
-0.0128018
-0.0130034
-0.0132082
-0.0134162
-0.0136275
-0.0138421
-0.0140601
-0.0142815
-0.0145064
-0.0147348
-0.0149669
-0.0152025
-0.015442
-0.0156851
-0.0159321
-0.016183
-0.0164379
-0.0166967
-0.0169597
-0.0172267
-0.017498
-0.0177736
-0.0180535
-0.0183378
-0.0186266
-0.0189199
-0.0192178
-0.0195205
-0.0198279
-0.0201401
-0.0204573
-0.0207794
-0.00797781
-0.00810344
-0.00823105
-0.00836067
-0.00849233
-0.00862607
-0.00876191
-0.00889989
-0.00904004
-0.0091824
-0.009327
-0.00947388
-0.00962307
-0.00977461
-0.00992854
-0.0100849
-0.0102437
-0.010405
-0.0105689
-0.0107353
-0.0109044
-0.0110761
-0.0112505
-0.0114277
-0.0116076
-0.0117904
-0.0119761
-0.0121647
-0.0123563
-0.0125509
-0.0127485
-0.0129493
-0.0131532
-0.0133603
-0.0135707
-0.0137844
-0.0140015
-0.014222
-0.0144459
-0.0146734
-0.0149045
-0.0151392
-0.0153776
-0.0156198
-0.0158658
-0.0161156
-0.0163694
-0.0166272
-0.016889
-0.017155
-0.0174251
-0.0176995
-0.0179783
-0.0182614
-0.018549
-0.0188411
-0.0191378
-0.0194391
-0.0197453
-0.0200562
-0.020372
-0.0206929
-0.0210187
-0.0213497
-0.00818897
-0.00831792
-0.00844891
-0.00858196
-0.00871711
-0.00885438
-0.00899382
-0.00913545
-0.00927931
-0.00942544
-0.00957387
-0.00972464
-0.00987778
-0.0100333
-0.0101913
-0.0103518
-0.0105148
-0.0106804
-0.0108486
-0.0110195
-0.011193
-0.0113693
-0.0115483
-0.0117302
-0.0119149
-0.0121025
-0.0122931
-0.0124867
-0.0126833
-0.0128831
-0.0130859
-0.013292
-0.0135013
-0.0137139
-0.0139299
-0.0141493
-0.0143721
-0.0145984
-0.0148283
-0.0150618
-0.015299
-0.0155399
-0.0157846
-0.0160332
-0.0162857
-0.0165422
-0.0168027
-0.0170673
-0.017336
-0.017609
-0.0178863
-0.018168
-0.0184541
-0.0187447
-0.0190399
-0.0193398
-0.0196443
-0.0199537
-0.0202679
-0.0205871
-0.0209113
-0.0212406
-0.021575
-0.0219148
-0.00839812
-0.00853038
-0.00866471
-0.00880116
-0.00893976
-0.00908054
-0.00922353
-0.00936878
-0.00951632
-0.00966618
-0.0098184
-0.00997302
-0.0101301
-0.0102896
-0.0104516
-0.0106162
-0.0107834
-0.0109532
-0.0111257
-0.0113009
-0.0114789
-0.0116596
-0.0118433
-0.0120298
-0.0122192
-0.0124116
-0.0126071
-0.0128056
-0.0130073
-0.0132121
-0.0134202
-0.0136315
-0.0138462
-0.0140642
-0.0142857
-0.0145107
-0.0147392
-0.0149713
-0.015207
-0.0154465
-0.0156898
-0.0159368
-0.0161878
-0.0164427
-0.0167017
-0.0169647
-0.0172318
-0.0175032
-0.0177788
-0.0180588
-0.0183432
-0.0186321
-0.0189255
-0.0192235
-0.0195262
-0.0198337
-0.0201461
-0.0204633
-0.0207856
-0.0211129
-0.0214454
-0.0217831
-0.0221261
-0.0224745
-0.00860523
-0.00874075
-0.00887839
-0.00901821
-0.00916022
-0.00930447
-0.009451
-0.00959983
-0.00975101
-0.00990456
-0.0100605
-0.010219
-0.0103799
-0.0105434
-0.0107094
-0.010878
-0.0110493
-0.0112233
-0.0114001
-0.0115796
-0.011762
-0.0119472
-0.0121353
-0.0123264
-0.0125205
-0.0127177
-0.012918
-0.0131214
-0.013328
-0.0135379
-0.0137511
-0.0139677
-0.0141876
-0.0144111
-0.014638
-0.0148685
-0.0151027
-0.0153405
-0.0155821
-0.0158274
-0.0160767
-0.0163299
-0.016587
-0.0168482
-0.0171135
-0.017383
-0.0176568
-0.0179348
-0.0182173
-0.0185042
-0.0187956
-0.0190915
-0.0193922
-0.0196976
-0.0200078
-0.0203228
-0.0206429
-0.020968
-0.0212982
-0.0216336
-0.0219742
-0.0223203
-0.0226718
-0.0230288
-0.00881024
-0.00894898
-0.00908991
-0.00923305
-0.00937845
-0.00952614
-0.00967616
-0.00982853
-0.00998331
-0.0101405
-0.0103002
-0.0104624
-0.0106272
-0.0107945
-0.0109645
-0.0111372
-0.0113126
-0.0114907
-0.0116717
-0.0118555
-0.0120422
-0.0122318
-0.0124244
-0.0126201
-0.0128188
-0.0130207
-0.0132257
-0.013434
-0.0136456
-0.0138605
-0.0140787
-0.0143004
-0.0145256
-0.0147544
-0.0149867
-0.0152227
-0.0154625
-0.015706
-0.0159533
-0.0162045
-0.0164597
-0.0167189
-0.0169822
-0.0172496
-0.0175213
-0.0177972
-0.0180774
-0.0183621
-0.0186513
-0.018945
-0.0192433
-0.0195464
-0.0198542
-0.0201668
-0.0204844
-0.020807
-0.0211347
-0.0214675
-0.0218056
-0.0221489
-0.0224977
-0.022852
-0.0232119
-0.0235774
-0.0090131
-0.00915503
-0.0092992
-0.00944565
-0.00959439
-0.00974548
-0.00989895
-0.0100548
-0.0102132
-0.010374
-0.0105374
-0.0107033
-0.0108719
-0.0110431
-0.011217
-0.0113936
-0.011573
-0.0117553
-0.0119404
-0.0121284
-0.0123194
-0.0125134
-0.0127105
-0.0129107
-0.013114
-0.0133205
-0.0135303
-0.0137433
-0.0139598
-0.0141796
-0.0144029
-0.0146297
-0.0148601
-0.0150941
-0.0153318
-0.0155732
-0.0158185
-0.0160676
-0.0163206
-0.0165776
-0.0168387
-0.0171039
-0.0173732
-0.0176468
-0.0179247
-0.018207
-0.0184937
-0.0187849
-0.0190807
-0.0193812
-0.0196864
-0.0199964
-0.0203113
-0.0206312
-0.0209561
-0.0212861
-0.0216213
-0.0219618
-0.0223076
-0.0226589
-0.0230158
-0.0233782
-0.0237463
-0.0241203
-0.00921375
-0.00935885
-0.00950623
-0.00965593
-0.00980799
-0.00996244
-0.0101193
-0.0102787
-0.0104406
-0.010605
-0.010772
-0.0109416
-0.0111139
-0.0112889
-0.0114667
-0.0116473
-0.0118307
-0.012017
-0.0122062
-0.0123985
-0.0125937
-0.012792
-0.0129935
-0.0131981
-0.0134059
-0.013617
-0.0138315
-0.0140493
-0.0142705
-0.0144953
-0.0147235
-0.0149554
-0.0151909
-0.0154301
-0.0156731
-0.0159199
-0.0161706
-0.0164253
-0.016684
-0.0169467
-0.0172136
-0.0174846
-0.01776
-0.0180397
-0.0183237
-0.0186123
-0.0189054
-0.0192031
-0.0195055
-0.0198127
-0.0201247
-0.0204416
-0.0207635
-0.0210905
-0.0214226
-0.02176
-0.0221026
-0.0224507
-0.0228043
-0.0231634
-0.0235281
-0.0238987
-0.024275
-0.0246573
-0.00941216
-0.00956038
-0.00971093
-0.00986386
-0.0100192
-0.010177
-0.0103372
-0.0105
-0.0106654
-0.0108333
-0.0110039
-0.0111772
-0.0113532
-0.011532
-0.0117136
-0.0118981
-0.0120855
-0.0122758
-0.0124691
-0.0126654
-0.0128649
-0.0130675
-0.0132733
-0.0134823
-0.0136946
-0.0139103
-0.0141293
-0.0143518
-0.0145778
-0.0148074
-0.0150406
-0.0152774
-0.015518
-0.0157624
-0.0160106
-0.0162628
-0.0165189
-0.016779
-0.0170432
-0.0173116
-0.0175842
-0.0178611
-0.0181424
-0.0184281
-0.0187183
-0.0190131
-0.0193125
-0.0196166
-0.0199255
-0.0202393
-0.020558
-0.0208818
-0.0212106
-0.0215447
-0.0218839
-0.0222286
-0.0225786
-0.0229342
-0.0232953
-0.0236622
-0.0240348
-0.0244133
-0.0247977
-0.0251882
-0.00960827
-0.00975958
-0.00991327
-0.0100694
-0.010228
-0.010389
-0.0105526
-0.0107188
-0.0108876
-0.0110591
-0.0112332
-0.0114101
-0.0115898
-0.0117723
-0.0119577
-0.012146
-0.0123373
-0.0125315
-0.0127289
-0.0129293
-0.0131329
-0.0133398
-0.0135498
-0.0137632
-0.0139799
-0.0142001
-0.0144237
-0.0146509
-0.0148816
-0.0151159
-0.015354
-0.0155958
-0.0158414
-0.0160908
-0.0163442
-0.0166016
-0.016863
-0.0171286
-0.0173983
-0.0176723
-0.0179506
-0.0182333
-0.0185204
-0.0188121
-0.0191083
-0.0194092
-0.0197149
-0.0200254
-0.0203407
-0.020661
-0.0209864
-0.0213169
-0.0216526
-0.0219935
-0.0223399
-0.0226917
-0.023049
-0.023412
-0.0237807
-0.0241552
-0.0245356
-0.024922
-0.0253144
-0.0257131
-0.00980203
-0.00995639
-0.0101132
-0.0102724
-0.0104342
-0.0105985
-0.0107654
-0.010935
-0.0111072
-0.0112821
-0.0114597
-0.0116402
-0.0118235
-0.0120097
-0.0121988
-0.0123909
-0.0125861
-0.0127843
-0.0129856
-0.0131901
-0.0133978
-0.0136088
-0.0138231
-0.0140408
-0.0142619
-0.0144865
-0.0147146
-0.0149463
-0.0151817
-0.0154208
-0.0156636
-0.0159103
-0.0161608
-0.0164153
-0.0166738
-0.0169364
-0.0172031
-0.017474
-0.0177492
-0.0180287
-0.0183126
-0.018601
-0.0188939
-0.0191915
-0.0194937
-0.0198007
-0.0201125
-0.0204292
-0.0207509
-0.0210777
-0.0214096
-0.0217468
-0.0220892
-0.0224371
-0.0227904
-0.0231493
-0.0235139
-0.0238841
-0.0242603
-0.0246423
-0.0250304
-0.0254245
-0.0258249
-0.0262316
-0.0099934
-0.0101508
-0.0103106
-0.010473
-0.0106379
-0.0108054
-0.0109756
-0.0111484
-0.011324
-0.0115023
-0.0116835
-0.0118675
-0.0120543
-0.0122442
-0.012437
-0.0126328
-0.0128318
-0.0130339
-0.0132391
-0.0134476
-0.0136594
-0.0138745
-0.014093
-0.0143149
-0.0145403
-0.0147693
-0.0150019
-0.0152381
-0.0154781
-0.0157218
-0.0159694
-0.0162209
-0.0164763
-0.0167358
-0.0169994
-0.0172671
-0.017539
-0.0178152
-0.0180957
-0.0183807
-0.0186701
-0.0189641
-0.0192628
-0.0195661
-0.0198743
-0.0201872
-0.0205051
-0.020828
-0.021156
-0.0214892
-0.0218276
-0.0221713
-0.0225205
-0.0228751
-0.0232354
-0.0236013
-0.0239729
-0.0243504
-0.0247339
-0.0251234
-0.0255191
-0.0259209
-0.0263291
-0.0267437
-0.0101823
-0.0103427
-0.0105056
-0.010671
-0.010839
-0.0110097
-0.0111831
-0.0113592
-0.0115381
-0.0117198
-0.0119044
-0.0120918
-0.0122822
-0.0124757
-0.0126721
-0.0128717
-0.0130744
-0.0132803
-0.0134894
-0.0137018
-0.0139176
-0.0141368
-0.0143594
-0.0145855
-0.0148152
-0.0150485
-0.0152855
-0.0155262
-0.0157707
-0.0160191
-0.0162713
-0.0165276
-0.0167878
-0.0170522
-0.0173207
-0.0175935
-0.0178706
-0.018152
-0.0184378
-0.0187282
-0.0190231
-0.0193227
-0.019627
-0.019936
-0.02025
-0.0205689
-0.0208928
-0.0212218
-0.021556
-0.0218955
-0.0222403
-0.0225905
-0.0229462
-0.0233076
-0.0236746
-0.0240475
-0.0244262
-0.0248108
-0.0252015
-0.0255984
-0.0260015
-0.026411
-0.0268269
-0.0272493
-0.0103688
-0.0105321
-0.0106979
-0.0108664
-0.0110375
-0.0112113
-0.0113879
-0.0115672
-0.0117494
-0.0119344
-0.0121223
-0.0123132
-0.0125071
-0.0127041
-0.0129042
-0.0131074
-0.0133138
-0.0135234
-0.0137364
-0.0139527
-0.0141724
-0.0143956
-0.0146223
-0.0148526
-0.0150865
-0.0153241
-0.0155654
-0.0158105
-0.0160595
-0.0163124
-0.0165693
-0.0168302
-0.0170952
-0.0173644
-0.0176379
-0.0179156
-0.0181978
-0.0184843
-0.0187754
-0.0190711
-0.0193714
-0.0196765
-0.0199863
-0.0203011
-0.0206208
-0.0209455
-0.0212754
-0.0216104
-0.0219507
-0.0222964
-0.0226475
-0.0230041
-0.0233664
-0.0237344
-0.0241081
-0.0244878
-0.0248734
-0.0252651
-0.025663
-0.0260671
-0.0264776
-0.0268946
-0.0273181
-0.0277483
-0.0105527
-0.0107189
-0.0108877
-0.0110591
-0.0112333
-0.0114102
-0.0115899
-0.0117724
-0.0119578
-0.0121461
-0.0123373
-0.0125316
-0.012729
-0.0129294
-0.013133
-0.0133399
-0.0135499
-0.0137633
-0.01398
-0.0142002
-0.0144238
-0.014651
-0.0148817
-0.015116
-0.0153541
-0.0155959
-0.0158415
-0.0160909
-0.0163443
-0.0166017
-0.0168632
-0.0171287
-0.0173984
-0.0176724
-0.0179507
-0.0182334
-0.0185206
-0.0188122
-0.0191085
-0.0194094
-0.019715
-0.0200255
-0.0203408
-0.0206612
-0.0209865
-0.021317
-0.0216527
-0.0219937
-0.0223401
-0.0226919
-0.0230492
-0.0234122
-0.0237809
-0.0241554
-0.0245357
-0.0249221
-0.0253146
-0.0257132
-0.0261182
-0.0265295
-0.0269472
-0.0273716
-0.0278026
-0.0282405
-0.010734
-0.0109031
-0.0110748
-0.0112492
-0.0114263
-0.0116063
-0.011789
-0.0119747
-0.0121632
-0.0123548
-0.0125494
-0.012747
-0.0129477
-0.0131516
-0.0133587
-0.0135691
-0.0137828
-0.0139998
-0.0142203
-0.0144442
-0.0146717
-0.0149027
-0.0151374
-0.0153758
-0.0156179
-0.0158639
-0.0161137
-0.0163674
-0.0166252
-0.016887
-0.0171529
-0.017423
-0.0176974
-0.0179761
-0.0182592
-0.0185467
-0.0188388
-0.0191355
-0.0194368
-0.0197429
-0.0200538
-0.0203696
-0.0206904
-0.0210162
-0.0213472
-0.0216833
-0.0220248
-0.0223716
-0.0227239
-0.0230818
-0.0234453
-0.0238145
-0.0241895
-0.0245704
-0.0249574
-0.0253504
-0.0257496
-0.0261551
-0.026567
-0.0269853
-0.0274103
-0.027842
-0.0282804
-0.0287258
-0.0109127
-0.0110846
-0.0112592
-0.0114365
-0.0116166
-0.0117995
-0.0119853
-0.012174
-0.0123658
-0.0125605
-0.0127583
-0.0129592
-0.0131633
-0.0133706
-0.0135811
-0.013795
-0.0140122
-0.0142329
-0.014457
-0.0146847
-0.014916
-0.0151508
-0.0153894
-0.0156318
-0.015878
-0.016128
-0.016382
-0.01664
-0.016902
-0.0171682
-0.0174385
-0.0177131
-0.0179921
-0.0182754
-0.0185632
-0.0188555
-0.0191525
-0.0194541
-0.0197604
-0.0200716
-0.0203877
-0.0207088
-0.0210349
-0.0213661
-0.0217026
-0.0220444
-0.0223915
-0.0227441
-0.0231023
-0.0234661
-0.0238356
-0.024211
-0.0245923
-0.0249795
-0.0253729
-0.0257725
-0.0261783
-0.0265906
-0.0270093
-0.0274346
-0.0278667
-0.0283055
-0.0287513
-0.029204
-0.0110888
-0.0112634
-0.0114408
-0.011621
-0.011804
-0.0119899
-0.0121787
-0.0123704
-0.0125653
-0.0127631
-0.0129641
-0.0131683
-0.0133756
-0.0135863
-0.0138002
-0.0140176
-0.0142383
-0.0144625
-0.0146903
-0.0149216
-0.0151566
-0.0153953
-0.0156377
-0.015884
-0.0161341
-0.0163882
-0.0166463
-0.0169084
-0.0171747
-0.0174451
-0.0177199
-0.0179989
-0.0182823
-0.0185702
-0.0188627
-0.0191597
-0.0194614
-0.0197679
-0.0200792
-0.0203954
-0.0207166
-0.0210428
-0.0213742
-0.0217108
-0.0220527
-0.0224
-0.0227527
-0.023111
-0.023475
-0.0238447
-0.0242202
-0.0246016
-0.024989
-0.0253825
-0.0257822
-0.0261882
-0.0266006
-0.0270195
-0.027445
-0.0278772
-0.0283162
-0.0287622
-0.0292151
-0.0296752
-0.0112621
-0.0114395
-0.0116196
-0.0118026
-0.0119885
-0.0121773
-0.012369
-0.0125638
-0.0127617
-0.0129626
-0.0131668
-0.0133741
-0.0135847
-0.0137987
-0.014016
-0.0142367
-0.0144609
-0.0146886
-0.0149199
-0.0151549
-0.0153935
-0.0156359
-0.0158822
-0.0161323
-0.0163863
-0.0166444
-0.0169065
-0.0171727
-0.0174431
-0.0177178
-0.0179969
-0.0182803
-0.0185681
-0.0188605
-0.0191576
-0.0194592
-0.0197657
-0.0200769
-0.0203931
-0.0207143
-0.0210405
-0.0213718
-0.0217084
-0.0220502
-0.0223974
-0.0227502
-0.0231084
-0.0234723
-0.023842
-0.0242174
-0.0245988
-0.0249862
-0.0253796
-0.0257793
-0.0261853
-0.0265976
-0.0270165
-0.0274419
-0.0278741
-0.028313
-0.0287589
-0.0292118
-0.0296718
-0.0301391
-0.0114327
-0.0116128
-0.0117957
-0.0119814
-0.0121701
-0.0123617
-0.0125564
-0.0127541
-0.012955
-0.013159
-0.0133662
-0.0135767
-0.0137905
-0.0140077
-0.0142283
-0.0144523
-0.0146799
-0.0149111
-0.0151459
-0.0153844
-0.0156267
-0.0158728
-0.0161227
-0.0163766
-0.0166345
-0.0168965
-0.0171626
-0.0174328
-0.0177074
-0.0179862
-0.0182695
-0.0185572
-0.0188494
-0.0191462
-0.0194477
-0.019754
-0.0200651
-0.0203811
-0.020702
-0.021028
-0.0213592
-0.0216955
-0.0220372
-0.0223842
-0.0227367
-0.0230948
-0.0234585
-0.0238279
-0.0242031
-0.0245843
-0.0249714
-0.0253646
-0.0257641
-0.0261698
-0.0265819
-0.0270005
-0.0274257
-0.0278576
-0.0282963
-0.0287419
-0.0291945
-0.0296543
-0.0301213
-0.0305956
-0.0116005
-0.0117832
-0.0119688
-0.0121573
-0.0123487
-0.0125432
-0.0127407
-0.0129413
-0.0131451
-0.0133521
-0.0135624
-0.013776
-0.0139929
-0.0142133
-0.0144371
-0.0146645
-0.0148954
-0.01513
-0.0153682
-0.0156102
-0.0158561
-0.0161058
-0.0163594
-0.016617
-0.0168787
-0.0171445
-0.0174145
-0.0176887
-0.0179673
-0.0182502
-0.0185376
-0.0188295
-0.0191261
-0.0194273
-0.0197332
-0.0200439
-0.0203596
-0.0206802
-0.0210059
-0.0213367
-0.0216727
-0.022014
-0.0223606
-0.0227128
-0.0230704
-0.0234337
-0.0238028
-0.0241776
-0.0245584
-0.0249451
-0.0253379
-0.0257369
-0.0261422
-0.0265539
-0.0269721
-0.0273968
-0.0278283
-0.0282665
-0.0287116
-0.0291638
-0.029623
-0.0300895
-0.0305634
-0.0310447
-0.0117655
-0.0119508
-0.012139
-0.0123302
-0.0125243
-0.0127216
-0.0129219
-0.0131254
-0.0133321
-0.013542
-0.0137553
-0.0139719
-0.0141919
-0.0144154
-0.0146424
-0.014873
-0.0151072
-0.0153451
-0.0155868
-0.0158322
-0.0160816
-0.0163348
-0.016592
-0.0168533
-0.0171187
-0.0173883
-0.0176621
-0.0179403
-0.0182228
-0.0185098
-0.0188012
-0.0190973
-0.0193981
-0.0197035
-0.0200138
-0.020329
-0.0206491
-0.0209743
-0.0213046
-0.0216401
-0.0219809
-0.022327
-0.0226786
-0.0230358
-0.0233985
-0.023767
-0.0241413
-0.0245214
-0.0249076
-0.0252998
-0.0256983
-0.0261029
-0.026514
-0.0269315
-0.0273556
-0.0277864
-0.028224
-0.0286685
-0.0291199
-0.0295785
-0.0300443
-0.0305174
-0.030998
-0.0314862
-0.0119276
-0.0121154
-0.0123062
-0.0125
-0.0126969
-0.0128968
-0.0130999
-0.0133062
-0.0135158
-0.0137286
-0.0139448
-0.0141644
-0.0143875
-0.014614
-0.0148442
-0.0150779
-0.0153154
-0.0155565
-0.0158015
-0.0160504
-0.0163031
-0.0165599
-0.0168206
-0.0170855
-0.0173546
-0.0176279
-0.0179055
-0.0181874
-0.0184739
-0.0187648
-0.0190603
-0.0193604
-0.0196653
-0.019975
-0.0202896
-0.0206091
-0.0209336
-0.0212633
-0.0215981
-0.0219382
-0.0222837
-0.0226346
-0.0229911
-0.0233531
-0.0237209
-0.0240944
-0.0244739
-0.0248593
-0.0252508
-0.0256484
-0.0260523
-0.0264626
-0.0268793
-0.0273026
-0.0277325
-0.0281693
-0.0286129
-0.0290635
-0.0295211
-0.029986
-0.0304582
-0.0309379
-0.0314251
-0.03192
-0.0120868
-0.0122771
-0.0124705
-0.0126669
-0.0128663
-0.013069
-0.0132748
-0.0134838
-0.0136961
-0.0139118
-0.0141309
-0.0143534
-0.0145795
-0.0148091
-0.0150423
-0.0152792
-0.0155198
-0.0157642
-0.0160124
-0.0162646
-0.0165207
-0.0167809
-0.0170451
-0.0173135
-0.0175862
-0.0178631
-0.0181444
-0.0184302
-0.0187204
-0.0190152
-0.0193147
-0.0196188
-0.0199278
-0.0202416
-0.0205603
-0.0208841
-0.021213
-0.0215471
-0.0218864
-0.022231
-0.0225811
-0.0229367
-0.0232979
-0.0236648
-0.0240375
-0.024416
-0.0248005
-0.0251911
-0.0255878
-0.0259907
-0.0264
-0.0268158
-0.027238
-0.027667
-0.0281027
-0.0285452
-0.0289947
-0.0294513
-0.0299151
-0.0303862
-0.0308647
-0.0313508
-0.0318445
-0.032346
-0.012243
-0.0124358
-0.0126317
-0.0128306
-0.0130327
-0.0132379
-0.0134464
-0.0136581
-0.0138732
-0.0140917
-0.0143136
-0.014539
-0.0147679
-0.0150005
-0.0152367
-0.0154767
-0.0157204
-0.0159679
-0.0162194
-0.0164748
-0.0167343
-0.0169978
-0.0172655
-0.0175373
-0.0178135
-0.018094
-0.018379
-0.0186684
-0.0189624
-0.019261
-0.0195643
-0.0198724
-0.0201854
-0.0205032
-0.0208261
-0.0211541
-0.0214872
-0.0218256
-0.0221693
-0.0225184
-0.022873
-0.0232332
-0.0235991
-0.0239707
-0.0243482
-0.0247316
-0.0251211
-0.0255167
-0.0259185
-0.0263267
-0.0267413
-0.0271624
-0.0275901
-0.0280246
-0.0284659
-0.0289142
-0.0293695
-0.029832
-0.0303018
-0.030779
-0.0312637
-0.031756
-0.0322561
-0.0327641
-0.0123963
-0.0125915
-0.0127898
-0.0129912
-0.0131958
-0.0134036
-0.0136147
-0.0138291
-0.0140468
-0.014268
-0.0144927
-0.014721
-0.0149528
-0.0151883
-0.0154274
-0.0156704
-0.0159172
-0.0161678
-0.0164224
-0.016681
-0.0169437
-0.0172105
-0.0174816
-0.0177569
-0.0180365
-0.0183205
-0.018609
-0.0189021
-0.0191998
-0.0195021
-0.0198092
-0.0201212
-0.020438
-0.0207599
-0.0210868
-0.0214189
-0.0217562
-0.0220988
-0.0224468
-0.0228003
-0.0231593
-0.023524
-0.0238945
-0.0242708
-0.024653
-0.0250412
-0.0254355
-0.0258361
-0.0262429
-0.0266562
-0.027076
-0.0275024
-0.0279355
-0.0283754
-0.0288222
-0.0292761
-0.0297372
-0.0302054
-0.0306811
-0.0311643
-0.031655
-0.0321535
-0.0326599
-0.0331742
-0.0125465
-0.0127441
-0.0129448
-0.0131486
-0.0133557
-0.013566
-0.0137796
-0.0139966
-0.0142171
-0.0144409
-0.0146684
-0.0148994
-0.015134
-0.0153723
-0.0156144
-0.0158603
-0.01611
-0.0163637
-0.0166214
-0.0168832
-0.0171491
-0.0174191
-0.0176934
-0.0179721
-0.0182551
-0.0185425
-0.0188345
-0.0191311
-0.0194324
-0.0197384
-0.0200493
-0.020365
-0.0206857
-0.0210115
-0.0213423
-0.0216784
-0.0220198
-0.0223666
-0.0227188
-0.0230766
-0.02344
-0.0238091
-0.024184
-0.0245649
-0.0249517
-0.0253447
-0.0257438
-0.0261492
-0.026561
-0.0269792
-0.0274041
-0.0278357
-0.028274
-0.0287193
-0.0291715
-0.0296309
-0.0300975
-0.0305715
-0.0310529
-0.0315419
-0.0320386
-0.0325432
-0.0330557
-0.0335762
-0.0126937
-0.0128936
-0.0130966
-0.0133029
-0.0135123
-0.0137251
-0.0139413
-0.0141608
-0.0143838
-0.0146103
-0.0148404
-0.0150741
-0.0153115
-0.0155526
-0.0157975
-0.0160463
-0.016299
-0.0165557
-0.0168164
-0.0170812
-0.0173502
-0.0176234
-0.0179009
-0.0181828
-0.0184692
-0.01876
-0.0190555
-0.0193555
-0.0196603
-0.0199699
-0.0202844
-0.0206039
-0.0209283
-0.0212579
-0.0215927
-0.0219327
-0.0222781
-0.0226289
-0.0229853
-0.0233472
-0.0237149
-0.0240884
-0.0244677
-0.024853
-0.0252444
-0.0256419
-0.0260457
-0.0264559
-0.0268725
-0.0272957
-0.0277255
-0.0281621
-0.0286056
-0.0290561
-0.0295137
-0.0299784
-0.0304505
-0.0309301
-0.0314171
-0.0319119
-0.0324144
-0.0329249
-0.0334434
-0.03397
-0.0128377
-0.0130399
-0.0132452
-0.0134538
-0.0136657
-0.0138809
-0.0140995
-0.0143215
-0.0145471
-0.0147761
-0.0150088
-0.0152452
-0.0154853
-0.0157291
-0.0159768
-0.0162284
-0.016484
-0.0167436
-0.0170072
-0.0172751
-0.0175471
-0.0178234
-0.0181041
-0.0183892
-0.0186788
-0.0189729
-0.0192717
-0.0195752
-0.0198835
-0.0201966
-0.0205146
-0.0208377
-0.0211658
-0.0214992
-0.0218377
-0.0221816
-0.0225309
-0.0228857
-0.0232461
-0.0236122
-0.023984
-0.0243617
-0.0247454
-0.0251351
-0.0255309
-0.0259329
-0.0263413
-0.0267561
-0.0271775
-0.0276055
-0.0280402
-0.0284818
-0.0289303
-0.0293859
-0.0298486
-0.0303187
-0.0307961
-0.0312811
-0.0317737
-0.0322741
-0.0327823
-0.0332985
-0.0338229
-0.0343556
-0.0129787
-0.013183
-0.0133906
-0.0136015
-0.0138157
-0.0140333
-0.0142543
-0.0144787
-0.0147067
-0.0149383
-0.0151736
-0.0154125
-0.0156552
-0.0159018
-0.0161522
-0.0164066
-0.0166649
-0.0169274
-0.0171939
-0.0174647
-0.0177397
-0.0180191
-0.0183028
-0.0185911
-0.0188838
-0.0191812
-0.0194833
-0.0197901
-0.0201017
-0.0204183
-0.0207398
-0.0210664
-0.0213982
-0.0217352
-0.0220774
-0.0224251
-0.0227783
-0.023137
-0.0235013
-0.0238714
-0.0242473
-0.0246292
-0.025017
-0.025411
-0.0258111
-0.0262176
-0.0266305
-0.0270498
-0.0274758
-0.0279085
-0.028348
-0.0287944
-0.0292479
-0.0297084
-0.0301763
-0.0306515
-0.0311342
-0.0316245
-0.0321225
-0.0326283
-0.0331422
-0.0336641
-0.0341942
-0.0347327
-0.0131164
-0.013323
-0.0135328
-0.0137459
-0.0139624
-0.0141822
-0.0144056
-0.0146324
-0.0148628
-0.0150969
-0.0153346
-0.0155761
-0.0158214
-0.0160706
-0.0163236
-0.0165807
-0.0168418
-0.017107
-0.0173764
-0.0176501
-0.017928
-0.0182103
-0.0184971
-0.0187884
-0.0190843
-0.0193848
-0.0196901
-0.0200001
-0.0203151
-0.020635
-0.02096
-0.02129
-0.0216253
-0.0219659
-0.0223118
-0.0226631
-0.02302
-0.0233825
-0.0237508
-0.0241248
-0.0245047
-0.0248906
-0.0252826
-0.0256807
-0.0260851
-0.0264959
-0.0269131
-0.027337
-0.0277675
-0.0282047
-0.0286489
-0.0291
-0.0295583
-0.0300238
-0.0304966
-0.0309768
-0.0314646
-0.0319601
-0.0324634
-0.0329747
-0.0334939
-0.0340214
-0.0345571
-0.0351014
-0.0156246
-0.0424722
-0.0229477
-0.00844208
-0.0158707
-0.0161207
-0.0163745
-0.0166324
-0.0168943
-0.0171604
-0.0174306
-0.0177051
-0.0179839
-0.0182671
-0.0185548
-0.018847
-0.0191438
-0.0194452
-0.0197514
-0.0200625
-0.0203784
-0.0206993
-0.0210253
-0.0213564
-0.0216927
-0.0220343
-0.0223813
-0.0227338
-0.0230918
-0.0234554
-0.0238248
-0.0242
-0.0245811
-0.0249682
-0.0253614
-0.0257607
-0.0261664
-0.0265785
-0.026997
-0.0274222
-0.027854
-0.0282926
-0.0287382
-0.0291907
-0.0296504
-0.0301174
-0.0305916
-0.0310734
-0.0315627
-0.0320598
-0.0325646
-0.0330775
-0.0335983
-0.0341274
-0.0346649
-0.0352108
-0.0357653
-0.0363285
-0.0369006
-0.0374817
-0.0380719
-0.0386715
-0.0392804
-0.039899
-0.0405273
-0.0411656
-0.0418138
-0.0225921
-0.0222418
-0.021897
-0.0215575
-0.0212233
-0.0208943
-0.0205703
-0.0202514
-0.0199375
-0.0196284
-0.019324
-0.0190245
-0.0187295
-0.0184391
-0.0181533
-0.0178718
-0.0175947
-0.017322
-0.0170534
-0.016789
-0.0165287
-0.0162725
-0.0160202
-0.0157718
-0.0155273
-0.0152866
-0.0150496
-0.0148163
-0.0145866
-0.0143604
-0.0141378
-0.0139186
-0.0137028
-0.0134904
-0.0132812
-0.0130753
-0.0128726
-0.012673
-0.0124765
-0.0122831
-0.0120927
-0.0119052
-0.0117206
-0.0115389
-0.01136
-0.0111839
-0.0110105
-0.0108398
-0.0106718
-0.0105063
-0.0103434
-0.0101831
-0.0100252
-0.00986976
-0.00971674
-0.0095661
-0.00941779
-0.00927178
-0.00912803
-0.00898652
-0.00884719
-0.00871003
-0.00857498
-0.0156247
-0.0156209
-0.0156132
-0.0156018
-0.0155866
-0.0155675
-0.0155446
-0.015518
-0.0154876
-0.0154533
-0.0154153
-0.0153736
-0.0153281
-0.0152788
-0.0152258
-0.0151691
-0.0151087
-0.0150447
-0.0149769
-0.0149055
-0.0148304
-0.0147517
-0.0146695
-0.0145836
-0.0144942
-0.0144012
-0.0143047
-0.0142048
-0.0141013
-0.0139945
-0.0138842
-0.0137705
-0.0136534
-0.013533
-0.0134094
-0.0132824
-0.0131522
-0.0130188
-0.0128822
-0.0127425
-0.0125996
-0.0124537
-0.0123047
-0.0121528
-0.0119978
-0.01184
-0.0116792
-0.0115156
-0.0113492
-0.01118
-0.0110081
-0.0108335
-0.0106562
-0.0104764
-0.010294
-0.0101091
-0.00992168
-0.00973187
-0.00953968
-0.00934516
-0.00914837
-0.00894934
-0.00874812
-0.00854478
-0.0424724
-0.0424619
-0.0424412
-0.0424101
-0.0423686
-0.0423168
-0.0422547
-0.0421823
-0.0420995
-0.0420065
-0.0419032
-0.0417897
-0.041666
-0.0415322
-0.0413881
-0.041234
-0.0410698
-0.0408956
-0.0407114
-0.0405173
-0.0403133
-0.0400994
-0.0398757
-0.0396423
-0.0393993
-0.0391466
-0.0388843
-0.0386126
-0.0383314
-0.0380409
-0.0377411
-0.037432
-0.0371139
-0.0367866
-0.0364504
-0.0361053
-0.0357514
-0.0353887
-0.0350175
-0.0346376
-0.0342493
-0.0338527
-0.0334477
-0.0330346
-0.0326135
-0.0321844
-0.0317474
-0.0313027
-0.0308503
-0.0303904
-0.0299231
-0.0294485
-0.0289667
-0.0284778
-0.027982
-0.0274793
-0.0269699
-0.026454
-0.0259315
-0.0254028
-0.0248678
-0.0243268
-0.0237798
-0.0232272
-0.0158707
-0.0161207
-0.0163745
-0.0166324
-0.0168943
-0.0171604
-0.0174306
-0.0177051
-0.0179839
-0.0182671
-0.0185548
-0.018847
-0.0191438
-0.0194452
-0.0197514
-0.0200625
-0.0203784
-0.0206993
-0.0210253
-0.0213564
-0.0216927
-0.0220343
-0.0223813
-0.0227338
-0.0230918
-0.0234554
-0.0238248
-0.0242
-0.0245811
-0.0249682
-0.0253614
-0.0257607
-0.0261664
-0.0265785
-0.026997
-0.0274222
-0.027854
-0.0282926
-0.0287382
-0.0291907
-0.0296504
-0.0301174
-0.0305916
-0.0310734
-0.0315627
-0.0320598
-0.0325646
-0.0330775
-0.0335983
-0.0341274
-0.0346649
-0.0352108
-0.0357653
-0.0363285
-0.0369006
-0.0374817
-0.0380719
-0.0386715
-0.0392804
-0.039899
-0.0405273
-0.0411656
-0.0418138
-0.0158669
-0.0161167
-0.0163705
-0.0166283
-0.0168902
-0.0171562
-0.0174263
-0.0177008
-0.0179795
-0.0182626
-0.0185502
-0.0188424
-0.0191391
-0.0194405
-0.0197466
-0.0200576
-0.0203735
-0.0206943
-0.0210202
-0.0213512
-0.0216874
-0.022029
-0.0223759
-0.0227282
-0.0230861
-0.0234497
-0.023819
-0.0241941
-0.0245751
-0.0249621
-0.0253552
-0.0257545
-0.02616
-0.026572
-0.0269904
-0.0274155
-0.0278472
-0.0282857
-0.0287312
-0.0291836
-0.0296432
-0.03011
-0.0305842
-0.0310658
-0.031555
-0.0320519
-0.0325567
-0.0330694
-0.0335901
-0.0341191
-0.0346564
-0.0352022
-0.0357565
-0.0363196
-0.0368916
-0.0374725
-0.0380626
-0.038662
-0.0392709
-0.0398893
-0.0405174
-0.0411555
-0.0418036
-0.0158591
-0.0161089
-0.0163625
-0.0166202
-0.0168819
-0.0171478
-0.0174178
-0.0176921
-0.0179707
-0.0182537
-0.0185412
-0.0188332
-0.0191297
-0.019431
-0.019737
-0.0200478
-0.0203635
-0.0206842
-0.0210099
-0.0213408
-0.0216768
-0.0220182
-0.0223649
-0.0227171
-0.0230749
-0.0234382
-0.0238073
-0.0241823
-0.0245631
-0.0249499
-0.0253428
-0.0257419
-0.0261473
-0.026559
-0.0269773
-0.0274021
-0.0278336
-0.0282719
-0.0287171
-0.0291694
-0.0296287
-0.0300953
-0.0305692
-0.0310506
-0.0315396
-0.0320363
-0.0325408
-0.0330532
-0.0335737
-0.0341025
-0.0346395
-0.035185
-0.0357391
-0.0363019
-0.0368735
-0.0374542
-0.038044
-0.0386431
-0.0392517
-0.0398698
-0.0404977
-0.0411354
-0.0417832
-0.0158475
-0.0160971
-0.0163505
-0.016608
-0.0168696
-0.0171352
-0.0174051
-0.0176792
-0.0179576
-0.0182404
-0.0185276
-0.0188194
-0.0191157
-0.0194168
-0.0197225
-0.0200331
-0.0203486
-0.020669
-0.0209945
-0.0213251
-0.021661
-0.0220021
-0.0223485
-0.0227005
-0.023058
-0.0234211
-0.0237899
-0.0241645
-0.0245451
-0.0249316
-0.0253242
-0.025723
-0.0261281
-0.0265396
-0.0269575
-0.027382
-0.0278132
-0.0282512
-0.0286961
-0.029148
-0.029607
-0.0300733
-0.0305468
-0.0310279
-0.0315165
-0.0320128
-0.0325169
-0.033029
-0.0335491
-0.0340775
-0.0346141
-0.0351592
-0.0357129
-0.0362753
-0.0368465
-0.0374268
-0.0380162
-0.0386148
-0.0392229
-0.0398406
-0.040468
-0.0411053
-0.0417526
-0.015832
-0.0160813
-0.0163346
-0.0165918
-0.0168531
-0.0171185
-0.0173881
-0.0176619
-0.01794
-0.0182225
-0.0185095
-0.018801
-0.019097
-0.0193978
-0.0197032
-0.0200135
-0.0203287
-0.0206488
-0.020974
-0.0213043
-0.0216398
-0.0219806
-0.0223267
-0.0226783
-0.0230354
-0.0233982
-0.0237667
-0.0241409
-0.0245211
-0.0249072
-0.0252995
-0.0256979
-0.0261026
-0.0265136
-0.0269311
-0.0273552
-0.027786
-0.0282236
-0.0286681
-0.0291195
-0.0295781
-0.0300439
-0.030517
-0.0309976
-0.0314857
-0.0319815
-0.0324852
-0.0329967
-0.0335164
-0.0340442
-0.0345803
-0.0351248
-0.035678
-0.0362398
-0.0368105
-0.0373902
-0.037979
-0.0385771
-0.0391846
-0.0398017
-0.0404284
-0.0410651
-0.0417118
-0.0158126
-0.0160617
-0.0163146
-0.0165715
-0.0168325
-0.0170975
-0.0173668
-0.0176403
-0.0179181
-0.0182002
-0.0184869
-0.018778
-0.0190737
-0.0193741
-0.0196792
-0.0199891
-0.0203038
-0.0206236
-0.0209484
-0.0212782
-0.0216133
-0.0219537
-0.0222994
-0.0226506
-0.0230073
-0.0233696
-0.0237376
-0.0241114
-0.0244911
-0.0248768
-0.0252685
-0.0256665
-0.0260707
-0.0264812
-0.0268982
-0.0273218
-0.0277521
-0.0281891
-0.028633
-0.0290839
-0.0295419
-0.0300071
-0.0304797
-0.0309597
-0.0314472
-0.0319424
-0.0324454
-0.0329564
-0.0334754
-0.0340025
-0.034538
-0.0350819
-0.0356344
-0.0361955
-0.0367655
-0.0373445
-0.0379326
-0.0385299
-0.0391367
-0.039753
-0.040379
-0.0410149
-0.0416608
-0.0157894
-0.0160381
-0.0162906
-0.0165472
-0.0168078
-0.0170724
-0.0173413
-0.0176144
-0.0178918
-0.0181735
-0.0184597
-0.0187504
-0.0190457
-0.0193456
-0.0196503
-0.0199597
-0.020274
-0.0205933
-0.0209176
-0.021247
-0.0215816
-0.0219215
-0.0222667
-0.0226173
-0.0229735
-0.0233353
-0.0237027
-0.024076
-0.0244552
-0.0248403
-0.0252314
-0.0256288
-0.0260324
-0.0264423
-0.0268587
-0.0272817
-0.0277113
-0.0281477
-0.028591
-0.0290412
-0.0294985
-0.0299631
-0.0304349
-0.0309142
-0.031401
-0.0318955
-0.0323978
-0.032908
-0.0334262
-0.0339526
-0.0344873
-0.0350304
-0.035582
-0.0361424
-0.0367115
-0.0372897
-0.0378769
-0.0384734
-0.0390792
-0.0396946
-0.0403197
-0.0409547
-0.0415996
-0.0157624
-0.0160106
-0.0162627
-0.0165188
-0.016779
-0.0170432
-0.0173116
-0.0175842
-0.0178611
-0.0181424
-0.0184281
-0.0187183
-0.019013
-0.0193125
-0.0196166
-0.0199255
-0.0202393
-0.020558
-0.0208817
-0.0212106
-0.0215446
-0.0218839
-0.0222285
-0.0225785
-0.0229341
-0.0232953
-0.0236621
-0.0240347
-0.0244132
-0.0247977
-0.0251882
-0.0255848
-0.0259877
-0.026397
-0.0268127
-0.0272349
-0.0276638
-0.0280995
-0.028542
-0.0289914
-0.029448
-0.0299117
-0.0303828
-0.0308612
-0.0313472
-0.0318409
-0.0323423
-0.0328516
-0.0333689
-0.0338944
-0.0344282
-0.0349703
-0.035521
-0.0360804
-0.0366486
-0.0372257
-0.0378119
-0.0384074
-0.0390122
-0.0396266
-0.0402506
-0.0408845
-0.0415283
-0.0157314
-0.0159792
-0.0162308
-0.0164864
-0.016746
-0.0170098
-0.0172776
-0.0175497
-0.0178261
-0.0181068
-0.0183919
-0.0186816
-0.0189757
-0.0192746
-0.0195781
-0.0198864
-0.0201996
-0.0205177
-0.0208408
-0.021169
-0.0215023
-0.021841
-0.0221849
-0.0225343
-0.0228891
-0.0232496
-0.0236157
-0.0239876
-0.0243653
-0.024749
-0.0251388
-0.0255347
-0.0259368
-0.0263452
-0.0267601
-0.0271815
-0.0276096
-0.0280443
-0.028486
-0.0289346
-0.0293902
-0.029853
-0.0303232
-0.0308007
-0.0312857
-0.0317784
-0.0322788
-0.0327872
-0.0333035
-0.0338279
-0.0343606
-0.0349017
-0.0354514
-0.0360096
-0.0365767
-0.0371527
-0.0377378
-0.0383321
-0.0389357
-0.0395489
-0.0401717
-0.0408043
-0.0414468
-0.0156967
-0.0159439
-0.016195
-0.01645
-0.016709
-0.0169722
-0.0172394
-0.0175109
-0.0177867
-0.0180668
-0.0183513
-0.0186403
-0.0189338
-0.019232
-0.0195348
-0.0198425
-0.0201549
-0.0204723
-0.0207947
-0.0211222
-0.0214548
-0.0217927
-0.0221359
-0.0224845
-0.0228385
-0.0231982
-0.0235635
-0.0239346
-0.0243115
-0.0246944
-0.0250832
-0.0254782
-0.0258795
-0.026287
-0.026701
-0.0271214
-0.0275485
-0.0279824
-0.028423
-0.0288706
-0.0293253
-0.0297871
-0.0302562
-0.0307326
-0.0312166
-0.0317082
-0.0322075
-0.0327147
-0.0332299
-0.0337532
-0.0342847
-0.0348246
-0.035373
-0.0359301
-0.0364959
-0.0370706
-0.0376544
-0.0382474
-0.0388497
-0.0394615
-0.0400829
-0.0407141
-0.0413553
-0.0156581
-0.0159047
-0.0161551
-0.0164095
-0.016668
-0.0169304
-0.0171971
-0.0174679
-0.017743
-0.0180224
-0.0183062
-0.0185945
-0.0188873
-0.0191847
-0.0194868
-0.0197937
-0.0201054
-0.020422
-0.0207436
-0.0210703
-0.0214021
-0.0217391
-0.0220815
-0.0224292
-0.0227824
-0.0231412
-0.0235056
-0.0238758
-0.0242517
-0.0246336
-0.0250216
-0.0254156
-0.0258158
-0.0262224
-0.0266353
-0.0270548
-0.0274808
-0.0279136
-0.0283532
-0.0287997
-0.0292532
-0.0297139
-0.0301818
-0.0306571
-0.0311398
-0.0316302
-0.0321283
-0.0326343
-0.0331482
-0.0336702
-0.0342004
-0.034739
-0.0352861
-0.0358417
-0.0364062
-0.0369795
-0.0375618
-0.0381533
-0.0387542
-0.0393645
-0.0399844
-0.040614
-0.0412536
-0.0156157
-0.0158616
-0.0161114
-0.0163651
-0.0166228
-0.0168846
-0.0171505
-0.0174206
-0.0176949
-0.0179735
-0.0182566
-0.0185441
-0.0188361
-0.0191327
-0.019434
-0.0197401
-0.0200509
-0.0203667
-0.0206874
-0.0210132
-0.0213441
-0.0216802
-0.0220216
-0.0223684
-0.0227207
-0.0230785
-0.0234419
-0.0238111
-0.024186
-0.0245669
-0.0249538
-0.0253468
-0.0257459
-0.0261514
-0.0265632
-0.0269815
-0.0274064
-0.027838
-0.0282764
-0.0287216
-0.0291739
-0.0296334
-0.0301
-0.030574
-0.0310555
-0.0315446
-0.0320413
-0.0325459
-0.0330584
-0.033579
-0.0341078
-0.0346449
-0.0351905
-0.0357447
-0.0363076
-0.0368793
-0.0374601
-0.03805
-0.0386492
-0.0392578
-0.0398761
-0.040504
-0.0411419
-0.0155695
-0.0158146
-0.0160637
-0.0163167
-0.0165736
-0.0168346
-0.0170997
-0.017369
-0.0176425
-0.0179203
-0.0182025
-0.0184892
-0.0187804
-0.0190761
-0.0193765
-0.0196816
-0.0199916
-0.0203064
-0.0206262
-0.020951
-0.0212809
-0.0216161
-0.0219565
-0.0223022
-0.0226534
-0.0230102
-0.0233725
-0.0237406
-0.0241145
-0.0244942
-0.0248799
-0.0252717
-0.0256697
-0.0260739
-0.0264845
-0.0269016
-0.0273253
-0.0277556
-0.0281927
-0.0286366
-0.0290876
-0.0295456
-0.0300109
-0.0304835
-0.0309636
-0.0314512
-0.0319465
-0.0324495
-0.0329605
-0.0334796
-0.0340068
-0.0345424
-0.0350863
-0.0356389
-0.0362001
-0.0367701
-0.0373492
-0.0379374
-0.0385348
-0.0391416
-0.039758
-0.0403841
-0.0410201
-0.0155194
-0.0157638
-0.0160121
-0.0162642
-0.0165204
-0.0167805
-0.0170448
-0.0173132
-0.0175858
-0.0178628
-0.0181441
-0.0184298
-0.01872
-0.0190148
-0.0193142
-0.0196184
-0.0199273
-0.0202412
-0.0205599
-0.0208837
-0.0212126
-0.0215466
-0.0218859
-0.0222306
-0.0225806
-0.0229362
-0.0232974
-0.0236643
-0.024037
-0.0244155
-0.0248
-0.0251905
-0.0255872
-0.0259902
-0.0263994
-0.0268152
-0.0272375
-0.0276664
-0.0281021
-0.0285446
-0.0289941
-0.0294507
-0.0299145
-0.0303856
-0.0308641
-0.0313501
-0.0318438
-0.0323453
-0.0328546
-0.033372
-0.0338976
-0.0344314
-0.0349736
-0.0355243
-0.0360838
-0.036652
-0.0372292
-0.0378155
-0.038411
-0.0390159
-0.0396303
-0.0402544
-0.0408883
-0.0154656
-0.0157092
-0.0159566
-0.0162078
-0.0164631
-0.0167223
-0.0169857
-0.0172531
-0.0175248
-0.0178008
-0.0180811
-0.0183659
-0.0186551
-0.0189489
-0.0192473
-0.0195504
-0.0198582
-0.020171
-0.0204886
-0.0208113
-0.021139
-0.0214719
-0.02181
-0.0221535
-0.0225023
-0.0228567
-0.0232166
-0.0235823
-0.0239536
-0.0243308
-0.024714
-0.0251032
-0.0254985
-0.0259
-0.0263079
-0.0267222
-0.027143
-0.0275704
-0.0280046
-0.0284456
-0.0288936
-0.0293486
-0.0298108
-0.0302802
-0.0307571
-0.0312414
-0.0317334
-0.0322331
-0.0327407
-0.0332563
-0.03378
-0.034312
-0.0348523
-0.0354012
-0.0359586
-0.0365249
-0.0371001
-0.0376843
-0.0382778
-0.0388806
-0.0394928
-0.0401148
-0.0407465
-0.015408
-0.0156507
-0.0158971
-0.0161475
-0.0164018
-0.0166601
-0.0169224
-0.0171889
-0.0174596
-0.0177345
-0.0180138
-0.0182975
-0.0185856
-0.0188783
-0.0191756
-0.0194776
-0.0197843
-0.0200959
-0.0204123
-0.0207338
-0.0210603
-0.0213919
-0.0217288
-0.022071
-0.0224185
-0.0227716
-0.0231302
-0.0234944
-0.0238644
-0.0242402
-0.024622
-0.0250097
-0.0254035
-0.0258036
-0.0262099
-0.0266227
-0.0270419
-0.0274678
-0.0279003
-0.0283397
-0.028786
-0.0292393
-0.0296998
-0.0301675
-0.0306425
-0.0311251
-0.0316152
-0.0321131
-0.0326188
-0.0331325
-0.0336542
-0.0341842
-0.0347225
-0.0352693
-0.0358247
-0.0363889
-0.0369619
-0.037544
-0.0381352
-0.0387358
-0.0393458
-0.0399654
-0.0405947
-0.0153467
-0.0155884
-0.0158338
-0.0160832
-0.0163365
-0.0165937
-0.016855
-0.0171205
-0.0173901
-0.0176639
-0.0179421
-0.0182246
-0.0185116
-0.0188031
-0.0190992
-0.0194
-0.0197055
-0.0200158
-0.020331
-0.0206512
-0.0209764
-0.0213067
-0.0216423
-0.0219831
-0.0223293
-0.0226809
-0.0230381
-0.0234009
-0.0237694
-0.0241437
-0.0245239
-0.0249101
-0.0253024
-0.0257008
-0.0261056
-0.0265167
-0.0269343
-0.0273584
-0.0277892
-0.0282269
-0.0286714
-0.0291229
-0.0295815
-0.0300473
-0.0305205
-0.0310011
-0.0314893
-0.0319852
-0.0324889
-0.0330005
-0.0335202
-0.0340481
-0.0345843
-0.0351289
-0.0356821
-0.036244
-0.0368148
-0.0373945
-0.0379834
-0.0385815
-0.0391891
-0.0398062
-0.0404331
-0.0152816
-0.0155222
-0.0157667
-0.016015
-0.0162672
-0.0165233
-0.0167835
-0.0170478
-0.0173163
-0.017589
-0.017866
-0.0181473
-0.0184331
-0.0187234
-0.0190182
-0.0193177
-0.0196219
-0.0199309
-0.0202448
-0.0205636
-0.0208874
-0.0212164
-0.0215505
-0.0218898
-0.0222346
-0.0225847
-0.0229404
-0.0233016
-0.0236686
-0.0240413
-0.0244199
-0.0248044
-0.0251951
-0.0255918
-0.0259948
-0.0264042
-0.02682
-0.0272424
-0.0276714
-0.0281071
-0.0285497
-0.0289993
-0.029456
-0.0299199
-0.030391
-0.0308696
-0.0313558
-0.0318495
-0.0323511
-0.0328606
-0.033378
-0.0339037
-0.0344376
-0.0349799
-0.0355307
-0.0360903
-0.0366586
-0.0372359
-0.0378223
-0.0384179
-0.0390229
-0.0396374
-0.0402616
-0.0152127
-0.0154523
-0.0156957
-0.0159428
-0.0161939
-0.0164489
-0.0167079
-0.016971
-0.0172383
-0.0175098
-0.0177855
-0.0180656
-0.0183501
-0.018639
-0.0189326
-0.0192307
-0.0195336
-0.0198412
-0.0201536
-0.020471
-0.0207934
-0.0211208
-0.0214534
-0.0217913
-0.0221344
-0.022483
-0.022837
-0.0231967
-0.023562
-0.023933
-0.0243099
-0.0246927
-0.0250816
-0.0254766
-0.0258778
-0.0262853
-0.0266992
-0.0271197
-0.0275467
-0.0279805
-0.0284212
-0.0288687
-0.0293233
-0.0297851
-0.0302542
-0.0307306
-0.0312145
-0.0317061
-0.0322054
-0.0327125
-0.0332277
-0.033751
-0.0342825
-0.0348223
-0.0353707
-0.0359277
-0.0364935
-0.0370682
-0.0376519
-0.0382448
-0.0388471
-0.0394589
-0.0400802
-0.0151402
-0.0153786
-0.0156208
-0.0158668
-0.0161167
-0.0163705
-0.0166283
-0.0168901
-0.0171561
-0.0174263
-0.0177007
-0.0179794
-0.0182626
-0.0185502
-0.0188423
-0.019139
-0.0194404
-0.0197465
-0.0200575
-0.0203734
-0.0206942
-0.0210201
-0.0213511
-0.0216873
-0.0220289
-0.0223758
-0.0227281
-0.0230861
-0.0234496
-0.0238189
-0.024194
-0.024575
-0.024962
-0.0253551
-0.0257544
-0.0261599
-0.0265719
-0.0269903
-0.0274154
-0.0278471
-0.0282856
-0.0287311
-0.0291835
-0.0296431
-0.0301099
-0.0305841
-0.0310657
-0.0315549
-0.0320518
-0.0325566
-0.0330692
-0.03359
-0.034119
-0.0346563
-0.035202
-0.0357564
-0.0363195
-0.0368914
-0.0374724
-0.0380625
-0.0386619
-0.0392707
-0.0398891
-0.015064
-0.0153012
-0.0155421
-0.0157869
-0.0160355
-0.016288
-0.0165445
-0.0168051
-0.0170697
-0.0173385
-0.0176116
-0.0178889
-0.0181706
-0.0184568
-0.0187474
-0.0190426
-0.0193425
-0.0196471
-0.0199565
-0.0202708
-0.02059
-0.0209142
-0.0212436
-0.0215781
-0.0219179
-0.0222631
-0.0226137
-0.0229698
-0.0233315
-0.0236989
-0.0240721
-0.0244512
-0.0248363
-0.0252274
-0.0256247
-0.0260282
-0.0264381
-0.0268544
-0.0272773
-0.0277069
-0.0281432
-0.0285864
-0.0290365
-0.0294938
-0.0299583
-0.03043
-0.0309092
-0.031396
-0.0318904
-0.0323926
-0.0329027
-0.0334209
-0.0339472
-0.0344818
-0.0350248
-0.0355763
-0.0361366
-0.0367056
-0.0372837
-0.0378708
-0.0384672
-0.0390729
-0.0396883
-0.014984
-0.01522
-0.0154597
-0.0157031
-0.0159504
-0.0162016
-0.0164568
-0.0167159
-0.0169791
-0.0172465
-0.0175181
-0.017794
-0.0180742
-0.0183588
-0.0186479
-0.0189416
-0.0192399
-0.0195429
-0.0198506
-0.0201632
-0.0204808
-0.0208033
-0.0211309
-0.0214637
-0.0218017
-0.022145
-0.0224937
-0.0228479
-0.0232077
-0.0235732
-0.0239444
-0.0243215
-0.0247045
-0.0250936
-0.0254887
-0.0258901
-0.0262978
-0.0267119
-0.0271326
-0.0275599
-0.0279939
-0.0284347
-0.0288825
-0.0293373
-0.0297993
-0.0302686
-0.0307453
-0.0312294
-0.0317212
-0.0322208
-0.0327282
-0.0332436
-0.0337671
-0.0342988
-0.0348389
-0.0353876
-0.0359449
-0.0365109
-0.0370859
-0.0376699
-0.0382631
-0.0388657
-0.0394777
-0.0149005
-0.0151351
-0.0153735
-0.0156156
-0.0158615
-0.0161112
-0.016365
-0.0166227
-0.0168844
-0.0171503
-0.0174204
-0.0176947
-0.0179734
-0.0182564
-0.0185439
-0.018836
-0.0191326
-0.0194339
-0.0197399
-0.0200508
-0.0203665
-0.0206873
-0.021013
-0.0213439
-0.0216801
-0.0220215
-0.0223683
-0.0227205
-0.0230783
-0.0234417
-0.0238109
-0.0241858
-0.0245667
-0.0249536
-0.0253466
-0.0257457
-0.0261511
-0.026563
-0.0269813
-0.0274062
-0.0278377
-0.0282761
-0.0287214
-0.0291737
-0.0296331
-0.0300998
-0.0305738
-0.0310552
-0.0315443
-0.032041
-0.0325456
-0.0330581
-0.0335787
-0.0341075
-0.0346446
-0.0351902
-0.0357444
-0.0363073
-0.036879
-0.0374598
-0.0380497
-0.0386489
-0.0392575
-0.0148133
-0.0150465
-0.0152835
-0.0155242
-0.0157686
-0.0160169
-0.0162692
-0.0165254
-0.0167856
-0.01705
-0.0173184
-0.0175912
-0.0178682
-0.0181496
-0.0184354
-0.0187257
-0.0190206
-0.0193201
-0.0196244
-0.0199334
-0.0202473
-0.0205662
-0.02089
-0.021219
-0.0215532
-0.0218926
-0.0222373
-0.0225875
-0.0229432
-0.0233045
-0.0236715
-0.0240443
-0.0244229
-0.0248075
-0.0251982
-0.025595
-0.0259981
-0.0264075
-0.0268233
-0.0272457
-0.0276748
-0.0281106
-0.0285533
-0.0290029
-0.0294597
-0.0299236
-0.0303948
-0.0308735
-0.0313597
-0.0318535
-0.0323551
-0.0328646
-0.0333822
-0.0339079
-0.0344418
-0.0349842
-0.0355352
-0.0360947
-0.0366632
-0.0372405
-0.037827
-0.0384227
-0.0390277
-0.0147224
-0.0149543
-0.0151898
-0.015429
-0.0156719
-0.0159187
-0.0161694
-0.0164241
-0.0166827
-0.0169454
-0.0172123
-0.0174833
-0.0177586
-0.0180383
-0.0183224
-0.0186109
-0.018904
-0.0192017
-0.019504
-0.0198112
-0.0201232
-0.0204401
-0.0207619
-0.0210889
-0.021421
-0.0217583
-0.022101
-0.022449
-0.0228025
-0.0231616
-0.0235264
-0.0238969
-0.0242732
-0.0246554
-0.0250437
-0.0254381
-0.0258387
-0.0262456
-0.0266589
-0.0270787
-0.0275051
-0.0279383
-0.0283782
-0.0288251
-0.029279
-0.0297401
-0.0302085
-0.0306842
-0.0311674
-0.0316582
-0.0321567
-0.0326631
-0.0331775
-0.0337
-0.0342307
-0.0347697
-0.0353173
-0.0358734
-0.0364384
-0.0370122
-0.037595
-0.0381871
-0.0387884
-0.014628
-0.0148584
-0.0150923
-0.01533
-0.0155714
-0.0158166
-0.0160657
-0.0163187
-0.0165757
-0.0168367
-0.0171019
-0.0173712
-0.0176447
-0.0179226
-0.0182048
-0.0184915
-0.0187827
-0.0190785
-0.019379
-0.0196841
-0.0199941
-0.020309
-0.0206288
-0.0209536
-0.0212836
-0.0216188
-0.0219592
-0.022305
-0.0226563
-0.0230131
-0.0233755
-0.0237436
-0.0241175
-0.0244973
-0.0248831
-0.0252749
-0.0256729
-0.0260772
-0.0264879
-0.026905
-0.0273287
-0.0277591
-0.0281962
-0.0286402
-0.0290913
-0.0295494
-0.0300147
-0.0304874
-0.0309675
-0.0314551
-0.0319505
-0.0324536
-0.0329647
-0.0334838
-0.0340111
-0.0345467
-0.0350907
-0.0356433
-0.0362046
-0.0367748
-0.0373539
-0.0379421
-0.0385396
-0.01453
-0.0147588
-0.0149912
-0.0152273
-0.0154671
-0.0157107
-0.0159581
-0.0162094
-0.0164647
-0.0167239
-0.0169873
-0.0172548
-0.0175265
-0.0178025
-0.0180829
-0.0183676
-0.0186569
-0.0189507
-0.0192491
-0.0195523
-0.0198602
-0.0201729
-0.0204906
-0.0208133
-0.021141
-0.021474
-0.0218121
-0.0221556
-0.0225045
-0.0228589
-0.0232189
-0.0235845
-0.0239559
-0.0243332
-0.0247164
-0.0251056
-0.025501
-0.0259025
-0.0263104
-0.0267248
-0.0271456
-0.0275731
-0.0280073
-0.0284484
-0.0288964
-0.0293514
-0.0298136
-0.0302831
-0.03076
-0.0312444
-0.0317364
-0.0322362
-0.0327439
-0.0332595
-0.0337833
-0.0343153
-0.0348557
-0.0354046
-0.0359621
-0.0365284
-0.0371037
-0.037688
-0.0382815
-0.0144285
-0.0146557
-0.0148865
-0.0151209
-0.015359
-0.0156009
-0.0158466
-0.0160961
-0.0163496
-0.0166071
-0.0168686
-0.0171342
-0.017404
-0.0176781
-0.0179565
-0.0182393
-0.0185265
-0.0188183
-0.0191146
-0.0194156
-0.0197214
-0.0200319
-0.0203474
-0.0206678
-0.0209933
-0.0213239
-0.0216597
-0.0220008
-0.0223472
-0.0226992
-0.0230566
-0.0234197
-0.0237885
-0.0241631
-0.0245436
-0.0249301
-0.0253227
-0.0257215
-0.0261266
-0.026538
-0.0269559
-0.0273804
-0.0278116
-0.0282496
-0.0286944
-0.0291463
-0.0296053
-0.0300715
-0.0305451
-0.0310261
-0.0315147
-0.0320109
-0.032515
-0.0330271
-0.0335472
-0.0340755
-0.0346121
-0.0351571
-0.0357108
-0.0362731
-0.0368444
-0.0374246
-0.0380139
-0.0143234
-0.014549
-0.0147781
-0.0150108
-0.0152472
-0.0154873
-0.0157312
-0.0159789
-0.0162305
-0.0164861
-0.0167457
-0.0170095
-0.0172773
-0.0175494
-0.0178258
-0.0181065
-0.0183916
-0.0186812
-0.0189754
-0.0192742
-0.0195778
-0.0198861
-0.0201992
-0.0205173
-0.0208404
-0.0211686
-0.021502
-0.0218406
-0.0221845
-0.0225339
-0.0228887
-0.0232492
-0.0236153
-0.0239872
-0.0243649
-0.0247486
-0.0251383
-0.0255342
-0.0259363
-0.0263448
-0.0267596
-0.027181
-0.0276091
-0.0280438
-0.0284855
-0.0289341
-0.0293897
-0.0298525
-0.0303226
-0.0308001
-0.0312852
-0.0317778
-0.0322783
-0.0327866
-0.0333029
-0.0338273
-0.03436
-0.0349011
-0.0354507
-0.036009
-0.0365761
-0.0371521
-0.0377371
-0.0142148
-0.0144387
-0.0146661
-0.014897
-0.0151316
-0.0153699
-0.0156119
-0.0158578
-0.0161075
-0.0163612
-0.0166188
-0.0168805
-0.0171464
-0.0174164
-0.0176906
-0.0179692
-0.0182522
-0.0185396
-0.0188316
-0.0191281
-0.0194294
-0.0197353
-0.0200461
-0.0203618
-0.0206825
-0.0210082
-0.021339
-0.021675
-0.0220164
-0.0223631
-0.0227152
-0.023073
-0.0234363
-0.0238054
-0.0241802
-0.024561
-0.0249478
-0.0253407
-0.0257397
-0.0261451
-0.0265568
-0.026975
-0.0273998
-0.0278313
-0.0282696
-0.0287148
-0.0291669
-0.0296263
-0.0300928
-0.0305667
-0.0310481
-0.031537
-0.0320336
-0.0325381
-0.0330505
-0.0335709
-0.0340996
-0.0346366
-0.0351821
-0.0357361
-0.0362988
-0.0368705
-0.0374511
-0.0141028
-0.0143249
-0.0145505
-0.0147796
-0.0150124
-0.0152488
-0.0154889
-0.0157328
-0.0159806
-0.0162322
-0.0164878
-0.0167475
-0.0170112
-0.0172791
-0.0175512
-0.0178276
-0.0181084
-0.0183935
-0.0186832
-0.0189774
-0.0192762
-0.0195798
-0.0198881
-0.0202013
-0.0205195
-0.0208426
-0.0211708
-0.0215042
-0.0218428
-0.0221868
-0.0225362
-0.0228911
-0.0232516
-0.0236177
-0.0239897
-0.0243675
-0.0247512
-0.025141
-0.0255369
-0.025939
-0.0263475
-0.0267624
-0.0271839
-0.0276119
-0.0280468
-0.0284884
-0.0289371
-0.0293928
-0.0298556
-0.0303258
-0.0308034
-0.0312884
-0.0317812
-0.0322816
-0.03279
-0.0333064
-0.0338309
-0.0343636
-0.0349048
-0.0354544
-0.0360128
-0.0365799
-0.0371559
-0.0139873
-0.0142076
-0.0144313
-0.0146586
-0.0148894
-0.0151239
-0.0153621
-0.015604
-0.0158497
-0.0160993
-0.0163528
-0.0166104
-0.0168719
-0.0171376
-0.0174075
-0.0176816
-0.0179601
-0.0182429
-0.0185302
-0.018822
-0.0191184
-0.0194195
-0.0197253
-0.0200359
-0.0203514
-0.0206719
-0.0209975
-0.0213281
-0.021664
-0.0220052
-0.0223517
-0.0227037
-0.0230612
-0.0234244
-0.0237932
-0.0241679
-0.0245485
-0.0249351
-0.0253278
-0.0257266
-0.0261318
-0.0265433
-0.0269613
-0.0273859
-0.0278171
-0.0282552
-0.0287001
-0.0291521
-0.0296112
-0.0300775
-0.0305511
-0.0310322
-0.0315209
-0.0320173
-0.0325215
-0.0330336
-0.0335538
-0.0340822
-0.034619
-0.0351641
-0.0357179
-0.0362804
-0.0368517
-0.0138684
-0.0140868
-0.0143087
-0.014534
-0.0147629
-0.0149954
-0.0152315
-0.0154714
-0.015715
-0.0159625
-0.0162138
-0.0164692
-0.0167285
-0.016992
-0.0172595
-0.0175313
-0.0178074
-0.0180878
-0.0183727
-0.018662
-0.0189559
-0.0192544
-0.0195576
-0.0198656
-0.0201785
-0.0204962
-0.020819
-0.0211468
-0.0214799
-0.0218181
-0.0221617
-0.0225107
-0.0228652
-0.0232253
-0.023591
-0.0239625
-0.0243399
-0.0247232
-0.0251125
-0.025508
-0.0259096
-0.0263177
-0.0267321
-0.0271531
-0.0275807
-0.028015
-0.0284562
-0.0289043
-0.0293595
-0.0298218
-0.0302914
-0.0307685
-0.031253
-0.0317452
-0.0322451
-0.0327529
-0.0332686
-0.0337926
-0.0343247
-0.0348652
-0.0354143
-0.035972
-0.0365385
-0.0137462
-0.0139626
-0.0141825
-0.0144059
-0.0146327
-0.0148631
-0.0150972
-0.0153349
-0.0155764
-0.0158217
-0.0160709
-0.016324
-0.016581
-0.0168421
-0.0171074
-0.0173768
-0.0176504
-0.0179284
-0.0182107
-0.0184975
-0.0187888
-0.0190847
-0.0193852
-0.0196905
-0.0200005
-0.0203155
-0.0206354
-0.0209604
-0.0212905
-0.0216257
-0.0219663
-0.0223122
-0.0226636
-0.0230205
-0.023383
-0.0237512
-0.0241253
-0.0245052
-0.0248911
-0.0252831
-0.0256812
-0.0260856
-0.0264964
-0.0269137
-0.0273375
-0.027768
-0.0282053
-0.0286495
-0.0291006
-0.0295589
-0.0300244
-0.0304972
-0.0309774
-0.0314653
-0.0319608
-0.0324641
-0.0329753
-0.0334946
-0.0340221
-0.0345578
-0.035102
-0.0356548
-0.0362163
-0.0136205
-0.013835
-0.0140529
-0.0142742
-0.014499
-0.0147273
-0.0149592
-0.0151948
-0.0154341
-0.0156771
-0.015924
-0.0161748
-0.0164295
-0.0166882
-0.016951
-0.017218
-0.0174891
-0.0177645
-0.0180443
-0.0183284
-0.0186171
-0.0189102
-0.019208
-0.0195105
-0.0198177
-0.0201298
-0.0204468
-0.0207688
-0.0210959
-0.0214281
-0.0217655
-0.0221083
-0.0224565
-0.0228101
-0.0231693
-0.0235342
-0.0239048
-0.0242812
-0.0246636
-0.025052
-0.0254465
-0.0258472
-0.0262543
-0.0266677
-0.0270877
-0.0275142
-0.0279475
-0.0283876
-0.0288347
-0.0292887
-0.02975
-0.0302185
-0.0306943
-0.0311777
-0.0316687
-0.0321674
-0.0326739
-0.0331885
-0.0337111
-0.034242
-0.0347812
-0.035329
-0.0358853
-0.0134916
-0.013704
-0.0139198
-0.014139
-0.0143617
-0.0145879
-0.0148176
-0.0150509
-0.015288
-0.0155287
-0.0157732
-0.0160216
-0.0162739
-0.0165302
-0.0167905
-0.0170549
-0.0173235
-0.0175963
-0.0178734
-0.0181549
-0.0184408
-0.0187312
-0.0190262
-0.0193258
-0.0196301
-0.0199392
-0.0202532
-0.0205722
-0.0208962
-0.0212252
-0.0215595
-0.021899
-0.0222438
-0.0225941
-0.0229499
-0.0233113
-0.0236784
-0.0240513
-0.0244301
-0.0248148
-0.0252056
-0.0256025
-0.0260057
-0.0264152
-0.0268312
-0.0272537
-0.0276829
-0.0281188
-0.0285617
-0.0290114
-0.0294683
-0.0299324
-0.0304037
-0.0308825
-0.0313688
-0.0318628
-0.0323646
-0.0328743
-0.033392
-0.0339178
-0.0344519
-0.0349945
-0.0355455
-0.0133593
-0.0135697
-0.0137834
-0.0140004
-0.0142209
-0.0144449
-0.0146723
-0.0149034
-0.0151381
-0.0153765
-0.0156186
-0.0158646
-0.0161144
-0.0163682
-0.0166259
-0.0168878
-0.0171537
-0.0174238
-0.0176982
-0.0179769
-0.01826
-0.0185476
-0.0188397
-0.0191363
-0.0194377
-0.0197438
-0.0200547
-0.0203705
-0.0206913
-0.0210172
-0.0213481
-0.0216843
-0.0220258
-0.0223726
-0.022725
-0.0230828
-0.0234463
-0.0238156
-0.0241906
-0.0245715
-0.0249585
-0.0253515
-0.0257508
-0.0261563
-0.0265682
-0.0269866
-0.0274115
-0.0278432
-0.0282817
-0.028727
-0.0291794
-0.0296389
-0.0301057
-0.0305798
-0.0310613
-0.0315505
-0.0320473
-0.032552
-0.0330646
-0.0335853
-0.0341142
-0.0346514
-0.0351971
-0.0132238
-0.0134321
-0.0136436
-0.0138584
-0.0140767
-0.0142983
-0.0145235
-0.0147522
-0.0149845
-0.0152205
-0.0154602
-0.0157037
-0.015951
-0.0162021
-0.0164573
-0.0167165
-0.0169797
-0.0172471
-0.0175187
-0.0177946
-0.0180748
-0.0183594
-0.0186486
-0.0189422
-0.0192405
-0.0195435
-0.0198513
-0.0201639
-0.0204814
-0.020804
-0.0211316
-0.0214644
-0.0218024
-0.0221457
-0.0224944
-0.0228487
-0.0232085
-0.023574
-0.0239452
-0.0243223
-0.0247053
-0.0250944
-0.0254896
-0.025891
-0.0262987
-0.0267128
-0.0271335
-0.0275608
-0.0279948
-0.0284357
-0.0288834
-0.0293383
-0.0298003
-0.0302696
-0.0307463
-0.0312305
-0.0317223
-0.0322218
-0.0327292
-0.0332446
-0.0337682
-0.0342999
-0.0348401
-0.0130851
-0.0132911
-0.0135004
-0.013713
-0.013929
-0.0141483
-0.0143711
-0.0145974
-0.0148273
-0.0150608
-0.015298
-0.0155389
-0.0157836
-0.0160322
-0.0162846
-0.0165411
-0.0168016
-0.0170661
-0.0173349
-0.0176079
-0.0178852
-0.0181668
-0.0184529
-0.0187435
-0.0190387
-0.0193385
-0.019643
-0.0199523
-0.0202665
-0.0205857
-0.0209099
-0.0212392
-0.0215736
-0.0219134
-0.0222584
-0.022609
-0.022965
-0.0233266
-0.023694
-0.0240671
-0.0244461
-0.0248311
-0.0252221
-0.0256193
-0.0260228
-0.0264326
-0.0268488
-0.0272716
-0.0277011
-0.0281373
-0.0285804
-0.0290305
-0.0294876
-0.029952
-0.0304237
-0.0309028
-0.0313894
-0.0318837
-0.0323858
-0.0328958
-0.0334139
-0.0339401
-0.0344746
-0.0129431
-0.013147
-0.013354
-0.0135643
-0.0137779
-0.0139949
-0.0142152
-0.0144391
-0.0146665
-0.0148975
-0.0151321
-0.0153703
-0.0156124
-0.0158583
-0.016108
-0.0163616
-0.0166193
-0.016881
-0.0171469
-0.0174169
-0.0176912
-0.0179698
-0.0182527
-0.0185402
-0.0188321
-0.0191287
-0.0194299
-0.0197359
-0.0200467
-0.0203624
-0.0206831
-0.0210088
-0.0213396
-0.0216757
-0.022017
-0.0223637
-0.0227159
-0.0230736
-0.023437
-0.0238061
-0.0241809
-0.0245617
-0.0249485
-0.0253414
-0.0257405
-0.0261458
-0.0265576
-0.0269758
-0.0274006
-0.0278321
-0.0282704
-0.0287156
-0.0291678
-0.0296271
-0.0300937
-0.0305676
-0.031049
-0.0315379
-0.0320346
-0.032539
-0.0330514
-0.0335719
-0.0341006
-0.012798
-0.0129996
-0.0132043
-0.0134122
-0.0136234
-0.013838
-0.0140559
-0.0142772
-0.0145021
-0.0147304
-0.0149624
-0.015198
-0.0154374
-0.0156805
-0.0159274
-0.0161782
-0.016433
-0.0166918
-0.0169546
-0.0172216
-0.0174928
-0.0177683
-0.0180481
-0.0183323
-0.018621
-0.0189143
-0.0192121
-0.0195147
-0.019822
-0.0201341
-0.0204512
-0.0207733
-0.0211004
-0.0214327
-0.0217702
-0.022113
-0.0224612
-0.022815
-0.0231742
-0.0235392
-0.0239099
-0.0242864
-0.0246689
-0.0250573
-0.0254519
-0.0258527
-0.0262599
-0.0266734
-0.0270934
-0.0275201
-0.0279535
-0.0283937
-0.0288408
-0.029295
-0.0297563
-0.0302249
-0.0307009
-0.0311844
-0.0316754
-0.0321743
-0.0326809
-0.0331956
-0.0337183
-0.0126498
-0.012849
-0.0130514
-0.0132569
-0.0134657
-0.0136777
-0.0138931
-0.0141119
-0.0143341
-0.0145598
-0.0147891
-0.015022
-0.0152586
-0.0154989
-0.0157429
-0.0159909
-0.0162427
-0.0164985
-0.0167583
-0.0170222
-0.0172902
-0.0175625
-0.0178391
-0.01812
-0.0184054
-0.0186952
-0.0189896
-0.0192887
-0.0195924
-0.019901
-0.0202143
-0.0205327
-0.020856
-0.0211845
-0.0215181
-0.0218569
-0.0222011
-0.0225507
-0.0229059
-0.0232666
-0.023633
-0.0240051
-0.0243832
-0.0247671
-0.0251572
-0.0255533
-0.0259557
-0.0263645
-0.0267797
-0.0272014
-0.0276297
-0.0280648
-0.0285068
-0.0289557
-0.0294117
-0.0298749
-0.0303453
-0.0308232
-0.0313086
-0.0318016
-0.0323024
-0.0328111
-0.0333278
-0.0124985
-0.0126953
-0.0128953
-0.0130983
-0.0133046
-0.0135141
-0.0137269
-0.0139431
-0.0141627
-0.0143857
-0.0146122
-0.0148423
-0.0150761
-0.0153135
-0.0155546
-0.0157996
-0.0160484
-0.0163011
-0.0165578
-0.0168186
-0.0170834
-0.0173525
-0.0176257
-0.0179033
-0.0181852
-0.0184716
-0.0187625
-0.0190579
-0.0193581
-0.0196629
-0.0199726
-0.0202871
-0.0206066
-0.0209311
-0.0212607
-0.0215955
-0.0219356
-0.022281
-0.0226319
-0.0229883
-0.0233503
-0.023718
-0.0240915
-0.0244709
-0.0248562
-0.0252477
-0.0256453
-0.0260491
-0.0264593
-0.026876
-0.0272992
-0.0277291
-0.0281658
-0.0286094
-0.0290599
-0.0295175
-0.0299824
-0.0304545
-0.0309341
-0.0314212
-0.0319161
-0.0324187
-0.0329292
-0.0123441
-0.0125385
-0.012736
-0.0129366
-0.0131403
-0.0133472
-0.0135574
-0.0137709
-0.0139877
-0.014208
-0.0144318
-0.014659
-0.0148899
-0.0151244
-0.0153625
-0.0156045
-0.0158502
-0.0160998
-0.0163533
-0.0166109
-0.0168724
-0.0171381
-0.017408
-0.0176822
-0.0179606
-0.0182435
-0.0185308
-0.0188226
-0.019119
-0.0194201
-0.0197259
-0.0200365
-0.0203521
-0.0206726
-0.0209981
-0.0213288
-0.0216646
-0.0220058
-0.0223524
-0.0227044
-0.0230619
-0.0234251
-0.023794
-0.0241687
-0.0245493
-0.0249359
-0.0253285
-0.0257274
-0.0261326
-0.0265441
-0.0269621
-0.0273867
-0.027818
-0.028256
-0.028701
-0.029153
-0.0296121
-0.0300784
-0.0305521
-0.0310332
-0.0315219
-0.0320183
-0.0325225
-0.0121868
-0.0123787
-0.0125736
-0.0127716
-0.0129728
-0.013177
-0.0133846
-0.0135953
-0.0138094
-0.0140269
-0.0142478
-0.0144722
-0.0147001
-0.0149315
-0.0151667
-0.0154055
-0.0156481
-0.0158945
-0.0161449
-0.0163991
-0.0166573
-0.0169197
-0.0171861
-0.0174567
-0.0177316
-0.0180109
-0.0182945
-0.0185826
-0.0188752
-0.0191725
-0.0194744
-0.0197811
-0.0200926
-0.020409
-0.0207304
-0.0210569
-0.0213885
-0.0217253
-0.0220674
-0.0224149
-0.0227679
-0.0231264
-0.0234906
-0.0238605
-0.0242363
-0.024618
-0.0250056
-0.0253994
-0.0257994
-0.0262057
-0.0266184
-0.0270375
-0.0274633
-0.0278958
-0.0283351
-0.0287813
-0.0292345
-0.0296949
-0.0301626
-0.0306375
-0.03112
-0.0316101
-0.0321079
-0.0120264
-0.0122158
-0.0124082
-0.0126036
-0.0128021
-0.0130037
-0.0132084
-0.0134164
-0.0136277
-0.0138423
-0.0140603
-0.0142817
-0.0145066
-0.0147351
-0.0149671
-0.0152028
-0.0154422
-0.0156854
-0.0159324
-0.0161833
-0.0164382
-0.016697
-0.01696
-0.0172271
-0.0174983
-0.0177739
-0.0180538
-0.0183381
-0.0186269
-0.0189202
-0.0192182
-0.0195208
-0.0198282
-0.0201405
-0.0204576
-0.0207798
-0.021107
-0.0214394
-0.021777
-0.02212
-0.0224683
-0.0228221
-0.0231815
-0.0235466
-0.0239174
-0.024294
-0.0246766
-0.0250652
-0.0254599
-0.0258609
-0.0262681
-0.0266818
-0.027102
-0.0275288
-0.0279623
-0.0284026
-0.0288499
-0.0293042
-0.0297657
-0.0302344
-0.0307105
-0.0311942
-0.0316854
-0.0118631
-0.01205
-0.0122397
-0.0124325
-0.0126282
-0.0128271
-0.0130291
-0.0132343
-0.0134427
-0.0136544
-0.0138694
-0.0140878
-0.0143097
-0.014535
-0.0147639
-0.0149964
-0.0152326
-0.0154725
-0.0157161
-0.0159636
-0.016215
-0.0164703
-0.0167297
-0.0169932
-0.0172608
-0.0175326
-0.0178087
-0.0180891
-0.018374
-0.0186633
-0.0189572
-0.0192558
-0.019559
-0.019867
-0.0201799
-0.0204977
-0.0208205
-0.0211483
-0.0214814
-0.0218197
-0.0221633
-0.0225123
-0.0228668
-0.0232269
-0.0235927
-0.0239642
-0.0243416
-0.0247249
-0.0251143
-0.0255098
-0.0259115
-0.0263195
-0.026734
-0.027155
-0.0275826
-0.028017
-0.0284582
-0.0289063
-0.0293616
-0.0298239
-0.0302936
-0.0307706
-0.0312552
-0.011697
-0.0118812
-0.0120683
-0.0122583
-0.0124513
-0.0126474
-0.0128466
-0.0130489
-0.0132544
-0.0134631
-0.0136751
-0.0138905
-0.0141092
-0.0143314
-0.0145571
-0.0147863
-0.0150192
-0.0152557
-0.015496
-0.01574
-0.0159878
-0.0162396
-0.0164954
-0.0167551
-0.017019
-0.017287
-0.0175592
-0.0178357
-0.0181166
-0.0184019
-0.0186917
-0.018986
-0.019285
-0.0195887
-0.0198972
-0.0202105
-0.0205288
-0.0208521
-0.0211805
-0.021514
-0.0218528
-0.0221969
-0.0225465
-0.0229015
-0.0232622
-0.0236285
-0.0240006
-0.0243786
-0.0247625
-0.0251524
-0.0255485
-0.0259508
-0.0263595
-0.0267746
-0.0271962
-0.0276245
-0.0280595
-0.0285014
-0.0289502
-0.0294062
-0.0298692
-0.0303396
-0.0308174
-0.0115279
-0.0117095
-0.0118939
-0.0120812
-0.0122714
-0.0124647
-0.0126609
-0.0128603
-0.0130628
-0.0132686
-0.0134775
-0.0136897
-0.0139053
-0.0141243
-0.0143467
-0.0145727
-0.0148021
-0.0150352
-0.015272
-0.0155125
-0.0157568
-0.0160049
-0.016257
-0.016513
-0.016773
-0.0170372
-0.0173055
-0.017578
-0.0178548
-0.018136
-0.0184216
-0.0187117
-0.0190063
-0.0193056
-0.0196097
-0.0199185
-0.0202321
-0.0205507
-0.0208744
-0.0212031
-0.021537
-0.0218762
-0.0222207
-0.0225706
-0.022926
-0.023287
-0.0236538
-0.0240263
-0.0244046
-0.0247889
-0.0251793
-0.0255758
-0.0259786
-0.0263877
-0.0268032
-0.0272253
-0.027654
-0.0280895
-0.0285319
-0.0289812
-0.0294376
-0.0299012
-0.030372
-0.0113561
-0.0115349
-0.0117166
-0.0119011
-0.0120885
-0.0122788
-0.0124722
-0.0126686
-0.0128681
-0.0130708
-0.0132766
-0.0134857
-0.013698
-0.0139137
-0.0141329
-0.0143554
-0.0145815
-0.0148111
-0.0150444
-0.0152813
-0.0155219
-0.0157663
-0.0160146
-0.0162668
-0.016523
-0.0167832
-0.0170475
-0.0173159
-0.0175886
-0.0178656
-0.0181469
-0.0184327
-0.018723
-0.0190178
-0.0193173
-0.0196215
-0.0199305
-0.0202444
-0.0205632
-0.020887
-0.0212159
-0.02155
-0.0218894
-0.0222341
-0.0225842
-0.0229399
-0.0233011
-0.0236681
-0.0240408
-0.0244194
-0.0248039
-0.0251945
-0.0255913
-0.0259943
-0.0264037
-0.0268195
-0.0272418
-0.0276708
-0.0281065
-0.0285492
-0.0289987
-0.0294554
-0.0299193
-0.0111814
-0.0113575
-0.0115364
-0.0117181
-0.0119026
-0.01209
-0.0122804
-0.0124738
-0.0126702
-0.0128698
-0.0130724
-0.0132783
-0.0134874
-0.0136998
-0.0139155
-0.0141347
-0.0143573
-0.0145834
-0.014813
-0.0150463
-0.0152832
-0.0155239
-0.0157684
-0.0160167
-0.0162689
-0.0165251
-0.0167853
-0.0170497
-0.0173182
-0.0175909
-0.0178679
-0.0181493
-0.0184351
-0.0187254
-0.0190203
-0.0193198
-0.0196241
-0.0199331
-0.020247
-0.0205658
-0.0208897
-0.0212187
-0.0215528
-0.0218922
-0.022237
-0.0225871
-0.0229428
-0.0233041
-0.0236711
-0.0240439
-0.0244225
-0.0248071
-0.0251978
-0.0255946
-0.0259976
-0.026407
-0.0268229
-0.0272453
-0.0276743
-0.0281102
-0.0285528
-0.0290025
-0.0294592
-0.0110041
-0.0111774
-0.0113534
-0.0115322
-0.0117138
-0.0118983
-0.0120856
-0.012276
-0.0124693
-0.0126656
-0.0128651
-0.0130677
-0.0132735
-0.0134825
-0.0136948
-0.0139105
-0.0141295
-0.014352
-0.0145781
-0.0148076
-0.0150408
-0.0152777
-0.0155183
-0.0157626
-0.0160109
-0.016263
-0.0165191
-0.0167792
-0.0170435
-0.0173119
-0.0175845
-0.0178614
-0.0181427
-0.0184284
-0.0187186
-0.0190134
-0.0193128
-0.0196169
-0.0199258
-0.0202396
-0.0205584
-0.0208821
-0.0212109
-0.021545
-0.0218843
-0.0222289
-0.0225789
-0.0229345
-0.0232957
-0.0236625
-0.0240352
-0.0244137
-0.0247981
-0.0251886
-0.0255853
-0.0259882
-0.0263975
-0.0268132
-0.0272354
-0.0276643
-0.0280999
-0.0285425
-0.0289919
-0.0108241
-0.0109945
-0.0111676
-0.0113435
-0.0115221
-0.0117036
-0.0118879
-0.0120751
-0.0122653
-0.0124584
-0.0126546
-0.0128539
-0.0130563
-0.0132619
-0.0134708
-0.0136829
-0.0138984
-0.0141172
-0.0143395
-0.0145654
-0.0147947
-0.0150277
-0.0152644
-0.0155047
-0.0157489
-0.0159969
-0.0162488
-0.0165047
-0.0167646
-0.0170286
-0.0172968
-0.0175692
-0.0178459
-0.0181269
-0.0184123
-0.0187023
-0.0189968
-0.019296
-0.0195998
-0.0199085
-0.020222
-0.0205404
-0.0208639
-0.0211925
-0.0215262
-0.0218652
-0.0222095
-0.0225593
-0.0229145
-0.0232754
-0.0236419
-0.0240142
-0.0243924
-0.0247765
-0.0251667
-0.025563
-0.0259656
-0.0263745
-0.0267898
-0.0272117
-0.0276402
-0.0280755
-0.0285176
-0.0106414
-0.010809
-0.0109792
-0.0111521
-0.0113277
-0.0115061
-0.0116873
-0.0118713
-0.0120583
-0.0122481
-0.012441
-0.0126369
-0.0128359
-0.0130381
-0.0132434
-0.013452
-0.0136638
-0.013879
-0.0140975
-0.0143195
-0.014545
-0.0147741
-0.0150067
-0.0152431
-0.0154831
-0.0157269
-0.0159746
-0.0162262
-0.0164817
-0.0167412
-0.0170049
-0.0172727
-0.0175447
-0.0178209
-0.0181016
-0.0183866
-0.0186762
-0.0189703
-0.019269
-0.0195725
-0.0198807
-0.0201938
-0.0205118
-0.0208348
-0.0211629
-0.0214962
-0.0218347
-0.0221785
-0.0225278
-0.0228825
-0.0232429
-0.0236089
-0.0239807
-0.0243583
-0.0247419
-0.0251316
-0.0255273
-0.0259293
-0.0263377
-0.0267524
-0.0271737
-0.0276016
-0.0280363
-0.0104561
-0.0106208
-0.010788
-0.0109579
-0.0111305
-0.0113057
-0.0114838
-0.0116646
-0.0118483
-0.0120349
-0.0122244
-0.0124169
-0.0126125
-0.0128111
-0.0130128
-0.0132177
-0.0134259
-0.0136373
-0.0138521
-0.0140702
-0.0142918
-0.0145168
-0.0147455
-0.0149777
-0.0152135
-0.0154531
-0.0156965
-0.0159436
-0.0161947
-0.0164497
-0.0167088
-0.0169719
-0.0172392
-0.0175107
-0.0177864
-0.0180665
-0.018351
-0.01864
-0.0189335
-0.0192317
-0.0195346
-0.0198422
-0.0201546
-0.020472
-0.0207944
-0.0211219
-0.0214545
-0.0217924
-0.0221356
-0.0224841
-0.0228382
-0.0231979
-0.0235632
-0.0239342
-0.0243111
-0.024694
-0.0250829
-0.0254779
-0.0258791
-0.0262866
-0.0267006
-0.027121
-0.0275481
-0.0102683
-0.01043
-0.0105942
-0.010761
-0.0109305
-0.0111026
-0.0112775
-0.0114551
-0.0116355
-0.0118187
-0.0120048
-0.0121939
-0.0123859
-0.0125809
-0.0127791
-0.0129803
-0.0131847
-0.0133923
-0.0136032
-0.0138175
-0.014035
-0.0142561
-0.0144806
-0.0147086
-0.0149402
-0.0151755
-0.0154145
-0.0156572
-0.0159038
-0.0161542
-0.0164086
-0.016667
-0.0169295
-0.0171961
-0.0174669
-0.017742
-0.0180214
-0.0183052
-0.0185934
-0.0188862
-0.0191836
-0.0194857
-0.0197926
-0.0201043
-0.0204209
-0.0207425
-0.0210691
-0.0214009
-0.0217379
-0.0220802
-0.0224279
-0.0227811
-0.0231399
-0.0235043
-0.0238744
-0.0242504
-0.0246323
-0.0250202
-0.0254142
-0.0258144
-0.0262209
-0.0266338
-0.0270533
-0.0100779
-0.0102366
-0.0103978
-0.0105616
-0.0107279
-0.0108968
-0.0110684
-0.0112427
-0.0114198
-0.0115996
-0.0117823
-0.0119678
-0.0121563
-0.0123477
-0.0125422
-0.0127397
-0.0129403
-0.0131441
-0.0133511
-0.0135613
-0.0137749
-0.0139918
-0.0142121
-0.014436
-0.0146633
-0.0148942
-0.0151288
-0.015367
-0.015609
-0.0158548
-0.0161045
-0.0163581
-0.0166157
-0.0168773
-0.0171431
-0.0174131
-0.0176873
-0.0179658
-0.0182488
-0.0185361
-0.018828
-0.0191245
-0.0194257
-0.0197316
-0.0200423
-0.020358
-0.0206786
-0.0210042
-0.021335
-0.0216709
-0.0220122
-0.0223588
-0.0227109
-0.0230686
-0.0234319
-0.0238009
-0.0241757
-0.0245564
-0.0249431
-0.0253359
-0.0257349
-0.0261401
-0.0265518
-0.00988512
-0.0100408
-0.0101989
-0.0103595
-0.0105227
-0.0106884
-0.0108567
-0.0110277
-0.0112013
-0.0113777
-0.0115569
-0.0117389
-0.0119237
-0.0121115
-0.0123022
-0.012496
-0.0126927
-0.0128926
-0.0130957
-0.0133019
-0.0135114
-0.0137241
-0.0139403
-0.0141598
-0.0143828
-0.0146093
-0.0148393
-0.015073
-0.0153104
-0.0155515
-0.0157964
-0.0160451
-0.0162978
-0.0165545
-0.0168152
-0.01708
-0.0173489
-0.0176221
-0.0178996
-0.0181815
-0.0184678
-0.0187587
-0.0190541
-0.0193541
-0.0196589
-0.0199685
-0.020283
-0.0206024
-0.0209268
-0.0212564
-0.0215911
-0.0219311
-0.0222765
-0.0226273
-0.0229836
-0.0233455
-0.0237132
-0.0240866
-0.0244659
-0.0248512
-0.0252425
-0.0256401
-0.0260438
-0.00968991
-0.0098425
-0.0099975
-0.0101549
-0.0103149
-0.0104773
-0.0106423
-0.0108099
-0.0109801
-0.011153
-0.0113287
-0.0115071
-0.0116883
-0.0118723
-0.0120593
-0.0122492
-0.0124421
-0.012638
-0.012837
-0.0130392
-0.0132445
-0.0134531
-0.013665
-0.0138802
-0.0140987
-0.0143208
-0.0145463
-0.0147753
-0.015008
-0.0152444
-0.0154844
-0.0157283
-0.015976
-0.0162275
-0.0164831
-0.0167427
-0.0170063
-0.0172741
-0.0175462
-0.0178225
-0.0181031
-0.0183882
-0.0186778
-0.0189719
-0.0192707
-0.0195742
-0.0198824
-0.0201955
-0.0205135
-0.0208366
-0.0211647
-0.021498
-0.0218365
-0.0221804
-0.0225297
-0.0228845
-0.0232449
-0.0236109
-0.0239828
-0.0243604
-0.024744
-0.0251337
-0.0255295
-0.00949233
-0.00964181
-0.00979365
-0.00994788
-0.0101045
-0.0102637
-0.0104253
-0.0105895
-0.0107562
-0.0109256
-0.0110977
-0.0112724
-0.0114499
-0.0116302
-0.0118134
-0.0119994
-0.0121884
-0.0123803
-0.0125753
-0.0127733
-0.0129745
-0.0131788
-0.0133863
-0.0135971
-0.0138113
-0.0140288
-0.0142497
-0.0144741
-0.014702
-0.0149335
-0.0151687
-0.0154076
-0.0156502
-0.0158967
-0.016147
-0.0164013
-0.0166596
-0.0169219
-0.0171884
-0.0174591
-0.017734
-0.0180133
-0.0182969
-0.0185851
-0.0188778
-0.019175
-0.019477
-0.0197837
-0.0200953
-0.0204117
-0.0207332
-0.0210597
-0.0213913
-0.0217282
-0.0220703
-0.0224179
-0.0227709
-0.0231295
-0.0234937
-0.0238637
-0.0242395
-0.0246212
-0.025009
-0.00929243
-0.00943877
-0.00958741
-0.00973839
-0.00989174
-0.0100475
-0.0102057
-0.0103665
-0.0105297
-0.0106955
-0.010864
-0.011035
-0.0112088
-0.0113853
-0.0115646
-0.0117467
-0.0119317
-0.0121196
-0.0123105
-0.0125043
-0.0127013
-0.0129013
-0.0131044
-0.0133108
-0.0135204
-0.0137333
-0.0139496
-0.0141693
-0.0143924
-0.014619
-0.0148493
-0.0150831
-0.0153206
-0.0155619
-0.015807
-0.0160559
-0.0163087
-0.0165656
-0.0168264
-0.0170914
-0.0173606
-0.0176339
-0.0179116
-0.0181937
-0.0184802
-0.0187712
-0.0190668
-0.0193671
-0.0196721
-0.0199819
-0.0202965
-0.0206162
-0.0209408
-0.0212706
-0.0216056
-0.0219458
-0.0222914
-0.0226424
-0.022999
-0.0233612
-0.0237291
-0.0241027
-0.0244823
-0.00909027
-0.00923342
-0.00937882
-0.00952652
-0.00967654
-0.00982892
-0.00998371
-0.0101409
-0.0103006
-0.0104628
-0.0106276
-0.010795
-0.010965
-0.0111376
-0.011313
-0.0114912
-0.0116721
-0.0118559
-0.0120426
-0.0122323
-0.0124249
-0.0126206
-0.0128193
-0.0130212
-0.0132263
-0.0134345
-0.0136461
-0.013861
-0.0140793
-0.014301
-0.0145262
-0.014755
-0.0149873
-0.0152233
-0.0154631
-0.0157066
-0.0159539
-0.0162052
-0.0164604
-0.0167196
-0.0169829
-0.0172503
-0.017522
-0.0177979
-0.0180782
-0.0183628
-0.018652
-0.0189457
-0.0192441
-0.0195471
-0.019855
-0.0201676
-0.0204852
-0.0208078
-0.0211355
-0.0214683
-0.0218064
-0.0221498
-0.0224986
-0.0228529
-0.0232128
-0.0235784
-0.0239497
-0.00888588
-0.00902582
-0.00916795
-0.00931233
-0.00945897
-0.00960793
-0.00975923
-0.00991292
-0.010069
-0.0102276
-0.0103887
-0.0105522
-0.0107184
-0.0108872
-0.0110587
-0.0112328
-0.0114097
-0.0115894
-0.0117719
-0.0119573
-0.0121456
-0.0123368
-0.0125311
-0.0127284
-0.0129289
-0.0131325
-0.0133393
-0.0135494
-0.0137627
-0.0139795
-0.0141996
-0.0144232
-0.0146503
-0.0148811
-0.0151154
-0.0153534
-0.0155952
-0.0158408
-0.0160903
-0.0163436
-0.016601
-0.0168624
-0.017128
-0.0173977
-0.0176717
-0.01795
-0.0182327
-0.0185198
-0.0188114
-0.0191077
-0.0194086
-0.0197142
-0.0200246
-0.02034
-0.0206603
-0.0209857
-0.0213161
-0.0216518
-0.0219928
-0.0223391
-0.0226909
-0.0230482
-0.0234112
-0.00867933
-0.00881601
-0.00895484
-0.00909586
-0.0092391
-0.00938459
-0.00953238
-0.00968249
-0.00983497
-0.00998985
-0.0101472
-0.010307
-0.0104693
-0.0106341
-0.0108016
-0.0109717
-0.0111445
-0.01132
-0.0114982
-0.0116793
-0.0118632
-0.0120501
-0.0122398
-0.0124326
-0.0126284
-0.0128272
-0.0130292
-0.0132344
-0.0134428
-0.0136545
-0.0138695
-0.0140879
-0.0143098
-0.0145351
-0.014764
-0.0149965
-0.0152327
-0.0154726
-0.0157162
-0.0159637
-0.0162151
-0.0164705
-0.0167298
-0.0169933
-0.0172609
-0.0175327
-0.0178088
-0.0180893
-0.0183741
-0.0186635
-0.0189574
-0.0192559
-0.0195592
-0.0198672
-0.02018
-0.0204978
-0.0208206
-0.0211485
-0.0214815
-0.0218198
-0.0221634
-0.0225125
-0.022867
