FiniteElementSpace
FiniteElementCollection: H1_2D_P4
VDim: 1
Ordering: 0

0.00308059
0
0
0
0
0
0
0
0
0
0
0.187096
0
0
0.187095
0
0
0.187101
0
0
0.187101
0
0
0.187095
0
0
0.0871374
0.0871473
0.0871775
0.0871434
0.0871374
-0.173499
0.175546
0.175548
-0.173499
0.175539
0.175553
-0.173502
0.17555
0.175553
-0.173502
0.175553
0.175537
-0.173499
0.175548
0.175546
0.120822
0
0.384022
0
0
0.384024
0
0.120823
0
0.38402
0
0
0.384006
0
0.12082
0
0.383995
0
0
0.383994
0
0.120819
0
0.384005
0
0
0.38402
0
0.120823
0
0.384024
0
0
0.384022
0
-0.516481
-0.516485
-0.51649
-0.516485
-0.516481
0.00273934
0.827817
0.00274009
0.00273775
0.827865
0.00273615
0.00272877
0.827949
0.00272868
0.00273645
0.827866
0.00273842
0.00274009
0.827817
0.00273934
-0.0224941
-0.284474
-0.284474
-0.0224939
-0.313977
0.305458
-0.512001
-0.0694681
-0.0694648
-0.512001
0.305459
-0.313979
-0.284476
-0.284478
-0.0224947
0.305455
-0.512007
-0.069471
-0.0694574
-0.512001
0.305464
-0.31398
-0.284479
-0.284479
-0.0224947
0.305463
-0.512006
-0.0694547
-0.0694513
-0.512005
0.305465
-0.31398
-0.284478
-0.284476
-0.0224939
0.305464
-0.512
-0.0694582
-0.0694746
-0.512008
0.305454
-0.313979
-0.284474
-0.284474
0.305459
-0.512001
-0.0694648
-0.0694681
-0.512001
0.305458
0.543344
0.0356792
0.43077
-0.0763793
0
-0.159562
0
0.117648
0.0720315
0.4691
0.7834
0.783401
0.469102
0
0.322199
0
0
0.322201
0
0.117649
0.430772
0.0356796
0.543346
0.0720334
0
-0.159562
0
-0.0763798
0.0356796
0.430768
0
-0.159563
0
0.117638
0.0720261
0.469107
0.783421
0.783407
0.469109
0
0.32226
0
0
0.322263
0
0.117617
0.430772
0.0356774
0.543348
0.072022
0
-0.159563
0
-0.0763808
0.0356758
0.430765
0
-0.159566
0
0.11759
0.0720036
0.469131
0.783447
0.783444
0.469133
0
0.322337
0
0
0.322335
0
0.117588
0.430766
0.0356755
0.543349
0.0720037
0
-0.159566
0
-0.076381
0.0356775
0.430773
0
-0.159563
0
0.117616
0.072022
0.469108
0.783406
0.783421
0.469106
0
0.322263
0
0
0.322261
0
0.117638
0.430769
0.03568
0.543346
0.072027
0
-0.159563
0
-0.0763798
0.0356796
0.430772
0
-0.159562
0
0.117649
0.0720334
0.469102
0.783401
0.7834
0.4691
0
0.322201
0
0
0.322199
0
0.117648
0.43077
0.0356792
0.0720315
0
-0.159562
0
-0.083813
-0.321489
-0.618274
-0.32149
-0.083814
-0.321493
-0.618274
-0.32149
-0.0838151
-0.321492
-0.618272
-0.321492
-0.083814
-0.32149
-0.618275
-0.321493
-0.083813
-0.32149
-0.618274
-0.321489
0.487043
-0.0952867
-0.169722
0.368343
0.721192
0.568481
-0.464705
0.568482
0.487045
0.368346
-0.169722
-0.0952872
0.487044
-0.0952874
-0.169727
0.368339
0.721214
0.568485
-0.464618
0.568464
0.487046
0.368347
-0.169731
-0.0952875
0.487044
-0.0952878
-0.169745
0.368338
0.721271
0.568462
-0.464524
0.568458
0.487045
0.368341
-0.169746
-0.0952879
0.487046
-0.0952875
-0.169731
0.368347
0.721213
0.568464
-0.464618
0.568485
0.487045
0.368339
-0.169727
-0.0952874
0.487045
-0.0952872
-0.169722
0.368346
0.721192
0.568482
-0.464705
0.568481
0.487043
0.368343
-0.169722
-0.0952867
0.00165821
-0.00207442
-0.012886
-0.0276718
-0.0414101
-0.0654833
-0.0276718
-0.0414099
-0.0654833
0.00165818
-0.00207444
-0.012886
-0.135189
-0.0756364
-0.0369198
-0.186677
-0.217221
-0.256759
-0.241158
-0.165651
-0.106859
-0.471936
-0.387532
-0.314808
-0.471936
-0.387532
-0.314808
-0.241158
-0.165651
-0.106859
-0.186677
-0.217221
-0.256759
-0.135189
-0.0756361
-0.0369196
-0.21377
-0.286077
-0.321803
-0.308854
-0.303243
-0.310398
-0.324095
-0.374903
-0.363293
0.062797
-0.14789
-0.281482
0.223111
0.273233
0.301147
0.183686
-0.0569113
-0.2525
0.215031
0.273397
0.30195
0.043024
-0.215764
-0.432733
-0.468184
-0.392094
-0.339295
-0.555893
-0.597214
-0.567736
-0.558748
-0.625326
-0.642154
-0.558749
-0.625326
-0.642154
-0.555893
-0.597215
-0.567737
0.128404
0.0360528
-0.0425423
-0.196358
-0.416097
-0.572205
0.0240875
-0.0611743
-0.0825821
0.0240883
-0.0611722
-0.082579
-0.196355
-0.416096
-0.572204
0.128407
0.036056
-0.0425389
0.0430258
-0.215763
-0.432733
-0.324096
-0.374904
-0.363295
-0.308856
-0.303244
-0.3104
-0.21377
-0.286077
-0.321804
-0.468185
-0.392096
-0.339296
0.215033
0.273399
0.301951
0.183686
-0.0569123
-0.252502
0.223111
0.273233
0.301148
0.0627956
-0.147892
-0.281484
-0.0276719
-0.0414103
-0.065484
-0.0276726
-0.0414108
-0.0654842
0.00165811
-0.00207464
-0.0128865
-0.186677
-0.217221
-0.25676
-0.24116
-0.165652
-0.10686
-0.471939
-0.387535
-0.314809
-0.471939
-0.387535
-0.314811
-0.241161
-0.165653
-0.10686
-0.18668
-0.217224
-0.256762
-0.135191
-0.0756378
-0.0369206
-0.308856
-0.303245
-0.310402
-0.324097
-0.374905
-0.363297
0.22311
0.273231
0.301145
0.183682
-0.0569159
-0.252505
0.215024
0.273392
0.301946
0.0430168
-0.215771
-0.432739
-0.468191
-0.3921
-0.339299
-0.555897
-0.597219
-0.567742
-0.558754
-0.62533
-0.642156
-0.558748
-0.625325
-0.642154
-0.555897
-0.597217
-0.567737
0.128398
0.0360463
-0.042547
-0.196361
-0.416099
-0.572205
0.0240952
-0.061171
-0.0825832
0.0240978
-0.0611633
-0.0825712
-0.196349
-0.416091
-0.572203
0.128412
0.0360617
-0.0425324
0.0430306
-0.215759
-0.432731
-0.324099
-0.374906
-0.363296
-0.308856
-0.303244
-0.3104
-0.213773
-0.28608
-0.321807
-0.468184
-0.392095
-0.339296
0.215037
0.273403
0.301955
0.18369
-0.0569088
-0.2525
0.223116
0.273238
0.301153
0.0628006
-0.147889
-0.281484
-0.0276727
-0.0414112
-0.065485
-0.0276727
-0.0414112
-0.0654851
0.00165811
-0.00207466
-0.0128865
-0.18668
-0.217224
-0.256763
-0.241163
-0.165654
-0.106862
-0.471944
-0.387538
-0.314813
-0.471944
-0.387538
-0.314813
-0.241163
-0.165654
-0.106862
-0.18668
-0.217225
-0.256763
-0.135191
-0.0756379
-0.0369207
-0.308857
-0.303245
-0.310401
-0.324101
-0.374908
-0.363297
0.223116
0.273238
0.301153
0.18369
-0.0569097
-0.252502
0.215034
0.273402
0.301955
0.0430271
-0.215763
-0.432735
-0.468189
-0.392098
-0.339298
-0.555901
-0.597222
-0.567742
-0.558753
-0.625329
-0.642154
-0.558752
-0.625328
-0.642154
-0.555901
-0.597222
-0.567742
0.128408
0.0360585
-0.0425327
-0.196346
-0.416088
-0.5722
0.024123
-0.0611481
-0.0825651
0.0241238
-0.061146
-0.082562
-0.196343
-0.416086
-0.5722
0.128412
0.0360621
-0.0425291
0.0430299
-0.215761
-0.432734
-0.324101
-0.374908
-0.363297
-0.308857
-0.303245
-0.310401
-0.213774
-0.286081
-0.321807
-0.468188
-0.392098
-0.339298
0.215037
0.273404
0.301956
0.183691
-0.0569089
-0.252501
0.223117
0.273239
0.301154
0.062801
-0.147889
-0.281484
-0.0276727
-0.0414109
-0.0654842
-0.0276719
-0.0414103
-0.065484
0.00165817
-0.00207444
-0.012886
-0.18668
-0.217224
-0.256762
-0.241161
-0.165653
-0.10686
-0.471939
-0.387535
-0.314811
-0.471939
-0.387534
-0.314809
-0.241159
-0.165652
-0.10686
-0.186677
-0.217221
-0.25676
-0.135189
-0.0756361
-0.0369196
-0.308857
-0.303245
-0.3104
-0.324099
-0.374906
-0.363296
0.223116
0.273238
0.301153
0.18369
-0.056909
-0.252501
0.215037
0.273403
0.301955
0.0430307
-0.215759
-0.432731
-0.468184
-0.392095
-0.339296
-0.555896
-0.597217
-0.567737
-0.558747
-0.625325
-0.642154
-0.558755
-0.625331
-0.642157
-0.555897
-0.597219
-0.567742
0.128412
0.0360618
-0.0425328
-0.19635
-0.416092
-0.572204
0.0240944
-0.0611657
-0.0825725
0.0240912
-0.061175
-0.082587
-0.196364
-0.416102
-0.572207
0.128395
0.0360434
-0.0425504
0.0430145
-0.215773
-0.432741
-0.324097
-0.374905
-0.363297
-0.308856
-0.303245
-0.310402
-0.21377
-0.286077
-0.321804
-0.468191
-0.392101
-0.3393
0.215022
0.273391
0.301945
0.183681
-0.056917
-0.252505
0.22311
0.27323
0.301144
0.0627956
-0.147892
-0.281484
-0.0276718
-0.0414099
-0.0654833
-0.0276718
-0.0414101
-0.0654833
-0.186677
-0.217221
-0.256759
-0.241158
-0.165651
-0.106859
-0.471936
-0.387532
-0.314808
-0.471936
-0.387532
-0.314808
-0.241158
-0.165651
-0.106859
-0.186677
-0.217221
-0.256759
-0.308856
-0.303244
-0.3104
-0.324096
-0.374904
-0.363295
0.223111
0.273233
0.301148
0.183686
-0.0569123
-0.252502
0.215033
0.273399
0.301951
0.0430258
-0.215763
-0.432733
-0.468185
-0.392096
-0.339296
-0.555893
-0.597215
-0.567737
-0.558749
-0.625326
-0.642154
-0.558748
-0.625326
-0.642154
-0.555893
-0.597214
-0.567736
0.128407
0.036056
-0.0425389
-0.196355
-0.416096
-0.572204
0.0240883
-0.0611722
-0.082579
0.0240875
-0.0611743
-0.0825821
-0.196358
-0.416097
-0.572205
0.128404
0.0360528
-0.0425423
0.043024
-0.215764
-0.432733
-0.324095
-0.374903
-0.363293
-0.308854
-0.303243
-0.310398
-0.468184
-0.392094
-0.339295
0.215031
0.273397
0.30195
0.183686
-0.0569113
-0.2525
0.223111
0.273233
0.301147
0.307971
0.486365
0.556712
0.534867
0.514674
0.496528
0.410487
0.531451
0.532391
0.200116
0.363288
0.501928
0.099841
0.0687757
0.0452345
0.103758
0.260746
0.420746
0.00441306
0.0133361
0.0267256
0.0749432
0.231145
0.376464
0.443014
0.461812
0.478613
0.289146
0.434069
0.461196
0.053668
-0.0338681
-0.0721063
-0.0776055
-0.0805874
-0.0892498
-0.0185273
-0.0807987
-0.0994868
-0.0234632
-0.0543122
-0.0743718
0
0
0
-0.0213866
-0.0579541
-0.0864446
0
0
0
-0.0390822
-0.102868
-0.146505
-0.147074
-0.12326
-0.10384
-0.0584286
-0.134843
-0.16173
-0.170968
-0.185588
-0.182515
0.00228078
-0.103158
-0.160993
0.00279923
0.0145073
0.0449573
0
0
0
-0.0436749
-0.119394
-0.164212
0
0
0
0.0286132
0.062388
0.0933668
0.0413453
-0.0736294
-0.147584
0.33061
0.230739
0.148817
0.312893
0.195698
0.106587
0.418867
0.393769
0.374273
0.0529475
0.245463
0.353241
0.145115
0.274908
0.357406
0.430968
0.491433
0.495026
0.43463
0.38734
0.368974
0.162856
0.306824
0.427326
0.511335
0.597837
0.683133
0.511337
0.597838
0.683133
0.162856
0.306826
0.427328
0.45767
0.599431
0.727945
0.793527
0.789213
0.752706
0.860577
0.874654
0.82808
0.860578
0.874655
0.828081
0.793528
0.789214
0.752706
0.457672
0.599433
0.727946
0.43097
0.491435
0.495029
0.200642
0.366298
0.512987
0.766056
0.711474
0.627831
0
0
0
0.119765
0.329574
0.498554
0
0
0
-0.00741365
0.0594868
0.217321
0.443059
0.583568
0.602141
0.774073
0.625528
0.431253
0.176873
-0.124403
-0.381476
0.176874
-0.124402
-0.381475
0.774073
0.625528
0.431254
0
0
0
-0.16142
-0.410519
-0.498053
0
0
0
0
0
0
-0.16142
-0.410518
-0.498053
0
0
0
-0.00741316
0.0594878
0.217322
0.766057
0.711475
0.627833
0.200643
0.366299
0.512988
0.330612
0.23074
0.148818
0.44306
0.583569
0.602143
0
0
0
0.119765
0.329574
0.498555
0
0
0
0.0286134
0.0623885
0.0933678
0.410488
0.531453
0.532393
0.534869
0.514676
0.496531
0.307971
0.486365
0.556713
0.289149
0.434072
0.461199
0.443016
0.461815
0.478615
0.0749444
0.231147
0.376467
0.00441375
0.0133366
0.0267261
0.103759
0.260747
0.420748
0.0998417
0.0687762
0.045235
0.200117
0.363289
0.50193
0.052951
0.245466
0.353244
0.41887
0.393772
0.374276
0.434632
0.387343
0.368977
0.312895
0.1957
0.106589
0.145117
0.274911
0.357409
0.00280023
0.0145086
0.044959
0.00228241
-0.103157
-0.160993
-0.170969
-0.185588
-0.182515
-0.0584281
-0.134843
-0.16173
0.0413465
-0.0736283
-0.147583
0
0
0
-0.0436748
-0.119393
-0.164211
0
0
0
-0.0390823
-0.102868
-0.146505
-0.0185272
-0.080799
-0.0994873
-0.0776059
-0.0805878
-0.0892503
0.0536684
-0.0338682
-0.0721067
-0.147075
-0.12326
-0.103841
0
0
0
-0.0213867
-0.0579544
-0.086445
0
0
0
-0.0234633
-0.0543125
-0.0743722
0.534869
0.514676
0.49653
0.410484
0.531451
0.532392
0.0998418
0.0687765
0.0452352
0.103759
0.260748
0.420748
0.00441214
0.0133359
0.026726
0.074942
0.231144
0.376463
0.443013
0.461813
0.478615
0.28914
0.434065
0.461194
-0.0776059
-0.0805879
-0.0892504
-0.0185272
-0.0807992
-0.0994875
0
0
0
-0.0213868
-0.0579545
-0.0864453
0
0
0
-0.0390825
-0.102869
-0.146506
-0.147076
-0.123261
-0.103841
-0.0584302
-0.134845
-0.161732
-0.17097
-0.18559
-0.182519
0.00227518
-0.103164
-0.160999
0.00279717
0.0145039
0.0449525
0
0
0
-0.0436761
-0.119397
-0.164216
0
0
0
0.02861
0.0623801
0.0933568
0.0413357
-0.0736373
-0.14759
0.330606
0.230731
0.148807
0.312889
0.195692
0.106581
0.418865
0.393765
0.374269
0.0529443
0.245459
0.353238
0.14511
0.274904
0.357402
0.430968
0.491436
0.495033
0.434635
0.38734
0.368971
0.162866
0.306834
0.427335
0.511346
0.597854
0.683153
0.511347
0.597853
0.683153
0.162867
0.306838
0.427338
0.457671
0.599438
0.727961
0.79355
0.789237
0.752729
0.860622
0.87469
0.828106
0.86062
0.874682
0.828094
0.793539
0.789232
0.752728
0.457655
0.599422
0.727945
0.430957
0.491431
0.495033
0.200632
0.36629
0.512986
0.766074
0.711486
0.627838
0
0
0
0.119766
0.329575
0.498557
0
0
0
-0.00739714
0.0595279
0.217377
0.443108
0.583596
0.602153
0.774127
0.625589
0.431315
0.176944
-0.124316
-0.381385
0.176949
-0.124311
-0.381383
0.774126
0.625587
0.431316
0
0
0
-0.161403
-0.410469
-0.497976
0
0
0
0
0
0
-0.161402
-0.410466
-0.497975
0
0
0
-0.00739425
0.0595334
0.217382
0.766057
0.711465
0.627816
0.200608
0.366265
0.512962
0.330589
0.230711
0.148785
0.443107
0.583587
0.602135
0
0
0
0.119762
0.329563
0.498538
0
0
0
0.0286042
0.0623655
0.0933369
0.410492
0.531457
0.532395
0.534871
0.514678
0.496532
0.307977
0.486371
0.556717
0.289153
0.434075
0.461201
0.443017
0.461815
0.478616
0.0749407
0.231144
0.376466
0.00441066
0.0133341
0.026724
0.103757
0.260746
0.420748
0.099839
0.0687739
0.045233
0.200114
0.363288
0.50193
0.0529583
0.245472
0.353247
0.41887
0.393772
0.374277
0.434638
0.387346
0.368979
0.312877
0.195683
0.106576
0.145107
0.274904
0.357407
0.00279575
0.014502
0.0449494
0.00227019
-0.103169
-0.161004
-0.17097
-0.185591
-0.182522
-0.0584315
-0.134846
-0.161731
0.0413175
-0.0736493
-0.147597
0
0
0
-0.0436773
-0.119399
-0.16422
0
0
0
-0.039082
-0.102868
-0.146505
-0.018529
-0.0808003
-0.0994879
-0.0776068
-0.0805884
-0.0892507
0.0536654
-0.0338706
-0.0721082
-0.147075
-0.12326
-0.103841
0
0
0
-0.0213866
-0.0579542
-0.0864451
0
0
0
-0.0234632
-0.0543126
-0.0743728
0.53487
0.514677
0.496531
0.410492
0.531455
0.532393
0.0998388
0.0687733
0.0452319
0.103756
0.260744
0.420747
0.00440488
0.0133305
0.0267219
0.0749328
0.231135
0.376458
0.44301
0.461811
0.478614
0.289149
0.43407
0.461194
-0.0776068
-0.0805886
-0.0892509
-0.0185303
-0.0808012
-0.0994883
0
0
0
-0.0213866
-0.0579543
-0.0864453
0
0
0
-0.0390825
-0.102869
-0.146507
-0.147077
-0.123261
-0.103842
-0.0584381
-0.134851
-0.161735
-0.170974
-0.185598
-0.182533
0.0022516
-0.103187
-0.161019
0.00278669
0.0144891
0.0449327
0
0
0
-0.0436805
-0.119408
-0.164232
0
0
0
0.0285968
0.0623465
0.0933111
0.0412913
-0.0736714
-0.147613
0.330574
0.230688
0.148758
0.312862
0.195664
0.106557
0.418861
0.393761
0.374267
0.0529596
0.245471
0.353241
0.145089
0.274889
0.357396
0.430952
0.491438
0.49505
0.434652
0.387348
0.368973
0.162898
0.306868
0.427364
0.511377
0.597897
0.683207
0.511378
0.597898
0.683207
0.162899
0.306869
0.427365
0.457651
0.599433
0.727975
0.793587
0.789289
0.752787
0.8607
0.874751
0.828145
0.860699
0.874749
0.828142
0.793585
0.789288
0.752787
0.45765
0.59943
0.727973
0.430952
0.491439
0.495051
0.200581
0.366242
0.512951
0.76609
0.711482
0.627819
0
0
0
0.119761
0.329558
0.498534
0
0
0
-0.0073777
0.0595771
0.217447
0.443168
0.583621
0.602144
0.774214
0.625676
0.431397
0.177034
-0.124212
-0.381283
0.177033
-0.124212
-0.381283
0.774214
0.625675
0.431396
0
0
0
-0.161384
-0.410414
-0.497893
0
0
0
0
0
0
-0.161384
-0.410414
-0.497893
0
0
0
-0.00737825
0.0595757
0.217445
0.766086
0.711477
0.627815
0.200579
0.366239
0.512947
0.330572
0.230686
0.148756
0.443165
0.583618
0.60214
0
0
0
0.11976
0.329555
0.49853
0
0
0
0.0285965
0.0623454
0.0933095
0.410493
0.531457
0.532394
0.534871
0.514678
0.496531
0.307978
0.486372
0.556718
0.289152
0.434072
0.461196
0.443011
0.461812
0.478614
0.0749329
0.231136
0.376459
0.00440477
0.0133303
0.0267217
0.103755
0.260744
0.420747
0.0998386
0.068773
0.0452316
0.200114
0.363288
0.501931
0.0529632
0.245474
0.353244
0.418863
0.393763
0.374269
0.434654
0.38735
0.368975
0.312862
0.195664
0.106557
0.14509
0.274891
0.357398
0.00278671
0.0144892
0.0449329
0.0022515
-0.103188
-0.16102
-0.170974
-0.185598
-0.182533
-0.0584383
-0.134851
-0.161735
0.0412897
-0.0736725
-0.147614
0
0
0
-0.0436806
-0.119408
-0.164232
0
0
0
-0.0390825
-0.102869
-0.146508
-0.0185306
-0.0808015
-0.0994885
-0.077607
-0.0805887
-0.0892511
0.0536651
-0.0338709
-0.0721084
-0.147077
-0.123261
-0.103842
0
0
0
-0.0213866
-0.0579543
-0.0864454
0
0
0
-0.0234632
-0.0543127
-0.0743729
0.534871
0.514678
0.496532
0.410493
0.531457
0.532395
0.0998389
0.0687738
0.045233
0.103757
0.260746
0.420749
0.00441097
0.0133344
0.0267242
0.0749411
0.231144
0.376466
0.443017
0.461816
0.478617
0.289154
0.434076
0.461201
-0.0776069
-0.0805885
-0.0892507
-0.018529
-0.0808004
-0.0994879
0
0
0
-0.0213866
-0.0579543
-0.0864451
0
0
0
-0.039082
-0.102868
-0.146505
-0.147075
-0.12326
-0.103841
-0.0584312
-0.134846
-0.161731
-0.17097
-0.185591
-0.182522
0.00227023
-0.103169
-0.161004
0.00279611
0.0145023
0.0449496
0
0
0
-0.0436774
-0.119399
-0.16422
0
0
0
0.0286042
0.0623653
0.0933364
0.041317
-0.0736497
-0.147597
0.330588
0.23071
0.148785
0.312876
0.195683
0.106576
0.418871
0.393772
0.374277
0.0529578
0.245472
0.353248
0.145107
0.274905
0.357408
0.430956
0.49143
0.495031
0.434637
0.387345
0.368979
0.162864
0.306835
0.427336
0.511345
0.597851
0.683151
0.511345
0.597852
0.683152
0.162862
0.306831
0.427333
0.457654
0.599421
0.727944
0.793538
0.789231
0.752727
0.86062
0.874682
0.828093
0.860622
0.87469
0.828106
0.79355
0.789237
0.752728
0.457671
0.599438
0.727961
0.430968
0.491436
0.495032
0.200608
0.366264
0.512962
0.766056
0.711465
0.627816
0
0
0
0.119762
0.329563
0.498538
0
0
0
-0.00739421
0.0595337
0.217382
0.443108
0.583588
0.602135
0.774126
0.625588
0.431317
0.17695
-0.124311
-0.381383
0.176945
-0.124316
-0.381385
0.774128
0.62559
0.431316
0
0
0
-0.161402
-0.410466
-0.497975
0
0
0
0
0
0
-0.161403
-0.410469
-0.497976
0
0
0
-0.00739713
0.0595281
0.217378
0.766074
0.711486
0.627838
0.200632
0.36629
0.512986
0.330606
0.230731
0.148807
0.443108
0.583597
0.602153
0
0
0
0.119766
0.329576
0.498557
0
0
0
0.02861
0.0623801
0.0933567
0.410483
0.53145
0.532392
0.534869
0.514676
0.496531
0.307971
0.486365
0.556713
0.289138
0.434065
0.461195
0.443014
0.461813
0.478615
0.0749428
0.231145
0.376464
0.00441274
0.0133364
0.0267264
0.10376
0.260748
0.420749
0.0998419
0.0687766
0.0452354
0.200117
0.363289
0.50193
0.0529411
0.245457
0.353237
0.418866
0.393766
0.374269
0.434633
0.387339
0.368971
0.31289
0.195693
0.106582
0.145111
0.274905
0.357403
0.00279788
0.0145047
0.0449534
0.00227591
-0.103164
-0.160999
-0.17097
-0.18559
-0.182519
-0.0584297
-0.134845
-0.161732
0.0413356
-0.0736373
-0.14759
0
0
0
-0.0436761
-0.119397
-0.164216
0
0
0
-0.0390825
-0.102869
-0.146506
-0.018527
-0.0807991
-0.0994875
-0.077606
-0.0805879
-0.0892505
0.0536684
-0.0338682
-0.0721067
-0.147076
-0.123261
-0.103841
0
0
0
-0.0213868
-0.0579546
-0.0864453
0
0
0
-0.0234633
-0.0543125
-0.0743722
0.534869
0.514676
0.496531
0.410488
0.531453
0.532393
0.0998417
0.0687762
0.045235
0.103759
0.260747
0.420748
0.00441375
0.0133366
0.0267261
0.0749444
0.231147
0.376467
0.443016
0.461815
0.478615
0.289149
0.434072
0.461199
-0.0776059
-0.0805878
-0.0892503
-0.0185272
-0.080799
-0.0994873
0
0
0
-0.0213867
-0.0579544
-0.086445
0
0
0
-0.0390823
-0.102868
-0.146505
-0.147075
-0.12326
-0.103841
-0.0584281
-0.134843
-0.16173
-0.170969
-0.185588
-0.182515
0.00228241
-0.103157
-0.160993
0.00280024
0.0145086
0.044959
0
0
0
-0.0436748
-0.119393
-0.164211
0
0
0
0.0286134
0.0623885
0.0933678
0.0413465
-0.0736283
-0.147583
0.330612
0.23074
0.148818
0.312895
0.1957
0.106589
0.41887
0.393772
0.374276
0.052951
0.245466
0.353244
0.145117
0.274911
0.357409
0.43097
0.491435
0.495029
0.434632
0.387343
0.368977
0.162856
0.306826
0.427328
0.511337
0.597838
0.683133
0.511335
0.597837
0.683133
0.162856
0.306824
0.427326
0.457672
0.599433
0.727946
0.793528
0.789214
0.752706
0.860578
0.874655
0.828081
0.860577
0.874654
0.82808
0.793527
0.789213
0.752706
0.45767
0.599431
0.727945
0.430968
0.491433
0.495026
0.200643
0.366299
0.512988
0.766057
0.711475
0.627833
0
0
0
0.119765
0.329574
0.498555
0
0
0
-0.00741316
0.0594878
0.217322
0.44306
0.583569
0.602143
0.774073
0.625528
0.431254
0.176874
-0.124402
-0.381475
0.176873
-0.124403
-0.381476
0.774073
0.625528
0.431253
0
0
0
-0.16142
-0.410518
-0.498053
0
0
0
0
0
0
-0.16142
-0.410519
-0.498053
0
0
0
-0.00741365
0.0594868
0.217321
0.766056
0.711474
0.627831
0.200642
0.366298
0.512987
0.33061
0.230739
0.148817
0.443059
0.583568
0.602141
0
0
0
0.119765
0.329574
0.498554
0
0
0
0.0286132
0.062388
0.0933668
0.410487
0.531451
0.532391
0.534867
0.514674
0.496528
0.289146
0.434069
0.461196
0.443014
0.461812
0.478613
0.0749432
0.231145
0.376464
0.00441306
0.0133361
0.0267256
0.103758
0.260746
0.420746
0.099841
0.0687757
0.0452345
0.0529475
0.245463
0.353241
0.418867
0.393769
0.374273
0.43463
0.38734
0.368974
0.312893
0.195698
0.106587
0.145115
0.274908
0.357406
0.00279923
0.0145073
0.0449573
0.00228078
-0.103158
-0.160993
-0.170968
-0.185588
-0.182515
-0.0584286
-0.134843
-0.16173
0.0413453
-0.0736294
-0.147584
0
0
0
-0.0436749
-0.119394
-0.164212
0
0
0
-0.0390822
-0.102868
-0.146505
-0.0185273
-0.0807987
-0.0994868
-0.0776055
-0.0805874
-0.0892498
-0.147074
-0.12326
-0.10384
0
0
0
-0.0213866
-0.0579541
-0.0864446
0
0
0
0.00154164
-0.00419916
-0.0165904
-0.00419916
-0.0119004
-0.0280135
-0.0165903
-0.0280134
-0.0487442
-0.0424901
-0.0849381
-0.147156
-0.0595483
-0.10819
-0.176014
-0.0866955
-0.141722
-0.214806
-0.132221
-0.193927
-0.272116
-0.193927
-0.261758
-0.343491
-0.272116
-0.343491
-0.428011
-0.04249
-0.0595481
-0.0866954
-0.0849378
-0.108189
-0.141722
-0.147155
-0.176014
-0.214806
-0.227413
-0.296302
-0.323233
-0.257989
-0.319865
-0.330261
-0.297203
-0.352175
-0.347324
-0.268257
-0.120458
0.0982496
-0.250025
-0.0795026
0.15029
-0.245767
-0.0581811
0.179021
-0.266061
-0.0640616
0.180242
-0.313219
-0.101942
0.148797
-0.386794
-0.170195
0.0867171
-0.354647
-0.403149
-0.384902
-0.426473
-0.470001
-0.443404
-0.511088
-0.55269
-0.521779
-0.595
-0.638136
-0.610161
-0.638136
-0.687245
-0.670602
-0.610161
-0.670602
-0.673103
-0.479137
-0.264929
-0.00512428
-0.554397
-0.353093
-0.0992531
-0.584364
-0.409574
-0.173738
-0.535953
-0.402654
-0.202108
-0.402653
-0.316629
-0.160821
-0.202106
-0.16082
-0.0535208
-0.479138
-0.554396
-0.584364
-0.264928
-0.353092
-0.409573
-0.00512212
-0.0992504
-0.173735
-0.227413
-0.257989
-0.297203
-0.296302
-0.319866
-0.352176
-0.323234
-0.330262
-0.347325
-0.354647
-0.426473
-0.511089
-0.40315
-0.470002
-0.552691
-0.384903
-0.443406
-0.52178
-0.266063
-0.31322
-0.386795
-0.0640624
-0.101942
-0.170195
0.180242
0.148798
0.0867186
-0.268259
-0.250027
-0.245768
-0.12046
-0.0795041
-0.0581823
0.0982484
0.150289
0.179021
0.0015416
-0.00419923
-0.0165905
-0.00419941
-0.0119007
-0.0280137
-0.0165909
-0.028014
-0.0487449
-0.0424901
-0.0849379
-0.147156
-0.0595485
-0.10819
-0.176015
-0.0866962
-0.141723
-0.214807
-0.132223
-0.193929
-0.272118
-0.193929
-0.261761
-0.343493
-0.272119
-0.343494
-0.428014
-0.0424911
-0.0595494
-0.0866968
-0.0849397
-0.108192
-0.141724
-0.147158
-0.176017
-0.214809
-0.227413
-0.296302
-0.323234
-0.257989
-0.319866
-0.330263
-0.297204
-0.352177
-0.347327
-0.268259
-0.12046
0.0982478
-0.250028
-0.0795058
0.150287
-0.245771
-0.0581852
0.179018
-0.266066
-0.0640669
0.180237
-0.313225
-0.101948
0.148791
-0.386801
-0.170202
0.0867103
-0.354649
-0.403152
-0.384906
-0.426476
-0.470005
-0.44341
-0.511092
-0.552695
-0.521785
-0.595003
-0.63814
-0.610166
-0.638138
-0.687248
-0.670606
-0.610162
-0.670602
-0.673104
-0.479144
-0.264936
-0.00513153
-0.554402
-0.353099
-0.0992596
-0.584367
-0.409578
-0.173742
-0.535951
-0.402653
-0.202109
-0.402648
-0.316625
-0.160817
-0.202098
-0.160812
-0.0535129
-0.479135
-0.554394
-0.584362
-0.264923
-0.353087
-0.409568
-0.00511709
-0.0992448
-0.173728
-0.227416
-0.257992
-0.297206
-0.296305
-0.319869
-0.352178
-0.323236
-0.330263
-0.347326
-0.354651
-0.426476
-0.511092
-0.403153
-0.470004
-0.552693
-0.384904
-0.443406
-0.52178
-0.266061
-0.313218
-0.386793
-0.0640589
-0.101938
-0.170191
0.180247
0.148803
0.0867232
-0.268259
-0.250026
-0.245767
-0.120457
-0.0795009
-0.0581789
0.0982534
0.150294
0.179026
0.00154153
-0.00419948
-0.016591
-0.00419949
-0.011901
-0.0280144
-0.016591
-0.0280144
-0.0487457
-0.0424912
-0.0849398
-0.147158
-0.0595498
-0.108192
-0.176018
-0.0866976
-0.141725
-0.21481
-0.132224
-0.193931
-0.272121
-0.193931
-0.261763
-0.343497
-0.272121
-0.343497
-0.428018
-0.0424912
-0.0595499
-0.0866976
-0.0849399
-0.108192
-0.141726
-0.147158
-0.176018
-0.21481
-0.227417
-0.296305
-0.323236
-0.257993
-0.319869
-0.330264
-0.297208
-0.35218
-0.347327
-0.268259
-0.120457
0.0982534
-0.250026
-0.0795011
0.150294
-0.245768
-0.0581796
0.179025
-0.266063
-0.0640603
0.180246
-0.313221
-0.101941
0.148801
-0.386797
-0.170195
0.0867202
-0.354653
-0.403155
-0.384906
-0.42648
-0.470008
-0.44341
-0.511096
-0.552698
-0.521785
-0.595008
-0.638143
-0.610167
-0.638143
-0.687252
-0.670606
-0.610166
-0.670606
-0.673105
-0.47914
-0.264928
-0.00512085
-0.554398
-0.353091
-0.0992479
-0.584362
-0.409568
-0.173728
-0.535946
-0.402642
-0.202092
-0.40264
-0.31661
-0.160797
-0.202089
-0.160796
-0.0534884
-0.479139
-0.554397
-0.584361
-0.264925
-0.353088
-0.409566
-0.00511782
-0.0992446
-0.173725
-0.227417
-0.257993
-0.297208
-0.296306
-0.31987
-0.35218
-0.323236
-0.330264
-0.347327
-0.354653
-0.42648
-0.511096
-0.403155
-0.470008
-0.552698
-0.384906
-0.443409
-0.521785
-0.266063
-0.31322
-0.386796
-0.0640592
-0.101939
-0.170193
0.180247
0.148803
0.0867227
-0.268259
-0.250026
-0.245768
-0.120457
-0.0795007
-0.0581789
0.098254
0.150295
0.179027
0.00154159
-0.00419942
-0.0165909
-0.00419924
-0.0119007
-0.028014
-0.0165905
-0.0280137
-0.0487449
-0.0424911
-0.0849398
-0.147158
-0.0595495
-0.108192
-0.176017
-0.0866968
-0.141725
-0.214809
-0.132223
-0.193929
-0.272119
-0.193928
-0.26176
-0.343494
-0.272118
-0.343493
-0.428014
-0.0424901
-0.0595485
-0.0866961
-0.0849379
-0.10819
-0.141723
-0.147156
-0.176015
-0.214807
-0.227417
-0.296306
-0.323236
-0.257992
-0.319869
-0.330264
-0.297207
-0.352179
-0.347326
-0.268259
-0.120457
0.0982537
-0.250026
-0.079501
0.150294
-0.245767
-0.0581792
0.179026
-0.266061
-0.0640591
0.180247
-0.313218
-0.101938
0.148802
-0.386793
-0.170191
0.0867233
-0.354651
-0.403153
-0.384904
-0.426476
-0.470004
-0.443406
-0.511091
-0.552693
-0.52178
-0.595003
-0.638138
-0.610162
-0.63814
-0.687248
-0.670602
-0.610167
-0.670606
-0.673105
-0.479135
-0.264923
-0.00511701
-0.554394
-0.353087
-0.0992449
-0.584362
-0.409569
-0.173729
-0.535953
-0.40265
-0.2021
-0.402656
-0.316627
-0.160815
-0.202112
-0.160821
-0.0535165
-0.479145
-0.554403
-0.584368
-0.264938
-0.353102
-0.409581
-0.00513406
-0.0992625
-0.173745
-0.227413
-0.257989
-0.297204
-0.296302
-0.319866
-0.352177
-0.323234
-0.330263
-0.347327
-0.354649
-0.426476
-0.511092
-0.403152
-0.470005
-0.552695
-0.384906
-0.44341
-0.521785
-0.266067
-0.313226
-0.386802
-0.0640682
-0.10195
-0.170204
0.180236
0.14879
0.0867082
-0.26826
-0.250028
-0.245771
-0.120461
-0.0795063
-0.0581861
0.0982476
0.150287
0.179017
0.00154164
-0.00419916
-0.0165903
-0.00419916
-0.0119004
-0.0280134
-0.0165904
-0.0280135
-0.0487442
-0.04249
-0.0849378
-0.147155
-0.0595481
-0.10819
-0.176014
-0.0866954
-0.141722
-0.214806
-0.132221
-0.193927
-0.272116
-0.193927
-0.261758
-0.343491
-0.272116
-0.343491
-0.428011
-0.0424901
-0.0595483
-0.0866955
-0.0849381
-0.10819
-0.141722
-0.147156
-0.176014
-0.214806
-0.227413
-0.296302
-0.323234
-0.257989
-0.319866
-0.330262
-0.297203
-0.352176
-0.347325
-0.268259
-0.12046
0.0982484
-0.250027
-0.0795041
0.150289
-0.245768
-0.0581823
0.179021
-0.266063
-0.0640624
0.180242
-0.31322
-0.101942
0.148798
-0.386795
-0.170195
0.0867186
-0.354647
-0.40315
-0.384903
-0.426473
-0.470002
-0.443406
-0.511089
-0.552691
-0.52178
-0.595
-0.638136
-0.610161
-0.638136
-0.687245
-0.670602
-0.610161
-0.670602
-0.673103
-0.479138
-0.264928
-0.00512212
-0.554396
-0.353092
-0.0992504
-0.584364
-0.409573
-0.173735
-0.535953
-0.402653
-0.202106
-0.402654
-0.316629
-0.16082
-0.202108
-0.160821
-0.0535208
-0.479137
-0.554397
-0.584364
-0.264929
-0.353093
-0.409574
-0.00512428
-0.0992531
-0.173738
-0.227413
-0.257989
-0.297203
-0.296302
-0.319865
-0.352175
-0.323233
-0.330261
-0.347324
-0.354647
-0.426473
-0.511088
-0.403149
-0.470001
-0.55269
-0.384902
-0.443404
-0.521779
-0.266061
-0.313219
-0.386794
-0.0640616
-0.101942
-0.170195
0.180242
0.148797
0.0867171
-0.268257
-0.250025
-0.245767
-0.120458
-0.0795026
-0.0581811
0.0982495
0.15029
0.179021
0.340162
0.504949
0.556186
0.38482
0.526412
0.549935
0.40716
0.533399
0.539113
0.484412
0.338782
0.175955
0.454871
0.300037
0.140147
0.431091
0.271838
0.114333
0.411706
0.251655
0.0952402
0.397012
0.239437
0.0827954
0.383393
0.232695
0.0757352
0.406896
0.52575
0.524255
0.379863
0.502636
0.505271
0.327037
0.461968
0.478668
0.0367546
-0.0431736
-0.0751067
0.0108625
-0.0581608
-0.0819293
-0.00904627
-0.0727989
-0.0919935
-0.0724441
-0.0512227
-0.0191711
-0.0739411
-0.0496405
-0.018016
-0.0805544
-0.0538233
-0.0197371
-0.0939426
-0.0633029
-0.0236641
-0.112065
-0.076841
-0.0288998
-0.134271
-0.0935928
-0.0354057
-0.0271637
-0.0897366
-0.107662
-0.0421166
-0.107845
-0.127342
-0.0541133
-0.126281
-0.149856
-0.0598202
-0.141493
-0.172215
-0.0523269
-0.143951
-0.184421
-0.023554
-0.125285
-0.176781
-0.158283
-0.111861
-0.0424044
-0.174433
-0.124586
-0.0470965
-0.17454
-0.125823
-0.0470106
-0.144935
-0.106219
-0.0381737
-0.0799789
-0.0604927
-0.019543
0.0244225
0.0134797
0.00968404
0.0376358
-0.0713337
-0.134875
0.130285
0.0194654
-0.0543028
0.254946
0.149084
0.0690644
0.246925
0.40192
0.441962
0.160099
0.33479
0.402931
0.0822385
0.271583
0.366689
0.369106
0.231528
0.0766083
0.358177
0.238202
0.0894848
0.354296
0.257671
0.119899
0.365537
0.297878
0.177473
0.398427
0.358346
0.25974
0.455631
0.440841
0.366907
0.035262
0.22836
0.345079
0.0432643
0.225579
0.352718
0.108061
0.267992
0.392937
0.22566
0.355324
0.468009
0.355325
0.458903
0.557145
0.468011
0.557146
0.644083
0.538517
0.545388
0.498224
0.628076
0.649656
0.626477
0.713661
0.745942
0.742345
0.785458
0.825389
0.835336
0.825389
0.871448
0.883133
0.835337
0.883133
0.883089
0.538519
0.628077
0.713662
0.54539
0.649657
0.745943
0.498226
0.626479
0.742347
0.410969
0.318322
0.236393
0.565553
0.490137
0.40981
0.705503
0.646172
0.565616
0.169722
0.115692
0.0490093
0.320362
0.219434
0.0863832
0.451181
0.303581
0.113733
0.522818
0.337131
0.118368
0.489461
0.289335
0.0908131
0.338999
0.157118
0.0321503
0.812758
0.759216
0.667828
0.854748
0.784392
0.66591
0.823123
0.708183
0.543482
0.703137
0.51657
0.292888
0.51657
0.259766
-0.00771174
0.292889
-0.00771126
-0.281079
0.0752725
-0.0487192
-0.0493906
-0.209347
-0.249329
-0.120904
-0.434069
-0.385026
-0.159893
-0.512545
-0.399116
-0.149488
-0.399116
-0.283288
-0.0954947
-0.149488
-0.0954947
-0.0269098
0.0752737
-0.209346
-0.434068
-0.0487182
-0.249328
-0.385025
-0.0493901
-0.120903
-0.159893
0.410971
0.565555
0.705505
0.318324
0.490138
0.646174
0.236395
0.409811
0.565618
0.812759
0.854749
0.823124
0.759217
0.784393
0.708183
0.667829
0.665912
0.543483
0.522819
0.489462
0.339
0.337132
0.289336
0.157119
0.118369
0.0908135
0.0321508
0.169723
0.320363
0.451182
0.115692
0.219434
0.303581
0.0490095
0.0863833
0.113733
0.340162
0.38482
0.407161
0.50495
0.526414
0.5334
0.556188
0.549937
0.539116
0.406897
0.379865
0.32704
0.525752
0.502638
0.46197
0.524257
0.505273
0.47867
0.411708
0.397014
0.383395
0.251656
0.239438
0.232697
0.095241
0.0827963
0.0757362
0.484414
0.454873
0.431093
0.338784
0.300039
0.271839
0.175956
0.140148
0.114334
0.246928
0.160102
0.082242
0.401923
0.334793
0.271586
0.441965
0.402934
0.366693
0.0352653
0.0432669
0.108063
0.228364
0.225582
0.267994
0.345083
0.352721
0.392939
0.36554
0.39843
0.455634
0.297881
0.358348
0.440843
0.177475
0.259742
0.366909
0.369109
0.35818
0.354299
0.23153
0.238204
0.257673
0.0766096
0.0894865
0.119901
-0.0598196
-0.0523259
-0.0235526
-0.141493
-0.143951
-0.125284
-0.172215
-0.184421
-0.17678
0.0376376
0.130287
0.254948
-0.0713324
0.0194671
0.149086
-0.134874
-0.0543016
0.0690658
-0.144934
-0.079978
0.0244234
-0.106218
-0.0604921
0.0134803
-0.0381736
-0.0195429
0.00968421
-0.158284
-0.174433
-0.174539
-0.111861
-0.124586
-0.125822
-0.0424045
-0.0470965
-0.0470105
0.0367549
0.0108627
-0.0090461
-0.0431738
-0.0581611
-0.0727992
-0.0751071
-0.0819297
-0.0919939
-0.0271635
-0.0421164
-0.054113
-0.0897368
-0.107845
-0.126281
-0.107662
-0.127342
-0.149856
-0.093943
-0.112065
-0.134272
-0.0633032
-0.0768414
-0.0935931
-0.0236642
-0.0288999
-0.0354058
-0.0724445
-0.0739414
-0.0805548
-0.051223
-0.0496408
-0.0538236
-0.0191712
-0.0180161
-0.0197372
0.340161
0.504949
0.556188
0.384819
0.526413
0.549937
0.407158
0.533399
0.539115
0.484415
0.338784
0.175956
0.454873
0.300039
0.140149
0.431093
0.271839
0.114334
0.411708
0.251656
0.095241
0.397013
0.239437
0.0827956
0.383392
0.232695
0.0757345
0.406893
0.525749
0.524255
0.379859
0.502634
0.505271
0.327032
0.461965
0.478666
0.036755
-0.0431738
-0.0751071
0.0108629
-0.0581611
-0.0819298
-0.00904604
-0.0727993
-0.0919941
-0.0724445
-0.0512231
-0.0191712
-0.0739416
-0.0496408
-0.0180161
-0.080555
-0.0538237
-0.0197373
-0.0939433
-0.0633034
-0.0236643
-0.112066
-0.0768416
-0.0288999
-0.134272
-0.0935934
-0.0354059
-0.0271638
-0.0897372
-0.107663
-0.0421171
-0.107846
-0.127343
-0.0541145
-0.126282
-0.149857
-0.0598224
-0.141496
-0.172217
-0.0523304
-0.143954
-0.184424
-0.0235589
-0.12529
-0.176785
-0.158285
-0.111862
-0.0424048
-0.174435
-0.124588
-0.0470971
-0.174543
-0.125825
-0.0470115
-0.14494
-0.106222
-0.0381753
-0.0799863
-0.0604981
-0.0195453
0.0244132
0.0134726
0.00968109
0.0376297
-0.0713402
-0.134881
0.130279
0.0194577
-0.0543109
0.25494
0.149076
0.069055
0.246919
0.401915
0.441959
0.160093
0.334785
0.402927
0.082234
0.271579
0.366685
0.369104
0.231526
0.0766064
0.358174
0.238199
0.0894816
0.354292
0.257667
0.119894
0.365534
0.297874
0.177467
0.398426
0.358343
0.259735
0.455635
0.440842
0.366905
0.0352606
0.228359
0.345077
0.0432673
0.225581
0.352719
0.108069
0.267999
0.392943
0.225672
0.355336
0.468021
0.355338
0.458918
0.557162
0.468022
0.557162
0.644102
0.538527
0.545395
0.498227
0.628092
0.64967
0.626488
0.713683
0.745964
0.742364
0.785482
0.825416
0.835363
0.825412
0.871478
0.883167
0.835354
0.883163
0.883128
0.538526
0.628089
0.71368
0.545389
0.649662
0.745957
0.498214
0.626474
0.742351
0.410967
0.318316
0.236384
0.565558
0.490135
0.409804
0.705516
0.646179
0.565617
0.169712
0.115684
0.049006
0.320354
0.219427
0.0863804
0.451179
0.303578
0.113733
0.522827
0.337137
0.118372
0.489487
0.289354
0.0908214
0.339044
0.157152
0.0321641
0.812782
0.759234
0.667841
0.854784
0.784426
0.665941
0.823171
0.708234
0.543533
0.703197
0.51664
0.292961
0.51664
0.259852
-0.00762176
0.292964
-0.00761878
-0.280984
0.0753386
-0.0486716
-0.049372
-0.209268
-0.249274
-0.120883
-0.433987
-0.384972
-0.159874
-0.512477
-0.399073
-0.149474
-0.399072
-0.283262
-0.0954873
-0.149474
-0.0954873
-0.0269081
0.0753447
-0.209261
-0.433984
-0.0486649
-0.249268
-0.384968
-0.0493687
-0.12088
-0.159873
0.410949
0.565538
0.705498
0.318294
0.490111
0.646156
0.23636
0.409778
0.565593
0.812768
0.854775
0.823167
0.759216
0.784415
0.70823
0.667823
0.665931
0.543531
0.522812
0.48948
0.339045
0.337128
0.289351
0.157155
0.118369
0.0908214
0.0321663
0.16969
0.32033
0.451157
0.115668
0.21941
0.303564
0.0489998
0.0863742
0.113728
0.340168
0.384826
0.407166
0.504955
0.526418
0.533404
0.556191
0.54994
0.539118
0.406902
0.379869
0.327044
0.525756
0.502642
0.461974
0.524259
0.505275
0.478672
0.411708
0.397013
0.383394
0.251655
0.239436
0.232695
0.0952389
0.0827938
0.075733
0.484415
0.454873
0.431093
0.338782
0.300038
0.271838
0.175953
0.140146
0.114332
0.246933
0.160108
0.0822488
0.401927
0.334797
0.271592
0.441966
0.402936
0.366695
0.0352733
0.0432762
0.108073
0.228371
0.22559
0.268004
0.345087
0.352726
0.392947
0.365538
0.39843
0.455636
0.297874
0.358341
0.440838
0.177464
0.259729
0.366895
0.369108
0.358178
0.354297
0.231526
0.238199
0.257667
0.0766051
0.0894802
0.119892
-0.0598238
-0.0523325
-0.0235626
-0.141496
-0.143956
-0.125294
-0.172217
-0.184425
-0.176788
0.0376231
0.130268
0.254926
-0.0713477
0.0194454
0.149058
-0.134888
-0.0543234
0.0690363
-0.144946
-0.0799974
0.0243962
-0.106227
-0.0605064
0.01346
-0.0381772
-0.0195488
0.00967594
-0.158284
-0.174435
-0.174545
-0.111861
-0.124588
-0.125826
-0.0424044
-0.047097
-0.0470122
0.0367522
0.0108605
-0.00904808
-0.0431758
-0.0581627
-0.0728005
-0.0751083
-0.0819307
-0.0919947
-0.0271655
-0.0421186
-0.0541158
-0.0897381
-0.107846
-0.126283
-0.107663
-0.127342
-0.149857
-0.0939429
-0.112065
-0.134271
-0.0633029
-0.0768408
-0.0935924
-0.023664
-0.0288996
-0.0354055
-0.072445
-0.0739418
-0.080555
-0.0512232
-0.0496409
-0.0538236
-0.0191712
-0.0180161
-0.0197372
0.340168
0.504955
0.556191
0.384826
0.526418
0.549939
0.407166
0.533404
0.539117
0.484415
0.338782
0.175953
0.454873
0.300037
0.140145
0.431091
0.271836
0.114331
0.411705
0.251652
0.0952365
0.397009
0.239432
0.0827898
0.383387
0.232688
0.0757267
0.406901
0.525754
0.524256
0.379867
0.502639
0.505271
0.327041
0.461969
0.478666
0.0367521
-0.0431759
-0.0751084
0.0108601
-0.058163
-0.0819308
-0.00904902
-0.0728012
-0.091995
-0.072445
-0.0512232
-0.0191712
-0.0739419
-0.0496409
-0.0180161
-0.0805552
-0.0538236
-0.0197372
-0.0939432
-0.063303
-0.0236641
-0.112066
-0.0768411
-0.0288997
-0.134273
-0.0935933
-0.0354058
-0.0271673
-0.0897393
-0.107663
-0.0421217
-0.107849
-0.127344
-0.054121
-0.126287
-0.149859
-0.0598322
-0.141503
-0.172222
-0.0523447
-0.143967
-0.184433
-0.0235791
-0.125309
-0.176801
-0.158287
-0.111863
-0.0424051
-0.174441
-0.124591
-0.0470984
-0.174555
-0.125833
-0.0470147
-0.144961
-0.106237
-0.0381812
-0.0800175
-0.0605205
-0.0195544
0.0243718
0.0134423
0.00966904
0.0376029
-0.0713679
-0.134906
0.130247
0.0194215
-0.0543469
0.254907
0.149034
0.0690096
0.246929
0.401921
0.441958
0.160103
0.334791
0.402927
0.0822475
0.271588
0.366687
0.369098
0.231516
0.0765955
0.358167
0.238187
0.089467
0.354286
0.257653
0.119875
0.365529
0.297859
0.177445
0.398428
0.358332
0.259712
0.455646
0.440838
0.366885
0.0352784
0.228372
0.345083
0.0432906
0.225601
0.352732
0.108098
0.268028
0.392966
0.225707
0.355374
0.468056
0.355375
0.458963
0.557208
0.468057
0.557208
0.644156
0.538552
0.545404
0.498217
0.628131
0.649695
0.626493
0.713735
0.746006
0.742389
0.785544
0.825475
0.835411
0.825474
0.871546
0.883233
0.835409
0.883231
0.883205
0.538552
0.628131
0.713735
0.545404
0.649694
0.746005
0.498216
0.626492
0.742387
0.410939
0.318273
0.236334
0.565541
0.4901
0.409758
0.705519
0.646161
0.565586
0.169664
0.115648
0.0489924
0.320308
0.219393
0.0863677
0.451145
0.303553
0.113724
0.522817
0.33713
0.11837
0.489508
0.289369
0.0908289
0.339099
0.157191
0.03218
0.812811
0.759245
0.667837
0.854839
0.784468
0.665971
0.823249
0.708308
0.543598
0.703291
0.516739
0.293057
0.516738
0.259963
-0.0075112
0.293056
-0.00751167
-0.280876
0.0754205
-0.0486142
-0.04935
-0.209173
-0.249209
-0.12086
-0.433896
-0.384911
-0.159853
-0.512404
-0.399027
-0.149459
-0.399027
-0.283234
-0.0954784
-0.149459
-0.0954784
-0.0269055
0.0754192
-0.209174
-0.433896
-0.0486152
-0.24921
-0.384911
-0.0493504
-0.12086
-0.159853
0.410937
0.565538
0.705516
0.318271
0.490097
0.646157
0.236331
0.409754
0.565582
0.812808
0.854837
0.823248
0.759241
0.784465
0.708305
0.667833
0.665967
0.543596
0.522813
0.489505
0.339096
0.337128
0.289367
0.157189
0.118369
0.0908279
0.0321793
0.169662
0.320305
0.451141
0.115647
0.219391
0.303551
0.0489919
0.0863669
0.113723
0.340169
0.384827
0.407167
0.504956
0.526419
0.533405
0.556192
0.54994
0.539117
0.406902
0.379869
0.327044
0.525755
0.502641
0.461972
0.524257
0.505273
0.478668
0.411706
0.39701
0.383388
0.251652
0.239432
0.232688
0.0952363
0.0827897
0.0757267
0.484415
0.454873
0.431092
0.338782
0.300037
0.271836
0.175952
0.140145
0.11433
0.246932
0.160107
0.0822512
0.401923
0.334794
0.271591
0.44196
0.402929
0.36669
0.0352818
0.0432931
0.1081
0.228376
0.225604
0.26803
0.345086
0.352735
0.392967
0.365531
0.39843
0.455647
0.297861
0.358333
0.440839
0.177446
0.259712
0.366885
0.369099
0.358168
0.354287
0.231517
0.238187
0.257654
0.0765957
0.0894673
0.119876
-0.0598323
-0.0523447
-0.0235791
-0.141503
-0.143967
-0.125309
-0.172222
-0.184434
-0.176801
0.0376027
0.130246
0.254906
-0.0713685
0.0194206
0.149032
-0.134907
-0.054348
0.0690079
-0.144962
-0.0800184
0.0243703
-0.106237
-0.0605212
0.0134413
-0.0381814
-0.0195546
0.00966868
-0.158288
-0.174441
-0.174555
-0.111863
-0.124592
-0.125833
-0.0424052
-0.0470985
-0.0470148
0.0367518
0.0108598
-0.00904933
-0.0431762
-0.0581633
-0.0728014
-0.0751086
-0.081931
-0.0919952
-0.0271676
-0.0421219
-0.0541212
-0.0897396
-0.107849
-0.126287
-0.107664
-0.127344
-0.14986
-0.0939433
-0.112066
-0.134273
-0.063303
-0.0768412
-0.0935934
-0.0236641
-0.0288997
-0.0354058
-0.0724451
-0.073942
-0.0805553
-0.0512232
-0.0496409
-0.0538236
-0.0191712
-0.0180161
-0.0197372
0.340168
0.504956
0.556192
0.384826
0.526419
0.54994
0.407166
0.533405
0.539118
0.484415
0.338783
0.175953
0.454874
0.300038
0.140146
0.431093
0.271838
0.114332
0.411708
0.251655
0.0952391
0.397014
0.239437
0.0827941
0.383395
0.232695
0.0757334
0.406902
0.525756
0.524259
0.379869
0.502642
0.505276
0.327045
0.461974
0.478672
0.036752
-0.0431761
-0.0751085
0.0108604
-0.0581628
-0.0819308
-0.00904808
-0.0728006
-0.0919947
-0.0724451
-0.0512232
-0.0191712
-0.0739419
-0.0496409
-0.0180161
-0.0805551
-0.0538236
-0.0197372
-0.0939429
-0.0633029
-0.023664
-0.112065
-0.0768408
-0.0288996
-0.134271
-0.0935924
-0.0354055
-0.0271654
-0.0897381
-0.107663
-0.0421184
-0.107846
-0.127342
-0.0541156
-0.126283
-0.149857
-0.0598235
-0.141496
-0.172217
-0.0523322
-0.143956
-0.184425
-0.0235624
-0.125294
-0.176788
-0.158284
-0.111861
-0.0424044
-0.174435
-0.124588
-0.047097
-0.174545
-0.125826
-0.0470122
-0.144947
-0.106227
-0.0381772
-0.0799977
-0.0605066
-0.0195488
0.0243957
0.0134598
0.00967592
0.037623
-0.0713479
-0.134888
0.130268
0.0194449
-0.0543238
0.254925
0.149058
0.0690357
0.246933
0.401927
0.441967
0.160108
0.334798
0.402936
0.0822486
0.271592
0.366696
0.369108
0.231527
0.0766055
0.358179
0.2382
0.0894806
0.354298
0.257668
0.119892
0.365538
0.297874
0.177464
0.398429
0.358341
0.259728
0.455635
0.440837
0.366894
0.0352724
0.22837
0.345086
0.0432743
0.225589
0.352726
0.10807
0.268002
0.392946
0.225668
0.355335
0.468021
0.355333
0.458916
0.55716
0.468019
0.55716
0.644101
0.538524
0.545387
0.498213
0.628088
0.649661
0.626473
0.713679
0.745956
0.742351
0.785481
0.825411
0.835353
0.825416
0.871478
0.883162
0.835363
0.883167
0.883128
0.538526
0.628091
0.713682
0.545395
0.649669
0.745963
0.498227
0.626487
0.742364
0.410948
0.318293
0.236359
0.565537
0.49011
0.409777
0.705497
0.646155
0.565592
0.16969
0.115668
0.0489998
0.32033
0.21941
0.0863743
0.451157
0.303564
0.113728
0.522812
0.337128
0.118369
0.48948
0.289351
0.0908215
0.339046
0.157155
0.0321664
0.812767
0.759216
0.667822
0.854775
0.784415
0.665931
0.823168
0.708231
0.543531
0.703198
0.516641
0.292965
0.516642
0.259853
-0.00761788
0.292962
-0.00762094
-0.280983
0.0753454
-0.0486646
-0.0493687
-0.209261
-0.249267
-0.12088
-0.433984
-0.384968
-0.159873
-0.512477
-0.399072
-0.149474
-0.399073
-0.283262
-0.0954873
-0.149474
-0.0954873
-0.0269081
0.0753391
-0.209267
-0.433987
-0.0486714
-0.249274
-0.384972
-0.049372
-0.120883
-0.159874
0.410968
0.565558
0.705516
0.318317
0.490136
0.646179
0.236384
0.409804
0.565617
0.812782
0.854784
0.823172
0.759235
0.784426
0.708235
0.667841
0.665942
0.543534
0.522827
0.489487
0.339045
0.337138
0.289354
0.157152
0.118372
0.0908215
0.0321642
0.169712
0.320354
0.451179
0.115684
0.219427
0.303579
0.049006
0.0863805
0.113733
0.340161
0.384818
0.407158
0.504949
0.526413
0.533398
0.556188
0.549937
0.539115
0.406892
0.379858
0.327031
0.525749
0.502634
0.461964
0.524256
0.505271
0.478667
0.411708
0.397013
0.383393
0.251657
0.239438
0.232696
0.0952414
0.0827962
0.0757353
0.484415
0.454873
0.431093
0.338784
0.30004
0.27184
0.175956
0.140149
0.114335
0.246917
0.16009
0.082231
0.401915
0.334784
0.271577
0.441959
0.402927
0.366685
0.0352572
0.0432635
0.108065
0.228356
0.225578
0.267996
0.345076
0.352717
0.392941
0.365534
0.398426
0.455634
0.297874
0.358343
0.440842
0.177468
0.259736
0.366905
0.369105
0.358175
0.354293
0.231527
0.2382
0.257668
0.0766073
0.0894825
0.119895
-0.0598219
-0.0523297
-0.0235582
-0.141495
-0.143954
-0.12529
-0.172217
-0.184424
-0.176785
0.0376304
0.130279
0.254941
-0.0713398
0.019458
0.149076
-0.134881
-0.0543108
0.069055
-0.144941
-0.0799864
0.0244131
-0.106222
-0.0604983
0.0134725
-0.0381753
-0.0195453
0.00968109
-0.158285
-0.174435
-0.174543
-0.111862
-0.124588
-0.125825
-0.0424048
-0.0470971
-0.0470116
0.0367551
0.010863
-0.00904585
-0.0431738
-0.058161
-0.0727992
-0.0751071
-0.0819298
-0.0919941
-0.0271635
-0.0421168
-0.0541141
-0.089737
-0.107846
-0.126282
-0.107663
-0.127343
-0.149857
-0.0939433
-0.112066
-0.134273
-0.0633034
-0.0768416
-0.0935935
-0.0236643
-0.0289
-0.0354059
-0.0724445
-0.0739416
-0.080555
-0.0512231
-0.0496408
-0.0538238
-0.0191712
-0.0180161
-0.0197373
0.340162
0.50495
0.556188
0.38482
0.526414
0.549937
0.407161
0.5334
0.539116
0.484414
0.338784
0.175956
0.454873
0.300039
0.140148
0.431093
0.271839
0.114334
0.411708
0.251656
0.095241
0.397014
0.239438
0.0827963
0.383395
0.232697
0.0757362
0.406897
0.525752
0.524257
0.379865
0.502638
0.505273
0.32704
0.46197
0.47867
0.0367549
-0.0431738
-0.0751071
0.0108627
-0.0581611
-0.0819297
-0.0090461
-0.0727992
-0.0919939
-0.0724445
-0.051223
-0.0191712
-0.0739414
-0.0496408
-0.0180161
-0.0805548
-0.0538236
-0.0197372
-0.093943
-0.0633032
-0.0236642
-0.112065
-0.0768414
-0.0288999
-0.134272
-0.0935931
-0.0354058
-0.0271635
-0.0897368
-0.107662
-0.0421164
-0.107845
-0.127342
-0.054113
-0.126281
-0.149856
-0.0598196
-0.141493
-0.172215
-0.0523259
-0.143951
-0.184421
-0.0235526
-0.125284
-0.17678
-0.158284
-0.111861
-0.0424045
-0.174433
-0.124586
-0.0470965
-0.174539
-0.125822
-0.0470105
-0.144934
-0.106218
-0.0381736
-0.079978
-0.0604921
-0.0195429
0.0244234
0.0134803
0.00968421
0.0376376
-0.0713324
-0.134874
0.130287
0.0194671
-0.0543016
0.254948
0.149086
0.0690658
0.246928
0.401923
0.441965
0.160102
0.334793
0.402934
0.082242
0.271586
0.366693
0.369109
0.23153
0.0766096
0.35818
0.238204
0.0894865
0.354299
0.257673
0.119901
0.36554
0.297881
0.177475
0.39843
0.358348
0.259742
0.455634
0.440843
0.366909
0.0352653
0.228364
0.345083
0.0432669
0.225582
0.352721
0.108063
0.267994
0.392939
0.22566
0.355325
0.468011
0.355324
0.458903
0.557146
0.468009
0.557145
0.644083
0.538519
0.54539
0.498226
0.628077
0.649657
0.626479
0.713662
0.745943
0.742347
0.785458
0.825389
0.835337
0.825389
0.871448
0.883133
0.835336
0.883133
0.883089
0.538517
0.628076
0.713661
0.545388
0.649656
0.745942
0.498224
0.626477
0.742345
0.410971
0.318324
0.236395
0.565555
0.490138
0.409811
0.705505
0.646174
0.565618
0.169723
0.115692
0.0490095
0.320363
0.219434
0.0863833
0.451182
0.303581
0.113733
0.522819
0.337132
0.118369
0.489462
0.289336
0.0908135
0.339
0.157119
0.0321508
0.812759
0.759217
0.667829
0.854749
0.784393
0.665912
0.823124
0.708183
0.543483
0.703137
0.51657
0.292889
0.51657
0.259766
-0.00771126
0.292888
-0.00771174
-0.281079
0.0752737
-0.0487182
-0.0493901
-0.209346
-0.249328
-0.120903
-0.434068
-0.385025
-0.159893
-0.512545
-0.399116
-0.149488
-0.399116
-0.283288
-0.0954947
-0.149488
-0.0954947
-0.0269098
0.0752725
-0.209347
-0.434069
-0.0487192
-0.249329
-0.385026
-0.0493906
-0.120904
-0.159893
0.410969
0.565553
0.705503
0.318322
0.490137
0.646172
0.236393
0.40981
0.565616
0.812758
0.854748
0.823123
0.759216
0.784392
0.708183
0.667828
0.66591
0.543482
0.522818
0.489461
0.338999
0.337131
0.289335
0.157118
0.118368
0.0908131
0.0321503
0.169722
0.320362
0.451181
0.115692
0.219434
0.303581
0.0490093
0.0863832
0.113733
0.340162
0.38482
0.40716
0.504949
0.526412
0.533399
0.556186
0.549935
0.539113
0.406896
0.379863
0.327037
0.52575
0.502636
0.461968
0.524255
0.505271
0.478668
0.411706
0.397012
0.383393
0.251655
0.239437
0.232695
0.0952402
0.0827954
0.0757352
0.484412
0.454871
0.431091
0.338782
0.300037
0.271838
0.175955
0.140147
0.114333
0.246925
0.160099
0.0822385
0.40192
0.33479
0.271583
0.441962
0.402931
0.366689
0.035262
0.0432643
0.108061
0.22836
0.225579
0.267992
0.345079
0.352718
0.392937
0.365537
0.398427
0.455631
0.297878
0.358346
0.440841
0.177473
0.25974
0.366907
0.369106
0.358177
0.354296
0.231528
0.238202
0.257671
0.0766083
0.0894848
0.119899
-0.0598202
-0.0523269
-0.023554
-0.141493
-0.143951
-0.125285
-0.172215
-0.184421
-0.176781
0.0376358
0.130285
0.254946
-0.0713337
0.0194654
0.149084
-0.134875
-0.0543028
0.0690644
-0.144935
-0.0799789
0.0244225
-0.106219
-0.0604927
0.0134797
-0.0381737
-0.019543
0.00968404
-0.158283
-0.174433
-0.17454
-0.111861
-0.124586
-0.125823
-0.0424044
-0.0470965
-0.0470106
0.0367546
0.0108625
-0.00904627
-0.0431736
-0.0581608
-0.0727989
-0.0751067
-0.0819293
-0.0919935
-0.0271637
-0.0421166
-0.0541133
-0.0897366
-0.107845
-0.126281
-0.107662
-0.127342
-0.149856
-0.0939426
-0.112065
-0.134271
-0.0633029
-0.076841
-0.0935928
-0.0236641
-0.0288998
-0.0354057
-0.0724441
-0.0739411
-0.0805544
-0.0512227
-0.0496405
-0.0538233
-0.0191711
-0.018016
-0.0197371
