FiniteElementSpace
FiniteElementCollection: H1_2D_P4
VDim: 1
Ordering: 0

-0.00784366
9.35762e-14
9.35736e-14
7.76165e-35
9.3577e-14
7.76496e-35
9.3577e-14
7.7667e-35
9.35736e-14
7.76496e-35
7.76165e-35
-0.0776808
4.87272e-21
4.87272e-21
-0.077681
4.87302e-21
4.87451e-21
-0.0776813
4.87525e-21
4.87533e-21
-0.0776813
4.87451e-21
4.87302e-21
-0.077681
4.87272e-21
4.87272e-21
-0.189265
-0.189265
-0.189265
-0.189265
-0.189265
-0.0206303
-0.0924523
-0.0924524
-0.0206303
-0.0924531
-0.0924525
-0.0206305
-0.0924529
-0.0924528
-0.0206306
-0.0924525
-0.0924532
-0.0206303
-0.0924524
-0.0924523
0.0182934
1.39243e-16
-0.0667386
4.0102e-27
4.01022e-27
-0.0667384
1.39242e-16
0.0182934
1.39245e-16
-0.0667395
4.01112e-27
4.01183e-27
-0.0667359
1.39265e-16
0.0182938
1.39274e-16
-0.0667372
4.01258e-27
4.0126e-27
-0.0667368
1.39276e-16
0.0182939
1.39265e-16
-0.0667356
4.01183e-27
4.01112e-27
-0.0667397
1.39245e-16
0.0182934
1.39242e-16
-0.0667384
4.01022e-27
4.0102e-27
-0.0667386
1.39243e-16
-0.0536184
-0.0536187
-0.0536192
-0.0536187
-0.0536184
0.0225745
-0.25487
0.0225746
0.0225744
-0.254868
0.0225749
0.0225747
-0.254864
0.0225748
0.0225749
-0.254868
0.0225743
0.0225746
-0.25487
0.0225745
-0.00918061
-0.0302408
-0.0302408
-0.0091806
-0.0572045
-0.0752447
-0.094574
-0.143546
-0.143546
-0.094574
-0.0752449
-0.0572045
-0.0302409
-0.0302411
-0.00918064
-0.0752451
-0.0945744
-0.143547
-0.143546
-0.0945746
-0.075245
-0.0572051
-0.0302412
-0.0302412
-0.00918064
-0.0752451
-0.0945752
-0.143547
-0.143547
-0.0945753
-0.0752451
-0.0572052
-0.0302411
-0.0302408
-0.0091806
-0.0752451
-0.0945745
-0.143545
-0.143547
-0.0945743
-0.0752452
-0.0572045
-0.0302408
-0.0302408
-0.0752449
-0.094574
-0.143546
-0.143546
-0.094574
-0.0752447
-0.0264447
0.0219109
-0.0234944
0.0161112
5.76828e-15
0.0195717
1.31628e-18
-0.00766013
0.00358511
-0.156811
-0.180128
-0.180128
-0.156811
7.06389e-24
-0.203804
8.91529e-31
8.91533e-31
-0.203804
7.06393e-24
-0.00766007
-0.0234944
0.021911
-0.0264448
0.00358526
1.31628e-18
0.0195718
5.76819e-15
0.0161113
0.0219109
-0.023495
5.76822e-15
0.0195716
1.31633e-18
-0.00766058
0.00358444
-0.156812
-0.180129
-0.180125
-0.156809
7.0649e-24
-0.203804
8.91819e-31
8.91903e-31
-0.203802
7.06665e-24
-0.00765836
-0.0234939
0.0219112
-0.0264443
0.00358612
1.31662e-18
0.0195717
5.76872e-15
0.0161113
0.0219112
-0.0234941
5.76887e-15
0.0195715
1.31675e-18
-0.00765937
0.00358525
-0.15681
-0.180124
-0.180124
-0.15681
7.06784e-24
-0.203801
8.92086e-31
8.92087e-31
-0.203801
7.06791e-24
-0.00765929
-0.0234939
0.0219113
-0.0264443
0.00358553
1.31678e-18
0.0195715
5.76892e-15
0.0161113
0.0219112
-0.0234939
5.76872e-15
0.0195717
1.31662e-18
-0.00765828
0.00358617
-0.156809
-0.180125
-0.180129
-0.156812
7.06665e-24
-0.203802
8.91903e-31
8.91819e-31
-0.203804
7.0649e-24
-0.00766058
-0.0234952
0.0219109
-0.0264448
0.00358436
1.31633e-18
0.0195717
5.76822e-15
0.0161113
0.021911
-0.0234944
5.76819e-15
0.0195718
1.31628e-18
-0.00766007
0.00358526
-0.156811
-0.180128
-0.180128
-0.156811
7.06393e-24
-0.203804
8.91533e-31
8.91529e-31
-0.203804
7.06389e-24
-0.00766013
-0.0234944
0.0219109
0.00358511
1.31628e-18
0.0195717
5.76828e-15
-0.0126391
-0.0705666
-0.136996
-0.0705667
-0.0126391
-0.0705667
-0.136997
-0.0705672
-0.0126392
-0.0705674
-0.136998
-0.0705674
-0.0126391
-0.0705673
-0.136997
-0.0705667
-0.0126391
-0.0705667
-0.136996
-0.0705666
-0.0143211
0.0151439
0.0219719
-0.0717306
-0.212116
-0.100701
-0.172663
-0.100701
-0.0143211
-0.0717304
0.021972
0.0151439
-0.0143213
0.0151439
0.0219716
-0.0717317
-0.212116
-0.100702
-0.172665
-0.100697
-0.0143207
-0.0717294
0.021972
0.015144
-0.0143207
0.0151439
0.0219714
-0.0717304
-0.212114
-0.100698
-0.172666
-0.100697
-0.0143206
-0.07173
0.0219715
0.015144
-0.0143207
0.015144
0.021972
-0.0717293
-0.212116
-0.100697
-0.172665
-0.100702
-0.0143214
-0.0717319
0.0219716
0.0151439
-0.0143211
0.0151439
0.021972
-0.0717304
-0.212116
-0.100701
-0.172663
-0.100701
-0.0143211
-0.0717306
0.0219719
0.0151439
-0.00787243
-0.00808399
-0.00864904
-0.00942058
-0.0101831
-0.0115366
-0.00942057
-0.0101831
-0.0115365
-0.00787243
-0.00808399
-0.00864903
-0.0170858
-0.0124983
-0.00996617
-0.0219112
-0.0246875
-0.028071
-0.0253257
-0.0184134
-0.0141219
-0.0478579
-0.0390855
-0.0327994
-0.0478579
-0.0390855
-0.0327993
-0.0253256
-0.0184134
-0.0141219
-0.0219111
-0.0246875
-0.0280709
-0.0170858
-0.0124983
-0.00996616
-0.0250647
-0.0360252
-0.0496291
-0.0594921
-0.063714
-0.0680514
-0.036065
-0.0492099
-0.0635386
-0.0792863
-0.0753375
-0.0644623
-0.0767773
-0.0753654
-0.0748821
-0.0804166
-0.0828581
-0.0765134
-0.0871145
-0.0799762
-0.076182
-0.0989648
-0.103905
-0.0996992
-0.0888127
-0.0799545
-0.0733754
-0.0601514
-0.0740363
-0.0881126
-0.101103
-0.115122
-0.129839
-0.101103
-0.115122
-0.129839
-0.0601514
-0.0740363
-0.0881127
-0.0989432
-0.114343
-0.132989
-0.148374
-0.149983
-0.14309
-0.18548
-0.172348
-0.154079
-0.18548
-0.172348
-0.154079
-0.148374
-0.149983
-0.14309
-0.0989432
-0.114343
-0.132989
-0.0989649
-0.103905
-0.0996993
-0.036065
-0.0492098
-0.0635386
-0.0594921
-0.063714
-0.0680515
-0.0250647
-0.0360251
-0.0496291
-0.0888128
-0.0799546
-0.0733755
-0.0871146
-0.0799763
-0.0761822
-0.0804168
-0.0828583
-0.0765135
-0.0767775
-0.0753656
-0.0748823
-0.0792865
-0.0753377
-0.0644623
-0.00942058
-0.0101831
-0.0115366
-0.00942062
-0.0101832
-0.0115366
-0.00787243
-0.008084
-0.00864906
-0.0219111
-0.0246875
-0.028071
-0.0253257
-0.0184134
-0.014122
-0.0478582
-0.0390857
-0.0327994
-0.0478582
-0.0390859
-0.0327997
-0.0253259
-0.0184135
-0.014122
-0.0219114
-0.0246878
-0.0280713
-0.0170859
-0.0124984
-0.00996621
-0.0594921
-0.063714
-0.0680515
-0.036065
-0.0492099
-0.0635386
-0.0767775
-0.0753657
-0.0748825
-0.0804169
-0.0828584
-0.0765136
-0.0871152
-0.0799767
-0.0761825
-0.0989656
-0.103905
-0.0996997
-0.0888131
-0.0799548
-0.0733756
-0.0601517
-0.0740367
-0.0881131
-0.101104
-0.115123
-0.12984
-0.101104
-0.115123
-0.12984
-0.0601518
-0.0740368
-0.0881133
-0.098944
-0.114344
-0.13299
-0.148375
-0.149984
-0.143091
-0.18548
-0.172349
-0.15408
-0.18548
-0.172348
-0.154079
-0.148374
-0.149983
-0.14309
-0.0989433
-0.114343
-0.132989
-0.0989652
-0.103905
-0.0996998
-0.0360654
-0.0492104
-0.0635392
-0.0594927
-0.0637146
-0.068052
-0.025065
-0.0360256
-0.0496297
-0.0888134
-0.0799551
-0.073376
-0.0871147
-0.0799764
-0.0761823
-0.080417
-0.0828587
-0.0765141
-0.0767777
-0.0753658
-0.0748824
-0.0792868
-0.0753382
-0.0644629
-0.00942062
-0.0101832
-0.0115366
-0.00942062
-0.0101832
-0.0115366
-0.00787243
-0.008084
-0.00864906
-0.0219114
-0.0246878
-0.0280713
-0.025326
-0.0184136
-0.0141221
-0.0478586
-0.0390861
-0.0327998
-0.0478586
-0.0390861
-0.0327998
-0.025326
-0.0184136
-0.0141221
-0.0219114
-0.0246878
-0.0280714
-0.017086
-0.0124984
-0.00996622
-0.0594927
-0.0637146
-0.0680521
-0.0360655
-0.0492105
-0.0635393
-0.0767777
-0.0753658
-0.0748825
-0.080417
-0.0828588
-0.0765142
-0.087115
-0.0799766
-0.0761823
-0.0989656
-0.103906
-0.0997004
-0.0888138
-0.0799555
-0.0733762
-0.0601523
-0.0740374
-0.0881139
-0.101105
-0.115124
-0.129841
-0.101105
-0.115124
-0.129841
-0.0601523
-0.0740374
-0.0881139
-0.0989439
-0.114344
-0.13299
-0.148376
-0.149985
-0.143092
-0.185481
-0.17235
-0.15408
-0.185481
-0.172349
-0.15408
-0.148376
-0.149985
-0.143092
-0.0989437
-0.114344
-0.13299
-0.0989656
-0.103906
-0.0997005
-0.0360655
-0.0492105
-0.0635393
-0.0594927
-0.0637147
-0.0680522
-0.025065
-0.0360256
-0.0496297
-0.0888139
-0.0799555
-0.0733763
-0.0871149
-0.0799765
-0.0761823
-0.0804171
-0.0828589
-0.0765143
-0.0767777
-0.0753658
-0.0748825
-0.0792869
-0.0753382
-0.0644629
-0.00942062
-0.0101832
-0.0115366
-0.00942058
-0.0101831
-0.0115366
-0.00787243
-0.00808399
-0.00864903
-0.0219114
-0.0246878
-0.0280713
-0.0253259
-0.0184135
-0.014122
-0.0478582
-0.0390859
-0.0327997
-0.0478581
-0.0390857
-0.0327994
-0.0253257
-0.0184134
-0.014122
-0.0219111
-0.0246875
-0.028071
-0.0170858
-0.0124983
-0.00996616
-0.0594927
-0.0637146
-0.0680521
-0.0360654
-0.0492104
-0.0635392
-0.0767777
-0.0753658
-0.0748825
-0.080417
-0.0828587
-0.0765141
-0.0871147
-0.0799765
-0.0761823
-0.0989651
-0.103905
-0.0996997
-0.0888133
-0.0799551
-0.073376
-0.0601517
-0.0740368
-0.0881132
-0.101104
-0.115122
-0.12984
-0.101104
-0.115122
-0.12984
-0.0601517
-0.0740365
-0.0881129
-0.0989433
-0.114343
-0.132989
-0.148374
-0.149983
-0.14309
-0.18548
-0.172348
-0.154079
-0.18548
-0.172349
-0.15408
-0.148375
-0.149984
-0.14309
-0.0989441
-0.114344
-0.13299
-0.0989656
-0.103905
-0.0996996
-0.036065
-0.0492098
-0.0635386
-0.0594921
-0.063714
-0.0680515
-0.0250647
-0.0360251
-0.0496291
-0.088813
-0.0799547
-0.0733755
-0.0871153
-0.0799768
-0.0761825
-0.080417
-0.0828584
-0.0765135
-0.0767775
-0.0753657
-0.0748825
-0.0792865
-0.0753377
-0.0644623
-0.00942057
-0.0101831
-0.0115365
-0.00942058
-0.0101831
-0.0115366
-0.0219111
-0.0246875
-0.0280709
-0.0253256
-0.0184134
-0.0141219
-0.0478579
-0.0390855
-0.0327993
-0.0478579
-0.0390855
-0.0327994
-0.0253257
-0.0184134
-0.0141219
-0.0219112
-0.0246875
-0.028071
-0.0594921
-0.063714
-0.0680515
-0.036065
-0.0492098
-0.0635386
-0.0767775
-0.0753656
-0.0748823
-0.0804168
-0.0828583
-0.0765135
-0.0871146
-0.0799763
-0.0761822
-0.0989649
-0.103905
-0.0996993
-0.0888128
-0.0799546
-0.0733755
-0.0601514
-0.0740363
-0.0881127
-0.101103
-0.115122
-0.129839
-0.101103
-0.115122
-0.129839
-0.0601514
-0.0740363
-0.0881126
-0.0989432
-0.114343
-0.132989
-0.148374
-0.149983
-0.14309
-0.18548
-0.172348
-0.154079
-0.18548
-0.172348
-0.154079
-0.148374
-0.149983
-0.14309
-0.0989432
-0.114343
-0.132989
-0.0989648
-0.103905
-0.0996992
-0.036065
-0.0492099
-0.0635386
-0.0594921
-0.063714
-0.0680514
-0.0888127
-0.0799545
-0.0733754
-0.0871145
-0.0799762
-0.076182
-0.0804166
-0.0828581
-0.0765134
-0.0767773
-0.0753654
-0.0748821
-0.0733724
-0.058556
-0.0380142
-0.0231581
-0.0182786
-0.0151885
-0.0676132
-0.0480761
-0.0256805
0.0145753
0.00263594
-0.015307
0.0190904
0.0203246
0.0213842
0.0197541
0.0110762
-0.00405458
0.0230753
0.0230789
0.0223927
0.018873
0.00691239
-0.0115682
-0.0197108
-0.0153734
-0.0140407
-0.0834983
-0.0614699
-0.0364034
0.020385
0.0208255
0.0181958
0.0155287
0.0148769
0.0148918
0.0226709
0.0212573
0.0175595
0.003659
0.00897471
0.0138079
6.18433e-14
2.61216e-14
9.97893e-15
0.00266479
0.00764384
0.0126076
2.83215e-16
1.00764e-15
3.24242e-15
0.00387495
0.0106835
0.0167534
0.0185443
0.0168222
0.0155772
0.024649
0.0249953
0.022002
0.0206018
0.0222371
0.0226574
0.0109923
0.0198478
0.0226039
0.0215332
0.0175267
0.00971134
6.65722e-17
1.52214e-17
3.14772e-18
0.00511246
0.0138852
0.020124
1.37e-20
9.00439e-20
5.35258e-19
-0.000755656
-0.00109472
-0.00396997
0.00164141
0.0139231
0.0203658
-0.0523099
-0.0293047
-0.0132217
-0.0502347
-0.0238211
-0.00416941
-0.028475
-0.0416037
-0.0599559
-0.135933
-0.114779
-0.0873679
-0.00575604
-0.0284173
-0.0560947
-0.0823031
-0.113236
-0.142946
-0.141711
-0.112424
-0.0848218
-0.190402
-0.18467
-0.168767
-0.171034
-0.193734
-0.208368
-0.171034
-0.193734
-0.208368
-0.190402
-0.18467
-0.168766
-0.0847647
-0.121911
-0.160448
-0.191126
-0.206575
-0.212933
-0.249019
-0.228642
-0.198661
-0.249019
-0.228642
-0.198661
-0.191126
-0.206575
-0.212933
-0.0847645
-0.121911
-0.160448
-0.0823028
-0.113236
-0.142945
-0.0190681
-0.0465235
-0.0807273
-0.167752
-0.141983
-0.115054
1.68532e-21
2.08594e-22
2.33506e-23
-0.021802
-0.0566478
-0.0861236
1.55856e-26
1.89234e-25
2.07802e-24
-0.0429889
-0.117793
-0.178587
-0.191539
-0.159497
-0.121308
-0.25686
-0.248867
-0.22405
-0.211719
-0.212275
-0.191803
-0.211719
-0.212275
-0.191803
-0.25686
-0.248867
-0.22405
1.00338e-27
6.72271e-29
4.07378e-30
-0.0307858
-0.0923059
-0.148456
4.16985e-34
9.35274e-33
1.89729e-31
4.16986e-34
9.35276e-33
1.8973e-31
-0.0307858
-0.0923059
-0.148456
1.00339e-27
6.72275e-29
4.0738e-30
-0.0429889
-0.117793
-0.178587
-0.167752
-0.141983
-0.115054
-0.0190681
-0.0465234
-0.0807273
-0.0523097
-0.0293046
-0.0132216
-0.191539
-0.159497
-0.121308
1.55857e-26
1.89235e-25
2.07803e-24
-0.021802
-0.0566478
-0.0861236
1.68532e-21
2.08594e-22
2.33507e-23
-0.000755648
-0.0010947
-0.00396993
-0.0676134
-0.0480762
-0.0256805
-0.0231582
-0.0182786
-0.0151886
-0.0733727
-0.0585562
-0.0380144
-0.0834983
-0.0614699
-0.0364033
-0.0197107
-0.0153734
-0.0140407
0.0188731
0.00691249
-0.0115682
0.0230755
0.023079
0.0223929
0.0197542
0.0110762
-0.00405457
0.0190905
0.0203247
0.0213843
0.0145753
0.00263595
-0.0153071
-0.135933
-0.114779
-0.0873677
-0.0284749
-0.0416036
-0.0599558
-0.141711
-0.112424
-0.0848216
-0.0502345
-0.0238209
-0.00416926
-0.00575588
-0.0284171
-0.0560946
0.0215333
0.0175268
0.00971148
0.0109924
0.0198479
0.022604
0.0206019
0.0222372
0.0226575
0.0246492
0.0249954
0.0220021
0.00164146
0.0139231
0.0203658
1.37e-20
9.00439e-20
5.35258e-19
0.00511247
0.0138852
0.020124
6.65718e-17
1.52214e-17
3.14771e-18
0.00387497
0.0106836
0.0167535
0.022671
0.0212574
0.0175596
0.0155288
0.0148769
0.0148919
0.0203851
0.0208256
0.0181959
0.0185444
0.0168223
0.0155773
2.83213e-16
1.00763e-15
3.24237e-15
0.0026648
0.00764388
0.0126077
6.18417e-14
2.61211e-14
9.97875e-15
0.00365901
0.00897474
0.013808
-0.0231583
-0.0182788
-0.0151888
-0.0676137
-0.0480765
-0.0256808
0.0190905
0.0203247
0.0213843
0.0197541
0.0110761
-0.00405477
0.0230752
0.0230788
0.0223928
0.0188728
0.00691205
-0.0115687
-0.0197113
-0.0153738
-0.014041
-0.0834991
-0.0614707
-0.036404
0.0155288
0.0148769
0.0148919
0.0226709
0.0212574
0.0175596
6.18418e-14
2.61211e-14
9.97879e-15
0.0026648
0.00764387
0.0126076
2.83217e-16
1.00764e-15
3.2424e-15
0.00387494
0.0106835
0.0167534
0.0185443
0.0168223
0.0155773
0.0246489
0.0249952
0.022002
0.0206017
0.0222369
0.0226572
0.0109917
0.0198473
0.0226035
0.0215329
0.0175263
0.00971077
6.65731e-17
1.52218e-17
3.14781e-18
0.0051124
0.0138851
0.0201237
1.37008e-20
9.00482e-20
5.35279e-19
-0.000755694
-0.00109489
-0.00397032
0.00164095
0.0139226
0.0203654
-0.0523107
-0.0293055
-0.0132223
-0.0502357
-0.023822
-0.00417018
-0.0284757
-0.0416046
-0.0599569
-0.135934
-0.11478
-0.087369
-0.00575678
-0.0284182
-0.0560958
-0.082304
-0.113237
-0.142947
-0.141712
-0.112425
-0.0848229
-0.190402
-0.184671
-0.168767
-0.171035
-0.193735
-0.208368
-0.171032
-0.193733
-0.208367
-0.190402
-0.184669
-0.168765
-0.0847657
-0.121912
-0.160449
-0.191126
-0.206575
-0.212933
-0.249018
-0.228641
-0.198661
-0.249017
-0.228639
-0.198658
-0.191123
-0.206573
-0.212932
-0.0847618
-0.121908
-0.160445
-0.0823003
-0.113234
-0.142944
-0.0190686
-0.0465239
-0.0807276
-0.167752
-0.141984
-0.115054
1.68544e-21
2.08615e-22
2.33536e-23
-0.0218019
-0.0566479
-0.0861238
1.5589e-26
1.89269e-25
2.07835e-24
-0.0429892
-0.117794
-0.178588
-0.191539
-0.159497
-0.121308
-0.256859
-0.248867
-0.224051
-0.21172
-0.212276
-0.191805
-0.211718
-0.212275
-0.191805
-0.256858
-0.248865
-0.224048
1.00363e-27
6.72458e-29
4.07504e-30
-0.0307866
-0.0923078
-0.148458
4.17156e-34
9.35625e-33
1.89794e-31
4.17163e-34
9.3567e-33
1.89809e-31
-0.0307865
-0.0923076
-0.148458
1.0038e-27
6.7255e-29
4.07549e-30
-0.0429885
-0.117792
-0.178585
-0.167748
-0.141979
-0.115049
-0.0190659
-0.0465205
-0.0807236
-0.0523072
-0.0293023
-0.0132197
-0.191536
-0.159493
-0.121304
1.55919e-26
1.89309e-25
2.07884e-24
-0.0218009
-0.0566452
-0.08612
1.68595e-21
2.08673e-22
2.33597e-23
-0.0007552
-0.00109364
-0.00396843
-0.0676134
-0.048076
-0.0256802
-0.0231578
-0.0182782
-0.0151882
-0.0733727
-0.058556
-0.038014
-0.0834983
-0.0614697
-0.0364029
-0.0197103
-0.015373
-0.0140403
0.0188735
0.00691296
-0.0115677
0.0230757
0.0230792
0.0223931
0.0197545
0.0110766
-0.00405417
0.0190908
0.020325
0.0213846
0.0145758
0.00263648
-0.0153066
-0.135933
-0.114779
-0.0873668
-0.0284744
-0.0416029
-0.0599549
-0.141709
-0.112422
-0.0848205
-0.0502324
-0.0238194
-0.00416819
-0.0057549
-0.028416
-0.0560935
0.0215336
0.0175273
0.00971217
0.0109931
0.0198483
0.0226041
0.0206017
0.022237
0.0226574
0.0246493
0.0249954
0.0220021
0.00164273
0.0139237
0.020366
1.37048e-20
9.00719e-20
5.35405e-19
0.00511243
0.0138851
0.020124
6.65837e-17
1.52246e-17
3.14846e-18
0.00387491
0.0106834
0.0167534
0.0226712
0.0212576
0.0175596
0.0155288
0.014877
0.0148919
0.0203854
0.0208258
0.018196
0.0185444
0.0168223
0.0155773
2.83255e-16
1.00775e-15
3.24271e-15
0.00266479
0.00764387
0.0126077
6.18445e-14
2.61227e-14
9.97956e-15
0.003659
0.00897474
0.013808
-0.0231577
-0.0182782
-0.0151881
-0.0676134
-0.048076
-0.0256801
0.0190908
0.020325
0.0213846
0.0197545
0.0110766
-0.00405414
0.0230756
0.0230791
0.0223931
0.0188733
0.00691275
-0.0115679
-0.0197104
-0.015373
-0.0140403
-0.0834987
-0.0614699
-0.0364031
0.0155288
0.014877
0.0148919
0.0226712
0.0212575
0.0175596
6.18448e-14
2.6123e-14
9.97977e-15
0.00266479
0.00764385
0.0126076
2.83271e-16
1.0078e-15
3.24281e-15
0.00387486
0.0106833
0.0167532
0.0185442
0.0168222
0.0155772
0.0246491
0.0249952
0.0220019
0.0206015
0.0222366
0.0226569
0.0109923
0.0198475
0.0226034
0.0215333
0.0175268
0.00971143
6.65882e-17
1.52258e-17
3.14876e-18
0.00511229
0.0138848
0.0201234
1.37067e-20
9.00831e-20
5.35464e-19
-0.000755388
-0.00109419
-0.0039693
0.00164173
0.0139228
0.0203653
-0.0523085
-0.0293036
-0.0132209
-0.0502337
-0.0238206
-0.00416919
-0.0284747
-0.0416035
-0.0599558
-0.135934
-0.11478
-0.0873679
-0.00575579
-0.0284169
-0.0560944
-0.0823016
-0.113235
-0.142945
-0.14171
-0.112424
-0.0848216
-0.190403
-0.18467
-0.168766
-0.171033
-0.193733
-0.208366
-0.171032
-0.193732
-0.208366
-0.190403
-0.18467
-0.168766
-0.0847629
-0.121909
-0.160445
-0.191122
-0.206571
-0.21293
-0.249014
-0.228637
-0.198657
-0.249014
-0.228636
-0.198656
-0.191122
-0.206571
-0.21293
-0.0847625
-0.121908
-0.160444
-0.0823012
-0.113234
-0.142944
-0.0190669
-0.0465213
-0.0807242
-0.167748
-0.141979
-0.11505
1.6862e-21
2.08706e-22
2.33635e-23
-0.0218011
-0.0566456
-0.0861204
1.55948e-26
1.89343e-25
2.0792e-24
-0.0429888
-0.117792
-0.178585
-0.191536
-0.159493
-0.121304
-0.256856
-0.248863
-0.224047
-0.211718
-0.212275
-0.191806
-0.211718
-0.212275
-0.191806
-0.256855
-0.248863
-0.224047
1.00399e-27
6.72681e-29
4.07631e-30
-0.0307869
-0.0923086
-0.148459
4.17255e-34
9.35871e-33
1.89848e-31
4.17255e-34
9.35871e-33
1.89848e-31
-0.0307868
-0.0923086
-0.148459
1.00399e-27
6.72683e-29
4.07632e-30
-0.0429887
-0.117792
-0.178585
-0.167747
-0.141979
-0.115049
-0.0190668
-0.0465211
-0.0807239
-0.0523082
-0.0293034
-0.0132207
-0.191535
-0.159493
-0.121304
1.55949e-26
1.89344e-25
2.07921e-24
-0.021801
-0.0566454
-0.0861202
1.68623e-21
2.08709e-22
2.33638e-23
-0.000755399
-0.00109419
-0.00396925
-0.0676134
-0.0480759
-0.0256801
-0.0231577
-0.0182781
-0.0151881
-0.0733728
-0.058556
-0.038014
-0.0834986
-0.0614698
-0.0364029
-0.0197102
-0.0153729
-0.0140402
0.0188734
0.00691293
-0.0115677
0.0230757
0.0230792
0.0223932
0.0197546
0.0110767
-0.00405404
0.0190909
0.0203251
0.0213846
0.0145759
0.00263654
-0.0153065
-0.135934
-0.114779
-0.0873675
-0.0284745
-0.0416032
-0.0599554
-0.14171
-0.112423
-0.0848212
-0.0502333
-0.0238202
-0.00416888
-0.00575548
-0.0284165
-0.056094
0.0215335
0.017527
0.00971168
0.0109925
0.0198477
0.0226035
0.0206015
0.0222367
0.022657
0.0246492
0.0249953
0.0220019
0.00164182
0.0139229
0.0203653
1.3707e-20
9.00847e-20
5.35473e-19
0.00511229
0.0138848
0.0201235
6.65892e-17
1.5226e-17
3.14881e-18
0.00387487
0.0106833
0.0167532
0.0226712
0.0212576
0.0175596
0.0155288
0.014877
0.0148919
0.0203855
0.0208258
0.018196
0.0185442
0.0168222
0.0155773
2.83274e-16
1.00781e-15
3.24284e-15
0.00266479
0.00764386
0.0126077
6.18448e-14
2.61231e-14
9.97984e-15
0.003659
0.00897474
0.013808
-0.0231577
-0.0182782
-0.0151882
-0.0676135
-0.0480761
-0.0256802
0.0190909
0.0203251
0.0213846
0.0197545
0.0110766
-0.00405418
0.0230757
0.0230792
0.0223931
0.0188735
0.00691296
-0.0115677
-0.0197103
-0.015373
-0.0140404
-0.0834983
-0.0614697
-0.0364029
0.0155288
0.014877
0.0148919
0.0226712
0.0212576
0.0175597
6.18445e-14
2.61227e-14
9.97956e-15
0.0026648
0.00764388
0.0126077
2.83255e-16
1.00775e-15
3.24271e-15
0.00387491
0.0106834
0.0167534
0.0185444
0.0168223
0.0155773
0.0246494
0.0249954
0.0220021
0.0206017
0.022237
0.0226575
0.0109932
0.0198483
0.0226041
0.0215336
0.0175273
0.0097122
6.65837e-17
1.52246e-17
3.14846e-18
0.00511243
0.0138851
0.020124
1.37048e-20
9.00719e-20
5.35405e-19
-0.000755198
-0.00109361
-0.00396837
0.00164279
0.0139237
0.020366
-0.052307
-0.0293022
-0.0132196
-0.0502322
-0.0238192
-0.00416812
-0.0284744
-0.0416029
-0.0599548
-0.135933
-0.114778
-0.0873667
-0.00575484
-0.0284159
-0.0560934
-0.0823001
-0.113233
-0.142943
-0.141709
-0.112422
-0.0848203
-0.190402
-0.184669
-0.168765
-0.171032
-0.193733
-0.208367
-0.171035
-0.193735
-0.208368
-0.190402
-0.184671
-0.168768
-0.0847615
-0.121908
-0.160445
-0.191123
-0.206572
-0.212932
-0.249017
-0.228639
-0.198657
-0.249018
-0.228641
-0.198661
-0.191126
-0.206575
-0.212932
-0.0847658
-0.121913
-0.160449
-0.0823042
-0.113237
-0.142947
-0.0190658
-0.0465204
-0.0807235
-0.167748
-0.141979
-0.115049
1.68595e-21
2.08673e-22
2.33597e-23
-0.0218009
-0.0566452
-0.0861199
1.55919e-26
1.89309e-25
2.07884e-24
-0.0429885
-0.117792
-0.178585
-0.191536
-0.159493
-0.121304
-0.256858
-0.248865
-0.224048
-0.211718
-0.212275
-0.191805
-0.21172
-0.212276
-0.191805
-0.256859
-0.248867
-0.224051
1.0038e-27
6.7255e-29
4.07549e-30
-0.0307865
-0.0923077
-0.148458
4.17163e-34
9.3567e-33
1.89809e-31
4.17156e-34
9.35625e-33
1.89794e-31
-0.0307866
-0.0923079
-0.148458
1.00363e-27
6.72458e-29
4.07504e-30
-0.0429893
-0.117794
-0.178588
-0.167752
-0.141984
-0.115054
-0.0190686
-0.0465239
-0.0807277
-0.0523109
-0.0293055
-0.0132223
-0.191539
-0.159497
-0.121308
1.5589e-26
1.89269e-25
2.07835e-24
-0.021802
-0.0566479
-0.0861238
1.68544e-21
2.08615e-22
2.33536e-23
-0.000755693
-0.00109488
-0.00397031
-0.0676137
-0.0480766
-0.0256809
-0.0231583
-0.0182788
-0.0151888
-0.0733727
-0.0585562
-0.0380144
-0.0834992
-0.0614709
-0.0364042
-0.0197114
-0.0153739
-0.0140411
0.0188728
0.00691196
-0.0115689
0.0230752
0.0230788
0.0223928
0.0197541
0.0110761
-0.00405484
0.0190905
0.0203247
0.0213843
0.0145753
0.00263595
-0.0153071
-0.135934
-0.114781
-0.0873692
-0.0284758
-0.0416048
-0.0599572
-0.141712
-0.112425
-0.0848232
-0.0502358
-0.0238221
-0.00417028
-0.0057569
-0.0284183
-0.056096
0.0215329
0.0175263
0.0097107
0.0109916
0.0198473
0.0226035
0.0206017
0.0222369
0.0226572
0.0246489
0.0249952
0.022002
0.00164095
0.0139226
0.0203654
1.37008e-20
9.00482e-20
5.35279e-19
0.00511241
0.0138851
0.0201238
6.65731e-17
1.52218e-17
3.14781e-18
0.00387494
0.0106835
0.0167534
0.0226709
0.0212574
0.0175596
0.0155288
0.0148769
0.0148919
0.0203851
0.0208256
0.0181959
0.0185444
0.0168223
0.0155773
2.83217e-16
1.00764e-15
3.2424e-15
0.0026648
0.00764388
0.0126076
6.18418e-14
2.61211e-14
9.97879e-15
0.00365901
0.00897474
0.013808
-0.0231582
-0.0182786
-0.0151886
-0.0676134
-0.0480762
-0.0256805
0.0190905
0.0203247
0.0213843
0.0197542
0.0110762
-0.00405457
0.0230755
0.023079
0.0223929
0.0188731
0.00691249
-0.0115682
-0.0197107
-0.0153734
-0.0140407
-0.0834983
-0.0614699
-0.0364033
0.0155288
0.0148769
0.0148919
0.022671
0.0212574
0.0175596
6.18417e-14
2.61211e-14
9.97875e-15
0.0026648
0.00764388
0.0126077
2.83213e-16
1.00763e-15
3.24237e-15
0.00387497
0.0106836
0.0167535
0.0185444
0.0168223
0.0155773
0.0246492
0.0249954
0.0220021
0.0206019
0.0222372
0.0226575
0.0109924
0.0198479
0.022604
0.0215333
0.0175268
0.00971148
6.65718e-17
1.52214e-17
3.14771e-18
0.00511247
0.0138852
0.020124
1.37e-20
9.00439e-20
5.35258e-19
-0.000755648
-0.0010947
-0.00396993
0.00164146
0.0139231
0.0203658
-0.0523097
-0.0293046
-0.0132216
-0.0502345
-0.0238209
-0.00416926
-0.0284749
-0.0416036
-0.0599558
-0.135933
-0.114779
-0.0873677
-0.00575588
-0.0284171
-0.0560946
-0.0823028
-0.113236
-0.142945
-0.141711
-0.112424
-0.0848216
-0.190402
-0.18467
-0.168766
-0.171034
-0.193734
-0.208368
-0.171034
-0.193734
-0.208368
-0.190402
-0.18467
-0.168767
-0.0847645
-0.121911
-0.160448
-0.191126
-0.206575
-0.212933
-0.249019
-0.228642
-0.198661
-0.249019
-0.228642
-0.198661
-0.191126
-0.206575
-0.212933
-0.0847647
-0.121911
-0.160448
-0.0823031
-0.113236
-0.142946
-0.0190681
-0.0465234
-0.0807273
-0.167752
-0.141983
-0.115054
1.68532e-21
2.08594e-22
2.33507e-23
-0.021802
-0.0566478
-0.0861236
1.55857e-26
1.89235e-25
2.07803e-24
-0.0429889
-0.117793
-0.178587
-0.191539
-0.159497
-0.121308
-0.25686
-0.248867
-0.22405
-0.211719
-0.212275
-0.191803
-0.211719
-0.212275
-0.191803
-0.25686
-0.248867
-0.22405
1.00339e-27
6.72275e-29
4.0738e-30
-0.0307858
-0.0923059
-0.148456
4.16986e-34
9.35276e-33
1.8973e-31
4.16985e-34
9.35274e-33
1.89729e-31
-0.0307858
-0.0923059
-0.148456
1.00338e-27
6.72271e-29
4.07378e-30
-0.0429889
-0.117793
-0.178587
-0.167752
-0.141983
-0.115054
-0.0190681
-0.0465235
-0.0807273
-0.0523099
-0.0293047
-0.0132217
-0.191539
-0.159497
-0.121308
1.55856e-26
1.89234e-25
2.07802e-24
-0.021802
-0.0566478
-0.0861236
1.68532e-21
2.08594e-22
2.33506e-23
-0.000755656
-0.00109472
-0.00396997
-0.0676132
-0.0480761
-0.0256805
-0.0231581
-0.0182786
-0.0151885
-0.0834983
-0.0614699
-0.0364034
-0.0197108
-0.0153734
-0.0140407
0.018873
0.00691239
-0.0115682
0.0230753
0.0230789
0.0223927
0.0197541
0.0110762
-0.00405458
0.0190904
0.0203246
0.0213842
-0.135933
-0.114779
-0.0873679
-0.028475
-0.0416037
-0.0599559
-0.141711
-0.112424
-0.0848218
-0.0502347
-0.0238211
-0.00416941
-0.00575604
-0.0284173
-0.0560947
0.0215332
0.0175267
0.00971134
0.0109923
0.0198478
0.0226039
0.0206018
0.0222371
0.0226574
0.024649
0.0249953
0.022002
0.00164141
0.0139231
0.0203658
1.37e-20
9.00439e-20
5.35258e-19
0.00511246
0.0138852
0.020124
6.65722e-17
1.52214e-17
3.14772e-18
0.00387495
0.0106835
0.0167534
0.0226709
0.0212573
0.0175595
0.0155287
0.0148769
0.0148918
0.0185443
0.0168222
0.0155772
2.83215e-16
1.00764e-15
3.24242e-15
0.00266479
0.00764384
0.0126076
6.18433e-14
2.61216e-14
9.97893e-15
-0.00791351
-0.0081746
-0.00882006
-0.0081746
-0.00856127
-0.0094168
-0.00882006
-0.0094168
-0.010566
-0.0103038
-0.013112
-0.0181091
-0.0112737
-0.0146369
-0.0204086
-0.0128744
-0.016832
-0.0233603
-0.0157688
-0.0204012
-0.0276863
-0.0204012
-0.0257058
-0.0336566
-0.0276863
-0.0336566
-0.0421801
-0.0103037
-0.0112737
-0.0128744
-0.0131119
-0.0146369
-0.016832
-0.0181091
-0.0204086
-0.0233603
-0.0266322
-0.0380905
-0.0519554
-0.0298966
-0.0421553
-0.0563372
-0.0337006
-0.0465862
-0.0608959
-0.066555
-0.0765776
-0.0791852
-0.0703398
-0.0787788
-0.0790776
-0.0742271
-0.0812311
-0.079623
-0.0791169
-0.084876
-0.0817223
-0.0853672
-0.09025
-0.0860617
-0.093997
-0.0983388
-0.0935368
-0.0387956
-0.0521602
-0.0664722
-0.0453548
-0.0590271
-0.0732675
-0.054315
-0.0681589
-0.082291
-0.0667139
-0.0806189
-0.0946605
-0.0806189
-0.0945171
-0.108599
-0.0946605
-0.108599
-0.12299
-0.106201
-0.110403
-0.105474
-0.12036
-0.125
-0.120624
-0.135536
-0.141391
-0.138513
-0.149723
-0.157952
-0.158004
-0.157952
-0.169559
-0.17386
-0.158004
-0.17386
-0.183713
-0.106201
-0.12036
-0.135536
-0.110403
-0.125
-0.141391
-0.105474
-0.120624
-0.138512
-0.0266321
-0.0298966
-0.0337006
-0.0380905
-0.0421552
-0.0465862
-0.0519554
-0.0563372
-0.0608959
-0.0387955
-0.0453548
-0.054315
-0.0521602
-0.0590271
-0.0681589
-0.0664722
-0.0732676
-0.0822911
-0.079117
-0.0853673
-0.0939972
-0.0848762
-0.0902501
-0.098339
-0.0817224
-0.0860618
-0.093537
-0.0665551
-0.0703399
-0.0742272
-0.0765778
-0.078779
-0.0812312
-0.0791854
-0.0790778
-0.0796231
-0.00791351
-0.0081746
-0.00882006
-0.00817461
-0.00856128
-0.00941681
-0.00882008
-0.00941683
-0.0105661
-0.0103038
-0.013112
-0.0181091
-0.0112737
-0.0146369
-0.0204086
-0.0128745
-0.016832
-0.0233603
-0.0157689
-0.0204013
-0.0276864
-0.0204014
-0.025706
-0.0336568
-0.0276866
-0.0336569
-0.0421804
-0.0103038
-0.0112738
-0.0128745
-0.0131121
-0.014637
-0.0168321
-0.0181093
-0.0204088
-0.0233605
-0.0266321
-0.0380905
-0.0519554
-0.0298966
-0.0421552
-0.0563372
-0.0337006
-0.0465863
-0.0608959
-0.0665551
-0.0765778
-0.0791854
-0.0703399
-0.078779
-0.0790779
-0.0742273
-0.0812313
-0.0796233
-0.0791171
-0.0848763
-0.0817227
-0.0853675
-0.0902504
-0.0860622
-0.0939975
-0.0983394
-0.0935375
-0.0387956
-0.0521603
-0.0664723
-0.045355
-0.0590273
-0.0732677
-0.0543153
-0.0681592
-0.0822914
-0.0667144
-0.0806194
-0.094661
-0.0806195
-0.0945177
-0.1086
-0.0946611
-0.1086
-0.122991
-0.106202
-0.110404
-0.105475
-0.120361
-0.125001
-0.120624
-0.135536
-0.141392
-0.138513
-0.149724
-0.157952
-0.158005
-0.157952
-0.16956
-0.173861
-0.158004
-0.17386
-0.183714
-0.106202
-0.120361
-0.135536
-0.110404
-0.125001
-0.141391
-0.105474
-0.120624
-0.138513
-0.0266325
-0.029897
-0.033701
-0.038091
-0.0421557
-0.0465867
-0.0519559
-0.0563378
-0.0608965
-0.038796
-0.0453553
-0.0543155
-0.0521607
-0.0590277
-0.0681595
-0.0664728
-0.0732681
-0.0822917
-0.0791175
-0.0853678
-0.0939977
-0.0848766
-0.0902505
-0.0983394
-0.0817227
-0.0860621
-0.0935372
-0.0665556
-0.0703404
-0.0742278
-0.0765783
-0.0787794
-0.0812316
-0.0791857
-0.0790781
-0.0796234
-0.00791351
-0.00817461
-0.00882009
-0.00817461
-0.0085613
-0.00941684
-0.00882009
-0.00941685
-0.0105661
-0.0103038
-0.0131121
-0.0181093
-0.0112738
-0.014637
-0.0204088
-0.0128745
-0.0168322
-0.0233606
-0.015769
-0.0204015
-0.0276867
-0.0204015
-0.0257062
-0.0336571
-0.0276867
-0.0336571
-0.0421808
-0.0103038
-0.0112738
-0.0128746
-0.0131121
-0.0146371
-0.0168322
-0.0181093
-0.0204089
-0.0233606
-0.0266325
-0.038091
-0.0519559
-0.029897
-0.0421557
-0.0563378
-0.033701
-0.0465868
-0.0608966
-0.0665557
-0.0765783
-0.0791857
-0.0703405
-0.0787795
-0.0790781
-0.0742279
-0.0812317
-0.0796234
-0.0791177
-0.0848768
-0.0817228
-0.0853681
-0.0902508
-0.0860622
-0.0939982
-0.0983398
-0.0935375
-0.0387961
-0.0521608
-0.0664729
-0.0453555
-0.0590279
-0.0732684
-0.0543159
-0.0681599
-0.0822922
-0.066715
-0.0806202
-0.0946618
-0.0806202
-0.0945185
-0.108601
-0.0946619
-0.108601
-0.122992
-0.106203
-0.110404
-0.105475
-0.120362
-0.125002
-0.120625
-0.135537
-0.141392
-0.138514
-0.149725
-0.157953
-0.158006
-0.157953
-0.169561
-0.173861
-0.158006
-0.173861
-0.183714
-0.106203
-0.120362
-0.135537
-0.110404
-0.125002
-0.141392
-0.105475
-0.120625
-0.138514
-0.0266325
-0.029897
-0.0337011
-0.038091
-0.0421558
-0.0465869
-0.051956
-0.0563379
-0.0608966
-0.0387961
-0.0453555
-0.0543159
-0.0521609
-0.059028
-0.0681599
-0.066473
-0.0732685
-0.0822922
-0.0791178
-0.0853682
-0.0939982
-0.0848768
-0.0902509
-0.0983399
-0.0817228
-0.0860623
-0.0935375
-0.0665557
-0.0703405
-0.0742279
-0.0765783
-0.0787795
-0.0812318
-0.0791858
-0.0790782
-0.0796235
-0.00791351
-0.00817461
-0.00882009
-0.0081746
-0.00856128
-0.00941683
-0.00882006
-0.00941681
-0.0105661
-0.0103038
-0.0131121
-0.0181093
-0.0112738
-0.014637
-0.0204088
-0.0128745
-0.0168321
-0.0233605
-0.0157688
-0.0204014
-0.0276865
-0.0204013
-0.0257059
-0.0336569
-0.0276863
-0.0336567
-0.0421803
-0.0103038
-0.0112737
-0.0128745
-0.013112
-0.0146369
-0.016832
-0.0181091
-0.0204086
-0.0233603
-0.0266325
-0.038091
-0.051956
-0.029897
-0.0421557
-0.0563378
-0.033701
-0.0465867
-0.0608965
-0.0665557
-0.0765783
-0.0791858
-0.0703405
-0.0787795
-0.0790781
-0.0742278
-0.0812317
-0.0796234
-0.0791175
-0.0848766
-0.0817227
-0.0853678
-0.0902505
-0.0860621
-0.0939976
-0.0983393
-0.0935372
-0.038796
-0.0521607
-0.0664728
-0.0453552
-0.0590276
-0.0732681
-0.0543154
-0.0681594
-0.0822916
-0.0667143
-0.0806194
-0.094661
-0.0806193
-0.0945175
-0.1086
-0.0946608
-0.1086
-0.122991
-0.106202
-0.110404
-0.105474
-0.12036
-0.125001
-0.120624
-0.135536
-0.141391
-0.138513
-0.149724
-0.157952
-0.158004
-0.157952
-0.169559
-0.17386
-0.158005
-0.173861
-0.183713
-0.106202
-0.120361
-0.135536
-0.110404
-0.125001
-0.141391
-0.105475
-0.120624
-0.138514
-0.0266321
-0.0298966
-0.0337006
-0.0380905
-0.0421552
-0.0465862
-0.0519553
-0.0563372
-0.0608959
-0.0387956
-0.045355
-0.0543153
-0.0521602
-0.0590272
-0.0681591
-0.0664722
-0.0732677
-0.0822913
-0.079117
-0.0853674
-0.0939974
-0.0848763
-0.0902504
-0.0983394
-0.0817227
-0.0860623
-0.0935376
-0.0665551
-0.0703398
-0.0742272
-0.0765778
-0.078779
-0.0812313
-0.0791854
-0.0790779
-0.0796233
-0.00791351
-0.0081746
-0.00882006
-0.0081746
-0.00856127
-0.0094168
-0.00882006
-0.0094168
-0.010566
-0.0103037
-0.0131119
-0.0181091
-0.0112737
-0.0146369
-0.0204086
-0.0128744
-0.016832
-0.0233603
-0.0157688
-0.0204012
-0.0276863
-0.0204012
-0.0257058
-0.0336566
-0.0276863
-0.0336566
-0.0421801
-0.0103038
-0.0112737
-0.0128744
-0.013112
-0.0146369
-0.016832
-0.0181091
-0.0204086
-0.0233603
-0.0266321
-0.0380905
-0.0519554
-0.0298966
-0.0421552
-0.0563372
-0.0337006
-0.0465862
-0.0608959
-0.0665551
-0.0765778
-0.0791854
-0.0703399
-0.078779
-0.0790778
-0.0742272
-0.0812312
-0.0796231
-0.079117
-0.0848762
-0.0817224
-0.0853673
-0.0902501
-0.0860618
-0.0939972
-0.098339
-0.093537
-0.0387955
-0.0521602
-0.0664722
-0.0453548
-0.0590271
-0.0732676
-0.054315
-0.0681589
-0.0822911
-0.0667139
-0.0806189
-0.0946605
-0.0806189
-0.0945171
-0.108599
-0.0946605
-0.108599
-0.12299
-0.106201
-0.110403
-0.105474
-0.12036
-0.125
-0.120624
-0.135536
-0.141391
-0.138512
-0.149723
-0.157952
-0.158004
-0.157952
-0.169559
-0.17386
-0.158004
-0.17386
-0.183713
-0.106201
-0.12036
-0.135536
-0.110403
-0.125
-0.141391
-0.105474
-0.120624
-0.138513
-0.0266322
-0.0298966
-0.0337006
-0.0380905
-0.0421553
-0.0465862
-0.0519554
-0.0563372
-0.0608959
-0.0387956
-0.0453548
-0.054315
-0.0521602
-0.0590271
-0.0681589
-0.0664722
-0.0732675
-0.082291
-0.0791169
-0.0853672
-0.093997
-0.084876
-0.09025
-0.0983388
-0.0817223
-0.0860617
-0.0935368
-0.066555
-0.0703398
-0.0742271
-0.0765776
-0.0787788
-0.0812311
-0.0791852
-0.0790776
-0.079623
-0.0716915
-0.0557175
-0.0346764
-0.069057
-0.0513477
-0.0296702
-0.0676434
-0.0486561
-0.0265138
-0.0122493
0.00489612
0.0158631
-0.00776269
0.00817337
0.0177535
-0.00489678
0.0103458
0.0191685
-0.00371226
0.0114879
0.0202188
-0.00467912
0.0112203
0.0206038
-0.00830303
0.00907634
0.0199186
-0.0682124
-0.048184
-0.0254926
-0.0715006
-0.0506175
-0.0271919
-0.078281
-0.0566152
-0.0321783
0.020772
0.020633
0.0176856
0.0214399
0.0205317
0.0171639
0.0222048
0.0208801
0.0172592
0.0131327
0.00828899
0.0029819
0.0124322
0.00756027
0.00260638
0.0123802
0.00749388
0.00258833
0.012989
0.00791796
0.0027775
0.0141333
0.00874097
0.00310955
0.015759
0.00993348
0.00358083
0.0231707
0.0217601
0.018024
0.0241012
0.0229896
0.0193217
0.0246875
0.0243614
0.0210323
0.0242154
0.0254343
0.0229321
0.0217153
0.0252457
0.0241779
0.0158983
0.0226729
0.0238621
0.0177846
0.0114781
0.00418704
0.0195612
0.0129327
0.00475487
0.020418
0.0138635
0.00510976
0.0190522
0.0134004
0.00491464
0.0140762
0.0105055
0.00376876
0.00392911
0.00407138
0.0012509
0.00453555
0.0156976
0.020283
-0.0125873
0.00333966
0.012065
-0.0367318
-0.0160088
-0.00252418
-0.0899356
-0.0676039
-0.0418846
-0.105469
-0.0829039
-0.0560294
-0.124767
-0.102783
-0.0752816
-0.0159488
0.00384187
0.0171723
-0.0277984
-0.00505058
0.0115207
-0.0448758
-0.018864
0.00161161
-0.0687758
-0.0396218
-0.0147929
-0.0962724
-0.0652679
-0.0368171
-0.126661
-0.0958054
-0.0651455
-0.147337
-0.127468
-0.100576
-0.167987
-0.152066
-0.127668
-0.184495
-0.174696
-0.155181
-0.193839
-0.192661
-0.18104
-0.192661
-0.200975
-0.199011
-0.18104
-0.199011
-0.20788
-0.158776
-0.131069
-0.100631
-0.185728
-0.164251
-0.137193
-0.205909
-0.193686
-0.173386
-0.217135
-0.217117
-0.207251
-0.217117
-0.229671
-0.231753
-0.207251
-0.231753
-0.24615
-0.158776
-0.185728
-0.205909
-0.131068
-0.16425
-0.193686
-0.100631
-0.137193
-0.173386
-0.0696876
-0.0447508
-0.0261226
-0.106647
-0.0794522
-0.0565335
-0.14661
-0.119619
-0.0936447
-0.0138039
-0.00761918
-0.00327541
-0.0378441
-0.0238048
-0.00947098
-0.068238
-0.0444668
-0.0172712
-0.104639
-0.0692278
-0.0264181
-0.139015
-0.0923472
-0.0346735
-0.167732
-0.111092
-0.0409715
-0.18818
-0.164395
-0.136988
-0.222757
-0.20447
-0.177364
-0.248349
-0.236825
-0.2111
-0.261213
-0.256406
-0.232472
-0.256406
-0.255903
-0.233378
-0.232472
-0.233378
-0.212066
-0.185413
-0.121589
-0.0438631
-0.185119
-0.1195
-0.0420287
-0.165905
-0.104718
-0.0356691
-0.126721
-0.077398
-0.0251596
-0.0773981
-0.0451971
-0.0136789
-0.0251596
-0.0136789
-0.00354744
-0.185413
-0.185119
-0.165905
-0.121589
-0.1195
-0.104718
-0.0438631
-0.0420287
-0.0356691
-0.0696874
-0.106647
-0.14661
-0.0447507
-0.0794522
-0.119619
-0.0261226
-0.0565334
-0.0936447
-0.18818
-0.222757
-0.248349
-0.164395
-0.20447
-0.236825
-0.136988
-0.177364
-0.2111
-0.104639
-0.139015
-0.167732
-0.0692278
-0.0923471
-0.111092
-0.0264181
-0.0346735
-0.0409715
-0.0138039
-0.0378441
-0.068238
-0.00761916
-0.0238048
-0.0444668
-0.0032754
-0.00947097
-0.0172712
-0.0716917
-0.0690572
-0.0676436
-0.0557177
-0.0513479
-0.0486562
-0.0346765
-0.0296703
-0.0265138
-0.0682126
-0.0715007
-0.0782811
-0.0481841
-0.0506176
-0.0566152
-0.0254927
-0.0271919
-0.0321783
-0.00371224
-0.00467908
-0.00830297
0.011488
0.0112204
0.00907644
0.0202189
0.0206039
0.0199187
-0.0122493
-0.00776272
-0.00489678
0.00489614
0.00817341
0.0103459
0.0158631
0.0177536
0.0191686
-0.0899356
-0.105469
-0.124767
-0.0676039
-0.0829038
-0.102783
-0.0418845
-0.0560293
-0.0752815
-0.147337
-0.167987
-0.184495
-0.127467
-0.152066
-0.174696
-0.100576
-0.127668
-0.155181
-0.0687756
-0.0962722
-0.126661
-0.0396217
-0.0652677
-0.0958052
-0.0147927
-0.036817
-0.0651452
-0.0159487
-0.0277983
-0.0448757
0.00384199
-0.00505045
-0.0188639
0.0171724
0.0115208
0.00161176
0.0242155
0.0217154
0.0158984
0.0254345
0.0252458
0.022673
0.0229322
0.024178
0.0238622
0.00453568
-0.0125872
-0.0367317
0.0156978
0.00333976
-0.0160087
0.0202831
0.012065
-0.00252411
0.0190523
0.0140763
0.00392915
0.0134004
0.0105056
0.0040714
0.00491465
0.00376877
0.00125091
0.0177847
0.0195612
0.0204181
0.0114781
0.0129328
0.0138635
0.00418705
0.00475488
0.00510978
0.0207721
0.0214401
0.0222049
0.0206331
0.0205318
0.0208802
0.0176857
0.0171639
0.0172593
0.0231708
0.0241013
0.0246876
0.0217602
0.0229897
0.0243615
0.0180241
0.0193218
0.0210324
0.012989
0.0141333
0.0157591
0.00791799
0.00874101
0.00993352
0.00277751
0.00310956
0.00358084
0.0131328
0.0124322
0.0123803
0.00828902
0.0075603
0.00749391
0.00298191
0.00260639
0.00258835
-0.0716917
-0.0557177
-0.0346765
-0.0690573
-0.051348
-0.0296704
-0.0676438
-0.0486565
-0.026514
-0.0122494
0.00489611
0.0158631
-0.00776282
0.00817334
0.0177536
-0.00489694
0.0103458
0.0191686
-0.00371248
0.0114878
0.0202188
-0.00467943
0.0112201
0.0206038
-0.00830345
0.00907607
0.0199185
-0.0682129
-0.0481845
-0.025493
-0.0715011
-0.0506181
-0.0271924
-0.0782817
-0.0566159
-0.0321789
0.0207721
0.0206331
0.0176857
0.02144
0.0205318
0.0171639
0.0222049
0.0208802
0.0172593
0.0131328
0.00828902
0.00298191
0.0124322
0.00756031
0.00260639
0.0123803
0.00749391
0.00258834
0.012989
0.00791798
0.0027775
0.0141333
0.00874098
0.00310955
0.015759
0.00993347
0.00358082
0.0231707
0.0217602
0.0180241
0.0241012
0.0229897
0.0193217
0.0246875
0.0243614
0.0210323
0.0242152
0.0254342
0.022932
0.0217149
0.0252454
0.0241777
0.0158978
0.0226725
0.0238618
0.0177846
0.011478
0.00418702
0.019561
0.0129326
0.00475484
0.0204178
0.0138634
0.00510972
0.0190519
0.0134002
0.00491458
0.0140759
0.0105053
0.0037687
0.00392875
0.00407118
0.00125085
0.00453486
0.0156971
0.0202826
-0.0125881
0.00333898
0.0120645
-0.0367327
-0.0160095
-0.00252474
-0.0899364
-0.0676048
-0.0418853
-0.10547
-0.0829049
-0.0560303
-0.124768
-0.102784
-0.0752827
-0.0159494
0.00384145
0.017172
-0.0277992
-0.00505118
0.0115202
-0.0448768
-0.0188648
0.00161097
-0.0687769
-0.0396228
-0.0147937
-0.0962735
-0.065269
-0.0368181
-0.126662
-0.0958065
-0.0651465
-0.147338
-0.127469
-0.100578
-0.167988
-0.152067
-0.12767
-0.184496
-0.174697
-0.155182
-0.193839
-0.192661
-0.181041
-0.19266
-0.200974
-0.199012
-0.181039
-0.19901
-0.207879
-0.158777
-0.13107
-0.100632
-0.185729
-0.164251
-0.137194
-0.205909
-0.193686
-0.173387
-0.217134
-0.217117
-0.207251
-0.217115
-0.22967
-0.231752
-0.207248
-0.231751
-0.246148
-0.158774
-0.185727
-0.205907
-0.131066
-0.164248
-0.193684
-0.100628
-0.13719
-0.173383
-0.0696885
-0.0447516
-0.0261232
-0.106648
-0.079453
-0.056534
-0.146611
-0.119619
-0.0936451
-0.0138043
-0.00761932
-0.00327542
-0.0378444
-0.0238049
-0.00947097
-0.0682382
-0.0444669
-0.0172712
-0.104639
-0.0692279
-0.0264182
-0.139015
-0.0923474
-0.0346736
-0.167733
-0.111092
-0.0409718
-0.18818
-0.164396
-0.136988
-0.222757
-0.20447
-0.177364
-0.248348
-0.236825
-0.2111
-0.261212
-0.256406
-0.232473
-0.256405
-0.255903
-0.233379
-0.232471
-0.233378
-0.212067
-0.185414
-0.12159
-0.0438636
-0.185121
-0.119501
-0.0420293
-0.165907
-0.10472
-0.0356699
-0.126723
-0.0773999
-0.0251603
-0.0773998
-0.0451984
-0.0136794
-0.0251603
-0.0136794
-0.0035476
-0.185412
-0.18512
-0.165906
-0.121589
-0.119501
-0.10472
-0.043863
-0.042029
-0.0356698
-0.0696846
-0.106644
-0.146607
-0.0447481
-0.0794488
-0.119615
-0.0261202
-0.0565303
-0.0936408
-0.188176
-0.222754
-0.248346
-0.164391
-0.204467
-0.236822
-0.136984
-0.17736
-0.211097
-0.104635
-0.139011
-0.16773
-0.0692252
-0.0923448
-0.11109
-0.0264171
-0.0346726
-0.040971
-0.013802
-0.0378414
-0.0682346
-0.00761781
-0.0238029
-0.0444644
-0.00327483
-0.00947018
-0.0172702
-0.0716918
-0.0690572
-0.0676436
-0.0557175
-0.0513477
-0.048656
-0.0346761
-0.0296699
-0.0265135
-0.0682126
-0.0715007
-0.0782811
-0.048184
-0.0506174
-0.056615
-0.0254923
-0.0271916
-0.0321779
-0.00371184
-0.00467867
-0.00830251
0.0114883
0.0112208
0.00907686
0.0202192
0.0206042
0.0199191
-0.0122488
-0.00776228
-0.00489637
0.00489663
0.00817383
0.0103463
0.0158636
0.017754
0.0191689
-0.0899355
-0.105469
-0.124767
-0.0676036
-0.0829034
-0.102782
-0.041884
-0.0560287
-0.0752807
-0.147337
-0.167987
-0.184495
-0.127467
-0.152065
-0.174696
-0.100575
-0.127667
-0.15518
-0.0687744
-0.0962707
-0.126659
-0.0396204
-0.065266
-0.0958031
-0.0147915
-0.0368153
-0.065143
-0.0159482
-0.0277976
-0.0448747
0.00384251
-0.00504975
-0.0188629
0.0171728
0.0115214
0.00161256
0.0242157
0.0217157
0.015899
0.0254345
0.0252459
0.0226733
0.0229321
0.0241779
0.0238622
0.00453661
-0.0125857
-0.0367296
0.0156984
0.00334087
-0.0160068
0.0202834
0.0120658
-0.00252265
0.0190523
0.0140767
0.00393023
0.0134004
0.0105058
0.00407214
0.00491465
0.00376889
0.00125123
0.0177845
0.0195611
0.020418
0.011478
0.0129326
0.0138634
0.00418699
0.00475481
0.00510971
0.0207724
0.0214403
0.0222051
0.0206333
0.020532
0.0208804
0.0176858
0.017164
0.0172594
0.023171
0.0241015
0.0246878
0.0217603
0.0229898
0.0243616
0.0180242
0.0193218
0.0210324
0.012989
0.0141333
0.015759
0.00791797
0.00874096
0.00993342
0.0027775
0.00310953
0.0035808
0.0131328
0.0124323
0.0123803
0.00828903
0.00756032
0.00749392
0.00298191
0.0026064
0.00258834
-0.0716918
-0.0557175
-0.0346761
-0.0690572
-0.0513477
-0.0296699
-0.0676436
-0.048656
-0.0265134
-0.0122488
0.00489664
0.0158636
-0.00776225
0.00817385
0.017754
-0.00489634
0.0103463
0.0191689
-0.00371182
0.0114883
0.0202192
-0.0046787
0.0112207
0.0206042
-0.00830263
0.00907673
0.0199189
-0.0682126
-0.0481839
-0.0254923
-0.0715008
-0.0506174
-0.0271916
-0.0782813
-0.0566152
-0.032178
0.0207724
0.0206333
0.0176858
0.0214403
0.020532
0.017164
0.0222051
0.0208804
0.0172594
0.0131328
0.00828903
0.00298192
0.0124323
0.00756032
0.00260639
0.0123803
0.00749391
0.00258834
0.012989
0.00791794
0.00277749
0.0141332
0.00874091
0.00310951
0.0157589
0.00993333
0.00358076
0.0231709
0.0217603
0.0180241
0.0241014
0.0229897
0.0193217
0.0246877
0.0243614
0.0210322
0.0242154
0.0254342
0.0229318
0.0217152
0.0252454
0.0241775
0.0158983
0.0226726
0.0238616
0.0177843
0.0114778
0.00418693
0.0195607
0.0129324
0.00475472
0.0204175
0.0138631
0.00510959
0.0190517
0.0134
0.00491449
0.0140759
0.0105053
0.00376871
0.00392937
0.00407159
0.00125104
0.00453563
0.0156974
0.0202826
-0.0125869
0.00333975
0.0120648
-0.0367309
-0.0160081
-0.00252376
-0.089936
-0.067604
-0.0418843
-0.10547
-0.0829041
-0.0560293
-0.124768
-0.102783
-0.0752816
-0.0159485
0.00384222
0.0171725
-0.0277981
-0.00505026
0.0115209
-0.0448756
-0.0188637
0.00161182
-0.0687755
-0.0396214
-0.0147925
-0.0962719
-0.0652672
-0.0368165
-0.126661
-0.0958043
-0.0651443
-0.147338
-0.127468
-0.100576
-0.167988
-0.152066
-0.127668
-0.184496
-0.174697
-0.155181
-0.193839
-0.192661
-0.18104
-0.19266
-0.200974
-0.19901
-0.181039
-0.19901
-0.207878
-0.158775
-0.131067
-0.100629
-0.185727
-0.164248
-0.137191
-0.205906
-0.193683
-0.173383
-0.217131
-0.217113
-0.207247
-0.217113
-0.229666
-0.231748
-0.207247
-0.231748
-0.246145
-0.158775
-0.185726
-0.205906
-0.131066
-0.164248
-0.193683
-0.100629
-0.13719
-0.173383
-0.0696858
-0.0447493
-0.0261213
-0.106645
-0.0794498
-0.0565312
-0.146607
-0.119615
-0.0936414
-0.0138029
-0.00761835
-0.00327502
-0.0378421
-0.0238033
-0.00947034
-0.0682352
-0.0444648
-0.0172704
-0.104635
-0.0692255
-0.0264173
-0.139011
-0.0923451
-0.0346728
-0.16773
-0.11109
-0.0409713
-0.188175
-0.164391
-0.136984
-0.222752
-0.204466
-0.17736
-0.248344
-0.236821
-0.211097
-0.261208
-0.256403
-0.23247
-0.256403
-0.255901
-0.233377
-0.23247
-0.233377
-0.212067
-0.185413
-0.121589
-0.0438634
-0.185121
-0.119502
-0.0420294
-0.165907
-0.104721
-0.0356702
-0.126724
-0.0774007
-0.0251606
-0.0774007
-0.045199
-0.0136796
-0.0251606
-0.0136796
-0.00354762
-0.185412
-0.18512
-0.165907
-0.121589
-0.119501
-0.104721
-0.0438633
-0.0420294
-0.0356701
-0.0696854
-0.106644
-0.146606
-0.044749
-0.0794494
-0.119615
-0.0261212
-0.0565309
-0.0936411
-0.188175
-0.222752
-0.248343
-0.164391
-0.204465
-0.23682
-0.136983
-0.177359
-0.211096
-0.104635
-0.139011
-0.16773
-0.0692253
-0.0923449
-0.11109
-0.0264172
-0.0346727
-0.0409712
-0.0138028
-0.037842
-0.0682349
-0.00761834
-0.0238033
-0.0444647
-0.00327503
-0.00947034
-0.0172704
-0.0716918
-0.0690572
-0.0676436
-0.0557175
-0.0513477
-0.048656
-0.0346761
-0.0296698
-0.0265134
-0.0682126
-0.0715007
-0.0782812
-0.0481839
-0.0506174
-0.056615
-0.0254922
-0.0271915
-0.0321778
-0.00371171
-0.00467856
-0.00830246
0.0114884
0.0112209
0.00907689
0.0202193
0.0206043
0.0199191
-0.0122488
-0.00776218
-0.00489625
0.0048967
0.00817393
0.0103464
0.0158636
0.017754
0.019169
-0.0899359
-0.10547
-0.124767
-0.0676038
-0.0829038
-0.102783
-0.0418841
-0.056029
-0.0752812
-0.147338
-0.167988
-0.184496
-0.127468
-0.152066
-0.174696
-0.100576
-0.127668
-0.155181
-0.068775
-0.0962714
-0.12666
-0.039621
-0.0652668
-0.0958039
-0.0147922
-0.0368161
-0.0651439
-0.0159482
-0.0277978
-0.0448752
0.00384243
-0.00505
-0.0188634
0.0171727
0.0115211
0.0016121
0.0242155
0.0217154
0.0158985
0.0254343
0.0252456
0.0226728
0.0229319
0.0241776
0.0238617
0.0045359
-0.0125866
-0.0367305
0.0156976
0.00333997
-0.0160079
0.0202827
0.0120649
-0.00252363
0.0190517
0.014076
0.00392942
0.0134
0.0105053
0.0040716
0.00491449
0.00376871
0.00125104
0.0177843
0.0195608
0.0204176
0.0114778
0.0129324
0.0138631
0.00418693
0.00475472
0.00510959
0.0207725
0.0214404
0.0222052
0.0206334
0.020532
0.0208804
0.0176858
0.017164
0.0172594
0.023171
0.0241015
0.0246878
0.0217603
0.0229898
0.0243615
0.0180241
0.0193217
0.0210323
0.012989
0.0141332
0.0157589
0.00791795
0.00874092
0.00993335
0.00277749
0.00310951
0.00358076
0.0131328
0.0124323
0.0123803
0.00828903
0.00756032
0.00749392
0.00298192
0.0026064
0.00258834
-0.0716918
-0.0557175
-0.0346761
-0.0690573
-0.0513477
-0.0296699
-0.0676436
-0.0486561
-0.0265135
-0.0122488
0.00489668
0.0158636
-0.00776226
0.00817387
0.017754
-0.00489637
0.0103463
0.019169
-0.00371185
0.0114883
0.0202193
-0.00467868
0.0112208
0.0206042
-0.00830252
0.00907687
0.0199191
-0.0682127
-0.048184
-0.0254924
-0.0715007
-0.0506174
-0.0271916
-0.0782811
-0.056615
-0.0321779
0.0207724
0.0206334
0.0176858
0.0214403
0.020532
0.017164
0.0222051
0.0208804
0.0172594
0.0131328
0.00828903
0.00298192
0.0124323
0.00756033
0.0026064
0.0123803
0.00749393
0.00258835
0.012989
0.00791798
0.0027775
0.0141333
0.00874096
0.00310953
0.015759
0.00993343
0.0035808
0.023171
0.0217604
0.0180242
0.0241015
0.0229898
0.0193218
0.0246878
0.0243616
0.0210324
0.0242157
0.0254345
0.0229321
0.0217157
0.0252459
0.0241779
0.015899
0.0226733
0.0238622
0.0177845
0.011478
0.00418699
0.0195611
0.0129326
0.00475481
0.020418
0.0138634
0.00510972
0.0190523
0.0134004
0.00491465
0.0140768
0.0105058
0.0037689
0.00393028
0.00407216
0.00125124
0.00453667
0.0156984
0.0202834
-0.0125856
0.00334094
0.0120658
-0.0367294
-0.0160067
-0.00252257
-0.0899355
-0.0676036
-0.041884
-0.105469
-0.0829034
-0.0560287
-0.124766
-0.102782
-0.0752806
-0.0159481
0.00384252
0.0171728
-0.0277976
-0.00504972
0.0115214
-0.0448747
-0.0188629
0.00161261
-0.0687742
-0.0396202
-0.0147914
-0.0962705
-0.0652658
-0.0368151
-0.126659
-0.0958028
-0.0651428
-0.147336
-0.127467
-0.100575
-0.167987
-0.152065
-0.127667
-0.184495
-0.174695
-0.15518
-0.193839
-0.19266
-0.181039
-0.192661
-0.200974
-0.19901
-0.181041
-0.199012
-0.207879
-0.158774
-0.131066
-0.100628
-0.185726
-0.164248
-0.13719
-0.205907
-0.193683
-0.173383
-0.217134
-0.217115
-0.207248
-0.217117
-0.22967
-0.231751
-0.207251
-0.231752
-0.246148
-0.158777
-0.185729
-0.205909
-0.13107
-0.164252
-0.193686
-0.100632
-0.137194
-0.173387
-0.0696844
-0.0447479
-0.0261201
-0.106644
-0.0794486
-0.0565301
-0.146606
-0.119615
-0.0936407
-0.0138019
-0.00761778
-0.00327483
-0.0378413
-0.0238028
-0.00947018
-0.0682345
-0.0444644
-0.0172703
-0.104635
-0.0692252
-0.0264171
-0.139011
-0.0923448
-0.0346727
-0.16773
-0.11109
-0.040971
-0.188176
-0.164391
-0.136984
-0.222754
-0.204467
-0.17736
-0.248346
-0.236822
-0.211097
-0.261212
-0.256405
-0.232471
-0.256406
-0.255903
-0.233378
-0.232473
-0.233379
-0.212067
-0.185412
-0.121589
-0.043863
-0.18512
-0.119501
-0.042029
-0.165906
-0.10472
-0.0356698
-0.126723
-0.0773998
-0.0251603
-0.0773999
-0.0451984
-0.0136794
-0.0251603
-0.0136794
-0.0035476
-0.185414
-0.185121
-0.165907
-0.12159
-0.119502
-0.10472
-0.0438636
-0.0420294
-0.0356699
-0.0696886
-0.106648
-0.146611
-0.0447516
-0.0794531
-0.119619
-0.0261232
-0.0565341
-0.0936452
-0.18818
-0.222757
-0.248348
-0.164396
-0.20447
-0.236825
-0.136988
-0.177364
-0.211101
-0.104639
-0.139015
-0.167733
-0.069228
-0.0923475
-0.111092
-0.0264182
-0.0346737
-0.0409718
-0.0138043
-0.0378444
-0.0682382
-0.00761932
-0.0238049
-0.0444669
-0.00327543
-0.00947098
-0.0172712
-0.0716917
-0.0690573
-0.0676438
-0.0557177
-0.0513481
-0.0486565
-0.0346766
-0.0296704
-0.0265141
-0.068213
-0.0715013
-0.0782819
-0.0481846
-0.0506182
-0.0566161
-0.0254931
-0.0271925
-0.032179
-0.00371256
-0.00467953
-0.00830358
0.0114877
0.0112201
0.00907599
0.0202188
0.0206037
0.0199184
-0.0122494
-0.00776286
-0.004897
0.0048961
0.00817332
0.0103457
0.0158631
0.0177536
0.0191685
-0.0899366
-0.10547
-0.124768
-0.067605
-0.0829051
-0.102784
-0.0418855
-0.0560305
-0.0752829
-0.147338
-0.167988
-0.184496
-0.127469
-0.152067
-0.174697
-0.100578
-0.12767
-0.155183
-0.0687771
-0.0962738
-0.126663
-0.039623
-0.0652692
-0.0958067
-0.0147939
-0.0368183
-0.0651467
-0.0159495
-0.0277994
-0.044877
0.00384135
-0.00505131
-0.018865
0.017172
0.0115202
0.00161087
0.0242152
0.0217149
0.0158978
0.0254342
0.0252454
0.0226725
0.022932
0.0241777
0.0238618
0.00453479
-0.0125882
-0.0367328
0.0156971
0.00333894
-0.0160096
0.0202826
0.0120645
-0.00252476
0.0190519
0.0140759
0.00392876
0.0134002
0.0105053
0.00407119
0.00491459
0.0037687
0.00125085
0.0177846
0.0195611
0.0204179
0.011478
0.0129327
0.0138634
0.00418702
0.00475484
0.00510972
0.0207721
0.02144
0.0222049
0.0206331
0.0205318
0.0208802
0.0176857
0.0171639
0.0172593
0.0231707
0.0241012
0.0246875
0.0217602
0.0229897
0.0243614
0.0180241
0.0193217
0.0210323
0.012989
0.0141333
0.015759
0.00791798
0.00874099
0.00993348
0.0027775
0.00310955
0.00358082
0.0131328
0.0124322
0.0123803
0.00828902
0.00756031
0.00749392
0.00298191
0.00260639
0.00258835
-0.0716917
-0.0557177
-0.0346765
-0.0690572
-0.0513479
-0.0296703
-0.0676436
-0.0486562
-0.0265138
-0.0122493
0.00489614
0.0158631
-0.00776272
0.00817341
0.0177536
-0.00489678
0.0103459
0.0191686
-0.00371224
0.011488
0.0202189
-0.00467908
0.0112204
0.0206039
-0.00830297
0.00907644
0.0199187
-0.0682126
-0.0481841
-0.0254927
-0.0715007
-0.0506176
-0.0271919
-0.0782811
-0.0566152
-0.0321783
0.0207721
0.0206331
0.0176857
0.0214401
0.0205318
0.0171639
0.0222049
0.0208802
0.0172593
0.0131328
0.00828902
0.00298191
0.0124322
0.0075603
0.00260639
0.0123803
0.00749391
0.00258835
0.012989
0.00791799
0.00277751
0.0141333
0.00874101
0.00310956
0.0157591
0.00993352
0.00358084
0.0231708
0.0217602
0.0180241
0.0241013
0.0229897
0.0193218
0.0246876
0.0243615
0.0210324
0.0242155
0.0254345
0.0229322
0.0217154
0.0252458
0.024178
0.0158984
0.022673
0.0238622
0.0177847
0.0114781
0.00418705
0.0195612
0.0129328
0.00475488
0.0204181
0.0138635
0.00510978
0.0190523
0.0134004
0.00491465
0.0140763
0.0105056
0.00376877
0.00392915
0.0040714
0.00125091
0.00453568
0.0156978
0.0202831
-0.0125872
0.00333976
0.012065
-0.0367317
-0.0160087
-0.00252411
-0.0899356
-0.0676039
-0.0418845
-0.105469
-0.0829038
-0.0560293
-0.124767
-0.102783
-0.0752815
-0.0159487
0.00384199
0.0171724
-0.0277983
-0.00505045
0.0115208
-0.0448757
-0.0188639
0.00161176
-0.0687756
-0.0396217
-0.0147927
-0.0962722
-0.0652677
-0.036817
-0.126661
-0.0958052
-0.0651452
-0.147337
-0.127467
-0.100576
-0.167987
-0.152066
-0.127668
-0.184495
-0.174696
-0.155181
-0.193839
-0.192661
-0.18104
-0.192661
-0.200975
-0.199011
-0.18104
-0.199011
-0.20788
-0.158776
-0.131068
-0.100631
-0.185728
-0.16425
-0.137193
-0.205909
-0.193686
-0.173386
-0.217135
-0.217117
-0.207251
-0.217117
-0.229671
-0.231753
-0.207251
-0.231753
-0.24615
-0.158776
-0.185728
-0.205909
-0.131069
-0.164251
-0.193686
-0.100631
-0.137193
-0.173386
-0.0696874
-0.0447507
-0.0261226
-0.106647
-0.0794522
-0.0565334
-0.14661
-0.119619
-0.0936447
-0.0138039
-0.00761916
-0.0032754
-0.0378441
-0.0238048
-0.00947097
-0.068238
-0.0444668
-0.0172712
-0.104639
-0.0692278
-0.0264181
-0.139015
-0.0923471
-0.0346735
-0.167732
-0.111092
-0.0409715
-0.18818
-0.164395
-0.136988
-0.222757
-0.20447
-0.177364
-0.248349
-0.236825
-0.2111
-0.261213
-0.256406
-0.232472
-0.256406
-0.255903
-0.233378
-0.232472
-0.233378
-0.212066
-0.185413
-0.121589
-0.0438631
-0.185119
-0.1195
-0.0420287
-0.165905
-0.104718
-0.0356691
-0.126721
-0.0773981
-0.0251596
-0.077398
-0.0451971
-0.0136789
-0.0251596
-0.0136789
-0.00354744
-0.185413
-0.185119
-0.165905
-0.121589
-0.1195
-0.104718
-0.0438631
-0.0420287
-0.0356691
-0.0696876
-0.106647
-0.14661
-0.0447508
-0.0794522
-0.119619
-0.0261226
-0.0565335
-0.0936447
-0.18818
-0.222757
-0.248349
-0.164395
-0.20447
-0.236825
-0.136988
-0.177364
-0.2111
-0.104639
-0.139015
-0.167732
-0.0692278
-0.0923472
-0.111092
-0.0264181
-0.0346735
-0.0409715
-0.0138039
-0.0378441
-0.068238
-0.00761918
-0.0238048
-0.0444668
-0.00327541
-0.00947098
-0.0172712
-0.0716915
-0.069057
-0.0676434
-0.0557175
-0.0513477
-0.0486561
-0.0346764
-0.0296702
-0.0265138
-0.0682124
-0.0715006
-0.078281
-0.048184
-0.0506175
-0.0566152
-0.0254926
-0.0271919
-0.0321783
-0.00371226
-0.00467912
-0.00830303
0.0114879
0.0112203
0.00907634
0.0202188
0.0206038
0.0199186
-0.0122493
-0.00776269
-0.00489678
0.00489612
0.00817337
0.0103458
0.0158631
0.0177535
0.0191685
-0.0899356
-0.105469
-0.124767
-0.0676039
-0.0829039
-0.102783
-0.0418846
-0.0560294
-0.0752816
-0.147337
-0.167987
-0.184495
-0.127468
-0.152066
-0.174696
-0.100576
-0.127668
-0.155181
-0.0687758
-0.0962724
-0.126661
-0.0396218
-0.0652679
-0.0958054
-0.0147929
-0.0368171
-0.0651455
-0.0159488
-0.0277984
-0.0448758
0.00384187
-0.00505058
-0.018864
0.0171723
0.0115207
0.00161161
0.0242154
0.0217153
0.0158983
0.0254343
0.0252457
0.0226729
0.0229321
0.0241779
0.0238621
0.00453555
-0.0125873
-0.0367318
0.0156976
0.00333966
-0.0160088
0.020283
0.012065
-0.00252418
0.0190522
0.0140762
0.00392911
0.0134004
0.0105055
0.00407138
0.00491464
0.00376876
0.0012509
0.0177846
0.0195612
0.020418
0.0114781
0.0129327
0.0138635
0.00418704
0.00475487
0.00510976
0.020772
0.0214399
0.0222048
0.020633
0.0205317
0.0208801
0.0176856
0.0171639
0.0172592
0.0231707
0.0241012
0.0246875
0.0217601
0.0229896
0.0243614
0.018024
0.0193217
0.0210323
0.012989
0.0141333
0.015759
0.00791796
0.00874097
0.00993348
0.0027775
0.00310955
0.00358083
0.0131327
0.0124322
0.0123802
0.00828899
0.00756027
0.00749388
0.0029819
0.00260638
0.00258833
