FiniteElementSpace
FiniteElementCollection: H1_2D_P4
VDim: 1
Ordering: 0

-1.16211
0
0
0
0
0
0
0
0
0
0
-0.28656
0
0
-0.286553
0
0
-0.286552
0
0
-0.286553
0
0
-0.286553
0
0
-0.202773
-0.202769
-0.202766
-0.20277
-0.202773
0.0630549
0.259675
0.259671
0.0630682
0.259671
0.259669
0.0630676
0.25967
0.259669
0.0630677
0.25967
0.259671
0.0630684
0.259671
0.259675
-0.654759
0
0.538445
0
0
0.538444
0
-0.654756
0
0.538438
0
0
0.538452
0
-0.654756
0
0.53843
0
0
0.538432
0
-0.654756
0
0.538453
0
0
0.538437
0
-0.654756
0
0.538444
0
0
0.538445
0
0.351546
0.351544
0.351546
0.351545
0.351546
0.777193
-0.916006
0.777189
0.777206
-0.916056
0.777192
0.777218
-0.916115
0.777216
0.777191
-0.916053
0.777205
0.777189
-0.916006
0.777193
-0.50835
0.344553
0.344553
-0.508341
-0.110602
0.103419
0.163158
-0.0951147
-0.095114
0.163154
0.103411
-0.110592
0.344562
0.344552
-0.508333
0.103429
0.163154
-0.0951195
-0.0951141
0.163152
0.103413
-0.110596
0.344564
0.344563
-0.508332
0.103429
0.163152
-0.0951237
-0.0951223
0.163152
0.103426
-0.110596
0.344552
0.344563
-0.508341
0.103412
0.163153
-0.0951129
-0.0951195
0.163154
0.103429
-0.110592
0.344553
0.344553
0.103411
0.163154
-0.095114
-0.0951147
0.163158
0.103419
-0.464348
-0.03395
0.49934
-0.608333
0
0.868632
0
0.401113
0.816175
0.0413208
0.217828
0.217825
0.041322
0
-1.5462
0
0
-1.54619
0
0.401108
0.499336
-0.0339565
-0.464342
0.816174
0
0.868628
0
-0.608332
-0.033932
0.49934
0
0.868651
0
0.401066
0.816173
0.0413317
0.217796
0.217802
0.041336
0
-1.54619
0
0
-1.54619
0
0.401104
0.499336
-0.0339595
-0.46434
0.816186
0
0.868628
0
-0.608331
-0.0339239
0.499341
0
0.868666
0
0.401017
0.816174
0.0413493
0.217767
0.217767
0.0413512
0
-1.54619
0
0
-1.5462
0
0.401018
0.49934
-0.0339274
-0.464341
0.816177
0
0.868663
0
-0.60833
-0.0339592
0.499337
0
0.868627
0
0.401106
0.816186
0.0413344
0.217804
0.217798
0.0413292
0
-1.54619
0
0
-1.54619
0
0.401067
0.49934
-0.0339323
-0.464342
0.816171
0
0.868651
0
-0.608332
-0.0339565
0.499336
0
0.868628
0
0.401108
0.816174
0.041322
0.217825
0.217828
0.0413208
0
-1.54619
0
0
-1.5462
0
0.401113
0.49934
-0.03395
0.816175
0
0.868632
0
0.119071
0.14275
-0.0993579
0.142745
0.11908
0.142758
-0.099361
0.142744
0.11909
0.142757
-0.0993669
0.142755
0.119081
0.142744
-0.0993601
0.142758
0.119071
0.142745
-0.0993579
0.14275
0.0753811
-0.0554737
1.13602
0.174418
0.352963
-0.699766
-1.0227
-0.699767
0.0753734
0.174419
1.13602
-0.0554773
0.0753954
-0.055456
1.13601
0.174414
0.352977
-0.699813
-1.02266
-0.699795
0.0753728
0.174426
1.13602
-0.0554805
0.0753975
-0.055442
1.13599
0.174415
0.353003
-0.699858
-1.02261
-0.69986
0.0753943
0.174418
1.13599
-0.0554451
0.0753729
-0.0554802
1.13602
0.174427
0.352976
-0.699793
-1.02266
-0.699812
0.0753951
0.174412
1.13601
-0.0554562
0.0753733
-0.0554773
1.13602
0.174419
0.352963
-0.699767
-1.0227
-0.699766
0.0753811
0.174418
1.13602
-0.0554737
-1.14507
-0.967282
-0.681196
-0.442779
-0.241195
0.000192929
-0.442771
-0.241191
0.000194271
-1.14507
-0.967277
-0.681189
0.0381868
-0.099398
-0.348059
0.0794717
0.165457
0.28697
0.364332
0.340736
0.22048
0.389869
0.423254
0.39025
0.389868
0.423252
0.390249
0.364333
0.340738
0.220481
0.0794831
0.165464
0.286973
0.0381998
-0.0993858
-0.348049
0.0634698
0.0116748
-0.0683885
-0.109833
-0.0388381
0.0809421
0.313418
0.236912
0.169345
-0.262728
-0.210871
-0.149822
-0.278114
-0.171465
0.00584493
0.103145
0.106929
0.124241
0.293272
0.289674
0.188559
0.227395
0.181323
0.16133
0.204274
0.235152
0.193144
0.310033
0.23038
0.177717
0.114436
0.0145517
-0.068395
0.114433
0.0145503
-0.0683953
0.310032
0.230377
0.177713
0.208564
0.0845995
-0.0396716
-0.114661
-0.132225
-0.119679
-0.210301
-0.194849
-0.140572
-0.210301
-0.194848
-0.140571
-0.11466
-0.132225
-0.119679
0.208561
0.084599
-0.0396712
0.227391
0.181319
0.161326
0.313418
0.23691
0.169341
-0.109825
-0.0388361
0.0809392
0.0634827
0.0116868
-0.0683776
0.204269
0.235146
0.193138
0.293267
0.289667
0.188552
0.103138
0.106923
0.124236
-0.278109
-0.171466
0.0058389
-0.26272
-0.210862
-0.149813
-0.442769
-0.241183
0.000202975
-0.442764
-0.241183
0.000202217
-1.14507
-0.967271
-0.681181
0.0794861
0.165472
0.286982
0.364341
0.340745
0.220489
0.389868
0.423256
0.390256
0.389866
0.423251
0.390248
0.364332
0.340741
0.220488
0.0794818
0.165463
0.286971
0.0382006
-0.0993816
-0.348043
-0.109821
-0.0388256
0.0809521
0.313427
0.236921
0.169353
-0.278103
-0.171452
0.00585692
0.103155
0.106938
0.124249
0.29327
0.289677
0.188567
0.227391
0.181319
0.161326
0.204271
0.235153
0.193149
0.310031
0.230377
0.177713
0.114432
0.0145472
-0.0683987
0.114431
0.0145478
-0.0683981
0.31003
0.230375
0.177711
0.208558
0.0845933
-0.0396771
-0.114665
-0.132229
-0.119683
-0.210299
-0.19485
-0.140575
-0.210298
-0.194847
-0.14057
-0.114661
-0.132227
-0.119682
0.208559
0.0845975
-0.0396717
0.227389
0.181317
0.161324
0.313416
0.236908
0.169339
-0.109828
-0.0388379
0.080938
0.0634809
0.0116835
-0.0683807
0.204267
0.235144
0.193137
0.293265
0.289666
0.188552
0.103139
0.106923
0.124235
-0.278108
-0.171464
0.00584078
-0.26272
-0.210863
-0.149815
-0.442761
-0.241175
0.000212172
-0.442761
-0.241175
0.000212171
-1.14507
-0.967271
-0.681181
0.0794854
0.165472
0.286983
0.364344
0.340752
0.220498
0.38987
0.423259
0.390259
0.38987
0.423258
0.390258
0.364344
0.340752
0.220498
0.0794851
0.165471
0.286982
0.0382009
-0.099381
-0.348042
-0.109824
-0.038828
0.0809509
0.313428
0.23692
0.169352
-0.278103
-0.171452
0.00585676
0.103155
0.106938
0.124248
0.29327
0.289677
0.188568
0.22739
0.181317
0.161324
0.20427
0.235152
0.193149
0.310032
0.230376
0.177711
0.114429
0.0145432
-0.0684038
0.114429
0.0145433
-0.0684037
0.310031
0.230375
0.177711
0.208556
0.0845899
-0.0396811
-0.114669
-0.132234
-0.119688
-0.210298
-0.194852
-0.140579
-0.210297
-0.194851
-0.140577
-0.114668
-0.132234
-0.119688
0.208557
0.0845909
-0.0396797
0.22739
0.181317
0.161324
0.313427
0.236918
0.16935
-0.109825
-0.0388297
0.080949
0.0634808
0.0116831
-0.0683814
0.20427
0.235151
0.193147
0.293269
0.289675
0.188565
0.103153
0.106935
0.124247
-0.278105
-0.171454
0.00585429
-0.262721
-0.210864
-0.149816
-0.442763
-0.241182
0.000202839
-0.442768
-0.241183
0.000203536
-1.14507
-0.967277
-0.681189
0.079482
0.165463
0.286972
0.364333
0.340741
0.220488
0.389867
0.423252
0.390248
0.389869
0.423257
0.390257
0.364342
0.340746
0.22049
0.0794863
0.165472
0.286982
0.0381999
-0.0993855
-0.348049
-0.109828
-0.0388379
0.0809381
0.313416
0.236908
0.16934
-0.278108
-0.171464
0.00584071
0.103139
0.106923
0.124235
0.293266
0.289666
0.188552
0.22739
0.181318
0.161325
0.204268
0.235145
0.193137
0.310031
0.230376
0.177712
0.114432
0.014549
-0.0683971
0.114432
0.0145479
-0.0683978
0.310032
0.230378
0.177714
0.20856
0.084599
-0.0396703
-0.11466
-0.132226
-0.119681
-0.210298
-0.194846
-0.140569
-0.2103
-0.19485
-0.140575
-0.114665
-0.132229
-0.119682
0.208558
0.0845932
-0.0396771
0.227391
0.181319
0.161326
0.313428
0.236921
0.169353
-0.109821
-0.0388253
0.0809525
0.0634828
0.0116868
-0.0683776
0.204272
0.235153
0.19315
0.293269
0.289676
0.188567
0.103155
0.106938
0.124249
-0.278103
-0.171452
0.00585683
-0.26272
-0.210862
-0.149813
-0.442771
-0.241191
0.000194172
-0.442779
-0.241195
0.000192827
0.0794831
0.165464
0.286973
0.364333
0.340738
0.220481
0.389868
0.423252
0.390249
0.389869
0.423254
0.39025
0.364331
0.340736
0.22048
0.0794716
0.165457
0.28697
-0.109825
-0.0388363
0.0809391
0.313418
0.23691
0.169341
-0.278109
-0.171467
0.00583874
0.103138
0.106923
0.124236
0.293267
0.289667
0.188551
0.227391
0.181319
0.161326
0.204269
0.235146
0.193138
0.310032
0.230377
0.177713
0.114433
0.0145503
-0.0683953
0.114436
0.0145516
-0.068395
0.310033
0.23038
0.177717
0.208561
0.0845989
-0.0396712
-0.11466
-0.132225
-0.119679
-0.210301
-0.194848
-0.140571
-0.210301
-0.194849
-0.140572
-0.114661
-0.132225
-0.119679
0.208564
0.0845995
-0.0396716
0.227395
0.181323
0.16133
0.313418
0.236912
0.169345
-0.109833
-0.0388381
0.080942
0.204274
0.235152
0.193144
0.293272
0.289674
0.188559
0.103145
0.106929
0.124241
-0.278114
-0.171465
0.00584493
-0.314161
-0.367714
-0.430308
-0.452965
-0.311962
-0.0673634
0.103323
0.0994366
0.0859123
-0.630686
-0.569542
-0.501782
-0.638428
-0.479844
-0.204359
-0.0139412
0.0257352
0.0605285
0.687492
0.447071
0.139639
0.729655
0.637592
0.546297
0.497674
0.407372
0.209516
0.295517
0.371066
0.453694
-0.675092
-0.684797
-0.650305
-0.57673
-0.431376
-0.202103
-0.0526264
-0.0731121
-0.0693156
-0.165424
-0.390225
-0.55128
0
0
0
0.0169071
0.00302477
-0.0369972
0
0
0
0.233094
0.590381
0.808248
0.726033
0.419948
0.102712
0.821056
0.885121
0.896461
0.989268
1.14097
1.17095
0.940196
1.12463
1.17977
0.839813
0.885634
0.854426
0
0
0
0.249757
0.704268
1.03572
0
0
0
0.00509441
0.107692
0.29494
0.57216
0.858001
1.06722
0.587925
0.600659
0.494658
0.579303
0.670277
0.76855
0.474362
0.37305
0.240939
-0.0685741
0.000961325
0.103677
0.686093
0.452217
0.256812
0.464441
0.293746
0.120459
0.0239673
0.0404331
0.115387
-0.18728
-0.127675
-0.0288483
0.0726803
0.170081
0.292251
0.0726813
0.170082
0.292251
-0.187279
-0.127674
-0.0288472
0.499085
0.423065
0.309069
0.328854
0.429363
0.401949
-0.669177
-0.233982
0.0941139
-0.669177
-0.233983
0.094112
0.328852
0.429362
0.401948
0.499083
0.423063
0.309066
0.46444
0.293747
0.12046
0.220956
-0.135649
-0.504617
0.0686081
-0.273226
-0.590491
0
0
0
-0.263807
-0.631435
-0.746859
0
0
0
-0.33437
-0.9408
-1.40175
-1.4731
-1.22612
-0.891833
-1.15399
-1.4998
-1.60869
-1.5707
-1.47266
-1.20764
-1.5707
-1.47266
-1.20764
-1.15399
-1.4998
-1.60868
0
0
0
-0.134353
-0.450332
-0.823153
0
0
0
0
0
0
-0.134353
-0.450332
-0.823153
0
0
0
-0.334369
-0.940799
-1.40175
0.0686054
-0.273228
-0.590493
0.220951
-0.135653
-0.504619
0.587922
0.600654
0.494653
-1.47309
-1.22612
-0.891833
0
0
0
-0.263806
-0.631435
-0.746859
0
0
0
0.00509343
0.107688
0.294935
0.103315
0.0994289
0.0859046
-0.452962
-0.311965
-0.0673702
-0.314153
-0.367706
-0.430301
0.295513
0.371062
0.453691
0.497669
0.407365
0.209508
0.729651
0.637588
0.546293
0.687488
0.447066
0.139632
-0.013948
0.0257279
0.0605209
-0.638428
-0.479849
-0.204365
-0.630683
-0.569538
-0.501776
-0.0685733
0.000962245
0.103678
0.474359
0.373049
0.240939
0.0239687
0.0404346
0.115389
0.579302
0.670276
0.768549
0.686093
0.452217
0.256813
0.83981
0.885632
0.854425
0.940194
1.12463
1.17977
0.989265
1.14097
1.17094
0.821052
0.885118
0.896458
0.572154
0.857996
1.06722
0
0
0
0.249756
0.704265
1.03572
0
0
0
0.233093
0.590379
0.808245
-0.0526324
-0.0731173
-0.0693198
-0.576731
-0.431379
-0.202106
-0.675089
-0.684795
-0.650304
0.72603
0.419945
0.102709
0
0
0
0.0169063
0.00302278
-0.0370003
0
0
0
-0.165423
-0.390224
-0.551279
-0.452955
-0.311948
-0.0673485
0.103333
0.0994486
0.0859257
-0.638421
-0.479832
-0.204342
-0.0139239
0.0257513
0.0605434
0.687507
0.44709
0.139658
0.729665
0.637597
0.546298
0.497677
0.40738
0.209529
0.295513
0.371063
0.453693
-0.576726
-0.431367
-0.202088
-0.052608
-0.0730932
-0.069297
0
0
0
0.0169117
0.00303649
-0.0369808
0
0
0
0.233098
0.590393
0.808266
0.726055
0.419971
0.102733
0.821071
0.885141
0.896482
0.989284
1.14098
1.17094
0.940192
1.12463
1.17976
0.839823
0.885639
0.854426
0
0
0
0.24975
0.704253
1.0357
0
0
0
0.00508139
0.107657
0.294893
0.572116
0.857967
1.0672
0.587909
0.600626
0.494613
0.579297
0.670271
0.768546
0.474359
0.373045
0.240933
-0.068579
0.000956131
0.103672
0.686091
0.452214
0.256808
0.46444
0.293754
0.12047
0.0239749
0.0404347
0.115384
-0.187275
-0.127668
-0.0288384
0.0726938
0.170098
0.292267
0.0726966
0.170099
0.292268
-0.187274
-0.127665
-0.0288345
0.499076
0.42305
0.309043
0.328832
0.429359
0.401958
-0.669229
-0.234031
0.0940751
-0.669228
-0.234027
0.0940806
0.328836
0.42936
0.401958
0.499089
0.42306
0.30905
0.464451
0.293761
0.120475
0.220906
-0.135701
-0.504667
0.0685667
-0.273278
-0.590543
0
0
0
-0.263813
-0.631457
-0.746898
0
0
0
-0.334361
-0.940781
-1.40174
-1.4731
-1.22614
-0.891875
-1.15403
-1.49983
-1.60869
-1.57068
-1.47262
-1.20759
-1.57069
-1.47263
-1.2076
-1.15403
-1.49983
-1.60869
0
0
0
-0.134343
-0.450304
-0.823112
0
0
0
0
0
0
-0.134344
-0.450306
-0.823113
0
0
0
-0.334363
-0.940786
-1.40174
0.0685762
-0.273263
-0.590524
0.220942
-0.13567
-0.504644
0.587928
0.600654
0.49465
-1.4731
-1.22614
-0.891861
0
0
0
-0.263809
-0.631446
-0.746881
0
0
0
0.00509329
0.107687
0.294931
0.103316
0.0994295
0.0859044
-0.45296
-0.311964
-0.0673703
-0.314152
-0.367705
-0.4303
0.295511
0.371061
0.45369
0.497668
0.407364
0.209507
0.729653
0.63759
0.546293
0.687489
0.447064
0.13963
-0.0139508
0.0257259
0.0605198
-0.638428
-0.47985
-0.204368
-0.630682
-0.569536
-0.501775
-0.0685724
0.000965133
0.103684
0.47436
0.373052
0.240945
0.0239815
0.0404451
0.115397
0.579313
0.670288
0.768561
0.686105
0.452228
0.256822
0.839814
0.88564
0.854436
0.940205
1.12464
1.17977
0.989265
1.14097
1.17095
0.821055
0.885119
0.896458
0.572153
0.857997
1.06722
0
0
0
0.249756
0.704265
1.03572
0
0
0
0.233092
0.590377
0.808243
-0.0526357
-0.0731208
-0.0693232
-0.576732
-0.431382
-0.20211
-0.675089
-0.684795
-0.650304
0.726028
0.419942
0.102706
0
0
0
0.0169052
0.00302028
-0.0370034
0
0
0
-0.165422
-0.390223
-0.551278
-0.452954
-0.311947
-0.0673468
0.103334
0.0994496
0.0859273
-0.63842
-0.479829
-0.204336
-0.0139173
0.0257557
0.0605461
0.68752
0.447101
0.139667
0.729675
0.637603
0.546301
0.497678
0.407383
0.209531
0.295512
0.371063
0.453694
-0.576724
-0.431361
-0.202077
-0.0525986
-0.0730811
-0.0692833
0
0
0
0.0169155
0.00304645
-0.0369675
0
0
0
0.233099
0.590399
0.808278
0.726073
0.41999
0.102749
0.821085
0.885158
0.896499
0.989295
1.14098
1.17093
0.940191
1.12462
1.17974
0.839834
0.885647
0.85443
0
0
0
0.249741
0.704231
1.03568
0
0
0
0.00507001
0.107625
0.294846
0.572068
0.857925
1.06717
0.587891
0.60059
0.494565
0.57929
0.670268
0.768546
0.47436
0.373045
0.240934
-0.0685824
0.000954199
0.103673
0.686095
0.452218
0.256811
0.464441
0.293767
0.120488
0.0239889
0.0404426
0.115388
-0.187268
-0.127656
-0.028822
0.0727152
0.170125
0.292296
0.0727167
0.170126
0.292296
-0.187268
-0.127655
-0.0288203
0.499066
0.423036
0.30902
0.328815
0.429364
0.401979
-0.669287
-0.23408
0.0940396
-0.669288
-0.234081
0.0940392
0.328816
0.429364
0.401979
0.499069
0.423037
0.309021
0.464444
0.29377
0.12049
0.220855
-0.135752
-0.504714
0.0685279
-0.273329
-0.590592
0
0
0
-0.263818
-0.631477
-0.746935
0
0
0
-0.334354
-0.940769
-1.40173
-1.47312
-1.22617
-0.891915
-1.15409
-1.49987
-1.6087
-1.57068
-1.4726
-1.20755
-1.57068
-1.4726
-1.20755
-1.15409
-1.49987
-1.60871
0
0
0
-0.134332
-0.450272
-0.823068
0
0
0
0
0
0
-0.134332
-0.450273
-0.823068
0
0
0
-0.334355
-0.940771
-1.40174
0.0685275
-0.27333
-0.590595
0.220856
-0.135752
-0.504716
0.587894
0.600592
0.494567
-1.47312
-1.22618
-0.891919
0
0
0
-0.263819
-0.631479
-0.746938
0
0
0
0.00506982
0.107625
0.294847
0.103331
0.0994467
0.0859242
-0.452955
-0.311949
-0.0673498
-0.314153
-0.367706
-0.430301
0.295512
0.371062
0.453693
0.497677
0.40738
0.209528
0.729673
0.637601
0.5463
0.687517
0.447098
0.139663
-0.0139208
0.0257523
0.0605428
-0.638421
-0.479831
-0.204339
-0.630683
-0.569537
-0.501776
-0.0685807
0.000956338
0.103675
0.47436
0.373046
0.240936
0.0239912
0.0404454
0.11539
0.579293
0.670271
0.768549
0.686098
0.452221
0.256814
0.839833
0.885647
0.854432
0.940194
1.12462
1.17974
0.989293
1.14098
1.17093
0.821083
0.885155
0.896496
0.572069
0.857927
1.06717
0
0
0
0.249742
0.704232
1.03568
0
0
0
0.233098
0.590397
0.808275
-0.0526021
-0.0730846
-0.0692865
-0.576724
-0.431362
-0.202079
-0.675089
-0.684795
-0.650303
0.726069
0.419987
0.102745
0
0
0
0.0169146
0.00304418
-0.0369705
0
0
0
-0.165422
-0.390223
-0.551278
-0.452961
-0.311964
-0.0673701
0.103316
0.0994295
0.0859045
-0.638428
-0.47985
-0.204367
-0.0139505
0.025726
0.0605199
0.687488
0.447064
0.13963
0.729653
0.637589
0.546294
0.497668
0.407364
0.209507
0.295512
0.371062
0.453691
-0.576731
-0.431381
-0.202109
-0.0526353
-0.0731204
-0.0693228
0
0
0
0.0169053
0.00302052
-0.0370031
0
0
0
0.233092
0.590377
0.808243
0.726028
0.419942
0.102706
0.821054
0.885119
0.896458
0.989264
1.14097
1.17095
0.940205
1.12464
1.17977
0.839814
0.885639
0.854435
0
0
0
0.249757
0.704266
1.03572
0
0
0
0.0050934
0.107688
0.294933
0.572155
0.857999
1.06722
0.587928
0.600656
0.494652
0.579313
0.670288
0.768561
0.474361
0.373053
0.240946
-0.0685712
0.000966269
0.103685
0.686105
0.452228
0.256822
0.464451
0.29376
0.120474
0.0239804
0.040445
0.115397
-0.187275
-0.127666
-0.028836
0.0726947
0.170097
0.292265
0.0726912
0.170096
0.292265
-0.187276
-0.127669
-0.0288406
0.499089
0.423061
0.309052
0.328838
0.42936
0.401957
-0.669224
-0.234024
0.0940834
-0.669225
-0.234027
0.0940783
0.328834
0.42936
0.401957
0.499076
0.42305
0.309045
0.464439
0.293752
0.120468
0.220945
-0.135668
-0.504642
0.0685789
-0.27326
-0.590522
0
0
0
-0.263809
-0.631445
-0.74688
0
0
0
-0.334363
-0.940786
-1.40174
-1.4731
-1.22614
-0.891859
-1.15403
-1.49983
-1.60869
-1.57069
-1.47263
-1.2076
-1.57068
-1.47262
-1.2076
-1.15403
-1.49983
-1.60869
0
0
0
-0.134344
-0.450306
-0.823114
0
0
0
0
0
0
-0.134343
-0.450304
-0.823112
0
0
0
-0.334361
-0.940782
-1.40174
0.0685697
-0.273275
-0.590541
0.220907
-0.1357
-0.504665
0.587909
0.600627
0.494615
-1.4731
-1.22614
-0.891874
0
0
0
-0.263813
-0.631457
-0.746897
0
0
0
0.00508148
0.107657
0.294894
0.103333
0.0994484
0.0859254
-0.452955
-0.311948
-0.0673487
-0.314153
-0.367706
-0.430302
0.295513
0.371063
0.453693
0.497676
0.40738
0.209529
0.729664
0.637597
0.546298
0.687507
0.447089
0.139657
-0.0139241
0.0257511
0.0605431
-0.638422
-0.479832
-0.204343
-0.630683
-0.569538
-0.501777
-0.0685792
0.000955663
0.103672
0.474359
0.373044
0.240932
0.0239727
0.0404331
0.115383
0.579296
0.67027
0.768544
0.686089
0.452212
0.256807
0.839822
0.885637
0.854425
0.940191
1.12463
1.17976
0.989284
1.14098
1.17094
0.821071
0.88514
0.896482
0.572117
0.857968
1.0672
0
0
0
0.249751
0.704254
1.03571
0
0
0
0.233098
0.590393
0.808266
-0.0526083
-0.0730935
-0.0692973
-0.576726
-0.431367
-0.202088
-0.675089
-0.684795
-0.650304
0.726055
0.419971
0.102732
0
0
0
0.0169117
0.00303638
-0.036981
0
0
0
-0.165423
-0.390224
-0.551279
-0.452962
-0.311965
-0.0673703
0.103315
0.0994288
0.0859045
-0.638428
-0.479849
-0.204365
-0.013948
0.0257278
0.0605208
0.687488
0.447066
0.139632
0.729651
0.637588
0.546293
0.497669
0.407365
0.209508
0.295513
0.371062
0.453691
-0.576731
-0.431379
-0.202106
-0.0526325
-0.0731173
-0.0693198
0
0
0
0.0169063
0.00302277
-0.0370003
0
0
0
0.233093
0.590379
0.808245
0.72603
0.419945
0.102709
0.821052
0.885118
0.896458
0.989265
1.14097
1.17094
0.940194
1.12463
1.17977
0.83981
0.885632
0.854425
0
0
0
0.249756
0.704265
1.03572
0
0
0
0.00509343
0.107688
0.294935
0.572154
0.857996
1.06722
0.587922
0.600654
0.494653
0.579302
0.670276
0.768549
0.474359
0.373049
0.240939
-0.0685733
0.000962243
0.103678
0.686093
0.452217
0.256813
0.46444
0.293747
0.12046
0.0239687
0.0404346
0.115389
-0.187279
-0.127674
-0.0288472
0.0726813
0.170082
0.292251
0.0726803
0.170081
0.292251
-0.18728
-0.127675
-0.0288483
0.499083
0.423063
0.309066
0.328852
0.429362
0.401948
-0.669177
-0.233983
0.094112
-0.669177
-0.233982
0.0941139
0.328854
0.429363
0.401949
0.499085
0.423065
0.309069
0.464441
0.293746
0.120459
0.220951
-0.135653
-0.504619
0.0686054
-0.273228
-0.590493
0
0
0
-0.263806
-0.631435
-0.746859
0
0
0
-0.334369
-0.940799
-1.40175
-1.47309
-1.22612
-0.891833
-1.15399
-1.4998
-1.60868
-1.5707
-1.47266
-1.20764
-1.5707
-1.47266
-1.20764
-1.15399
-1.4998
-1.60869
0
0
0
-0.134353
-0.450332
-0.823153
0
0
0
0
0
0
-0.134353
-0.450332
-0.823153
0
0
0
-0.33437
-0.9408
-1.40175
0.0686081
-0.273226
-0.590491
0.220956
-0.135649
-0.504617
0.587925
0.600659
0.494658
-1.4731
-1.22612
-0.891833
0
0
0
-0.263807
-0.631435
-0.746859
0
0
0
0.00509442
0.107692
0.29494
0.103323
0.0994366
0.0859123
-0.452965
-0.311962
-0.0673634
0.295517
0.371066
0.453694
0.497674
0.407372
0.209516
0.729655
0.637592
0.546297
0.687492
0.447071
0.139639
-0.0139412
0.0257352
0.0605285
-0.638428
-0.479844
-0.204359
-0.0685741
0.000961324
0.103677
0.474362
0.37305
0.240939
0.0239673
0.0404331
0.115387
0.579303
0.670277
0.76855
0.686093
0.452217
0.256812
0.839813
0.885634
0.854426
0.940196
1.12463
1.17977
0.989268
1.14097
1.17095
0.821056
0.885121
0.896462
0.57216
0.858001
1.06722
0
0
0
0.249757
0.704268
1.03572
0
0
0
0.233094
0.590381
0.808248
-0.0526264
-0.0731122
-0.0693156
-0.57673
-0.431376
-0.202103
0.726033
0.419948
0.102712
0
0
0
0.0169071
0.00302477
-0.0369972
0
0
0
-1.10319
-0.90703
-0.60904
-0.907027
-0.68785
-0.396041
-0.609034
-0.396038
-0.131685
-0.285787
-0.0542672
0.0625791
-0.103109
0.0868472
0.16474
0.114834
0.258914
0.299605
0.307843
0.406193
0.414034
0.406194
0.469649
0.454656
0.414034
0.454655
0.425104
-0.285778
-0.103103
0.114836
-0.0542564
0.0868545
0.258918
0.0625906
0.164747
0.299608
0.0712532
0.0120264
-0.068624
0.14589
0.0764292
-0.00222901
0.257891
0.183144
0.111193
-0.146271
-0.204895
-0.253365
-0.0703836
-0.116804
-0.153284
0.057903
0.0291079
0.0131195
0.179154
0.171898
0.180952
0.228972
0.2386
0.268934
0.200924
0.220233
0.26365
0.354896
0.278485
0.215336
0.384614
0.307556
0.25202
0.34782
0.270508
0.217535
0.265992
0.184897
0.129003
0.184896
0.0977999
0.0339204
0.129
0.0339194
-0.0421332
0.110215
0.129286
0.175342
0.00566189
0.0156141
0.0543505
-0.0847867
-0.0888096
-0.0635346
-0.144476
-0.165476
-0.155828
-0.165476
-0.201415
-0.204827
-0.155827
-0.204827
-0.216818
0.110212
0.00566046
-0.0847871
0.129283
0.0156128
-0.0888099
0.17534
0.0543496
-0.0635344
0.0712642
0.145896
0.257892
0.0120361
0.0764338
0.183143
-0.0686157
-0.00222622
0.111191
0.354895
0.384611
0.347818
0.278481
0.307552
0.270505
0.215331
0.252014
0.217531
0.179148
0.228965
0.200919
0.171891
0.238593
0.220227
0.180945
0.268927
0.263645
-0.146264
-0.0703823
0.0578995
-0.204889
-0.116804
0.0291033
-0.25336
-0.153285
0.0131139
-1.10318
-0.907024
-0.609031
-0.90702
-0.687841
-0.39603
-0.609026
-0.396029
-0.131676
-0.285775
-0.0542537
0.0625935
-0.103096
0.086861
0.164755
0.114844
0.258926
0.299616
0.30785
0.4062
0.414041
0.406196
0.469652
0.454659
0.414034
0.454655
0.425103
-0.285771
-0.103097
0.114843
-0.0542529
0.0868572
0.25892
0.0625908
0.164747
0.299607
0.0712675
0.0120398
-0.0686117
0.145904
0.0764428
-0.00221617
0.257902
0.183154
0.111203
-0.14626
-0.204884
-0.253355
-0.0703712
-0.116792
-0.153271
0.0579131
0.0291184
0.0131308
0.17916
0.171903
0.180959
0.228972
0.238601
0.268935
0.200921
0.22023
0.263648
0.354903
0.278491
0.215341
0.384616
0.307557
0.25202
0.347819
0.270506
0.217533
0.265989
0.184894
0.128999
0.184893
0.0977963
0.0339162
0.128998
0.0339164
-0.0421366
0.11021
0.129281
0.175337
0.00565702
0.0156087
0.0543445
-0.0847906
-0.0888141
-0.0635397
-0.144479
-0.165479
-0.155831
-0.165478
-0.201416
-0.204828
-0.155827
-0.204826
-0.216817
0.11021
0.00565826
-0.0847895
0.129281
0.0156111
-0.0888114
0.175338
0.0543481
-0.0635353
0.071262
0.145893
0.25789
0.012033
0.0764309
0.183141
-0.0686186
-0.0022285
0.111189
0.354893
0.384609
0.347816
0.278479
0.307549
0.270503
0.215329
0.252012
0.217529
0.179147
0.228964
0.200918
0.17189
0.238592
0.220226
0.180945
0.268926
0.263643
-0.146266
-0.0703833
0.0578987
-0.204889
-0.116804
0.0291036
-0.25336
-0.153283
0.0131153
-1.10318
-0.907018
-0.609023
-0.907017
-0.687834
-0.396022
-0.609023
-0.396022
-0.131666
-0.285768
-0.0542496
0.0625943
-0.103089
0.0868658
0.164756
0.114853
0.258932
0.299619
0.30786
0.406207
0.414045
0.406207
0.469659
0.454663
0.414044
0.454662
0.425107
-0.285768
-0.103089
0.114853
-0.0542493
0.0868657
0.258931
0.0625943
0.164756
0.299618
0.0712656
0.0120366
-0.0686149
0.145903
0.0764403
-0.00221882
0.257902
0.183153
0.111201
-0.146262
-0.204885
-0.253355
-0.0703732
-0.116793
-0.153272
0.057912
0.0291179
0.0131306
0.179159
0.171904
0.18096
0.228972
0.238601
0.268936
0.20092
0.220229
0.263647
0.354904
0.27849
0.215341
0.384617
0.307557
0.25202
0.34782
0.270506
0.217532
0.265989
0.184892
0.128996
0.184892
0.0977933
0.0339124
0.128996
0.0339124
-0.0421417
0.110207
0.129279
0.175335
0.00565312
0.015605
0.054341
-0.0847959
-0.0888191
-0.0635442
-0.144485
-0.165485
-0.155835
-0.165484
-0.201421
-0.204831
-0.155834
-0.204831
-0.216818
0.110207
0.00565337
-0.0847956
0.129279
0.0156055
-0.0888184
0.175335
0.0543419
-0.0635431
0.0712652
0.145902
0.257901
0.0120358
0.076439
0.183152
-0.0686159
-0.0022204
0.1112
0.354903
0.384616
0.347819
0.278489
0.307556
0.270505
0.215339
0.252019
0.217531
0.179158
0.228971
0.20092
0.171902
0.2386
0.220228
0.180957
0.268935
0.263647
-0.146263
-0.070375
0.05791
-0.204887
-0.116795
0.0291157
-0.253357
-0.153274
0.0131282
-1.10318
-0.90702
-0.609026
-0.907023
-0.68784
-0.396028
-0.609031
-0.39603
-0.131675
-0.285771
-0.0542523
0.0625912
-0.103096
0.0868578
0.164748
0.114843
0.258921
0.299608
0.30785
0.406197
0.414034
0.4062
0.469652
0.454656
0.414042
0.454659
0.425104
-0.285775
-0.103096
0.114845
-0.0542534
0.0868614
0.258926
0.0625937
0.164755
0.299617
0.0712621
0.0120328
-0.068619
0.145894
0.076431
-0.0022285
0.25789
0.183141
0.111189
-0.146266
-0.20489
-0.25336
-0.0703834
-0.116804
-0.153283
0.0578987
0.0291036
0.0131152
0.179147
0.17189
0.180945
0.228964
0.238593
0.268926
0.200918
0.220227
0.263644
0.354893
0.27848
0.215329
0.38461
0.30755
0.252013
0.347817
0.270504
0.21753
0.26599
0.184894
0.128999
0.184895
0.0977974
0.0339176
0.128999
0.0339171
-0.0421357
0.110211
0.129282
0.175339
0.00565947
0.0156124
0.0543496
-0.0847884
-0.0888103
-0.063534
-0.144478
-0.165477
-0.155826
-0.165479
-0.201416
-0.204826
-0.155831
-0.204828
-0.216817
0.11021
0.00565762
-0.08479
0.129281
0.0156091
-0.0888138
0.175337
0.0543446
-0.0635396
0.0712677
0.145904
0.257902
0.0120399
0.0764432
0.183155
-0.0686115
-0.00221587
0.111203
0.354904
0.384617
0.34782
0.278491
0.307558
0.270507
0.215342
0.252021
0.217533
0.17916
0.228973
0.200922
0.171904
0.238601
0.22023
0.180959
0.268935
0.263647
-0.146259
-0.070371
0.0579133
-0.204884
-0.116792
0.0291185
-0.253355
-0.153271
0.0131308
-1.10319
-0.907027
-0.609034
-0.90703
-0.68785
-0.396038
-0.60904
-0.396041
-0.131685
-0.285778
-0.0542563
0.0625906
-0.103103
0.0868544
0.164747
0.114836
0.258918
0.299608
0.307843
0.406193
0.414034
0.406193
0.469649
0.454655
0.414034
0.454656
0.425104
-0.285787
-0.103109
0.114834
-0.0542672
0.0868472
0.258914
0.062579
0.16474
0.299604
0.0712642
0.0120361
-0.0686158
0.145896
0.0764336
-0.00222637
0.257892
0.183143
0.111191
-0.146264
-0.204889
-0.25336
-0.0703825
-0.116805
-0.153285
0.0578993
0.0291031
0.0131137
0.179148
0.171891
0.180944
0.228965
0.238593
0.268927
0.200919
0.220227
0.263645
0.354895
0.278481
0.215331
0.384611
0.307552
0.252014
0.347818
0.270505
0.217531
0.265992
0.184896
0.129
0.184897
0.0977998
0.0339194
0.129003
0.0339204
-0.0421332
0.110212
0.129283
0.17534
0.00566044
0.0156128
0.0543496
-0.0847871
-0.0888099
-0.0635344
-0.144476
-0.165476
-0.155827
-0.165476
-0.201415
-0.204827
-0.155828
-0.204827
-0.216818
0.110215
0.00566188
-0.0847867
0.129286
0.0156141
-0.0888096
0.175342
0.0543505
-0.0635346
0.0712532
0.14589
0.25789
0.0120264
0.0764292
0.183144
-0.068624
-0.00222902
0.111193
0.354896
0.384614
0.34782
0.278485
0.307556
0.270508
0.215336
0.25202
0.217535
0.179154
0.228972
0.200924
0.171898
0.2386
0.220233
0.180952
0.268934
0.26365
-0.146271
-0.0703836
0.057903
-0.204895
-0.116804
0.0291079
-0.253365
-0.153284
0.0131195
-0.30352
-0.357183
-0.41818
-0.190959
-0.232673
-0.282833
-0.00118406
-0.0204081
-0.0485667
-0.488726
-0.55556
-0.613942
-0.34308
-0.402568
-0.457202
-0.0889403
-0.134529
-0.181873
0.20338
0.183423
0.154923
0.420433
0.437908
0.445652
0.532685
0.597508
0.657912
0.196789
0.208422
0.212224
0.311693
0.353721
0.390639
0.325662
0.39219
0.461014
-0.655076
-0.661035
-0.620692
-0.497559
-0.505396
-0.470698
-0.223112
-0.240713
-0.225644
-0.514741
-0.351003
-0.128774
-0.377648
-0.238702
-0.0771498
-0.168848
-0.0895604
-0.0184179
0.106449
0.103117
0.0550732
0.395566
0.305181
0.13065
0.677214
0.500517
0.201576
0.124292
0.104486
0.0995343
0.446696
0.444101
0.433152
0.713545
0.750197
0.750547
0.901915
0.995361
1.02026
0.981411
1.127
1.17559
0.972808
1.15202
1.21074
0.919557
0.664576
0.257959
1.05582
0.748556
0.28148
1.0754
0.743809
0.270076
0.964033
0.640394
0.221202
0.750989
0.464536
0.147097
0.464573
0.238269
0.0561961
0.893306
1.07284
1.11664
0.780228
0.920363
0.922626
0.654929
0.719284
0.655392
0.245632
0.326842
0.42032
0.120138
0.203139
0.307986
-0.0097664
0.0660429
0.171306
0.531516
0.648666
0.773521
0.44597
0.604997
0.786805
0.322529
0.509066
0.731401
0.199075
0.397906
0.637163
0.123307
0.319246
0.549032
0.105486
0.288388
0.485537
-0.117538
-0.0536779
0.0453681
-0.177884
-0.121616
-0.0278116
-0.194539
-0.138926
-0.0438962
-0.168327
-0.103125
0.00205351
-0.103124
-0.0219929
0.0970593
0.00205437
0.0970596
0.223587
0.152045
0.311808
0.451148
0.244604
0.369774
0.431754
0.353776
0.422518
0.384092
0.432349
0.409413
0.242916
0.409413
0.269198
-0.0249557
0.242914
-0.0249564
-0.424551
0.152046
0.244604
0.353776
0.311808
0.369773
0.422517
0.451147
0.431752
0.38409
0.520812
0.474605
0.324343
0.380823
0.213932
-0.0191072
0.197124
-0.0896649
-0.387071
0.11817
-0.0259606
-0.0461361
-0.226402
-0.278625
-0.140356
-0.570952
-0.516923
-0.225188
-0.914377
-0.734219
-0.296867
-1.18866
-0.883093
-0.338579
-1.36476
-0.947905
-0.345736
-0.0878782
-0.474371
-0.796556
-0.465036
-0.89233
-1.17792
-0.915236
-1.31033
-1.49413
-1.36937
-1.64776
-1.67294
-1.64776
-1.76619
-1.63632
-1.67294
-1.63632
-1.39704
-1.39422
-0.904612
-0.31277
-1.25756
-0.764339
-0.250361
-0.992207
-0.563453
-0.17381
-0.649302
-0.341792
-0.0981542
-0.341792
-0.166794
-0.0440372
-0.0981542
-0.0440372
-0.0100127
-1.39422
-1.25756
-0.992207
-0.904611
-0.764338
-0.563453
-0.31277
-0.250361
-0.17381
0.520809
0.38082
0.197121
0.474601
0.213927
-0.0896683
0.324338
-0.0191114
-0.387074
-0.0878802
-0.465036
-0.915236
-0.474373
-0.89233
-1.31033
-0.796557
-1.17792
-1.49412
-0.914377
-1.18866
-1.36476
-0.734218
-0.883092
-0.947903
-0.296867
-0.338578
-0.345736
0.118166
-0.226405
-0.570953
-0.0259632
-0.278627
-0.516923
-0.0461369
-0.140356
-0.225188
-0.303515
-0.190961
-0.0011903
-0.35718
-0.232675
-0.0204146
-0.418177
-0.282836
-0.0485734
0.196781
0.311686
0.325657
0.208414
0.353714
0.392185
0.212216
0.390632
0.461009
0.203373
0.420426
0.532681
0.183416
0.437901
0.597503
0.154916
0.445646
0.657907
-0.488724
-0.343083
-0.0889472
-0.555559
-0.402572
-0.134536
-0.613942
-0.457207
-0.18188
0.24563
0.120138
-0.00976589
0.32684
0.203139
0.0660434
0.420317
0.307985
0.171306
-0.117537
-0.177883
-0.194538
-0.0536767
-0.121614
-0.138926
0.0453693
-0.0278101
-0.0438949
0.199076
0.123308
0.105488
0.397906
0.319247
0.288389
0.637162
0.549032
0.485537
0.531513
0.445969
0.322529
0.648663
0.604995
0.509066
0.773518
0.786803
0.731399
0.901911
0.981409
0.972806
0.995358
1.127
1.15201
1.02026
1.17558
1.21074
0.893304
0.780227
0.654927
1.07283
0.92036
0.71928
1.11663
0.922621
0.655387
0.964029
0.750984
0.464568
0.64039
0.464533
0.238265
0.221201
0.147096
0.0561949
0.919554
1.05582
1.07539
0.664574
0.748554
0.743806
0.257958
0.281479
0.270075
-0.655076
-0.497563
-0.223118
-0.661036
-0.505401
-0.240718
-0.620693
-0.470701
-0.225648
0.124286
0.446691
0.713541
0.104481
0.444097
0.750193
0.0995303
0.433148
0.750544
0.106446
0.395563
0.677211
0.103115
0.305179
0.500515
0.0550724
0.13065
0.201575
-0.514742
-0.377651
-0.168851
-0.351003
-0.238704
-0.0895624
-0.128774
-0.0771505
-0.0184187
-0.303509
-0.357173
-0.41817
-0.190946
-0.232659
-0.282819
-0.00117157
-0.0203946
-0.0485522
-0.488717
-0.555552
-0.613935
-0.343066
-0.402555
-0.45719
-0.088925
-0.134513
-0.181857
0.203394
0.183439
0.154941
0.420442
0.437921
0.445668
0.53269
0.597516
0.657924
0.196797
0.208432
0.212235
0.311696
0.353726
0.390646
0.32566
0.392189
0.461016
-0.65507
-0.661031
-0.620688
-0.497548
-0.505386
-0.470688
-0.223096
-0.240696
-0.225628
-0.514738
-0.351
-0.128773
-0.37764
-0.238696
-0.0771474
-0.168834
-0.0895506
-0.0184141
0.106468
0.10313
0.0550783
0.395587
0.305196
0.130656
0.677234
0.500531
0.201581
0.124312
0.104507
0.0995555
0.446716
0.444125
0.433176
0.713563
0.750218
0.75057
0.901927
0.995378
1.02028
0.981418
1.12701
1.17559
0.972808
1.15202
1.21074
0.919571
0.664584
0.257961
1.05583
0.748556
0.281479
1.07539
0.743799
0.270071
0.96401
0.640374
0.221193
0.750954
0.464508
0.147086
0.46453
0.238235
0.0561831
0.8933
1.07282
1.11662
0.780218
0.920343
0.922595
0.654916
0.719256
0.655352
0.245627
0.326838
0.420316
0.120132
0.203133
0.30798
-0.0097722
0.0660368
0.1713
0.531515
0.648669
0.773529
0.445966
0.604995
0.786807
0.322524
0.509063
0.731399
0.199072
0.397904
0.63716
0.123309
0.319248
0.54903
0.105494
0.288394
0.485537
-0.117542
-0.0536816
0.0453647
-0.177885
-0.121616
-0.0278106
-0.194536
-0.138922
-0.0438895
-0.16832
-0.103115
0.00206619
-0.103113
-0.0219785
0.097076
0.00206863
0.0970767
0.223605
0.152058
0.311817
0.451146
0.244619
0.369782
0.431747
0.353789
0.42252
0.384076
0.432354
0.409403
0.242887
0.409403
0.269172
-0.0249985
0.24289
-0.0249966
-0.424602
0.152062
0.24462
0.353789
0.311823
0.369785
0.422521
0.451156
0.431754
0.384081
0.520793
0.474569
0.324294
0.380797
0.213888
-0.0191598
0.197088
-0.089715
-0.387124
0.118122
-0.0259953
-0.0461487
-0.22645
-0.278658
-0.140367
-0.570996
-0.516949
-0.225196
-0.91441
-0.734235
-0.296871
-1.18868
-0.883096
-0.338577
-1.36476
-0.947893
-0.34573
-0.0879248
-0.474425
-0.796604
-0.465088
-0.89238
-1.17795
-0.915287
-1.31036
-1.49414
-1.3694
-1.64777
-1.67293
-1.64777
-1.76618
-1.63629
-1.67293
-1.63629
-1.397
-1.39419
-0.904587
-0.31276
-1.25752
-0.764307
-0.250349
-0.992164
-0.563421
-0.173799
-0.649265
-0.341768
-0.0981463
-0.341769
-0.16678
-0.044033
-0.0981469
-0.0440332
-0.0100117
-1.3942
-1.25753
-0.992166
-0.904593
-0.764312
-0.563425
-0.312762
-0.250351
-0.173801
0.52081
0.380811
0.197099
0.474596
0.213911
-0.089697
0.324329
-0.01913
-0.387102
-0.0879168
-0.465083
-0.915285
-0.474412
-0.892373
-1.31036
-0.79659
-1.17795
-1.49414
-0.914398
-1.18867
-1.36476
-0.734227
-0.883095
-0.947896
-0.296869
-0.338578
-0.345732
0.118158
-0.22642
-0.570974
-0.0259676
-0.278636
-0.516934
-0.0461381
-0.140359
-0.225191
-0.303514
-0.190959
-0.00118849
-0.357178
-0.232673
-0.0204134
-0.418175
-0.282834
-0.0485729
0.196781
0.311685
0.325655
0.208414
0.353713
0.392183
0.212215
0.390631
0.461008
0.203371
0.420425
0.53268
0.183414
0.4379
0.597503
0.154914
0.445645
0.657908
-0.488722
-0.343083
-0.0889477
-0.555558
-0.402572
-0.134538
-0.613942
-0.457208
-0.181882
0.245628
0.120137
-0.00976567
0.326839
0.203139
0.0660455
0.420318
0.307988
0.171311
-0.117535
-0.17788
-0.194534
-0.0536729
-0.121609
-0.138918
0.0453759
-0.0278014
-0.0438836
0.199086
0.12332
0.105502
0.397918
0.319261
0.288403
0.637175
0.549045
0.48555
0.531515
0.445974
0.322536
0.648667
0.605002
0.509075
0.773522
0.78681
0.73141
0.901915
0.981416
0.972816
0.995361
1.127
1.15202
1.02026
1.17558
1.21074
0.893315
0.780238
0.654935
1.07284
0.920366
0.719283
1.11664
0.922624
0.655386
0.96403
0.750985
0.464567
0.640391
0.464533
0.238265
0.221201
0.147097
0.0561953
0.919553
1.05582
1.07539
0.664571
0.748552
0.743805
0.257957
0.281479
0.270075
-0.655077
-0.497566
-0.223121
-0.661037
-0.505403
-0.240721
-0.620694
-0.470704
-0.225651
0.124283
0.446689
0.713542
0.104478
0.444095
0.750193
0.0995273
0.433146
0.750543
0.106443
0.39556
0.677209
0.103112
0.305176
0.500513
0.0550712
0.130648
0.201574
-0.514742
-0.377653
-0.168854
-0.351003
-0.238706
-0.0895648
-0.128774
-0.0771514
-0.0184198
-0.303509
-0.357172
-0.418169
-0.190946
-0.232658
-0.282818
-0.00117138
-0.0203939
-0.0485508
-0.488715
-0.555551
-0.613934
-0.343064
-0.402552
-0.457187
-0.0889227
-0.13451
-0.181852
0.203397
0.183444
0.154949
0.420446
0.437926
0.445678
0.532693
0.597522
0.657934
0.196798
0.208433
0.212237
0.311697
0.353727
0.390647
0.32566
0.392189
0.461017
-0.655069
-0.661029
-0.620686
-0.497544
-0.505381
-0.470683
-0.223088
-0.240687
-0.225617
-0.514735
-0.350998
-0.128772
-0.377634
-0.238691
-0.0771454
-0.168824
-0.0895424
-0.0184107
0.106483
0.103142
0.0550825
0.395605
0.305208
0.13066
0.67725
0.50054
0.201584
0.124323
0.104521
0.0995719
0.44673
0.444142
0.433195
0.713578
0.750237
0.750589
0.90194
0.995392
1.02029
0.981426
1.12701
1.17559
0.97281
1.15201
1.21073
0.919579
0.664587
0.257961
1.05582
0.74855
0.281475
1.07537
0.743782
0.270064
0.963978
0.640347
0.221183
0.750912
0.464476
0.147074
0.464483
0.238202
0.0561713
0.893295
1.07281
1.11659
0.780208
0.920317
0.922556
0.6549
0.719222
0.655305
0.245625
0.326836
0.420316
0.120129
0.20313
0.307979
-0.00977592
0.0660342
0.171299
0.531517
0.648674
0.773538
0.445967
0.605
0.786814
0.322526
0.509067
0.731404
0.199077
0.397909
0.637163
0.123318
0.319256
0.549032
0.105509
0.288405
0.485538
-0.117544
-0.0536823
0.0453665
-0.177885
-0.121613
-0.0278042
-0.194532
-0.138913
-0.0438768
-0.16831
-0.103099
0.00208655
-0.103099
-0.0219562
0.0971029
0.0020878
0.0971034
0.223634
0.152079
0.311832
0.451147
0.244644
0.369797
0.431745
0.353813
0.42253
0.384066
0.432369
0.4094
0.242862
0.4094
0.26915
-0.02504
0.242862
-0.0250404
-0.424658
0.152081
0.244645
0.353814
0.311834
0.369799
0.422531
0.451149
0.431746
0.384067
0.520773
0.474529
0.324244
0.380771
0.213844
-0.0192119
0.197055
-0.0897637
-0.387176
0.118074
-0.0260278
-0.04616
-0.226496
-0.278687
-0.140377
-0.571037
-0.516973
-0.225203
-0.914442
-0.73425
-0.296874
-1.1887
-0.883101
-0.338577
-1.36476
-0.947887
-0.345725
-0.0879692
-0.474477
-0.796652
-0.465142
-0.892433
-1.17799
-0.915344
-1.31041
-1.49417
-1.36945
-1.6478
-1.67294
-1.6478
-1.76618
-1.63627
-1.67294
-1.63627
-1.39696
-1.39418
-0.904569
-0.312751
-1.25749
-0.764279
-0.250337
-0.992121
-0.563389
-0.173787
-0.649223
-0.34174
-0.0981364
-0.34174
-0.166761
-0.0440272
-0.0981364
-0.0440271
-0.01001
-1.39418
-1.25749
-0.992122
-0.904571
-0.76428
-0.56339
-0.312751
-0.250338
-0.173787
0.520775
0.380773
0.197055
0.474531
0.213845
-0.0897642
0.324245
-0.0192118
-0.387177
-0.0879701
-0.465144
-0.915345
-0.474479
-0.892435
-1.31041
-0.796655
-1.178
-1.49417
-0.914446
-1.1887
-1.36477
-0.734253
-0.883104
-0.94789
-0.296876
-0.338578
-0.345726
0.118075
-0.226497
-0.571039
-0.0260281
-0.278689
-0.516975
-0.0461604
-0.140377
-0.225204
-0.30351
-0.190948
-0.00117396
-0.357174
-0.232661
-0.0203967
-0.41817
-0.28282
-0.0485538
0.196796
0.311695
0.325659
0.20843
0.353725
0.392188
0.212234
0.390645
0.461015
0.203394
0.420443
0.532691
0.183441
0.437923
0.597519
0.154945
0.445675
0.657932
-0.488717
-0.343067
-0.0889258
-0.555552
-0.402555
-0.134513
-0.613935
-0.457189
-0.181855
0.245625
0.12013
-0.00977431
0.326836
0.203132
0.0660362
0.420316
0.307981
0.171302
-0.117543
-0.177884
-0.194532
-0.0536801
-0.121611
-0.138912
0.0453692
-0.0278017
-0.0438748
0.19908
0.123321
0.105511
0.397912
0.319259
0.288408
0.637166
0.549035
0.485541
0.531517
0.445969
0.322528
0.648674
0.605001
0.509069
0.773537
0.786815
0.731406
0.901938
0.981426
0.972812
0.99539
1.12701
1.15201
1.02029
1.17559
1.21073
0.893298
0.780211
0.654903
1.07281
0.920319
0.719224
1.11659
0.922559
0.655307
0.96398
0.750914
0.464484
0.640349
0.464477
0.238203
0.221183
0.147074
0.0561714
0.919577
1.05582
1.07537
0.664585
0.748549
0.743783
0.25796
0.281475
0.270064
-0.655069
-0.497546
-0.223091
-0.66103
-0.505383
-0.24069
-0.620686
-0.470684
-0.22562
0.12432
0.446726
0.713575
0.104517
0.444138
0.750233
0.0995681
0.433191
0.750585
0.10648
0.395601
0.677246
0.103139
0.305205
0.500538
0.0550814
0.130659
0.201583
-0.514735
-0.377635
-0.168826
-0.350998
-0.238692
-0.0895443
-0.128772
-0.0771459
-0.0184116
-0.303514
-0.357178
-0.418175
-0.190959
-0.232673
-0.282834
-0.00118853
-0.0204133
-0.0485728
-0.488722
-0.555558
-0.613941
-0.343082
-0.402572
-0.457208
-0.0889474
-0.134537
-0.181882
0.203371
0.183414
0.154914
0.420424
0.4379
0.445644
0.53268
0.597503
0.657907
0.196781
0.208413
0.212215
0.311686
0.353713
0.390631
0.325656
0.392184
0.461009
-0.655076
-0.661037
-0.620693
-0.497565
-0.505402
-0.470703
-0.223121
-0.240721
-0.225651
-0.514742
-0.351003
-0.128774
-0.377652
-0.238705
-0.0771512
-0.168854
-0.0895645
-0.0184197
0.106443
0.103113
0.0550712
0.39556
0.305176
0.130648
0.677209
0.500512
0.201574
0.124284
0.104478
0.0995274
0.446689
0.444095
0.433146
0.713541
0.750193
0.750542
0.901915
0.99536
1.02026
0.981416
1.127
1.17558
0.972816
1.15202
1.21074
0.919552
0.664571
0.257957
1.05582
0.748553
0.281479
1.07539
0.743806
0.270075
0.964031
0.640392
0.221202
0.750986
0.464534
0.147097
0.464568
0.238266
0.0561954
0.893316
1.07284
1.11664
0.780238
0.920367
0.922625
0.654936
0.719284
0.655388
0.245629
0.32684
0.420318
0.120138
0.203141
0.307989
-0.00976427
0.0660468
0.171312
0.531515
0.648666
0.773522
0.445974
0.605002
0.78681
0.322537
0.509075
0.73141
0.199086
0.397918
0.637175
0.12332
0.319261
0.549045
0.1055
0.288402
0.485549
-0.117534
-0.053672
0.0453766
-0.17788
-0.121609
-0.0278014
-0.194534
-0.138918
-0.0438846
-0.168321
-0.103115
0.00206673
-0.103117
-0.0219808
0.0970742
0.00206382
0.0970735
0.223602
0.15206
0.311821
0.451155
0.244618
0.369783
0.431754
0.353787
0.422521
0.384082
0.432353
0.409404
0.242892
0.409404
0.269174
-0.0249932
0.242889
-0.024995
-0.424598
0.152056
0.244617
0.353787
0.311815
0.369781
0.42252
0.451145
0.431747
0.384078
0.520811
0.474598
0.324331
0.380813
0.213914
-0.0191277
0.197101
-0.0896942
-0.387099
0.11816
-0.0259668
-0.046138
-0.226419
-0.278635
-0.140359
-0.570973
-0.516934
-0.225191
-0.914397
-0.734227
-0.296869
-1.18867
-0.883095
-0.338578
-1.36476
-0.947897
-0.345732
-0.0879137
-0.474409
-0.796588
-0.46508
-0.89237
-1.17795
-0.915281
-1.31036
-1.49414
-1.3694
-1.64777
-1.67293
-1.64777
-1.76618
-1.63629
-1.67293
-1.63629
-1.397
-1.3942
-0.904593
-0.312762
-1.25753
-0.764313
-0.250351
-0.992167
-0.563425
-0.173801
-0.649265
-0.341769
-0.0981469
-0.341768
-0.16678
-0.0440332
-0.0981463
-0.0440331
-0.0100117
-1.3942
-1.25752
-0.992164
-0.904588
-0.764308
-0.563422
-0.31276
-0.250349
-0.173799
0.520793
0.380799
0.197091
0.47457
0.21389
-0.0897122
0.324296
-0.0191577
-0.387122
-0.0879214
-0.465085
-0.915283
-0.474422
-0.892377
-1.31036
-0.796603
-1.17795
-1.49414
-0.91441
-1.18868
-1.36476
-0.734235
-0.883096
-0.947894
-0.296871
-0.338578
-0.34573
0.118123
-0.226449
-0.570995
-0.0259948
-0.278658
-0.516949
-0.0461487
-0.140367
-0.225196
-0.303509
-0.190946
-0.00117169
-0.357173
-0.232659
-0.0203948
-0.41817
-0.282819
-0.0485524
0.196797
0.311696
0.32566
0.208431
0.353726
0.392189
0.212235
0.390645
0.461015
0.203394
0.420442
0.532689
0.183439
0.43792
0.597515
0.154941
0.445668
0.657924
-0.488717
-0.343066
-0.0889252
-0.555552
-0.402555
-0.134514
-0.613935
-0.45719
-0.181857
0.245627
0.120132
-0.00977235
0.326837
0.203133
0.0660364
0.420316
0.30798
0.171299
-0.117542
-0.177885
-0.194537
-0.0536822
-0.121617
-0.138923
0.0453637
-0.0278119
-0.0438914
0.199071
0.123307
0.105492
0.397902
0.319246
0.288391
0.637158
0.549028
0.485535
0.531515
0.445965
0.322523
0.648668
0.604994
0.509062
0.773528
0.786806
0.731398
0.901926
0.981417
0.972807
0.995377
1.12701
1.15202
1.02028
1.17559
1.21074
0.893298
0.780217
0.654915
1.07282
0.920343
0.719256
1.11662
0.922596
0.655353
0.964011
0.750955
0.464531
0.640375
0.464509
0.238236
0.221194
0.147086
0.0561833
0.919571
1.05583
1.07539
0.664585
0.748557
0.7438
0.257961
0.28148
0.270072
-0.65507
-0.497548
-0.223096
-0.661031
-0.505386
-0.240697
-0.620688
-0.470689
-0.225628
0.124312
0.446716
0.713563
0.104506
0.444124
0.750218
0.0995552
0.433176
0.75057
0.106467
0.395587
0.677234
0.10313
0.305196
0.500531
0.0550783
0.130656
0.201581
-0.514738
-0.37764
-0.168835
-0.351
-0.238696
-0.0895508
-0.128773
-0.0771475
-0.0184141
-0.303516
-0.35718
-0.418177
-0.190961
-0.232675
-0.282836
-0.00119044
-0.0204148
-0.0485736
-0.488724
-0.555559
-0.613942
-0.343083
-0.402572
-0.457207
-0.0889473
-0.134536
-0.18188
0.203373
0.183416
0.154916
0.420426
0.437901
0.445646
0.53268
0.597503
0.657907
0.196781
0.208414
0.212216
0.311686
0.353714
0.390632
0.325657
0.392185
0.461009
-0.655076
-0.661037
-0.620693
-0.497563
-0.505401
-0.470701
-0.223118
-0.240718
-0.225648
-0.514742
-0.351003
-0.128774
-0.377651
-0.238704
-0.0771505
-0.168851
-0.0895624
-0.0184187
0.106446
0.103115
0.0550724
0.395563
0.305179
0.13065
0.677211
0.500515
0.201575
0.124286
0.104481
0.0995303
0.446691
0.444097
0.433148
0.713541
0.750193
0.750544
0.901911
0.995358
1.02026
0.981409
1.127
1.17558
0.972806
1.15201
1.21074
0.919554
0.664574
0.257958
1.05582
0.748554
0.281479
1.07539
0.743806
0.270075
0.964029
0.64039
0.221201
0.750984
0.464533
0.147096
0.464568
0.238265
0.0561949
0.893304
1.07283
1.11663
0.780227
0.92036
0.922621
0.654927
0.71928
0.655387
0.24563
0.32684
0.420317
0.120138
0.203139
0.307985
-0.0097659
0.0660434
0.171306
0.531513
0.648663
0.773518
0.445969
0.604995
0.786803
0.322529
0.509066
0.731399
0.199076
0.397906
0.637162
0.123308
0.319247
0.549032
0.105488
0.288389
0.485537
-0.117537
-0.0536767
0.0453693
-0.177883
-0.121614
-0.0278101
-0.194538
-0.138926
-0.0438949
-0.168327
-0.103124
0.00205436
-0.103125
-0.0219929
0.0970596
0.00205351
0.0970593
0.223587
0.152046
0.311808
0.451147
0.244604
0.369773
0.431752
0.353776
0.422517
0.38409
0.432349
0.409413
0.242914
0.409413
0.269198
-0.0249564
0.242916
-0.0249557
-0.424551
0.152045
0.244604
0.353776
0.311808
0.369774
0.422518
0.451148
0.431754
0.384092
0.520809
0.474601
0.324338
0.38082
0.213927
-0.0191114
0.197121
-0.0896683
-0.387074
0.118166
-0.0259632
-0.0461369
-0.226405
-0.278627
-0.140356
-0.570953
-0.516923
-0.225188
-0.914377
-0.734218
-0.296867
-1.18866
-0.883092
-0.338578
-1.36476
-0.947903
-0.345736
-0.0878802
-0.474373
-0.796557
-0.465036
-0.89233
-1.17792
-0.915236
-1.31033
-1.49412
-1.36937
-1.64776
-1.67294
-1.64776
-1.76619
-1.63632
-1.67294
-1.63632
-1.39704
-1.39422
-0.904611
-0.31277
-1.25756
-0.764338
-0.250361
-0.992207
-0.563453
-0.17381
-0.649302
-0.341792
-0.0981542
-0.341792
-0.166794
-0.0440372
-0.0981542
-0.0440372
-0.0100127
-1.39422
-1.25756
-0.992207
-0.904612
-0.764339
-0.563453
-0.31277
-0.250361
-0.17381
0.520812
0.380823
0.197124
0.474605
0.213932
-0.0896649
0.324343
-0.0191072
-0.387071
-0.0878782
-0.465036
-0.915236
-0.474371
-0.89233
-1.31033
-0.796556
-1.17792
-1.49413
-0.914377
-1.18866
-1.36476
-0.734219
-0.883093
-0.947905
-0.296867
-0.338579
-0.345736
0.11817
-0.226402
-0.570952
-0.0259606
-0.278625
-0.516923
-0.0461361
-0.140356
-0.225188
-0.30352
-0.190959
-0.00118406
-0.357183
-0.232673
-0.0204081
-0.41818
-0.282833
-0.0485667
0.196789
0.311693
0.325662
0.208422
0.353721
0.39219
0.212224
0.390639
0.461014
0.20338
0.420433
0.532685
0.183423
0.437908
0.597508
0.154923
0.445652
0.657912
-0.488726
-0.34308
-0.0889403
-0.55556
-0.402568
-0.134529
-0.613942
-0.457202
-0.181873
0.245632
0.120138
-0.0097664
0.326842
0.203139
0.0660429
0.42032
0.307986
0.171306
-0.117538
-0.177884
-0.194539
-0.0536778
-0.121616
-0.138926
0.0453681
-0.0278116
-0.0438962
0.199075
0.123307
0.105486
0.397906
0.319246
0.288388
0.637163
0.549032
0.485537
0.531516
0.44597
0.322529
0.648666
0.604997
0.509066
0.773521
0.786805
0.731401
0.901915
0.981411
0.972808
0.995361
1.127
1.15202
1.02026
1.17559
1.21074
0.893306
0.780228
0.654929
1.07284
0.920363
0.719284
1.11664
0.922626
0.655392
0.964033
0.750989
0.464573
0.640394
0.464536
0.238269
0.221202
0.147097
0.0561961
0.919557
1.05582
1.0754
0.664576
0.748556
0.743809
0.257959
0.28148
0.270076
-0.655076
-0.497559
-0.223112
-0.661035
-0.505396
-0.240713
-0.620692
-0.470698
-0.225644
0.124292
0.446696
0.713545
0.104486
0.444101
0.750197
0.0995343
0.433152
0.750547
0.106449
0.395566
0.677214
0.103117
0.305181
0.500517
0.0550732
0.13065
0.201576
-0.514741
-0.377648
-0.168848
-0.351003
-0.238702
-0.0895604
-0.128774
-0.0771498
-0.0184179
