FiniteElementSpace
FiniteElementCollection: H1_2D_P4
VDim: 1
Ordering: 0

-0.237088
9.35762e-14
9.35736e-14
7.76165e-35
9.3577e-14
7.76496e-35
9.3577e-14
7.7667e-35
9.35736e-14
7.76496e-35
7.76165e-35
-0.109834
4.87272e-21
4.87272e-21
-0.109835
4.87302e-21
4.87451e-21
-0.109835
4.87525e-21
4.87533e-21
-0.109835
4.87451e-21
4.87302e-21
-0.109835
4.87272e-21
4.87272e-21
0.0490955
0.0490957
0.0490957
0.0490957
0.0490955
-0.135465
0.0161888
0.0161884
-0.135465
0.0161897
0.0161885
-0.135465
0.0161901
0.0161899
-0.135465
0.0161884
0.0161897
-0.135465
0.0161884
0.0161888
-0.103341
1.39243e-16
0.117884
4.0102e-27
4.01022e-27
0.117884
1.39242e-16
-0.103342
1.39245e-16
0.117886
4.01112e-27
4.01183e-27
0.117885
1.39265e-16
-0.103342
1.39274e-16
0.117888
4.01258e-27
4.0126e-27
0.117888
1.39276e-16
-0.103342
1.39265e-16
0.117885
4.01183e-27
4.01112e-27
0.117886
1.39245e-16
-0.103342
1.39242e-16
0.117884
4.01022e-27
4.0102e-27
0.117884
1.39243e-16
0.00134957
0.00135
0.00135101
0.00134992
0.00134956
-0.0227418
0.176418
-0.0227419
-0.02274
0.176415
-0.0227421
-0.0227385
0.176411
-0.0227388
-0.0227422
0.176415
-0.02274
-0.0227419
0.176418
-0.0227418
-0.203202
-0.0756156
-0.0756159
-0.203203
-0.105513
-0.0615236
0.0238053
0.0474789
0.0474788
0.0238051
-0.0615243
-0.105513
-0.0756153
-0.0756156
-0.203203
-0.0615228
0.023806
0.0474793
0.0474788
0.0238053
-0.0615241
-0.105513
-0.0756147
-0.0756146
-0.203203
-0.061523
0.0238066
0.0474796
0.0474794
0.0238065
-0.0615231
-0.105513
-0.0756156
-0.0756154
-0.203203
-0.061524
0.0238052
0.0474788
0.0474793
0.0238059
-0.0615229
-0.105513
-0.0756159
-0.0756156
-0.0615243
0.0238051
0.0474788
0.0474789
0.0238053
-0.0615236
-0.113593
-0.0812244
-0.000766064
-0.0717716
5.76828e-15
-0.02292
1.31628e-18
0.136912
0.0560257
0.0644758
0.168938
0.168938
0.0644758
7.06389e-24
0.0796372
8.91529e-31
8.91533e-31
0.0796371
7.06393e-24
0.136911
-0.00076632
-0.0812247
-0.113594
0.0560256
1.31628e-18
-0.02292
5.76819e-15
-0.0717721
-0.0812243
-0.000764757
5.76822e-15
-0.022918
1.31633e-18
0.136913
0.0560281
0.0644768
0.168939
0.168939
0.0644767
7.0649e-24
0.0796317
8.91819e-31
8.91903e-31
0.0796329
7.06665e-24
0.136912
-0.00076648
-0.0812251
-0.113594
0.056026
1.31662e-18
-0.0229201
5.76872e-15
-0.0717727
-0.0812243
-0.00076416
5.76887e-15
-0.0229158
1.31675e-18
0.136913
0.0560304
0.0644777
0.16894
0.16894
0.0644777
7.06784e-24
0.0796259
8.92086e-31
8.92087e-31
0.0796259
7.06791e-24
0.136913
-0.000764471
-0.0812243
-0.113594
0.0560302
1.31678e-18
-0.022916
5.76892e-15
-0.0717725
-0.081225
-0.0007666
5.76872e-15
-0.0229201
1.31662e-18
0.136912
0.0560258
0.0644765
0.168939
0.168939
0.0644766
7.06665e-24
0.079633
8.91903e-31
8.91819e-31
0.0796318
7.0649e-24
0.136913
-0.000764779
-0.0812243
-0.113594
0.056028
1.31633e-18
-0.022918
5.76822e-15
-0.0717721
-0.0812247
-0.000766321
5.76819e-15
-0.02292
1.31628e-18
0.136911
0.0560256
0.0644758
0.168938
0.168938
0.0644758
7.06393e-24
0.0796371
8.91533e-31
8.91529e-31
0.0796372
7.06389e-24
0.136912
-0.000766064
-0.0812244
0.0560257
1.31628e-18
-0.02292
5.76828e-15
-0.148829
-0.0528906
0.0487339
-0.0528911
-0.148829
-0.05289
0.0487342
-0.052891
-0.148828
-0.0528899
0.0487348
-0.0528899
-0.148829
-0.0528909
0.0487342
-0.0528901
-0.148829
-0.0528912
0.0487339
-0.0528906
-0.0742104
-0.0627084
0.0651109
0.0472872
0.100516
0.146867
-0.00184959
0.146866
-0.0742109
0.0472871
0.0651108
-0.0627084
-0.0742099
-0.0627084
0.0651138
0.0472882
0.100518
0.146864
-0.00185238
0.146865
-0.0742112
0.0472872
0.0651109
-0.0627087
-0.07421
-0.0627082
0.0651163
0.0472888
0.10052
0.146861
-0.00185676
0.146861
-0.0742101
0.0472886
0.0651162
-0.0627082
-0.0742111
-0.0627087
0.0651108
0.0472871
0.100518
0.146865
-0.00185235
0.146864
-0.07421
0.0472881
0.0651138
-0.0627084
-0.0742109
-0.0627084
0.0651108
0.0472871
0.100516
0.146866
-0.00184959
0.146867
-0.0742104
0.0472872
0.0651109
-0.0627084
-0.236021
-0.228248
-0.213407
-0.198704
-0.183991
-0.162264
-0.198704
-0.183992
-0.162264
-0.236021
-0.228249
-0.213408
-0.145944
-0.168479
-0.191785
-0.131003
-0.114869
-0.0905006
-0.0854007
-0.108339
-0.134747
-0.00846811
-0.0320736
-0.0602102
-0.00846815
-0.0320737
-0.0602105
-0.085401
-0.108339
-0.134747
-0.131004
-0.114869
-0.090501
-0.145944
-0.168479
-0.191785
-0.12642
-0.113818
-0.10708
-0.103437
-0.0902199
-0.0673424
-0.0676585
-0.057648
-0.0533765
-0.108471
-0.106094
-0.105023
-0.108452
-0.0966002
-0.0752365
-0.0593796
-0.055731
-0.0533012
0.00524303
-0.0193843
-0.0469805
0.0182812
0.0215679
0.0235691
0.0138007
-0.00989395
-0.0377845
0.00921284
0.0189932
0.0232212
0.0319258
0.0423974
0.0475522
0.0319256
0.0423973
0.0475522
0.0092128
0.0189931
0.023221
0.0254428
0.0382594
0.0454682
0.0479461
0.0488608
0.0491859
0.0489158
0.0490621
0.0485646
0.0489158
0.0490621
0.0485645
0.047946
0.0488607
0.0491859
0.0254425
0.0382592
0.045468
0.0182809
0.0215676
0.0235689
-0.0676588
-0.0576484
-0.053377
-0.103437
-0.0902205
-0.0673429
-0.12642
-0.113819
-0.10708
0.0138005
-0.00989431
-0.0377849
0.00524261
-0.0193848
-0.0469811
-0.0593803
-0.0557317
-0.0533017
-0.108453
-0.0966009
-0.0752373
-0.108472
-0.106094
-0.105023
-0.198704
-0.183992
-0.162264
-0.198704
-0.183992
-0.162264
-0.236021
-0.228249
-0.213408
-0.131004
-0.114869
-0.0905004
-0.0854005
-0.108339
-0.134747
-0.00846765
-0.0320731
-0.0602099
-0.00846776
-0.0320734
-0.0602102
-0.0854007
-0.108339
-0.134747
-0.131003
-0.114869
-0.0905007
-0.145944
-0.168479
-0.191785
-0.103437
-0.0902197
-0.0673419
-0.0676581
-0.0576475
-0.0533759
-0.108452
-0.0966
-0.075236
-0.0593789
-0.0557304
-0.0533005
0.00524402
-0.0193833
-0.0469796
0.0182821
0.0215687
0.0235698
0.0138015
-0.00989318
-0.0377837
0.00921332
0.0189937
0.0232218
0.0319264
0.0423978
0.0475525
0.0319258
0.0423975
0.0475524
0.0092132
0.0189934
0.0232213
0.0254437
0.0382601
0.0454686
0.0479464
0.0488611
0.0491862
0.048916
0.0490623
0.0485649
0.048916
0.0490622
0.0485646
0.047946
0.0488608
0.0491861
0.0254426
0.0382593
0.045468
0.0182811
0.0215677
0.0235691
-0.0676586
-0.0576481
-0.0533768
-0.103437
-0.0902203
-0.0673427
-0.12642
-0.113818
-0.10708
0.0138007
-0.00989411
-0.0377847
0.00524279
-0.0193846
-0.0469809
-0.0593801
-0.0557315
-0.0533015
-0.108453
-0.0966009
-0.0752371
-0.108472
-0.106094
-0.105023
-0.198704
-0.183991
-0.162263
-0.198704
-0.183991
-0.162263
-0.236021
-0.228249
-0.213408
-0.131003
-0.114868
-0.0904999
-0.0853998
-0.108338
-0.134746
-0.00846669
-0.0320723
-0.0602092
-0.00846669
-0.0320722
-0.0602091
-0.0853998
-0.108338
-0.134746
-0.131003
-0.114868
-0.0904998
-0.145944
-0.168479
-0.191785
-0.103437
-0.0902198
-0.0673418
-0.0676576
-0.0576471
-0.0533758
-0.108453
-0.0966004
-0.0752363
-0.0593791
-0.0557304
-0.0533005
0.00524436
-0.0193832
-0.0469797
0.0182826
0.0215691
0.0235704
0.013802
-0.00989281
-0.0377836
0.00921426
0.0189945
0.0232225
0.031927
0.0423985
0.0475532
0.0319269
0.0423984
0.0475532
0.00921425
0.0189945
0.0232224
0.0254441
0.0382606
0.045469
0.0479467
0.0488614
0.0491867
0.048916
0.0490624
0.0485651
0.048916
0.0490623
0.048565
0.0479466
0.0488614
0.0491867
0.0254439
0.0382603
0.0454688
0.0182823
0.021569
0.0235703
-0.0676575
-0.0576471
-0.0533757
-0.103437
-0.0902197
-0.0673418
-0.12642
-0.113818
-0.10708
0.0138019
-0.00989287
-0.0377836
0.00524414
-0.0193833
-0.0469798
-0.0593791
-0.0557305
-0.0533005
-0.108452
-0.0966003
-0.0752363
-0.108472
-0.106094
-0.105023
-0.198704
-0.183992
-0.162264
-0.198704
-0.183992
-0.162264
-0.236021
-0.228249
-0.213408
-0.131003
-0.114869
-0.0905007
-0.0854007
-0.108339
-0.134747
-0.00846784
-0.0320734
-0.0602102
-0.00846773
-0.0320732
-0.0602099
-0.0854006
-0.108339
-0.134747
-0.131004
-0.114869
-0.0905005
-0.145944
-0.168479
-0.191786
-0.103437
-0.0902202
-0.0673427
-0.0676586
-0.0576481
-0.0533768
-0.108453
-0.0966007
-0.075237
-0.0593801
-0.0557315
-0.0533015
0.00524265
-0.0193847
-0.0469809
0.0182809
0.0215676
0.023569
0.0138006
-0.00989417
-0.0377847
0.00921312
0.0189933
0.0232212
0.0319258
0.0423974
0.0475524
0.0319263
0.0423978
0.0475525
0.00921325
0.0189937
0.0232218
0.0254425
0.0382592
0.045468
0.047946
0.0488608
0.0491861
0.048916
0.0490622
0.0485646
0.048916
0.0490623
0.0485649
0.0479464
0.0488611
0.0491862
0.0254436
0.0382601
0.0454686
0.0182821
0.0215686
0.0235698
-0.0676582
-0.0576475
-0.053376
-0.103437
-0.0902198
-0.0673419
-0.12642
-0.113819
-0.10708
0.0138014
-0.00989324
-0.0377838
0.00524398
-0.0193834
-0.0469797
-0.059379
-0.0557304
-0.0533006
-0.108452
-0.0966001
-0.075236
-0.108472
-0.106094
-0.105023
-0.198704
-0.183992
-0.162264
-0.198704
-0.183991
-0.162264
-0.131004
-0.114869
-0.090501
-0.085401
-0.108339
-0.134747
-0.00846816
-0.0320737
-0.0602105
-0.00846811
-0.0320736
-0.0602102
-0.0854007
-0.108339
-0.134747
-0.131003
-0.114869
-0.0905006
-0.103437
-0.0902205
-0.0673429
-0.0676589
-0.0576484
-0.053377
-0.108453
-0.096601
-0.0752373
-0.0593803
-0.0557317
-0.0533017
0.0052426
-0.0193848
-0.0469811
0.0182809
0.0215676
0.0235689
0.0138005
-0.00989431
-0.0377849
0.0092128
0.0189931
0.023221
0.0319256
0.0423973
0.0475522
0.0319258
0.0423974
0.0475522
0.00921284
0.0189932
0.0232212
0.0254425
0.0382592
0.045468
0.047946
0.0488607
0.0491859
0.0489158
0.0490621
0.0485645
0.0489158
0.0490621
0.0485646
0.0479461
0.0488608
0.0491859
0.0254428
0.0382594
0.0454682
0.0182812
0.0215679
0.0235691
-0.0676585
-0.057648
-0.0533765
-0.103437
-0.0902199
-0.0673424
0.0138007
-0.00989395
-0.0377845
0.00524303
-0.0193843
-0.0469805
-0.0593796
-0.0557311
-0.0533012
-0.108452
-0.0966002
-0.0752365
-0.111117
-0.112976
-0.113738
-0.112093
-0.102331
-0.0853193
-0.0637424
-0.0679983
-0.0721407
-0.106406
-0.110647
-0.113023
-0.101733
-0.0960428
-0.0872611
-0.0810364
-0.0792211
-0.0761434
-0.0355292
-0.0569917
-0.0740433
-0.0194207
-0.0121147
-0.00455445
-0.0129467
-0.0375156
-0.0620721
0.0138565
0.00879315
0.00278983
-0.0996715
-0.0908507
-0.0792571
-0.0696515
-0.066782
-0.064571
-0.0806881
-0.0770768
-0.0690752
-0.0186875
-0.0438591
-0.063417
6.18433e-14
2.61216e-14
9.97893e-15
-0.0126996
-0.0357012
-0.0548212
2.83215e-16
1.00764e-15
3.24242e-15
-0.002207
-0.00999615
-0.0189827
-0.0342037
-0.0503551
-0.0598759
-0.0254008
-0.0277959
-0.0258065
-0.00992828
0.0183211
0.0489912
0.0587406
0.0637714
0.0661983
-0.00926308
0.0171609
0.0430817
6.65722e-17
1.52214e-17
3.14772e-18
0.0188887
0.0463728
0.0615847
1.37e-20
9.00439e-20
5.35258e-19
0.0320107
0.0861855
0.124654
0.128303
0.107145
0.080638
0.128121
0.142255
0.143505
0.108483
0.0895078
0.0682752
0.0104963
0.0286374
0.0420425
0.0470912
0.0467119
0.0468953
0.053577
0.0500355
0.0479262
0.106982
0.0871553
0.071029
0.0617849
0.0571954
0.0514502
0.0497168
0.0527649
0.0592791
0.0677817
0.0768207
0.0908538
0.0677817
0.0768207
0.0908538
0.0497168
0.0527648
0.059279
0.127054
0.144192
0.160838
0.158807
0.135368
0.111623
0.182649
0.184429
0.176005
0.182649
0.184429
0.176004
0.158807
0.135368
0.111623
0.127054
0.144192
0.160838
0.106982
0.0871552
0.071029
0.143626
0.15089
0.150462
0.176167
0.178536
0.162706
1.68532e-21
2.08594e-22
2.33506e-23
0.0268431
0.079078
0.126522
1.55856e-26
1.89234e-25
2.07802e-24
0.00723698
0.0285327
0.0600029
0.0959111
0.122405
0.140801
0.166292
0.137401
0.100166
0.0626727
0.0316748
0.00705483
0.0626726
0.0316748
0.00705483
0.166292
0.137401
0.100166
1.00338e-27
6.72271e-29
4.07378e-30
-0.00443678
-0.0099994
-0.00754388
4.16985e-34
9.35274e-33
1.89729e-31
4.16986e-34
9.35276e-33
1.8973e-31
-0.00443678
-0.00999939
-0.00754387
1.00339e-27
6.72275e-29
4.0738e-30
0.00723697
0.0285326
0.0600028
0.176167
0.178536
0.162705
0.143625
0.150889
0.150462
0.128121
0.142255
0.143505
0.0959109
0.122405
0.1408
1.55857e-26
1.89235e-25
2.07803e-24
0.026843
0.0790777
0.126522
1.68532e-21
2.08594e-22
2.33507e-23
0.0320106
0.0861852
0.124654
-0.0637431
-0.0679989
-0.0721413
-0.112093
-0.102332
-0.0853199
-0.111117
-0.112976
-0.113739
0.0138561
0.00879283
0.00278955
-0.012947
-0.037516
-0.0620725
-0.0194208
-0.0121149
-0.00455468
-0.0355292
-0.0569918
-0.0740435
-0.0810367
-0.0792215
-0.0761438
-0.101734
-0.0960433
-0.0872615
-0.106407
-0.110648
-0.113023
0.0470911
0.0467118
0.0468952
0.010496
0.0286371
0.0420423
0.0617849
0.0571954
0.0514501
0.108483
0.0895076
0.0682751
0.0535769
0.0500353
0.047926
-0.00926314
0.0171608
0.0430816
0.0587405
0.0637714
0.0661982
-0.00992822
0.0183211
0.0489912
-0.0254009
-0.0277958
-0.0258064
0.128303
0.107145
0.0806379
1.37e-20
9.00439e-20
5.35258e-19
0.0188886
0.0463728
0.0615846
6.65718e-17
1.52214e-17
3.14771e-18
-0.00220699
-0.00999611
-0.0189826
-0.0806883
-0.077077
-0.0690753
-0.069652
-0.0667823
-0.0645711
-0.0996722
-0.0908514
-0.0792577
-0.0342036
-0.050355
-0.0598759
2.83213e-16
1.00763e-15
3.24237e-15
-0.0126996
-0.0357012
-0.0548212
6.18417e-14
2.61211e-14
9.97875e-15
-0.0186876
-0.0438594
-0.0634174
-0.112093
-0.102331
-0.0853191
-0.0637417
-0.0679977
-0.0721402
-0.101734
-0.0960433
-0.0872613
-0.0810362
-0.0792208
-0.0761429
-0.0355276
-0.0569907
-0.0740429
-0.019419
-0.0121131
-0.00455306
-0.0129455
-0.0375146
-0.0620714
0.0138575
0.00879425
0.00279107
-0.0696521
-0.0667825
-0.0645712
-0.080688
-0.0770768
-0.0690752
6.18418e-14
2.61211e-14
9.97879e-15
-0.0126995
-0.0357011
-0.0548211
2.83217e-16
1.00764e-15
3.2424e-15
-0.00220645
-0.00999474
-0.0189808
-0.0342019
-0.0503541
-0.0598756
-0.0253989
-0.0277937
-0.0258044
-0.00992588
0.018324
0.0489942
0.0587433
0.0637745
0.0662014
-0.00926101
0.0171632
0.0430841
6.65731e-17
1.52218e-17
3.14781e-18
0.0188892
0.0463746
0.0615873
1.37008e-20
9.00482e-20
5.35279e-19
0.0320105
0.0861853
0.124654
0.128305
0.107148
0.0806407
0.128123
0.142257
0.143506
0.108485
0.0895101
0.0682776
0.0104976
0.0286386
0.0420435
0.0470917
0.0467125
0.0468961
0.0535791
0.0500371
0.0479273
0.106984
0.087157
0.0710302
0.0617858
0.0571962
0.0514511
0.0497171
0.0527653
0.0592799
0.0677829
0.0768222
0.0908556
0.0677828
0.0768222
0.0908557
0.049717
0.0527653
0.0592798
0.127056
0.144194
0.160839
0.158808
0.13537
0.111626
0.182646
0.184428
0.176005
0.182646
0.184428
0.176005
0.158808
0.13537
0.111626
0.127056
0.144194
0.160839
0.106983
0.0871566
0.0710301
0.143626
0.150889
0.15046
0.176167
0.178535
0.162703
1.68544e-21
2.08615e-22
2.33536e-23
0.0268421
0.0790755
0.126519
1.5589e-26
1.89269e-25
2.07835e-24
0.0072359
0.0285295
0.059998
0.0959057
0.1224
0.140797
0.166288
0.137396
0.10016
0.0626674
0.0316702
0.00705137
0.0626683
0.0316707
0.0070515
0.166288
0.137396
0.100162
1.00363e-27
6.72458e-29
4.07504e-30
-0.00443711
-0.0100006
-0.00754608
4.17156e-34
9.35625e-33
1.89794e-31
4.17163e-34
9.3567e-33
1.89809e-31
-0.00443707
-0.0100005
-0.007546
1.0038e-27
6.7255e-29
4.07549e-30
0.00723625
0.0285304
0.0599992
0.176168
0.178535
0.162704
0.143626
0.150889
0.150461
0.128122
0.142256
0.143505
0.0959071
0.122402
0.140799
1.55919e-26
1.89309e-25
2.07884e-24
0.0268425
0.0790766
0.126521
1.68595e-21
2.08673e-22
2.33597e-23
0.0320106
0.0861852
0.124654
-0.063743
-0.0679989
-0.0721415
-0.112094
-0.102332
-0.0853202
-0.111118
-0.112977
-0.113739
0.0138562
0.00879281
0.00278943
-0.0129472
-0.0375162
-0.0620727
-0.0194211
-0.0121151
-0.00455487
-0.0355295
-0.0569922
-0.0740439
-0.0810372
-0.0792219
-0.0761442
-0.101735
-0.0960439
-0.087262
-0.106407
-0.110648
-0.113024
0.0470911
0.0467118
0.0468952
0.0104959
0.0286371
0.0420424
0.0617857
0.0571958
0.0514503
0.108484
0.0895086
0.0682757
0.0535773
0.0500356
0.0479262
-0.00926329
0.0171608
0.0430818
0.0587409
0.0637717
0.0661984
-0.00992832
0.0183211
0.0489912
-0.0254011
-0.027796
-0.0258066
0.128303
0.107145
0.080638
1.37048e-20
9.00719e-20
5.35405e-19
0.0188885
0.0463726
0.0615846
6.65837e-17
1.52246e-17
3.14846e-18
-0.00220707
-0.00999624
-0.0189828
-0.0806888
-0.0770774
-0.0690756
-0.0696525
-0.0667828
-0.0645714
-0.0996728
-0.0908521
-0.0792584
-0.0342037
-0.0503551
-0.0598761
2.83255e-16
1.00775e-15
3.24271e-15
-0.0126996
-0.0357013
-0.0548214
6.18445e-14
2.61227e-14
9.97956e-15
-0.0186877
-0.0438597
-0.0634179
-0.112093
-0.102332
-0.0853193
-0.0637419
-0.0679978
-0.0721403
-0.101734
-0.0960438
-0.0872615
-0.0810363
-0.0792209
-0.0761431
-0.0355264
-0.05699
-0.0740427
-0.0194178
-0.0121122
-0.00455238
-0.012945
-0.0375143
-0.0620713
0.0138579
0.0087947
0.0027916
-0.0696527
-0.066783
-0.0645713
-0.080688
-0.0770768
-0.0690751
6.18448e-14
2.6123e-14
9.97977e-15
-0.0126994
-0.0357009
-0.0548209
2.83271e-16
1.0078e-15
3.24281e-15
-0.00220591
-0.0099933
-0.0189788
-0.0342001
-0.0503529
-0.0598751
-0.0253972
-0.0277917
-0.0258022
-0.00992346
0.0183267
0.0489969
0.0587459
0.0637774
0.0662042
-0.00925933
0.0171653
0.0430864
6.65882e-17
1.52258e-17
3.14876e-18
0.0188896
0.0463758
0.0615894
1.37067e-20
9.00831e-20
5.35464e-19
0.0320103
0.0861849
0.124654
0.128305
0.107149
0.080643
0.128125
0.142259
0.143507
0.108488
0.0895124
0.06828
0.0104982
0.0286393
0.0420442
0.0470919
0.0467128
0.0468966
0.0535811
0.0500385
0.0479282
0.106986
0.0871587
0.0710314
0.0617866
0.0571969
0.0514517
0.0497171
0.0527656
0.0592805
0.067784
0.0768237
0.0908577
0.067784
0.0768238
0.0908578
0.0497171
0.0527656
0.0592805
0.127058
0.144196
0.160841
0.15881
0.135372
0.111628
0.182644
0.184427
0.176006
0.182644
0.184427
0.176006
0.15881
0.135373
0.111628
0.127058
0.144196
0.160841
0.106986
0.0871587
0.0710314
0.143626
0.150887
0.150457
0.176167
0.178533
0.1627
1.6862e-21
2.08706e-22
2.33635e-23
0.026841
0.0790729
0.126516
1.55948e-26
1.89343e-25
2.0792e-24
0.00723466
0.028526
0.0599927
0.0959002
0.122396
0.140794
0.166283
0.13739
0.100154
0.0626613
0.0316643
0.00704632
0.0626614
0.0316643
0.00704632
0.166283
0.13739
0.100154
1.00399e-27
6.72681e-29
4.07631e-30
-0.0044377
-0.0100025
-0.00754962
4.17255e-34
9.35871e-33
1.89848e-31
4.17255e-34
9.35871e-33
1.89848e-31
-0.0044377
-0.0100025
-0.00754962
1.00399e-27
6.72683e-29
4.07632e-30
0.00723465
0.028526
0.0599928
0.176168
0.178534
0.1627
0.143626
0.150887
0.150458
0.128125
0.142259
0.143507
0.0959003
0.122396
0.140794
1.55949e-26
1.89344e-25
2.07921e-24
0.0268411
0.079073
0.126516
1.68623e-21
2.08709e-22
2.33638e-23
0.0320104
0.0861851
0.124654
-0.0637419
-0.0679978
-0.0721404
-0.112093
-0.102332
-0.0853193
-0.111118
-0.112977
-0.113739
0.0138576
0.00879442
0.00279129
-0.0129453
-0.0375145
-0.0620714
-0.0194181
-0.0121125
-0.00455269
-0.0355266
-0.0569902
-0.0740427
-0.0810363
-0.0792209
-0.0761431
-0.101734
-0.0960436
-0.0872614
-0.106407
-0.110648
-0.113023
0.0470918
0.0467126
0.0468964
0.0104979
0.028639
0.042044
0.0617866
0.0571968
0.0514515
0.108488
0.0895123
0.0682798
0.0535809
0.0500382
0.047928
-0.00925966
0.0171649
0.0430861
0.0587456
0.0637772
0.066204
-0.00992372
0.0183264
0.0489967
-0.0253975
-0.027792
-0.0258024
0.128305
0.107149
0.0806428
1.3707e-20
9.00847e-20
5.35473e-19
0.0188896
0.0463757
0.0615893
6.65892e-17
1.5226e-17
3.14881e-18
-0.00220598
-0.00999346
-0.018979
-0.080688
-0.0770767
-0.069075
-0.0696524
-0.0667828
-0.0645712
-0.0996726
-0.0908518
-0.0792581
-0.0342003
-0.050353
-0.0598751
2.83274e-16
1.00781e-15
3.24284e-15
-0.0126994
-0.0357008
-0.0548208
6.18448e-14
2.61231e-14
9.97984e-15
-0.0186877
-0.0438595
-0.0634178
-0.112093
-0.102332
-0.0853201
-0.0637429
-0.0679989
-0.0721414
-0.101734
-0.0960438
-0.0872619
-0.0810371
-0.0792218
-0.0761441
-0.0355295
-0.0569922
-0.0740439
-0.0194212
-0.0121152
-0.00455499
-0.0129473
-0.0375162
-0.0620727
0.0138561
0.00879268
0.00278931
-0.0696524
-0.0667827
-0.0645714
-0.0806887
-0.0770773
-0.0690755
6.18445e-14
2.61227e-14
9.97956e-15
-0.0126996
-0.0357013
-0.0548213
2.83255e-16
1.00775e-15
3.24271e-15
-0.00220707
-0.00999626
-0.0189828
-0.0342037
-0.0503552
-0.0598761
-0.0254011
-0.027796
-0.0258066
-0.0099284
0.018321
0.0489911
0.0587407
0.0637715
0.0661983
-0.00926341
0.0171606
0.0430816
6.65837e-17
1.52246e-17
3.14846e-18
0.0188885
0.0463726
0.0615845
1.37048e-20
9.00719e-20
5.35405e-19
0.0320106
0.0861852
0.124654
0.128303
0.107145
0.0806379
0.128122
0.142256
0.143505
0.108484
0.0895084
0.0682755
0.0104958
0.0286369
0.0420423
0.0470911
0.0467118
0.0468952
0.0535771
0.0500355
0.0479261
0.106983
0.0871564
0.0710299
0.0617855
0.0571957
0.0514502
0.049717
0.0527652
0.0592797
0.0677827
0.076822
0.0908554
0.0677827
0.0768219
0.0908553
0.049717
0.0527653
0.0592797
0.127056
0.144194
0.160839
0.158808
0.13537
0.111625
0.182646
0.184428
0.176005
0.182646
0.184428
0.176005
0.158808
0.13537
0.111625
0.127056
0.144194
0.160839
0.106983
0.0871567
0.07103
0.143626
0.150889
0.150461
0.176167
0.178535
0.162704
1.68595e-21
2.08673e-22
2.33597e-23
0.0268425
0.0790767
0.126521
1.55919e-26
1.89309e-25
2.07884e-24
0.00723625
0.0285305
0.0599993
0.0959072
0.122402
0.140799
0.166288
0.137397
0.100162
0.0626684
0.0316708
0.00705154
0.0626675
0.0316703
0.0070514
0.166288
0.137396
0.100161
1.0038e-27
6.7255e-29
4.07549e-30
-0.00443707
-0.0100005
-0.00754599
4.17163e-34
9.3567e-33
1.89809e-31
4.17156e-34
9.35625e-33
1.89794e-31
-0.00443711
-0.0100006
-0.00754607
1.00363e-27
6.72458e-29
4.07504e-30
0.00723591
0.0285295
0.0599981
0.176167
0.178535
0.162703
0.143626
0.150889
0.15046
0.128123
0.142257
0.143506
0.0959058
0.1224
0.140797
1.5589e-26
1.89269e-25
2.07835e-24
0.0268421
0.0790756
0.12652
1.68544e-21
2.08615e-22
2.33536e-23
0.0320105
0.0861854
0.124654
-0.0637418
-0.0679977
-0.0721402
-0.112093
-0.102331
-0.0853191
-0.111117
-0.112976
-0.113739
0.0138575
0.00879423
0.00279104
-0.0129455
-0.0375146
-0.0620714
-0.019419
-0.0121132
-0.00455308
-0.0355276
-0.0569907
-0.0740429
-0.0810363
-0.0792208
-0.076143
-0.101734
-0.0960433
-0.0872613
-0.106407
-0.110648
-0.113023
0.0470917
0.0467125
0.0468961
0.0104976
0.0286385
0.0420435
0.0617857
0.0571961
0.051451
0.108485
0.0895099
0.0682775
0.053579
0.050037
0.0479273
-0.00926106
0.0171631
0.043084
0.0587431
0.0637744
0.0662013
-0.00992593
0.0183239
0.0489942
-0.0253989
-0.0277938
-0.0258044
0.128305
0.107148
0.0806407
1.37008e-20
9.00482e-20
5.35279e-19
0.0188893
0.0463746
0.0615873
6.65731e-17
1.52218e-17
3.14781e-18
-0.00220645
-0.00999477
-0.0189808
-0.080688
-0.0770768
-0.0690752
-0.0696521
-0.0667826
-0.0645712
-0.0996722
-0.0908514
-0.0792577
-0.034202
-0.0503541
-0.0598756
2.83217e-16
1.00764e-15
3.2424e-15
-0.0126996
-0.0357011
-0.0548211
6.18418e-14
2.61211e-14
9.97879e-15
-0.0186876
-0.0438594
-0.0634174
-0.112093
-0.102332
-0.0853199
-0.0637431
-0.0679989
-0.0721413
-0.101734
-0.0960433
-0.0872615
-0.0810367
-0.0792215
-0.0761439
-0.0355292
-0.0569918
-0.0740435
-0.0194208
-0.0121149
-0.00455468
-0.012947
-0.037516
-0.0620725
0.0138561
0.00879282
0.00278955
-0.069652
-0.0667823
-0.0645711
-0.0806883
-0.077077
-0.0690753
6.18417e-14
2.61211e-14
9.97875e-15
-0.0126996
-0.0357012
-0.0548212
2.83213e-16
1.00763e-15
3.24237e-15
-0.00220699
-0.00999611
-0.0189826
-0.0342036
-0.050355
-0.0598759
-0.0254009
-0.0277958
-0.0258064
-0.00992822
0.0183211
0.0489912
0.0587405
0.0637714
0.0661982
-0.00926314
0.0171608
0.0430816
6.65718e-17
1.52214e-17
3.14771e-18
0.0188886
0.0463728
0.0615846
1.37e-20
9.00439e-20
5.35258e-19
0.0320106
0.0861852
0.124654
0.128303
0.107145
0.0806379
0.128121
0.142255
0.143505
0.108483
0.0895076
0.0682751
0.010496
0.0286371
0.0420423
0.0470911
0.0467118
0.0468952
0.0535769
0.0500353
0.047926
0.106982
0.0871552
0.071029
0.0617849
0.0571954
0.0514501
0.0497168
0.0527648
0.059279
0.0677817
0.0768207
0.0908538
0.0677817
0.0768207
0.0908538
0.0497168
0.0527649
0.0592791
0.127054
0.144192
0.160838
0.158807
0.135368
0.111623
0.182649
0.184429
0.176004
0.182649
0.184429
0.176005
0.158807
0.135368
0.111623
0.127054
0.144192
0.160838
0.106982
0.0871553
0.071029
0.143625
0.150889
0.150462
0.176167
0.178536
0.162705
1.68532e-21
2.08594e-22
2.33507e-23
0.026843
0.0790777
0.126522
1.55857e-26
1.89235e-25
2.07803e-24
0.00723697
0.0285326
0.0600028
0.0959109
0.122405
0.1408
0.166292
0.137401
0.100166
0.0626726
0.0316748
0.00705483
0.0626727
0.0316748
0.00705483
0.166292
0.137401
0.100166
1.00339e-27
6.72275e-29
4.0738e-30
-0.00443678
-0.00999939
-0.00754387
4.16986e-34
9.35276e-33
1.8973e-31
4.16985e-34
9.35274e-33
1.89729e-31
-0.00443678
-0.0099994
-0.00754388
1.00338e-27
6.72271e-29
4.07378e-30
0.00723698
0.0285327
0.0600029
0.176167
0.178536
0.162706
0.143626
0.15089
0.150462
0.128121
0.142255
0.143505
0.0959111
0.122405
0.140801
1.55856e-26
1.89234e-25
2.07802e-24
0.0268431
0.079078
0.126522
1.68532e-21
2.08594e-22
2.33506e-23
0.0320107
0.0861855
0.124654
-0.0637424
-0.0679983
-0.0721407
-0.112093
-0.102331
-0.0853193
0.0138565
0.00879315
0.00278983
-0.0129467
-0.0375156
-0.0620721
-0.0194207
-0.0121147
-0.00455445
-0.0355292
-0.0569917
-0.0740433
-0.0810364
-0.0792211
-0.0761434
-0.101733
-0.0960428
-0.0872611
0.0470912
0.0467119
0.0468953
0.0104963
0.0286374
0.0420425
0.0617849
0.0571954
0.0514502
0.108483
0.0895078
0.0682752
0.053577
0.0500355
0.0479262
-0.00926308
0.0171609
0.0430817
0.0587406
0.0637714
0.0661983
-0.00992828
0.0183211
0.0489912
-0.0254008
-0.0277959
-0.0258065
0.128303
0.107145
0.080638
1.37e-20
9.00439e-20
5.35258e-19
0.0188887
0.0463728
0.0615847
6.65722e-17
1.52214e-17
3.14772e-18
-0.002207
-0.00999615
-0.0189827
-0.0806881
-0.0770768
-0.0690752
-0.0696515
-0.066782
-0.064571
-0.0342037
-0.0503551
-0.0598759
2.83215e-16
1.00764e-15
3.24242e-15
-0.0126996
-0.0357012
-0.0548212
6.18433e-14
2.61216e-14
9.97893e-15
-0.234304
-0.225306
-0.209377
-0.225306
-0.213926
-0.195709
-0.209377
-0.195709
-0.175121
-0.186945
-0.16339
-0.141154
-0.171383
-0.146907
-0.124686
-0.148668
-0.122925
-0.100271
-0.120225
-0.0932297
-0.0700331
-0.0932298
-0.0654514
-0.0419252
-0.0700333
-0.0419253
-0.0183072
-0.186945
-0.171383
-0.148668
-0.16339
-0.146907
-0.122925
-0.141154
-0.124687
-0.100271
-0.12238
-0.110638
-0.104673
-0.106706
-0.0960213
-0.091038
-0.0825189
-0.0723503
-0.0679085
-0.103196
-0.10457
-0.107067
-0.0903231
-0.092165
-0.0950233
-0.0676673
-0.0699243
-0.0732958
-0.0382453
-0.0408035
-0.0446575
-0.0103619
-0.0129362
-0.0169162
0.0134568
0.0111866
0.00754931
-0.0522802
-0.0423695
-0.038213
-0.024172
-0.014375
-0.0103054
-0.000599237
0.00916424
0.0132994
0.0170721
0.0268933
0.031239
0.0268932
0.0368805
0.04151
0.0312389
0.0415099
0.0464681
0.0318153
0.0301347
0.0272717
0.0425385
0.0414854
0.0395042
0.0479155
0.0473855
0.0461722
0.0497219
0.0495464
0.0488556
0.0495464
0.0495778
0.0491237
0.0488555
0.0491237
0.0488341
0.0318151
0.0425383
0.0479154
0.0301344
0.0414853
0.0473854
0.0272714
0.039504
0.046172
-0.12238
-0.106706
-0.0825193
-0.110639
-0.0960218
-0.0723507
-0.104674
-0.0910385
-0.067909
-0.0522805
-0.0241721
-0.000599321
-0.0423698
-0.0143752
0.00916408
-0.0382134
-0.0103057
0.0132992
-0.0382458
-0.0103623
0.0134565
-0.0408041
-0.0129366
0.0111862
-0.0446581
-0.0169167
0.00754892
-0.103197
-0.0903236
-0.0676679
-0.10457
-0.0921656
-0.069925
-0.107067
-0.095024
-0.0732965
-0.234305
-0.225306
-0.209377
-0.225306
-0.213926
-0.195709
-0.209377
-0.195709
-0.175121
-0.186945
-0.16339
-0.141154
-0.171383
-0.146907
-0.124687
-0.148668
-0.122925
-0.100271
-0.120225
-0.0932295
-0.0700328
-0.0932296
-0.0654511
-0.0419248
-0.070033
-0.041925
-0.0183068
-0.186945
-0.171383
-0.148668
-0.16339
-0.146907
-0.122925
-0.141154
-0.124687
-0.100271
-0.12238
-0.110638
-0.104673
-0.106706
-0.0960212
-0.0910378
-0.0825187
-0.0723499
-0.067908
-0.103197
-0.10457
-0.107067
-0.0903228
-0.0921648
-0.0950231
-0.0676668
-0.0699238
-0.0732953
-0.0382446
-0.0408027
-0.0446567
-0.0103611
-0.0129353
-0.0169152
0.0134575
0.0111874
0.00755025
-0.0522798
-0.0423689
-0.0382123
-0.0241714
-0.0143743
-0.0103047
-0.000598725
0.00916484
0.0133001
0.0170725
0.0268938
0.0312396
0.0268935
0.0368809
0.0415104
0.0312391
0.0415102
0.0464684
0.0318159
0.0301354
0.0272725
0.0425389
0.041486
0.0395049
0.0479158
0.0473859
0.0461726
0.0497221
0.0495467
0.0488559
0.0495465
0.049578
0.0491239
0.0488556
0.0491238
0.0488343
0.0318152
0.0425385
0.0479156
0.0301346
0.0414854
0.0473855
0.0272716
0.0395041
0.0461721
-0.12238
-0.106706
-0.0825191
-0.110638
-0.0960216
-0.0723505
-0.104673
-0.0910383
-0.0679088
-0.0522802
-0.0241718
-0.000598961
-0.0423696
-0.014375
0.00916437
-0.0382132
-0.0103055
0.0132994
-0.0382456
-0.0103621
0.0134567
-0.0408039
-0.0129364
0.0111864
-0.0446579
-0.0169165
0.00754909
-0.103197
-0.0903235
-0.0676677
-0.10457
-0.0921655
-0.0699248
-0.107067
-0.0950239
-0.0732964
-0.234305
-0.225306
-0.209377
-0.225306
-0.213926
-0.195708
-0.209377
-0.195708
-0.17512
-0.186945
-0.16339
-0.141154
-0.171383
-0.146906
-0.124686
-0.148667
-0.122925
-0.10027
-0.120224
-0.0932287
-0.070032
-0.0932286
-0.0654502
-0.0419239
-0.070032
-0.0419239
-0.0183058
-0.186945
-0.171383
-0.148667
-0.16339
-0.146906
-0.122925
-0.141153
-0.124686
-0.10027
-0.12238
-0.110638
-0.104673
-0.106705
-0.096021
-0.0910377
-0.0825182
-0.0723496
-0.0679079
-0.103197
-0.10457
-0.107067
-0.090323
-0.092165
-0.0950234
-0.0676668
-0.069924
-0.0732955
-0.0382445
-0.0408027
-0.0446567
-0.0103608
-0.0129351
-0.016915
0.013458
0.0111878
0.00755061
-0.0522791
-0.0423685
-0.0382121
-0.0241707
-0.0143737
-0.0103042
-0.000597838
0.00916557
0.0133007
0.0170735
0.0268946
0.0312403
0.0268946
0.0368817
0.0415111
0.0312402
0.0415111
0.0464692
0.0318165
0.0301359
0.027273
0.0425395
0.0414865
0.0395053
0.0479164
0.0473863
0.046173
0.0497226
0.049547
0.0488561
0.049547
0.0495782
0.049124
0.048856
0.049124
0.0488343
0.0318164
0.0425395
0.0479163
0.0301358
0.0414864
0.0473862
0.0272728
0.0395051
0.0461728
-0.12238
-0.106705
-0.0825181
-0.110638
-0.0960209
-0.0723496
-0.104673
-0.0910376
-0.0679078
-0.0522791
-0.0241707
-0.000597848
-0.0423684
-0.0143738
0.00916554
-0.0382121
-0.0103043
0.0133006
-0.0382445
-0.0103609
0.0134579
-0.0408028
-0.0129352
0.0111877
-0.0446568
-0.0169152
0.00755041
-0.103196
-0.0903228
-0.0676668
-0.10457
-0.0921649
-0.0699239
-0.107067
-0.0950233
-0.0732955
-0.234305
-0.225306
-0.209377
-0.225306
-0.213926
-0.195709
-0.209377
-0.195709
-0.175121
-0.186945
-0.16339
-0.141154
-0.171383
-0.146907
-0.124686
-0.148668
-0.122925
-0.100271
-0.120225
-0.0932296
-0.070033
-0.0932296
-0.0654512
-0.041925
-0.0700329
-0.0419249
-0.0183069
-0.186945
-0.171383
-0.148668
-0.16339
-0.146907
-0.122925
-0.141154
-0.124687
-0.100271
-0.12238
-0.110638
-0.104673
-0.106706
-0.0960215
-0.0910382
-0.082519
-0.0723505
-0.0679087
-0.103197
-0.10457
-0.107067
-0.0903234
-0.0921654
-0.0950238
-0.0676676
-0.0699248
-0.0732963
-0.0382456
-0.0408039
-0.044658
-0.0103622
-0.0129365
-0.0169166
0.0134566
0.0111863
0.00754896
-0.0522802
-0.0423696
-0.0382132
-0.0241719
-0.014375
-0.0103056
-0.000599034
0.0091643
0.0132994
0.0170724
0.0268935
0.0312391
0.0268937
0.0368808
0.0415101
0.0312395
0.0415104
0.0464684
0.0318152
0.0301345
0.0272714
0.0425385
0.0414853
0.039504
0.0479156
0.0473855
0.0461721
0.0497221
0.0495465
0.0488556
0.0495467
0.049578
0.0491238
0.0488559
0.0491239
0.0488343
0.0318159
0.0425389
0.0479158
0.0301354
0.041486
0.0473859
0.0272725
0.0395049
0.0461726
-0.12238
-0.106706
-0.0825188
-0.110638
-0.0960213
-0.07235
-0.104673
-0.0910378
-0.0679081
-0.0522798
-0.0241715
-0.000598801
-0.042369
-0.0143744
0.00916478
-0.0382124
-0.0103047
0.0133001
-0.0382446
-0.0103612
0.0134575
-0.0408028
-0.0129353
0.0111874
-0.0446567
-0.0169153
0.00755021
-0.103197
-0.0903229
-0.0676668
-0.10457
-0.0921648
-0.0699238
-0.107067
-0.0950231
-0.0732953
-0.234304
-0.225306
-0.209377
-0.225306
-0.213926
-0.195709
-0.209377
-0.195709
-0.175121
-0.186945
-0.16339
-0.141154
-0.171383
-0.146907
-0.124687
-0.148668
-0.122926
-0.100271
-0.120225
-0.0932298
-0.0700333
-0.0932297
-0.0654514
-0.0419253
-0.0700331
-0.0419252
-0.0183072
-0.186945
-0.171383
-0.148668
-0.16339
-0.146907
-0.122925
-0.141154
-0.124686
-0.100271
-0.122381
-0.110639
-0.104674
-0.106706
-0.0960218
-0.0910385
-0.0825193
-0.0723508
-0.067909
-0.103197
-0.10457
-0.107067
-0.0903236
-0.0921656
-0.095024
-0.0676679
-0.069925
-0.0732966
-0.0382458
-0.0408041
-0.0446581
-0.0103623
-0.0129366
-0.0169167
0.0134565
0.0111862
0.00754891
-0.0522805
-0.0423698
-0.0382134
-0.0241721
-0.0143752
-0.0103057
-0.000599327
0.00916408
0.0132992
0.0170721
0.0268932
0.0312389
0.0268933
0.0368805
0.0415099
0.031239
0.04151
0.0464681
0.0318151
0.0301344
0.0272714
0.0425383
0.0414853
0.039504
0.0479154
0.0473854
0.046172
0.0497219
0.0495464
0.0488555
0.0495464
0.0495778
0.0491237
0.0488556
0.0491237
0.0488341
0.0318153
0.0425385
0.0479155
0.0301347
0.0414854
0.0473855
0.0272717
0.0395042
0.0461722
-0.12238
-0.106706
-0.0825189
-0.110638
-0.0960213
-0.0723503
-0.104673
-0.091038
-0.0679085
-0.0522802
-0.024172
-0.00059924
-0.0423695
-0.014375
0.00916423
-0.038213
-0.0103054
0.0132994
-0.0382453
-0.0103619
0.0134568
-0.0408035
-0.0129362
0.0111866
-0.0446575
-0.0169162
0.00754931
-0.103196
-0.0903231
-0.0676673
-0.10457
-0.092165
-0.0699243
-0.107067
-0.0950233
-0.0732958
-0.109723
-0.111545
-0.112261
-0.0980966
-0.100475
-0.10198
-0.0771911
-0.080748
-0.0839003
-0.111502
-0.109093
-0.104819
-0.102329
-0.101208
-0.0983664
-0.0865202
-0.087999
-0.0880345
-0.0647138
-0.0693416
-0.0729082
-0.0411617
-0.0480937
-0.054357
-0.0169023
-0.0247123
-0.0321723
-0.0494348
-0.0543199
-0.059389
-0.0220726
-0.0276937
-0.0339745
0.00269744
-0.00279179
-0.00920187
-0.0980182
-0.0890785
-0.0772463
-0.09307
-0.0853303
-0.0742527
-0.0857901
-0.0805881
-0.0713636
-0.0608614
-0.0409155
-0.0153456
-0.0581089
-0.0379233
-0.0136454
-0.0562796
-0.0367145
-0.013106
-0.0523913
-0.0340176
-0.0119517
-0.0439519
-0.0279619
-0.0093988
-0.0292935
-0.0173967
-0.00512687
-0.0744373
-0.0724428
-0.0657066
-0.0588796
-0.0595431
-0.0550982
-0.0381816
-0.0403865
-0.0377427
-0.0116187
-0.0137296
-0.0121452
0.016179
0.0159164
0.0173854
0.0443672
0.0473429
0.0493568
-0.00707327
-0.0014949
0.00109548
0.018839
0.0168232
0.0080625
0.0469032
0.03634
0.0152723
0.0756362
0.0558261
0.0222296
0.0992953
0.0712473
0.027486
0.117569
0.0823415
0.0309702
0.0725074
0.0796715
0.08248
0.0965529
0.107479
0.110589
0.117852
0.131376
0.133692
0.0234127
0.0189768
0.0136706
0.0369043
0.0340229
0.0306401
0.044787
0.0435848
0.0425226
0.00710558
0.00029654
-0.00628474
0.0265103
0.0223594
0.0186406
0.0416618
0.0414025
0.0421548
0.0531425
0.0577272
0.0642226
0.0608742
0.0702186
0.0824018
0.0673685
0.081268
0.0987008
0.0484327
0.0487917
0.050189
0.0492763
0.0508072
0.0543286
0.0493875
0.0518985
0.0573789
0.0505363
0.0541969
0.0617904
0.0541969
0.0594146
0.069306
0.0617904
0.069306
0.0818653
0.0752756
0.0934604
0.115319
0.0859969
0.107462
0.131839
0.101438
0.124903
0.149455
0.12301
0.146319
0.167679
0.146319
0.166371
0.180953
0.167679
0.180953
0.185402
0.0752756
0.0859969
0.101438
0.0934604
0.107462
0.124903
0.115319
0.131839
0.149455
0.137838
0.151911
0.151561
0.1549
0.166714
0.161733
0.169767
0.176215
0.164564
0.129845
0.0885703
0.03248
0.134281
0.088979
0.031792
0.131266
0.0839287
0.029065
0.119555
0.0727779
0.0241259
0.100437
0.0573158
0.0178789
0.0749536
0.0387187
0.0108739
0.181017
0.178545
0.158279
0.183994
0.170919
0.142336
0.175837
0.151924
0.116773
0.153174
0.120318
0.082248
0.120318
0.0837999
0.0478966
0.0822479
0.0478966
0.0185825
0.0448732
0.0187045
0.00386678
0.0184191
0.00279647
-0.0012115
-0.0011253
-0.00738113
-0.00397454
-0.0110961
-0.0107815
-0.00428738
-0.0107815
-0.00820734
-0.00280943
-0.00428738
-0.00280943
-0.000790972
0.0448731
0.0184191
-0.0011253
0.0187044
0.00279648
-0.00738112
0.00386679
-0.0012115
-0.00397454
0.137838
0.1549
0.169766
0.151911
0.166713
0.176215
0.151561
0.161733
0.164564
0.181016
0.183993
0.175837
0.178545
0.170919
0.151924
0.158279
0.142336
0.116772
0.119555
0.100437
0.0749535
0.0727777
0.0573156
0.0387186
0.0241258
0.0178788
0.0108738
0.129844
0.134281
0.131265
0.08857
0.0889787
0.0839284
0.0324798
0.0317919
0.0290649
-0.109724
-0.0980974
-0.0771918
-0.111545
-0.100476
-0.0807487
-0.112261
-0.101981
-0.0839009
-0.0494354
-0.0220731
0.00269704
-0.0543205
-0.0276942
-0.00279215
-0.0593895
-0.0339749
-0.00920218
-0.0647142
-0.041162
-0.0169025
-0.0693419
-0.0480939
-0.0247124
-0.0729084
-0.0543571
-0.0321724
-0.111502
-0.10233
-0.0865208
-0.109093
-0.101209
-0.0879995
-0.10482
-0.0983669
-0.088035
0.0234124
0.036904
0.0447868
0.0189765
0.0340227
0.0435847
0.0136703
0.0306398
0.0425224
0.0484326
0.0492763
0.0493875
0.0487916
0.0508072
0.0518985
0.0501889
0.0543285
0.0573789
0.0531423
0.0608741
0.0673685
0.0577271
0.0702185
0.081268
0.0642225
0.0824017
0.0987008
0.00710536
0.0265101
0.0416616
0.000296379
0.0223593
0.0414023
-0.00628484
0.0186405
0.0421547
-0.0116187
0.0161789
0.0443671
-0.0137295
0.0159164
0.0473428
-0.0121452
0.0173854
0.0493567
0.0725073
0.0965528
0.117852
0.0796714
0.107479
0.131376
0.0824799
0.110589
0.133692
0.0756361
0.0992951
0.117569
0.055826
0.0712471
0.0823413
0.0222295
0.0274859
0.0309701
-0.00707321
0.018839
0.0469032
-0.00149487
0.0168232
0.0363399
0.00109548
0.00806249
0.0152723
-0.0980189
-0.0930705
-0.0857904
-0.0890791
-0.0853307
-0.0805884
-0.0772468
-0.0742531
-0.0713638
-0.0744374
-0.0588797
-0.0381816
-0.0724429
-0.0595431
-0.0403865
-0.0657066
-0.0550982
-0.0377427
-0.0523913
-0.0439518
-0.0292934
-0.0340176
-0.0279619
-0.0173966
-0.0119516
-0.00939878
-0.00512686
-0.0608618
-0.0581091
-0.0562796
-0.0409158
-0.0379234
-0.0367145
-0.0153456
-0.0136454
-0.013106
-0.109724
-0.111545
-0.112261
-0.0980965
-0.100475
-0.101981
-0.0771906
-0.0807476
-0.0839
-0.111502
-0.109093
-0.10482
-0.102329
-0.101209
-0.0983668
-0.08652
-0.0879989
-0.0880346
-0.0647132
-0.069341
-0.0729077
-0.0411606
-0.0480927
-0.0543559
-0.016901
-0.0247108
-0.0321707
-0.049434
-0.0543191
-0.0593883
-0.0220716
-0.0276927
-0.0339734
0.00269848
-0.00279067
-0.00920066
-0.0980189
-0.0890792
-0.0772469
-0.0930706
-0.0853309
-0.0742533
-0.0857903
-0.0805884
-0.0713639
-0.0608619
-0.0409159
-0.0153457
-0.0581093
-0.0379236
-0.0136455
-0.0562797
-0.0367146
-0.013106
-0.052391
-0.0340173
-0.0119515
-0.0439509
-0.0279612
-0.00939849
-0.0292919
-0.0173955
-0.0051264
-0.0744369
-0.0724425
-0.0657063
-0.0588786
-0.0595421
-0.0550972
-0.0381799
-0.0403847
-0.0377409
-0.0116165
-0.0137271
-0.0121428
0.0161815
0.0159192
0.0173884
0.0443699
0.047346
0.0493599
-0.00707104
-0.0014933
0.00109609
0.0188416
0.0168251
0.00806317
0.0469059
0.0363418
0.015273
0.0756387
0.0558276
0.0222301
0.0992971
0.0712483
0.0274862
0.11757
0.0823418
0.0309701
0.07251
0.0796745
0.082483
0.0965554
0.107482
0.110591
0.117855
0.131378
0.133694
0.0234136
0.0189779
0.0136718
0.036905
0.0340238
0.0306411
0.0447875
0.0435855
0.0425235
0.00710699
0.000298185
-0.00628283
0.0265117
0.0223611
0.0186427
0.041663
0.0414041
0.0421569
0.0531435
0.0577287
0.0642247
0.0608752
0.0702201
0.0824039
0.0673696
0.0812696
0.0987029
0.0484331
0.0487922
0.0501897
0.0492766
0.0508076
0.0543292
0.0493878
0.0518989
0.0573796
0.0505366
0.0541975
0.0617913
0.0541975
0.0594155
0.0693072
0.0617913
0.0693073
0.081867
0.075277
0.0934623
0.115321
0.0859986
0.107464
0.131841
0.10144
0.124905
0.149457
0.123012
0.146321
0.16768
0.146321
0.166372
0.180953
0.16768
0.180953
0.185401
0.0752769
0.0859986
0.10144
0.093462
0.107464
0.124905
0.115321
0.131841
0.149457
0.13784
0.151912
0.151562
0.154901
0.166714
0.161733
0.169767
0.176214
0.164562
0.129845
0.0885697
0.0324796
0.13428
0.0889777
0.0317914
0.131263
0.0839266
0.0290641
0.119552
0.0727751
0.0241248
0.100433
0.0573125
0.0178777
0.0749487
0.0387154
0.0108727
0.181016
0.178543
0.158276
0.183992
0.170916
0.142331
0.175833
0.151919
0.116767
0.153169
0.120313
0.0822422
0.120313
0.0837942
0.0478914
0.0822431
0.0478918
0.0185784
0.0448685
0.0187015
0.00386581
0.0184152
0.00279419
-0.00121222
-0.0011281
-0.00738266
-0.00397499
-0.0110977
-0.0107824
-0.00428762
-0.0107823
-0.00820772
-0.00280954
-0.0042876
-0.00280954
-0.000791
0.0448695
0.0184157
-0.00112789
0.0187023
0.00279464
-0.00738246
0.0038661
-0.00121205
-0.00397492
0.13784
0.154901
0.169767
0.151912
0.166714
0.176215
0.151561
0.161733
0.164563
0.181016
0.183992
0.175834
0.178544
0.170917
0.15192
0.158277
0.142333
0.116768
0.119553
0.100434
0.07495
0.0727763
0.0573137
0.0387165
0.0241253
0.0178782
0.0108731
0.129844
0.134281
0.131264
0.0885699
0.0889783
0.0839275
0.0324798
0.0317917
0.0290645
-0.109724
-0.0980974
-0.0771917
-0.111545
-0.100476
-0.0807487
-0.112262
-0.101981
-0.0839011
-0.0494353
-0.022073
0.00269716
-0.0543205
-0.0276942
-0.00279216
-0.0593897
-0.033975
-0.00920231
-0.0647145
-0.0411622
-0.0169028
-0.0693423
-0.0480942
-0.0247127
-0.0729088
-0.0543575
-0.0321726
-0.111503
-0.10233
-0.0865211
-0.109094
-0.10121
-0.0879999
-0.10482
-0.0983675
-0.0880355
0.0234124
0.0369041
0.0447869
0.0189765
0.0340227
0.0435847
0.0136702
0.0306398
0.0425225
0.0484327
0.0492764
0.0493877
0.0487917
0.0508074
0.0518988
0.050189
0.0543288
0.0573795
0.0531426
0.0608747
0.0673694
0.0577275
0.0702193
0.0812692
0.0642231
0.0824027
0.0987021
0.00710519
0.02651
0.0416617
0.000296188
0.0223592
0.0414024
-0.00628502
0.0186405
0.0421549
-0.0116189
0.016179
0.0443674
-0.0137296
0.0159164
0.0473431
-0.0121453
0.0173854
0.0493568
0.0725079
0.0965537
0.117853
0.0796719
0.107479
0.131377
0.0824802
0.110589
0.133692
0.0756361
0.0992952
0.117569
0.0558258
0.071247
0.0823412
0.0222294
0.0274858
0.03097
-0.00707334
0.0188389
0.0469031
-0.00149503
0.0168231
0.0363397
0.00109538
0.00806237
0.0152722
-0.0980196
-0.0930712
-0.0857909
-0.0890798
-0.0853313
-0.0805889
-0.0772474
-0.0742536
-0.0713642
-0.0744378
-0.05888
-0.0381818
-0.0724432
-0.0595433
-0.0403866
-0.0657069
-0.0550983
-0.0377428
-0.0523915
-0.0439519
-0.0292935
-0.0340177
-0.027962
-0.0173967
-0.0119517
-0.00939882
-0.00512692
-0.0608623
-0.0581095
-0.0562799
-0.0409161
-0.0379237
-0.0367147
-0.0153458
-0.0136455
-0.0131061
-0.109724
-0.111545
-0.112262
-0.0980969
-0.100476
-0.101981
-0.0771909
-0.0807478
-0.0839002
-0.111503
-0.109094
-0.10482
-0.10233
-0.101209
-0.0983673
-0.0865203
-0.0879992
-0.0880349
-0.0647131
-0.069341
-0.0729076
-0.0411603
-0.0480922
-0.0543554
-0.0169004
-0.0247101
-0.0321697
-0.0494341
-0.0543192
-0.0593883
-0.0220715
-0.0276925
-0.0339732
0.00269883
-0.00279029
-0.00920021
-0.0980196
-0.0890799
-0.0772475
-0.0930711
-0.0853314
-0.0742538
-0.0857905
-0.0805886
-0.071364
-0.0608625
-0.0409162
-0.0153458
-0.0581097
-0.0379238
-0.0136455
-0.0562798
-0.0367146
-0.013106
-0.0523905
-0.0340169
-0.0119513
-0.0439498
-0.0279603
-0.00939814
-0.0292902
-0.0173942
-0.00512591
-0.0744367
-0.0724421
-0.0657059
-0.0588778
-0.0595411
-0.0550961
-0.0381785
-0.0403831
-0.0377391
-0.0116146
-0.0137248
-0.0121403
0.0161839
0.015922
0.0173912
0.0443724
0.0473489
0.0493628
-0.0070688
-0.00149175
0.00109665
0.0188441
0.0168267
0.00806372
0.0469083
0.0363432
0.0152734
0.0756405
0.0558286
0.0222303
0.0992982
0.0712487
0.0274863
0.11757
0.0823416
0.03097
0.0725126
0.0796773
0.0824855
0.0965578
0.107484
0.110593
0.117857
0.13138
0.133695
0.023414
0.0189784
0.0136724
0.0369054
0.0340243
0.0306417
0.0447879
0.0435859
0.0425241
0.00710776
0.000299245
-0.00628138
0.0265125
0.0223624
0.0186445
0.0416639
0.0414054
0.0421589
0.0531444
0.0577302
0.0642268
0.0608761
0.0702216
0.0824059
0.0673707
0.0812712
0.0987049
0.0484333
0.0487925
0.0501902
0.0492766
0.0508078
0.0543296
0.0493878
0.0518991
0.0573801
0.0505367
0.0541978
0.0617921
0.0541978
0.0594162
0.0693085
0.0617921
0.0693085
0.0818688
0.0752784
0.0934641
0.115323
0.0860005
0.107466
0.131843
0.101443
0.124907
0.149459
0.123014
0.146324
0.167682
0.146324
0.166374
0.180953
0.167682
0.180953
0.185399
0.0752784
0.0860005
0.101443
0.0934642
0.107467
0.124907
0.115323
0.131843
0.149459
0.137842
0.151913
0.151562
0.154903
0.166714
0.161732
0.169768
0.176214
0.16456
0.129844
0.0885689
0.0324792
0.134278
0.088976
0.0317907
0.13126
0.0839243
0.0290632
0.119548
0.0727722
0.0241237
0.100428
0.0573093
0.0178764
0.0749436
0.0387119
0.0108714
0.181016
0.178541
0.158272
0.18399
0.170912
0.142327
0.17583
0.151914
0.116761
0.153164
0.120306
0.0822357
0.120306
0.083787
0.0478848
0.0822358
0.0478848
0.0185726
0.0448632
0.0186981
0.00386463
0.0184102
0.00279115
-0.00121322
-0.00113225
-0.00738503
-0.00397574
-0.0111006
-0.0107839
-0.00428806
-0.0107839
-0.00820849
-0.00280974
-0.00428806
-0.00280974
-0.000791041
0.0448632
0.0184102
-0.00113225
0.0186981
0.00279114
-0.00738503
0.00386462
-0.00121323
-0.00397574
0.137842
0.154903
0.169768
0.151913
0.166715
0.176214
0.151562
0.161732
0.16456
0.181016
0.18399
0.17583
0.178541
0.170912
0.151914
0.158273
0.142327
0.116762
0.119548
0.100428
0.0749437
0.0727723
0.0573093
0.038712
0.0241237
0.0178765
0.0108714
0.129844
0.134279
0.131261
0.088569
0.0889762
0.0839244
0.0324793
0.0317908
0.0290632
-0.109724
-0.0980968
-0.0771908
-0.111545
-0.100475
-0.0807478
-0.112261
-0.101981
-0.0839002
-0.0494341
-0.0220716
0.00269859
-0.0543193
-0.0276927
-0.00279055
-0.0593884
-0.0339734
-0.00920049
-0.0647132
-0.0411605
-0.0169007
-0.069341
-0.0480924
-0.0247103
-0.0729076
-0.0543556
-0.03217
-0.111503
-0.10233
-0.0865202
-0.109094
-0.101209
-0.0879991
-0.10482
-0.0983671
-0.0880348
0.0234138
0.0369052
0.0447877
0.0189781
0.034024
0.0435857
0.013672
0.0306414
0.0425238
0.0484331
0.0492766
0.0493877
0.0487923
0.0508077
0.0518991
0.05019
0.0543295
0.0573801
0.0531442
0.060876
0.0673707
0.05773
0.0702215
0.0812712
0.0642266
0.0824058
0.0987049
0.00710743
0.0265122
0.0416636
0.0002989
0.022362
0.0414051
-0.00628172
0.0186441
0.0421586
-0.0116149
0.0161835
0.0443722
-0.0137251
0.0159217
0.0473486
-0.0121406
0.0173909
0.0493626
0.0725124
0.0965577
0.117857
0.0796771
0.107484
0.13138
0.0824854
0.110593
0.133695
0.0756404
0.0992982
0.117571
0.0558285
0.0712487
0.0823417
0.0222303
0.0274863
0.0309701
-0.00706904
0.0188438
0.0469081
-0.00149192
0.0168265
0.0363431
0.00109658
0.00806365
0.0152734
-0.0980193
-0.0930709
-0.0857904
-0.0890797
-0.0853312
-0.0805885
-0.0772473
-0.0742536
-0.0713639
-0.0744367
-0.058878
-0.0381788
-0.0724421
-0.0595412
-0.0403833
-0.0657059
-0.0550962
-0.0377393
-0.0523905
-0.0439499
-0.0292904
-0.0340169
-0.0279604
-0.0173944
-0.0119513
-0.00939817
-0.00512597
-0.0608623
-0.0581095
-0.0562797
-0.0409161
-0.0379237
-0.0367145
-0.0153458
-0.0136455
-0.013106
-0.109724
-0.111545
-0.112262
-0.0980972
-0.100476
-0.101981
-0.0771917
-0.0807486
-0.083901
-0.111503
-0.109094
-0.10482
-0.10233
-0.101209
-0.0983674
-0.086521
-0.0879998
-0.0880353
-0.0647145
-0.0693423
-0.0729088
-0.0411623
-0.0480943
-0.0543575
-0.0169029
-0.0247128
-0.0321727
-0.0494353
-0.0543205
-0.0593897
-0.0220731
-0.0276943
-0.0339751
0.00269702
-0.00279229
-0.00920242
-0.0980193
-0.0890796
-0.0772472
-0.093071
-0.0853312
-0.0742535
-0.0857908
-0.0805888
-0.0713641
-0.0608622
-0.040916
-0.0153457
-0.0581094
-0.0379236
-0.0136455
-0.0562799
-0.0367147
-0.0131061
-0.0523914
-0.0340176
-0.0119517
-0.0439519
-0.027962
-0.00939882
-0.0292936
-0.0173968
-0.00512692
-0.0744378
-0.0724432
-0.0657069
-0.05888
-0.0595433
-0.0550983
-0.0381819
-0.0403867
-0.0377428
-0.011619
-0.0137297
-0.0121454
0.0161788
0.0159162
0.0173853
0.0443672
0.0473429
0.0493567
-0.00707339
-0.00149505
0.00109538
0.0188388
0.016823
0.00806237
0.046903
0.0363397
0.0152722
0.075636
0.0558258
0.0222294
0.0992951
0.071247
0.0274858
0.117569
0.0823412
0.0309701
0.0725077
0.0796717
0.08248
0.0965535
0.107479
0.110589
0.117853
0.131377
0.133692
0.0234123
0.0189764
0.0136701
0.036904
0.0340226
0.0306396
0.0447868
0.0435846
0.0425224
0.00710507
0.000296063
-0.00628514
0.0265099
0.0223591
0.0186403
0.0416616
0.0414023
0.0421547
0.0531425
0.0577274
0.0642229
0.0608746
0.0702192
0.0824025
0.0673692
0.0812689
0.0987018
0.0484327
0.0487916
0.050189
0.0492764
0.0508073
0.0543288
0.0493877
0.0518988
0.0573794
0.0505366
0.0541974
0.0617912
0.0541974
0.0594153
0.069307
0.0617911
0.069307
0.0818667
0.0752767
0.0934618
0.11532
0.0859984
0.107464
0.13184
0.10144
0.124905
0.149457
0.123011
0.146321
0.16768
0.146321
0.166372
0.180953
0.16768
0.180953
0.185401
0.0752767
0.0859983
0.10144
0.0934619
0.107464
0.124905
0.115321
0.13184
0.149456
0.13784
0.151911
0.151561
0.154901
0.166714
0.161733
0.169767
0.176215
0.164563
0.129844
0.0885699
0.0324798
0.134281
0.0889783
0.0317917
0.131264
0.0839276
0.0290646
0.119553
0.0727763
0.0241253
0.100434
0.0573138
0.0178782
0.0749501
0.0387165
0.0108731
0.181016
0.178544
0.158277
0.183992
0.170917
0.142333
0.175834
0.15192
0.116769
0.153169
0.120313
0.0822432
0.120313
0.0837944
0.0478919
0.0822424
0.0478915
0.0185785
0.0448695
0.0187023
0.0038661
0.0184158
0.00279465
-0.00121205
-0.00112787
-0.00738245
-0.00397492
-0.0110977
-0.0107823
-0.0042876
-0.0107824
-0.00820773
-0.00280954
-0.00428762
-0.00280954
-0.000791
0.0448686
0.0184152
-0.00112808
0.0187016
0.0027942
-0.00738266
0.00386582
-0.00121222
-0.003975
0.13784
0.154901
0.169767
0.151912
0.166714
0.176214
0.151562
0.161733
0.164562
0.181016
0.183992
0.175834
0.178543
0.170916
0.151919
0.158276
0.142332
0.116767
0.119552
0.100433
0.0749488
0.0727752
0.0573126
0.0387155
0.0241248
0.0178777
0.0108727
0.129845
0.13428
0.131263
0.0885699
0.0889778
0.0839267
0.0324797
0.0317915
0.0290642
-0.109724
-0.0980965
-0.0771906
-0.111545
-0.100475
-0.0807476
-0.112261
-0.101981
-0.0839
-0.049434
-0.0220717
0.00269844
-0.0543192
-0.0276928
-0.00279071
-0.0593883
-0.0339735
-0.00920069
-0.0647132
-0.0411606
-0.016901
-0.0693411
-0.0480927
-0.0247109
-0.0729077
-0.054356
-0.0321707
-0.111502
-0.102329
-0.0865201
-0.109093
-0.101209
-0.087999
-0.10482
-0.0983668
-0.0880346
0.0234136
0.036905
0.0447875
0.0189779
0.0340238
0.0435855
0.0136718
0.0306411
0.0425235
0.0484331
0.0492766
0.0493877
0.0487922
0.0508076
0.0518989
0.0501897
0.0543291
0.0573795
0.0531434
0.0608751
0.0673694
0.0577286
0.07022
0.0812694
0.0642246
0.0824037
0.0987027
0.00710697
0.0265117
0.041663
0.000298159
0.0223611
0.041404
-0.00628287
0.0186426
0.0421568
-0.0116165
0.0161815
0.0443698
-0.0137272
0.0159192
0.0473459
-0.0121428
0.0173883
0.0493598
0.0725099
0.0965552
0.117854
0.0796744
0.107481
0.131378
0.0824829
0.110591
0.133694
0.0756387
0.0992971
0.11757
0.0558276
0.0712483
0.0823419
0.0222301
0.0274863
0.0309702
-0.00707108
0.0188416
0.0469059
-0.00149333
0.0168251
0.0363418
0.00109609
0.00806317
0.015273
-0.0980189
-0.0930706
-0.0857903
-0.0890792
-0.0853309
-0.0805884
-0.0772469
-0.0742533
-0.0713639
-0.0744369
-0.0588786
-0.0381799
-0.0724425
-0.0595421
-0.0403848
-0.0657063
-0.0550972
-0.037741
-0.0523911
-0.043951
-0.029292
-0.0340174
-0.0279612
-0.0173955
-0.0119515
-0.0093985
-0.00512641
-0.0608619
-0.0581093
-0.0562798
-0.0409159
-0.0379236
-0.0367146
-0.0153457
-0.0136455
-0.013106
-0.109724
-0.111545
-0.112261
-0.0980974
-0.100476
-0.101981
-0.0771918
-0.0807487
-0.0839009
-0.111502
-0.109093
-0.10482
-0.10233
-0.101209
-0.098367
-0.0865208
-0.0879995
-0.088035
-0.0647142
-0.0693419
-0.0729084
-0.041162
-0.0480939
-0.0543571
-0.0169025
-0.0247124
-0.0321724
-0.0494355
-0.0543205
-0.0593895
-0.0220731
-0.0276942
-0.0339749
0.00269704
-0.00279215
-0.00920219
-0.0980189
-0.0890791
-0.0772468
-0.0930705
-0.0853307
-0.0742531
-0.0857904
-0.0805884
-0.0713638
-0.0608618
-0.0409158
-0.0153456
-0.0581091
-0.0379234
-0.0136454
-0.0562796
-0.0367145
-0.013106
-0.0523913
-0.0340176
-0.0119516
-0.0439518
-0.0279619
-0.00939878
-0.0292934
-0.0173966
-0.00512686
-0.0744374
-0.0724429
-0.0657066
-0.0588797
-0.0595431
-0.0550982
-0.0381816
-0.0403865
-0.0377427
-0.0116187
-0.0137295
-0.0121452
0.0161789
0.0159164
0.0173854
0.0443671
0.0473428
0.0493567
-0.00707321
-0.00149487
0.00109548
0.018839
0.0168232
0.00806249
0.0469032
0.0363399
0.0152723
0.0756361
0.055826
0.0222295
0.0992951
0.0712471
0.0274859
0.117569
0.0823413
0.0309701
0.0725073
0.0796714
0.0824799
0.0965528
0.107479
0.110589
0.117852
0.131376
0.133692
0.0234124
0.0189765
0.0136703
0.036904
0.0340227
0.0306398
0.0447868
0.0435847
0.0425224
0.00710536
0.000296379
-0.00628484
0.0265101
0.0223593
0.0186405
0.0416616
0.0414023
0.0421547
0.0531423
0.0577271
0.0642225
0.0608741
0.0702185
0.0824017
0.0673685
0.081268
0.0987008
0.0484326
0.0487916
0.0501889
0.0492763
0.0508072
0.0543285
0.0493875
0.0518985
0.0573789
0.0505363
0.0541969
0.0617904
0.0541969
0.0594146
0.069306
0.0617904
0.069306
0.0818653
0.0752756
0.0934604
0.115319
0.0859969
0.107462
0.131839
0.101438
0.124903
0.149455
0.12301
0.146319
0.167679
0.146319
0.166371
0.180953
0.167679
0.180953
0.185402
0.0752756
0.0859969
0.101438
0.0934604
0.107462
0.124903
0.115319
0.131839
0.149455
0.137838
0.151911
0.151561
0.1549
0.166713
0.161733
0.169766
0.176215
0.164564
0.129844
0.08857
0.0324798
0.134281
0.0889787
0.0317919
0.131265
0.0839284
0.0290649
0.119555
0.0727777
0.0241258
0.100437
0.0573156
0.0178788
0.0749535
0.0387186
0.0108738
0.181016
0.178545
0.158279
0.183993
0.170919
0.142336
0.175837
0.151924
0.116772
0.153174
0.120318
0.0822479
0.120318
0.0837999
0.0478966
0.082248
0.0478966
0.0185825
0.0448731
0.0187044
0.00386679
0.0184191
0.00279648
-0.0012115
-0.0011253
-0.00738112
-0.00397454
-0.0110961
-0.0107815
-0.00428738
-0.0107815
-0.00820734
-0.00280943
-0.00428738
-0.00280943
-0.000790972
0.0448732
0.0184191
-0.0011253
0.0187045
0.00279647
-0.00738113
0.00386678
-0.0012115
-0.00397454
0.137838
0.1549
0.169767
0.151911
0.166714
0.176215
0.151561
0.161733
0.164564
0.181017
0.183994
0.175837
0.178545
0.170919
0.151924
0.158279
0.142336
0.116773
0.119555
0.100437
0.0749536
0.0727779
0.0573158
0.0387187
0.0241259
0.0178789
0.0108739
0.129845
0.134281
0.131266
0.0885703
0.088979
0.0839287
0.03248
0.031792
0.029065
-0.109723
-0.0980966
-0.0771911
-0.111545
-0.100475
-0.080748
-0.112261
-0.10198
-0.0839003
-0.0494348
-0.0220726
0.00269744
-0.0543199
-0.0276937
-0.00279179
-0.059389
-0.0339745
-0.00920187
-0.0647138
-0.0411617
-0.0169023
-0.0693416
-0.0480937
-0.0247123
-0.0729082
-0.054357
-0.0321723
-0.111502
-0.102329
-0.0865202
-0.109093
-0.101208
-0.087999
-0.104819
-0.0983664
-0.0880345
0.0234127
0.0369043
0.044787
0.0189768
0.0340229
0.0435848
0.0136706
0.0306401
0.0425226
0.0484327
0.0492763
0.0493875
0.0487917
0.0508072
0.0518985
0.050189
0.0543286
0.0573789
0.0531425
0.0608742
0.0673685
0.0577272
0.0702186
0.081268
0.0642226
0.0824018
0.0987008
0.00710558
0.0265103
0.0416618
0.00029654
0.0223594
0.0414025
-0.00628474
0.0186406
0.0421548
-0.0116187
0.016179
0.0443672
-0.0137296
0.0159164
0.0473429
-0.0121452
0.0173854
0.0493568
0.0725074
0.0965529
0.117852
0.0796715
0.107479
0.131376
0.08248
0.110589
0.133692
0.0756362
0.0992953
0.117569
0.0558261
0.0712473
0.0823415
0.0222296
0.027486
0.0309702
-0.00707327
0.018839
0.0469032
-0.0014949
0.0168232
0.03634
0.00109548
0.0080625
0.0152723
-0.0980182
-0.09307
-0.0857901
-0.0890785
-0.0853303
-0.0805881
-0.0772463
-0.0742527
-0.0713636
-0.0744373
-0.0588796
-0.0381816
-0.0724428
-0.0595431
-0.0403865
-0.0657066
-0.0550982
-0.0377427
-0.0523913
-0.0439519
-0.0292935
-0.0340176
-0.0279619
-0.0173967
-0.0119517
-0.0093988
-0.00512687
-0.0608614
-0.0581089
-0.0562796
-0.0409155
-0.0379233
-0.0367145
-0.0153456
-0.0136454
-0.013106
