MFEM mesh v1.0

#
# MFEM Geometry Types (see fem/geom.hpp):
#
# POINT       = 0
# SEGMENT     = 1
# TRIANGLE    = 2
# SQUARE      = 3
# TETRAHEDRON = 4
# CUBE        = 5
# PRISM       = 6
# PYRAMID     = 7
#

dimension
2

elements
320
1 3 0 101 281 104
1 3 101 31 102 281
1 3 281 102 81 103
1 3 104 281 103 34
1 3 31 105 282 102
1 3 105 11 106 282
1 3 282 106 32 107
1 3 102 282 107 81
1 3 81 107 283 110
1 3 107 32 108 283
1 3 283 108 26 109
1 3 110 283 109 33
1 3 34 103 284 112
1 3 103 81 110 284
1 3 284 110 33 111
1 3 112 284 111 14
1 3 0 104 285 115
1 3 104 34 113 285
1 3 285 113 82 114
1 3 115 285 114 37
1 3 34 112 286 113
1 3 112 14 116 286
1 3 286 116 35 117
1 3 113 286 117 82
1 3 82 117 287 120
1 3 117 35 118 287
1 3 287 118 27 119
1 3 120 287 119 36
1 3 37 114 288 122
1 3 114 82 120 288
1 3 288 120 36 121
1 3 122 288 121 17
1 3 0 115 289 125
1 3 115 37 123 289
1 3 289 123 83 124
1 3 125 289 124 40
1 3 37 122 290 123
1 3 122 17 126 290
1 3 290 126 38 127
1 3 123 290 127 83
1 3 83 127 291 130
1 3 127 38 128 291
1 3 291 128 28 129
1 3 130 291 129 39
1 3 40 124 292 132
1 3 124 83 130 292
1 3 292 130 39 131
1 3 132 292 131 20
1 3 0 125 293 135
1 3 125 40 133 293
1 3 293 133 84 134
1 3 135 293 134 43
1 3 40 132 294 133
1 3 132 20 136 294
1 3 294 136 41 137
1 3 133 294 137 84
1 3 84 137 295 140
1 3 137 41 138 295
1 3 295 138 29 139
1 3 140 295 139 42
1 3 43 134 296 142
1 3 134 84 140 296
1 3 296 140 42 141
1 3 142 296 141 23
1 3 0 135 297 101
1 3 135 43 143 297
1 3 297 143 85 144
1 3 101 297 144 31
1 3 43 142 298 143
1 3 142 23 145 298
1 3 298 145 44 146
1 3 143 298 146 85
1 3 85 146 299 149
1 3 146 44 147 299
1 3 299 147 30 148
1 3 149 299 148 45
1 3 31 144 300 105
1 3 144 85 149 300
1 3 300 149 45 150
1 3 105 300 150 11
1 3 11 151 301 106
1 3 151 46 152 301
1 3 301 152 86 153
1 3 106 301 153 32
1 3 46 154 302 152
1 3 154 1 155 302
1 3 302 155 47 156
1 3 152 302 156 86
1 3 86 156 303 159
1 3 156 47 157 303
1 3 303 157 12 158
1 3 159 303 158 48
1 3 32 153 304 108
1 3 153 86 159 304
1 3 304 159 48 160
1 3 108 304 160 26
1 3 26 160 305 163
1 3 160 48 161 305
1 3 305 161 87 162
1 3 163 305 162 51
1 3 48 158 306 161
1 3 158 12 164 306
1 3 306 164 49 165
1 3 161 306 165 87
1 3 87 165 307 168
1 3 165 49 166 307
1 3 307 166 3 167
1 3 168 307 167 50
1 3 51 162 308 170
1 3 162 87 168 308
1 3 308 168 50 169
1 3 170 308 169 13
1 3 14 111 309 173
1 3 111 33 171 309
1 3 309 171 88 172
1 3 173 309 172 53
1 3 33 109 310 171
1 3 109 26 163 310
1 3 310 163 51 174
1 3 171 310 174 88
1 3 88 174 311 176
1 3 174 51 170 311
1 3 311 170 13 175
1 3 176 311 175 52
1 3 53 172 312 178
1 3 172 88 176 312
1 3 312 176 52 177
1 3 178 312 177 2
1 3 14 173 313 116
1 3 173 53 179 313
1 3 313 179 89 180
1 3 116 313 180 35
1 3 53 178 314 179
1 3 178 2 181 314
1 3 314 181 54 182
1 3 179 314 182 89
1 3 89 182 315 185
1 3 182 54 183 315
1 3 315 183 15 184
1 3 185 315 184 55
1 3 35 180 316 118
1 3 180 89 185 316
1 3 316 185 55 186
1 3 118 316 186 27
1 3 27 186 317 189
1 3 186 55 187 317
1 3 317 187 90 188
1 3 189 317 188 58
1 3 55 184 318 187
1 3 184 15 190 318
1 3 318 190 56 191
1 3 187 318 191 90
1 3 90 191 319 194
1 3 191 56 192 319
1 3 319 192 5 193
1 3 194 319 193 57
1 3 58 188 320 196
1 3 188 90 194 320
1 3 320 194 57 195
1 3 196 320 195 16
1 3 17 121 321 199
1 3 121 36 197 321
1 3 321 197 91 198
1 3 199 321 198 60
1 3 36 119 322 197
1 3 119 27 189 322
1 3 322 189 58 200
1 3 197 322 200 91
1 3 91 200 323 202
1 3 200 58 196 323
1 3 323 196 16 201
1 3 202 323 201 59
1 3 60 198 324 204
1 3 198 91 202 324
1 3 324 202 59 203
1 3 204 324 203 4
1 3 17 199 325 126
1 3 199 60 205 325
1 3 325 205 92 206
1 3 126 325 206 38
1 3 60 204 326 205
1 3 204 4 207 326
1 3 326 207 61 208
1 3 205 326 208 92
1 3 92 208 327 211
1 3 208 61 209 327
1 3 327 209 18 210
1 3 211 327 210 62
1 3 38 206 328 128
1 3 206 92 211 328
1 3 328 211 62 212
1 3 128 328 212 28
1 3 28 212 329 215
1 3 212 62 213 329
1 3 329 213 93 214
1 3 215 329 214 65
1 3 62 210 330 213
1 3 210 18 216 330
1 3 330 216 63 217
1 3 213 330 217 93
1 3 93 217 331 220
1 3 217 63 218 331
1 3 331 218 7 219
1 3 220 331 219 64
1 3 65 214 332 222
1 3 214 93 220 332
1 3 332 220 64 221
1 3 222 332 221 19
1 3 20 131 333 225
1 3 131 39 223 333
1 3 333 223 94 224
1 3 225 333 224 67
1 3 39 129 334 223
1 3 129 28 215 334
1 3 334 215 65 226
1 3 223 334 226 94
1 3 94 226 335 228
1 3 226 65 222 335
1 3 335 222 19 227
1 3 228 335 227 66
1 3 67 224 336 230
1 3 224 94 228 336
1 3 336 228 66 229
1 3 230 336 229 6
1 3 20 225 337 136
1 3 225 67 231 337
1 3 337 231 95 232
1 3 136 337 232 41
1 3 67 230 338 231
1 3 230 6 233 338
1 3 338 233 68 234
1 3 231 338 234 95
1 3 95 234 339 237
1 3 234 68 235 339
1 3 339 235 21 236
1 3 237 339 236 69
1 3 41 232 340 138
1 3 232 95 237 340
1 3 340 237 69 238
1 3 138 340 238 29
1 3 29 238 341 241
1 3 238 69 239 341
1 3 341 239 96 240
1 3 241 341 240 72
1 3 69 236 342 239
1 3 236 21 242 342
1 3 342 242 70 243
1 3 239 342 243 96
1 3 96 243 343 246
1 3 243 70 244 343
1 3 343 244 9 245
1 3 246 343 245 71
1 3 72 240 344 248
1 3 240 96 246 344
1 3 344 246 71 247
1 3 248 344 247 22
1 3 23 141 345 251
1 3 141 42 249 345
1 3 345 249 97 250
1 3 251 345 250 74
1 3 42 139 346 249
1 3 139 29 241 346
1 3 346 241 72 252
1 3 249 346 252 97
1 3 97 252 347 254
1 3 252 72 248 347
1 3 347 248 22 253
1 3 254 347 253 73
1 3 74 250 348 256
1 3 250 97 254 348
1 3 348 254 73 255
1 3 256 348 255 8
1 3 23 251 349 145
1 3 251 74 257 349
1 3 349 257 98 258
1 3 145 349 258 44
1 3 74 256 350 257
1 3 256 8 259 350
1 3 350 259 75 260
1 3 257 350 260 98
1 3 98 260 351 263
1 3 260 75 261 351
1 3 351 261 24 262
1 3 263 351 262 76
1 3 44 258 352 147
1 3 258 98 263 352
1 3 352 263 76 264
1 3 147 352 264 30
1 3 30 264 353 267
1 3 264 76 265 353
1 3 353 265 99 266
1 3 267 353 266 79
1 3 76 262 354 265
1 3 262 24 268 354
1 3 354 268 77 269
1 3 265 354 269 99
1 3 99 269 355 272
1 3 269 77 270 355
1 3 355 270 10 271
1 3 272 355 271 78
1 3 79 266 356 274
1 3 266 99 272 356
1 3 356 272 78 273
1 3 274 356 273 25
1 3 11 150 357 151
1 3 150 45 275 357
1 3 357 275 100 276
1 3 151 357 276 46
1 3 45 148 358 275
1 3 148 30 267 358
1 3 358 267 79 277
1 3 275 358 277 100
1 3 100 277 359 279
1 3 277 79 274 359
1 3 359 274 25 278
1 3 279 359 278 80
1 3 46 276 360 154
1 3 276 100 279 360
1 3 360 279 80 280
1 3 154 360 280 1

boundary
80
1 1 13 175
1 1 175 52
1 1 52 177
1 1 177 2
1 1 12 164
1 1 164 49
1 1 49 166
1 1 166 3
1 1 16 201
1 1 201 59
1 1 59 203
1 1 203 4
1 1 15 190
1 1 190 56
1 1 56 192
1 1 192 5
1 1 19 227
1 1 227 66
1 1 66 229
1 1 229 6
1 1 18 216
1 1 216 63
1 1 63 218
1 1 218 7
1 1 22 253
1 1 253 73
1 1 73 255
1 1 255 8
1 1 21 242
1 1 242 70
1 1 70 244
1 1 244 9
1 1 25 278
1 1 278 80
1 1 80 280
1 1 280 1
1 1 24 268
1 1 268 77
1 1 77 270
1 1 270 10
1 1 3 167
1 1 167 50
1 1 50 169
1 1 169 13
1 1 1 155
1 1 155 47
1 1 47 157
1 1 157 12
1 1 5 193
1 1 193 57
1 1 57 195
1 1 195 16
1 1 2 181
1 1 181 54
1 1 54 183
1 1 183 15
1 1 7 219
1 1 219 64
1 1 64 221
1 1 221 19
1 1 4 207
1 1 207 61
1 1 61 209
1 1 209 18
1 1 9 245
1 1 245 71
1 1 71 247
1 1 247 22
1 1 6 233
1 1 233 68
1 1 68 235
1 1 235 21
1 1 10 271
1 1 271 78
1 1 78 273
1 1 273 25
1 1 8 259
1 1 259 75
1 1 75 261
1 1 261 24

vertices
361
2
0 0
1 0
0.309017 0.951057
1.30902 0.951057
-0.809017 0.587785
-0.5 1.53884
-0.809017 -0.587785
-1.61803 0
0.309017 -0.951057
-0.5 -1.53884
1.30902 -0.951057
0.5 0
1.15451 0.475529
0.809019 0.951057
0.154508 0.475529
-0.0954915 1.24495
-0.654508 1.06331
-0.404508 0.293893
-1.21352 0.293893
-1.21352 -0.293892
-0.404508 -0.293893
-0.654508 -1.06331
-0.0954915 -1.24495
0.154508 -0.475529
0.809019 -0.951057
1.15451 -0.475529
0.654509 0.475529
-0.25 0.769421
-0.809016 0
-0.25 -0.76942
0.654509 -0.475529
0.25 0
0.577255 0.237764
0.404508 0.475529
0.077254 0.237764
-0.047746 0.622475
-0.327254 0.531657
-0.202254 0.146947
-0.606762 0.146947
-0.606762 -0.146947
-0.202254 -0.146947
-0.327254 -0.531656
-0.047746 -0.622475
0.077254 -0.237764
0.404508 -0.475529
0.577255 -0.237764
0.75 0
1.07726 0.237764
0.904509 0.475529
1.23176 0.713293
1.05902 0.951057
0.731764 0.713293
0.559018 0.951057
0.231762 0.713293
0.106763 1.098
-0.172746 1.00719
-0.297746 1.39189
-0.577254 1.30107
-0.452254 0.916365
-0.731762 0.825547
-0.606762 0.440839
-1.01127 0.440839
-1.01127 0.146947
-1.41578 0.146947
-1.41578 -0.146946
-1.01127 -0.146946
-1.01127 -0.440839
-0.606762 -0.440839
-0.731762 -0.825547
-0.452254 -0.916365
-0.577254 -1.30107
-0.297746 -1.39189
-0.172746 -1.00718
0.106763 -1.098
0.231762 -0.713293
0.559018 -0.951057
0.731764 -0.713293
1.05902 -0.951057
1.23176 -0.713293
0.904509 -0.475529
1.07726 -0.237764
0.327254 0.237764
-0.125 0.384711
-0.404508 0
-0.125 -0.38471
0.327254 -0.237764
0.827255 0.237764
0.981765 0.713293
0.481763 0.713293
0.0295084 0.860239
-0.375 1.15413
-0.529508 0.678602
-0.809015 0.293893
-1.21352 2.5e-07
-0.809015 -0.293893
-0.529508 -0.678602
-0.375 -1.15413
0.0295084 -0.860239
0.481763 -0.713293
0.981765 -0.713293
0.827255 -0.237764
0.125 0
0.288627 0.118882
0.202254 0.237764
0.038627 0.118882
0.375 0
0.538627 0.118882
0.452254 0.237764
0.615882 0.356647
0.529509 0.475529
0.365881 0.356647
0.279508 0.475529
0.115881 0.356647
-0.023873 0.311238
-0.163627 0.265829
-0.101127 0.0734733
0.053381 0.549002
-0.086373 0.503593
-0.148873 0.695948
-0.288627 0.650539
-0.226127 0.458184
-0.365881 0.412775
-0.303381 0.22042
-0.303381 0.0734733
-0.303381 -0.0734733
-0.101127 -0.0734733
-0.505635 0.22042
-0.505635 0.0734733
-0.707889 0.0734733
-0.707889 -0.0734733
-0.505635 -0.0734733
-0.505635 -0.22042
-0.303381 -0.22042
-0.163627 -0.265828
-0.023873 -0.311237
0.038627 -0.118882
-0.365881 -0.412775
-0.226127 -0.458183
-0.288627 -0.650538
-0.148873 -0.695947
-0.086373 -0.503592
0.053381 -0.549002
0.115881 -0.356647
0.202254 -0.237764
0.288627 -0.118882
0.279508 -0.475529
0.365881 -0.356647
0.529509 -0.475529
0.615882 -0.356647
0.452254 -0.237764
0.538627 -0.118882
0.625 0
0.788627 0.118882
0.702255 0.237764
0.875 0
1.03863 0.118882
0.952255 0.237764
1.11588 0.356647
1.02951 0.475529
0.865882 0.356647
0.779509 0.475529
0.943137 0.594411
0.856764 0.713293
0.693137 0.594411
1.19314 0.594411
1.10676 0.713293
1.27039 0.832175
1.18402 0.951057
1.02039 0.832175
0.934019 0.951057
0.770392 0.832175
0.443136 0.594411
0.356763 0.713293
0.193135 0.594411
0.606764 0.713293
0.684019 0.951057
0.520391 0.832175
0.434018 0.951057
0.27039 0.832175
0.130635 0.786766
-0.00911881 0.741357
0.20789 1.02453
0.0681356 0.979121
0.00563562 1.17148
-0.134119 1.12607
-0.0716187 0.933712
-0.211373 0.888303
-0.273873 1.08066
-0.413627 1.03525
-0.351127 0.842893
-0.196619 1.31842
-0.336373 1.27301
-0.398873 1.46537
-0.538627 1.41996
-0.476127 1.2276
-0.615881 1.18219
-0.553381 0.989838
-0.428381 0.60513
-0.568135 0.559721
-0.505635 0.367366
-0.490881 0.797484
-0.693135 0.944429
-0.630635 0.752075
-0.77039 0.706666
-0.70789 0.514312
-0.707889 0.367366
-0.707889 0.22042
-0.910143 0.514312
-0.910142 0.367366
-1.11239 0.367366
-1.11239 0.22042
-0.910142 0.22042
-0.910142 0.0734733
-1.11239 0.0734734
-1.11239 -0.0734729
-0.910142 -0.073473
-1.31465 0.22042
-1.31465 0.0734734
-1.5169 0.0734733
-1.5169 -0.073473
-1.31465 -0.0734729
-1.31465 -0.220419
-1.11239 -0.220419
-0.707889 -0.220419
-0.707889 -0.367366
-0.505635 -0.367366
-0.910142 -0.220419
-1.11239 -0.367365
-0.910142 -0.367366
-0.910143 -0.514312
-0.70789 -0.514312
-0.568135 -0.55972
-0.428381 -0.605129
-0.77039 -0.706666
-0.630635 -0.752075
-0.693135 -0.944429
-0.553381 -0.989837
-0.490881 -0.797484
-0.351127 -0.842893
-0.413627 -1.03525
-0.273873 -1.08066
-0.211373 -0.888302
-0.615881 -1.18219
-0.476127 -1.2276
-0.538627 -1.41996
-0.398873 -1.46537
-0.336373 -1.27301
-0.196619 -1.31842
-0.134119 -1.12607
-0.00911881 -0.741357
0.130635 -0.786766
0.193135 -0.594411
-0.0716187 -0.933712
0.00563562 -1.17148
0.0681356 -0.979121
0.20789 -1.02453
0.27039 -0.832175
0.356763 -0.713293
0.443136 -0.594411
0.434018 -0.951057
0.520391 -0.832175
0.684019 -0.951057
0.770392 -0.832175
0.606764 -0.713293
0.693137 -0.594411
0.856764 -0.713293
0.943137 -0.594411
0.779509 -0.475529
0.934019 -0.951057
1.02039 -0.832175
1.18402 -0.951057
1.27039 -0.832175
1.10676 -0.713293
1.19314 -0.594411
1.02951 -0.475529
0.702255 -0.237764
0.788627 -0.118882
0.865882 -0.356647
1.11588 -0.356647
0.952255 -0.237764
1.03863 -0.118882
0.163627 0.118882
0.413627 0.118882
0.490882 0.356647
0.240881 0.356647
-0.0625 0.192355
0.014754 0.43012
-0.1875 0.577066
-0.264754 0.339302
-0.202254 0
-0.404508 0.146947
-0.606762 0
-0.404508 -0.146947
-0.0625 -0.192355
-0.264754 -0.339302
-0.1875 -0.577065
0.014754 -0.43012
0.163627 -0.118882
0.240881 -0.356647
0.490882 -0.356647
0.413627 -0.118882
0.663627 0.118882
0.913627 0.118882
0.990882 0.356647
0.740882 0.356647
0.818137 0.594411
1.06814 0.594411
1.14539 0.832175
0.895392 0.832175
0.318136 0.594411
0.568136 0.594411
0.645391 0.832175
0.39539 0.832175
0.0920082 0.667884
0.169263 0.905648
-0.0329915 1.05259
-0.110246 0.81483
-0.3125 0.961776
-0.235246 1.19954
-0.4375 1.34649
-0.514754 1.10872
-0.467008 0.486248
-0.389754 0.724011
-0.592008 0.870956
-0.669263 0.633193
-0.606762 0.293893
-0.809016 0.440839
-1.01127 0.293893
-0.809015 0.146946
-1.01127 1.875e-07
-1.21352 0.146947
-1.41578 1.875e-07
-1.21352 -0.146946
-0.606762 -0.293893
-0.809015 -0.146946
-1.01127 -0.293892
-0.809016 -0.440839
-0.467008 -0.486248
-0.669263 -0.633193
-0.592008 -0.870956
-0.389754 -0.724011
-0.3125 -0.961775
-0.514754 -1.10872
-0.4375 -1.34648
-0.235246 -1.19954
0.0920082 -0.667884
-0.110246 -0.81483
-0.0329915 -1.05259
0.169263 -0.905648
0.318136 -0.594411
0.39539 -0.832175
0.645391 -0.832175
0.568136 -0.594411
0.818137 -0.594411
0.895392 -0.832175
1.14539 -0.832175
1.06814 -0.594411
0.663627 -0.118882
0.740882 -0.356647
0.990882 -0.356647
0.913627 -0.118882
