FiniteElementSpace
FiniteElementCollection: H1_2D_P4
VDim: 1
Ordering: 0

-0.761436
0
0
0
0
0
0
0
0
0
0
-0.396871
0
0
-0.396875
0
0
-0.396879
0
0
-0.396879
0
0
-0.396875
0
0
0.385398
0.385392
0.385371
0.385395
0.385398
-0.346618
0.314558
0.314554
-0.346624
0.31457
0.314555
-0.346617
0.314569
0.314566
-0.346616
0.314553
0.314571
-0.346624
0.314554
0.314558
-0.376872
0
0.834069
0
0
0.834067
0
-0.376876
0
0.834076
0
0
0.834077
0
-0.376879
0
0.834086
0
0
0.834087
0
-0.376878
0
0.834076
0
0
0.834074
0
-0.376876
0
0.834067
0
0
0.834069
0
0.709402
0.709409
0.709419
0.709408
0.709402
-0.258971
0.886885
-0.258971
-0.25896
0.88686
-0.258974
-0.258954
0.886823
-0.258956
-0.258974
0.88686
-0.25896
-0.258971
0.886885
-0.258971
-0.760949
0.0174893
0.0174884
-0.760954
-0.0654936
-0.287209
0.777051
0.656686
0.656683
0.777051
-0.287211
-0.0654956
0.0174916
0.0174944
-0.760954
-0.287205
0.777062
0.656688
0.65668
0.777052
-0.287212
-0.0654944
0.0174985
0.0174994
-0.760954
-0.28721
0.777064
0.656682
0.65668
0.777062
-0.287211
-0.0654932
0.0174944
0.0174908
-0.760954
-0.287213
0.777051
0.656681
0.65669
0.777063
-0.287205
-0.0654958
0.0174884
0.0174892
-0.287211
0.777051
0.656683
0.656686
0.777051
-0.287209
-0.511444
-0.433183
0.00167002
-0.202691
0
-0.343943
0
0.986734
0.416014
0.404225
0.738034
0.738032
0.404224
0
0.809966
0
0
0.809963
0
0.986733
0.00166785
-0.433183
-0.511448
0.416012
0
-0.343942
0
-0.202693
-0.433187
0.00168313
0
-0.343937
0
0.986759
0.416034
0.404218
0.738024
0.738045
0.404226
0
0.80989
0
0
0.809916
0
0.986739
0.00166642
-0.433184
-0.511452
0.416011
0
-0.343942
0
-0.202696
-0.433189
0.00168732
0
-0.34393
0
0.986784
0.416052
0.404204
0.73802
0.738024
0.404204
0
0.809821
0
0
0.809826
0
0.986785
0.00168419
-0.433188
-0.511451
0.416049
0
-0.34393
0
-0.202695
-0.433184
0.00166491
0
-0.343942
0
0.986738
0.41601
0.404228
0.738044
0.738022
0.404217
0
0.809917
0
0
0.809891
0
0.986759
0.00168308
-0.433187
-0.511449
0.416034
0
-0.343937
0
-0.202693
-0.433183
0.00166785
0
-0.343942
0
0.986733
0.416012
0.404224
0.738032
0.738034
0.404225
0
0.809963
0
0
0.809966
0
0.986734
0.00167002
-0.433183
0.416014
0
-0.343943
0
-0.581502
0.13303
0.958962
0.133031
-0.581502
0.133037
0.958963
0.133032
-0.5815
0.133036
0.958963
0.133036
-0.581503
0.133032
0.958965
0.133037
-0.581502
0.133031
0.958962
0.13303
-0.456457
-0.297403
0.165017
0.561202
0.148015
1.29296
-0.0670458
1.29296
-0.456458
0.561198
0.165017
-0.297403
-0.456457
-0.297408
0.165043
0.56121
0.14801
1.29295
-0.0671316
1.29297
-0.45646
0.561197
0.165016
-0.297403
-0.456459
-0.297411
0.16507
0.561213
0.147986
1.29294
-0.0672325
1.29294
-0.456459
0.561209
0.165068
-0.29741
-0.45646
-0.297403
0.165015
0.561196
0.14801
1.29297
-0.0671313
1.29295
-0.456457
0.56121
0.165043
-0.297408
-0.456458
-0.297403
0.165017
0.561198
0.148015
1.29296
-0.0670458
1.29296
-0.456457
0.561202
0.165017
-0.297403
-0.765803
-0.776499
-0.77832
-0.75334
-0.719937
-0.645353
-0.753344
-0.71994
-0.645354
-0.765803
-0.776501
-0.778324
-0.448312
-0.618099
-0.730688
-0.31367
-0.219672
-0.079894
-0.0876596
-0.304973
-0.501269
0.604834
0.367978
0.128807
0.604834
0.367978
0.128807
-0.0876609
-0.304974
-0.50127
-0.313676
-0.219676
-0.0798957
-0.448319
-0.618105
-0.730694
-0.251321
-0.108648
-0.0537208
-0.0658254
-0.0326925
0.0586111
0.103651
0.194445
0.179655
-0.33789
-0.209708
-0.0995198
-0.409066
-0.39975
-0.342622
-0.222874
-0.0791956
0.0694322
0.195551
-0.0287089
-0.21429
0.389655
0.547337
0.706971
0.669101
0.440071
0.226691
0.79255
0.866167
0.832794
0.869699
0.976487
0.987668
0.869699
0.976487
0.987667
0.79255
0.866168
0.832794
0.424937
0.585245
0.656938
0.700923
0.805641
0.913995
0.435756
0.545125
0.633151
0.435755
0.545124
0.633149
0.700921
0.805639
0.913995
0.424933
0.585241
0.656935
0.389652
0.547336
0.70697
0.103651
0.194445
0.179656
-0.0658274
-0.0326936
0.0586113
-0.251326
-0.108652
-0.0537232
0.669101
0.440072
0.226692
0.195548
-0.0287112
-0.214292
-0.222876
-0.0791963
0.0694325
-0.40907
-0.399753
-0.342624
-0.337893
-0.209711
-0.0995217
-0.753345
-0.719942
-0.645355
-0.753344
-0.71994
-0.645355
-0.765804
-0.776502
-0.778325
-0.313676
-0.219676
-0.0798942
-0.0876586
-0.304973
-0.50127
0.604841
0.367985
0.12881
0.604841
0.367984
0.128812
-0.0876554
-0.30497
-0.501269
-0.31367
-0.21967
-0.0798899
-0.448313
-0.618101
-0.730693
-0.0658268
-0.0326917
0.0586156
0.103654
0.19445
0.179661
-0.40907
-0.399752
-0.34262
-0.222869
-0.0791896
0.0694389
0.195563
-0.0286985
-0.214283
0.389667
0.547349
0.706983
0.669113
0.440082
0.2267
0.792557
0.866177
0.832804
0.869709
0.976494
0.987671
0.869699
0.976487
0.987668
0.792556
0.866172
0.832795
0.424949
0.585254
0.656943
0.700925
0.805642
0.913997
0.43575
0.545121
0.633151
0.43575
0.545119
0.633145
0.700918
0.805637
0.913994
0.424933
0.58524
0.656933
0.389651
0.547335
0.70697
0.103656
0.194449
0.179657
-0.0658262
-0.0326928
0.0586119
-0.251319
-0.108647
-0.0537203
0.669102
0.440072
0.226692
0.195548
-0.0287109
-0.214292
-0.222876
-0.0791973
0.0694324
-0.409073
-0.399756
-0.342625
-0.337897
-0.209713
-0.0995217
-0.753344
-0.71994
-0.645353
-0.753344
-0.71994
-0.645353
-0.765804
-0.776502
-0.778325
-0.31367
-0.219669
-0.0798875
-0.0876518
-0.304967
-0.501267
0.604851
0.367993
0.128817
0.604851
0.367993
0.128818
-0.0876511
-0.304967
-0.501267
-0.313668
-0.219668
-0.0798865
-0.448312
-0.618101
-0.730693
-0.0658262
-0.0326922
0.0586145
0.10366
0.194454
0.179662
-0.409074
-0.399757
-0.342625
-0.222874
-0.0791941
0.0694363
0.195562
-0.0287016
-0.214288
0.389666
0.547348
0.706983
0.669114
0.440082
0.226699
0.792567
0.866183
0.832808
0.869711
0.976496
0.987671
0.869709
0.976494
0.987671
0.792567
0.866183
0.832806
0.424948
0.585253
0.656939
0.700919
0.805636
0.913994
0.435731
0.545107
0.633142
0.435731
0.545106
0.63314
0.700917
0.805635
0.913994
0.424944
0.585249
0.656936
0.389662
0.547345
0.706981
0.103661
0.194454
0.179662
-0.065825
-0.0326912
0.058615
-0.251318
-0.108645
-0.053719
0.669112
0.440081
0.226698
0.195559
-0.0287038
-0.214289
-0.222874
-0.0791944
0.0694362
-0.409073
-0.399756
-0.342625
-0.337896
-0.209712
-0.0995205
-0.753344
-0.71994
-0.645355
-0.753345
-0.719942
-0.645356
-0.765803
-0.776501
-0.778324
-0.313669
-0.219669
-0.0798897
-0.0876555
-0.304971
-0.501269
0.60484
0.367984
0.128812
0.60484
0.367984
0.12881
-0.0876594
-0.304974
-0.501271
-0.313676
-0.219676
-0.0798949
-0.448319
-0.618105
-0.730694
-0.0658251
-0.0326919
0.0586124
0.103656
0.194449
0.179658
-0.409073
-0.399755
-0.342625
-0.222877
-0.0791973
0.0694325
0.195547
-0.0287121
-0.214293
0.38965
0.547334
0.706969
0.669101
0.440072
0.226692
0.792555
0.866171
0.832795
0.869699
0.976488
0.987669
0.86971
0.976495
0.987672
0.792557
0.866176
0.832805
0.424931
0.585239
0.656933
0.700919
0.805638
0.913996
0.435753
0.545122
0.633147
0.435753
0.545123
0.633152
0.700927
0.805644
0.913998
0.424949
0.585255
0.656944
0.389668
0.54735
0.706983
0.103653
0.194449
0.179661
-0.065827
-0.0326918
0.0586156
-0.251326
-0.108652
-0.0537234
0.669113
0.440082
0.2267
0.195564
-0.0286981
-0.214283
-0.222869
-0.0791892
0.0694391
-0.40907
-0.399752
-0.342619
-0.337893
-0.209711
-0.0995218
-0.753344
-0.71994
-0.645354
-0.75334
-0.719937
-0.645353
-0.313676
-0.219676
-0.0798958
-0.087661
-0.304974
-0.50127
0.604834
0.367978
0.128806
0.604834
0.367978
0.128807
-0.0876596
-0.304973
-0.50127
-0.31367
-0.219672
-0.079894
-0.0658275
-0.0326937
0.0586112
0.103651
0.194445
0.179656
-0.40907
-0.399753
-0.342624
-0.222876
-0.0791963
0.0694324
0.195548
-0.0287112
-0.214292
0.389652
0.547336
0.70697
0.669101
0.440072
0.226692
0.79255
0.866168
0.832794
0.869699
0.976487
0.987667
0.869699
0.976487
0.987668
0.79255
0.866167
0.832794
0.424933
0.585241
0.656935
0.700921
0.805639
0.913995
0.435755
0.545124
0.633149
0.435756
0.545125
0.633151
0.700923
0.805641
0.913995
0.424937
0.585245
0.656938
0.389655
0.547337
0.706971
0.103651
0.194445
0.179655
-0.0658254
-0.0326925
0.0586111
0.669101
0.440071
0.226691
0.195551
-0.0287089
-0.21429
-0.222874
-0.0791956
0.0694322
-0.409066
-0.39975
-0.342622
-0.447252
-0.504849
-0.519334
-0.509088
-0.502182
-0.482603
-0.340783
-0.411151
-0.448726
-0.405831
-0.456956
-0.497994
-0.372154
-0.387088
-0.419387
-0.446243
-0.45958
-0.462962
-0.332734
-0.418286
-0.440561
-0.21679
-0.131027
-0.0438242
-0.11308
-0.296637
-0.419122
0.247604
0.13957
0.0472504
-0.346691
-0.289605
-0.233272
-0.200371
-0.221286
-0.268832
-0.419239
-0.381565
-0.331221
-0.0490821
-0.115695
-0.174639
0
0
0
-0.0653539
-0.173458
-0.260409
0
0
0
-0.0779861
-0.216106
-0.313761
-0.365815
-0.365218
-0.326154
-0.29598
-0.346633
-0.357631
-0.302522
-0.169371
0.0342877
0.369018
0.276869
0.196901
-0.166744
0.0493474
0.291432
0
0
0
0.0498472
0.10288
0.13981
0
0
0
0.262042
0.666641
0.916029
0.860379
0.590652
0.306535
0.90318
0.999144
1.01858
0.810805
0.707809
0.531646
0.12196
0.339838
0.506073
0.622492
0.583902
0.567493
0.458234
0.51864
0.551738
0.756607
0.603331
0.462982
0.472891
0.569826
0.588857
0.34643
0.319169
0.357401
0.329499
0.206902
0.142988
0.329498
0.206902
0.142988
0.34643
0.319169
0.3574
0.837557
0.806725
0.75712
0.580102
0.331239
0.180582
0.835325
0.756748
0.729333
0.835325
0.756746
0.729331
0.580101
0.331238
0.180582
0.837556
0.806723
0.757119
0.756605
0.603329
0.462981
1.09372
1.23933
1.29756
0.899353
1.16944
1.30628
0
0
0
0.316889
0.858115
1.20917
0
0
0
0.116709
0.397284
0.685413
0.944404
1.14416
1.26359
0.933433
0.973398
0.901162
0.658247
0.347158
0.0540948
0.658245
0.347157
0.0540947
0.933432
0.973396
0.90116
0
0
0
-0.0888837
-0.192266
-0.152046
0
0
0
0
0
0
-0.0888837
-0.192266
-0.152046
0
0
0
0.116708
0.397283
0.685411
0.899351
1.16943
1.30628
1.09372
1.23932
1.29756
0.903178
0.999143
1.01857
0.944401
1.14415
1.26358
0
0
0
0.316888
0.858113
1.20917
0
0
0
0.262042
0.66664
0.916028
-0.340785
-0.411153
-0.448728
-0.509092
-0.502184
-0.482604
-0.447256
-0.504853
-0.519339
0.247601
0.139567
0.047248
-0.113082
-0.296638
-0.419123
-0.21679
-0.131028
-0.0438259
-0.332733
-0.418286
-0.440561
-0.446244
-0.45958
-0.462963
-0.372158
-0.38709
-0.419388
-0.405835
-0.456961
-0.497999
0.622489
0.583898
0.56749
0.121957
0.339835
0.506069
0.472889
0.569824
0.588853
0.810803
0.707807
0.531643
0.458231
0.518637
0.551734
-0.166744
0.0493465
0.291431
0.369016
0.276869
0.196901
-0.302521
-0.16937
0.0342882
-0.295979
-0.346632
-0.35763
0.860378
0.590652
0.306535
0
0
0
0.0498474
0.10288
0.13981
0
0
0
-0.0779859
-0.216106
-0.313761
-0.419239
-0.381564
-0.33122
-0.200373
-0.221286
-0.268832
-0.346695
-0.289608
-0.233275
-0.365814
-0.365217
-0.326153
0
0
0
-0.0653537
-0.173458
-0.260408
0
0
0
-0.0490826
-0.115697
-0.174641
-0.509093
-0.502186
-0.482605
-0.34078
-0.411149
-0.448726
-0.372159
-0.387094
-0.419392
-0.446247
-0.459582
-0.462963
-0.332726
-0.418284
-0.440563
-0.216778
-0.131014
-0.0438112
-0.113069
-0.29663
-0.41912
0.247617
0.139583
0.0472634
-0.200374
-0.22129
-0.268837
-0.419243
-0.38157
-0.331226
0
0
0
-0.0653549
-0.173461
-0.260413
0
0
0
-0.0779844
-0.216103
-0.313756
-0.365812
-0.365219
-0.326158
-0.29597
-0.346625
-0.357625
-0.302513
-0.169355
0.0343109
0.36904
0.276895
0.196928
-0.16673
0.0493656
0.291453
0
0
0
0.0498543
0.102898
0.139834
0
0
0
0.262047
0.666656
0.916052
0.860406
0.590682
0.306563
0.903191
0.999163
1.0186
0.810815
0.707824
0.531665
0.121974
0.339852
0.506083
0.622495
0.583906
0.5675
0.458252
0.518654
0.551748
0.75661
0.603327
0.462975
0.472885
0.569826
0.588862
0.346424
0.319161
0.357393
0.329489
0.206892
0.142981
0.329499
0.206901
0.142984
0.346425
0.319165
0.3574
0.837561
0.806722
0.757113
0.580093
0.33123
0.180575
0.835305
0.756733
0.729321
0.835311
0.756747
0.729341
0.580112
0.331243
0.18058
0.837568
0.806738
0.757133
0.756614
0.603336
0.462984
1.09374
1.23934
1.29755
0.899343
1.16943
1.30627
0
0
0
0.316881
0.8581
1.20916
0
0
0
0.116686
0.397227
0.685339
0.944338
1.14411
1.26356
0.933398
0.973341
0.90109
0.658163
0.347064
0.0540027
0.658185
0.347078
0.0540068
0.933403
0.973357
0.901114
0
0
0
-0.0889027
-0.19232
-0.152125
0
0
0
0
0
0
-0.0889009
-0.192315
-0.152122
0
0
0
0.116695
0.397248
0.685365
0.899365
1.16945
1.30629
1.09372
1.23933
1.29757
0.903189
0.999153
1.01858
0.944366
1.14414
1.26358
0
0
0
0.316887
0.858111
1.20917
0
0
0
0.262042
0.666642
0.916032
-0.340787
-0.411154
-0.448729
-0.509096
-0.502187
-0.482607
-0.44726
-0.504858
-0.519343
0.247601
0.139566
0.0472468
-0.113083
-0.296639
-0.419125
-0.216793
-0.13103
-0.0438277
-0.332735
-0.418287
-0.440562
-0.446245
-0.459582
-0.462964
-0.372161
-0.387092
-0.41939
-0.405838
-0.456964
-0.498002
0.622486
0.583896
0.567488
0.121955
0.339833
0.506067
0.472891
0.569824
0.588853
0.810811
0.70781
0.531644
0.45823
0.518636
0.551733
-0.166747
0.0493435
0.291429
0.369015
0.276868
0.1969
-0.302522
-0.169372
0.0342867
-0.295982
-0.346634
-0.357631
0.860382
0.590653
0.306534
0
0
0
0.0498464
0.102879
0.139809
0
0
0
-0.0779859
-0.216106
-0.313761
-0.419241
-0.381565
-0.331221
-0.200375
-0.221288
-0.268833
-0.346698
-0.289611
-0.233278
-0.365814
-0.365217
-0.326153
0
0
0
-0.0653535
-0.173458
-0.260409
0
0
0
-0.0490832
-0.115698
-0.174644
-0.509097
-0.50219
-0.482608
-0.340784
-0.411152
-0.448728
-0.372163
-0.387097
-0.419395
-0.446249
-0.459584
-0.462965
-0.332722
-0.418283
-0.440565
-0.216772
-0.131008
-0.0438064
-0.113066
-0.29663
-0.419121
0.247617
0.139585
0.047267
-0.200377
-0.221294
-0.268841
-0.419246
-0.381573
-0.331229
0
0
0
-0.0653555
-0.173463
-0.260416
0
0
0
-0.0779822
-0.216097
-0.31375
-0.365808
-0.365219
-0.32616
-0.295963
-0.346618
-0.357618
-0.302502
-0.169338
0.034335
0.36906
0.27692
0.196955
-0.166721
0.0493789
0.291469
0
0
0
0.0498611
0.102916
0.13986
0
0
0
0.262053
0.666672
0.916076
0.860435
0.590713
0.306593
0.903207
0.999186
1.01863
0.810828
0.707841
0.531683
0.121979
0.339858
0.506088
0.62249
0.583903
0.567501
0.458266
0.518664
0.551753
0.756615
0.603324
0.462965
0.472874
0.569821
0.588863
0.346402
0.319141
0.357376
0.329473
0.206872
0.142957
0.329474
0.206873
0.142958
0.346402
0.319141
0.357376
0.837569
0.806725
0.757111
0.580086
0.331217
0.180555
0.835277
0.756717
0.729314
0.835278
0.75672
0.729318
0.58009
0.331219
0.180555
0.837571
0.806729
0.757116
0.756616
0.603325
0.462965
1.09376
1.23935
1.29755
0.899341
1.16942
1.30626
0
0
0
0.316875
0.858086
1.20915
0
0
0
0.116666
0.397175
0.685271
0.94428
1.14408
1.26354
0.933354
0.973285
0.901023
0.658082
0.346966
0.0538986
0.658086
0.346968
0.0538992
0.933355
0.973288
0.901027
0
0
0
-0.0889231
-0.192379
-0.152215
0
0
0
0
0
0
-0.0889229
-0.192378
-0.152214
0
0
0
0.116667
0.397179
0.685276
0.899346
1.16943
1.30627
1.09376
1.23935
1.29756
0.903207
0.999187
1.01863
0.944285
1.14408
1.26355
0
0
0
0.316876
0.858089
1.20915
0
0
0
0.262054
0.666673
0.916077
-0.340785
-0.411153
-0.448728
-0.509096
-0.502189
-0.482607
-0.447259
-0.504857
-0.519342
0.247614
0.139581
0.0472638
-0.113068
-0.296631
-0.419122
-0.216774
-0.131011
-0.0438094
-0.332723
-0.418284
-0.440564
-0.446248
-0.459583
-0.462964
-0.372162
-0.387096
-0.419394
-0.405837
-0.456963
-0.498002
0.622487
0.5839
0.567497
0.121975
0.339854
0.506084
0.472874
0.56982
0.58886
0.810828
0.707839
0.53168
0.458263
0.51866
0.551749
-0.166723
0.0493755
0.291466
0.369057
0.276917
0.196953
-0.302503
-0.169339
0.0343331
-0.295965
-0.346619
-0.357618
0.860435
0.590712
0.306591
0
0
0
0.0498607
0.102915
0.139858
0
0
0
-0.0779823
-0.216098
-0.31375
-0.419245
-0.381572
-0.331228
-0.200376
-0.221292
-0.268839
-0.346697
-0.28961
-0.233277
-0.365808
-0.365219
-0.326159
0
0
0
-0.0653552
-0.173462
-0.260415
0
0
0
-0.049083
-0.115698
-0.174643
-0.509095
-0.502187
-0.482606
-0.340787
-0.411155
-0.44873
-0.37216
-0.387092
-0.419389
-0.446245
-0.459582
-0.462964
-0.332736
-0.418287
-0.440562
-0.216793
-0.131031
-0.0438291
-0.113085
-0.29664
-0.419125
0.247599
0.139565
0.0472451
-0.200374
-0.221287
-0.268833
-0.41924
-0.381565
-0.331221
0
0
0
-0.0653535
-0.173458
-0.260409
0
0
0
-0.0779859
-0.216106
-0.313761
-0.365814
-0.365217
-0.326153
-0.295982
-0.346634
-0.357632
-0.302522
-0.169372
0.0342859
0.369013
0.276866
0.196899
-0.166748
0.0493422
0.291427
0
0
0
0.0498464
0.102878
0.139808
0
0
0
0.262042
0.666641
0.916032
0.860381
0.590652
0.306533
0.903188
0.999151
1.01858
0.81081
0.707809
0.531642
0.121954
0.339831
0.506066
0.622487
0.583896
0.567487
0.458229
0.518635
0.551732
0.756614
0.603337
0.462986
0.472892
0.569825
0.588852
0.346427
0.319167
0.357402
0.329501
0.206902
0.142984
0.329489
0.206892
0.14298
0.346426
0.319162
0.357392
0.837568
0.806738
0.757133
0.580111
0.331242
0.180579
0.83531
0.756746
0.72934
0.835304
0.756731
0.729319
0.580091
0.331228
0.180574
0.837559
0.80672
0.75711
0.756608
0.603326
0.462974
1.09372
1.23933
1.29757
0.899365
1.16945
1.30629
0
0
0
0.316887
0.858112
1.20917
0
0
0
0.116695
0.397249
0.685366
0.944367
1.14414
1.26358
0.933403
0.973358
0.901115
0.658186
0.347078
0.0540073
0.658163
0.347064
0.0540032
0.933397
0.973341
0.901091
0
0
0
-0.0889009
-0.192315
-0.152122
0
0
0
0
0
0
-0.0889027
-0.19232
-0.152125
0
0
0
0.116686
0.397228
0.68534
0.899341
1.16942
1.30627
1.09374
1.23934
1.29755
0.90319
0.999162
1.0186
0.944338
1.14411
1.26356
0
0
0
0.316882
0.8581
1.20916
0
0
0
0.262047
0.666656
0.916052
-0.34078
-0.411149
-0.448726
-0.509093
-0.502186
-0.482605
-0.447256
-0.504854
-0.519339
0.247617
0.139583
0.0472634
-0.113069
-0.296631
-0.41912
-0.216778
-0.131014
-0.0438112
-0.332726
-0.418284
-0.440563
-0.446247
-0.459582
-0.462963
-0.372159
-0.387094
-0.419392
-0.405835
-0.456961
-0.497999
0.622496
0.583906
0.5675
0.121974
0.339852
0.506083
0.472885
0.569825
0.588862
0.810814
0.707824
0.531665
0.458252
0.518654
0.551748
-0.16673
0.0493657
0.291453
0.36904
0.276895
0.196928
-0.302513
-0.169355
0.0343106
-0.29597
-0.346625
-0.357625
0.860406
0.590682
0.306563
0
0
0
0.0498543
0.102898
0.139834
0
0
0
-0.0779845
-0.216103
-0.313757
-0.419244
-0.38157
-0.331226
-0.200374
-0.22129
-0.268837
-0.346695
-0.289608
-0.233275
-0.365812
-0.365219
-0.326158
0
0
0
-0.065355
-0.173461
-0.260413
0
0
0
-0.0490826
-0.115697
-0.174641
-0.509092
-0.502184
-0.482604
-0.340785
-0.411153
-0.448728
-0.372158
-0.38709
-0.419388
-0.446244
-0.45958
-0.462963
-0.332733
-0.418286
-0.440561
-0.21679
-0.131028
-0.0438259
-0.113082
-0.296638
-0.419123
0.247601
0.139567
0.047248
-0.200373
-0.221286
-0.268832
-0.419239
-0.381564
-0.33122
0
0
0
-0.0653537
-0.173458
-0.260408
0
0
0
-0.0779859
-0.216106
-0.313761
-0.365814
-0.365217
-0.326153
-0.295979
-0.346632
-0.35763
-0.302521
-0.16937
0.0342882
0.369016
0.276869
0.196901
-0.166744
0.0493465
0.291431
0
0
0
0.0498474
0.10288
0.13981
0
0
0
0.262042
0.66664
0.916028
0.860378
0.590652
0.306535
0.903178
0.999143
1.01857
0.810803
0.707807
0.531643
0.121957
0.339835
0.506069
0.622489
0.583898
0.56749
0.458231
0.518637
0.551734
0.756605
0.603329
0.462981
0.472889
0.569824
0.588854
0.34643
0.319169
0.3574
0.329498
0.206902
0.142988
0.329499
0.206902
0.142988
0.34643
0.319169
0.357401
0.837556
0.806723
0.757119
0.580101
0.331238
0.180582
0.835325
0.756746
0.729331
0.835325
0.756748
0.729333
0.580102
0.331239
0.180582
0.837557
0.806725
0.75712
0.756607
0.603331
0.462982
1.09372
1.23932
1.29756
0.899351
1.16943
1.30628
0
0
0
0.316888
0.858113
1.20917
0
0
0
0.116708
0.397283
0.685411
0.944401
1.14415
1.26358
0.933432
0.973396
0.90116
0.658245
0.347157
0.0540947
0.658247
0.347158
0.0540948
0.933433
0.973398
0.901162
0
0
0
-0.0888837
-0.192266
-0.152046
0
0
0
0
0
0
-0.0888837
-0.192266
-0.152046
0
0
0
0.116709
0.397284
0.685413
0.899353
1.16944
1.30628
1.09372
1.23933
1.29756
0.90318
0.999144
1.01858
0.944404
1.14416
1.26359
0
0
0
0.316889
0.858115
1.20917
0
0
0
0.262042
0.666641
0.916029
-0.340783
-0.411151
-0.448726
-0.509088
-0.502182
-0.482603
0.247604
0.13957
0.0472504
-0.11308
-0.296637
-0.419122
-0.21679
-0.131027
-0.0438242
-0.332734
-0.418286
-0.440561
-0.446243
-0.45958
-0.462962
-0.372154
-0.387088
-0.419387
0.622492
0.583902
0.567493
0.12196
0.339838
0.506073
0.472891
0.569826
0.588857
0.810805
0.707809
0.531646
0.458234
0.51864
0.551738
-0.166744
0.0493474
0.291432
0.369018
0.276869
0.196901
-0.302522
-0.169371
0.0342877
-0.29598
-0.346633
-0.357631
0.860379
0.590652
0.306535
0
0
0
0.0498472
0.10288
0.13981
0
0
0
-0.0779861
-0.216106
-0.313761
-0.419239
-0.381565
-0.331221
-0.200371
-0.221286
-0.268832
-0.365815
-0.365218
-0.326154
0
0
0
-0.0653539
-0.173458
-0.260409
0
0
0
-0.769362
-0.77971
-0.774057
-0.779712
-0.78084
-0.754823
-0.77406
-0.754825
-0.698534
-0.715565
-0.591457
-0.413609
-0.666569
-0.515289
-0.322016
-0.574058
-0.393053
-0.183781
-0.41066
-0.201328
0.023074
-0.201329
0.028413
0.261711
0.0230735
0.261711
0.4985
-0.71557
-0.666572
-0.57406
-0.591463
-0.515293
-0.393055
-0.413615
-0.32202
-0.183783
-0.218564
-0.0874821
-0.0475537
-0.129542
-0.0162246
-0.00183154
0.00800225
0.105924
0.0999595
-0.107305
-0.223801
-0.35134
-0.083861
-0.212588
-0.342814
-0.00171655
-0.142929
-0.281298
0.158149
0.00431185
-0.146117
0.367452
0.204892
0.0453648
0.595681
0.432919
0.271762
0.213511
0.299563
0.276306
0.451114
0.528541
0.495385
0.686389
0.760826
0.72487
0.87433
0.951347
0.921524
0.951348
1.03663
1.02011
0.921524
1.02011
1.02078
0.801166
0.648103
0.496379
0.916555
0.780545
0.646664
0.93713
0.820314
0.706406
0.873602
0.77238
0.673747
0.772379
0.679109
0.58354
0.673745
0.583539
0.480596
0.801165
0.916554
0.937129
0.6481
0.780543
0.820312
0.496376
0.646661
0.706403
-0.218569
-0.129546
0.00800101
-0.0874854
-0.0162265
0.105923
-0.0475559
-0.00183267
0.0999597
0.213511
0.451115
0.686389
0.299564
0.528543
0.760827
0.276307
0.495387
0.724871
0.15815
0.367452
0.59568
0.00431132
0.204891
0.432918
-0.146119
0.0453629
0.27176
-0.107307
-0.0838622
-0.00171667
-0.223804
-0.21259
-0.14293
-0.351343
-0.342817
-0.2813
-0.769364
-0.779713
-0.774061
-0.779714
-0.780843
-0.754827
-0.774061
-0.754827
-0.698536
-0.71557
-0.591463
-0.413615
-0.666574
-0.515294
-0.32202
-0.574061
-0.393055
-0.183782
-0.410659
-0.201326
0.0230771
-0.201325
0.0284177
0.261717
0.0230792
0.261717
0.498507
-0.715569
-0.666571
-0.574059
-0.591459
-0.515289
-0.393051
-0.413609
-0.322014
-0.183778
-0.218569
-0.0874852
-0.0475555
-0.129545
-0.0162254
-0.00183107
0.00800318
0.105926
0.0999636
-0.107306
-0.223803
-0.351343
-0.0838601
-0.212588
-0.342815
-0.0017121
-0.142925
-0.281295
0.158158
0.00432006
-0.14611
0.367463
0.204903
0.0453756
0.595693
0.432932
0.271775
0.213515
0.299569
0.276314
0.451122
0.528551
0.495396
0.686397
0.760836
0.724881
0.874337
0.951356
0.921534
0.951352
1.03664
1.02012
0.921526
1.02011
1.02079
0.801176
0.648114
0.49639
0.916562
0.780553
0.646672
0.937133
0.820318
0.70641
0.873602
0.772379
0.673746
0.772376
0.679106
0.583536
0.673741
0.583535
0.480591
0.801164
0.916553
0.937128
0.6481
0.780541
0.820311
0.496375
0.646659
0.706401
-0.218562
-0.12954
0.00800652
-0.0874804
-0.0162221
0.105927
-0.0475533
-0.00183062
0.0999614
0.213516
0.45112
0.686395
0.299567
0.528546
0.760831
0.276308
0.495388
0.724872
0.15815
0.367452
0.59568
0.00431061
0.204891
0.432917
-0.146119
0.0453628
0.27176
-0.107307
-0.0838625
-0.00171694
-0.223806
-0.212592
-0.142931
-0.351346
-0.342819
-0.281302
-0.769364
-0.779714
-0.774062
-0.779714
-0.780843
-0.754827
-0.774061
-0.754827
-0.698536
-0.715569
-0.591459
-0.413609
-0.666571
-0.515289
-0.322014
-0.574057
-0.393049
-0.183775
-0.410655
-0.20132
0.0230843
-0.20132
0.0284248
0.261725
0.0230849
0.261726
0.498517
-0.715569
-0.666571
-0.574057
-0.591459
-0.515289
-0.393049
-0.413608
-0.322013
-0.183774
-0.218562
-0.0874803
-0.0475533
-0.129539
-0.0162213
-0.0018299
0.0080092
0.10593
0.0999641
-0.107307
-0.223806
-0.351347
-0.0838621
-0.212592
-0.34282
-0.00171471
-0.14293
-0.281301
0.158155
0.00431587
-0.146114
0.367462
0.2049
0.0453722
0.595692
0.43293
0.271773
0.213522
0.299573
0.276314
0.451129
0.528555
0.495398
0.686406
0.760842
0.724884
0.874347
0.951363
0.921537
0.951362
1.03665
1.02012
0.921536
1.02012
1.02079
0.801176
0.648112
0.496389
0.916562
0.780551
0.64667
0.937131
0.820314
0.706406
0.873598
0.772372
0.673737
0.772371
0.679095
0.583523
0.673736
0.583522
0.480573
0.801174
0.91656
0.93713
0.648109
0.780548
0.820312
0.496386
0.646667
0.706403
-0.218561
-0.129538
0.00801028
-0.0874789
-0.0162199
0.105931
-0.047552
-0.00182873
0.0999648
0.213523
0.451129
0.686406
0.299574
0.528555
0.760842
0.276314
0.495397
0.724883
0.158155
0.36746
0.59569
0.00431501
0.204898
0.432927
-0.146115
0.0453701
0.27177
-0.107306
-0.0838612
-0.00171436
-0.223805
-0.212591
-0.14293
-0.351346
-0.342819
-0.281301
-0.769364
-0.779714
-0.774061
-0.779713
-0.780843
-0.754827
-0.774061
-0.754827
-0.698537
-0.715568
-0.591459
-0.413608
-0.666571
-0.515289
-0.322014
-0.574059
-0.393051
-0.183777
-0.410659
-0.201325
0.0230788
-0.201327
0.028417
0.261717
0.0230762
0.261716
0.498506
-0.715571
-0.666574
-0.574061
-0.591464
-0.515294
-0.393055
-0.413615
-0.322021
-0.183783
-0.218561
-0.0874792
-0.0475521
-0.129539
-0.0162212
-0.0018297
0.00800682
0.105928
0.0999618
-0.107306
-0.223805
-0.351346
-0.0838616
-0.212591
-0.342819
-0.00171653
-0.142931
-0.281301
0.158149
0.00431031
-0.14612
0.367451
0.20489
0.0453618
0.595679
0.432916
0.271758
0.213516
0.299567
0.276308
0.451119
0.528545
0.495387
0.686394
0.76083
0.724871
0.874336
0.951351
0.921525
0.951355
1.03664
1.02011
0.921534
1.02012
1.02079
0.801164
0.648099
0.496374
0.916553
0.780541
0.646658
0.937129
0.820311
0.706401
0.873603
0.772378
0.673743
0.772381
0.679108
0.583537
0.673748
0.583538
0.480593
0.801177
0.916563
0.937134
0.648115
0.780554
0.82032
0.496391
0.646674
0.706412
-0.218569
-0.129545
0.00800253
-0.0874855
-0.0162258
0.105926
-0.0475557
-0.00183126
0.0999634
0.213515
0.451121
0.686396
0.299569
0.52855
0.760836
0.276314
0.495396
0.724882
0.158158
0.367464
0.595693
0.00432046
0.204904
0.432932
-0.146109
0.0453761
0.271776
-0.107306
-0.0838601
-0.00171197
-0.223803
-0.212588
-0.142925
-0.351343
-0.342815
-0.281295
-0.769362
-0.779712
-0.77406
-0.77971
-0.78084
-0.754825
-0.774057
-0.754823
-0.698534
-0.71557
-0.591463
-0.413615
-0.666572
-0.515294
-0.32202
-0.57406
-0.393055
-0.183783
-0.41066
-0.201329
0.0230735
-0.201328
0.028413
0.261711
0.023074
0.261711
0.4985
-0.715565
-0.666569
-0.574058
-0.591457
-0.515289
-0.393053
-0.413609
-0.322016
-0.183781
-0.218569
-0.0874856
-0.0475561
-0.129546
-0.0162267
-0.00183278
0.00800094
0.105923
0.0999596
-0.107307
-0.223804
-0.351343
-0.0838623
-0.21259
-0.342817
-0.00171673
-0.14293
-0.2813
0.15815
0.0043113
-0.146119
0.367452
0.204891
0.0453629
0.59568
0.432918
0.27176
0.213511
0.299564
0.276307
0.451115
0.528542
0.495387
0.686389
0.760827
0.724871
0.87433
0.951348
0.921524
0.951347
1.03663
1.02011
0.921524
1.02011
1.02078
0.801165
0.6481
0.496376
0.916554
0.780543
0.646661
0.937129
0.820312
0.706403
0.873602
0.772379
0.673745
0.77238
0.679109
0.583539
0.673747
0.58354
0.480596
0.801166
0.916555
0.93713
0.648103
0.780545
0.820314
0.496379
0.646664
0.706406
-0.218564
-0.129542
0.00800225
-0.0874821
-0.0162246
0.105924
-0.0475537
-0.00183154
0.0999595
0.213511
0.451114
0.686389
0.299563
0.528541
0.760826
0.276306
0.495385
0.72487
0.158149
0.367452
0.595681
0.00431185
0.204892
0.432919
-0.146117
0.0453648
0.271762
-0.107305
-0.083861
-0.00171655
-0.223801
-0.212588
-0.142929
-0.35134
-0.342814
-0.281298
-0.455376
-0.507804
-0.517378
-0.445273
-0.496628
-0.508533
-0.391726
-0.453491
-0.479326
-0.493586
-0.452124
-0.400896
-0.490714
-0.456224
-0.412783
-0.479851
-0.464054
-0.437347
-0.431324
-0.444202
-0.445413
-0.325325
-0.370753
-0.405848
-0.154679
-0.230463
-0.300233
-0.271583
-0.352372
-0.402095
-0.0935605
-0.191956
-0.265364
0.127613
0.0191336
-0.0704573
-0.342642
-0.286139
-0.229855
-0.36097
-0.308215
-0.252608
-0.399445
-0.354745
-0.301381
-0.170188
-0.110821
-0.0415994
-0.189571
-0.122812
-0.0458931
-0.232994
-0.153975
-0.0577884
-0.286952
-0.192907
-0.072622
-0.325698
-0.221366
-0.0826346
-0.331064
-0.227213
-0.0831759
-0.432843
-0.404969
-0.358989
-0.426587
-0.424545
-0.394681
-0.359788
-0.391423
-0.386738
-0.212406
-0.281109
-0.308896
-0.007394
-0.101798
-0.159673
0.236451
0.136487
0.0593564
-0.279574
-0.193083
-0.0681823
-0.163035
-0.112357
-0.0352818
0.0201091
0.0172945
0.0162468
0.271449
0.197657
0.0865281
0.537225
0.39038
0.159839
0.795426
0.578405
0.23005
0.497043
0.420486
0.344322
0.707486
0.68389
0.631261
0.855311
0.906474
0.897852
0.360747
0.257397
0.167695
0.531347
0.448077
0.377309
0.616243
0.562066
0.525214
0.0750352
-0.0186751
-0.116227
0.299438
0.210815
0.107511
0.48404
0.425816
0.343005
0.594212
0.590773
0.559717
0.602088
0.660597
0.6994
0.526317
0.642176
0.757513
0.604529
0.578992
0.582686
0.518734
0.507894
0.540628
0.403724
0.386785
0.430164
0.300448
0.256807
0.285621
0.256807
0.177834
0.173331
0.285621
0.17333
0.129126
0.392656
0.550676
0.737844
0.264722
0.437705
0.671407
0.187178
0.350141
0.602495
0.204678
0.337712
0.576061
0.337712
0.43244
0.627207
0.57606
0.627206
0.752259
0.392655
0.264721
0.187177
0.550675
0.437704
0.35014
0.737842
0.671406
0.602494
0.931688
1.07148
1.1212
0.940163
1.15472
1.25619
0.914622
1.17643
1.30971
1.02102
0.74229
0.28927
1.16218
0.841629
0.322063
1.21717
0.872169
0.326561
1.17539
0.823111
0.298657
1.04319
0.700921
0.243189
0.827586
0.514499
0.164271
0.888452
1.15386
1.28229
0.890441
1.10491
1.18348
0.917996
1.02928
1.01669
0.940555
0.902158
0.768292
0.902157
0.718661
0.480518
0.768291
0.480517
0.18762
0.52958
0.27289
0.0682628
0.220819
0.0424954
-0.0169483
-0.0494664
-0.136269
-0.0747818
-0.215058
-0.2166
-0.0902814
-0.2166
-0.177021
-0.0637024
-0.0902814
-0.0637024
-0.018603
0.529578
0.220818
-0.0494666
0.272889
0.042495
-0.136269
0.0682625
-0.0169484
-0.0747818
0.931687
0.940162
0.914621
1.07148
1.15472
1.17642
1.1212
1.25619
1.3097
0.88845
0.890439
0.917995
1.15386
1.10491
1.02927
1.28229
1.18348
1.01669
1.17538
1.04318
0.827583
0.823108
0.700919
0.514498
0.298656
0.243188
0.16427
1.02102
1.16218
1.21716
0.742288
0.841627
0.872167
0.289269
0.322062
0.32656
-0.45538
-0.445276
-0.391728
-0.507808
-0.496631
-0.453493
-0.517382
-0.508536
-0.479328
-0.271585
-0.0935627
0.12761
-0.352374
-0.191958
0.0191311
-0.402096
-0.265365
-0.0704593
-0.431325
-0.325326
-0.15468
-0.444202
-0.370753
-0.230464
-0.445413
-0.405848
-0.300233
-0.49359
-0.490717
-0.479852
-0.452128
-0.456226
-0.464055
-0.4009
-0.412785
-0.437347
0.360743
0.531343
0.61624
0.257394
0.448073
0.562063
0.167692
0.377306
0.52521
0.604527
0.518733
0.403724
0.578989
0.507893
0.386785
0.582683
0.540625
0.430163
0.594209
0.602085
0.526315
0.59077
0.660594
0.642174
0.559715
0.699398
0.757511
0.0750331
0.299436
0.484037
-0.0186765
0.210813
0.425813
-0.116228
0.107509
0.343003
-0.212406
-0.00739455
0.23645
-0.281108
-0.101797
0.136487
-0.308895
-0.159672
0.0593567
0.497041
0.707484
0.855309
0.420485
0.683889
0.906473
0.344322
0.631261
0.897851
0.271449
0.537224
0.795426
0.197658
0.39038
0.578405
0.0865282
0.159839
0.23005
-0.279573
-0.163034
0.0201097
-0.193082
-0.112357
0.0172949
-0.068182
-0.0352816
0.016247
-0.342645
-0.360971
-0.399445
-0.286141
-0.308216
-0.354745
-0.229857
-0.252608
-0.301381
-0.432843
-0.426586
-0.359788
-0.404968
-0.424544
-0.391422
-0.358988
-0.39468
-0.386737
-0.286951
-0.325697
-0.331063
-0.192907
-0.221365
-0.227212
-0.0726218
-0.0826343
-0.0831757
-0.17019
-0.189571
-0.232993
-0.110822
-0.122812
-0.153975
-0.0415997
-0.0458931
-0.0577882
-0.45538
-0.507809
-0.517383
-0.445275
-0.496631
-0.508538
-0.391725
-0.453492
-0.479328
-0.493591
-0.452129
-0.400901
-0.490719
-0.456229
-0.412789
-0.479854
-0.464058
-0.437351
-0.431323
-0.444202
-0.445414
-0.325319
-0.370748
-0.405845
-0.154668
-0.230453
-0.300224
-0.271577
-0.352368
-0.402092
-0.0935507
-0.191947
-0.265356
0.127625
0.0191456
-0.0704458
-0.342647
-0.286143
-0.229859
-0.360976
-0.30822
-0.252613
-0.39945
-0.354751
-0.301386
-0.170191
-0.110823
-0.0416002
-0.189575
-0.122814
-0.0458941
-0.232998
-0.153978
-0.0577895
-0.286955
-0.19291
-0.0726229
-0.3257
-0.221367
-0.0826348
-0.331062
-0.227211
-0.083175
-0.432846
-0.404972
-0.358993
-0.426585
-0.424545
-0.394682
-0.359781
-0.391418
-0.386735
-0.212393
-0.281097
-0.308886
-0.00737563
-0.101779
-0.159655
0.236473
0.136511
0.0593803
-0.279566
-0.193077
-0.0681797
-0.16302
-0.112346
-0.0352773
0.0201307
0.0173103
0.0162531
0.271476
0.197677
0.0865357
0.537253
0.390401
0.159847
0.795452
0.578423
0.230056
0.497065
0.420513
0.344351
0.707505
0.683916
0.631291
0.855325
0.906497
0.897879
0.360759
0.25741
0.167708
0.531357
0.448088
0.377322
0.616248
0.562073
0.525223
0.0750497
-0.0186605
-0.116213
0.299453
0.210832
0.107529
0.484053
0.425831
0.343023
0.59422
0.590785
0.559734
0.602089
0.660602
0.699412
0.526312
0.642176
0.757519
0.60453
0.578993
0.58269
0.518731
0.507891
0.540626
0.403718
0.386779
0.430158
0.300441
0.256799
0.285612
0.256802
0.177827
0.173321
0.285619
0.173327
0.129119
0.392648
0.55067
0.737844
0.264711
0.437695
0.671402
0.187169
0.350131
0.602486
0.204675
0.337705
0.576051
0.337714
0.432437
0.627197
0.576068
0.627207
0.752247
0.392659
0.264723
0.187177
0.550683
0.437712
0.350146
0.737854
0.671419
0.602506
0.931696
1.0715
1.12122
0.940164
1.15473
1.2562
0.914616
1.17642
1.3097
1.02104
0.742301
0.289273
1.16219
0.841632
0.322063
1.21716
0.872161
0.326556
1.17536
0.823088
0.298647
1.04314
0.700884
0.243173
0.82752
0.514448
0.164251
0.888439
1.15384
1.28227
0.89042
1.10488
1.18344
0.917966
1.02923
1.01663
0.940513
0.902093
0.768211
0.902104
0.718583
0.480425
0.768231
0.480435
0.187527
0.529498
0.272829
0.0682392
0.22073
0.0424309
-0.0169723
-0.0495521
-0.136329
-0.0748032
-0.215127
-0.216647
-0.0902972
-0.216645
-0.177049
-0.0637115
-0.0902963
-0.0637114
-0.0186055
0.529522
0.220746
-0.0495453
0.272848
0.0424445
-0.136321
0.0682467
-0.016967
-0.0748003
0.9317
0.940178
0.914637
1.0715
1.15473
1.17644
1.12121
1.2562
1.30971
0.888461
0.890439
0.917977
1.15387
1.1049
1.02925
1.28229
1.18347
1.01665
1.17538
1.04317
0.827549
0.823103
0.700904
0.51447
0.298653
0.243182
0.164259
1.02102
1.16219
1.21717
0.742291
0.841631
0.872168
0.28927
0.322063
0.32656
-0.455384
-0.445279
-0.39173
-0.507812
-0.496634
-0.453496
-0.517386
-0.508539
-0.47933
-0.271586
-0.0935628
0.12761
-0.352375
-0.191958
0.0191305
-0.402097
-0.265366
-0.0704604
-0.431326
-0.325327
-0.154682
-0.444204
-0.370755
-0.230466
-0.445414
-0.40585
-0.300235
-0.493593
-0.49072
-0.479854
-0.452131
-0.456229
-0.464057
-0.400903
-0.412788
-0.437349
0.360743
0.531342
0.616237
0.257393
0.448072
0.562061
0.16769
0.377304
0.525209
0.604524
0.518729
0.403719
0.578987
0.50789
0.386782
0.582682
0.540625
0.430163
0.594209
0.602086
0.526318
0.59077
0.660597
0.64218
0.559715
0.699401
0.757518
0.075031
0.299433
0.484035
-0.018679
0.21081
0.425811
-0.11623
0.107506
0.343
-0.212408
-0.00739746
0.236448
-0.28111
-0.1018
0.136485
-0.308897
-0.159674
0.0593551
0.497041
0.707487
0.855317
0.420485
0.683892
0.90648
0.344322
0.631263
0.897857
0.271448
0.537225
0.795428
0.197656
0.39038
0.578405
0.0865272
0.159839
0.23005
-0.279574
-0.163035
0.0201083
-0.193082
-0.112358
0.0172935
-0.0681822
-0.0352821
0.0162461
-0.342648
-0.360974
-0.399447
-0.286144
-0.308218
-0.354747
-0.22986
-0.25261
-0.301382
-0.432844
-0.426587
-0.35979
-0.404969
-0.424545
-0.391424
-0.358989
-0.39468
-0.386738
-0.286951
-0.325697
-0.331063
-0.192907
-0.221365
-0.227212
-0.0726216
-0.0826341
-0.0831756
-0.170192
-0.189573
-0.232994
-0.110823
-0.122812
-0.153975
-0.0416002
-0.0458933
-0.0577882
-0.455384
-0.507813
-0.517387
-0.44528
-0.496635
-0.508541
-0.391729
-0.453495
-0.479331
-0.493595
-0.452132
-0.400905
-0.490722
-0.456232
-0.412792
-0.479856
-0.46406
-0.437354
-0.431324
-0.444203
-0.445416
-0.325318
-0.370747
-0.405844
-0.154664
-0.230449
-0.30022
-0.271581
-0.35237
-0.402093
-0.093553
-0.191948
-0.265356
0.127625
0.0191467
-0.0704432
-0.342651
-0.286147
-0.229862
-0.360979
-0.308224
-0.252616
-0.399453
-0.354754
-0.30139
-0.170194
-0.110825
-0.041601
-0.189578
-0.122816
-0.0458949
-0.233001
-0.153981
-0.0577902
-0.286957
-0.192911
-0.0726233
-0.3257
-0.221367
-0.0826345
-0.331058
-0.227207
-0.0831735
-0.432848
-0.404975
-0.358996
-0.426585
-0.424545
-0.394682
-0.359777
-0.391414
-0.38673
-0.212383
-0.281087
-0.308876
-0.00736115
-0.101763
-0.159638
0.236492
0.136533
0.0594047
-0.279556
-0.193069
-0.0681766
-0.163003
-0.112334
-0.0352726
0.0201533
0.0173268
0.0162593
0.271503
0.197696
0.0865427
0.537282
0.390421
0.159854
0.795479
0.578442
0.230063
0.497086
0.42054
0.344381
0.707526
0.683944
0.631323
0.855343
0.906522
0.897908
0.36076
0.257413
0.167713
0.531357
0.44809
0.377327
0.616245
0.562073
0.525226
0.0750555
-0.0186533
-0.116204
0.29946
0.210841
0.107541
0.484059
0.425841
0.343038
0.594223
0.590793
0.559748
0.602087
0.660607
0.699425
0.526305
0.642176
0.757527
0.604522
0.578988
0.582689
0.518717
0.50788
0.540619
0.403699
0.386761
0.430144
0.300418
0.256776
0.285592
0.256776
0.177801
0.173298
0.285593
0.173299
0.129093
0.392634
0.550665
0.737847
0.264694
0.437686
0.671401
0.187149
0.350119
0.602482
0.204653
0.337691
0.576042
0.337692
0.43242
0.627182
0.576045
0.627184
0.752221
0.392636
0.264696
0.18715
0.550666
0.437688
0.350122
0.737849
0.671404
0.602485
0.931709
1.07152
1.12125
0.940171
1.15474
1.25621
0.914617
1.17643
1.3097
1.02106
0.742314
0.289277
1.1622
0.841636
0.322063
1.21715
0.872154
0.326552
1.17534
0.823068
0.298638
1.0431
0.700851
0.243159
0.827463
0.514403
0.164232
0.888432
1.15383
1.28225
0.890403
1.10485
1.1834
0.917933
1.02918
1.01657
0.940458
0.902024
0.768132
0.902026
0.718491
0.480326
0.768136
0.480327
0.187418
0.529421
0.272771
0.0682167
0.220639
0.0423664
-0.0169965
-0.0496462
-0.136392
-0.0748259
-0.215208
-0.216698
-0.0903145
-0.216698
-0.177081
-0.0637212
-0.0903143
-0.0637212
-0.0186079
0.529425
0.220642
-0.0496452
0.272774
0.0423682
-0.136391
0.0682176
-0.0169959
-0.0748255
0.93171
0.940175
0.914622
1.07152
1.15474
1.17643
1.12125
1.25621
1.3097
0.888437
0.890407
0.917936
1.15384
1.10486
1.02919
1.28226
1.18341
1.01658
1.17534
1.04311
0.827468
0.823071
0.700855
0.514406
0.298639
0.243161
0.164233
1.02106
1.1622
1.21716
0.742315
0.841638
0.872157
0.289278
0.322064
0.326553
-0.455383
-0.445279
-0.391729
-0.507812
-0.496635
-0.453495
-0.517386
-0.50854
-0.47933
-0.271582
-0.0935551
0.127621
-0.352371
-0.19195
0.0191438
-0.402094
-0.265357
-0.0704459
-0.431324
-0.325319
-0.154667
-0.444203
-0.370748
-0.230451
-0.445415
-0.405845
-0.300222
-0.493594
-0.490721
-0.479855
-0.452131
-0.456231
-0.464059
-0.400903
-0.412791
-0.437353
0.360756
0.531353
0.616242
0.257409
0.448086
0.562069
0.167709
0.377322
0.525222
0.60452
0.518716
0.403699
0.578986
0.507879
0.386761
0.582686
0.540617
0.430144
0.59422
0.602085
0.526305
0.59079
0.660605
0.642176
0.559745
0.699423
0.757527
0.075052
0.299456
0.484055
-0.0186565
0.210837
0.425837
-0.116207
0.107537
0.343034
-0.212386
-0.00736416
0.236489
-0.281089
-0.101765
0.13653
-0.308877
-0.15964
0.0594024
0.497083
0.707524
0.855343
0.420537
0.683942
0.906522
0.344379
0.631321
0.897908
0.271502
0.537281
0.795479
0.197695
0.390421
0.578442
0.0865424
0.159854
0.230063
-0.279557
-0.163005
0.0201516
-0.19307
-0.112335
0.0173256
-0.0681768
-0.0352729
0.0162588
-0.342649
-0.360978
-0.399452
-0.286145
-0.308223
-0.354753
-0.229861
-0.252615
-0.301389
-0.432847
-0.426585
-0.359778
-0.404974
-0.424545
-0.391415
-0.358995
-0.394682
-0.386731
-0.286957
-0.325699
-0.331058
-0.192911
-0.221366
-0.227207
-0.072623
-0.0826343
-0.0831735
-0.170193
-0.189577
-0.233
-0.110824
-0.122816
-0.15398
-0.0416007
-0.0458947
-0.0577899
-0.455383
-0.507812
-0.517385
-0.445278
-0.496634
-0.508539
-0.39173
-0.453495
-0.47933
-0.493593
-0.45213
-0.400902
-0.490719
-0.456228
-0.412787
-0.479854
-0.464057
-0.437349
-0.431326
-0.444204
-0.445414
-0.325328
-0.370755
-0.40585
-0.154683
-0.230467
-0.300236
-0.271586
-0.352375
-0.402098
-0.093564
-0.191959
-0.265367
0.127608
0.0191289
-0.0704618
-0.342648
-0.286143
-0.229859
-0.360973
-0.308217
-0.25261
-0.399446
-0.354746
-0.301382
-0.170191
-0.110822
-0.0416
-0.189572
-0.122812
-0.0458932
-0.232994
-0.153975
-0.0577882
-0.286951
-0.192907
-0.0726216
-0.325697
-0.221365
-0.0826342
-0.331063
-0.227212
-0.0831756
-0.432844
-0.404969
-0.358989
-0.426587
-0.424545
-0.39468
-0.35979
-0.391424
-0.386738
-0.212409
-0.281111
-0.308897
-0.00739861
-0.101801
-0.159674
0.236447
0.136484
0.0593541
-0.279574
-0.193083
-0.0681822
-0.163035
-0.112358
-0.0352822
0.0201076
0.0172933
0.0162461
0.271448
0.197656
0.0865272
0.537224
0.390379
0.159839
0.795428
0.578405
0.23005
0.49704
0.420484
0.34432
0.707486
0.68389
0.631261
0.855316
0.906479
0.897856
0.360741
0.257391
0.167689
0.531341
0.44807
0.377302
0.616237
0.56206
0.525207
0.0750294
-0.0186804
-0.116232
0.299432
0.210809
0.107505
0.484034
0.425809
0.342999
0.594208
0.590769
0.559714
0.602087
0.660596
0.6994
0.526319
0.64218
0.757517
0.604525
0.578987
0.582682
0.518731
0.507892
0.540626
0.403721
0.386784
0.430164
0.300443
0.256804
0.285621
0.2568
0.177828
0.173328
0.285612
0.173321
0.129119
0.39266
0.550683
0.737853
0.264724
0.437712
0.671419
0.187177
0.350146
0.602506
0.204674
0.337713
0.576067
0.337704
0.432436
0.627205
0.576049
0.627195
0.752245
0.392647
0.26471
0.187168
0.550669
0.437694
0.350129
0.737842
0.671399
0.602484
0.931699
1.07149
1.12121
0.940177
1.15473
1.2562
0.914636
1.17644
1.30971
1.02102
0.742291
0.28927
1.16219
0.841631
0.322063
1.21717
0.872169
0.32656
1.17538
0.823104
0.298654
1.04317
0.700905
0.243182
0.827549
0.514471
0.164259
0.88846
1.15387
1.28229
0.890438
1.1049
1.18347
0.917977
1.02925
1.01665
0.940513
0.902105
0.768232
0.902093
0.718584
0.480436
0.768212
0.480426
0.187528
0.529522
0.272848
0.0682468
0.220746
0.0424448
-0.016967
-0.0495449
-0.136321
-0.0748003
-0.215127
-0.216645
-0.0902963
-0.216647
-0.177049
-0.0637114
-0.0902972
-0.0637115
-0.0186055
0.529499
0.22073
-0.0495518
0.272829
0.0424311
-0.136329
0.0682392
-0.0169723
-0.0748032
0.931694
0.940162
0.914614
1.0715
1.15473
1.17642
1.12122
1.2562
1.3097
0.888437
0.890419
0.917965
1.15384
1.10488
1.02923
1.28227
1.18344
1.01663
1.17536
1.04314
0.827521
0.823088
0.700884
0.514449
0.298647
0.243173
0.164251
1.02104
1.16219
1.21716
0.742302
0.841633
0.872162
0.289274
0.322063
0.326557
-0.45538
-0.445275
-0.391725
-0.507809
-0.496631
-0.453492
-0.517383
-0.508538
-0.479328
-0.271577
-0.0935505
0.127626
-0.352368
-0.191947
0.0191456
-0.402092
-0.265356
-0.0704458
-0.431323
-0.325319
-0.154668
-0.444202
-0.370748
-0.230453
-0.445414
-0.405845
-0.300224
-0.493591
-0.490719
-0.479854
-0.452129
-0.456229
-0.464058
-0.400901
-0.412789
-0.437351
0.36076
0.531357
0.616249
0.25741
0.448088
0.562074
0.167708
0.377322
0.525223
0.604531
0.518732
0.40372
0.578994
0.507892
0.386779
0.58269
0.540626
0.430157
0.594219
0.602088
0.526311
0.590784
0.660602
0.642175
0.559734
0.699412
0.757517
0.0750496
0.299453
0.484053
-0.0186605
0.210832
0.425831
-0.116213
0.107529
0.343023
-0.212393
-0.0073756
0.236473
-0.281097
-0.101779
0.136511
-0.308886
-0.159656
0.05938
0.497065
0.707504
0.855324
0.420512
0.683915
0.906496
0.344351
0.631291
0.897879
0.271476
0.537253
0.795452
0.197677
0.390401
0.578424
0.0865357
0.159847
0.230057
-0.279566
-0.16302
0.0201304
-0.193077
-0.112347
0.0173101
-0.0681798
-0.0352774
0.016253
-0.342647
-0.360976
-0.39945
-0.286143
-0.30822
-0.354751
-0.229859
-0.252613
-0.301386
-0.432846
-0.426585
-0.359782
-0.404972
-0.424545
-0.391419
-0.358993
-0.394682
-0.386735
-0.286955
-0.3257
-0.331062
-0.19291
-0.221367
-0.227211
-0.0726229
-0.0826349
-0.0831751
-0.170191
-0.189575
-0.232998
-0.110823
-0.122814
-0.153978
-0.0416002
-0.0458941
-0.0577895
-0.45538
-0.507809
-0.517382
-0.445276
-0.496631
-0.508536
-0.391728
-0.453493
-0.479328
-0.49359
-0.452128
-0.4009
-0.490717
-0.456226
-0.412785
-0.479852
-0.464055
-0.437347
-0.431325
-0.444202
-0.445413
-0.325326
-0.370753
-0.405848
-0.15468
-0.230464
-0.300233
-0.271585
-0.352374
-0.402096
-0.0935627
-0.191958
-0.265365
0.12761
0.0191311
-0.0704593
-0.342645
-0.286141
-0.229857
-0.360971
-0.308216
-0.252608
-0.399445
-0.354745
-0.301381
-0.17019
-0.110822
-0.0415997
-0.189571
-0.122812
-0.0458931
-0.232993
-0.153975
-0.0577882
-0.286951
-0.192907
-0.0726218
-0.325697
-0.221365
-0.0826343
-0.331063
-0.227212
-0.0831757
-0.432843
-0.404968
-0.358988
-0.426586
-0.424544
-0.39468
-0.359788
-0.391422
-0.386737
-0.212406
-0.281108
-0.308895
-0.00739455
-0.101797
-0.159672
0.23645
0.136487
0.0593567
-0.279573
-0.193082
-0.068182
-0.163034
-0.112357
-0.0352816
0.0201097
0.0172949
0.016247
0.271449
0.197658
0.0865282
0.537224
0.39038
0.159839
0.795426
0.578405
0.23005
0.497041
0.420485
0.344322
0.707484
0.683889
0.631261
0.855309
0.906473
0.897851
0.360743
0.257394
0.167692
0.531343
0.448073
0.377306
0.61624
0.562063
0.52521
0.0750331
-0.0186765
-0.116228
0.299436
0.210813
0.107509
0.484037
0.425813
0.343003
0.594209
0.59077
0.559715
0.602085
0.660594
0.699398
0.526315
0.642174
0.757511
0.604527
0.578989
0.582683
0.518733
0.507893
0.540625
0.403724
0.386785
0.430163
0.300448
0.256807
0.285621
0.256807
0.177834
0.17333
0.285621
0.173331
0.129126
0.392655
0.550675
0.737842
0.264721
0.437704
0.671406
0.187177
0.35014
0.602494
0.204678
0.337712
0.57606
0.337712
0.43244
0.627206
0.576061
0.627207
0.752259
0.392656
0.264722
0.187178
0.550676
0.437705
0.350141
0.737844
0.671407
0.602495
0.931687
1.07148
1.1212
0.940162
1.15472
1.25619
0.914621
1.17642
1.3097
1.02102
0.742288
0.289269
1.16218
0.841627
0.322062
1.21716
0.872167
0.32656
1.17538
0.823108
0.298656
1.04318
0.700919
0.243188
0.827583
0.514498
0.16427
0.88845
1.15386
1.28229
0.890439
1.10491
1.18348
0.917995
1.02927
1.01669
0.940555
0.902157
0.768291
0.902158
0.718661
0.480517
0.768292
0.480518
0.18762
0.529578
0.272889
0.0682625
0.220818
0.042495
-0.0169484
-0.0494666
-0.136269
-0.0747818
-0.215058
-0.2166
-0.0902814
-0.2166
-0.177021
-0.0637024
-0.0902814
-0.0637024
-0.018603
0.52958
0.220819
-0.0494664
0.27289
0.0424954
-0.136269
0.0682628
-0.0169483
-0.0747818
0.931688
0.940163
0.914622
1.07148
1.15472
1.17643
1.1212
1.25619
1.30971
0.888452
0.890441
0.917996
1.15386
1.10491
1.02928
1.28229
1.18348
1.01669
1.17539
1.04319
0.827586
0.823111
0.700921
0.514499
0.298657
0.243189
0.164271
1.02102
1.16218
1.21717
0.74229
0.841629
0.872169
0.28927
0.322063
0.326561
-0.455376
-0.445273
-0.391726
-0.507804
-0.496628
-0.453491
-0.517378
-0.508533
-0.479326
-0.271583
-0.0935605
0.127613
-0.352372
-0.191956
0.0191336
-0.402095
-0.265364
-0.0704573
-0.431324
-0.325325
-0.154679
-0.444202
-0.370753
-0.230463
-0.445413
-0.405848
-0.300233
-0.493586
-0.490714
-0.479851
-0.452124
-0.456224
-0.464054
-0.400896
-0.412783
-0.437347
0.360747
0.531347
0.616243
0.257397
0.448077
0.562066
0.167695
0.377309
0.525214
0.604529
0.518734
0.403724
0.578992
0.507894
0.386785
0.582686
0.540628
0.430164
0.594212
0.602088
0.526317
0.590773
0.660597
0.642176
0.559717
0.6994
0.757513
0.0750352
0.299438
0.48404
-0.0186751
0.210815
0.425816
-0.116227
0.107511
0.343005
-0.212406
-0.007394
0.236451
-0.281109
-0.101798
0.136487
-0.308896
-0.159673
0.0593564
0.497043
0.707486
0.855311
0.420486
0.68389
0.906474
0.344322
0.631261
0.897852
0.271449
0.537225
0.795426
0.197657
0.39038
0.578405
0.0865281
0.159839
0.23005
-0.279574
-0.163035
0.0201091
-0.193083
-0.112357
0.0172945
-0.0681823
-0.0352818
0.0162468
-0.342642
-0.36097
-0.399445
-0.286139
-0.308215
-0.354745
-0.229855
-0.252608
-0.301381
-0.432843
-0.426587
-0.359788
-0.404969
-0.424545
-0.391423
-0.358989
-0.394681
-0.386738
-0.286952
-0.325698
-0.331064
-0.192907
-0.221366
-0.227213
-0.072622
-0.0826346
-0.0831759
-0.170188
-0.189571
-0.232994
-0.110821
-0.122812
-0.153975
-0.0415994
-0.0458931
-0.0577884
