FiniteElementSpace
FiniteElementCollection: H1_2D_P4
VDim: 1
Ordering: 0

-3.94391
0
0
0
0
0
0
0
0
0
0
0.430589
0
0
0.430586
0
0
0.43059
0
0
0.43059
0
0
0.430586
0
0
0.000300974
0.000300986
0.000300993
0.000300996
0.000300974
-0.660196
0.0453119
0.0453117
-0.660188
0.0453118
0.0453122
-0.660198
0.045313
0.045313
-0.660198
0.0453126
0.0453123
-0.660188
0.0453117
0.0453119
0.00164048
0
-5.66932e-06
0
0
-5.66937e-06
0
0.00164046
0
-5.66958e-06
0
0
-5.6697e-06
0
0.00164049
0
-5.66968e-06
0
0
-5.66972e-06
0
0.00164049
0
-5.66979e-06
0
0
-5.66956e-06
0
0.00164046
0
-5.66935e-06
0
0
-5.66933e-06
0
1.03635
1.03635
1.03635
1.03635
1.03635
0.000116547
1.65743e-07
0.000116547
0.000116548
1.6577e-07
0.00011655
0.000116552
1.65785e-07
0.000116552
0.000116551
1.65772e-07
0.000116548
0.000116547
1.65743e-07
0.000116547
-3.65146
0.696851
0.696853
-3.65145
1.11261
0.194161
0.370072
0.00476479
0.00476478
0.370072
0.19416
1.11261
0.696855
0.696852
-3.65146
0.19416
0.370072
0.00476484
0.00476486
0.370073
0.194162
1.11261
0.696845
0.696845
-3.65146
0.194163
0.370077
0.00476501
0.00476501
0.370077
0.194163
1.11261
0.696851
0.696853
-3.65145
0.194163
0.370075
0.00476497
0.00476495
0.370074
0.194161
1.11261
0.696853
0.696851
0.19416
0.370072
0.00476478
0.00476479
0.370072
0.194161
0.0444861
0.000357219
0.0019983
9.09271e-05
0
1.07006e-05
0
-1.72466e-06
1.83865e-05
4.24127e-05
-3.09319e-06
-3.09318e-06
4.24126e-05
0
1.67273e-07
0
0
1.67272e-07
0
-1.72465e-06
0.00199829
0.000357216
0.0444855
1.83861e-05
0
1.07003e-05
0
9.09267e-05
0.000357217
0.00199831
0
1.07e-05
0
-1.72461e-06
1.83856e-05
4.24123e-05
-3.09309e-06
-3.09308e-06
4.24122e-05
0
1.67268e-07
0
0
1.67268e-07
0
-1.72456e-06
0.00199836
0.00035723
0.0444862
1.83852e-05
0
1.06993e-05
0
9.09276e-05
0.000357235
0.00199841
0
1.06989e-05
0
-1.7245e-06
1.83847e-05
4.24116e-05
-3.09299e-06
-3.09298e-06
4.24116e-05
0
1.67265e-07
0
0
1.67265e-07
0
-1.72449e-06
0.00199842
0.000357236
0.0444862
1.83846e-05
0
1.06989e-05
0
9.09276e-05
0.000357232
0.00199839
0
1.06992e-05
0
-1.72454e-06
1.83849e-05
4.24119e-05
-3.09307e-06
-3.09308e-06
4.24121e-05
0
1.67268e-07
0
0
1.67268e-07
0
-1.7246e-06
0.00199833
0.000357219
0.0444855
1.83855e-05
0
1.07001e-05
0
9.09267e-05
0.000357216
0.00199829
0
1.07003e-05
0
-1.72464e-06
1.83861e-05
4.24126e-05
-3.09317e-06
-3.09318e-06
4.24127e-05
0
1.67272e-07
0
0
1.67273e-07
0
-1.72466e-06
0.0019983
0.000357219
1.83865e-05
0
1.07006e-05
0
-2.03193
0.889589
0.0666596
0.889587
-2.03192
0.889587
0.0666599
0.889589
-2.03194
0.889592
0.0666614
0.889592
-2.03193
0.88959
0.0666607
0.889588
-2.03193
0.889587
0.0666596
0.889589
0.0137474
1.76815e-05
-7.61674e-06
0.000235482
-6.7865e-06
1.86492e-07
1.15187e-08
1.86495e-07
0.0137472
0.000235482
-7.61676e-06
1.76813e-05
0.0137473
1.76815e-05
-7.6168e-06
0.000235487
-6.78693e-06
1.86509e-07
1.15173e-08
1.86517e-07
0.0137475
0.000235492
-7.61684e-06
1.76817e-05
0.0137477
1.76828e-05
-7.61687e-06
0.000235497
-6.78695e-06
1.86526e-07
1.15163e-08
1.8653e-07
0.0137477
0.000235497
-7.61687e-06
1.76826e-05
0.0137476
1.7682e-05
-7.61686e-06
0.000235496
-6.78699e-06
1.86522e-07
1.15172e-08
1.86506e-07
0.0137473
0.00023549
-7.61673e-06
1.76818e-05
0.0137472
1.76812e-05
-7.61674e-06
0.000235481
-6.78649e-06
1.86494e-07
1.15187e-08
1.86493e-07
0.0137474
0.000235482
-7.61674e-06
1.76815e-05
-3.95109
-3.97322
-3.84411
-3.54282
-3.15989
-2.48916
-3.54282
-3.15989
-2.48916
-3.95109
-3.97322
-3.84411
-1.27474
-2.43159
-3.33453
-0.45703
0.00349425
0.4767
0.358209
-0.51012
-1.51717
1.09475
1.083
0.878154
1.09475
1.083
0.878155
0.358212
-0.510118
-1.51717
-0.457024
0.00349905
0.476703
-1.27473
-2.43159
-3.33453
-0.0970136
0.700977
1.07351
1.1047
1.05821
0.9601
0.933421
1.11168
1.00907
0.562722
0.842331
1.0662
0.390453
0.310067
0.232376
0.275206
0.484777
0.748734
0.0617018
0.103099
0.158596
0.0705003
0.14762
0.276676
0.454393
0.631191
0.805736
0.939549
0.711874
0.477068
0.292213
0.17554
0.095857
0.292213
0.17554
0.0958569
0.939549
0.711874
0.477068
0.0332819
0.0166025
0.00793395
0.00853889
0.0204243
0.0459825
0.000458573
0.00118867
0.00322001
0.000458573
0.00118867
0.00322
0.00853888
0.0204243
0.0459825
0.0332818
0.0166024
0.00793393
0.0705
0.147619
0.276675
0.933423
1.11168
1.00907
1.1047
1.0582
0.960098
-0.0970063
0.700982
1.07351
0.454392
0.63119
0.805735
0.0617015
0.103099
0.158595
0.275204
0.484775
0.748733
0.39045
0.310065
0.232375
0.562719
0.842328
1.06619
-3.54282
-3.15989
-2.48916
-3.54282
-3.15989
-2.48916
-3.95109
-3.97322
-3.84411
-0.457022
0.00350162
0.476706
0.358215
-0.510114
-1.51717
1.09475
1.083
0.878156
1.09475
1.083
0.878155
0.358211
-0.510117
-1.51717
-0.457032
0.00349469
0.476702
-1.27474
-2.43159
-3.33453
1.1047
1.0582
0.960098
0.933424
1.11168
1.00907
0.39045
0.310065
0.232374
0.275204
0.484775
0.748732
0.0617016
0.103099
0.158595
0.0705002
0.14762
0.276675
0.454392
0.631189
0.805734
0.939548
0.711873
0.477068
0.292213
0.17554
0.0958573
0.292214
0.17554
0.0958573
0.939548
0.711874
0.477069
0.0332819
0.0166025
0.007934
0.00853896
0.0204244
0.0459827
0.000458581
0.00118869
0.00322004
0.000458581
0.00118869
0.00322005
0.008539
0.0204245
0.0459828
0.0332822
0.0166026
0.00793405
0.0705007
0.14762
0.276676
0.933422
1.11168
1.00907
1.1047
1.05821
0.9601
-0.097016
0.700975
1.07351
0.454393
0.631191
0.805737
0.0617022
0.1031
0.158597
0.275206
0.484778
0.748735
0.390454
0.310068
0.232377
0.562723
0.842332
1.0662
-3.54282
-3.15989
-2.48917
-3.54282
-3.15989
-2.48917
-3.95109
-3.97322
-3.84411
-0.457034
0.00348844
0.476694
0.358202
-0.51013
-1.51718
1.09475
1.083
0.878149
1.09475
1.083
0.878149
0.358202
-0.51013
-1.51718
-0.457034
0.00348844
0.476694
-1.27474
-2.43159
-3.33453
1.1047
1.05821
0.960102
0.933417
1.11168
1.00907
0.390454
0.310069
0.232378
0.275208
0.484781
0.748738
0.0617031
0.103101
0.158598
0.0705018
0.147622
0.27668
0.454398
0.631196
0.80574
0.939553
0.71188
0.477074
0.292218
0.175543
0.0958592
0.292218
0.175543
0.0958592
0.939553
0.71188
0.477074
0.0332828
0.016603
0.00793424
0.00853921
0.020425
0.0459838
0.000458597
0.00118873
0.00322014
0.000458597
0.00118873
0.00322014
0.00853921
0.020425
0.0459838
0.0332828
0.016603
0.00793424
0.0705018
0.147622
0.27668
0.933417
1.11168
1.00907
1.1047
1.05821
0.960102
-0.097016
0.700975
1.07351
0.454398
0.631196
0.80574
0.0617031
0.103101
0.158598
0.275208
0.484781
0.748738
0.390454
0.310069
0.232378
0.562723
0.842332
1.0662
-3.54282
-3.15989
-2.48916
-3.54282
-3.15989
-2.48916
-3.95109
-3.97322
-3.84411
-0.457032
0.0034936
0.4767
0.358209
-0.510119
-1.51717
1.09475
1.083
0.878153
1.09475
1.083
0.878155
0.358212
-0.510117
-1.51717
-0.457023
0.00350017
0.476704
-1.27473
-2.43159
-3.33453
1.1047
1.05821
0.960101
0.933421
1.11168
1.00907
0.390454
0.310068
0.232377
0.275207
0.484779
0.748736
0.0617027
0.1031
0.158597
0.0705013
0.147621
0.276678
0.454395
0.631193
0.805738
0.93955
0.711876
0.477071
0.292216
0.175542
0.0958583
0.292215
0.175541
0.0958583
0.93955
0.711876
0.47707
0.0332825
0.0166029
0.00793418
0.00853915
0.0204248
0.0459833
0.000458593
0.00118872
0.00322012
0.000458593
0.00118872
0.00322011
0.00853912
0.0204248
0.0459833
0.0332823
0.0166028
0.00793415
0.0705009
0.147621
0.276677
0.933423
1.11168
1.00907
1.1047
1.0582
0.960099
-0.0970063
0.700982
1.07351
0.454394
0.631191
0.805736
0.0617023
0.103099
0.158596
0.275205
0.484776
0.748733
0.39045
0.310065
0.232375
0.562719
0.842328
1.06619
-3.54282
-3.15989
-2.48916
-3.54282
-3.15989
-2.48916
-0.457024
0.00349905
0.476703
0.358212
-0.510118
-1.51717
1.09475
1.083
0.878155
1.09475
1.083
0.878154
0.358209
-0.51012
-1.51717
-0.45703
0.00349425
0.4767
1.1047
1.0582
0.960098
0.933423
1.11168
1.00907
0.39045
0.310065
0.232375
0.275204
0.484775
0.748733
0.0617015
0.103099
0.158595
0.0705
0.147619
0.276675
0.454392
0.63119
0.805735
0.939549
0.711874
0.477068
0.292213
0.17554
0.0958569
0.292213
0.17554
0.095857
0.939549
0.711874
0.477068
0.0332818
0.0166024
0.00793393
0.00853888
0.0204243
0.0459825
0.000458573
0.00118867
0.00322
0.000458573
0.00118867
0.00322001
0.00853889
0.0204243
0.0459825
0.0332819
0.0166025
0.00793395
0.0705003
0.14762
0.276676
0.933421
1.11168
1.00907
1.1047
1.05821
0.9601
0.454393
0.631191
0.805736
0.0617018
0.103099
0.158596
0.275206
0.484777
0.748734
0.390453
0.310067
0.232376
0.31565
0.160335
0.0719731
0.0383096
0.0271242
0.0176526
0.132751
0.0590057
0.0234809
0.00323796
0.00959672
0.0276458
0.00128249
0.000961679
0.000550767
0.000725216
0.00249461
0.00789049
8.1466e-05
0.000152196
0.000343251
6.40094e-05
0.00032466
0.00111911
0.00318228
0.00588185
0.0106593
0.029124
0.0109857
0.00398578
0.000761324
0.000249549
9.33574e-06
5.64011e-05
-1.56326e-06
3.71241e-05
0.000167997
4.06224e-05
5.16154e-06
-2.70875e-06
5.36389e-06
1.31615e-06
0
0
0
-2.89065e-06
2.71238e-06
-2.89915e-06
0
0
0
1.86454e-07
-4.05622e-07
1.48185e-06
-1.36108e-05
1.19442e-05
-1.83045e-05
-9.40246e-06
1.7112e-05
-1.20565e-05
-5.87817e-07
-1.63173e-06
1.57974e-06
3.23149e-06
-1.10395e-06
2.08093e-06
3.08394e-06
3.22292e-05
-1.06438e-05
0
0
0
1.53141e-06
-1.29691e-06
2.3867e-06
0
0
0
4.48606e-08
-3.88302e-08
3.68569e-08
1.08545e-06
-1.2108e-06
2.04377e-06
2.8693e-06
-1.45694e-06
1.47624e-06
2.5628e-07
8.79324e-07
1.53159e-06
0.00145938
0.000627351
0.000245599
0.0029719
0.000967765
0.000294708
-1.47455e-05
3.83361e-05
3.91304e-05
-5.84378e-07
2.18457e-06
-6.49329e-07
-1.08797e-05
4.94736e-05
5.51037e-05
8.23959e-05
6.6199e-05
-1.79309e-05
-4.0939e-06
3.50711e-06
-1.05948e-06
-4.09386e-06
3.50708e-06
-1.05946e-06
8.23957e-05
6.6199e-05
-1.7931e-05
3.20689e-06
-1.96421e-06
2.05951e-06
2.20903e-06
-2.06191e-06
3.81246e-06
2.02128e-07
-2.56476e-07
4.17286e-07
2.02128e-07
-2.56476e-07
4.17284e-07
2.20903e-06
-2.06191e-06
3.81246e-06
3.20689e-06
-1.96421e-06
2.0595e-06
-5.84336e-07
2.18453e-06
-6.49259e-07
3.09772e-07
-1.88514e-07
1.15885e-07
2.72751e-07
-1.67465e-07
1.27884e-07
0
0
0
-8.43585e-08
7.15504e-08
-1.43157e-07
0
0
0
-1.79335e-08
1.55738e-08
-2.62166e-08
-9.03986e-08
7.81969e-08
-1.42266e-07
-1.75754e-07
9.04976e-08
-9.90892e-08
-3.09342e-08
1.80706e-08
-1.7413e-08
-3.09341e-08
1.80705e-08
-1.7413e-08
-1.75754e-07
9.04976e-08
-9.90891e-08
0
0
0
1.60505e-09
-1.30325e-09
3.21584e-09
0
0
0
0
0
0
1.60505e-09
-1.30325e-09
3.21584e-09
0
0
0
-1.79334e-08
1.55737e-08
-2.62165e-08
2.72747e-07
-1.67462e-07
1.27881e-07
3.09768e-07
-1.88511e-07
1.15882e-07
2.86929e-06
-1.45694e-06
1.47623e-06
-9.03984e-08
7.81968e-08
-1.42265e-07
0
0
0
-8.43583e-08
7.15502e-08
-1.43156e-07
0
0
0
4.48585e-08
-3.88283e-08
3.68532e-08
0.13275
0.0590053
0.0234807
0.0383092
0.0271239
0.0176524
0.315648
0.160333
0.0719723
0.0291238
0.0109857
0.00398575
0.00318225
0.0058818
0.0106592
6.40085e-05
0.000324658
0.0011191
8.14654e-05
0.000152195
0.000343248
0.000725208
0.00249459
0.00789042
0.00128246
0.000961667
0.000550761
0.00323792
0.00959659
0.0276454
0.00297189
0.000967762
0.000294706
0.00145937
0.000627348
0.000245598
-1.08798e-05
4.94735e-05
5.51035e-05
2.5631e-07
8.79278e-07
1.53167e-06
-1.47455e-05
3.8336e-05
3.91301e-05
3.08381e-06
3.22291e-05
-1.06438e-05
3.23157e-06
-1.104e-06
2.08097e-06
-5.87829e-07
-1.6318e-06
1.57975e-06
-9.40247e-06
1.71119e-05
-1.20564e-05
1.08544e-06
-1.2108e-06
2.04375e-06
0
0
0
1.5314e-06
-1.2969e-06
2.38669e-06
0
0
0
1.86483e-07
-4.05648e-07
1.4819e-06
0.000167995
4.06219e-05
5.16149e-06
5.64008e-05
-1.56346e-06
3.71239e-05
0.00076131
0.000249546
9.33482e-06
-1.36109e-05
1.1944e-05
-1.83047e-05
0
0
0
-2.89061e-06
2.71233e-06
-2.8991e-06
0
0
0
-2.70876e-06
5.36385e-06
1.31599e-06
0.0383092
0.0271239
0.0176524
0.13275
0.0590053
0.0234807
0.00128247
0.000961669
0.000550762
0.000725209
0.00249459
0.00789043
8.14656e-05
0.000152196
0.000343249
6.40085e-05
0.000324661
0.00111911
0.00318227
0.00588182
0.0106592
0.0291239
0.0109857
0.00398577
5.64007e-05
-1.56338e-06
3.71239e-05
0.000167995
4.06222e-05
5.16138e-06
0
0
0
-2.89063e-06
2.71235e-06
-2.89913e-06
0
0
0
1.86549e-07
-4.05702e-07
1.482e-06
-1.36109e-05
1.1944e-05
-1.83047e-05
-9.40219e-06
1.71119e-05
-1.20563e-05
-5.87698e-07
-1.63188e-06
1.57982e-06
3.23179e-06
-1.10409e-06
2.08106e-06
3.08397e-06
3.22292e-05
-1.06436e-05
0
0
0
1.53138e-06
-1.29689e-06
2.38666e-06
0
0
0
4.48513e-08
-3.88222e-08
3.68409e-08
1.08542e-06
-1.21079e-06
2.04373e-06
2.86929e-06
-1.45694e-06
1.47623e-06
2.56424e-07
8.7918e-07
1.53189e-06
0.00145938
0.000627357
0.0002456
0.00297192
0.000967778
0.000294709
-1.47453e-05
3.83363e-05
3.91314e-05
-5.84131e-07
2.18435e-06
-6.48803e-07
-1.08797e-05
4.94745e-05
5.51047e-05
8.23979e-05
6.62007e-05
-1.7931e-05
-4.09323e-06
3.50679e-06
-1.05912e-06
-4.09304e-06
3.50676e-06
-1.05909e-06
8.23986e-05
6.62015e-05
-1.79306e-05
3.20693e-06
-1.96422e-06
2.0595e-06
2.20902e-06
-2.06192e-06
3.81247e-06
2.02105e-07
-2.56454e-07
4.17248e-07
2.02104e-07
-2.56452e-07
4.17243e-07
2.20903e-06
-2.06192e-06
3.81248e-06
3.20694e-06
-1.96423e-06
2.0595e-06
-5.84023e-07
2.1843e-06
-6.48557e-07
3.0975e-07
-1.88498e-07
1.15869e-07
2.72716e-07
-1.67446e-07
1.27866e-07
0
0
0
-8.43575e-08
7.15496e-08
-1.43155e-07
0
0
0
-1.79324e-08
1.55729e-08
-2.62149e-08
-9.03979e-08
7.81968e-08
-1.42265e-07
-1.75753e-07
9.04974e-08
-9.90884e-08
-3.09322e-08
1.80695e-08
-1.74119e-08
-3.0932e-08
1.80694e-08
-1.74118e-08
-1.75754e-07
9.04976e-08
-9.90887e-08
0
0
0
1.6051e-09
-1.3033e-09
3.2159e-09
0
0
0
0
0
0
1.60511e-09
-1.30331e-09
3.21593e-09
0
0
0
-1.79322e-08
1.55727e-08
-2.62146e-08
2.72707e-07
-1.67441e-07
1.2786e-07
3.09739e-07
-1.88491e-07
1.15862e-07
2.86928e-06
-1.45693e-06
1.47621e-06
-9.03983e-08
7.81974e-08
-1.42266e-07
0
0
0
-8.43573e-08
7.15497e-08
-1.43155e-07
0
0
0
4.4841e-08
-3.88131e-08
3.68238e-08
0.132752
0.0590061
0.0234811
0.0383098
0.0271244
0.0176527
0.315651
0.160335
0.0719733
0.0291242
0.0109859
0.00398586
0.00318235
0.00588196
0.0106594
6.40117e-05
0.000324674
0.00111914
8.14676e-05
0.000152202
0.000343257
0.000725231
0.00249466
0.0078906
0.0012825
0.000961692
0.000550778
0.00323798
0.00959677
0.0276459
0.00297195
0.000967796
0.000294717
0.00145942
0.000627376
0.000245609
-1.08793e-05
4.94757e-05
5.51078e-05
2.56512e-07
8.79116e-07
1.53208e-06
-1.47449e-05
3.83373e-05
3.91345e-05
3.08518e-06
3.22296e-05
-1.06432e-05
3.23205e-06
-1.10418e-06
2.08116e-06
-5.87603e-07
-1.63207e-06
1.57989e-06
-9.40103e-06
1.7112e-05
-1.2056e-05
1.0854e-06
-1.21077e-06
2.04368e-06
0
0
0
1.53136e-06
-1.29687e-06
2.38663e-06
0
0
0
1.86696e-07
-4.05825e-07
1.48223e-06
0.000168
4.0624e-05
5.16158e-06
5.64012e-05
-1.5632e-06
3.71237e-05
0.000761328
0.00024955
9.33606e-06
-1.3611e-05
1.19437e-05
-1.83051e-05
0
0
0
-2.89064e-06
2.71236e-06
-2.89902e-06
0
0
0
-2.70889e-06
5.36402e-06
1.316e-06
0.0383099
0.0271245
0.0176529
0.132753
0.0590067
0.0234814
0.0012825
0.000961694
0.000550784
0.000725242
0.00249469
0.00789069
8.14687e-05
0.000152205
0.00034326
6.40136e-05
0.000324683
0.00111917
0.00318241
0.00588205
0.0106596
0.0291248
0.0109861
0.00398594
5.64021e-05
-1.56295e-06
3.71241e-05
0.000168002
4.06249e-05
5.16134e-06
0
0
0
-2.89081e-06
2.71251e-06
-2.89925e-06
0
0
0
1.86789e-07
-4.05901e-07
1.48237e-06
-1.36108e-05
1.1944e-05
-1.83049e-05
-9.40048e-06
1.71121e-05
-1.20559e-05
-5.87347e-07
-1.63215e-06
1.57999e-06
3.23222e-06
-1.10425e-06
2.08123e-06
3.08646e-06
3.22298e-05
-1.06427e-05
0
0
0
1.53134e-06
-1.29686e-06
2.3866e-06
0
0
0
4.48314e-08
-3.8805e-08
3.68095e-08
1.08538e-06
-1.21075e-06
2.04365e-06
2.86924e-06
-1.4569e-06
1.47618e-06
2.56593e-07
8.79065e-07
1.5323e-06
0.00145945
0.000627395
0.000245617
0.00297203
0.000967827
0.000294728
-1.47444e-05
3.83379e-05
3.91379e-05
-5.83948e-07
2.18425e-06
-6.48303e-07
-1.08784e-05
4.94767e-05
5.51122e-05
8.24048e-05
6.62027e-05
-1.79295e-05
-4.09266e-06
3.50667e-06
-1.05895e-06
-4.09262e-06
3.50665e-06
-1.05893e-06
8.24047e-05
6.62028e-05
-1.79295e-05
3.20689e-06
-1.96419e-06
2.05945e-06
2.20898e-06
-2.06188e-06
3.81242e-06
2.02089e-07
-2.56438e-07
4.1722e-07
2.02089e-07
-2.56438e-07
4.17218e-07
2.20898e-06
-2.06188e-06
3.81242e-06
3.20691e-06
-1.9642e-06
2.05945e-06
-5.83922e-07
2.18423e-06
-6.48258e-07
3.09719e-07
-1.88479e-07
1.15851e-07
2.72686e-07
-1.6743e-07
1.27849e-07
0
0
0
-8.43566e-08
7.15491e-08
-1.43154e-07
0
0
0
-1.79316e-08
1.55722e-08
-2.62136e-08
-9.03975e-08
7.81968e-08
-1.42264e-07
-1.75753e-07
9.04971e-08
-9.90878e-08
-3.09309e-08
1.80688e-08
-1.74112e-08
-3.09309e-08
1.80687e-08
-1.74111e-08
-1.75753e-07
9.04973e-08
-9.90881e-08
0
0
0
1.60517e-09
-1.30337e-09
3.21601e-09
0
0
0
0
0
0
1.60519e-09
-1.30339e-09
3.21603e-09
0
0
0
-1.79315e-08
1.55721e-08
-2.62135e-08
2.72683e-07
-1.67428e-07
1.27847e-07
3.09717e-07
-1.88477e-07
1.15848e-07
2.86924e-06
-1.45691e-06
1.47618e-06
-9.03977e-08
7.81971e-08
-1.42265e-07
0
0
0
-8.43571e-08
7.15496e-08
-1.43154e-07
0
0
0
4.48312e-08
-3.88047e-08
3.68086e-08
0.132753
0.0590067
0.0234814
0.0383099
0.0271245
0.0176529
0.315651
0.160335
0.0719733
0.0291248
0.0109861
0.00398595
0.00318242
0.00588206
0.0106596
6.40137e-05
0.000324683
0.00111917
8.14688e-05
0.000152206
0.000343261
0.000725243
0.00249469
0.0078907
0.0012825
0.000961695
0.000550785
0.00323798
0.00959677
0.0276459
0.00297203
0.000967828
0.000294728
0.00145945
0.000627396
0.000245617
-1.08784e-05
4.94767e-05
5.51122e-05
2.56602e-07
8.79051e-07
1.53232e-06
-1.47444e-05
3.83379e-05
3.9138e-05
3.08653e-06
3.22298e-05
-1.06427e-05
3.23224e-06
-1.10426e-06
2.08124e-06
-5.87382e-07
-1.63217e-06
1.57998e-06
-9.40034e-06
1.71121e-05
-1.20559e-05
1.08538e-06
-1.21075e-06
2.04364e-06
0
0
0
1.53134e-06
-1.29685e-06
2.3866e-06
0
0
0
1.86789e-07
-4.05901e-07
1.48238e-06
0.000168003
4.0625e-05
5.16138e-06
5.64021e-05
-1.56288e-06
3.7124e-05
0.000761328
0.00024955
9.3361e-06
-1.36109e-05
1.19439e-05
-1.83049e-05
0
0
0
-2.89077e-06
2.71248e-06
-2.89918e-06
0
0
0
-2.7089e-06
5.36403e-06
1.31598e-06
0.0383098
0.0271244
0.0176528
0.132752
0.0590063
0.0234812
0.0012825
0.000961692
0.000550779
0.000725233
0.00249467
0.00789063
8.14677e-05
0.000152203
0.000343258
6.4012e-05
0.000324677
0.00111915
0.00318237
0.00588199
0.0106595
0.0291245
0.010986
0.00398589
5.64013e-05
-1.56307e-06
3.71238e-05
0.000168001
4.06242e-05
5.16148e-06
0
0
0
-2.89068e-06
2.7124e-06
-2.89908e-06
0
0
0
1.86707e-07
-4.05834e-07
1.48225e-06
-1.36109e-05
1.19439e-05
-1.8305e-05
-9.40085e-06
1.7112e-05
-1.2056e-05
-5.8749e-07
-1.63208e-06
1.57994e-06
3.23215e-06
-1.10423e-06
2.0812e-06
3.08545e-06
3.22296e-05
-1.06431e-05
0
0
0
1.53135e-06
-1.29686e-06
2.38662e-06
0
0
0
4.48378e-08
-3.88104e-08
3.68185e-08
1.0854e-06
-1.21077e-06
2.04369e-06
2.86927e-06
-1.45693e-06
1.47621e-06
2.56591e-07
8.79054e-07
1.53222e-06
0.00145943
0.000627385
0.000245612
0.002972
0.000967815
0.000294721
-1.47447e-05
3.83375e-05
3.91359e-05
-5.83927e-07
2.18421e-06
-6.48315e-07
-1.08791e-05
4.94764e-05
5.51095e-05
8.24026e-05
6.62027e-05
-1.79302e-05
-4.09278e-06
3.50668e-06
-1.05899e-06
-4.09304e-06
3.50673e-06
-1.05904e-06
8.24021e-05
6.62018e-05
-1.79305e-05
3.20694e-06
-1.96423e-06
2.05949e-06
2.20902e-06
-2.06192e-06
3.81248e-06
2.02101e-07
-2.56449e-07
4.17237e-07
2.02104e-07
-2.56453e-07
4.17246e-07
2.20902e-06
-2.06191e-06
3.81246e-06
3.20692e-06
-1.96422e-06
2.05949e-06
-5.84103e-07
2.18432e-06
-6.48662e-07
3.09732e-07
-1.88487e-07
1.15858e-07
2.727e-07
-1.67438e-07
1.27856e-07
0
0
0
-8.43577e-08
7.155e-08
-1.43156e-07
0
0
0
-1.79321e-08
1.55726e-08
-2.62145e-08
-9.03985e-08
7.81976e-08
-1.42266e-07
-1.75754e-07
9.04978e-08
-9.90888e-08
-3.09319e-08
1.80694e-08
-1.74118e-08
-3.09322e-08
1.80695e-08
-1.74119e-08
-1.75753e-07
9.04972e-08
-9.90883e-08
0
0
0
1.60512e-09
-1.30332e-09
3.21594e-09
0
0
0
0
0
0
1.60509e-09
-1.3033e-09
3.21589e-09
0
0
0
-1.79324e-08
1.55729e-08
-2.62149e-08
2.72715e-07
-1.67446e-07
1.27866e-07
3.09752e-07
-1.88499e-07
1.15871e-07
2.86926e-06
-1.45693e-06
1.47622e-06
-9.03977e-08
7.81966e-08
-1.42265e-07
0
0
0
-8.43569e-08
7.15491e-08
-1.43154e-07
0
0
0
4.48525e-08
-3.88233e-08
3.6843e-08
0.132751
0.0590055
0.0234808
0.0383092
0.027124
0.0176525
0.315648
0.160333
0.0719723
0.0291243
0.0109859
0.00398582
0.0031823
0.00588186
0.0106593
6.40092e-05
0.000324665
0.00111912
8.1466e-05
0.000152197
0.00034325
0.000725213
0.0024946
0.00789046
0.00128247
0.00096167
0.000550764
0.00323792
0.00959659
0.0276454
0.00297198
0.000967798
0.000294714
0.0014594
0.000627367
0.000245605
-1.08793e-05
4.94752e-05
5.51068e-05
2.56432e-07
8.79182e-07
1.53192e-06
-1.47451e-05
3.83365e-05
3.91331e-05
3.08442e-06
3.22293e-05
-1.06434e-05
3.23178e-06
-1.10407e-06
2.08104e-06
-5.87635e-07
-1.63184e-06
1.57982e-06
-9.40193e-06
1.71119e-05
-1.20563e-05
1.08542e-06
-1.21078e-06
2.04372e-06
0
0
0
1.53137e-06
-1.29688e-06
2.38665e-06
0
0
0
1.86531e-07
-4.05685e-07
1.48197e-06
0.000167995
4.06224e-05
5.16125e-06
5.6401e-05
-1.56288e-06
3.71242e-05
0.000761311
0.000249546
9.33487e-06
-1.36107e-05
1.19442e-05
-1.83043e-05
0
0
0
-2.89068e-06
2.71239e-06
-2.8992e-06
0
0
0
-2.70878e-06
5.36387e-06
1.31595e-06
0.0383092
0.0271239
0.0176524
0.13275
0.0590053
0.0234807
0.00128246
0.000961667
0.000550761
0.000725208
0.00249459
0.00789042
8.14654e-05
0.000152195
0.000343248
6.40086e-05
0.000324658
0.0011191
0.00318225
0.0058818
0.0106592
0.0291238
0.0109857
0.00398575
5.64006e-05
-1.56337e-06
3.71238e-05
0.000167995
4.0622e-05
5.16148e-06
0
0
0
-2.89058e-06
2.71231e-06
-2.89907e-06
0
0
0
1.86479e-07
-4.05644e-07
1.48189e-06
-1.36109e-05
1.1944e-05
-1.83046e-05
-9.40241e-06
1.71119e-05
-1.20564e-05
-5.87842e-07
-1.63179e-06
1.57974e-06
3.23156e-06
-1.10399e-06
2.08096e-06
3.08388e-06
3.22291e-05
-1.06437e-05
0
0
0
1.5314e-06
-1.2969e-06
2.38669e-06
0
0
0
4.4859e-08
-3.88287e-08
3.6854e-08
1.08544e-06
-1.2108e-06
2.04375e-06
2.86928e-06
-1.45694e-06
1.47623e-06
2.56302e-07
8.79283e-07
1.53165e-06
0.00145937
0.000627348
0.000245598
0.00297189
0.000967762
0.000294706
-1.47454e-05
3.83359e-05
3.91302e-05
-5.84341e-07
2.18453e-06
-6.49259e-07
-1.08797e-05
4.94735e-05
5.51035e-05
8.23957e-05
6.6199e-05
-1.79309e-05
-4.09385e-06
3.50708e-06
-1.05946e-06
-4.09388e-06
3.5071e-06
-1.05948e-06
8.23959e-05
6.6199e-05
-1.79309e-05
3.20688e-06
-1.96421e-06
2.0595e-06
2.20903e-06
-2.06191e-06
3.81246e-06
2.02128e-07
-2.56476e-07
4.17284e-07
2.02128e-07
-2.56476e-07
4.17285e-07
2.20903e-06
-2.06191e-06
3.81246e-06
3.20689e-06
-1.96421e-06
2.0595e-06
-5.84374e-07
2.18457e-06
-6.49322e-07
3.09768e-07
-1.88511e-07
1.15882e-07
2.72747e-07
-1.67462e-07
1.27881e-07
0
0
0
-8.4358e-08
7.155e-08
-1.43156e-07
0
0
0
-1.79334e-08
1.55737e-08
-2.62165e-08
-9.03982e-08
7.81966e-08
-1.42265e-07
-1.75754e-07
9.04974e-08
-9.9089e-08
-3.09341e-08
1.80705e-08
-1.7413e-08
-3.09341e-08
1.80705e-08
-1.7413e-08
-1.75754e-07
9.04975e-08
-9.90891e-08
0
0
0
1.60505e-09
-1.30325e-09
3.21583e-09
0
0
0
0
0
0
1.60505e-09
-1.30325e-09
3.21583e-09
0
0
0
-1.79334e-08
1.55738e-08
-2.62166e-08
2.72751e-07
-1.67464e-07
1.27883e-07
3.09771e-07
-1.88513e-07
1.15885e-07
2.8693e-06
-1.45694e-06
1.47624e-06
-9.03985e-08
7.81969e-08
-1.42266e-07
0
0
0
-8.43585e-08
7.15504e-08
-1.43157e-07
0
0
0
4.48606e-08
-3.88302e-08
3.68567e-08
0.132751
0.0590057
0.0234809
0.0383096
0.0271242
0.0176526
0.029124
0.0109857
0.00398578
0.00318228
0.00588185
0.0106593
6.40094e-05
0.00032466
0.00111911
8.1466e-05
0.000152196
0.000343251
0.000725216
0.00249461
0.00789049
0.00128249
0.000961679
0.000550767
0.0029719
0.000967765
0.000294708
0.00145938
0.000627351
0.000245599
-1.08797e-05
4.94736e-05
5.51037e-05
2.56283e-07
8.79322e-07
1.53159e-06
-1.47455e-05
3.83361e-05
3.91304e-05
3.08392e-06
3.22292e-05
-1.06438e-05
3.23149e-06
-1.10395e-06
2.08093e-06
-5.87817e-07
-1.63173e-06
1.57973e-06
-9.40246e-06
1.7112e-05
-1.20565e-05
1.08545e-06
-1.2108e-06
2.04378e-06
0
0
0
1.53141e-06
-1.29691e-06
2.3867e-06
0
0
0
1.86453e-07
-4.05622e-07
1.48185e-06
0.000167997
4.06224e-05
5.16154e-06
5.64011e-05
-1.56325e-06
3.71241e-05
-1.36108e-05
1.19442e-05
-1.83045e-05
0
0
0
-2.89065e-06
2.71238e-06
-2.89915e-06
0
0
0
-3.96241
-3.96516
-3.78101
-3.96516
-3.86108
-3.49828
-3.78101
-3.49828
-2.92359
-3.1886
-2.22416
-1.05592
-2.71568
-1.66016
-0.529347
-1.98595
-0.926638
0.060988
-1.02138
-0.103093
0.620734
-0.103092
0.558826
0.977507
0.620735
0.977508
1.1111
-3.1886
-2.71568
-1.98594
-2.22415
-1.66015
-0.926636
-1.05591
-0.529342
0.060991
0.0771286
0.799267
1.09727
0.445295
0.975549
1.11052
0.790278
1.09008
1.06273
1.03743
0.793643
0.517307
0.95207
0.682996
0.42253
0.827393
0.555084
0.324664
0.664677
0.415191
0.228953
0.500028
0.292905
0.152388
0.347442
0.190898
0.0941208
1.03786
1.10157
0.93882
1.11167
1.00193
0.768365
1.03041
0.822806
0.576192
0.829363
0.597779
0.385621
0.597779
0.398081
0.238991
0.385621
0.238991
0.134921
0.21553
0.111246
0.0517185
0.125183
0.0610305
0.0269543
0.0663193
0.0306772
0.0128172
0.0306283
0.0134948
0.00528849
0.0134948
0.00555923
0.00215635
0.00528848
0.00215635
0.000733742
0.215529
0.125182
0.0663192
0.111246
0.0610303
0.0306772
0.0517183
0.0269543
0.0128172
0.0771348
0.445299
0.790281
0.799271
0.975551
1.09008
1.09727
1.11052
1.06273
1.03786
1.11167
1.03041
1.10157
1.00193
0.822806
0.938818
0.768364
0.576191
0.664675
0.500027
0.347441
0.415189
0.292904
0.190897
0.228951
0.152387
0.0941204
1.03743
0.952068
0.827391
0.79364
0.682993
0.555081
0.517304
0.422527
0.324662
-3.96241
-3.96516
-3.78101
-3.96516
-3.86108
-3.49828
-3.78101
-3.49828
-2.92359
-3.1886
-2.22415
-1.05591
-2.71568
-1.66015
-0.529339
-1.98594
-0.926631
0.0609944
-1.02138
-0.103088
0.620738
-0.103089
0.558828
0.977509
0.620735
0.977508
1.1111
-3.1886
-2.71568
-1.98594
-2.22416
-1.66016
-0.926635
-1.05592
-0.529346
0.0609897
0.0771358
0.799271
1.09728
0.445301
0.975552
1.11052
0.790282
1.09008
1.06273
1.03743
0.79364
0.517304
0.952067
0.682993
0.422527
0.82739
0.555081
0.324662
0.664674
0.415189
0.228951
0.500027
0.292904
0.152387
0.347441
0.190897
0.0941205
1.03786
1.10157
0.938818
1.11166
1.00193
0.768363
1.03041
0.822805
0.576191
0.829362
0.597779
0.385621
0.597779
0.398081
0.238991
0.385621
0.238992
0.134921
0.21553
0.111246
0.0517184
0.125183
0.0610306
0.0269544
0.0663195
0.0306773
0.0128173
0.0306285
0.0134949
0.00528855
0.0134949
0.0055593
0.00215638
0.00528856
0.00215639
0.000733757
0.21553
0.125183
0.0663196
0.111247
0.0610308
0.0306774
0.0517188
0.0269546
0.0128173
0.0771273
0.445295
0.790279
0.799266
0.975549
1.09008
1.09727
1.11052
1.06273
1.03786
1.11167
1.03041
1.10157
1.00193
0.822806
0.93882
0.768365
0.576192
0.664677
0.500029
0.347443
0.415192
0.292905
0.190898
0.228953
0.152388
0.0941212
1.03743
0.95207
0.827393
0.793644
0.682996
0.555084
0.517308
0.422531
0.324664
-3.96241
-3.96516
-3.78101
-3.96516
-3.86108
-3.49828
-3.78101
-3.49828
-2.9236
-3.18861
-2.22416
-1.05592
-2.71569
-1.66016
-0.529353
-1.98595
-0.926647
0.0609802
-1.02139
-0.103103
0.620727
-0.103103
0.558817
0.977503
0.620727
0.977503
1.1111
-3.18861
-2.71569
-1.98595
-2.22416
-1.66016
-0.926647
-1.05592
-0.529353
0.0609802
0.0771251
0.799265
1.09727
0.44529
0.975547
1.11052
0.790274
1.09008
1.06273
1.03743
0.793645
0.517309
0.952072
0.682998
0.422532
0.827396
0.555087
0.324666
0.664681
0.415195
0.228955
0.500033
0.292908
0.15239
0.347446
0.190901
0.0941226
1.03786
1.10157
0.938823
1.11167
1.00193
0.768369
1.03041
0.822811
0.576197
0.829368
0.597785
0.385626
0.597785
0.398086
0.238995
0.385626
0.238995
0.134924
0.215533
0.111248
0.0517197
0.125185
0.061032
0.0269551
0.066321
0.0306781
0.0128177
0.0306293
0.0134953
0.00528871
0.0134953
0.00555946
0.00215645
0.00528871
0.00215645
0.000733785
0.215533
0.125185
0.066321
0.111248
0.061032
0.0306781
0.0517197
0.0269551
0.0128177
0.0771251
0.44529
0.790274
0.799265
0.975547
1.09008
1.09727
1.11052
1.06273
1.03786
1.11167
1.03041
1.10157
1.00193
0.822811
0.938823
0.768369
0.576197
0.664681
0.500033
0.347446
0.415195
0.292908
0.190901
0.228955
0.15239
0.0941226
1.03743
0.952072
0.827396
0.793645
0.682998
0.555087
0.517309
0.422532
0.324666
-3.96241
-3.96516
-3.78101
-3.96516
-3.86108
-3.49828
-3.78101
-3.49828
-2.92359
-3.1886
-2.22416
-1.05592
-2.71568
-1.66016
-0.529347
-1.98594
-0.926637
0.0609879
-1.02138
-0.103092
0.620734
-0.10309
0.558826
0.977507
0.620736
0.977507
1.1111
-3.1886
-2.71568
-1.98594
-2.22415
-1.66015
-0.926634
-1.05591
-0.529341
0.0609922
0.0771269
0.799266
1.09727
0.445294
0.975548
1.11052
0.790278
1.09008
1.06273
1.03743
0.793644
0.517308
0.952071
0.682997
0.422531
0.827394
0.555085
0.324665
0.664678
0.415193
0.228954
0.50003
0.292906
0.152389
0.347444
0.190899
0.0941219
1.03786
1.10157
0.938821
1.11167
1.00193
0.768366
1.03041
0.822808
0.576194
0.829364
0.597781
0.385623
0.597781
0.398083
0.238993
0.385623
0.238993
0.134923
0.215532
0.111248
0.0517193
0.125184
0.0610315
0.0269549
0.0663204
0.0306779
0.0128176
0.0306289
0.0134952
0.00528867
0.0134951
0.00555941
0.00215644
0.00528866
0.00215643
0.000733779
0.215531
0.125184
0.0663203
0.111247
0.0610313
0.0306778
0.051719
0.0269548
0.0128175
0.0771353
0.445299
0.790281
0.799271
0.975551
1.09008
1.09727
1.11052
1.06273
1.03786
1.11167
1.03041
1.10157
1.00193
0.822807
0.938819
0.768365
0.576193
0.664676
0.500029
0.347443
0.415191
0.292905
0.190898
0.228952
0.152388
0.0941213
1.03743
0.952068
0.827391
0.79364
0.682993
0.555082
0.517304
0.422528
0.324663
-3.96241
-3.96516
-3.78101
-3.96516
-3.86108
-3.49828
-3.78101
-3.49828
-2.92359
-3.1886
-2.22415
-1.05591
-2.71568
-1.66015
-0.529342
-1.98594
-0.926636
0.060991
-1.02138
-0.103092
0.620735
-0.103093
0.558826
0.977508
0.620734
0.977507
1.1111
-3.1886
-2.71568
-1.98595
-2.22416
-1.66016
-0.926638
-1.05592
-0.529347
0.060988
0.0771348
0.799271
1.09727
0.445299
0.975551
1.11052
0.790281
1.09008
1.06273
1.03743
0.79364
0.517304
0.952068
0.682993
0.422527
0.827391
0.555081
0.324662
0.664675
0.415189
0.228951
0.500027
0.292904
0.152387
0.347441
0.190897
0.0941204
1.03786
1.10157
0.938818
1.11167
1.00193
0.768364
1.03041
0.822806
0.576191
0.829363
0.597779
0.385621
0.597779
0.398081
0.238991
0.385621
0.238991
0.134921
0.215529
0.111246
0.0517183
0.125182
0.0610303
0.0269543
0.0663192
0.0306772
0.0128172
0.0306283
0.0134948
0.00528848
0.0134948
0.00555923
0.00215635
0.00528849
0.00215635
0.000733742
0.21553
0.125183
0.0663193
0.111246
0.0610305
0.0306772
0.0517185
0.0269543
0.0128172
0.0771286
0.445295
0.790278
0.799267
0.975549
1.09008
1.09727
1.11052
1.06273
1.03786
1.11167
1.03041
1.10157
1.00193
0.822806
0.93882
0.768365
0.576192
0.664677
0.500028
0.347442
0.415191
0.292905
0.190898
0.228953
0.152388
0.0941208
1.03743
0.95207
0.827393
0.793643
0.682996
0.555084
0.517307
0.42253
0.324664
0.283119
0.140995
0.0618833
0.220677
0.104997
0.0445283
0.161055
0.0733374
0.0298345
0.0232937
0.00798463
0.00262449
0.0159125
0.00538996
0.00159507
0.0102968
0.003291
0.000990601
0.00584435
0.0018914
0.000469562
0.00328057
0.000971467
0.000266581
0.00161651
0.000504555
9.957e-05
0.107437
0.0464652
0.0181248
0.0677736
0.0280043
0.0104394
0.0396277
0.0156004
0.0055643
0.000636414
0.000181262
2.24656e-05
0.00037243
0.000118486
9.4917e-06
0.000195818
7.73266e-05
-1.0323e-05
-2.07387e-06
6.23146e-06
-5.21105e-06
1.5562e-05
-5.22518e-06
6.64983e-06
-1.11242e-06
2.38654e-06
-2.51592e-06
1.11045e-05
-5.17438e-06
6.00142e-06
-9.56994e-07
9.99492e-07
-1.26159e-06
4.6878e-06
-2.4227e-06
2.83331e-06
0.000107223
3.373e-05
3.76219e-06
4.62215e-05
1.99187e-05
-4.58237e-06
2.96954e-05
3.79408e-06
4.69831e-06
1.62548e-05
-7.3038e-07
3.04353e-06
-1.52623e-07
2.91884e-06
-1.41855e-06
3.54809e-06
-8.52971e-07
8.29305e-07
-9.54716e-07
5.43445e-07
-6.33561e-07
1.52813e-06
-7.62198e-07
8.52247e-07
-1.10121e-06
5.93739e-07
-6.97658e-07
-3.02821e-07
1.76938e-07
-2.18458e-07
2.16539e-07
-1.19045e-07
1.39904e-07
-1.54003e-07
8.86353e-08
-1.06597e-07
-1.79348e-06
1.21757e-06
-1.20611e-06
1.23254e-06
-5.51689e-07
6.47809e-07
-1.19154e-06
6.30794e-07
-6.63898e-07
0.0205047
0.00777923
0.0025761
0.0102377
0.00360886
0.00121359
0.00456679
0.00160349
0.000470657
0.000757314
0.000202094
5.79385e-05
0.000305045
9.5352e-05
8.81818e-06
0.0001416
2.53222e-05
1.5452e-05
5.24121e-05
6.27747e-06
6.14391e-06
9.30263e-06
6.26012e-06
-1.85267e-06
9.16448e-06
-1.56549e-06
2.40782e-06
0.00182946
0.000586123
0.000188251
0.000683086
0.000219943
5.40748e-05
0.000247331
6.40711e-05
2.79017e-05
8.82773e-05
1.02436e-05
1.41297e-05
1.02436e-05
1.08328e-05
-3.37949e-06
1.41297e-05
-3.37948e-06
4.33587e-06
-4.56854e-07
1.08424e-06
-1.11108e-06
1.42319e-06
-5.36096e-07
7.92187e-07
-1.44416e-06
8.16401e-07
-9.66616e-07
-9.66313e-07
5.54496e-07
-5.38803e-07
5.54495e-07
-3.11897e-07
3.084e-07
-5.38801e-07
3.084e-07
-2.96653e-07
-4.56879e-07
1.4232e-06
-1.44417e-06
1.08425e-06
-5.36102e-07
8.16406e-07
-1.11108e-06
7.92192e-07
-9.66619e-07
-8.00096e-07
4.24085e-07
-4.11196e-07
4.77487e-07
-2.53199e-07
2.47514e-07
-4.26539e-07
2.31789e-07
-2.18883e-07
6.57435e-08
-2.76964e-08
3.404e-08
-3.82366e-08
1.58208e-08
-1.93427e-08
5.56457e-08
-2.523e-08
3.02753e-08
3.82197e-08
-2.03771e-08
2.35731e-08
-2.22914e-08
1.18716e-08
-1.36897e-08
2.31823e-08
-1.25921e-08
1.45601e-08
8.4633e-08
-3.7975e-08
4.94009e-08
-4.11505e-08
1.83321e-08
-2.48175e-08
5.89172e-08
-2.76121e-08
3.44234e-08
4.96255e-08
-2.72249e-08
2.78214e-08
-2.72249e-08
1.49901e-08
-1.5446e-08
2.78214e-08
-1.5446e-08
1.57499e-08
3.0174e-10
-7.36771e-10
7.73831e-10
-5.40206e-10
5.88822e-10
-6.2396e-10
1.30656e-10
-3.88606e-10
3.88734e-10
-1.47656e-09
7.63802e-10
-8.97959e-10
7.63801e-10
-3.90043e-10
4.59381e-10
-8.97958e-10
4.59381e-10
-5.37846e-10
3.0173e-10
-5.402e-10
1.30649e-10
-7.36766e-10
5.88819e-10
-3.88603e-10
7.73826e-10
-6.23957e-10
3.88731e-10
-8.00092e-07
4.77485e-07
-4.26536e-07
4.24082e-07
-2.53197e-07
2.31787e-07
-4.11193e-07
2.47513e-07
-2.18881e-07
8.46332e-08
-4.11506e-08
5.89173e-08
-3.79752e-08
1.83322e-08
-2.76122e-08
4.94009e-08
-2.48175e-08
3.44234e-08
3.82194e-08
-2.22913e-08
2.31822e-08
-2.03769e-08
1.18716e-08
-1.2592e-08
2.35729e-08
-1.36896e-08
1.45601e-08
6.57442e-08
-3.82371e-08
5.56461e-08
-2.76967e-08
1.58211e-08
-2.52302e-08
3.40403e-08
-1.93429e-08
3.02755e-08
0.283117
0.220675
0.161054
0.140994
0.104997
0.0733368
0.0618826
0.0445278
0.0298342
0.107436
0.0677732
0.0396275
0.0464649
0.0280041
0.0156003
0.0181246
0.0104393
0.00556426
0.0058443
0.00328055
0.00161649
0.00189138
0.000971459
0.000504551
0.000469557
0.000266578
9.95689e-05
0.0232934
0.0159123
0.0102967
0.00798452
0.0053899
0.00329097
0.00262445
0.00159505
0.00099059
0.0205046
0.0102376
0.00456677
0.00777919
0.00360884
0.00160348
0.00257608
0.00121358
0.000470655
0.00182946
0.000683085
0.000247331
0.000586121
0.000219943
6.4071e-05
0.00018825
5.40746e-05
2.79017e-05
5.24118e-05
9.30259e-06
9.16443e-06
6.27746e-06
6.26009e-06
-1.56547e-06
6.14385e-06
-1.85265e-06
2.4078e-06
0.000757309
0.000305043
0.0001416
0.000202092
9.53516e-05
2.5322e-05
5.79382e-05
8.81798e-06
1.54519e-05
1.62546e-05
-1.5259e-07
3.54805e-06
-7.30379e-07
2.9188e-06
-8.52956e-07
3.04351e-06
-1.41851e-06
8.29289e-07
-1.79349e-06
1.23255e-06
-1.19155e-06
1.21757e-06
-5.51692e-07
6.30795e-07
-1.20611e-06
6.47811e-07
-6.63896e-07
-3.02813e-07
2.16536e-07
-1.54e-07
1.76934e-07
-1.19043e-07
8.86335e-08
-2.18453e-07
1.39902e-07
-1.06595e-07
-9.54706e-07
1.52814e-06
-1.10121e-06
5.43439e-07
-7.62204e-07
5.93737e-07
-6.33554e-07
8.52252e-07
-6.97655e-07
0.000636405
0.000372424
0.000195815
0.00018126
0.000118484
7.73259e-05
2.2465e-05
9.49147e-06
-1.03231e-05
0.000107222
4.62209e-05
2.96953e-05
3.37296e-05
1.99186e-05
3.79397e-06
3.76224e-06
-4.58237e-06
4.69837e-06
1.11045e-05
-9.56942e-07
4.68781e-06
-5.17439e-06
9.99461e-07
-2.4227e-06
6.00141e-06
-1.26155e-06
2.83331e-06
-2.07396e-06
1.55619e-05
-1.11237e-06
6.2314e-06
-5.22518e-06
2.38649e-06
-5.21102e-06
6.64981e-06
-2.51587e-06
0.283117
0.140994
0.0618826
0.220675
0.104996
0.0445278
0.161054
0.0733368
0.0298342
0.0232934
0.00798452
0.00262445
0.0159123
0.0053899
0.00159505
0.0102967
0.00329097
0.000990591
0.00584431
0.00189138
0.000469558
0.00328056
0.000971463
0.000266579
0.0016165
0.000504554
9.95698e-05
0.107436
0.0464649
0.0181246
0.0677733
0.0280042
0.0104393
0.0396276
0.0156003
0.00556429
0.000636404
0.00018126
2.2465e-05
0.000372424
0.000118484
9.49134e-06
0.000195816
7.73261e-05
-1.03232e-05
-2.07392e-06
6.23139e-06
-5.211e-06
1.55619e-05
-5.22519e-06
6.64982e-06
-1.11235e-06
2.38648e-06
-2.51586e-06
1.11045e-05
-5.17437e-06
6.0014e-06
-9.56911e-07
9.99446e-07
-1.26153e-06
4.68777e-06
-2.42267e-06
2.83328e-06
0.000107222
3.37296e-05
3.76234e-06
4.62211e-05
1.99187e-05
-4.5824e-06
2.96957e-05
3.79396e-06
4.69842e-06
1.62547e-05
-7.30292e-07
3.04345e-06
-1.52428e-07
2.91876e-06
-1.41845e-06
3.54797e-06
-8.52896e-07
8.29235e-07
-9.54726e-07
5.4345e-07
-6.33567e-07
1.52815e-06
-7.62208e-07
8.52258e-07
-1.10121e-06
5.93739e-07
-6.97658e-07
-3.02799e-07
1.76927e-07
-2.18444e-07
2.16528e-07
-1.19039e-07
1.39897e-07
-1.53992e-07
8.86294e-08
-1.0659e-07
-1.79351e-06
1.21758e-06
-1.20612e-06
1.23257e-06
-5.51699e-07
6.47816e-07
-1.19156e-06
6.308e-07
-6.639e-07
0.0205047
0.00777923
0.0025761
0.0102377
0.00360887
0.0012136
0.00456682
0.0016035
0.000470662
0.000757316
0.000202094
5.7939e-05
0.000305046
9.53529e-05
8.8181e-06
0.000141602
2.53224e-05
1.54522e-05
5.24125e-05
6.27778e-06
6.1438e-06
9.30304e-06
6.26014e-06
-1.85258e-06
9.16446e-06
-1.56538e-06
2.40774e-06
0.00182948
0.00058613
0.000188254
0.000683097
0.000219947
5.40756e-05
0.000247338
6.40724e-05
2.79027e-05
8.82796e-05
1.02444e-05
1.41297e-05
1.02447e-05
1.08329e-05
-3.37927e-06
1.41298e-05
-3.37923e-06
4.33572e-06
-4.56973e-07
1.08433e-06
-1.11115e-06
1.42329e-06
-5.36138e-07
7.92228e-07
-1.44422e-06
8.1644e-07
-9.66646e-07
-9.66281e-07
5.54479e-07
-5.38782e-07
5.54478e-07
-3.11887e-07
3.08388e-07
-5.3878e-07
3.08388e-07
-2.9664e-07
-4.56949e-07
1.42332e-06
-1.44423e-06
1.08436e-06
-5.36144e-07
8.16447e-07
-1.11117e-06
7.92239e-07
-9.66654e-07
-8.00072e-07
4.24073e-07
-4.11184e-07
4.7747e-07
-2.5319e-07
2.47505e-07
-4.26519e-07
2.31779e-07
-2.18873e-07
6.57469e-08
-2.76981e-08
3.40417e-08
-3.82387e-08
1.58219e-08
-1.93438e-08
5.56472e-08
-2.52308e-08
3.02761e-08
3.82181e-08
-2.03763e-08
2.35722e-08
-2.22906e-08
1.18712e-08
-1.36892e-08
2.31813e-08
-1.25916e-08
1.45596e-08
8.4639e-08
-3.79782e-08
4.94036e-08
-4.1154e-08
1.83339e-08
-2.48191e-08
5.89203e-08
-2.76138e-08
3.44247e-08
4.96235e-08
-2.72239e-08
2.78203e-08
-2.72238e-08
1.49895e-08
-1.54454e-08
2.78202e-08
-1.54454e-08
1.57492e-08
3.01439e-10
-7.36602e-10
7.73646e-10
-5.40032e-10
5.88724e-10
-6.23853e-10
1.30493e-10
-3.88513e-10
3.88633e-10
-1.47651e-09
7.63776e-10
-8.97927e-10
7.63775e-10
-3.9003e-10
4.59365e-10
-8.97923e-10
4.59364e-10
-5.37825e-10
3.01378e-10
-5.40003e-10
1.30463e-10
-7.36566e-10
5.88707e-10
-3.88496e-10
7.73609e-10
-6.23835e-10
3.88616e-10
-8.00063e-07
4.77466e-07
-4.26514e-07
4.24068e-07
-2.53187e-07
2.31776e-07
-4.11178e-07
2.47502e-07
-2.18869e-07
8.46405e-08
-4.11549e-08
5.89211e-08
-3.7979e-08
1.83345e-08
-2.76142e-08
4.94045e-08
-2.48197e-08
3.44252e-08
3.82179e-08
-2.22905e-08
2.31812e-08
-2.03762e-08
1.18711e-08
-1.25915e-08
2.3572e-08
-1.36891e-08
1.45594e-08
6.57485e-08
-3.82401e-08
5.56484e-08
-2.76988e-08
1.58226e-08
-2.52314e-08
3.40423e-08
-1.93445e-08
3.02767e-08
0.28312
0.220677
0.161056
0.140996
0.104998
0.0733378
0.0618836
0.0445285
0.0298348
0.107438
0.067774
0.039628
0.0464656
0.0280046
0.0156006
0.018125
0.0104395
0.00556441
0.00584444
0.00328064
0.00161655
0.00189144
0.000971494
0.000504571
0.000469575
0.000266589
9.95754e-05
0.0232938
0.0159126
0.0102969
0.00798468
0.00539002
0.00329105
0.0026245
0.00159509
0.000990618
0.0205049
0.0102378
0.00456686
0.00777936
0.00360893
0.00160353
0.00257616
0.00121363
0.000470676
0.0018295
0.000683102
0.00024734
0.000586141
0.000219952
6.40737e-05
0.000188259
5.40774e-05
2.79034e-05
5.24143e-05
9.30373e-06
9.16464e-06
6.2784e-06
6.26032e-06
-1.56529e-06
6.14392e-06
-1.85249e-06
2.40772e-06
0.000757339
0.000305057
0.000141607
0.000202102
9.53567e-05
2.5324e-05
5.79417e-05
8.81918e-06
1.54527e-05
1.62552e-05
-1.52009e-07
3.54798e-06
-7.30097e-07
2.91873e-06
-8.52816e-07
3.04343e-06
-1.41833e-06
8.29181e-07
-1.79349e-06
1.2326e-06
-1.19157e-06
1.2176e-06
-5.51704e-07
6.30806e-07
-1.20612e-06
6.47822e-07
-6.63901e-07
-3.02775e-07
2.16517e-07
-1.5398e-07
1.76914e-07
-1.19033e-07
8.86228e-08
-2.18428e-07
1.3989e-07
-1.06582e-07
-9.54734e-07
1.52819e-06
-1.10121e-06
5.43459e-07
-7.62225e-07
5.9374e-07
-6.33576e-07
8.52277e-07
-6.97659e-07
0.00063642
0.000372436
0.000195823
0.000181264
0.000118488
7.73281e-05
2.2466e-05
9.49215e-06
-1.03226e-05
0.000107227
4.62237e-05
2.96972e-05
3.37306e-05
1.99194e-05
3.79417e-06
3.76291e-06
-4.58219e-06
4.69864e-06
1.11046e-05
-9.56756e-07
4.68776e-06
-5.17439e-06
9.99383e-07
-2.42266e-06
6.00143e-06
-1.26146e-06
2.83326e-06
-2.07377e-06
1.55621e-05
-1.11209e-06
6.23147e-06
-5.22516e-06
2.38642e-06
-5.21104e-06
6.64982e-06
-2.51576e-06
0.28312
0.140996
0.0618837
0.220678
0.104998
0.0445287
0.161057
0.0733384
0.029835
0.0232939
0.00798469
0.00262451
0.0159127
0.00539005
0.0015951
0.010297
0.00329108
0.000990629
0.00584452
0.00189146
0.000469584
0.0032807
0.000971512
0.000266595
0.00161659
0.000504582
9.9579e-05
0.107439
0.0464661
0.0181252
0.0677749
0.028005
0.0104397
0.0396286
0.0156009
0.00556452
0.000636421
0.000181264
2.24659e-05
0.000372439
0.000118488
9.49259e-06
0.000195826
7.7329e-05
-1.03227e-05
-2.074e-06
6.2316e-06
-5.21117e-06
1.55619e-05
-5.22506e-06
6.64972e-06
-1.11208e-06
2.38643e-06
-2.51576e-06
1.11045e-05
-5.17434e-06
6.00139e-06
-9.56749e-07
9.99389e-07
-1.26146e-06
4.68771e-06
-2.42263e-06
2.83323e-06
0.00010723
3.3731e-05
3.76307e-06
4.62246e-05
1.99199e-05
-4.58235e-06
2.9698e-05
3.79432e-06
4.69867e-06
1.62553e-05
-7.29876e-07
3.0433e-06
-1.51778e-07
2.91873e-06
-1.41828e-06
3.54793e-06
-8.52733e-07
8.29112e-07
-9.54767e-07
5.43481e-07
-6.33604e-07
1.5282e-06
-7.62235e-07
8.52289e-07
-1.10122e-06
5.93746e-07
-6.97666e-07
-3.02758e-07
1.76904e-07
-2.18418e-07
2.1651e-07
-1.19029e-07
1.39885e-07
-1.5397e-07
8.86177e-08
-1.06576e-07
-1.79348e-06
1.21761e-06
-1.20612e-06
1.23261e-06
-5.51703e-07
6.4782e-07
-1.19156e-06
6.30805e-07
-6.63898e-07
0.0205053
0.00777953
0.00257622
0.010238
0.00360903
0.00121366
0.00456699
0.00160357
0.000470693
0.00075736
0.000202108
5.79433e-05
0.000305067
9.53597e-05
8.81995e-06
0.000141612
2.53253e-05
1.54529e-05
5.24159e-05
6.27902e-06
6.14391e-06
9.30454e-06
6.26044e-06
-1.85238e-06
9.16476e-06
-1.56516e-06
2.40766e-06
0.00182956
0.000586162
0.000188266
0.000683126
0.00021996
5.40802e-05
0.000247348
6.40769e-05
2.79041e-05
8.82828e-05
1.0246e-05
1.413e-05
1.0246e-05
1.08332e-05
-3.37901e-06
1.413e-05
-3.37901e-06
4.33562e-06
-4.56884e-07
1.08439e-06
-1.11116e-06
1.42334e-06
-5.36141e-07
7.92238e-07
-1.44422e-06
8.16445e-07
-9.66644e-07
-9.66251e-07
5.54463e-07
-5.38764e-07
5.54463e-07
-3.11878e-07
3.08378e-07
-5.38763e-07
3.08378e-07
-2.96629e-07
-4.56899e-07
1.42335e-06
-1.44422e-06
1.0844e-06
-5.36145e-07
8.16448e-07
-1.11117e-06
7.92242e-07
-9.66648e-07
-8.00041e-07
4.24057e-07
-4.11165e-07
4.77452e-07
-2.53179e-07
2.47493e-07
-4.26498e-07
2.31767e-07
-2.1886e-07
6.57507e-08
-2.77001e-08
3.40438e-08
-3.82413e-08
1.58234e-08
-1.93453e-08
5.56492e-08
-2.5232e-08
3.02773e-08
3.82168e-08
-2.03756e-08
2.35714e-08
-2.22899e-08
1.18709e-08
-1.36888e-08
2.31806e-08
-1.25912e-08
1.45591e-08
8.46424e-08
-3.79801e-08
4.94053e-08
-4.11562e-08
1.83352e-08
-2.48202e-08
5.89221e-08
-2.76149e-08
3.44257e-08
4.96223e-08
-2.72232e-08
2.78196e-08
-2.72232e-08
1.49892e-08
-1.5445e-08
2.78196e-08
-1.5445e-08
1.57488e-08
3.01215e-10
-7.3647e-10
7.735e-10
-5.399e-10
5.88647e-10
-6.23767e-10
1.30364e-10
-3.88436e-10
3.88548e-10
-1.4765e-09
7.63773e-10
-8.97921e-10
7.63773e-10
-3.90031e-10
4.59365e-10
-8.97922e-10
4.59365e-10
-5.37825e-10
3.01179e-10
-5.39883e-10
1.30345e-10
-7.36446e-10
5.88635e-10
-3.88424e-10
7.73467e-10
-6.2375e-10
3.8853e-10
-8.00041e-07
4.77452e-07
-4.26497e-07
4.24057e-07
-2.53179e-07
2.31767e-07
-4.11165e-07
2.47493e-07
-2.18859e-07
8.46431e-08
-4.11566e-08
5.89225e-08
-3.79806e-08
1.83355e-08
-2.76151e-08
4.94058e-08
-2.48205e-08
3.44259e-08
3.82168e-08
-2.229e-08
2.31806e-08
-2.03757e-08
1.18709e-08
-1.25912e-08
2.35714e-08
-1.36888e-08
1.45591e-08
6.57516e-08
-3.8242e-08
5.56498e-08
-2.77006e-08
1.58237e-08
-2.52323e-08
3.40444e-08
-1.93458e-08
3.02777e-08
0.28312
0.220678
0.161057
0.140996
0.104998
0.0733384
0.0618837
0.0445288
0.029835
0.107439
0.0677749
0.0396286
0.0464661
0.028005
0.0156009
0.0181252
0.0104397
0.00556452
0.00584453
0.0032807
0.00161659
0.00189146
0.000971514
0.000504583
0.000469585
0.000266595
9.95793e-05
0.0232939
0.0159127
0.010297
0.0079847
0.00539005
0.00329109
0.00262451
0.0015951
0.00099063
0.0205053
0.010238
0.00456699
0.00777953
0.00360903
0.00160357
0.00257623
0.00121366
0.000470693
0.00182956
0.000683126
0.000247348
0.000586162
0.00021996
6.40769e-05
0.000188266
5.40802e-05
2.79042e-05
5.2416e-05
9.30457e-06
9.16476e-06
6.27906e-06
6.26044e-06
-1.56515e-06
6.1439e-06
-1.85237e-06
2.40766e-06
0.000757361
0.000305068
0.000141612
0.000202108
9.53599e-05
2.53254e-05
5.79435e-05
8.82e-06
1.5453e-05
1.62554e-05
-1.5174e-07
3.54793e-06
-7.29869e-07
2.91872e-06
-8.5273e-07
3.04331e-06
-1.41827e-06
8.29112e-07
-1.79348e-06
1.23261e-06
-1.19156e-06
1.21761e-06
-5.51704e-07
6.30806e-07
-1.20612e-06
6.47821e-07
-6.63898e-07
-3.02756e-07
2.16509e-07
-1.5397e-07
1.76904e-07
-1.19029e-07
8.86176e-08
-2.18417e-07
1.39885e-07
-1.06576e-07
-9.54754e-07
1.52821e-06
-1.10122e-06
5.43474e-07
-7.62235e-07
5.93743e-07
-6.33595e-07
8.52288e-07
-6.97663e-07
0.000636421
0.00037244
0.000195826
0.000181265
0.000118488
7.73291e-05
2.24659e-05
9.49262e-06
-1.03226e-05
0.00010723
4.62249e-05
2.96981e-05
3.37311e-05
1.99199e-05
3.79433e-06
3.76313e-06
-4.5823e-06
4.6987e-06
1.11045e-05
-9.56717e-07
4.68772e-06
-5.17434e-06
9.99374e-07
-2.42263e-06
6.00139e-06
-1.26144e-06
2.83323e-06
-2.07399e-06
1.55619e-05
-1.11204e-06
6.2316e-06
-5.22504e-06
2.38642e-06
-5.21117e-06
6.64971e-06
-2.51574e-06
0.28312
0.140996
0.0618836
0.220678
0.104998
0.0445286
0.161056
0.073338
0.0298348
0.0232938
0.00798468
0.0026245
0.0159126
0.00539003
0.00159509
0.0102969
0.00329106
0.00099062
0.00584447
0.00189144
0.000469577
0.00328066
0.000971499
0.000266591
0.00161656
0.000504575
9.95764e-05
0.107438
0.0464658
0.018125
0.0677745
0.0280048
0.0104396
0.0396283
0.0156007
0.00556445
0.00063642
0.000181264
2.2466e-05
0.000372436
0.000118488
9.49219e-06
0.000195824
7.73283e-05
-1.03226e-05
-2.07378e-06
6.23148e-06
-5.21105e-06
1.5562e-05
-5.22513e-06
6.64979e-06
-1.11212e-06
2.38644e-06
-2.51577e-06
1.11045e-05
-5.17436e-06
6.0014e-06
-9.56775e-07
9.99395e-07
-1.26147e-06
4.68772e-06
-2.42264e-06
2.83324e-06
0.000107228
3.37306e-05
3.76293e-06
4.62239e-05
1.99195e-05
-4.58226e-06
2.96974e-05
3.7942e-06
4.69863e-06
1.62552e-05
-7.30029e-07
3.04337e-06
-1.51935e-07
2.91872e-06
-1.41832e-06
3.54794e-06
-8.52784e-07
8.2915e-07
-9.54752e-07
5.43469e-07
-6.33588e-07
1.52819e-06
-7.62224e-07
8.52277e-07
-1.10122e-06
5.93743e-07
-6.97662e-07
-3.02772e-07
1.76912e-07
-2.18427e-07
2.16515e-07
-1.19032e-07
1.39889e-07
-1.53978e-07
8.86218e-08
-1.06581e-07
-1.79351e-06
1.21761e-06
-1.20613e-06
1.23261e-06
-5.51709e-07
6.47826e-07
-1.19158e-06
6.30811e-07
-6.63906e-07
0.0205051
0.00777944
0.00257619
0.0102379
0.00360898
0.00121364
0.00456694
0.00160355
0.000470684
0.000757347
0.000202104
5.79422e-05
0.000305061
9.53578e-05
8.81935e-06
0.000141609
2.53244e-05
1.54528e-05
5.2415e-05
6.27864e-06
6.14388e-06
9.30412e-06
6.26035e-06
-1.85243e-06
9.16467e-06
-1.56522e-06
2.40767e-06
0.00182954
0.000586153
0.000188263
0.000683119
0.000219957
5.40787e-05
0.000247347
6.40755e-05
2.79041e-05
8.82817e-05
1.02454e-05
1.41299e-05
1.02451e-05
1.0833e-05
-3.37913e-06
1.41298e-05
-3.37917e-06
4.33567e-06
-4.5695e-07
1.08439e-06
-1.11118e-06
1.42334e-06
-5.36152e-07
7.92248e-07
-1.44424e-06
8.16455e-07
-9.6666e-07
-9.66274e-07
5.54475e-07
-5.38777e-07
5.54476e-07
-3.11886e-07
3.08387e-07
-5.38779e-07
3.08387e-07
-2.96638e-07
-4.56947e-07
1.4233e-06
-1.44422e-06
1.08434e-06
-5.36139e-07
8.16441e-07
-1.11115e-06
7.9223e-07
-9.66646e-07
-8.00056e-07
4.24065e-07
-4.11174e-07
4.77462e-07
-2.53185e-07
2.47499e-07
-4.2651e-07
2.31774e-07
-2.18866e-07
6.57496e-08
-2.76994e-08
3.40431e-08
-3.82408e-08
1.5823e-08
-1.9345e-08
5.5649e-08
-2.52318e-08
3.02771e-08
3.82177e-08
-2.03761e-08
2.3572e-08
-2.22905e-08
1.18711e-08
-1.36891e-08
2.31811e-08
-1.25915e-08
1.45594e-08
8.46414e-08
-3.79795e-08
4.9405e-08
-4.11554e-08
1.83348e-08
-2.482e-08
5.89216e-08
-2.76145e-08
3.44255e-08
4.96234e-08
-2.72238e-08
2.78202e-08
-2.72239e-08
1.49895e-08
-1.54454e-08
2.78203e-08
-1.54454e-08
1.57492e-08
3.01353e-10
-7.3655e-10
7.73587e-10
-5.3999e-10
5.88699e-10
-6.23823e-10
1.3045e-10
-3.88487e-10
3.88604e-10
-1.47651e-09
7.63775e-10
-8.97924e-10
7.63777e-10
-3.90031e-10
4.59365e-10
-8.97928e-10
4.59366e-10
-5.37826e-10
3.01458e-10
-5.4004e-10
1.305e-10
-7.36613e-10
5.88729e-10
-3.88518e-10
7.7366e-10
-6.23859e-10
3.8864e-10
-8.00068e-07
4.77468e-07
-4.26517e-07
4.24072e-07
-2.53189e-07
2.31778e-07
-4.11183e-07
2.47504e-07
-2.18872e-07
8.46386e-08
-4.11539e-08
5.89201e-08
-3.7978e-08
1.83339e-08
-2.76137e-08
4.94034e-08
-2.4819e-08
3.44247e-08
3.8218e-08
-2.22905e-08
2.31813e-08
-2.03763e-08
1.18712e-08
-1.25916e-08
2.35722e-08
-1.36892e-08
1.45595e-08
6.57455e-08
-3.8238e-08
5.56465e-08
-2.76974e-08
1.58216e-08
-2.52305e-08
3.40409e-08
-1.93434e-08
3.02757e-08
0.283117
0.220675
0.161055
0.140994
0.104997
0.0733371
0.0618827
0.0445279
0.0298344
0.107437
0.0677738
0.0396279
0.0464652
0.0280044
0.0156005
0.0181247
0.0104394
0.00556434
0.00584434
0.00328058
0.00161652
0.00189139
0.00097147
0.000504559
0.000469561
0.000266581
9.95711e-05
0.0232935
0.0159123
0.0102967
0.00798453
0.00538991
0.00329098
0.00262445
0.00159505
0.000990594
0.0205049
0.0102378
0.00456691
0.00777933
0.00360893
0.00160353
0.00257613
0.00121361
0.000470672
0.00182953
0.000683115
0.000247345
0.000586143
0.000219953
6.40744e-05
0.000188258
5.4077e-05
2.79033e-05
5.24133e-05
9.30344e-06
9.16452e-06
6.27803e-06
6.26019e-06
-1.56533e-06
6.1438e-06
-1.85254e-06
2.40772e-06
0.000757325
0.000305051
0.000141604
0.000202096
9.53541e-05
2.5323e-05
5.79396e-05
8.81839e-06
1.54522e-05
1.62547e-05
-1.52364e-07
3.54796e-06
-7.30223e-07
2.91876e-06
-8.52876e-07
3.0434e-06
-1.41845e-06
8.29221e-07
-1.79349e-06
1.23256e-06
-1.19155e-06
1.21758e-06
-5.51693e-07
6.30796e-07
-1.20611e-06
6.4781e-07
-6.63895e-07
-3.02798e-07
2.16527e-07
-1.53991e-07
1.76927e-07
-1.19039e-07
8.86293e-08
-2.18444e-07
1.39897e-07
-1.0659e-07
-9.54726e-07
1.52814e-06
-1.1012e-06
5.4345e-07
-7.62199e-07
5.93734e-07
-6.33567e-07
8.52248e-07
-6.97653e-07
0.000636405
0.000372425
0.000195817
0.00018126
0.000118485
7.73263e-05
2.24649e-05
9.49129e-06
-1.03232e-05
0.000107223
4.62214e-05
2.96958e-05
3.37298e-05
1.99188e-05
3.79406e-06
3.76224e-06
-4.58245e-06
4.69835e-06
1.11044e-05
-9.56944e-07
4.68771e-06
-5.1743e-06
9.99464e-07
-2.42264e-06
6.00133e-06
-1.26155e-06
2.83325e-06
-2.07403e-06
1.55618e-05
-1.11242e-06
6.23144e-06
-5.2251e-06
2.38652e-06
-5.21106e-06
6.64973e-06
-2.5159e-06
0.283117
0.140994
0.0618826
0.220675
0.104997
0.0445278
0.161054
0.0733368
0.0298342
0.0232934
0.00798452
0.00262445
0.0159123
0.0053899
0.00159505
0.0102967
0.00329097
0.00099059
0.0058443
0.00189138
0.000469557
0.00328055
0.000971459
0.000266578
0.00161649
0.000504551
9.9569e-05
0.107436
0.0464649
0.0181246
0.0677732
0.0280041
0.0104393
0.0396275
0.0156003
0.00556426
0.000636405
0.00018126
2.2465e-05
0.000372424
0.000118484
9.49143e-06
0.000195816
7.73259e-05
-1.03231e-05
-2.07394e-06
6.23139e-06
-5.211e-06
1.55619e-05
-5.22517e-06
6.6498e-06
-1.11236e-06
2.38649e-06
-2.51587e-06
1.11045e-05
-5.17438e-06
6.0014e-06
-9.56933e-07
9.99457e-07
-1.26155e-06
4.6878e-06
-2.4227e-06
2.83331e-06
0.000107222
3.37296e-05
3.76222e-06
4.62209e-05
1.99185e-05
-4.58235e-06
2.96953e-05
3.79399e-06
4.69835e-06
1.62546e-05
-7.30373e-07
3.04351e-06
-1.52585e-07
2.91879e-06
-1.4185e-06
3.54805e-06
-8.52955e-07
8.2929e-07
-9.54699e-07
5.43435e-07
-6.33549e-07
1.52814e-06
-7.62202e-07
8.5225e-07
-1.1012e-06
5.93735e-07
-6.97653e-07
-3.02813e-07
1.76934e-07
-2.18453e-07
2.16536e-07
-1.19043e-07
1.39902e-07
-1.54e-07
8.86334e-08
-1.06594e-07
-1.79348e-06
1.21756e-06
-1.20611e-06
1.23255e-06
-5.5169e-07
6.47809e-07
-1.19154e-06
6.30792e-07
-6.63894e-07
0.0205046
0.00777919
0.00257608
0.0102376
0.00360884
0.00121358
0.00456677
0.00160348
0.000470655
0.000757309
0.000202092
5.79382e-05
0.000305043
9.53516e-05
8.81801e-06
0.0001416
2.5322e-05
1.54519e-05
5.24118e-05
6.27747e-06
6.14384e-06
9.3026e-06
6.26008e-06
-1.85265e-06
9.16442e-06
-1.56546e-06
2.40779e-06
0.00182946
0.000586121
0.00018825
0.000683085
0.000219943
5.40746e-05
0.000247331
6.4071e-05
2.79017e-05
8.82773e-05
1.02436e-05
1.41297e-05
1.02436e-05
1.08327e-05
-3.37948e-06
1.41297e-05
-3.37948e-06
4.33587e-06
-4.56875e-07
1.08424e-06
-1.11108e-06
1.4232e-06
-5.36101e-07
7.92191e-07
-1.44416e-06
8.16404e-07
-9.66617e-07
-9.66311e-07
5.54494e-07
-5.38801e-07
5.54495e-07
-3.11897e-07
3.084e-07
-5.38802e-07
3.084e-07
-2.96653e-07
-4.56856e-07
1.42319e-06
-1.44416e-06
1.08424e-06
-5.36096e-07
8.16401e-07
-1.11108e-06
7.92187e-07
-9.66616e-07
-8.00091e-07
4.24082e-07
-4.11193e-07
4.77484e-07
-2.53197e-07
2.47512e-07
-4.26535e-07
2.31787e-07
-2.18881e-07
6.57438e-08
-2.76965e-08
3.40401e-08
-3.82369e-08
1.5821e-08
-1.93428e-08
5.56459e-08
-2.52301e-08
3.02754e-08
3.82194e-08
-2.03769e-08
2.35729e-08
-2.22913e-08
1.18716e-08
-1.36896e-08
2.31821e-08
-1.2592e-08
1.456e-08
8.46329e-08
-3.7975e-08
4.94008e-08
-4.11505e-08
1.83321e-08
-2.48174e-08
5.89172e-08
-2.76121e-08
3.44233e-08
4.96255e-08
-2.72249e-08
2.78214e-08
-2.72249e-08
1.49901e-08
-1.5446e-08
2.78214e-08
-1.5446e-08
1.57499e-08
3.01737e-10
-7.36769e-10
7.7383e-10
-5.40203e-10
5.8882e-10
-6.23959e-10
1.30653e-10
-3.88605e-10
3.88734e-10
-1.47656e-09
7.638e-10
-8.97956e-10
7.63801e-10
-3.90043e-10
4.5938e-10
-8.97958e-10
4.5938e-10
-5.37845e-10
3.01739e-10
-5.40206e-10
1.30656e-10
-7.3677e-10
5.88821e-10
-3.88605e-10
7.73829e-10
-6.23959e-10
3.88734e-10
-8.00095e-07
4.77487e-07
-4.26539e-07
4.24084e-07
-2.53198e-07
2.31789e-07
-4.11196e-07
2.47514e-07
-2.18883e-07
8.4633e-08
-4.11505e-08
5.89171e-08
-3.79751e-08
1.83321e-08
-2.76121e-08
4.94009e-08
-2.48175e-08
3.44233e-08
3.82196e-08
-2.22914e-08
2.31823e-08
-2.03771e-08
1.18716e-08
-1.25921e-08
2.35731e-08
-1.36897e-08
1.45601e-08
6.57437e-08
-3.82367e-08
5.56458e-08
-2.76965e-08
1.58209e-08
-2.52301e-08
3.40401e-08
-1.93427e-08
3.02754e-08
0.283119
0.220677
0.161055
0.140995
0.104997
0.0733374
0.0618833
0.0445283
0.0298345
0.107437
0.0677736
0.0396277
0.0464652
0.0280043
0.0156004
0.0181248
0.0104394
0.0055643
0.00584435
0.00328057
0.00161651
0.0018914
0.000971467
0.000504555
0.000469562
0.000266581
9.957e-05
0.0232937
0.0159125
0.0102968
0.00798463
0.00538996
0.003291
0.00262449
0.00159507
0.000990601
0.0205047
0.0102377
0.00456679
0.00777923
0.00360886
0.00160349
0.0025761
0.00121359
0.000470657
0.00182946
0.000683086
0.000247331
0.000586123
0.000219943
6.40711e-05
0.000188251
5.40748e-05
2.79017e-05
5.24121e-05
9.30263e-06
9.16448e-06
6.27747e-06
6.26012e-06
-1.56548e-06
6.14391e-06
-1.85267e-06
2.40782e-06
0.000757314
0.000305045
0.0001416
0.000202094
9.5352e-05
2.53222e-05
5.79385e-05
8.81818e-06
1.5452e-05
1.62548e-05
-1.52622e-07
3.54809e-06
-7.30381e-07
2.91883e-06
-8.52972e-07
3.04353e-06
-1.41855e-06
8.29305e-07
-1.79348e-06
1.23254e-06
-1.19154e-06
1.21757e-06
-5.51689e-07
6.30795e-07
-1.20611e-06
6.47809e-07
-6.63898e-07
-3.02821e-07
2.16539e-07
-1.54003e-07
1.76938e-07
-1.19045e-07
8.86354e-08
-2.18458e-07
1.39904e-07
-1.06597e-07
-9.54717e-07
1.52813e-06
-1.10121e-06
5.43445e-07
-7.62198e-07
5.93739e-07
-6.33561e-07
8.52247e-07
-6.97658e-07
0.000636414
0.00037243
0.000195818
0.000181262
0.000118486
7.73266e-05
2.24656e-05
9.4917e-06
-1.0323e-05
0.000107223
4.62215e-05
2.96954e-05
3.373e-05
1.99187e-05
3.79407e-06
3.76219e-06
-4.58237e-06
4.69831e-06
1.11045e-05
-9.56995e-07
4.6878e-06
-5.17438e-06
9.99493e-07
-2.4227e-06
6.00142e-06
-1.26159e-06
2.83331e-06
-2.07387e-06
1.5562e-05
-1.11242e-06
6.23146e-06
-5.22518e-06
2.38654e-06
-5.21105e-06
6.64983e-06
-2.51592e-06
