FiniteElementSpace
FiniteElementCollection: H1_2D_P4
VDim: 1
Ordering: 0

0.16604
0
0
0
0
0
0
0
0
0
0
-0.833145
0
0
-0.833152
0
0
-0.833143
0
0
-0.833143
0
0
-0.833152
0
0
0.745017
0.745016
0.745013
0.745014
0.745017
0.357066
-1.32489
-1.32489
0.357067
-1.32489
-1.32489
0.357066
-1.3249
-1.3249
0.357066
-1.3249
-1.32489
0.357067
-1.32489
-1.32489
0.357824
0
0.10131
0
0
0.101309
0
0.35783
0
0.101311
0
0
0.101315
0
0.357823
0
0.101318
0
0
0.101318
0
0.357823
0
0.101316
0
0
0.101312
0
0.35783
0
0.101309
0
0
0.10131
0
0.192652
0.192651
0.192657
0.192653
0.192652
0.697274
0.00103177
0.697273
0.697274
0.00103195
0.697278
0.697281
0.00103207
0.697281
0.697279
0.00103196
0.697275
0.697273
0.00103177
0.697274
0.202876
0.43439
0.43439
0.202876
0.347267
-1.36063
-0.96641
-0.147093
-0.147092
-0.966411
-1.36063
0.347266
0.434391
0.43439
0.202876
-1.36063
-0.966411
-0.147098
-0.1471
-0.966409
-1.36063
0.347268
0.43439
0.43439
0.202876
-1.36062
-0.966399
-0.147115
-0.147115
-0.966399
-1.36062
0.347268
0.43439
0.434391
0.202876
-1.36063
-0.966405
-0.14711
-0.147108
-0.966407
-1.36063
0.347266
0.43439
0.43439
-1.36063
-0.966411
-0.147092
-0.147093
-0.96641
-1.36063
-1.32006
0.710202
0.258682
0.639634
0
0.198314
0
0.00808908
0.368892
0.47541
0.0129198
0.0129198
0.47541
0
0.000871906
0
0
0.000871912
0
0.00808907
0.258685
0.710203
-1.32006
0.368891
0
0.198313
0
0.639632
0.710203
0.258682
0
0.198314
0
0.00808928
0.368894
0.475413
0.0129205
0.0129208
0.475418
0
0.000871948
0
0
0.000871967
0
0.00808997
0.258672
0.710199
-1.32007
0.368901
0
0.198319
0
0.639635
0.710197
0.258663
0
0.198322
0
0.00809036
0.368906
0.475424
0.0129216
0.0129216
0.475424
0
0.000871967
0
0
0.000871969
0
0.00809039
0.258662
0.710197
-1.32007
0.368907
0
0.198322
0
0.639635
0.710198
0.258668
0
0.19832
0
0.00809003
0.368903
0.475421
0.012921
0.0129206
0.475417
0
0.000871968
0
0
0.000871948
0
0.00808933
0.258678
0.710202
-1.32006
0.368895
0
0.198314
0
0.639632
0.710203
0.258685
0
0.198313
0
0.00808907
0.368891
0.47541
0.0129198
0.0129198
0.47541
0
0.000871912
0
0
0.000871906
0
0.00808908
0.258682
0.710202
0.368892
0
0.198314
0
0.283093
-0.0183712
-1.43807
-0.0183735
0.283094
-0.0183744
-1.43807
-0.0183707
0.283093
-0.0183663
-1.43807
-0.0183663
0.283094
-0.0183692
-1.43807
-0.0183726
0.283093
-0.0183735
-1.43807
-0.0183712
-0.721106
0.430894
0.0558608
0.760136
0.121583
0.000840448
0.000726082
0.000840445
-0.7211
0.760136
0.0558607
0.430893
-0.721101
0.430893
0.0558613
0.760136
0.121587
0.000840551
0.000726006
0.000840637
-0.721112
0.760135
0.0558641
0.430899
-0.721118
0.4309
0.0558656
0.760135
0.121592
0.000840696
0.000725948
0.000840718
-0.721119
0.760135
0.0558658
0.430901
-0.721114
0.430899
0.0558643
0.760135
0.121588
0.000840655
0.000726006
0.000840549
-0.721104
0.760136
0.0558615
0.430894
-0.7211
0.430893
0.0558607
0.760136
0.121583
0.000840444
0.000726082
0.000840448
-0.721106
0.760136
0.0558608
0.430894
0.165429
0.17332
0.189751
0.208615
0.228539
0.260602
0.208615
0.228539
0.260602
0.165429
0.17332
0.189751
0.321983
0.263342
0.219824
0.368716
0.3969
0.424738
0.418125
0.365464
0.309061
0.293803
0.404519
0.436854
0.293803
0.404519
0.436854
0.418125
0.365465
0.309061
0.368717
0.3969
0.424738
0.321983
0.263342
0.219824
0.390505
0.434627
0.409432
0.317567
0.229413
0.0851476
0.43443
0.363488
0.155199
-0.562509
-0.0887359
0.242658
-0.920577
-1.10034
-1.27959
-1.18285
-0.717588
-0.235159
-1.41965
-1.48556
-1.42863
-1.44873
-1.44681
-1.17863
-0.780442
-0.435703
-0.143606
0.0552867
-0.296226
-0.733212
-1.14239
-1.39934
-1.48448
-1.14239
-1.39934
-1.48448
0.0552865
-0.296227
-0.733213
-1.19086
-0.833573
-0.391165
-0.432576
-0.947403
-1.32529
0.685309
0.454279
0.084345
0.685309
0.45428
0.0843459
-0.432575
-0.947402
-1.32529
-1.19086
-0.833571
-0.391164
-1.44873
-1.44681
-1.17864
0.43443
0.363487
0.155197
0.317565
0.229411
0.0851453
0.390506
0.434627
0.409431
-0.780443
-0.435705
-0.143609
-1.41964
-1.48556
-1.42863
-1.18286
-0.717592
-0.235162
-0.920583
-1.10034
-1.27959
-0.562516
-0.0887408
0.242655
0.208615
0.228539
0.260602
0.208615
0.228539
0.260602
0.165429
0.17332
0.189751
0.368717
0.3969
0.424738
0.418125
0.365465
0.309061
0.293802
0.404519
0.436854
0.293803
0.404519
0.436854
0.418125
0.365465
0.309061
0.368716
0.3969
0.424738
0.321983
0.263341
0.219824
0.317565
0.229411
0.0851445
0.43443
0.363487
0.155196
-0.920583
-1.10034
-1.2796
-1.18286
-0.717593
-0.235163
-1.41964
-1.48556
-1.42863
-1.44873
-1.44681
-1.17864
-0.780443
-0.435706
-0.14361
0.0552859
-0.296227
-0.733213
-1.14239
-1.39934
-1.48448
-1.14239
-1.39934
-1.48448
0.0552862
-0.296226
-0.733211
-1.19086
-0.833574
-0.391169
-0.432581
-0.947406
-1.3253
0.685305
0.454274
0.0843398
0.685305
0.454273
0.0843378
-0.432583
-0.947407
-1.3253
-1.19087
-0.833578
-0.391172
-1.44873
-1.44681
-1.17863
0.43443
0.363488
0.155199
0.317567
0.229414
0.085148
0.390505
0.434627
0.409432
-0.780441
-0.435702
-0.143606
-1.41965
-1.48556
-1.42862
-1.18285
-0.717587
-0.235158
-0.920575
-1.10033
-1.27959
-0.562507
-0.0887343
0.242658
0.208615
0.228538
0.260601
0.208615
0.228538
0.260601
0.165429
0.17332
0.189751
0.368716
0.396899
0.424737
0.418125
0.365464
0.30906
0.293806
0.404521
0.436854
0.293806
0.404521
0.436854
0.418125
0.365464
0.30906
0.368716
0.396899
0.424737
0.321983
0.263341
0.219824
0.317568
0.229415
0.0851513
0.43443
0.36349
0.155203
-0.920574
-1.10033
-1.27959
-1.18285
-0.717581
-0.235153
-1.41965
-1.48556
-1.42862
-1.44873
-1.4468
-1.17862
-0.780431
-0.435694
-0.1436
0.0552931
-0.296217
-0.733201
-1.14238
-1.39933
-1.48448
-1.14238
-1.39933
-1.48448
0.0552931
-0.296217
-0.733201
-1.19087
-0.833591
-0.391187
-0.432598
-0.947421
-1.3253
0.6853
0.454263
0.0843242
0.6853
0.454263
0.0843242
-0.432598
-0.947421
-1.3253
-1.19087
-0.833591
-0.391187
-1.44873
-1.4468
-1.17862
0.43443
0.36349
0.155203
0.317568
0.229415
0.0851513
0.390505
0.434627
0.409432
-0.780431
-0.435694
-0.1436
-1.41965
-1.48556
-1.42862
-1.18285
-0.717581
-0.235153
-0.920574
-1.10033
-1.27959
-0.562507
-0.0887343
0.242658
0.208615
0.228539
0.260602
0.208615
0.228539
0.260602
0.165429
0.17332
0.189751
0.368716
0.396899
0.424738
0.418125
0.365464
0.309061
0.293804
0.404519
0.436854
0.293803
0.404519
0.436854
0.418125
0.365465
0.309061
0.368717
0.3969
0.424738
0.321983
0.263342
0.219824
0.317568
0.229414
0.0851489
0.43443
0.363488
0.1552
-0.920575
-1.10033
-1.27959
-1.18285
-0.717584
-0.235156
-1.41965
-1.48556
-1.42862
-1.44873
-1.44681
-1.17863
-0.780437
-0.435699
-0.143604
0.0552884
-0.296223
-0.733207
-1.14239
-1.39934
-1.48448
-1.14239
-1.39934
-1.48448
0.0552882
-0.296224
-0.733208
-1.19087
-0.833586
-0.391182
-0.432593
-0.947416
-1.3253
0.685301
0.454265
0.0843278
0.685301
0.454266
0.0843292
-0.432591
-0.947415
-1.3253
-1.19087
-0.833583
-0.39118
-1.44873
-1.44681
-1.17863
0.43443
0.363487
0.155198
0.317565
0.229411
0.0851458
0.390506
0.434627
0.409431
-0.780439
-0.435702
-0.143607
-1.41965
-1.48556
-1.42863
-1.18286
-0.71759
-0.235161
-0.920583
-1.10034
-1.27959
-0.562516
-0.0887408
0.242655
0.208615
0.228539
0.260602
0.208615
0.228539
0.260602
0.368717
0.3969
0.424738
0.418125
0.365465
0.309061
0.293803
0.404519
0.436854
0.293803
0.404519
0.436854
0.418125
0.365464
0.309061
0.368716
0.3969
0.424738
0.317565
0.229411
0.0851453
0.43443
0.363487
0.155197
-0.920583
-1.10034
-1.27959
-1.18286
-0.717592
-0.235162
-1.41964
-1.48556
-1.42863
-1.44873
-1.44681
-1.17864
-0.780443
-0.435705
-0.143609
0.0552865
-0.296227
-0.733213
-1.14239
-1.39934
-1.48448
-1.14239
-1.39934
-1.48448
0.0552867
-0.296226
-0.733212
-1.19086
-0.833571
-0.391164
-0.432575
-0.947402
-1.32529
0.685309
0.45428
0.0843459
0.685309
0.454279
0.084345
-0.432576
-0.947403
-1.32529
-1.19086
-0.833573
-0.391165
-1.44873
-1.44681
-1.17863
0.43443
0.363488
0.155199
0.317567
0.229413
0.0851476
-0.780442
-0.435703
-0.143606
-1.41965
-1.48556
-1.42863
-1.18285
-0.717588
-0.235159
-0.920577
-1.10034
-1.27959
-1.08824
-1.42692
-1.45191
-1.25693
-1.09293
-0.865953
-1.46682
-1.40664
-1.01937
0.0913189
-0.518664
-1.09888
0.430909
0.560689
0.66842
0.595559
0.188482
-0.395667
0.731525
0.760532
0.74073
0.748964
0.721884
0.47853
0.0956252
-0.236477
-0.562886
-1.1253
-0.595528
-0.0119916
0.561031
0.749176
0.716901
0.610385
0.545417
0.472359
0.757325
0.701113
0.532313
0.128809
0.334755
0.541385
0
0
0
0.0511955
0.171805
0.332106
0
0
0
0.0170742
0.0629409
0.140345
0.234809
0.309447
0.388921
0.618645
0.438169
0.270262
0.165592
0.112598
0.0718103
0.286948
0.163117
0.08293
0.653815
0.548641
0.431442
0
0
0
0.00317159
0.0140378
0.0358411
0
0
0
0.000412212
0.0017116
0.00520786
0.0127469
0.023554
0.0421771
0.0712315
0.0331009
0.0143828
0.133479
0.211002
0.30986
0.406021
0.62326
0.740478
0.118831
0.518679
0.728209
0.459247
0.629333
0.746045
0.142349
0.248049
0.390482
0.55076
0.677532
0.752833
0.76022
0.699181
0.560025
0.399314
0.268256
0.165106
0.399314
0.268256
0.165106
0.76022
0.699181
0.560025
0.0766032
0.0409663
0.0213779
0.0222363
0.0455751
0.0903568
0.00149124
0.004002
0.00933885
0.00149124
0.004002
0.00933885
0.0222363
0.0455751
0.0903568
0.0766031
0.0409663
0.0213779
0.142349
0.248049
0.390482
0.00589717
0.00274598
0.00105391
0.00900855
0.00346916
0.00119908
0
0
0
0.000163684
-3.6592e-06
0.000457727
0
0
0
-0.000246489
0.000260503
-0.000361283
-0.000119072
0.000211142
0.000396892
0.00053317
0.000210475
-7.43499e-05
-0.000300542
0.000195701
-0.00026642
-0.000300543
0.000195702
-0.000266421
0.000533172
0.000210475
-7.435e-05
0
0
0
-0.000153606
9.55958e-05
-0.000190615
0
0
0
0
0
0
-0.000153606
9.55955e-05
-0.000190615
0
0
0
-0.000246492
0.000260506
-0.000361287
0.00900854
0.00346916
0.00119908
0.00589716
0.00274598
0.00105391
0.0712313
0.0331008
0.0143827
-0.000119073
0.000211143
0.000396893
0
0
0
0.000163688
-3.6617e-06
0.00045773
0
0
0
0.000412211
0.0017116
0.00520786
-1.46682
-1.40664
-1.01936
-1.25693
-1.09292
-0.865948
-1.08825
-1.42692
-1.45191
-1.1253
-0.595524
-0.0119884
0.0956285
-0.236473
-0.562881
0.748964
0.721885
0.478532
0.731524
0.760532
0.740731
0.595561
0.188486
-0.395661
0.430913
0.560693
0.668422
0.0913258
-0.518656
-1.09888
0.118832
0.51868
0.728209
0.406023
0.623261
0.740478
0.55076
0.677532
0.752833
0.133478
0.211002
0.30986
0.459246
0.629332
0.746045
0.653815
0.54864
0.431441
0.286947
0.163117
0.0829299
0.165592
0.112598
0.0718101
0.618644
0.438168
0.270261
0.0127468
0.023554
0.042177
0
0
0
0.00317159
0.0140377
0.035841
0
0
0
0.0170742
0.0629407
0.140345
0.757325
0.701112
0.532311
0.610383
0.545415
0.472358
0.561035
0.749177
0.7169
0.234808
0.309446
0.38892
0
0
0
0.0511953
0.171804
0.332105
0
0
0
0.128808
0.334753
0.541383
-1.25693
-1.09292
-0.865948
-1.46682
-1.40664
-1.01936
0.430913
0.560692
0.668421
0.595561
0.188485
-0.395662
0.731525
0.760532
0.74073
0.748964
0.721884
0.47853
0.0956263
-0.236474
-0.562882
-1.1253
-0.595527
-0.0119912
0.610383
0.545415
0.472358
0.757325
0.701112
0.532312
0
0
0
0.0511954
0.171804
0.332105
0
0
0
0.0170742
0.0629411
0.140345
0.234809
0.309447
0.38892
0.618645
0.438169
0.270262
0.165592
0.112599
0.0718108
0.286949
0.163119
0.0829307
0.653816
0.548642
0.431443
0
0
0
0.00317163
0.0140379
0.0358414
0
0
0
0.000412218
0.00171164
0.00520797
0.0127471
0.0235544
0.0421775
0.0712325
0.0331014
0.014383
0.13348
0.211004
0.309862
0.406021
0.623259
0.740477
0.118827
0.518676
0.728208
0.459249
0.629334
0.746045
0.142351
0.248052
0.390485
0.550763
0.677534
0.752833
0.760221
0.699183
0.560028
0.399319
0.26826
0.165111
0.399323
0.268262
0.165111
0.760221
0.699185
0.560032
0.0766046
0.0409674
0.0213787
0.0222372
0.0455769
0.0903599
0.00149132
0.00400228
0.0093393
0.00149133
0.00400234
0.0093395
0.0222377
0.0455774
0.0903602
0.0766074
0.0409688
0.0213793
0.142355
0.248057
0.390491
0.00589731
0.0027461
0.00105395
0.00900893
0.00346936
0.00119912
0
0
0
0.000163684
-3.64576e-06
0.000457737
0
0
0
-0.000246513
0.000260518
-0.0003613
-0.000119076
0.00021116
0.000396907
0.000533199
0.000210499
-7.43526e-05
-0.000300553
0.000195706
-0.000266413
-0.000300557
0.000195709
-0.000266415
0.000533201
0.000210504
-7.43537e-05
0
0
0
-0.000153579
9.55764e-05
-0.000190582
0
0
0
0
0
0
-0.000153577
9.55755e-05
-0.000190582
0
0
0
-0.000246526
0.000260525
-0.000361308
0.0090092
0.00346952
0.00119918
0.00589776
0.0027463
0.00105401
0.0712357
0.0331033
0.014384
-0.00011908
0.000211173
0.000396923
0
0
0
0.00016369
-3.63278e-06
0.000457755
0
0
0
0.00041226
0.00171182
0.00520842
-1.46682
-1.40664
-1.01937
-1.25694
-1.09293
-0.865959
-1.08824
-1.42692
-1.45191
-1.12531
-0.595537
-0.0120024
0.0956147
-0.236487
-0.562894
0.748966
0.721881
0.478521
0.731528
0.760533
0.740728
0.595554
0.188474
-0.395675
0.430906
0.560686
0.668416
0.0913166
-0.518667
-1.09889
0.118823
0.518671
0.728206
0.406012
0.623253
0.740475
0.550768
0.677537
0.752835
0.133485
0.21101
0.309869
0.459256
0.62934
0.746047
0.653821
0.548649
0.431451
0.286956
0.163124
0.0829343
0.165598
0.112603
0.0718141
0.618651
0.438176
0.270269
0.012748
0.0235559
0.0421798
0
0
0
0.00317189
0.0140388
0.0358434
0
0
0
0.017075
0.0629435
0.14035
0.757325
0.701115
0.532317
0.610386
0.545419
0.472363
0.561029
0.749176
0.716902
0.234815
0.309453
0.388926
0
0
0
0.0511966
0.171808
0.33211
0
0
0
0.128809
0.334755
0.541386
-1.25694
-1.09294
-0.865964
-1.46681
-1.40664
-1.01938
0.430905
0.560684
0.668415
0.595551
0.188469
-0.395681
0.73153
0.760533
0.740727
0.748967
0.721878
0.478514
0.0956051
-0.236496
-0.562901
-1.12532
-0.595548
-0.0120133
0.610386
0.54542
0.472365
0.757324
0.701116
0.532319
0
0
0
0.051197
0.171809
0.332112
0
0
0
0.0170753
0.0629446
0.140352
0.234817
0.309455
0.388928
0.618654
0.43818
0.270272
0.1656
0.112605
0.0718158
0.286961
0.163127
0.0829364
0.653825
0.548654
0.431456
0
0
0
0.00317201
0.0140393
0.0358445
0
0
0
0.00041228
0.00171191
0.00520868
0.0127485
0.0235567
0.0421811
0.0712379
0.0331046
0.0143846
0.133488
0.211014
0.309874
0.406003
0.623247
0.740473
0.118809
0.518662
0.728202
0.459261
0.629345
0.746049
0.142359
0.248062
0.390497
0.550774
0.677542
0.752836
0.760221
0.699189
0.560038
0.399329
0.268269
0.165117
0.399329
0.268269
0.165117
0.760221
0.699189
0.560038
0.0766099
0.0409705
0.0213803
0.0222388
0.0455796
0.090364
0.00149144
0.00400263
0.00934004
0.00149144
0.00400264
0.00934005
0.0222388
0.0455796
0.090364
0.07661
0.0409706
0.0213804
0.142359
0.248063
0.390497
0.00589804
0.00274646
0.00105407
0.0090097
0.00346974
0.00119926
0
0
0
0.000163697
-3.62695e-06
0.000457782
0
0
0
-0.000246533
0.000260529
-0.00036131
-0.000119075
0.000211184
0.000396954
0.000533251
0.000210517
-7.43443e-05
-0.000300551
0.000195704
-0.0002664
-0.000300551
0.000195703
-0.0002664
0.000533251
0.000210516
-7.4343e-05
0
0
0
-0.000153562
9.55639e-05
-0.000190563
0
0
0
0
0
0
-0.000153561
9.55628e-05
-0.000190563
0
0
0
-0.000246539
0.000260533
-0.000361313
0.0090097
0.00346975
0.00119925
0.00589806
0.00274647
0.00105407
0.071238
0.0331046
0.0143847
-0.000119078
0.000211187
0.000396949
0
0
0
0.000163697
-3.62333e-06
0.000457776
0
0
0
0.000412282
0.00171192
0.0052087
-1.46681
-1.40664
-1.01938
-1.25694
-1.09294
-0.865964
-1.08824
-1.42692
-1.45191
-1.12532
-0.595548
-0.0120137
0.0956046
-0.236497
-0.562902
0.748967
0.721878
0.478514
0.73153
0.760533
0.740727
0.595551
0.188468
-0.395681
0.430905
0.560684
0.668414
0.0913166
-0.518667
-1.09889
0.118809
0.518662
0.728202
0.406003
0.623247
0.740473
0.550774
0.677542
0.752836
0.133489
0.211014
0.309875
0.459262
0.629345
0.746049
0.653825
0.548654
0.431457
0.286961
0.163128
0.0829366
0.1656
0.112606
0.071816
0.618655
0.43818
0.270272
0.0127486
0.0235568
0.0421812
0
0
0
0.00317203
0.0140394
0.0358446
0
0
0
0.0170754
0.0629448
0.140352
0.757324
0.701117
0.532319
0.610386
0.545421
0.472365
0.561029
0.749176
0.716902
0.234818
0.309456
0.388928
0
0
0
0.0511971
0.171809
0.332112
0
0
0
0.128809
0.334755
0.541386
-1.25694
-1.09293
-0.86596
-1.46681
-1.40664
-1.01937
0.430906
0.560686
0.668416
0.595553
0.188473
-0.395677
0.731528
0.760533
0.740728
0.748966
0.72188
0.478519
0.095611
-0.23649
-0.562897
-1.12531
-0.595542
-0.012007
0.610386
0.545419
0.472363
0.757324
0.701115
0.532317
0
0
0
0.0511966
0.171808
0.33211
0
0
0
0.017075
0.0629436
0.14035
0.234815
0.309453
0.388926
0.618652
0.438177
0.270269
0.165598
0.112603
0.0718143
0.286957
0.163125
0.0829346
0.653822
0.54865
0.431452
0
0
0
0.0031719
0.0140389
0.0358435
0
0
0
0.000412259
0.00171183
0.00520845
0.0127481
0.023556
0.04218
0.0712362
0.0331036
0.0143841
0.133486
0.211011
0.309871
0.406008
0.623251
0.740474
0.118814
0.518666
0.728204
0.459258
0.629342
0.746048
0.142357
0.248059
0.390494
0.550771
0.67754
0.752835
0.760221
0.699188
0.560036
0.399326
0.268265
0.165113
0.399322
0.268263
0.165112
0.760221
0.699186
0.560032
0.0766081
0.0409692
0.0213795
0.0222378
0.0455778
0.090361
0.00149134
0.00400237
0.00933958
0.00149133
0.00400231
0.00933938
0.0222374
0.0455773
0.0903607
0.0766053
0.0409678
0.0213789
0.142352
0.248054
0.390488
0.00589779
0.00274632
0.00105401
0.00900927
0.00346955
0.00119919
0
0
0
0.000163689
-3.63032e-06
0.000457752
0
0
0
-0.000246528
0.000260526
-0.000361309
-0.000119081
0.000211174
0.000396923
0.000533203
0.000210505
-7.43535e-05
-0.000300557
0.000195709
-0.000266415
-0.000300554
0.000195707
-0.000266413
0.000533201
0.000210501
-7.43537e-05
0
0
0
-0.000153576
9.55749e-05
-0.000190582
0
0
0
0
0
0
-0.000153579
9.55769e-05
-0.000190582
0
0
0
-0.000246511
0.000260516
-0.000361299
0.00900901
0.00346938
0.00119913
0.00589735
0.00274611
0.00105395
0.0712331
0.0331017
0.0143831
-0.000119074
0.000211159
0.00039691
0
0
0
0.000163683
-3.64528e-06
0.000457739
0
0
0
0.000412219
0.00171165
0.005208
-1.46682
-1.40664
-1.01936
-1.25693
-1.09293
-0.86595
-1.08825
-1.42692
-1.45191
-1.12531
-0.595534
-0.0119968
0.0956216
-0.236479
-0.562885
0.748964
0.721883
0.478527
0.731525
0.760532
0.74073
0.59556
0.188483
-0.395665
0.430913
0.560692
0.668421
0.0913258
-0.518656
-1.09888
0.118817
0.518671
0.728206
0.406017
0.623256
0.740476
0.550767
0.677536
0.752834
0.133481
0.211005
0.309864
0.45925
0.629336
0.746046
0.653817
0.548643
0.431445
0.28695
0.163119
0.082931
0.165593
0.112599
0.0718111
0.618646
0.43817
0.270263
0.0127471
0.0235545
0.0421777
0
0
0
0.00317164
0.0140379
0.0358416
0
0
0
0.0170743
0.0629412
0.140346
0.757325
0.701112
0.532312
0.610383
0.545416
0.472358
0.561035
0.749177
0.7169
0.234809
0.309447
0.388921
0
0
0
0.0511955
0.171804
0.332105
0
0
0
0.128808
0.334753
0.541383
-1.25693
-1.09292
-0.865948
-1.46682
-1.40664
-1.01936
0.430913
0.560693
0.668422
0.595561
0.188486
-0.395661
0.731524
0.760532
0.740731
0.748964
0.721885
0.478532
0.0956285
-0.236473
-0.562881
-1.1253
-0.595524
-0.0119884
0.610383
0.545415
0.472358
0.757325
0.701112
0.532311
0
0
0
0.0511953
0.171804
0.332105
0
0
0
0.0170742
0.0629407
0.140345
0.234808
0.309446
0.38892
0.618644
0.438168
0.270261
0.165592
0.112598
0.0718101
0.286947
0.163117
0.0829299
0.653815
0.54864
0.431441
0
0
0
0.00317159
0.0140377
0.035841
0
0
0
0.000412211
0.0017116
0.00520786
0.0127468
0.023554
0.042177
0.0712313
0.0331008
0.0143827
0.133478
0.211002
0.30986
0.406023
0.623261
0.740478
0.118832
0.51868
0.728209
0.459246
0.629332
0.746045
0.142349
0.248049
0.390482
0.55076
0.677532
0.752833
0.76022
0.699181
0.560025
0.399314
0.268256
0.165106
0.399314
0.268256
0.165106
0.76022
0.699181
0.560025
0.0766031
0.0409663
0.0213779
0.0222363
0.0455751
0.0903568
0.00149124
0.004002
0.00933885
0.00149124
0.004002
0.00933885
0.0222363
0.0455751
0.0903568
0.0766032
0.0409663
0.0213779
0.142349
0.248049
0.390482
0.00589716
0.00274598
0.00105391
0.00900854
0.00346916
0.00119908
0
0
0
0.000163688
-3.66147e-06
0.00045773
0
0
0
-0.000246492
0.000260505
-0.000361286
-0.000119073
0.000211143
0.000396893
0.000533172
0.000210475
-7.43498e-05
-0.000300543
0.000195702
-0.000266421
-0.000300542
0.000195702
-0.00026642
0.00053317
0.000210475
-7.43498e-05
0
0
0
-0.000153605
9.55954e-05
-0.000190615
0
0
0
0
0
0
-0.000153606
9.55957e-05
-0.000190615
0
0
0
-0.000246489
0.000260503
-0.000361283
0.00900855
0.00346916
0.00119908
0.00589717
0.00274598
0.00105391
0.0712315
0.0331009
0.0143828
-0.000119072
0.000211142
0.000396892
0
0
0
0.000163684
-3.65916e-06
0.000457727
0
0
0
0.000412212
0.0017116
0.00520786
-1.46682
-1.40664
-1.01937
-1.25693
-1.09293
-0.865953
-1.1253
-0.595528
-0.0119916
0.0956252
-0.236477
-0.562886
0.748964
0.721884
0.47853
0.731525
0.760532
0.74073
0.595559
0.188482
-0.395667
0.430909
0.560689
0.66842
0.118831
0.518679
0.728209
0.406021
0.62326
0.740478
0.55076
0.677532
0.752833
0.133479
0.211002
0.30986
0.459247
0.629333
0.746045
0.653815
0.548641
0.431442
0.286948
0.163117
0.08293
0.165592
0.112598
0.0718103
0.618645
0.438169
0.270262
0.0127469
0.023554
0.0421771
0
0
0
0.00317159
0.0140378
0.0358411
0
0
0
0.0170742
0.0629409
0.140345
0.757325
0.701113
0.532313
0.610385
0.545417
0.472359
0.234809
0.309447
0.388921
0
0
0
0.0511955
0.171805
0.332106
0
0
0
0.167383
0.176249
0.194417
0.176249
0.188493
0.211242
0.194417
0.211242
0.239502
0.226995
0.273286
0.33412
0.249578
0.301692
0.364361
0.28495
0.341335
0.400205
0.33574
0.39029
0.431295
0.39029
0.428703
0.431356
0.431295
0.431356
0.367033
0.226996
0.249578
0.28495
0.273286
0.301693
0.341335
0.334121
0.364361
0.400206
0.401264
0.43686
0.393058
0.422888
0.431546
0.338119
0.436533
0.399155
0.235532
0.197024
-0.163392
-0.651721
0.0727738
-0.34474
-0.849401
-0.111112
-0.577797
-1.06826
-0.376742
-0.864947
-1.28794
-0.686539
-1.14163
-1.43941
-1.01661
-1.36885
-1.48361
0.421412
0.309654
0.0534215
0.349009
0.144611
-0.203611
0.186603
-0.118317
-0.537202
-0.108159
-0.496612
-0.930588
-0.496612
-0.903127
-1.2649
-0.930589
-1.2649
-1.46405
-1.31732
-1.48395
-1.36755
-1.47452
-1.41561
-1.09029
-1.43568
-1.15445
-0.679702
-1.15533
-0.706019
-0.180381
-0.706019
-0.205084
0.258396
-0.18038
0.258396
0.579947
-1.31732
-1.47452
-1.43568
-1.48395
-1.41561
-1.15444
-1.36755
-1.09029
-0.6797
0.401265
0.422888
0.436533
0.43686
0.431546
0.399155
0.393057
0.338118
0.235531
0.421412
0.349008
0.186603
0.309654
0.14461
-0.118318
0.0534198
-0.203613
-0.537204
-0.376745
-0.686542
-1.01661
-0.86495
-1.14163
-1.36886
-1.28794
-1.43941
-1.48361
0.197021
0.0727709
-0.111115
-0.163397
-0.344745
-0.577801
-0.651728
-0.849407
-1.06827
0.167383
0.176249
0.194417
0.176249
0.188493
0.211243
0.194417
0.211243
0.239502
0.226996
0.273286
0.334121
0.249578
0.301693
0.364362
0.28495
0.341335
0.400206
0.33574
0.39029
0.431296
0.39029
0.428703
0.431356
0.431295
0.431356
0.367033
0.226995
0.249578
0.28495
0.273286
0.301693
0.341335
0.33412
0.364361
0.400206
0.401265
0.43686
0.393057
0.422888
0.431546
0.338117
0.436533
0.399155
0.23553
0.197021
-0.163397
-0.651728
0.0727702
-0.344746
-0.849407
-0.111115
-0.577802
-1.06827
-0.376746
-0.864951
-1.28795
-0.686542
-1.14163
-1.43941
-1.01661
-1.36886
-1.48361
0.421412
0.309653
0.0534189
0.349008
0.144609
-0.203613
0.186602
-0.118319
-0.537204
-0.108159
-0.496613
-0.930588
-0.496612
-0.903126
-1.2649
-0.930587
-1.2649
-1.46405
-1.31732
-1.48395
-1.36755
-1.47452
-1.41561
-1.09029
-1.43568
-1.15445
-0.679705
-1.15534
-0.706024
-0.180386
-0.706025
-0.205091
0.25839
-0.180388
0.258389
0.579943
-1.31732
-1.47452
-1.43568
-1.48395
-1.41561
-1.15445
-1.36755
-1.0903
-0.679708
0.401264
0.422888
0.436533
0.43686
0.431546
0.399155
0.393058
0.338119
0.235533
0.421412
0.349008
0.186603
0.309654
0.144611
-0.118317
0.0534217
-0.203611
-0.537202
-0.376741
-0.686538
-1.01661
-0.864946
-1.14163
-1.36885
-1.28794
-1.43941
-1.48361
0.197025
0.0727745
-0.111111
-0.163391
-0.344739
-0.577796
-0.651719
-0.8494
-1.06826
0.167383
0.176249
0.194417
0.176249
0.188493
0.211242
0.194417
0.211242
0.239502
0.226995
0.273286
0.33412
0.249578
0.301692
0.364361
0.284949
0.341334
0.400205
0.33574
0.39029
0.431295
0.39029
0.428702
0.431357
0.431295
0.431357
0.367035
0.226995
0.249578
0.284949
0.273286
0.301692
0.341334
0.33412
0.364361
0.400205
0.401264
0.43686
0.393058
0.422888
0.431546
0.33812
0.436533
0.399156
0.235535
0.197025
-0.16339
-0.651718
0.0727766
-0.344736
-0.849397
-0.111107
-0.577791
-1.06826
-0.376735
-0.864939
-1.28794
-0.68653
-1.14162
-1.43941
-1.0166
-1.36885
-1.48361
0.421413
0.309657
0.0534264
0.349011
0.144616
-0.203603
0.186608
-0.118309
-0.537192
-0.108151
-0.496601
-0.930577
-0.496601
-0.903115
-1.26489
-0.930577
-1.26489
-1.46405
-1.31731
-1.48395
-1.36756
-1.47452
-1.41562
-1.09031
-1.43568
-1.15446
-0.679722
-1.15535
-0.70604
-0.180403
-0.70604
-0.205107
0.258377
-0.180403
0.258377
0.579935
-1.31731
-1.47452
-1.43568
-1.48395
-1.41562
-1.15446
-1.36756
-1.09031
-0.679722
0.401264
0.422888
0.436533
0.43686
0.431546
0.399156
0.393058
0.33812
0.235535
0.421413
0.349011
0.186608
0.309657
0.144616
-0.118309
0.0534264
-0.203603
-0.537192
-0.376735
-0.68653
-1.0166
-0.864939
-1.14162
-1.36885
-1.28794
-1.43941
-1.48361
0.197025
0.0727766
-0.111107
-0.16339
-0.344736
-0.577791
-0.651718
-0.849397
-1.06826
0.167383
0.176249
0.194417
0.176249
0.188493
0.211242
0.194417
0.211243
0.239502
0.226995
0.273286
0.33412
0.249578
0.301693
0.364361
0.28495
0.341335
0.400205
0.33574
0.39029
0.431295
0.39029
0.428703
0.431356
0.431295
0.431356
0.367034
0.226996
0.249578
0.28495
0.273286
0.301693
0.341335
0.334121
0.364361
0.400206
0.401264
0.43686
0.393058
0.422888
0.431546
0.33812
0.436533
0.399156
0.235533
0.197025
-0.16339
-0.651719
0.0727751
-0.344738
-0.849399
-0.11111
-0.577794
-1.06826
-0.376739
-0.864943
-1.28794
-0.686535
-1.14163
-1.43941
-1.0166
-1.36885
-1.48361
0.421412
0.309655
0.0534232
0.349009
0.144612
-0.203608
0.186604
-0.118314
-0.537198
-0.108157
-0.496608
-0.930583
-0.496608
-0.903122
-1.26489
-0.930584
-1.26489
-1.46405
-1.31732
-1.48395
-1.36755
-1.47452
-1.41561
-1.0903
-1.43568
-1.15446
-0.679717
-1.15534
-0.706034
-0.180398
-0.706034
-0.205102
0.25838
-0.180397
0.25838
0.579936
-1.31732
-1.47452
-1.43568
-1.48395
-1.41561
-1.15445
-1.36755
-1.0903
-0.679715
0.401265
0.422888
0.436533
0.43686
0.431546
0.399155
0.393057
0.338118
0.235531
0.421412
0.349009
0.186604
0.309654
0.144611
-0.118316
0.0534207
-0.203611
-0.5372
-0.376743
-0.686538
-1.0166
-0.864948
-1.14163
-1.36885
-1.28794
-1.43941
-1.48361
0.197021
0.0727711
-0.111114
-0.163397
-0.344744
-0.5778
-0.651727
-0.849406
-1.06827
0.167383
0.176249
0.194417
0.176249
0.188493
0.211242
0.194417
0.211242
0.239502
0.226996
0.273286
0.334121
0.249578
0.301693
0.364361
0.28495
0.341335
0.400206
0.33574
0.39029
0.431295
0.39029
0.428703
0.431356
0.431295
0.431356
0.367033
0.226995
0.249578
0.28495
0.273286
0.301692
0.341335
0.33412
0.364361
0.400205
0.401265
0.43686
0.393057
0.422888
0.431546
0.338118
0.436533
0.399155
0.235531
0.197021
-0.163397
-0.651728
0.0727709
-0.344745
-0.849407
-0.111115
-0.577801
-1.06827
-0.376745
-0.86495
-1.28794
-0.686542
-1.14163
-1.43941
-1.01661
-1.36886
-1.48361
0.421412
0.309654
0.0534198
0.349008
0.14461
-0.203613
0.186603
-0.118318
-0.537204
-0.108159
-0.496612
-0.930589
-0.496612
-0.903127
-1.2649
-0.930588
-1.2649
-1.46405
-1.31732
-1.48395
-1.36755
-1.47452
-1.41561
-1.09029
-1.43568
-1.15444
-0.6797
-1.15533
-0.706019
-0.18038
-0.706019
-0.205084
0.258396
-0.180381
0.258396
0.579947
-1.31732
-1.47452
-1.43568
-1.48395
-1.41561
-1.15445
-1.36755
-1.09029
-0.679702
0.401264
0.422888
0.436533
0.43686
0.431546
0.399155
0.393058
0.338119
0.235532
0.421412
0.349009
0.186603
0.309654
0.144611
-0.118317
0.0534215
-0.203611
-0.537202
-0.376742
-0.686539
-1.01661
-0.864947
-1.14163
-1.36885
-1.28794
-1.43941
-1.48361
0.197024
0.0727738
-0.111112
-0.163392
-0.34474
-0.577797
-0.651721
-0.849401
-1.06826
-1.16331
-1.45637
-1.41991
-1.30652
-1.48517
-1.31557
-1.42531
-1.45544
-1.14138
-1.01133
-0.410902
0.183393
-0.804363
-0.183856
0.359202
-0.547356
0.0601165
0.521428
-0.237134
0.312302
0.657694
0.0685728
0.519194
0.737684
0.350873
0.670563
0.760276
-1.48499
-1.33171
-0.876087
-1.44026
-1.11049
-0.557701
-1.2687
-0.793103
-0.201445
0.610828
0.757436
0.695504
0.691823
0.755238
0.642448
0.74413
0.727085
0.573625
0.507424
0.302146
0.102188
0.439868
0.245396
0.0766755
0.369186
0.196212
0.0589541
0.295038
0.149081
0.0437275
0.228236
0.109973
0.0314009
0.168135
0.0774887
0.0211333
0.759414
0.667769
0.488529
0.731818
0.587515
0.401284
0.6658
0.491769
0.313973
0.564914
0.384537
0.228965
0.454152
0.286858
0.160414
0.342069
0.201543
0.105937
0.115281
0.0504157
0.013399
0.0760293
0.0316978
0.00818451
0.0473695
0.0188119
0.00463212
0.0268549
0.0101292
0.00247653
0.0147182
0.00527076
0.00120405
0.00745873
0.00262366
0.000530396
0.236158
0.129698
0.0638239
0.155027
0.0796906
0.0371088
0.0946965
0.0458781
0.0199782
-0.948124
-0.385691
0.169307
-0.543689
0.0161415
0.465041
-0.102294
0.369996
0.667138
0.585307
0.752057
0.722282
0.720336
0.75114
0.638023
0.760552
0.684396
0.524135
0.710411
0.565703
0.394037
0.601115
0.434296
0.278602
0.464029
0.307368
0.183115
0.318099
0.633435
0.75754
0.60398
0.750136
0.733937
0.744764
0.742676
0.632234
0.742147
0.635936
0.48316
0.635936
0.489055
0.338659
0.48316
0.338659
0.216669
0.320597
0.195889
0.108029
0.206967
0.117367
0.0609137
0.122205
0.0651377
0.0313537
0.0639406
0.0319859
0.0143719
0.0319859
0.0148087
0.00647117
0.0143719
0.00647117
0.0025462
0.320596
0.206967
0.122204
0.195889
0.117367
0.0651376
0.108029
0.0609137
0.0313537
0.0520325
0.0237021
0.00971983
0.0275132
0.0117005
0.0046124
0.0132448
0.0054686
0.0019723
0.00350453
0.00106992
0.000290336
0.00147422
0.000524246
3.80832e-05
0.000688838
0.000153204
8.94237e-05
0.000158858
0.000143468
-0.000105575
0.000112713
-1.43251e-05
7.18309e-05
4.57506e-05
7.47246e-06
-3.67251e-05
0.00584194
0.00214653
0.000842227
0.00232469
0.00092026
0.000225397
0.00101055
0.000251723
0.000187853
0.000240806
0.000135995
3.06529e-05
0.000135995
1.11924e-05
6.14632e-06
3.06529e-05
6.14631e-06
3.69905e-05
0.000188312
-0.000128047
0.000159477
-0.000103165
7.44607e-05
-9.71312e-05
0.000121009
-7.8902e-05
0.000110145
1.44561e-05
4.75752e-06
1.33348e-06
4.75765e-06
-1.05644e-05
9.96641e-06
1.33341e-06
9.96638e-06
-1.22481e-05
0.000188313
-0.000103165
0.00012101
-0.000128048
7.44609e-05
-7.89022e-05
0.000159478
-9.71316e-05
0.000110146
0.0520325
0.0275132
0.0132448
0.0237021
0.0117004
0.00546859
0.00971981
0.0046124
0.0019723
0.00584194
0.00232469
0.00101055
0.00214653
0.00092026
0.000251723
0.000842228
0.000225397
0.000187853
0.000158858
0.000112713
4.57513e-05
0.000143469
-1.43252e-05
7.47208e-06
-0.000105576
7.18315e-05
-3.6725e-05
0.00350453
0.00147422
0.000688837
0.00106991
0.000524246
0.000153205
0.000290337
3.80826e-05
8.94237e-05
-1.16332
-1.30652
-1.42532
-1.45637
-1.48517
-1.45544
-1.41991
-1.31556
-1.14137
-1.48499
-1.44026
-1.2687
-1.33171
-1.11049
-0.7931
-0.876082
-0.557697
-0.201442
-0.237129
0.0685767
0.350875
0.312306
0.519197
0.670564
0.657696
0.737684
0.760276
-1.01132
-0.804357
-0.547351
-0.410894
-0.18385
0.0601217
0.183399
0.359206
0.521431
-0.948122
-0.543687
-0.102292
-0.385688
0.0161437
0.369998
0.169309
0.465043
0.667139
0.3181
0.60398
0.744764
0.633436
0.750136
0.742676
0.75754
0.733936
0.632233
0.710411
0.601115
0.464029
0.565703
0.434295
0.307368
0.394037
0.278601
0.183115
0.585308
0.720337
0.760552
0.752057
0.751139
0.684395
0.722282
0.638022
0.524134
0.564913
0.454151
0.342068
0.384536
0.286858
0.201542
0.228965
0.160414
0.105937
0.236158
0.155027
0.0946964
0.129697
0.0796905
0.045878
0.0638238
0.0371087
0.0199782
0.0268548
0.0147181
0.00745872
0.0101292
0.00527075
0.00262366
0.00247652
0.00120404
0.000530396
0.115281
0.0760292
0.0473694
0.0504156
0.0316977
0.0188118
0.013399
0.0081845
0.00463211
0.610831
0.691825
0.74413
0.757436
0.755237
0.727084
0.695503
0.642447
0.573623
0.759413
0.731817
0.665799
0.667768
0.587514
0.491768
0.488527
0.401282
0.313972
0.295037
0.228235
0.168135
0.149081
0.109973
0.0774885
0.0437273
0.0314008
0.0211333
0.507422
0.439866
0.369185
0.302145
0.245395
0.196211
0.102187
0.0766752
0.0589538
-1.16332
-1.45637
-1.41991
-1.30652
-1.48517
-1.31556
-1.42532
-1.45544
-1.14137
-1.01132
-0.410894
0.183399
-0.804357
-0.18385
0.359206
-0.547351
0.0601212
0.52143
-0.23713
0.312305
0.657695
0.0685752
0.519196
0.737684
0.350874
0.670563
0.760276
-1.48499
-1.33171
-0.876083
-1.44026
-1.11049
-0.557699
-1.2687
-0.793101
-0.201444
0.610831
0.757436
0.695503
0.691825
0.755238
0.642447
0.74413
0.727084
0.573624
0.507422
0.302145
0.102187
0.439866
0.245395
0.0766752
0.369185
0.196212
0.0589539
0.295037
0.149081
0.0437274
0.228236
0.109973
0.0314009
0.168135
0.0774888
0.0211334
0.759413
0.667768
0.488528
0.731817
0.587514
0.401283
0.665799
0.491769
0.313973
0.564914
0.384537
0.228966
0.454153
0.286859
0.160415
0.34207
0.201544
0.105938
0.115281
0.0504159
0.0133991
0.0760297
0.031698
0.00818457
0.0473699
0.018812
0.00463217
0.0268552
0.0101294
0.00247656
0.0147184
0.00527084
0.00120407
0.00745887
0.00262371
0.000530407
0.236159
0.129699
0.0638245
0.155028
0.0796915
0.0371093
0.0946977
0.0458788
0.0199786
-0.948124
-0.385692
0.169306
-0.543691
0.0161395
0.46504
-0.102297
0.369993
0.667136
0.585306
0.752057
0.722282
0.720336
0.75114
0.638023
0.760552
0.684397
0.524137
0.710413
0.565705
0.394039
0.601118
0.434298
0.278604
0.464032
0.307371
0.183117
0.318095
0.633433
0.75754
0.603976
0.750135
0.733938
0.744763
0.742677
0.632236
0.742149
0.63594
0.483164
0.635942
0.489061
0.338665
0.483168
0.338666
0.216674
0.3206
0.195892
0.10803
0.206971
0.11737
0.0609153
0.122208
0.0651398
0.0313549
0.0639432
0.0319873
0.0143726
0.0319876
0.0148096
0.00647156
0.0143728
0.00647161
0.00254641
0.320605
0.206973
0.122209
0.195896
0.117372
0.0651407
0.108034
0.060917
0.0313556
0.0520336
0.0237026
0.00972007
0.027514
0.0117008
0.00461256
0.0132453
0.00546883
0.00197241
0.00350463
0.00106995
0.000290348
0.00147428
0.000524267
3.8086e-05
0.000688874
0.000153214
8.9426e-05
0.000158879
0.000143468
-0.00010557
0.000112715
-1.43194e-05
7.18267e-05
4.57604e-05
7.46682e-06
-3.6716e-05
0.00584226
0.00214665
0.000842279
0.00232485
0.000920322
0.000225418
0.00101063
0.000251751
0.000187861
0.000240845
0.000136
3.06622e-05
0.000136001
1.11997e-05
6.1439e-06
3.06638e-05
6.14364e-06
3.69929e-05
0.000188316
-0.000128048
0.000159481
-0.000103165
7.44604e-05
-9.71313e-05
0.000121005
-7.8899e-05
0.000110142
1.44431e-05
4.76486e-06
1.32311e-06
4.76498e-06
-1.05683e-05
9.97194e-06
1.32227e-06
9.97228e-06
-1.22557e-05
0.000188317
-0.000103165
0.000121005
-0.000128048
7.44603e-05
-7.88986e-05
0.000159483
-9.71318e-05
0.000110142
0.0520358
0.0275151
0.0132458
0.0237039
0.0117015
0.00546908
0.00972075
0.00461286
0.00197253
0.00584242
0.0023249
0.00101064
0.00214674
0.00092035
0.000251757
0.000842321
0.000225431
0.000187865
0.0001589
0.000112716
4.57663e-05
0.00014347
-1.43146e-05
7.46316e-06
-0.000105566
7.1824e-05
-3.67106e-05
0.00350493
0.0014744
0.000688923
0.00107006
0.000524313
0.000153232
0.000290379
3.80962e-05
8.94271e-05
-1.16331
-1.30652
-1.42531
-1.45637
-1.48517
-1.45544
-1.41992
-1.31557
-1.14138
-1.48499
-1.44026
-1.2687
-1.33171
-1.1105
-0.793111
-0.876093
-0.55771
-0.201456
-0.237143
0.068563
0.350863
0.312295
0.519187
0.670558
0.65769
0.737681
0.760277
-1.01133
-0.804368
-0.547363
-0.410905
-0.183861
0.0601095
0.18339
0.359197
0.521423
-0.94813
-0.543697
-0.102302
-0.385701
0.0161311
0.369987
0.169296
0.465032
0.667132
0.318091
0.603974
0.744762
0.63343
0.750134
0.742678
0.757539
0.73394
0.63224
0.710416
0.601123
0.464038
0.565712
0.434305
0.307377
0.394047
0.27861
0.183123
0.585299
0.720332
0.760552
0.752055
0.751142
0.684401
0.722286
0.638029
0.524144
0.564921
0.45416
0.342078
0.384545
0.286866
0.20155
0.228972
0.16042
0.105942
0.236166
0.155034
0.0947016
0.129704
0.0796951
0.0458812
0.0638276
0.0371114
0.0199799
0.0268568
0.0147194
0.00745949
0.0101301
0.00527128
0.00262397
0.00247675
0.0012042
0.000530465
0.115285
0.0760329
0.0473723
0.0504181
0.0316996
0.0188132
0.0133997
0.00818506
0.00463251
0.610827
0.691821
0.744128
0.757436
0.755238
0.727087
0.695505
0.64245
0.573628
0.759414
0.73182
0.665805
0.667772
0.58752
0.491776
0.488534
0.40129
0.31398
0.295042
0.228241
0.16814
0.149084
0.109976
0.0774915
0.0437286
0.031402
0.0211343
0.507426
0.43987
0.36919
0.302147
0.245398
0.196215
0.102189
0.0766764
0.0589551
-1.16331
-1.45637
-1.41992
-1.30652
-1.48517
-1.31557
-1.42531
-1.45545
-1.14139
-1.01133
-0.410906
0.183389
-0.804371
-0.183864
0.359195
-0.547368
0.060105
0.52142
-0.23715
0.312289
0.657687
0.0685549
0.519182
0.73768
0.350855
0.670554
0.760277
-1.48499
-1.33172
-0.8761
-1.44026
-1.11051
-0.557719
-1.26871
-0.793121
-0.201466
0.610826
0.757436
0.695505
0.69182
0.755238
0.642451
0.744128
0.727087
0.57363
0.507426
0.302148
0.102189
0.439871
0.245399
0.0766767
0.369191
0.196216
0.0589555
0.295044
0.149085
0.043729
0.228243
0.109977
0.0314024
0.168142
0.0774926
0.0211346
0.759414
0.667774
0.488536
0.731822
0.587523
0.401292
0.665807
0.49178
0.313983
0.564925
0.384549
0.228975
0.454165
0.28687
0.160423
0.342083
0.201553
0.105945
0.115287
0.0504191
0.0134
0.0760345
0.0317004
0.00818528
0.0473735
0.0188137
0.00463267
0.0268577
0.0101305
0.00247685
0.01472
0.00527151
0.00120426
0.00745982
0.0026241
0.000530493
0.23617
0.129707
0.0638294
0.155037
0.0796973
0.0371126
0.0947043
0.0458827
0.0199807
-0.948141
-0.385713
0.169285
-0.543711
0.0161184
0.465024
-0.102316
0.369977
0.667127
0.585293
0.752054
0.722288
0.720329
0.751143
0.638033
0.760552
0.684405
0.524149
0.710419
0.565717
0.394052
0.601128
0.434311
0.278616
0.464044
0.307383
0.183127
0.31808
0.633423
0.757538
0.603967
0.750132
0.733942
0.74476
0.742681
0.632245
0.742152
0.635947
0.483175
0.635947
0.48907
0.338674
0.483175
0.338674
0.216681
0.320611
0.195901
0.108037
0.206979
0.117376
0.0609193
0.122213
0.0651435
0.0313571
0.0639464
0.0319893
0.0143737
0.0319893
0.0148105
0.00647205
0.0143737
0.00647205
0.00254664
0.320611
0.206979
0.122213
0.195901
0.117376
0.0651435
0.108037
0.0609194
0.0313571
0.0520376
0.0237049
0.0097212
0.0275163
0.011702
0.0046131
0.0132465
0.00546938
0.00197266
0.00350511
0.00107012
0.000290397
0.00147449
0.000524343
3.81014e-05
0.000688964
0.000153247
8.9429e-05
0.000158918
0.000143474
-0.000105566
0.000112722
-1.43115e-05
7.18235e-05
4.57711e-05
7.46136e-06
-3.67078e-05
0.00584278
0.00214688
0.000842375
0.00232507
0.000920416
0.000225455
0.00101072
0.000251786
0.000187872
0.000240874
0.000136012
3.06655e-05
0.000136012
1.12024e-05
6.14619e-06
3.0665e-05
6.14631e-06
3.69895e-05
0.000188317
-0.000128048
0.000159484
-0.000103163
7.44593e-05
-9.71311e-05
0.000121001
-7.88958e-05
0.000110139
1.44369e-05
4.76854e-06
1.31739e-06
4.76888e-06
-1.05704e-05
9.97514e-06
1.31654e-06
9.97544e-06
-1.22601e-05
0.000188317
-0.000103163
0.000121001
-0.000128048
7.44592e-05
-7.88956e-05
0.000159485
-9.71316e-05
0.000110139
0.0520377
0.0275163
0.0132465
0.023705
0.011702
0.00546939
0.00972123
0.00461311
0.00197267
0.00584279
0.00232507
0.00101072
0.00214688
0.000920417
0.000251786
0.000842378
0.000225455
0.000187873
0.000158921
0.00011272
4.5773e-05
0.000143472
-1.43102e-05
7.4595e-06
-0.000105565
7.18225e-05
-3.67058e-05
0.00350512
0.0014745
0.000688968
0.00107013
0.000524346
0.000153247
0.000290399
3.81012e-05
8.94294e-05
-1.16331
-1.30652
-1.42531
-1.45637
-1.48517
-1.45545
-1.41992
-1.31557
-1.14139
-1.48499
-1.44026
-1.26871
-1.33172
-1.11051
-0.793121
-0.8761
-0.55772
-0.201467
-0.23715
0.0685543
0.350855
0.312289
0.519182
0.670554
0.657687
0.73768
0.760277
-1.01133
-0.804371
-0.547369
-0.410906
-0.183865
0.0601044
0.183389
0.359195
0.521419
-0.948141
-0.543711
-0.102317
-0.385714
0.0161182
0.369976
0.169285
0.465023
0.667127
0.31808
0.603967
0.74476
0.633423
0.750132
0.742681
0.757538
0.733942
0.632245
0.710419
0.601128
0.464044
0.565717
0.434311
0.307383
0.394053
0.278616
0.183127
0.585293
0.720329
0.760553
0.752053
0.751143
0.684405
0.722288
0.638034
0.524149
0.564926
0.454165
0.342083
0.384549
0.286871
0.201554
0.228975
0.160423
0.105945
0.236171
0.155038
0.0947044
0.129707
0.0796975
0.0458828
0.0638295
0.0371127
0.0199808
0.0268578
0.0147201
0.00745985
0.0101305
0.00527154
0.00262412
0.00247686
0.00120426
0.000530497
0.115288
0.0760348
0.0473737
0.0504193
0.0317005
0.0188138
0.0134001
0.00818532
0.00463269
0.610826
0.69182
0.744128
0.757436
0.755239
0.727087
0.695505
0.642451
0.57363
0.759414
0.731822
0.665808
0.667774
0.587523
0.49178
0.488536
0.401293
0.313983
0.295045
0.228244
0.168142
0.149086
0.109978
0.0774929
0.0437291
0.0314025
0.0211347
0.507426
0.439871
0.369191
0.302148
0.245399
0.196216
0.102189
0.0766768
0.0589556
-1.16331
-1.45637
-1.41992
-1.30652
-1.48517
-1.31557
-1.42531
-1.45544
-1.14138
-1.01133
-0.410905
0.18339
-0.804369
-0.183862
0.359197
-0.547365
0.0601083
0.521422
-0.237145
0.312293
0.657689
0.0685602
0.519186
0.737681
0.35086
0.670556
0.760277
-1.48499
-1.33172
-0.876096
-1.44026
-1.1105
-0.557714
-1.26871
-0.793115
-0.20146
0.610826
0.757436
0.695505
0.691821
0.755238
0.64245
0.744128
0.727087
0.573629
0.507426
0.302147
0.102188
0.43987
0.245398
0.0766764
0.36919
0.196215
0.0589551
0.295043
0.149084
0.0437286
0.228241
0.109976
0.031402
0.16814
0.0774916
0.0211343
0.759414
0.667773
0.488534
0.731821
0.587521
0.40129
0.665805
0.491777
0.31398
0.564922
0.384545
0.228972
0.454161
0.286867
0.160421
0.342079
0.20155
0.105943
0.115286
0.0504182
0.0133997
0.0760331
0.0316997
0.00818506
0.0473724
0.0188132
0.00463252
0.0268569
0.0101301
0.00247675
0.0147195
0.0052713
0.0012042
0.00745952
0.00262398
0.000530466
0.236167
0.129704
0.0638279
0.155035
0.0796955
0.0371115
0.0947023
0.0458815
0.01998
-0.948136
-0.385707
0.169291
-0.543705
0.0161244
0.465028
-0.102311
0.369981
0.667129
0.585297
0.752054
0.722286
0.720331
0.751142
0.63803
0.760552
0.684403
0.524145
0.710417
0.565713
0.394048
0.601125
0.434307
0.278612
0.464041
0.307379
0.183124
0.318084
0.633426
0.757538
0.603969
0.750133
0.733941
0.744761
0.74268
0.632243
0.742151
0.635945
0.483171
0.635943
0.489065
0.338669
0.483168
0.338667
0.216676
0.320607
0.195898
0.108035
0.206975
0.117373
0.0609176
0.12221
0.0651413
0.0313559
0.0639438
0.0319879
0.014373
0.0319876
0.0148097
0.00647167
0.0143727
0.00647161
0.00254644
0.320603
0.206973
0.122209
0.195894
0.117371
0.0651404
0.108031
0.0609159
0.0313552
0.0520362
0.0237041
0.00972082
0.0275153
0.0117015
0.00461289
0.0132459
0.00546912
0.00197255
0.00350495
0.00107006
0.00029038
0.00147441
0.000524314
3.8096e-05
0.000688927
0.000153233
8.94274e-05
0.000158903
0.000143469
-0.000105566
0.000112716
-1.43139e-05
7.18234e-05
4.57673e-05
7.46231e-06
-3.67097e-05
0.00584247
0.00214675
0.000842326
0.00232492
0.000920356
0.000225433
0.00101065
0.000251759
0.000187866
0.000240848
0.000136002
3.06643e-05
0.000136
1.12002e-05
6.1434e-06
3.06631e-05
6.14355e-06
3.69932e-05
0.000188317
-0.000128048
0.000159484
-0.000103165
7.44602e-05
-9.7132e-05
0.000121005
-7.88984e-05
0.000110142
1.44432e-05
4.76507e-06
1.32207e-06
4.76466e-06
-1.05683e-05
9.9723e-06
1.32342e-06
9.97183e-06
-1.22557e-05
0.000188316
-0.000103164
0.000121005
-0.000128048
7.44603e-05
-7.8899e-05
0.00015948
-9.7131e-05
0.000110141
0.052034
0.0275143
0.0132455
0.0237028
0.0117009
0.00546887
0.00972013
0.00461259
0.00197242
0.0058423
0.00232487
0.00101064
0.00214667
0.000920328
0.000251753
0.000842283
0.000225421
0.000187861
0.00015888
0.000112716
4.57599e-05
0.000143469
-1.43194e-05
7.46726e-06
-0.000105569
7.18266e-05
-3.67163e-05
0.00350465
0.00147429
0.000688876
0.00106995
0.000524268
0.000153215
0.000290347
3.8087e-05
8.94254e-05
-1.16332
-1.30652
-1.42532
-1.45637
-1.48517
-1.45544
-1.41991
-1.31556
-1.14138
-1.48499
-1.44026
-1.2687
-1.33171
-1.11049
-0.793107
-0.876086
-0.557703
-0.201449
-0.237133
0.0685715
0.35087
0.312303
0.519194
0.670562
0.657694
0.737684
0.760276
-1.01132
-0.804358
-0.547353
-0.410894
-0.183851
0.0601195
0.183399
0.359205
0.521429
-0.948131
-0.5437
-0.102307
-0.385699
0.0161319
0.369987
0.169301
0.465035
0.667133
0.318086
0.603971
0.744761
0.633429
0.750134
0.742679
0.757539
0.733939
0.632239
0.710414
0.60112
0.464035
0.565707
0.434301
0.307373
0.394041
0.278606
0.183119
0.585304
0.720334
0.760552
0.752056
0.75114
0.684398
0.722283
0.638025
0.524138
0.564915
0.454154
0.342072
0.384538
0.28686
0.201544
0.228966
0.160416
0.105939
0.236161
0.15503
0.0946985
0.129699
0.079692
0.0458791
0.0638248
0.0371095
0.0199787
0.0268553
0.0147185
0.00745891
0.0101294
0.00527086
0.00262372
0.00247656
0.00120407
0.000530409
0.115282
0.0760299
0.04737
0.050416
0.031698
0.0188121
0.0133991
0.00818458
0.00463218
0.610831
0.691825
0.74413
0.757436
0.755238
0.727084
0.695503
0.642447
0.573624
0.759414
0.731818
0.6658
0.667768
0.587515
0.49177
0.488528
0.401284
0.313974
0.295038
0.228236
0.168135
0.149081
0.109973
0.0774889
0.0437275
0.031401
0.0211334
0.507422
0.439866
0.369185
0.302145
0.245395
0.196212
0.102187
0.0766752
0.058954
-1.16332
-1.45637
-1.41991
-1.30652
-1.48517
-1.31556
-1.42532
-1.45544
-1.14137
-1.01132
-0.410894
0.183399
-0.804357
-0.18385
0.359206
-0.547351
0.0601217
0.521431
-0.237129
0.312306
0.657696
0.0685767
0.519197
0.737684
0.350875
0.670564
0.760276
-1.48499
-1.33171
-0.876082
-1.44026
-1.11049
-0.557697
-1.2687
-0.7931
-0.201442
0.610831
0.757436
0.695503
0.691825
0.755237
0.642447
0.74413
0.727084
0.573623
0.507422
0.302145
0.102187
0.439866
0.245395
0.0766752
0.369185
0.196211
0.0589538
0.295037
0.149081
0.0437273
0.228235
0.109973
0.0314008
0.168135
0.0774885
0.0211333
0.759413
0.667768
0.488527
0.731817
0.587514
0.401282
0.665799
0.491768
0.313972
0.564913
0.384536
0.228965
0.454151
0.286858
0.160414
0.342068
0.201542
0.105937
0.115281
0.0504156
0.013399
0.0760292
0.0316977
0.0081845
0.0473694
0.0188118
0.00463211
0.0268548
0.0101292
0.00247652
0.0147181
0.00527075
0.00120404
0.00745872
0.00262366
0.000530396
0.236158
0.129697
0.0638238
0.155027
0.0796905
0.0371087
0.0946964
0.045878
0.0199782
-0.948122
-0.385688
0.169309
-0.543687
0.0161437
0.465043
-0.102292
0.369998
0.667139
0.585308
0.752057
0.722282
0.720337
0.751139
0.638022
0.760552
0.684395
0.524134
0.710411
0.565703
0.394037
0.601115
0.434295
0.278601
0.464029
0.307368
0.183115
0.3181
0.633436
0.75754
0.60398
0.750136
0.733936
0.744764
0.742676
0.632233
0.742147
0.635936
0.48316
0.635936
0.489055
0.338659
0.48316
0.338659
0.216669
0.320596
0.195889
0.108029
0.206967
0.117367
0.0609137
0.122204
0.0651376
0.0313537
0.0639406
0.0319859
0.0143719
0.0319859
0.0148087
0.00647117
0.0143719
0.00647117
0.0025462
0.320597
0.206967
0.122205
0.195889
0.117367
0.0651377
0.108029
0.0609137
0.0313537
0.0520325
0.0237021
0.00971981
0.0275132
0.0117004
0.0046124
0.0132448
0.00546859
0.0019723
0.00350453
0.00106991
0.000290337
0.00147422
0.000524246
3.80829e-05
0.000688837
0.000153205
8.94234e-05
0.000158858
0.000143469
-0.000105576
0.000112713
-1.43251e-05
7.18313e-05
4.57513e-05
7.47196e-06
-3.67248e-05
0.00584194
0.00214653
0.000842228
0.00232469
0.00092026
0.000225397
0.00101055
0.000251723
0.000187853
0.000240806
0.000135995
3.06529e-05
0.000135995
1.11925e-05
6.14628e-06
3.0653e-05
6.14627e-06
3.69906e-05
0.000188313
-0.000128048
0.000159478
-0.000103165
7.44609e-05
-9.71315e-05
0.000121009
-7.89021e-05
0.000110146
1.4456e-05
4.75766e-06
1.33335e-06
4.75754e-06
-1.05644e-05
9.9664e-06
1.33344e-06
9.96642e-06
-1.22482e-05
0.000188312
-0.000103165
0.000121009
-0.000128047
7.44606e-05
-7.8902e-05
0.000159477
-9.71312e-05
0.000110145
0.0520325
0.0275132
0.0132448
0.0237021
0.0117005
0.0054686
0.00971983
0.0046124
0.0019723
0.00584194
0.00232469
0.00101055
0.00214653
0.00092026
0.000251723
0.000842227
0.000225397
0.000187852
0.000158858
0.000112713
4.57506e-05
0.000143468
-1.43251e-05
7.47244e-06
-0.000105575
7.18309e-05
-3.67251e-05
0.00350453
0.00147422
0.000688838
0.00106992
0.000524246
0.000153204
0.000290336
3.80832e-05
8.94238e-05
-1.16331
-1.30652
-1.42531
-1.45637
-1.48517
-1.45544
-1.41991
-1.31557
-1.14138
-1.48499
-1.44026
-1.2687
-1.33171
-1.11049
-0.793103
-0.876087
-0.557701
-0.201445
-0.237134
0.0685728
0.350873
0.312302
0.519194
0.670563
0.657694
0.737684
0.760276
-1.01133
-0.804363
-0.547356
-0.410902
-0.183856
0.0601165
0.183393
0.359202
0.521428
-0.948124
-0.543689
-0.102294
-0.385691
0.0161415
0.369996
0.169307
0.465041
0.667138
0.318099
0.60398
0.744764
0.633435
0.750136
0.742676
0.75754
0.733937
0.632234
0.710411
0.601115
0.464029
0.565703
0.434296
0.307368
0.394037
0.278602
0.183115
0.585307
0.720336
0.760552
0.752057
0.75114
0.684396
0.722282
0.638023
0.524135
0.564914
0.454152
0.342069
0.384537
0.286858
0.201543
0.228965
0.160414
0.105937
0.236158
0.155027
0.0946965
0.129698
0.0796906
0.0458781
0.0638239
0.0371088
0.0199782
0.0268549
0.0147182
0.00745873
0.0101292
0.00527076
0.00262366
0.00247653
0.00120405
0.000530396
0.115281
0.0760293
0.0473695
0.0504157
0.0316978
0.0188119
0.013399
0.00818451
0.00463212
0.610828
0.691823
0.74413
0.757436
0.755238
0.727085
0.695504
0.642448
0.573625
0.759414
0.731818
0.6658
0.667769
0.587515
0.491769
0.488529
0.401284
0.313973
0.295038
0.228236
0.168135
0.149081
0.109973
0.0774887
0.0437275
0.0314009
0.0211333
0.507424
0.439868
0.369186
0.302146
0.245396
0.196212
0.102188
0.0766755
0.0589541
