MFEM mesh v1.0

#
# MFEM Geometry Types (see fem/geom.hpp):
#
# POINT       = 0
# SEGMENT     = 1
# TRIANGLE    = 2
# SQUARE      = 3
# TETRAHEDRON = 4
# CUBE        = 5
# PRISM       = 6
#

dimension
2

elements
1280
1 3 0 361 1041 364
1 3 361 101 362 1041
1 3 1041 362 281 363
1 3 364 1041 363 104
1 3 101 365 1042 362
1 3 365 31 366 1042
1 3 1042 366 102 367
1 3 362 1042 367 281
1 3 281 367 1043 370
1 3 367 102 368 1043
1 3 1043 368 81 369
1 3 370 1043 369 103
1 3 104 363 1044 372
1 3 363 281 370 1044
1 3 1044 370 103 371
1 3 372 1044 371 34
1 3 31 373 1045 366
1 3 373 105 374 1045
1 3 1045 374 282 375
1 3 366 1045 375 102
1 3 105 376 1046 374
1 3 376 11 377 1046
1 3 1046 377 106 378
1 3 374 1046 378 282
1 3 282 378 1047 381
1 3 378 106 379 1047
1 3 1047 379 32 380
1 3 381 1047 380 107
1 3 102 375 1048 368
1 3 375 282 381 1048
1 3 1048 381 107 382
1 3 368 1048 382 81
1 3 81 382 1049 385
1 3 382 107 383 1049
1 3 1049 383 283 384
1 3 385 1049 384 110
1 3 107 380 1050 383
1 3 380 32 386 1050
1 3 1050 386 108 387
1 3 383 1050 387 283
1 3 283 387 1051 390
1 3 387 108 388 1051
1 3 1051 388 26 389
1 3 390 1051 389 109
1 3 110 384 1052 392
1 3 384 283 390 1052
1 3 1052 390 109 391
1 3 392 1052 391 33
1 3 34 371 1053 395
1 3 371 103 393 1053
1 3 1053 393 284 394
1 3 395 1053 394 112
1 3 103 369 1054 393
1 3 369 81 385 1054
1 3 1054 385 110 396
1 3 393 1054 396 284
1 3 284 396 1055 398
1 3 396 110 392 1055
1 3 1055 392 33 397
1 3 398 1055 397 111
1 3 112 394 1056 400
1 3 394 284 398 1056
1 3 1056 398 111 399
1 3 400 1056 399 14
1 3 0 364 1057 403
1 3 364 104 401 1057
1 3 1057 401 285 402
1 3 403 1057 402 115
1 3 104 372 1058 401
1 3 372 34 404 1058
1 3 1058 404 113 405
1 3 401 1058 405 285
1 3 285 405 1059 408
1 3 405 113 406 1059
1 3 1059 406 82 407
1 3 408 1059 407 114
1 3 115 402 1060 410
1 3 402 285 408 1060
1 3 1060 408 114 409
1 3 410 1060 409 37
1 3 34 395 1061 404
1 3 395 112 411 1061
1 3 1061 411 286 412
1 3 404 1061 412 113
1 3 112 400 1062 411
1 3 400 14 413 1062
1 3 1062 413 116 414
1 3 411 1062 414 286
1 3 286 414 1063 417
1 3 414 116 415 1063
1 3 1063 415 35 416
1 3 417 1063 416 117
1 3 113 412 1064 406
1 3 412 286 417 1064
1 3 1064 417 117 418
1 3 406 1064 418 82
1 3 82 418 1065 421
1 3 418 117 419 1065
1 3 1065 419 287 420
1 3 421 1065 420 120
1 3 117 416 1066 419
1 3 416 35 422 1066
1 3 1066 422 118 423
1 3 419 1066 423 287
1 3 287 423 1067 426
1 3 423 118 424 1067
1 3 1067 424 27 425
1 3 426 1067 425 119
1 3 120 420 1068 428
1 3 420 287 426 1068
1 3 1068 426 119 427
1 3 428 1068 427 36
1 3 37 409 1069 431
1 3 409 114 429 1069
1 3 1069 429 288 430
1 3 431 1069 430 122
1 3 114 407 1070 429
1 3 407 82 421 1070
1 3 1070 421 120 432
1 3 429 1070 432 288
1 3 288 432 1071 434
1 3 432 120 428 1071
1 3 1071 428 36 433
1 3 434 1071 433 121
1 3 122 430 1072 436
1 3 430 288 434 1072
1 3 1072 434 121 435
1 3 436 1072 435 17
1 3 0 403 1073 439
1 3 403 115 437 1073
1 3 1073 437 289 438
1 3 439 1073 438 125
1 3 115 410 1074 437
1 3 410 37 440 1074
1 3 1074 440 123 441
1 3 437 1074 441 289
1 3 289 441 1075 444
1 3 441 123 442 1075
1 3 1075 442 83 443
1 3 444 1075 443 124
1 3 125 438 1076 446
1 3 438 289 444 1076
1 3 1076 444 124 445
1 3 446 1076 445 40
1 3 37 431 1077 440
1 3 431 122 447 1077
1 3 1077 447 290 448
1 3 440 1077 448 123
1 3 122 436 1078 447
1 3 436 17 449 1078
1 3 1078 449 126 450
1 3 447 1078 450 290
1 3 290 450 1079 453
1 3 450 126 451 1079
1 3 1079 451 38 452
1 3 453 1079 452 127
1 3 123 448 1080 442
1 3 448 290 453 1080
1 3 1080 453 127 454
1 3 442 1080 454 83
1 3 83 454 1081 457
1 3 454 127 455 1081
1 3 1081 455 291 456
1 3 457 1081 456 130
1 3 127 452 1082 455
1 3 452 38 458 1082
1 3 1082 458 128 459
1 3 455 1082 459 291
1 3 291 459 1083 462
1 3 459 128 460 1083
1 3 1083 460 28 461
1 3 462 1083 461 129
1 3 130 456 1084 464
1 3 456 291 462 1084
1 3 1084 462 129 463
1 3 464 1084 463 39
1 3 40 445 1085 467
1 3 445 124 465 1085
1 3 1085 465 292 466
1 3 467 1085 466 132
1 3 124 443 1086 465
1 3 443 83 457 1086
1 3 1086 457 130 468
1 3 465 1086 468 292
1 3 292 468 1087 470
1 3 468 130 464 1087
1 3 1087 464 39 469
1 3 470 1087 469 131
1 3 132 466 1088 472
1 3 466 292 470 1088
1 3 1088 470 131 471
1 3 472 1088 471 20
1 3 0 439 1089 475
1 3 439 125 473 1089
1 3 1089 473 293 474
1 3 475 1089 474 135
1 3 125 446 1090 473
1 3 446 40 476 1090
1 3 1090 476 133 477
1 3 473 1090 477 293
1 3 293 477 1091 480
1 3 477 133 478 1091
1 3 1091 478 84 479
1 3 480 1091 479 134
1 3 135 474 1092 482
1 3 474 293 480 1092
1 3 1092 480 134 481
1 3 482 1092 481 43
1 3 40 467 1093 476
1 3 467 132 483 1093
1 3 1093 483 294 484
1 3 476 1093 484 133
1 3 132 472 1094 483
1 3 472 20 485 1094
1 3 1094 485 136 486
1 3 483 1094 486 294
1 3 294 486 1095 489
1 3 486 136 487 1095
1 3 1095 487 41 488
1 3 489 1095 488 137
1 3 133 484 1096 478
1 3 484 294 489 1096
1 3 1096 489 137 490
1 3 478 1096 490 84
1 3 84 490 1097 493
1 3 490 137 491 1097
1 3 1097 491 295 492
1 3 493 1097 492 140
1 3 137 488 1098 491
1 3 488 41 494 1098
1 3 1098 494 138 495
1 3 491 1098 495 295
1 3 295 495 1099 498
1 3 495 138 496 1099
1 3 1099 496 29 497
1 3 498 1099 497 139
1 3 140 492 1100 500
1 3 492 295 498 1100
1 3 1100 498 139 499
1 3 500 1100 499 42
1 3 43 481 1101 503
1 3 481 134 501 1101
1 3 1101 501 296 502
1 3 503 1101 502 142
1 3 134 479 1102 501
1 3 479 84 493 1102
1 3 1102 493 140 504
1 3 501 1102 504 296
1 3 296 504 1103 506
1 3 504 140 500 1103
1 3 1103 500 42 505
1 3 506 1103 505 141
1 3 142 502 1104 508
1 3 502 296 506 1104
1 3 1104 506 141 507
1 3 508 1104 507 23
1 3 0 475 1105 361
1 3 475 135 509 1105
1 3 1105 509 297 510
1 3 361 1105 510 101
1 3 135 482 1106 509
1 3 482 43 511 1106
1 3 1106 511 143 512
1 3 509 1106 512 297
1 3 297 512 1107 515
1 3 512 143 513 1107
1 3 1107 513 85 514
1 3 515 1107 514 144
1 3 101 510 1108 365
1 3 510 297 515 1108
1 3 1108 515 144 516
1 3 365 1108 516 31
1 3 43 503 1109 511
1 3 503 142 517 1109
1 3 1109 517 298 518
1 3 511 1109 518 143
1 3 142 508 1110 517
1 3 508 23 519 1110
1 3 1110 519 145 520
1 3 517 1110 520 298
1 3 298 520 1111 523
1 3 520 145 521 1111
1 3 1111 521 44 522
1 3 523 1111 522 146
1 3 143 518 1112 513
1 3 518 298 523 1112
1 3 1112 523 146 524
1 3 513 1112 524 85
1 3 85 524 1113 527
1 3 524 146 525 1113
1 3 1113 525 299 526
1 3 527 1113 526 149
1 3 146 522 1114 525
1 3 522 44 528 1114
1 3 1114 528 147 529
1 3 525 1114 529 299
1 3 299 529 1115 532
1 3 529 147 530 1115
1 3 1115 530 30 531
1 3 532 1115 531 148
1 3 149 526 1116 534
1 3 526 299 532 1116
1 3 1116 532 148 533
1 3 534 1116 533 45
1 3 31 516 1117 373
1 3 516 144 535 1117
1 3 1117 535 300 536
1 3 373 1117 536 105
1 3 144 514 1118 535
1 3 514 85 527 1118
1 3 1118 527 149 537
1 3 535 1118 537 300
1 3 300 537 1119 539
1 3 537 149 534 1119
1 3 1119 534 45 538
1 3 539 1119 538 150
1 3 105 536 1120 376
1 3 536 300 539 1120
1 3 1120 539 150 540
1 3 376 1120 540 11
1 3 11 541 1121 377
1 3 541 151 542 1121
1 3 1121 542 301 543
1 3 377 1121 543 106
1 3 151 544 1122 542
1 3 544 46 545 1122
1 3 1122 545 152 546
1 3 542 1122 546 301
1 3 301 546 1123 549
1 3 546 152 547 1123
1 3 1123 547 86 548
1 3 549 1123 548 153
1 3 106 543 1124 379
1 3 543 301 549 1124
1 3 1124 549 153 550
1 3 379 1124 550 32
1 3 46 551 1125 545
1 3 551 154 552 1125
1 3 1125 552 302 553
1 3 545 1125 553 152
1 3 154 554 1126 552
1 3 554 1 555 1126
1 3 1126 555 155 556
1 3 552 1126 556 302
1 3 302 556 1127 559
1 3 556 155 557 1127
1 3 1127 557 47 558
1 3 559 1127 558 156
1 3 152 553 1128 547
1 3 553 302 559 1128
1 3 1128 559 156 560
1 3 547 1128 560 86
1 3 86 560 1129 563
1 3 560 156 561 1129
1 3 1129 561 303 562
1 3 563 1129 562 159
1 3 156 558 1130 561
1 3 558 47 564 1130
1 3 1130 564 157 565
1 3 561 1130 565 303
1 3 303 565 1131 568
1 3 565 157 566 1131
1 3 1131 566 12 567
1 3 568 1131 567 158
1 3 159 562 1132 570
1 3 562 303 568 1132
1 3 1132 568 158 569
1 3 570 1132 569 48
1 3 32 550 1133 386
1 3 550 153 571 1133
1 3 1133 571 304 572
1 3 386 1133 572 108
1 3 153 548 1134 571
1 3 548 86 563 1134
1 3 1134 563 159 573
1 3 571 1134 573 304
1 3 304 573 1135 575
1 3 573 159 570 1135
1 3 1135 570 48 574
1 3 575 1135 574 160
1 3 108 572 1136 388
1 3 572 304 575 1136
1 3 1136 575 160 576
1 3 388 1136 576 26
1 3 26 576 1137 579
1 3 576 160 577 1137
1 3 1137 577 305 578
1 3 579 1137 578 163
1 3 160 574 1138 577
1 3 574 48 580 1138
1 3 1138 580 161 581
1 3 577 1138 581 305
1 3 305 581 1139 584
1 3 581 161 582 1139
1 3 1139 582 87 583
1 3 584 1139 583 162
1 3 163 578 1140 586
1 3 578 305 584 1140
1 3 1140 584 162 585
1 3 586 1140 585 51
1 3 48 569 1141 580
1 3 569 158 587 1141
1 3 1141 587 306 588
1 3 580 1141 588 161
1 3 158 567 1142 587
1 3 567 12 589 1142
1 3 1142 589 164 590
1 3 587 1142 590 306
1 3 306 590 1143 593
1 3 590 164 591 1143
1 3 1143 591 49 592
1 3 593 1143 592 165
1 3 161 588 1144 582
1 3 588 306 593 1144
1 3 1144 593 165 594
1 3 582 1144 594 87
1 3 87 594 1145 597
1 3 594 165 595 1145
1 3 1145 595 307 596
1 3 597 1145 596 168
1 3 165 592 1146 595
1 3 592 49 598 1146
1 3 1146 598 166 599
1 3 595 1146 599 307
1 3 307 599 1147 602
1 3 599 166 600 1147
1 3 1147 600 3 601
1 3 602 1147 601 167
1 3 168 596 1148 604
1 3 596 307 602 1148
1 3 1148 602 167 603
1 3 604 1148 603 50
1 3 51 585 1149 607
1 3 585 162 605 1149
1 3 1149 605 308 606
1 3 607 1149 606 170
1 3 162 583 1150 605
1 3 583 87 597 1150
1 3 1150 597 168 608
1 3 605 1150 608 308
1 3 308 608 1151 610
1 3 608 168 604 1151
1 3 1151 604 50 609
1 3 610 1151 609 169
1 3 170 606 1152 612
1 3 606 308 610 1152
1 3 1152 610 169 611
1 3 612 1152 611 13
1 3 14 399 1153 615
1 3 399 111 613 1153
1 3 1153 613 309 614
1 3 615 1153 614 173
1 3 111 397 1154 613
1 3 397 33 616 1154
1 3 1154 616 171 617
1 3 613 1154 617 309
1 3 309 617 1155 620
1 3 617 171 618 1155
1 3 1155 618 88 619
1 3 620 1155 619 172
1 3 173 614 1156 622
1 3 614 309 620 1156
1 3 1156 620 172 621
1 3 622 1156 621 53
1 3 33 391 1157 616
1 3 391 109 623 1157
1 3 1157 623 310 624
1 3 616 1157 624 171
1 3 109 389 1158 623
1 3 389 26 579 1158
1 3 1158 579 163 625
1 3 623 1158 625 310
1 3 310 625 1159 627
1 3 625 163 586 1159
1 3 1159 586 51 626
1 3 627 1159 626 174
1 3 171 624 1160 618
1 3 624 310 627 1160
1 3 1160 627 174 628
1 3 618 1160 628 88
1 3 88 628 1161 631
1 3 628 174 629 1161
1 3 1161 629 311 630
1 3 631 1161 630 176
1 3 174 626 1162 629
1 3 626 51 607 1162
1 3 1162 607 170 632
1 3 629 1162 632 311
1 3 311 632 1163 634
1 3 632 170 612 1163
1 3 1163 612 13 633
1 3 634 1163 633 175
1 3 176 630 1164 636
1 3 630 311 634 1164
1 3 1164 634 175 635
1 3 636 1164 635 52
1 3 53 621 1165 639
1 3 621 172 637 1165
1 3 1165 637 312 638
1 3 639 1165 638 178
1 3 172 619 1166 637
1 3 619 88 631 1166
1 3 1166 631 176 640
1 3 637 1166 640 312
1 3 312 640 1167 642
1 3 640 176 636 1167
1 3 1167 636 52 641
1 3 642 1167 641 177
1 3 178 638 1168 644
1 3 638 312 642 1168
1 3 1168 642 177 643
1 3 644 1168 643 2
1 3 14 615 1169 413
1 3 615 173 645 1169
1 3 1169 645 313 646
1 3 413 1169 646 116
1 3 173 622 1170 645
1 3 622 53 647 1170
1 3 1170 647 179 648
1 3 645 1170 648 313
1 3 313 648 1171 651
1 3 648 179 649 1171
1 3 1171 649 89 650
1 3 651 1171 650 180
1 3 116 646 1172 415
1 3 646 313 651 1172
1 3 1172 651 180 652
1 3 415 1172 652 35
1 3 53 639 1173 647
1 3 639 178 653 1173
1 3 1173 653 314 654
1 3 647 1173 654 179
1 3 178 644 1174 653
1 3 644 2 655 1174
1 3 1174 655 181 656
1 3 653 1174 656 314
1 3 314 656 1175 659
1 3 656 181 657 1175
1 3 1175 657 54 658
1 3 659 1175 658 182
1 3 179 654 1176 649
1 3 654 314 659 1176
1 3 1176 659 182 660
1 3 649 1176 660 89
1 3 89 660 1177 663
1 3 660 182 661 1177
1 3 1177 661 315 662
1 3 663 1177 662 185
1 3 182 658 1178 661
1 3 658 54 664 1178
1 3 1178 664 183 665
1 3 661 1178 665 315
1 3 315 665 1179 668
1 3 665 183 666 1179
1 3 1179 666 15 667
1 3 668 1179 667 184
1 3 185 662 1180 670
1 3 662 315 668 1180
1 3 1180 668 184 669
1 3 670 1180 669 55
1 3 35 652 1181 422
1 3 652 180 671 1181
1 3 1181 671 316 672
1 3 422 1181 672 118
1 3 180 650 1182 671
1 3 650 89 663 1182
1 3 1182 663 185 673
1 3 671 1182 673 316
1 3 316 673 1183 675
1 3 673 185 670 1183
1 3 1183 670 55 674
1 3 675 1183 674 186
1 3 118 672 1184 424
1 3 672 316 675 1184
1 3 1184 675 186 676
1 3 424 1184 676 27
1 3 27 676 1185 679
1 3 676 186 677 1185
1 3 1185 677 317 678
1 3 679 1185 678 189
1 3 186 674 1186 677
1 3 674 55 680 1186
1 3 1186 680 187 681
1 3 677 1186 681 317
1 3 317 681 1187 684
1 3 681 187 682 1187
1 3 1187 682 90 683
1 3 684 1187 683 188
1 3 189 678 1188 686
1 3 678 317 684 1188
1 3 1188 684 188 685
1 3 686 1188 685 58
1 3 55 669 1189 680
1 3 669 184 687 1189
1 3 1189 687 318 688
1 3 680 1189 688 187
1 3 184 667 1190 687
1 3 667 15 689 1190
1 3 1190 689 190 690
1 3 687 1190 690 318
1 3 318 690 1191 693
1 3 690 190 691 1191
1 3 1191 691 56 692
1 3 693 1191 692 191
1 3 187 688 1192 682
1 3 688 318 693 1192
1 3 1192 693 191 694
1 3 682 1192 694 90
1 3 90 694 1193 697
1 3 694 191 695 1193
1 3 1193 695 319 696
1 3 697 1193 696 194
1 3 191 692 1194 695
1 3 692 56 698 1194
1 3 1194 698 192 699
1 3 695 1194 699 319
1 3 319 699 1195 702
1 3 699 192 700 1195
1 3 1195 700 5 701
1 3 702 1195 701 193
1 3 194 696 1196 704
1 3 696 319 702 1196
1 3 1196 702 193 703
1 3 704 1196 703 57
1 3 58 685 1197 707
1 3 685 188 705 1197
1 3 1197 705 320 706
1 3 707 1197 706 196
1 3 188 683 1198 705
1 3 683 90 697 1198
1 3 1198 697 194 708
1 3 705 1198 708 320
1 3 320 708 1199 710
1 3 708 194 704 1199
1 3 1199 704 57 709
1 3 710 1199 709 195
1 3 196 706 1200 712
1 3 706 320 710 1200
1 3 1200 710 195 711
1 3 712 1200 711 16
1 3 17 435 1201 715
1 3 435 121 713 1201
1 3 1201 713 321 714
1 3 715 1201 714 199
1 3 121 433 1202 713
1 3 433 36 716 1202
1 3 1202 716 197 717
1 3 713 1202 717 321
1 3 321 717 1203 720
1 3 717 197 718 1203
1 3 1203 718 91 719
1 3 720 1203 719 198
1 3 199 714 1204 722
1 3 714 321 720 1204
1 3 1204 720 198 721
1 3 722 1204 721 60
1 3 36 427 1205 716
1 3 427 119 723 1205
1 3 1205 723 322 724
1 3 716 1205 724 197
1 3 119 425 1206 723
1 3 425 27 679 1206
1 3 1206 679 189 725
1 3 723 1206 725 322
1 3 322 725 1207 727
1 3 725 189 686 1207
1 3 1207 686 58 726
1 3 727 1207 726 200
1 3 197 724 1208 718
1 3 724 322 727 1208
1 3 1208 727 200 728
1 3 718 1208 728 91
1 3 91 728 1209 731
1 3 728 200 729 1209
1 3 1209 729 323 730
1 3 731 1209 730 202
1 3 200 726 1210 729
1 3 726 58 707 1210
1 3 1210 707 196 732
1 3 729 1210 732 323
1 3 323 732 1211 734
1 3 732 196 712 1211
1 3 1211 712 16 733
1 3 734 1211 733 201
1 3 202 730 1212 736
1 3 730 323 734 1212
1 3 1212 734 201 735
1 3 736 1212 735 59
1 3 60 721 1213 739
1 3 721 198 737 1213
1 3 1213 737 324 738
1 3 739 1213 738 204
1 3 198 719 1214 737
1 3 719 91 731 1214
1 3 1214 731 202 740
1 3 737 1214 740 324
1 3 324 740 1215 742
1 3 740 202 736 1215
1 3 1215 736 59 741
1 3 742 1215 741 203
1 3 204 738 1216 744
1 3 738 324 742 1216
1 3 1216 742 203 743
1 3 744 1216 743 4
1 3 17 715 1217 449
1 3 715 199 745 1217
1 3 1217 745 325 746
1 3 449 1217 746 126
1 3 199 722 1218 745
1 3 722 60 747 1218
1 3 1218 747 205 748
1 3 745 1218 748 325
1 3 325 748 1219 751
1 3 748 205 749 1219
1 3 1219 749 92 750
1 3 751 1219 750 206
1 3 126 746 1220 451
1 3 746 325 751 1220
1 3 1220 751 206 752
1 3 451 1220 752 38
1 3 60 739 1221 747
1 3 739 204 753 1221
1 3 1221 753 326 754
1 3 747 1221 754 205
1 3 204 744 1222 753
1 3 744 4 755 1222
1 3 1222 755 207 756
1 3 753 1222 756 326
1 3 326 756 1223 759
1 3 756 207 757 1223
1 3 1223 757 61 758
1 3 759 1223 758 208
1 3 205 754 1224 749
1 3 754 326 759 1224
1 3 1224 759 208 760
1 3 749 1224 760 92
1 3 92 760 1225 763
1 3 760 208 761 1225
1 3 1225 761 327 762
1 3 763 1225 762 211
1 3 208 758 1226 761
1 3 758 61 764 1226
1 3 1226 764 209 765
1 3 761 1226 765 327
1 3 327 765 1227 768
1 3 765 209 766 1227
1 3 1227 766 18 767
1 3 768 1227 767 210
1 3 211 762 1228 770
1 3 762 327 768 1228
1 3 1228 768 210 769
1 3 770 1228 769 62
1 3 38 752 1229 458
1 3 752 206 771 1229
1 3 1229 771 328 772
1 3 458 1229 772 128
1 3 206 750 1230 771
1 3 750 92 763 1230
1 3 1230 763 211 773
1 3 771 1230 773 328
1 3 328 773 1231 775
1 3 773 211 770 1231
1 3 1231 770 62 774
1 3 775 1231 774 212
1 3 128 772 1232 460
1 3 772 328 775 1232
1 3 1232 775 212 776
1 3 460 1232 776 28
1 3 28 776 1233 779
1 3 776 212 777 1233
1 3 1233 777 329 778
1 3 779 1233 778 215
1 3 212 774 1234 777
1 3 774 62 780 1234
1 3 1234 780 213 781
1 3 777 1234 781 329
1 3 329 781 1235 784
1 3 781 213 782 1235
1 3 1235 782 93 783
1 3 784 1235 783 214
1 3 215 778 1236 786
1 3 778 329 784 1236
1 3 1236 784 214 785
1 3 786 1236 785 65
1 3 62 769 1237 780
1 3 769 210 787 1237
1 3 1237 787 330 788
1 3 780 1237 788 213
1 3 210 767 1238 787
1 3 767 18 789 1238
1 3 1238 789 216 790
1 3 787 1238 790 330
1 3 330 790 1239 793
1 3 790 216 791 1239
1 3 1239 791 63 792
1 3 793 1239 792 217
1 3 213 788 1240 782
1 3 788 330 793 1240
1 3 1240 793 217 794
1 3 782 1240 794 93
1 3 93 794 1241 797
1 3 794 217 795 1241
1 3 1241 795 331 796
1 3 797 1241 796 220
1 3 217 792 1242 795
1 3 792 63 798 1242
1 3 1242 798 218 799
1 3 795 1242 799 331
1 3 331 799 1243 802
1 3 799 218 800 1243
1 3 1243 800 7 801
1 3 802 1243 801 219
1 3 220 796 1244 804
1 3 796 331 802 1244
1 3 1244 802 219 803
1 3 804 1244 803 64
1 3 65 785 1245 807
1 3 785 214 805 1245
1 3 1245 805 332 806
1 3 807 1245 806 222
1 3 214 783 1246 805
1 3 783 93 797 1246
1 3 1246 797 220 808
1 3 805 1246 808 332
1 3 332 808 1247 810
1 3 808 220 804 1247
1 3 1247 804 64 809
1 3 810 1247 809 221
1 3 222 806 1248 812
1 3 806 332 810 1248
1 3 1248 810 221 811
1 3 812 1248 811 19
1 3 20 471 1249 815
1 3 471 131 813 1249
1 3 1249 813 333 814
1 3 815 1249 814 225
1 3 131 469 1250 813
1 3 469 39 816 1250
1 3 1250 816 223 817
1 3 813 1250 817 333
1 3 333 817 1251 820
1 3 817 223 818 1251
1 3 1251 818 94 819
1 3 820 1251 819 224
1 3 225 814 1252 822
1 3 814 333 820 1252
1 3 1252 820 224 821
1 3 822 1252 821 67
1 3 39 463 1253 816
1 3 463 129 823 1253
1 3 1253 823 334 824
1 3 816 1253 824 223
1 3 129 461 1254 823
1 3 461 28 779 1254
1 3 1254 779 215 825
1 3 823 1254 825 334
1 3 334 825 1255 827
1 3 825 215 786 1255
1 3 1255 786 65 826
1 3 827 1255 826 226
1 3 223 824 1256 818
1 3 824 334 827 1256
1 3 1256 827 226 828
1 3 818 1256 828 94
1 3 94 828 1257 831
1 3 828 226 829 1257
1 3 1257 829 335 830
1 3 831 1257 830 228
1 3 226 826 1258 829
1 3 826 65 807 1258
1 3 1258 807 222 832
1 3 829 1258 832 335
1 3 335 832 1259 834
1 3 832 222 812 1259
1 3 1259 812 19 833
1 3 834 1259 833 227
1 3 228 830 1260 836
1 3 830 335 834 1260
1 3 1260 834 227 835
1 3 836 1260 835 66
1 3 67 821 1261 839
1 3 821 224 837 1261
1 3 1261 837 336 838
1 3 839 1261 838 230
1 3 224 819 1262 837
1 3 819 94 831 1262
1 3 1262 831 228 840
1 3 837 1262 840 336
1 3 336 840 1263 842
1 3 840 228 836 1263
1 3 1263 836 66 841
1 3 842 1263 841 229
1 3 230 838 1264 844
1 3 838 336 842 1264
1 3 1264 842 229 843
1 3 844 1264 843 6
1 3 20 815 1265 485
1 3 815 225 845 1265
1 3 1265 845 337 846
1 3 485 1265 846 136
1 3 225 822 1266 845
1 3 822 67 847 1266
1 3 1266 847 231 848
1 3 845 1266 848 337
1 3 337 848 1267 851
1 3 848 231 849 1267
1 3 1267 849 95 850
1 3 851 1267 850 232
1 3 136 846 1268 487
1 3 846 337 851 1268
1 3 1268 851 232 852
1 3 487 1268 852 41
1 3 67 839 1269 847
1 3 839 230 853 1269
1 3 1269 853 338 854
1 3 847 1269 854 231
1 3 230 844 1270 853
1 3 844 6 855 1270
1 3 1270 855 233 856
1 3 853 1270 856 338
1 3 338 856 1271 859
1 3 856 233 857 1271
1 3 1271 857 68 858
1 3 859 1271 858 234
1 3 231 854 1272 849
1 3 854 338 859 1272
1 3 1272 859 234 860
1 3 849 1272 860 95
1 3 95 860 1273 863
1 3 860 234 861 1273
1 3 1273 861 339 862
1 3 863 1273 862 237
1 3 234 858 1274 861
1 3 858 68 864 1274
1 3 1274 864 235 865
1 3 861 1274 865 339
1 3 339 865 1275 868
1 3 865 235 866 1275
1 3 1275 866 21 867
1 3 868 1275 867 236
1 3 237 862 1276 870
1 3 862 339 868 1276
1 3 1276 868 236 869
1 3 870 1276 869 69
1 3 41 852 1277 494
1 3 852 232 871 1277
1 3 1277 871 340 872
1 3 494 1277 872 138
1 3 232 850 1278 871
1 3 850 95 863 1278
1 3 1278 863 237 873
1 3 871 1278 873 340
1 3 340 873 1279 875
1 3 873 237 870 1279
1 3 1279 870 69 874
1 3 875 1279 874 238
1 3 138 872 1280 496
1 3 872 340 875 1280
1 3 1280 875 238 876
1 3 496 1280 876 29
1 3 29 876 1281 879
1 3 876 238 877 1281
1 3 1281 877 341 878
1 3 879 1281 878 241
1 3 238 874 1282 877
1 3 874 69 880 1282
1 3 1282 880 239 881
1 3 877 1282 881 341
1 3 341 881 1283 884
1 3 881 239 882 1283
1 3 1283 882 96 883
1 3 884 1283 883 240
1 3 241 878 1284 886
1 3 878 341 884 1284
1 3 1284 884 240 885
1 3 886 1284 885 72
1 3 69 869 1285 880
1 3 869 236 887 1285
1 3 1285 887 342 888
1 3 880 1285 888 239
1 3 236 867 1286 887
1 3 867 21 889 1286
1 3 1286 889 242 890
1 3 887 1286 890 342
1 3 342 890 1287 893
1 3 890 242 891 1287
1 3 1287 891 70 892
1 3 893 1287 892 243
1 3 239 888 1288 882
1 3 888 342 893 1288
1 3 1288 893 243 894
1 3 882 1288 894 96
1 3 96 894 1289 897
1 3 894 243 895 1289
1 3 1289 895 343 896
1 3 897 1289 896 246
1 3 243 892 1290 895
1 3 892 70 898 1290
1 3 1290 898 244 899
1 3 895 1290 899 343
1 3 343 899 1291 902
1 3 899 244 900 1291
1 3 1291 900 9 901
1 3 902 1291 901 245
1 3 246 896 1292 904
1 3 896 343 902 1292
1 3 1292 902 245 903
1 3 904 1292 903 71
1 3 72 885 1293 907
1 3 885 240 905 1293
1 3 1293 905 344 906
1 3 907 1293 906 248
1 3 240 883 1294 905
1 3 883 96 897 1294
1 3 1294 897 246 908
1 3 905 1294 908 344
1 3 344 908 1295 910
1 3 908 246 904 1295
1 3 1295 904 71 909
1 3 910 1295 909 247
1 3 248 906 1296 912
1 3 906 344 910 1296
1 3 1296 910 247 911
1 3 912 1296 911 22
1 3 23 507 1297 915
1 3 507 141 913 1297
1 3 1297 913 345 914
1 3 915 1297 914 251
1 3 141 505 1298 913
1 3 505 42 916 1298
1 3 1298 916 249 917
1 3 913 1298 917 345
1 3 345 917 1299 920
1 3 917 249 918 1299
1 3 1299 918 97 919
1 3 920 1299 919 250
1 3 251 914 1300 922
1 3 914 345 920 1300
1 3 1300 920 250 921
1 3 922 1300 921 74
1 3 42 499 1301 916
1 3 499 139 923 1301
1 3 1301 923 346 924
1 3 916 1301 924 249
1 3 139 497 1302 923
1 3 497 29 879 1302
1 3 1302 879 241 925
1 3 923 1302 925 346
1 3 346 925 1303 927
1 3 925 241 886 1303
1 3 1303 886 72 926
1 3 927 1303 926 252
1 3 249 924 1304 918
1 3 924 346 927 1304
1 3 1304 927 252 928
1 3 918 1304 928 97
1 3 97 928 1305 931
1 3 928 252 929 1305
1 3 1305 929 347 930
1 3 931 1305 930 254
1 3 252 926 1306 929
1 3 926 72 907 1306
1 3 1306 907 248 932
1 3 929 1306 932 347
1 3 347 932 1307 934
1 3 932 248 912 1307
1 3 1307 912 22 933
1 3 934 1307 933 253
1 3 254 930 1308 936
1 3 930 347 934 1308
1 3 1308 934 253 935
1 3 936 1308 935 73
1 3 74 921 1309 939
1 3 921 250 937 1309
1 3 1309 937 348 938
1 3 939 1309 938 256
1 3 250 919 1310 937
1 3 919 97 931 1310
1 3 1310 931 254 940
1 3 937 1310 940 348
1 3 348 940 1311 942
1 3 940 254 936 1311
1 3 1311 936 73 941
1 3 942 1311 941 255
1 3 256 938 1312 944
1 3 938 348 942 1312
1 3 1312 942 255 943
1 3 944 1312 943 8
1 3 23 915 1313 519
1 3 915 251 945 1313
1 3 1313 945 349 946
1 3 519 1313 946 145
1 3 251 922 1314 945
1 3 922 74 947 1314
1 3 1314 947 257 948
1 3 945 1314 948 349
1 3 349 948 1315 951
1 3 948 257 949 1315
1 3 1315 949 98 950
1 3 951 1315 950 258
1 3 145 946 1316 521
1 3 946 349 951 1316
1 3 1316 951 258 952
1 3 521 1316 952 44
1 3 74 939 1317 947
1 3 939 256 953 1317
1 3 1317 953 350 954
1 3 947 1317 954 257
1 3 256 944 1318 953
1 3 944 8 955 1318
1 3 1318 955 259 956
1 3 953 1318 956 350
1 3 350 956 1319 959
1 3 956 259 957 1319
1 3 1319 957 75 958
1 3 959 1319 958 260
1 3 257 954 1320 949
1 3 954 350 959 1320
1 3 1320 959 260 960
1 3 949 1320 960 98
1 3 98 960 1321 963
1 3 960 260 961 1321
1 3 1321 961 351 962
1 3 963 1321 962 263
1 3 260 958 1322 961
1 3 958 75 964 1322
1 3 1322 964 261 965
1 3 961 1322 965 351
1 3 351 965 1323 968
1 3 965 261 966 1323
1 3 1323 966 24 967
1 3 968 1323 967 262
1 3 263 962 1324 970
1 3 962 351 968 1324
1 3 1324 968 262 969
1 3 970 1324 969 76
1 3 44 952 1325 528
1 3 952 258 971 1325
1 3 1325 971 352 972
1 3 528 1325 972 147
1 3 258 950 1326 971
1 3 950 98 963 1326
1 3 1326 963 263 973
1 3 971 1326 973 352
1 3 352 973 1327 975
1 3 973 263 970 1327
1 3 1327 970 76 974
1 3 975 1327 974 264
1 3 147 972 1328 530
1 3 972 352 975 1328
1 3 1328 975 264 976
1 3 530 1328 976 30
1 3 30 976 1329 979
1 3 976 264 977 1329
1 3 1329 977 353 978
1 3 979 1329 978 267
1 3 264 974 1330 977
1 3 974 76 980 1330
1 3 1330 980 265 981
1 3 977 1330 981 353
1 3 353 981 1331 984
1 3 981 265 982 1331
1 3 1331 982 99 983
1 3 984 1331 983 266
1 3 267 978 1332 986
1 3 978 353 984 1332
1 3 1332 984 266 985
1 3 986 1332 985 79
1 3 76 969 1333 980
1 3 969 262 987 1333
1 3 1333 987 354 988
1 3 980 1333 988 265
1 3 262 967 1334 987
1 3 967 24 989 1334
1 3 1334 989 268 990
1 3 987 1334 990 354
1 3 354 990 1335 993
1 3 990 268 991 1335
1 3 1335 991 77 992
1 3 993 1335 992 269
1 3 265 988 1336 982
1 3 988 354 993 1336
1 3 1336 993 269 994
1 3 982 1336 994 99
1 3 99 994 1337 997
1 3 994 269 995 1337
1 3 1337 995 355 996
1 3 997 1337 996 272
1 3 269 992 1338 995
1 3 992 77 998 1338
1 3 1338 998 270 999
1 3 995 1338 999 355
1 3 355 999 1339 1002
1 3 999 270 1000 1339
1 3 1339 1000 10 1001
1 3 1002 1339 1001 271
1 3 272 996 1340 1004
1 3 996 355 1002 1340
1 3 1340 1002 271 1003
1 3 1004 1340 1003 78
1 3 79 985 1341 1007
1 3 985 266 1005 1341
1 3 1341 1005 356 1006
1 3 1007 1341 1006 274
1 3 266 983 1342 1005
1 3 983 99 997 1342
1 3 1342 997 272 1008
1 3 1005 1342 1008 356
1 3 356 1008 1343 1010
1 3 1008 272 1004 1343
1 3 1343 1004 78 1009
1 3 1010 1343 1009 273
1 3 274 1006 1344 1012
1 3 1006 356 1010 1344
1 3 1344 1010 273 1011
1 3 1012 1344 1011 25
1 3 11 540 1345 541
1 3 540 150 1013 1345
1 3 1345 1013 357 1014
1 3 541 1345 1014 151
1 3 150 538 1346 1013
1 3 538 45 1015 1346
1 3 1346 1015 275 1016
1 3 1013 1346 1016 357
1 3 357 1016 1347 1019
1 3 1016 275 1017 1347
1 3 1347 1017 100 1018
1 3 1019 1347 1018 276
1 3 151 1014 1348 544
1 3 1014 357 1019 1348
1 3 1348 1019 276 1020
1 3 544 1348 1020 46
1 3 45 533 1349 1015
1 3 533 148 1021 1349
1 3 1349 1021 358 1022
1 3 1015 1349 1022 275
1 3 148 531 1350 1021
1 3 531 30 979 1350
1 3 1350 979 267 1023
1 3 1021 1350 1023 358
1 3 358 1023 1351 1025
1 3 1023 267 986 1351
1 3 1351 986 79 1024
1 3 1025 1351 1024 277
1 3 275 1022 1352 1017
1 3 1022 358 1025 1352
1 3 1352 1025 277 1026
1 3 1017 1352 1026 100
1 3 100 1026 1353 1029
1 3 1026 277 1027 1353
1 3 1353 1027 359 1028
1 3 1029 1353 1028 279
1 3 277 1024 1354 1027
1 3 1024 79 1007 1354
1 3 1354 1007 274 1030
1 3 1027 1354 1030 359
1 3 359 1030 1355 1032
1 3 1030 274 1012 1355
1 3 1355 1012 25 1031
1 3 1032 1355 1031 278
1 3 279 1028 1356 1034
1 3 1028 359 1032 1356
1 3 1356 1032 278 1033
1 3 1034 1356 1033 80
1 3 46 1020 1357 551
1 3 1020 276 1035 1357
1 3 1357 1035 360 1036
1 3 551 1357 1036 154
1 3 276 1018 1358 1035
1 3 1018 100 1029 1358
1 3 1358 1029 279 1037
1 3 1035 1358 1037 360
1 3 360 1037 1359 1039
1 3 1037 279 1034 1359
1 3 1359 1034 80 1038
1 3 1039 1359 1038 280
1 3 154 1036 1360 554
1 3 1036 360 1039 1360
1 3 1360 1039 280 1040
1 3 554 1360 1040 1

boundary
160
1 1 13 633
1 1 633 175
1 1 175 635
1 1 635 52
1 1 52 641
1 1 641 177
1 1 177 643
1 1 643 2
1 1 12 589
1 1 589 164
1 1 164 591
1 1 591 49
1 1 49 598
1 1 598 166
1 1 166 600
1 1 600 3
1 1 16 733
1 1 733 201
1 1 201 735
1 1 735 59
1 1 59 741
1 1 741 203
1 1 203 743
1 1 743 4
1 1 15 689
1 1 689 190
1 1 190 691
1 1 691 56
1 1 56 698
1 1 698 192
1 1 192 700
1 1 700 5
1 1 19 833
1 1 833 227
1 1 227 835
1 1 835 66
1 1 66 841
1 1 841 229
1 1 229 843
1 1 843 6
1 1 18 789
1 1 789 216
1 1 216 791
1 1 791 63
1 1 63 798
1 1 798 218
1 1 218 800
1 1 800 7
1 1 22 933
1 1 933 253
1 1 253 935
1 1 935 73
1 1 73 941
1 1 941 255
1 1 255 943
1 1 943 8
1 1 21 889
1 1 889 242
1 1 242 891
1 1 891 70
1 1 70 898
1 1 898 244
1 1 244 900
1 1 900 9
1 1 25 1031
1 1 1031 278
1 1 278 1033
1 1 1033 80
1 1 80 1038
1 1 1038 280
1 1 280 1040
1 1 1040 1
1 1 24 989
1 1 989 268
1 1 268 991
1 1 991 77
1 1 77 998
1 1 998 270
1 1 270 1000
1 1 1000 10
1 1 3 601
1 1 601 167
1 1 167 603
1 1 603 50
1 1 50 609
1 1 609 169
1 1 169 611
1 1 611 13
1 1 1 555
1 1 555 155
1 1 155 557
1 1 557 47
1 1 47 564
1 1 564 157
1 1 157 566
1 1 566 12
1 1 5 701
1 1 701 193
1 1 193 703
1 1 703 57
1 1 57 709
1 1 709 195
1 1 195 711
1 1 711 16
1 1 2 655
1 1 655 181
1 1 181 657
1 1 657 54
1 1 54 664
1 1 664 183
1 1 183 666
1 1 666 15
1 1 7 801
1 1 801 219
1 1 219 803
1 1 803 64
1 1 64 809
1 1 809 221
1 1 221 811
1 1 811 19
1 1 4 755
1 1 755 207
1 1 207 757
1 1 757 61
1 1 61 764
1 1 764 209
1 1 209 766
1 1 766 18
1 1 9 901
1 1 901 245
1 1 245 903
1 1 903 71
1 1 71 909
1 1 909 247
1 1 247 911
1 1 911 22
1 1 6 855
1 1 855 233
1 1 233 857
1 1 857 68
1 1 68 864
1 1 864 235
1 1 235 866
1 1 866 21
1 1 10 1001
1 1 1001 271
1 1 271 1003
1 1 1003 78
1 1 78 1009
1 1 1009 273
1 1 273 1011
1 1 1011 25
1 1 8 955
1 1 955 259
1 1 259 957
1 1 957 75
1 1 75 964
1 1 964 261
1 1 261 966
1 1 966 24

vertices
1361
2
0 0
1 0
0.309017 0.951057
1.30902 0.951057
-0.809017 0.587785
-0.5 1.53884
-0.809017 -0.587785
-1.61803 0
0.309017 -0.951057
-0.5 -1.53884
1.30902 -0.951057
0.5 0
1.15451 0.475529
0.809019 0.951057
0.154508 0.475529
-0.0954915 1.24495
-0.654508 1.06331
-0.404508 0.293893
-1.21352 0.293893
-1.21352 -0.293892
-0.404508 -0.293893
-0.654508 -1.06331
-0.0954915 -1.24495
0.154508 -0.475529
0.809019 -0.951057
1.15451 -0.475529
0.654509 0.475529
-0.25 0.769421
-0.809016 0
-0.25 -0.76942
0.654509 -0.475529
0.25 0
0.577255 0.237764
0.404508 0.475529
0.077254 0.237764
-0.047746 0.622475
-0.327254 0.531657
-0.202254 0.146947
-0.606762 0.146947
-0.606762 -0.146947
-0.202254 -0.146947
-0.327254 -0.531656
-0.047746 -0.622475
0.077254 -0.237764
0.404508 -0.475529
0.577255 -0.237764
0.75 0
1.07726 0.237764
0.904509 0.475529
1.23176 0.713293
1.05902 0.951057
0.731764 0.713293
0.559018 0.951057
0.231762 0.713293
0.106763 1.098
-0.172746 1.00719
-0.297746 1.39189
-0.577254 1.30107
-0.452254 0.916365
-0.731762 0.825547
-0.606762 0.440839
-1.01127 0.440839
-1.01127 0.146947
-1.41578 0.146947
-1.41578 -0.146946
-1.01127 -0.146946
-1.01127 -0.440839
-0.606762 -0.440839
-0.731762 -0.825547
-0.452254 -0.916365
-0.577254 -1.30107
-0.297746 -1.39189
-0.172746 -1.00718
0.106763 -1.098
0.231762 -0.713293
0.559018 -0.951057
0.731764 -0.713293
1.05902 -0.951057
1.23176 -0.713293
0.904509 -0.475529
1.07726 -0.237764
0.327254 0.237764
-0.125 0.384711
-0.404508 0
-0.125 -0.38471
0.327254 -0.237764
0.827255 0.237764
0.981765 0.713293
0.481763 0.713293
0.0295084 0.860239
-0.375 1.15413
-0.529508 0.678602
-0.809015 0.293893
-1.21352 2.5e-07
-0.809015 -0.293893
-0.529508 -0.678602
-0.375 -1.15413
0.0295084 -0.860239
0.481763 -0.713293
0.981765 -0.713293
0.827255 -0.237764
0.125 0
0.288627 0.118882
0.202254 0.237764
0.038627 0.118882
0.375 0
0.538627 0.118882
0.452254 0.237764
0.615882 0.356647
0.529509 0.475529
0.365881 0.356647
0.279508 0.475529
0.115881 0.356647
-0.023873 0.311238
-0.163627 0.265829
-0.101127 0.0734733
0.053381 0.549002
-0.086373 0.503593
-0.148873 0.695948
-0.288627 0.650539
-0.226127 0.458184
-0.365881 0.412775
-0.303381 0.22042
-0.303381 0.0734733
-0.303381 -0.0734733
-0.101127 -0.0734733
-0.505635 0.22042
-0.505635 0.0734733
-0.707889 0.0734733
-0.707889 -0.0734733
-0.505635 -0.0734733
-0.505635 -0.22042
-0.303381 -0.22042
-0.163627 -0.265828
-0.023873 -0.311237
0.038627 -0.118882
-0.365881 -0.412775
-0.226127 -0.458183
-0.288627 -0.650538
-0.148873 -0.695947
-0.086373 -0.503592
0.053381 -0.549002
0.115881 -0.356647
0.202254 -0.237764
0.288627 -0.118882
0.279508 -0.475529
0.365881 -0.356647
0.529509 -0.475529
0.615882 -0.356647
0.452254 -0.237764
0.538627 -0.118882
0.625 0
0.788627 0.118882
0.702255 0.237764
0.875 0
1.03863 0.118882
0.952255 0.237764
1.11588 0.356647
1.02951 0.475529
0.865882 0.356647
0.779509 0.475529
0.943137 0.594411
0.856764 0.713293
0.693137 0.594411
1.19314 0.594411
1.10676 0.713293
1.27039 0.832175
1.18402 0.951057
1.02039 0.832175
0.934019 0.951057
0.770392 0.832175
0.443136 0.594411
0.356763 0.713293
0.193135 0.594411
0.606764 0.713293
0.684019 0.951057
0.520391 0.832175
0.434018 0.951057
0.27039 0.832175
0.130635 0.786766
-0.00911881 0.741357
0.20789 1.02453
0.0681356 0.979121
0.00563562 1.17148
-0.134119 1.12607
-0.0716187 0.933712
-0.211373 0.888303
-0.273873 1.08066
-0.413627 1.03525
-0.351127 0.842893
-0.196619 1.31842
-0.336373 1.27301
-0.398873 1.46537
-0.538627 1.41996
-0.476127 1.2276
-0.615881 1.18219
-0.553381 0.989838
-0.428381 0.60513
-0.568135 0.559721
-0.505635 0.367366
-0.490881 0.797484
-0.693135 0.944429
-0.630635 0.752075
-0.77039 0.706666
-0.70789 0.514312
-0.707889 0.367366
-0.707889 0.22042
-0.910143 0.514312
-0.910142 0.367366
-1.11239 0.367366
-1.11239 0.22042
-0.910142 0.22042
-0.910142 0.0734733
-1.11239 0.0734734
-1.11239 -0.0734729
-0.910142 -0.073473
-1.31465 0.22042
-1.31465 0.0734734
-1.5169 0.0734733
-1.5169 -0.073473
-1.31465 -0.0734729
-1.31465 -0.220419
-1.11239 -0.220419
-0.707889 -0.220419
-0.707889 -0.367366
-0.505635 -0.367366
-0.910142 -0.220419
-1.11239 -0.367365
-0.910142 -0.367366
-0.910143 -0.514312
-0.70789 -0.514312
-0.568135 -0.55972
-0.428381 -0.605129
-0.77039 -0.706666
-0.630635 -0.752075
-0.693135 -0.944429
-0.553381 -0.989837
-0.490881 -0.797484
-0.351127 -0.842893
-0.413627 -1.03525
-0.273873 -1.08066
-0.211373 -0.888302
-0.615881 -1.18219
-0.476127 -1.2276
-0.538627 -1.41996
-0.398873 -1.46537
-0.336373 -1.27301
-0.196619 -1.31842
-0.134119 -1.12607
-0.00911881 -0.741357
0.130635 -0.786766
0.193135 -0.594411
-0.0716187 -0.933712
0.00563562 -1.17148
0.0681356 -0.979121
0.20789 -1.02453
0.27039 -0.832175
0.356763 -0.713293
0.443136 -0.594411
0.434018 -0.951057
0.520391 -0.832175
0.684019 -0.951057
0.770392 -0.832175
0.606764 -0.713293
0.693137 -0.594411
0.856764 -0.713293
0.943137 -0.594411
0.779509 -0.475529
0.934019 -0.951057
1.02039 -0.832175
1.18402 -0.951057
1.27039 -0.832175
1.10676 -0.713293
1.19314 -0.594411
1.02951 -0.475529
0.702255 -0.237764
0.788627 -0.118882
0.865882 -0.356647
1.11588 -0.356647
0.952255 -0.237764
1.03863 -0.118882
0.163627 0.118882
0.413627 0.118882
0.490882 0.356647
0.240881 0.356647
-0.0625 0.192355
0.014754 0.43012
-0.1875 0.577066
-0.264754 0.339302
-0.202254 0
-0.404508 0.146947
-0.606762 0
-0.404508 -0.146947
-0.0625 -0.192355
-0.264754 -0.339302
-0.1875 -0.577065
0.014754 -0.43012
0.163627 -0.118882
0.240881 -0.356647
0.490882 -0.356647
0.413627 -0.118882
0.663627 0.118882
0.913627 0.118882
0.990882 0.356647
0.740882 0.356647
0.818137 0.594411
1.06814 0.594411
1.14539 0.832175
0.895392 0.832175
0.318136 0.594411
0.568136 0.594411
0.645391 0.832175
0.39539 0.832175
0.0920082 0.667884
0.169263 0.905648
-0.0329915 1.05259
-0.110246 0.81483
-0.3125 0.961776
-0.235246 1.19954
-0.4375 1.34649
-0.514754 1.10872
-0.467008 0.486248
-0.389754 0.724011
-0.592008 0.870956
-0.669263 0.633193
-0.606762 0.293893
-0.809016 0.440839
-1.01127 0.293893
-0.809015 0.146946
-1.01127 1.875e-07
-1.21352 0.146947
-1.41578 1.875e-07
-1.21352 -0.146946
-0.606762 -0.293893
-0.809015 -0.146946
-1.01127 -0.293892
-0.809016 -0.440839
-0.467008 -0.486248
-0.669263 -0.633193
-0.592008 -0.870956
-0.389754 -0.724011
-0.3125 -0.961775
-0.514754 -1.10872
-0.4375 -1.34648
-0.235246 -1.19954
0.0920082 -0.667884
-0.110246 -0.81483
-0.0329915 -1.05259
0.169263 -0.905648
0.318136 -0.594411
0.39539 -0.832175
0.645391 -0.832175
0.568136 -0.594411
0.818137 -0.594411
0.895392 -0.832175
1.14539 -0.832175
1.06814 -0.594411
0.663627 -0.118882
0.740882 -0.356647
0.990882 -0.356647
0.913627 -0.118882
0.0625 0
0.144314 0.0594411
0.101127 0.118882
0.0193135 0.0594411
0.1875 0
0.269314 0.0594411
0.226127 0.118882
0.307941 0.178323
0.264754 0.237764
0.182941 0.178323
0.139754 0.237764
0.0579405 0.178323
0.3125 0
0.394314 0.0594411
0.351127 0.118882
0.4375 0
0.519314 0.0594411
0.476127 0.118882
0.557941 0.178323
0.514754 0.237764
0.432941 0.178323
0.389754 0.237764
0.471568 0.297206
0.428381 0.356647
0.346568 0.297206
0.596568 0.297206
0.553382 0.356647
0.635195 0.416088
0.592009 0.475529
0.510195 0.416088
0.467009 0.475529
0.385195 0.416088
0.221568 0.297206
0.178381 0.356647
0.0965675 0.297206
0.303381 0.356647
0.342008 0.475529
0.260195 0.416088
0.217008 0.475529
0.135194 0.416088
-0.0119365 0.155619
-0.0818135 0.132914
-0.0505635 0.0367366
0.0266905 0.274501
-0.0431865 0.251797
-0.0744365 0.347974
-0.144313 0.32527
-0.113063 0.229092
-0.182941 0.206388
-0.151691 0.11021
0.0653175 0.393383
-0.0045595 0.370679
0.103945 0.512266
0.0340675 0.489561
0.0028175 0.585738
-0.0670595 0.563034
-0.0358095 0.466856
-0.105687 0.444152
-0.136937 0.540329
-0.206813 0.517625
-0.175563 0.421447
-0.0983095 0.659212
-0.168187 0.636507
-0.199437 0.732684
-0.269313 0.70998
-0.238063 0.613802
-0.30794 0.591098
-0.276691 0.49492
-0.214191 0.302565
-0.284068 0.279861
-0.252818 0.183683
-0.245441 0.398743
-0.346568 0.472216
-0.315318 0.376038
-0.385194 0.353334
-0.353944 0.257156
-0.151691 0.0367366
-0.151691 -0.0367366
-0.0505635 -0.0367366
-0.252818 0.11021
-0.252818 0.0367366
-0.353944 0.0367366
-0.353944 -0.0367366
-0.252818 -0.0367366
-0.252818 -0.11021
-0.151691 -0.11021
-0.353944 0.183683
-0.353944 0.11021
-0.455072 0.257156
-0.455072 0.183683
-0.556199 0.183683
-0.556199 0.11021
-0.455072 0.11021
-0.455072 0.0367366
-0.556199 0.0367366
-0.556199 -0.0367366
-0.455072 -0.0367366
-0.657326 0.11021
-0.657326 0.0367366
-0.758452 0.0367366
-0.758452 -0.0367366
-0.657326 -0.0367366
-0.657326 -0.11021
-0.556199 -0.11021
-0.353944 -0.11021
-0.353944 -0.183683
-0.252818 -0.183683
-0.455072 -0.11021
-0.556199 -0.183683
-0.455072 -0.183683
-0.455072 -0.257156
-0.353944 -0.257156
-0.0818135 -0.132914
-0.0119365 -0.155619
0.0193135 -0.0594411
-0.182941 -0.206388
-0.113063 -0.229092
-0.144313 -0.325269
-0.0744365 -0.347974
-0.0431865 -0.251796
0.0266905 -0.274501
0.0579405 -0.178323
-0.284068 -0.279861
-0.214191 -0.302565
-0.385194 -0.353334
-0.315318 -0.376038
-0.346568 -0.472216
-0.276691 -0.49492
-0.245441 -0.398743
-0.175563 -0.421447
-0.206813 -0.517624
-0.136936 -0.540329
-0.105687 -0.444151
-0.30794 -0.591097
-0.238063 -0.613802
-0.269313 -0.709979
-0.199437 -0.732684
-0.168186 -0.636506
-0.0983095 -0.659211
-0.0670595 -0.563033
-0.0045595 -0.370679
0.0653175 -0.393383
0.0965675 -0.297206
-0.0358095 -0.466856
0.0028175 -0.585738
0.0340675 -0.489561
0.103945 -0.512265
0.135194 -0.416088
0.101127 -0.118882
0.144314 -0.0594411
0.139754 -0.237764
0.182941 -0.178323
0.264754 -0.237764
0.307941 -0.178323
0.226127 -0.118882
0.269314 -0.0594411
0.178381 -0.356647
0.221568 -0.297206
0.217008 -0.475529
0.260195 -0.416088
0.342008 -0.475529
0.385195 -0.416088
0.303381 -0.356647
0.346568 -0.297206
0.428381 -0.356647
0.471568 -0.297206
0.389754 -0.237764
0.467009 -0.475529
0.510195 -0.416088
0.592009 -0.475529
0.635195 -0.416088
0.553382 -0.356647
0.596568 -0.297206
0.514754 -0.237764
0.351127 -0.118882
0.394314 -0.0594411
0.432941 -0.178323
0.557941 -0.178323
0.476127 -0.118882
0.519314 -0.0594411
0.5625 0
0.644314 0.0594411
0.601127 0.118882
0.6875 0
0.769314 0.0594411
0.726127 0.118882
0.807941 0.178323
0.764755 0.237764
0.682941 0.178323
0.639755 0.237764
0.8125 0
0.894314 0.0594411
0.851127 0.118882
0.9375 0
1.01931 0.0594411
0.976127 0.118882
1.05794 0.178323
1.01475 0.237764
0.932941 0.178323
0.889755 0.237764
0.971569 0.297206
0.928382 0.356647
0.846568 0.297206
1.09657 0.297206
1.05338 0.356647
1.1352 0.416088
1.09201 0.475529
1.0102 0.416088
0.96701 0.475529
0.885196 0.416088
0.721568 0.297206
0.678382 0.356647
0.803382 0.356647
0.842009 0.475529
0.760196 0.416088
0.717009 0.475529
0.798823 0.53497
0.755637 0.594411
0.673823 0.53497
0.923823 0.53497
0.880637 0.594411
0.962451 0.653852
0.919264 0.713293
0.837451 0.653852
0.794264 0.713293
0.71245 0.653852
1.04882 0.53497
1.00564 0.594411
1.17382 0.53497
1.13064 0.594411
1.21245 0.653852
1.16926 0.713293
1.08745 0.653852
1.04426 0.713293
1.12608 0.772734
1.08289 0.832175
1.00108 0.772734
1.25108 0.772734
1.20789 0.832175
1.28971 0.891616
1.24652 0.951057
1.16471 0.891616
1.12152 0.951057
1.03971 0.891616
0.876078 0.772734
0.832892 0.832175
0.751078 0.772734
0.957892 0.832175
0.996519 0.951057
0.914706 0.891616
0.871519 0.951057
0.789705 0.891616
0.298822 0.53497
0.255635 0.594411
0.173822 0.53497
0.423822 0.53497
0.380636 0.594411
0.46245 0.653852
0.419263 0.713293
0.337449 0.653852
0.294263 0.713293
0.212449 0.653852
0.548822 0.53497
0.505636 0.594411
0.630636 0.594411
0.669264 0.713293
0.58745 0.653852
0.544263 0.713293
0.626077 0.772734
0.582891 0.832175
0.501077 0.772734
0.707891 0.832175
0.746519 0.951057
0.664705 0.891616
0.621518 0.951057
0.539704 0.891616
0.376077 0.772734
0.33289 0.832175
0.251076 0.772734
0.45789 0.832175
0.496518 0.951057
0.414704 0.891616
0.371517 0.951057
0.289703 0.891616
0.142572 0.631148
0.0726946 0.608443
0.181199 0.75003
0.111322 0.727325
0.0800719 0.823503
0.0101948 0.800798
0.0414447 0.704621
-0.0284324 0.681916
0.219826 0.868912
0.149949 0.846207
0.258453 0.987794
0.188576 0.965089
0.157326 1.06127
0.0874492 1.03856
0.118699 0.942385
0.048822 0.91968
0.017572 1.01586
-0.0523051 0.993153
-0.0210552 0.896976
0.0561992 1.13474
-0.013678 1.11204
-0.0449279 1.20821
-0.114805 1.18551
-0.0835551 1.08933
-0.153432 1.06663
-0.122182 0.970449
-0.0596823 0.778094
-0.129559 0.755389
-0.0909323 0.874271
-0.192059 0.947744
-0.160809 0.851567
-0.230686 0.828862
-0.261936 0.925039
-0.331813 0.902334
-0.300563 0.806157
-0.223309 1.04392
-0.293186 1.02122
-0.324436 1.11739
-0.394313 1.09469
-0.363063 0.998512
-0.43294 0.975807
-0.40169 0.879629
-0.184682 1.1628
-0.254559 1.1401
-0.146055 1.28169
-0.215932 1.25898
-0.247182 1.35516
-0.317059 1.33245
-0.285809 1.23628
-0.355686 1.21357
-0.386936 1.30975
-0.456813 1.28704
-0.425563 1.19087
-0.348309 1.42863
-0.418186 1.40593
-0.449436 1.5021
-0.519313 1.4794
-0.488063 1.38322
-0.55794 1.36052
-0.52669 1.26434
-0.46419 1.07198
-0.534067 1.04928
-0.502818 0.953102
-0.49544 1.16816
-0.596567 1.24163
-0.565317 1.14546
-0.635194 1.12275
-0.603944 1.02657
-0.416445 0.449511
-0.486322 0.426807
-0.455072 0.33063
-0.377818 0.568393
-0.447695 0.545689
-0.478945 0.641866
-0.548822 0.619161
-0.517572 0.522984
-0.587449 0.50028
-0.556199 0.404102
-0.339191 0.687275
-0.409068 0.664571
-0.370441 0.783452
-0.471568 0.856925
-0.440318 0.760748
-0.510195 0.738043
-0.541445 0.83422
-0.611322 0.811516
-0.580072 0.715339
-0.572695 0.930397
-0.673822 1.00387
-0.642572 0.907693
-0.712449 0.884988
-0.681199 0.788811
-0.618699 0.596457
-0.688576 0.573753
-0.657326 0.477575
-0.649949 0.692634
-0.751076 0.766107
-0.719826 0.66993
-0.789703 0.647226
-0.758453 0.551049
-0.556199 0.330629
-0.556198 0.257156
-0.657326 0.404102
-0.657325 0.330629
-0.758452 0.330629
-0.758452 0.257156
-0.657325 0.257156
-0.657325 0.183683
-0.758453 0.477575
-0.758452 0.404102
-0.85958 0.551049
-0.859579 0.477575
-0.960706 0.477575
-0.960705 0.404102
-0.859579 0.404102
-0.859579 0.330629
-0.960705 0.330629
-0.960705 0.257156
-0.859578 0.257156
-1.06183 0.404102
-1.06183 0.330629
-1.16296 0.33063
-1.16296 0.257156
-1.06183 0.257156
-1.06183 0.183683
-0.960705 0.183683
-0.758452 0.183683
-0.758452 0.11021
-0.859578 0.183683
-0.960705 0.11021
-0.859579 0.11021
-0.859579 0.0367366
-0.960705 0.0367367
-0.960705 -0.0367364
-0.859579 -0.0367365
-1.06183 0.11021
-1.06183 0.0367368
-1.16296 0.0367368
-1.16296 -0.0367363
-1.06183 -0.0367363
-1.06183 -0.110209
-0.960705 -0.110209
-1.16296 0.183683
-1.16296 0.11021
-1.26408 0.257156
-1.26408 0.183683
-1.36521 0.183683
-1.36521 0.11021
-1.26408 0.11021
-1.26408 0.0367368
-1.36521 0.0367368
-1.36521 -0.0367363
-1.26408 -0.0367363
-1.46634 0.11021
-1.46634 0.0367367
-1.56747 0.0367366
-1.56747 -0.0367365
-1.46634 -0.0367364
-1.46634 -0.110209
-1.36521 -0.110209
-1.16296 -0.110209
-1.16296 -0.183682
-1.06183 -0.183682
-1.26408 -0.110209
-1.36521 -0.183682
-1.26408 -0.183682
-1.26408 -0.257155
-1.16296 -0.257155
-0.556198 -0.257156
-0.556199 -0.330629
-0.455072 -0.33063
-0.657325 -0.183683
-0.657325 -0.257156
-0.758452 -0.257156
-0.758452 -0.330629
-0.657325 -0.330629
-0.657326 -0.404102
-0.556199 -0.404102
-0.758452 -0.11021
-0.758452 -0.183683
-0.859579 -0.11021
-0.960705 -0.183683
-0.859578 -0.183683
-0.859578 -0.257156
-0.960705 -0.257156
-0.960705 -0.330629
-0.859579 -0.330629
-1.06183 -0.257156
-1.16296 -0.330629
-1.06183 -0.330629
-1.06183 -0.404102
-0.960705 -0.404102
-0.758452 -0.404102
-0.758453 -0.477575
-0.657326 -0.477575
-0.859579 -0.404102
-0.960706 -0.477575
-0.859579 -0.477575
-0.85958 -0.551048
-0.758453 -0.551049
-0.486322 -0.426807
-0.416445 -0.449511
-0.587449 -0.50028
-0.517572 -0.522984
-0.548822 -0.619161
-0.478945 -0.641866
-0.447695 -0.545688
-0.377818 -0.568393
-0.688576 -0.573753
-0.618699 -0.596457
-0.789703 -0.647226
-0.719826 -0.66993
-0.751076 -0.766107
-0.681199 -0.788811
-0.649949 -0.692634
-0.580072 -0.715338
-0.611322 -0.811515
-0.541445 -0.83422
-0.510195 -0.738043
-0.712449 -0.884988
-0.642572 -0.907692
-0.673822 -1.00387
-0.603944 -1.02657
-0.572695 -0.930397
-0.502818 -0.953101
-0.471568 -0.856924
-0.409068 -0.66457
-0.339191 -0.687275
-0.440318 -0.760747
-0.40169 -0.879629
-0.370441 -0.783452
-0.300563 -0.806156
-0.331813 -0.902334
-0.261936 -0.925039
-0.230686 -0.828861
-0.43294 -0.975806
-0.363063 -0.998511
-0.394313 -1.09469
-0.324436 -1.11739
-0.293186 -1.02122
-0.223309 -1.04392
-0.192059 -0.947744
-0.534067 -1.04928
-0.46419 -1.07198
-0.635194 -1.12275
-0.565317 -1.14546
-0.596567 -1.24163
-0.52669 -1.26434
-0.49544 -1.16816
-0.425563 -1.19087
-0.456813 -1.28704
-0.386936 -1.30975
-0.355686 -1.21357
-0.55794 -1.36052
-0.488063 -1.38322
-0.519313 -1.4794
-0.449436 -1.5021
-0.418186 -1.40593
-0.348309 -1.42863
-0.317059 -1.33245
-0.254559 -1.1401
-0.184682 -1.1628
-0.153432 -1.06663
-0.285809 -1.23628
-0.247182 -1.35516
-0.215932 -1.25898
-0.146055 -1.28169
-0.114805 -1.18551
0.0726946 -0.608443
0.142572 -0.631147
0.173822 -0.53497
-0.0284324 -0.681916
0.0414447 -0.70462
0.0101948 -0.800798
0.0800719 -0.823503
0.111322 -0.727325
0.181199 -0.75003
0.212449 -0.653852
-0.129559 -0.755388
-0.0596823 -0.778093
-0.160809 -0.851566
-0.122182 -0.970449
-0.0909323 -0.874271
-0.0210552 -0.896976
-0.0523051 -0.993153
0.017572 -1.01586
0.048822 -0.91968
-0.0835551 -1.08933
-0.0449279 -1.20821
-0.013678 -1.11204
0.0561992 -1.13474
0.0874492 -1.03856
0.149949 -0.846207
0.219826 -0.868912
0.251076 -0.772734
0.118699 -0.942385
0.157326 -1.06127
0.188576 -0.965089
0.258453 -0.987794
0.289703 -0.891616
0.255635 -0.594411
0.298822 -0.53497
0.294263 -0.713293
0.337449 -0.653852
0.419263 -0.713293
0.46245 -0.653852
0.380636 -0.594411
0.423822 -0.53497
0.33289 -0.832175
0.376077 -0.772734
0.371517 -0.951057
0.414704 -0.891616
0.496518 -0.951057
0.539704 -0.891616
0.45789 -0.832175
0.501077 -0.772734
0.582891 -0.832175
0.626077 -0.772734
0.544263 -0.713293
0.621518 -0.951057
0.664705 -0.891616
0.746519 -0.951057
0.789705 -0.891616
0.707891 -0.832175
0.751078 -0.772734
0.669264 -0.713293
0.505636 -0.594411
0.548822 -0.53497
0.58745 -0.653852
0.71245 -0.653852
0.630636 -0.594411
0.673823 -0.53497
0.755637 -0.594411
0.798823 -0.53497
0.717009 -0.475529
0.794264 -0.713293
0.837451 -0.653852
0.919264 -0.713293
0.962451 -0.653852
0.880637 -0.594411
0.923823 -0.53497
0.842009 -0.475529
0.832892 -0.832175
0.876078 -0.772734
0.871519 -0.951057
0.914705 -0.891616
0.996519 -0.951057
1.03971 -0.891616
0.957892 -0.832175
1.00108 -0.772734
1.08289 -0.832175
1.12608 -0.772734
1.04426 -0.713293
1.12152 -0.951057
1.16471 -0.891616
1.24652 -0.951057
1.28971 -0.891616
1.20789 -0.832175
1.25108 -0.772734
1.16926 -0.713293
1.00564 -0.594411
1.04882 -0.53497
0.96701 -0.475529
1.08745 -0.653852
1.21245 -0.653852
1.13064 -0.594411
1.17382 -0.53497
1.09201 -0.475529
0.601127 -0.118882
0.644314 -0.0594411
0.639755 -0.237764
0.682941 -0.178323
0.764755 -0.237764
0.807941 -0.178323
0.726127 -0.118882
0.769314 -0.0594411
0.678382 -0.356647
0.721568 -0.297206
0.760196 -0.416088
0.885196 -0.416088
0.803382 -0.356647
0.846568 -0.297206
0.928382 -0.356647
0.971569 -0.297206
0.889755 -0.237764
1.0102 -0.416088
1.1352 -0.416088
1.05338 -0.356647
1.09657 -0.297206
1.01475 -0.237764
0.851127 -0.118882
0.894314 -0.0594411
0.932941 -0.178323
1.05794 -0.178323
0.976127 -0.118882
1.01931 -0.0594411
0.0818135 0.0594411
0.206814 0.0594411
0.245441 0.178323
0.120441 0.178323
0.331814 0.0594411
0.456814 0.0594411
0.495441 0.178323
0.370441 0.178323
0.409068 0.297206
0.534068 0.297206
0.572695 0.416088
0.447695 0.416088
0.159068 0.297206
0.284068 0.297206
0.322695 0.416088
0.197695 0.416088
-0.03125 0.0961777
0.007377 0.21506
-0.09375 0.288533
-0.132377 0.169651
0.046004 0.333942
0.084631 0.452824
-0.016496 0.526297
-0.055123 0.407415
-0.15625 0.480888
-0.117623 0.59977
-0.21875 0.673243
-0.257377 0.554361
-0.233504 0.243124
-0.194877 0.362006
-0.296004 0.435479
-0.334631 0.316597
-0.101127 0
-0.202254 0.0734733
-0.303381 0
-0.202254 -0.0734733
-0.303381 0.146947
-0.404508 0.22042
-0.505635 0.146947
-0.404508 0.0734733
-0.505635 0
-0.606762 0.0734733
-0.707889 0
-0.606762 -0.0734733
-0.303381 -0.146947
-0.404508 -0.0734733
-0.505635 -0.146947
-0.404508 -0.22042
-0.03125 -0.0961777
-0.132377 -0.169651
-0.09375 -0.288533
0.007377 -0.21506
-0.233504 -0.243124
-0.334631 -0.316597
-0.296004 -0.435479
-0.194877 -0.362006
-0.15625 -0.480888
-0.257377 -0.554361
-0.21875 -0.673243
-0.117623 -0.59977
0.046004 -0.333942
-0.055123 -0.407415
-0.016496 -0.526297
0.084631 -0.452824
0.0818135 -0.0594411
0.120441 -0.178323
0.245441 -0.178323
0.206814 -0.0594411
0.159068 -0.297206
0.197695 -0.416088
0.322695 -0.416088
0.284068 -0.297206
0.409068 -0.297206
0.447695 -0.416088
0.572695 -0.416088
0.534068 -0.297206
0.331814 -0.0594411
0.370441 -0.178323
0.495441 -0.178323
0.456814 -0.0594411
0.581814 0.0594411
0.706814 0.0594411
0.745441 0.178323
0.620441 0.178323
0.831814 0.0594411
0.956814 0.0594411
0.995441 0.178323
0.870441 0.178323
0.909069 0.297206
1.03407 0.297206
1.0727 0.416088
0.947696 0.416088
0.659068 0.297206
0.784068 0.297206
0.822696 0.416088
0.697695 0.416088
0.736323 0.53497
0.861323 0.53497
0.899951 0.653852
0.77495 0.653852
0.986323 0.53497
1.11132 0.53497
1.14995 0.653852
1.02495 0.653852
1.06358 0.772734
1.18858 0.772734
1.22721 0.891616
1.10221 0.891616
0.813578 0.772734
0.938578 0.772734
0.977206 0.891616
0.852205 0.891616
0.236322 0.53497
0.361322 0.53497
0.399949 0.653852
0.274949 0.653852
0.486322 0.53497
0.611323 0.53497
0.64995 0.653852
0.52495 0.653852
0.563577 0.772734
0.688578 0.772734
0.727205 0.891616
0.602205 0.891616
0.313576 0.772734
0.438577 0.772734
0.477204 0.891616
0.352204 0.891616
0.123258 0.571707
0.161885 0.690589
0.0607583 0.764062
0.0221311 0.64518
0.200513 0.809471
0.23914 0.928353
0.138013 1.00183
0.0993855 0.882944
-0.00174157 0.956417
0.0368856 1.0753
-0.0642415 1.14877
-0.102869 1.02989
-0.0789959 0.718653
-0.0403687 0.837535
-0.141496 0.911008
-0.180123 0.792126
-0.28125 0.865598
-0.242623 0.984481
-0.34375 1.05795
-0.382377 0.939071
-0.203996 1.10336
-0.165369 1.22225
-0.266496 1.29572
-0.305123 1.17684
-0.40625 1.25031
-0.367623 1.36919
-0.46875 1.44266
-0.507377 1.32378
-0.483504 1.01254
-0.444877 1.13143
-0.546004 1.2049
-0.584631 1.08602
-0.435758 0.39007
-0.397131 0.508952
-0.498258 0.582425
-0.536885 0.463543
-0.358504 0.627834
-0.319877 0.746716
-0.421004 0.820189
-0.459631 0.701307
-0.560758 0.774779
-0.522131 0.893661
-0.623258 0.967133
-0.661885 0.848252
-0.638013 0.537016
-0.599385 0.655898
-0.700513 0.729371
-0.73914 0.610489
-0.505635 0.293893
-0.606762 0.367366
-0.707889 0.293893
-0.606762 0.22042
-0.707889 0.440839
-0.809016 0.514312
-0.910142 0.440839
-0.809015 0.367366
-0.910142 0.293893
-1.01127 0.367366
-1.11239 0.293893
-1.01127 0.22042
-0.707889 0.146946
-0.809015 0.22042
-0.910142 0.146946
-0.809016 0.0734732
-0.910142 1.09375e-07
-1.01127 0.0734733
-1.11239 2.34375e-07
-1.01127 -0.0734729
-1.11239 0.146947
-1.21352 0.22042
-1.31465 0.146947
-1.21352 0.0734734
-1.31465 2.34375e-07
-1.41578 0.0734733
-1.5169 1.09375e-07
-1.41578 -0.0734729
-1.11239 -0.146946
-1.21352 -0.0734729
-1.31465 -0.146946
-1.21352 -0.220419
-0.505635 -0.293893
-0.606762 -0.22042
-0.707889 -0.293893
-0.606762 -0.367366
-0.707889 -0.146946
-0.809016 -0.0734731
-0.910142 -0.146946
-0.809015 -0.220419
-0.910142 -0.293892
-1.01127 -0.220419
-1.11239 -0.293892
-1.01127 -0.367365
-0.707889 -0.440839
-0.809015 -0.367366
-0.910142 -0.440839
-0.809016 -0.514312
-0.435758 -0.39007
-0.536885 -0.463543
-0.498258 -0.582425
-0.397131 -0.508952
-0.638013 -0.537016
-0.73914 -0.610489
-0.700513 -0.72937
-0.599385 -0.655898
-0.560758 -0.774779
-0.661885 -0.848252
-0.623258 -0.967133
-0.522131 -0.893661
-0.358504 -0.627834
-0.459631 -0.701306
-0.421004 -0.820188
-0.319877 -0.746715
-0.28125 -0.865598
-0.382377 -0.93907
-0.34375 -1.05795
-0.242623 -0.98448
-0.483504 -1.01254
-0.584631 -1.08601
-0.546004 -1.2049
-0.444877 -1.13143
-0.40625 -1.25031
-0.507377 -1.32378
-0.46875 -1.44266
-0.367623 -1.36919
-0.203996 -1.10336
-0.305123 -1.17684
-0.266496 -1.29572
-0.165369 -1.22225
0.123258 -0.571706
0.0221311 -0.645179
0.0607583 -0.764061
0.161885 -0.690588
-0.0789959 -0.718652
-0.180123 -0.792125
-0.141496 -0.911007
-0.0403687 -0.837534
-0.00174157 -0.956417
-0.102869 -1.02989
-0.0642415 -1.14877
0.0368856 -1.0753
0.200513 -0.809471
0.0993855 -0.882944
0.138013 -1.00183
0.23914 -0.928353
0.236322 -0.53497
0.274949 -0.653852
0.399949 -0.653852
0.361322 -0.53497
0.313576 -0.772734
0.352204 -0.891616
0.477204 -0.891616
0.438577 -0.772734
0.563577 -0.772734
0.602205 -0.891616
0.727205 -0.891616
0.688578 -0.772734
0.486322 -0.53497
0.52495 -0.653852
0.64995 -0.653852
0.611323 -0.53497
0.736323 -0.53497
0.77495 -0.653852
0.899951 -0.653852
0.861323 -0.53497
0.813578 -0.772734
0.852205 -0.891616
0.977206 -0.891616
0.938578 -0.772734
1.06358 -0.772734
1.10221 -0.891616
1.22721 -0.891616
1.18858 -0.772734
0.986323 -0.53497
1.02495 -0.653852
1.14995 -0.653852
1.11132 -0.53497
0.581814 -0.0594411
0.620441 -0.178323
0.745441 -0.178323
0.706814 -0.0594411
0.659068 -0.297206
0.697695 -0.416088
0.822696 -0.416088
0.784068 -0.297206
0.909069 -0.297206
0.947696 -0.416088
1.0727 -0.416088
1.03407 -0.297206
0.831814 -0.0594411
0.870441 -0.178323
0.995441 -0.178323
0.956814 -0.0594411
