FiniteElementSpace
FiniteElementCollection: H1_2D_P4
VDim: 1
Ordering: 0

-1.14748
0
0
0
0
0
0
0
0
0
0
-0.624236
0
0
-0.624238
0
0
-0.624242
0
0
-0.624242
0
0
-0.624238
0
0
-0.0487067
-0.0487109
-0.0487271
-0.0487089
-0.0487067
-0.249832
0.451003
0.450999
-0.249833
0.451011
0.450999
-0.249828
0.451012
0.451009
-0.249827
0.450998
0.451011
-0.249833
0.450999
0.451003
-0.570906
0
0.838277
0
0
0.838276
0
-0.57091
0
0.838276
0
0
0.838292
0
-0.570914
0
0.83828
0
0
0.838283
0
-0.570913
0
0.838292
0
0
0.838274
0
-0.57091
0
0.838276
0
0
0.838277
0
0.90611
0.906115
0.906124
0.906115
0.90611
0.111649
0.349566
0.111648
0.111667
0.349531
0.111646
0.111679
0.349495
0.111675
0.111644
0.349532
0.111667
0.111648
0.349566
0.111649
-0.874108
0.291948
0.291948
-0.874111
-0.264003
-0.218689
0.71614
0.356173
0.356172
0.716138
-0.218694
-0.264002
0.291956
0.291952
-0.874108
-0.21868
0.716147
0.356169
0.35617
0.716138
-0.218693
-0.264004
0.291962
0.291962
-0.874108
-0.218683
0.716147
0.356163
0.356162
0.716145
-0.218685
-0.264003
0.291952
0.291956
-0.874112
-0.218694
0.716138
0.356172
0.35617
0.716148
-0.21868
-0.264002
0.291948
0.291948
-0.218694
0.716138
0.356172
0.356173
0.71614
-0.218689
-0.683021
-0.432916
0.347886
-0.363853
0
-0.0825114
0
1.29667
0.783561
0.0964907
0.560971
0.560969
0.0964913
0
-0.26322
0
0
-0.263221
0
1.29667
0.347882
-0.432917
-0.683025
0.783558
0
-0.0825112
0
-0.363857
-0.432913
0.347899
0
-0.0824942
0
1.29667
0.783575
0.0964835
0.560962
0.560984
0.0964986
0
-0.263298
0
0
-0.263269
0
1.29668
0.347881
-0.43292
-0.683028
0.783562
0
-0.0825127
0
-0.363861
-0.432914
0.347904
0
-0.0824773
0
1.29667
0.783589
0.0964776
0.560965
0.560969
0.0964802
0
-0.263367
0
0
-0.263364
0
1.29667
0.347901
-0.432914
-0.683027
0.783587
0
-0.0824794
0
-0.36386
-0.432919
0.34788
0
-0.0825132
0
1.29668
0.78356
0.0965003
0.560984
0.56096
0.0964821
0
-0.263268
0
0
-0.263297
0
1.29667
0.347899
-0.432914
-0.683025
0.783574
0
-0.0824944
0
-0.363857
-0.432917
0.347882
0
-0.0825112
0
1.29667
0.783558
0.0964913
0.560969
0.560971
0.0964907
0
-0.263221
0
0
-0.26322
0
1.29667
0.347886
-0.432916
0.783561
0
-0.0825114
0
-0.363941
0.130476
0.549429
0.130474
-0.363938
0.130487
0.549427
0.130473
-0.363931
0.130484
0.549421
0.130483
-0.363939
0.130473
0.549429
0.130487
-0.363941
0.130474
0.549429
0.130476
-0.354536
-0.364337
0.738498
0.563222
-0.0901286
0.919417
-1.1244
0.919412
-0.35454
0.56322
0.738497
-0.364337
-0.354529
-0.364338
0.738525
0.563222
-0.0901214
0.919368
-1.12444
0.919404
-0.354541
0.563222
0.738497
-0.364338
-0.35453
-0.364338
0.738549
0.563221
-0.0901177
0.919326
-1.12449
0.919331
-0.354531
0.56322
0.738548
-0.364338
-0.354541
-0.364338
0.738496
0.563223
-0.0901226
0.919406
-1.12444
0.919369
-0.35453
0.563221
0.738525
-0.364338
-0.35454
-0.364337
0.738497
0.56322
-0.0901286
0.919412
-1.1244
0.919417
-0.354536
0.563222
0.738498
-0.364337
-1.13663
-1.08128
-0.961791
-0.832558
-0.700648
-0.494681
-0.832561
-0.70065
-0.494681
-1.13663
-1.08129
-0.961793
-0.338291
-0.548781
-0.769437
-0.214175
-0.0711237
0.151587
0.225369
0.0293696
-0.226841
0.854405
0.681019
0.431534
0.854405
0.681019
0.431533
0.225368
0.0293688
-0.226842
-0.214177
-0.0711252
0.151587
-0.338293
-0.548784
-0.769441
-0.187456
-0.14675
-0.204942
-0.265999
-0.17932
0.00660912
0.323064
0.30338
0.201327
-0.58014
-0.467996
-0.332337
-0.618178
-0.525354
-0.340376
-0.176315
-0.0746553
0.0568103
0.374158
0.16628
-0.0853185
0.47624
0.547826
0.65271
0.66528
0.494937
0.26088
0.923621
0.885431
0.781385
0.73839
0.708151
0.611146
0.738388
0.70815
0.611145
0.923621
0.885431
0.781384
0.500091
0.510715
0.427264
0.356408
0.397681
0.489048
-0.00353531
0.120727
0.275993
-0.00353508
0.120727
0.275993
0.356407
0.39768
0.489048
0.500087
0.510713
0.427262
0.476236
0.547823
0.652708
0.323064
0.303379
0.201326
-0.265999
-0.179321
0.00660714
-0.187456
-0.146749
-0.204941
0.665278
0.494935
0.260878
0.374153
0.166275
-0.0853235
-0.17632
-0.0746592
0.0568076
-0.618182
-0.525359
-0.340381
-0.580141
-0.467996
-0.332337
-0.832561
-0.700649
-0.494679
-0.832557
-0.700647
-0.494679
-1.13663
-1.08128
-0.961791
-0.214175
-0.0711207
0.151594
0.225375
0.0293741
-0.226838
0.854411
0.681027
0.431542
0.85441
0.681023
0.431537
0.225373
0.029374
-0.226838
-0.214171
-0.0711208
0.151591
-0.338287
-0.548778
-0.769436
-0.265996
-0.179314
0.00661858
0.323073
0.30339
0.201338
-0.618179
-0.525351
-0.340368
-0.176306
-0.0746451
0.0568209
0.374168
0.166292
-0.0853075
0.476248
0.547833
0.652717
0.665288
0.494948
0.260892
0.923627
0.885438
0.781392
0.738395
0.708153
0.611145
0.738387
0.708149
0.611144
0.923625
0.885432
0.781383
0.500097
0.510717
0.427262
0.356404
0.397678
0.489046
-0.0035403
0.120721
0.275988
-0.00353869
0.120724
0.27599
0.356404
0.397678
0.489045
0.500087
0.510711
0.42726
0.476236
0.547822
0.652706
0.323067
0.30338
0.201325
-0.266001
-0.179323
0.00660614
-0.187452
-0.146747
-0.204942
0.665277
0.494934
0.260877
0.374154
0.166277
-0.0853222
-0.17632
-0.0746596
0.0568066
-0.618184
-0.52536
-0.340381
-0.580145
-0.468
-0.33234
-0.832556
-0.700644
-0.494673
-0.832556
-0.700643
-0.494673
-1.13663
-1.08128
-0.961791
-0.21417
-0.0711157
0.151599
0.225382
0.0293826
-0.22683
0.854419
0.681035
0.431548
0.854419
0.681034
0.431548
0.225383
0.029383
-0.22683
-0.214169
-0.0711148
0.151599
-0.338286
-0.548777
-0.769436
-0.265999
-0.179318
0.00661473
0.323077
0.303391
0.201336
-0.618183
-0.525356
-0.340373
-0.17631
-0.0746495
0.0568168
0.374169
0.166291
-0.0853103
0.476248
0.547832
0.652716
0.665288
0.494946
0.260889
0.923633
0.885441
0.781392
0.738394
0.70815
0.61114
0.738392
0.708149
0.61114
0.923633
0.88544
0.781391
0.500098
0.510716
0.427257
0.356397
0.39767
0.489039
-0.00355563
0.120709
0.275979
-0.00355525
0.120709
0.275979
0.356396
0.39767
0.489039
0.500095
0.510714
0.427256
0.476245
0.54783
0.652714
0.323077
0.30339
0.201335
-0.265998
-0.179318
0.00661404
-0.187451
-0.146746
-0.204941
0.665285
0.494944
0.260887
0.374165
0.166288
-0.0853125
-0.176311
-0.0746511
0.0568155
-0.618183
-0.525356
-0.340374
-0.580145
-0.468
-0.332339
-0.832557
-0.700647
-0.494679
-0.832561
-0.700649
-0.49468
-1.13663
-1.08129
-0.961794
-0.21417
-0.0711199
0.151591
0.225373
0.029374
-0.226838
0.854409
0.681023
0.431537
0.854411
0.681027
0.431542
0.225375
0.0293737
-0.226838
-0.214175
-0.0711211
0.151593
-0.338293
-0.548784
-0.769441
-0.266
-0.179322
0.0066063
0.323067
0.30338
0.201325
-0.618184
-0.52536
-0.340381
-0.17632
-0.0746601
0.0568064
0.374153
0.166275
-0.0853233
0.476235
0.547821
0.652706
0.665276
0.494933
0.260877
0.923625
0.885432
0.781383
0.738387
0.70815
0.611145
0.738396
0.708154
0.611147
0.923627
0.885439
0.781393
0.500086
0.510712
0.427262
0.356407
0.39768
0.489048
-0.00353632
0.120727
0.275993
-0.0035386
0.120723
0.275989
0.356405
0.39768
0.489048
0.500097
0.510718
0.427262
0.476248
0.547834
0.652718
0.323072
0.30339
0.201338
-0.265996
-0.179314
0.00661872
-0.187457
-0.146749
-0.204942
0.665289
0.494948
0.260892
0.374168
0.166292
-0.0853077
-0.176306
-0.074645
0.0568211
-0.618179
-0.525351
-0.340368
-0.580142
-0.467997
-0.332337
-0.832561
-0.70065
-0.494682
-0.832558
-0.700648
-0.494681
-0.214177
-0.0711254
0.151587
0.225368
0.0293687
-0.226842
0.854405
0.681019
0.431533
0.854405
0.681019
0.431534
0.225369
0.0293696
-0.226841
-0.214175
-0.0711237
0.151587
-0.265999
-0.179322
0.00660703
0.323064
0.303379
0.201326
-0.618182
-0.52536
-0.340381
-0.17632
-0.0746593
0.0568075
0.374153
0.166275
-0.0853236
0.476236
0.547823
0.652708
0.665278
0.494935
0.260878
0.923621
0.885431
0.781384
0.738388
0.70815
0.611145
0.73839
0.708151
0.611146
0.923621
0.885431
0.781385
0.500087
0.510713
0.427262
0.356407
0.39768
0.489048
-0.00353508
0.120727
0.275993
-0.00353531
0.120727
0.275993
0.356408
0.397681
0.489048
0.500091
0.510715
0.427264
0.47624
0.547826
0.65271
0.323064
0.30338
0.201327
-0.265999
-0.17932
0.00660912
0.66528
0.494937
0.26088
0.374158
0.16628
-0.0853185
-0.176315
-0.0746553
0.0568103
-0.618178
-0.525354
-0.340376
-0.655291
-0.687324
-0.689836
-0.66919
-0.591372
-0.451715
-0.251034
-0.300171
-0.337308
-0.596521
-0.639621
-0.671303
-0.559403
-0.528224
-0.475351
-0.425077
-0.401534
-0.372153
-0.0157602
-0.224384
-0.376302
0.161188
0.249055
0.319277
0.233084
-0.00851041
-0.244205
0.431901
0.403311
0.370893
-0.54105
-0.478875
-0.406702
-0.354156
-0.353965
-0.364281
-0.437566
-0.429695
-0.39619
-0.0928389
-0.217848
-0.318154
0
0
0
-0.0797334
-0.217518
-0.32375
0
0
0
-0.00952944
-0.0495021
-0.0802576
-0.177008
-0.300033
-0.356111
0.0621431
-0.0200528
-0.0720353
0.0321288
0.292932
0.58551
0.799914
0.808089
0.777268
0.243945
0.491162
0.70032
0
0
0
0.200142
0.496078
0.680333
0
0
0
0.323651
0.862552
1.20918
1.26108
1.11488
0.883933
0.985302
1.2166
1.31997
0.874882
0.897355
0.845023
0.446432
0.568804
0.591656
0.371069
0.42971
0.515222
0.759694
0.69547
0.61218
0.688455
0.416285
0.191443
0.187741
0.363958
0.512053
-0.0722195
-0.0628012
0.0226254
0.0164375
-0.0916342
-0.117012
0.016438
-0.0916339
-0.117012
-0.0722192
-0.0628006
0.0226261
0.792858
0.692686
0.600594
0.410878
0.150308
-0.0340994
0.406445
0.474889
0.528026
0.406445
0.474888
0.528024
0.410876
0.150308
-0.0340994
0.792857
0.692685
0.600592
0.688455
0.416285
0.191443
1.30167
1.22839
1.05135
0.704863
0.911856
0.967196
0
0
0
0.167484
0.519879
0.819353
0
0
0
-0.173494
-0.360927
-0.341914
-0.0252483
0.401381
0.76241
0.274794
0.0777226
-0.154205
-0.497328
-0.883205
-1.10473
-0.497329
-0.883205
-1.10473
0.274793
0.0777209
-0.154207
0
0
0
-0.276763
-0.762496
-1.06838
0
0
0
0
0
0
-0.276763
-0.762496
-1.06838
0
0
0
-0.173494
-0.360927
-0.341916
0.70486
0.911852
0.967191
1.30166
1.22839
1.05134
0.985301
1.2166
1.31996
-0.0252508
0.401377
0.762405
0
0
0
0.167483
0.519876
0.819348
0
0
0
0.32365
0.862549
1.20918
-0.251039
-0.300175
-0.337311
-0.669194
-0.591376
-0.451719
-0.655293
-0.687328
-0.689839
0.431897
0.403307
0.370889
0.233081
-0.00851344
-0.244208
0.161186
0.249052
0.319274
-0.0157613
-0.224385
-0.376303
-0.425078
-0.401536
-0.372157
-0.559407
-0.528227
-0.475352
-0.596525
-0.639625
-0.671307
0.371068
0.429709
0.51522
0.446428
0.568801
0.591654
0.187742
0.363957
0.512051
0.874881
0.897354
0.845021
0.759692
0.695468
0.612178
0.243943
0.49116
0.700318
0.799912
0.808087
0.777266
0.0321288
0.292931
0.585509
0.0621422
-0.0200531
-0.0720351
1.26108
1.11488
0.883932
0
0
0
0.200142
0.496077
0.680332
0
0
0
-0.00952938
-0.0495019
-0.0802572
-0.437567
-0.429696
-0.39619
-0.354158
-0.353966
-0.364281
-0.541055
-0.478879
-0.406705
-0.177007
-0.300032
-0.35611
0
0
0
-0.0797333
-0.217518
-0.32375
0
0
0
-0.0928396
-0.21785
-0.318157
-0.669193
-0.591372
-0.451711
-0.251025
-0.300163
-0.3373
-0.559408
-0.528228
-0.475351
-0.425074
-0.401529
-0.372147
-0.0157443
-0.224373
-0.376297
0.161205
0.249071
0.319291
0.233098
-0.00849773
-0.244195
0.43191
0.403321
0.370905
-0.354159
-0.353969
-0.364283
-0.437564
-0.429695
-0.396191
0
0
0
-0.0797334
-0.217518
-0.323751
0
0
0
-0.00952476
-0.0494905
-0.0802417
-0.176994
-0.300026
-0.356109
0.0621614
-0.0200342
-0.0720173
0.0321494
0.292957
0.585537
0.799931
0.808112
0.777294
0.243964
0.491181
0.700337
0
0
0
0.200149
0.496095
0.680358
0
0
0
0.323647
0.862546
1.20918
1.26108
1.1149
0.883958
0.985303
1.2166
1.31997
0.874883
0.897361
0.845034
0.446444
0.568812
0.591658
0.371066
0.429707
0.51522
0.759705
0.695476
0.612181
0.688453
0.41628
0.191436
0.187733
0.363951
0.512049
-0.0722243
-0.0628073
0.0226185
0.0164314
-0.0916364
-0.117008
0.0164458
-0.0916261
-0.117004
-0.072222
-0.0627998
0.0226313
0.792855
0.69268
0.600586
0.410874
0.150312
-0.0340928
0.406417
0.474871
0.528014
0.406423
0.474885
0.528034
0.410892
0.150323
-0.0340888
0.792875
0.692704
0.600609
0.68847
0.416299
0.191453
1.30166
1.22837
1.05131
0.704846
0.911824
0.967151
0
0
0
0.167469
0.519839
0.819303
0
0
0
-0.173511
-0.360977
-0.341987
-0.0253259
0.401311
0.762353
0.274747
0.077654
-0.154285
-0.497405
-0.883271
-1.10478
-0.497381
-0.883258
-1.10477
0.274753
0.0776713
-0.154258
0
0
0
-0.276768
-0.762513
-1.06841
0
0
0
0
0
0
-0.276767
-0.76251
-1.06841
0
0
0
-0.173502
-0.360954
-0.341958
0.704872
0.911855
0.967187
1.30167
1.22839
1.05134
0.985316
1.21661
1.31997
-0.0252927
0.401349
0.762391
0
0
0
0.16748
0.519866
0.819338
0
0
0
0.323651
0.862551
1.20918
-0.251039
-0.300175
-0.337312
-0.669197
-0.591378
-0.45172
-0.655297
-0.687331
-0.689842
0.431897
0.403307
0.370889
0.23308
-0.00851424
-0.244209
0.161184
0.24905
0.319272
-0.0157636
-0.224387
-0.376305
-0.425081
-0.401538
-0.372158
-0.559411
-0.528231
-0.475355
-0.596529
-0.639629
-0.67131
0.371067
0.429709
0.515221
0.446427
0.5688
0.591655
0.187748
0.363962
0.512054
0.874895
0.897363
0.845026
0.759695
0.695471
0.61218
0.243941
0.491159
0.700319
0.799915
0.808089
0.777267
0.0321271
0.29293
0.585508
0.0621398
-0.0200552
-0.0720368
1.26108
1.11488
0.883932
0
0
0
0.200141
0.496075
0.680331
0
0
0
-0.00953013
-0.0495032
-0.0802586
-0.437569
-0.429698
-0.396192
-0.354162
-0.353969
-0.364283
-0.541059
-0.478883
-0.40671
-0.177009
-0.300033
-0.356111
0
0
0
-0.0797333
-0.217518
-0.323751
0
0
0
-0.0928405
-0.217852
-0.31816
-0.669196
-0.591375
-0.451712
-0.251028
-0.300164
-0.337301
-0.559412
-0.528231
-0.475352
-0.425074
-0.401529
-0.372148
-0.0157346
-0.224368
-0.376295
0.161215
0.249079
0.319297
0.233103
-0.00849474
-0.244195
0.431912
0.403324
0.37091
-0.354164
-0.353972
-0.364285
-0.437564
-0.429695
-0.396191
0
0
0
-0.0797329
-0.217518
-0.323751
0
0
0
-0.00952012
-0.0494786
-0.0802256
-0.176981
-0.300018
-0.356107
0.0621745
-0.0200187
-0.0720004
0.0321694
0.292982
0.585563
0.799949
0.808135
0.77732
0.243977
0.491196
0.700352
0
0
0
0.200153
0.49611
0.68038
0
0
0
0.323644
0.862539
1.20917
1.26109
1.11491
0.88398
0.985307
1.21661
1.31996
0.874888
0.89737
0.845047
0.446449
0.568816
0.59166
0.37106
0.429703
0.515218
0.759716
0.695481
0.612182
0.688456
0.41628
0.191432
0.187727
0.363946
0.512047
-0.0722394
-0.0628192
0.0226106
0.0164268
-0.0916377
-0.117005
0.0164293
-0.0916358
-0.117005
-0.0722389
-0.0628178
0.0226128
0.792859
0.692684
0.60059
0.410882
0.150323
-0.034085
0.406394
0.474865
0.528016
0.406395
0.474867
0.52802
0.410886
0.150325
-0.0340843
0.792862
0.692688
0.600594
0.688459
0.416283
0.191435
1.30165
1.22834
1.05127
0.704842
0.911803
0.967114
0
0
0
0.167454
0.519803
0.819259
0
0
0
-0.173527
-0.361021
-0.342051
-0.0253912
0.401254
0.762305
0.274702
0.0775929
-0.154354
-0.497476
-0.883342
-1.10484
-0.497474
-0.883341
-1.10484
0.274703
0.0775952
-0.154351
0
0
0
-0.276774
-0.762535
-1.06845
0
0
0
0
0
0
-0.276774
-0.762534
-1.06845
0
0
0
-0.173526
-0.361019
-0.342048
0.704847
0.911808
0.967119
1.30165
1.22835
1.05127
0.985309
1.21661
1.31997
-0.0253875
0.401258
0.76231
0
0
0
0.167455
0.519805
0.819263
0
0
0
0.323645
0.862541
1.20918
-0.25103
-0.300166
-0.337302
-0.669195
-0.591374
-0.451712
-0.655296
-0.68733
-0.689841
0.431908
0.403321
0.370906
0.233099
-0.00849749
-0.244196
0.161212
0.249075
0.319293
-0.0157376
-0.22437
-0.376296
-0.425074
-0.40153
-0.372148
-0.55941
-0.52823
-0.475352
-0.596528
-0.639627
-0.671309
0.371059
0.429702
0.515217
0.446445
0.568813
0.591658
0.18773
0.363947
0.512047
0.874891
0.897371
0.845046
0.759714
0.69548
0.612181
0.243974
0.491193
0.700349
0.799947
0.808133
0.777318
0.0321669
0.292979
0.585561
0.0621713
-0.0200215
-0.0720028
1.26109
1.11491
0.883979
0
0
0
0.200153
0.496109
0.680379
0
0
0
-0.00952069
-0.0494799
-0.0802275
-0.437565
-0.429695
-0.396191
-0.354162
-0.353971
-0.364284
-0.541057
-0.478882
-0.406708
-0.176982
-0.300019
-0.356107
0
0
0
-0.0797328
-0.217518
-0.32375
0
0
0
-0.0928401
-0.217851
-0.318159
-0.669196
-0.591378
-0.45172
-0.251039
-0.300176
-0.337312
-0.55941
-0.52823
-0.475355
-0.425081
-0.401538
-0.372158
-0.0157645
-0.224388
-0.376305
0.161183
0.249049
0.319271
0.233079
-0.00851537
-0.244209
0.431896
0.403305
0.370887
-0.354161
-0.353968
-0.364282
-0.437569
-0.429698
-0.396192
0
0
0
-0.0797333
-0.217518
-0.32375
0
0
0
-0.00953015
-0.0495034
-0.080259
-0.177009
-0.300033
-0.356111
0.0621389
-0.020056
-0.0720374
0.0321265
0.292929
0.585507
0.799913
0.808088
0.777266
0.24394
0.491157
0.700318
0
0
0
0.200141
0.496074
0.68033
0
0
0
0.323651
0.862551
1.20918
1.26108
1.11488
0.883931
0.985316
1.21661
1.31997
0.874894
0.897363
0.845025
0.446426
0.5688
0.591655
0.371069
0.42971
0.515222
0.759694
0.695471
0.61218
0.68847
0.416299
0.191454
0.18775
0.363964
0.512055
-0.0722199
-0.0627977
0.0226331
0.016447
-0.0916257
-0.117005
0.0164301
-0.0916377
-0.117009
-0.072223
-0.0628072
0.0226176
0.792874
0.692703
0.600609
0.410892
0.150322
-0.03409
0.406423
0.474885
0.528034
0.406418
0.474871
0.528012
0.410871
0.150309
-0.0340945
0.792853
0.692678
0.600583
0.68845
0.416278
0.191434
1.30167
1.22839
1.05134
0.704872
0.911856
0.967188
0
0
0
0.16748
0.519867
0.81934
0
0
0
-0.173502
-0.360953
-0.341957
-0.0252912
0.401351
0.762393
0.274754
0.0776731
-0.154257
-0.49738
-0.883257
-1.10477
-0.497404
-0.883271
-1.10478
0.274748
0.0776554
-0.154283
0
0
0
-0.276767
-0.76251
-1.06841
0
0
0
0
0
0
-0.276768
-0.762513
-1.06841
0
0
0
-0.173511
-0.360976
-0.341986
0.704845
0.911823
0.967152
1.30166
1.22837
1.05131
0.9853
1.2166
1.31997
-0.0253248
0.401312
0.762354
0
0
0
0.167469
0.51984
0.819304
0
0
0
0.323647
0.862547
1.20918
-0.251025
-0.300163
-0.337301
-0.669193
-0.591372
-0.451711
-0.655294
-0.687328
-0.689839
0.43191
0.403321
0.370905
0.233098
-0.00849797
-0.244196
0.161205
0.249071
0.319291
-0.0157443
-0.224374
-0.376297
-0.425074
-0.401529
-0.372148
-0.559408
-0.528228
-0.475351
-0.596526
-0.639625
-0.671307
0.371066
0.429706
0.515219
0.446444
0.568811
0.591658
0.187732
0.36395
0.512049
0.87488
0.897359
0.845033
0.759704
0.695475
0.61218
0.243964
0.491181
0.700336
0.79993
0.808112
0.777294
0.0321491
0.292957
0.585537
0.0621614
-0.0200344
-0.0720175
1.26108
1.1149
0.883958
0
0
0
0.200149
0.496096
0.680358
0
0
0
-0.00952479
-0.0494907
-0.0802419
-0.437564
-0.429695
-0.396191
-0.354159
-0.353969
-0.364283
-0.541055
-0.478879
-0.406705
-0.176994
-0.300026
-0.356109
0
0
0
-0.0797335
-0.217519
-0.323751
0
0
0
-0.0928396
-0.21785
-0.318157
-0.669194
-0.591376
-0.451719
-0.251039
-0.300175
-0.337311
-0.559407
-0.528227
-0.475352
-0.425078
-0.401536
-0.372157
-0.0157613
-0.224385
-0.376303
0.161186
0.249052
0.319274
0.233081
-0.00851345
-0.244208
0.431897
0.403307
0.370889
-0.354158
-0.353966
-0.364281
-0.437567
-0.429696
-0.39619
0
0
0
-0.0797333
-0.217518
-0.32375
0
0
0
-0.00952938
-0.0495019
-0.0802572
-0.177007
-0.300032
-0.35611
0.0621422
-0.0200531
-0.0720351
0.0321288
0.292931
0.585509
0.799912
0.808087
0.777266
0.243943
0.49116
0.700318
0
0
0
0.200142
0.496077
0.680332
0
0
0
0.32365
0.862549
1.20918
1.26108
1.11488
0.883932
0.985301
1.2166
1.31996
0.874881
0.897354
0.845021
0.446428
0.568801
0.591654
0.371068
0.429709
0.51522
0.759692
0.695468
0.612178
0.688455
0.416285
0.191443
0.187742
0.363957
0.512051
-0.0722192
-0.0628006
0.0226261
0.016438
-0.0916339
-0.117012
0.0164375
-0.0916342
-0.117012
-0.0722195
-0.0628012
0.0226254
0.792857
0.692685
0.600592
0.410876
0.150308
-0.0340994
0.406445
0.474888
0.528024
0.406445
0.474889
0.528026
0.410878
0.150308
-0.0340994
0.792858
0.692686
0.600594
0.688455
0.416285
0.191443
1.30166
1.22839
1.05134
0.70486
0.911852
0.967191
0
0
0
0.167483
0.519876
0.819348
0
0
0
-0.173494
-0.360927
-0.341916
-0.0252508
0.401377
0.762405
0.274793
0.0777209
-0.154207
-0.497329
-0.883205
-1.10473
-0.497328
-0.883205
-1.10473
0.274794
0.0777226
-0.154205
0
0
0
-0.276763
-0.762496
-1.06838
0
0
0
0
0
0
-0.276763
-0.762496
-1.06838
0
0
0
-0.173494
-0.360927
-0.341914
0.704863
0.911856
0.967196
1.30167
1.22839
1.05135
0.985302
1.2166
1.31997
-0.0252483
0.401381
0.76241
0
0
0
0.167484
0.519879
0.819353
0
0
0
0.323651
0.862552
1.20918
-0.251034
-0.300171
-0.337308
-0.66919
-0.591372
-0.451715
0.431901
0.403311
0.370893
0.233084
-0.00851041
-0.244205
0.161188
0.249055
0.319277
-0.0157602
-0.224384
-0.376302
-0.425077
-0.401534
-0.372153
-0.559403
-0.528224
-0.475351
0.371069
0.42971
0.515222
0.446432
0.568804
0.591656
0.187741
0.363958
0.512053
0.874882
0.897355
0.845023
0.759694
0.69547
0.61218
0.243945
0.491162
0.70032
0.799914
0.808089
0.777268
0.0321288
0.292932
0.58551
0.0621431
-0.0200528
-0.0720353
1.26108
1.11488
0.883933
0
0
0
0.200142
0.496078
0.680333
0
0
0
-0.00952944
-0.0495021
-0.0802576
-0.437566
-0.429695
-0.39619
-0.354156
-0.353965
-0.364281
-0.177008
-0.300033
-0.356111
0
0
0
-0.0797334
-0.217518
-0.32375
0
0
0
-1.12677
-1.05812
-0.928142
-1.05812
-0.967156
-0.808381
-0.928145
-0.808382
-0.61864
-0.725395
-0.500405
-0.295496
-0.580297
-0.344525
-0.144493
-0.362704
-0.113257
0.0846259
-0.0830856
0.175208
0.37045
0.175207
0.435503
0.62337
0.37045
0.62337
0.802971
-0.725399
-0.5803
-0.362706
-0.500408
-0.344528
-0.113258
-0.295498
-0.144495
0.0846249
-0.158144
-0.133968
-0.203666
-0.0271642
-0.0251485
-0.112102
0.188211
0.174468
0.077068
-0.337077
-0.47107
-0.57846
-0.252025
-0.384272
-0.486571
-0.0671459
-0.198316
-0.300586
0.187365
0.0578847
-0.0437392
0.423648
0.300558
0.205414
0.598439
0.486527
0.405403
0.461976
0.436723
0.332327
0.705007
0.67202
0.56527
0.875402
0.838267
0.732867
0.942135
0.903518
0.802005
0.903517
0.86671
0.768463
0.802004
0.768462
0.671681
0.677105
0.579849
0.518592
0.649897
0.562434
0.517295
0.5526
0.466061
0.426831
0.425704
0.326909
0.278112
0.326908
0.207325
0.134574
0.278111
0.134574
0.0281079
0.677102
0.649895
0.552599
0.579846
0.562432
0.466059
0.518589
0.517292
0.426829
-0.158145
-0.0271652
0.188211
-0.133968
-0.0251491
0.174467
-0.203666
-0.112103
0.0770666
0.461976
0.705007
0.875402
0.436723
0.67202
0.838267
0.332326
0.565269
0.732866
0.187362
0.423645
0.598436
0.0578808
0.300554
0.486523
-0.043744
0.20541
0.405399
-0.337077
-0.252027
-0.0671486
-0.471072
-0.384276
-0.19832
-0.578463
-0.486576
-0.300591
-1.12677
-1.05812
-0.928145
-1.05812
-0.967157
-0.808382
-0.928143
-0.808381
-0.618638
-0.725398
-0.500407
-0.295497
-0.580298
-0.344525
-0.144491
-0.362703
-0.113254
0.084631
-0.0830813
0.175213
0.370458
0.175213
0.43551
0.623378
0.370455
0.623375
0.802977
-0.725394
-0.580296
-0.362702
-0.500402
-0.344523
-0.113253
-0.295493
-0.14449
0.0846296
-0.158144
-0.133966
-0.203663
-0.0271601
-0.0251428
-0.112096
0.188219
0.174477
0.0770775
-0.337074
-0.471068
-0.578459
-0.252019
-0.384267
-0.486567
-0.0671366
-0.198307
-0.300578
0.187376
0.0578959
-0.0437283
0.423659
0.300569
0.205426
0.598448
0.486536
0.405412
0.461986
0.436734
0.332338
0.705016
0.672031
0.565281
0.875409
0.838275
0.732876
0.942139
0.903522
0.80201
0.903518
0.866712
0.768465
0.802004
0.768462
0.67168
0.677109
0.579854
0.518598
0.649898
0.562435
0.517296
0.552598
0.466059
0.426828
0.425701
0.326905
0.278107
0.326905
0.207321
0.134569
0.278108
0.134571
0.0281035
0.677101
0.649894
0.552597
0.579845
0.56243
0.466057
0.518588
0.517291
0.426827
-0.158141
-0.0271618
0.188214
-0.133966
-0.0251479
0.174468
-0.203667
-0.112104
0.0770661
0.461979
0.70501
0.875405
0.436723
0.672021
0.838268
0.332325
0.565268
0.732865
0.187361
0.423644
0.598435
0.0578805
0.300554
0.486522
-0.0437433
0.20541
0.405399
-0.33708
-0.252029
-0.0671496
-0.471075
-0.384277
-0.19832
-0.578466
-0.486577
-0.300591
-1.12677
-1.05812
-0.928142
-1.05812
-0.967154
-0.808378
-0.928142
-0.808378
-0.618633
-0.725393
-0.500401
-0.295491
-0.580292
-0.344518
-0.144485
-0.362695
-0.113246
0.0846376
-0.0830725
0.175222
0.370465
0.175223
0.43552
0.623386
0.370466
0.623386
0.802986
-0.725393
-0.580291
-0.362695
-0.5004
-0.344517
-0.113245
-0.29549
-0.144484
0.0846382
-0.15814
-0.133965
-0.203665
-0.0271566
-0.0251426
-0.112098
0.188222
0.174477
0.0770748
-0.337078
-0.471073
-0.578464
-0.252024
-0.384273
-0.486573
-0.0671411
-0.198312
-0.300583
0.187373
0.0578923
-0.0437313
0.423657
0.300567
0.205425
0.598447
0.486535
0.405413
0.46199
0.436735
0.332337
0.705021
0.672033
0.56528
0.875415
0.838278
0.732876
0.942145
0.903525
0.80201
0.903524
0.866713
0.768463
0.802009
0.768462
0.671677
0.677108
0.579853
0.518598
0.649895
0.562432
0.517294
0.552593
0.466052
0.426823
0.425693
0.326895
0.278098
0.326895
0.207308
0.134556
0.278098
0.134556
0.028088
0.677106
0.649894
0.552592
0.57985
0.56243
0.466052
0.518595
0.517292
0.426822
-0.158138
-0.0271558
0.188223
-0.133964
-0.025142
0.174477
-0.203664
-0.112098
0.0770744
0.46199
0.705021
0.875415
0.436734
0.672032
0.838277
0.332335
0.565279
0.732874
0.187371
0.423655
0.598444
0.0578903
0.300564
0.486532
-0.0437335
0.205422
0.405409
-0.337078
-0.252024
-0.067142
-0.471073
-0.384273
-0.198313
-0.578464
-0.486573
-0.300584
-1.12677
-1.05812
-0.928143
-1.05812
-0.967157
-0.808381
-0.928145
-0.808382
-0.618638
-0.725394
-0.500402
-0.295492
-0.580295
-0.344522
-0.144489
-0.362702
-0.113253
0.0846299
-0.0830815
0.175212
0.370455
0.175213
0.435509
0.623375
0.370457
0.623377
0.802976
-0.725399
-0.580299
-0.362703
-0.500408
-0.344526
-0.113254
-0.295497
-0.144491
0.0846305
-0.15814
-0.133965
-0.203666
-0.0271609
-0.025147
-0.112103
0.188214
0.174469
0.0770663
-0.337079
-0.471074
-0.578465
-0.252028
-0.384277
-0.486577
-0.0671495
-0.198321
-0.300591
0.187361
0.0578798
-0.0437442
0.423644
0.300552
0.205409
0.598435
0.486522
0.405398
0.461979
0.436723
0.332325
0.705009
0.67202
0.565268
0.875405
0.838267
0.732865
0.942139
0.903519
0.802004
0.903523
0.866713
0.768463
0.802012
0.768466
0.671682
0.677101
0.579845
0.518588
0.649895
0.562431
0.517292
0.552599
0.466059
0.426829
0.425704
0.326908
0.278111
0.326907
0.207323
0.134573
0.278109
0.134571
0.0281057
0.677111
0.6499
0.5526
0.579855
0.562436
0.46606
0.518598
0.517297
0.426829
-0.158144
-0.0271604
0.188218
-0.133966
-0.025143
0.174477
-0.203663
-0.112096
0.0770776
0.461986
0.705016
0.875409
0.436734
0.672031
0.838276
0.332339
0.565282
0.732876
0.187376
0.42366
0.598449
0.057896
0.300569
0.486536
-0.0437283
0.205426
0.405413
-0.337074
-0.252019
-0.0671365
-0.471068
-0.384267
-0.198307
-0.57846
-0.486567
-0.300578
-1.12677
-1.05812
-0.928145
-1.05812
-0.967156
-0.808383
-0.928142
-0.808381
-0.61864
-0.725399
-0.500408
-0.295499
-0.5803
-0.344528
-0.144495
-0.362706
-0.113258
0.0846247
-0.0830857
0.175207
0.37045
0.175208
0.435503
0.62337
0.37045
0.62337
0.802971
-0.725395
-0.580297
-0.362705
-0.500405
-0.344525
-0.113257
-0.295496
-0.144493
0.0846258
-0.158146
-0.133968
-0.203666
-0.0271654
-0.0251493
-0.112103
0.188211
0.174467
0.0770665
-0.337078
-0.471072
-0.578463
-0.252027
-0.384276
-0.486576
-0.0671487
-0.19832
-0.300591
0.187362
0.0578808
-0.043744
0.423645
0.300554
0.20541
0.598436
0.486523
0.405399
0.461976
0.436723
0.332325
0.705007
0.67202
0.565269
0.875402
0.838267
0.732866
0.942135
0.903517
0.802004
0.903518
0.86671
0.768462
0.802005
0.768463
0.671681
0.677102
0.579846
0.518589
0.649895
0.562432
0.517292
0.552599
0.466059
0.426829
0.425704
0.326908
0.278111
0.326909
0.207325
0.134574
0.278112
0.134574
0.0281079
0.677105
0.649897
0.5526
0.579849
0.562434
0.466061
0.518592
0.517295
0.426831
-0.158144
-0.0271642
0.188211
-0.133968
-0.0251485
0.174468
-0.203666
-0.112102
0.077068
0.461976
0.705007
0.875402
0.436723
0.67202
0.838267
0.332327
0.56527
0.732867
0.187365
0.423648
0.598439
0.0578847
0.300558
0.486527
-0.0437392
0.205414
0.405403
-0.337077
-0.252025
-0.0671459
-0.47107
-0.384272
-0.198316
-0.57846
-0.486571
-0.300586
-0.648119
-0.675881
-0.676858
-0.55348
-0.584144
-0.592918
-0.372257
-0.414082
-0.441298
-0.657986
-0.626959
-0.585392
-0.587172
-0.571281
-0.546033
-0.460936
-0.472992
-0.477635
-0.269008
-0.315313
-0.35823
-0.0430642
-0.113475
-0.187608
0.198973
0.122207
0.0328806
-0.120193
-0.17375
-0.220397
0.132739
0.0774804
0.0226732
0.348226
0.306744
0.26144
-0.530996
-0.469132
-0.397222
-0.507663
-0.458398
-0.394857
-0.470207
-0.445932
-0.399745
-0.307227
-0.205043
-0.0772195
-0.308119
-0.202601
-0.0742307
-0.320736
-0.214014
-0.0787892
-0.31864
-0.215227
-0.0781644
-0.273319
-0.185065
-0.0648646
-0.165279
-0.109833
-0.0338753
-0.391319
-0.401554
-0.382132
-0.258022
-0.303538
-0.313589
-0.0623098
-0.135914
-0.17506
0.196202
0.111268
0.0505264
0.457386
0.388284
0.323927
0.695525
0.670505
0.622651
0.0234757
0.0243926
0.0197873
0.263054
0.196129
0.0868043
0.535513
0.39228
0.161291
0.817409
0.594723
0.236121
1.03695
0.750361
0.291328
1.17613
0.844183
0.32077
0.884724
0.931038
0.92149
0.983928
1.10943
1.14737
1.003
1.20267
1.28688
0.488178
0.475501
0.460322
0.513108
0.533981
0.559685
0.439516
0.489158
0.556141
0.426186
0.36976
0.291569
0.572785
0.560501
0.521218
0.62483
0.673278
0.697581
0.574185
0.691834
0.797281
0.447386
0.621609
0.804499
0.280514
0.494271
0.740491
0.289572
0.352914
0.451353
0.125295
0.181126
0.290072
-0.0172419
0.0121232
0.110069
-0.109222
-0.121477
-0.0530147
-0.121477
-0.177383
-0.146538
-0.0530141
-0.146538
-0.153661
0.108368
0.339703
0.629066
-0.00971874
0.217186
0.518769
-0.0508019
0.152913
0.436324
0.0113018
0.170602
0.398973
0.170602
0.265655
0.403897
0.398972
0.403896
0.414573
0.108369
-0.00971852
-0.0508018
0.339703
0.217186
0.152913
0.629065
0.518768
0.436322
0.952874
1.20737
1.32369
0.864183
1.13462
1.25341
0.760302
1.00239
1.08896
1.2124
0.857977
0.317346
1.13539
0.784535
0.280719
0.953909
0.630496
0.213563
0.66002
0.391622
0.114587
0.299028
0.108902
0.00220106
-0.11643
-0.200794
-0.115476
0.648226
0.807758
0.822474
0.531647
0.567864
0.486666
0.378995
0.263945
0.0793792
0.15168
-0.120879
-0.390232
-0.12088
-0.499599
-0.797816
-0.390233
-0.797817
-1.06037
-0.558926
-0.508619
-0.224202
-0.900156
-0.719262
-0.289005
-1.07099
-0.791865
-0.297212
-0.995939
-0.687307
-0.240242
-0.687307
-0.44289
-0.141847
-0.240242
-0.141847
-0.038404
-0.558927
-0.900156
-1.07099
-0.508619
-0.719261
-0.791864
-0.224202
-0.289005
-0.297212
0.952872
0.864181
0.7603
1.20737
1.13462
1.00239
1.32368
1.25341
1.08895
0.648223
0.531645
0.378994
0.807754
0.567861
0.263943
0.82247
0.486662
0.0793765
0.660016
0.299025
-0.116432
0.39162
0.1089
-0.200795
0.114587
0.00220051
-0.115476
1.2124
1.13539
0.953904
0.857974
0.784532
0.630492
0.317345
0.280718
0.213562
-0.648123
-0.553485
-0.372262
-0.675885
-0.584149
-0.414087
-0.676862
-0.592923
-0.441303
-0.120197
0.132735
0.348221
-0.173754
0.0774763
0.30674
-0.2204
0.0226697
0.261436
-0.269011
-0.0430668
0.19897
-0.315315
-0.113476
0.122204
-0.358232
-0.187609
0.0328792
-0.657991
-0.587176
-0.46094
-0.626964
-0.571285
-0.472994
-0.585396
-0.546037
-0.477637
0.488174
0.513105
0.439515
0.475497
0.533978
0.489156
0.460319
0.559682
0.556139
0.289571
0.125295
-0.0172415
0.352913
0.181126
0.0121238
0.451352
0.290072
0.110069
0.574183
0.447386
0.280514
0.691832
0.621608
0.49427
0.797278
0.804497
0.74049
0.426183
0.572782
0.624827
0.369757
0.560498
0.673276
0.291567
0.521216
0.697579
0.196201
0.457384
0.695523
0.111267
0.388283
0.670504
0.0505264
0.323926
0.62265
0.884722
0.983926
1.003
0.931036
1.10943
1.20267
0.921488
1.14736
1.28688
0.817408
1.03695
1.17612
0.594722
0.75036
0.84418
0.236121
0.291327
0.320769
0.0234759
0.263054
0.535512
0.0243927
0.196129
0.392279
0.0197873
0.0868042
0.161291
-0.531
-0.507666
-0.470208
-0.469136
-0.4584
-0.445933
-0.397225
-0.394858
-0.399745
-0.39132
-0.258022
-0.0623105
-0.401554
-0.303538
-0.135914
-0.382132
-0.313588
-0.17506
-0.318639
-0.273318
-0.165279
-0.215226
-0.185065
-0.109832
-0.0781642
-0.0648645
-0.0338752
-0.307229
-0.30812
-0.320736
-0.205045
-0.202602
-0.214014
-0.07722
-0.0742308
-0.0787891
-0.64812
-0.675883
-0.67686
-0.553477
-0.584142
-0.592918
-0.37225
-0.414077
-0.441294
-0.657989
-0.626963
-0.585396
-0.587173
-0.571283
-0.546036
-0.460933
-0.472989
-0.477634
-0.269
-0.315306
-0.358224
-0.0430515
-0.113462
-0.187597
0.198987
0.122222
0.0328965
-0.120182
-0.17374
-0.220387
0.132751
0.0774926
0.0226858
0.348236
0.306755
0.261453
-0.531001
-0.469137
-0.397226
-0.507667
-0.458402
-0.394861
-0.470207
-0.445934
-0.399747
-0.30723
-0.205046
-0.0772204
-0.308123
-0.202604
-0.0742316
-0.320739
-0.214015
-0.0787896
-0.318639
-0.215226
-0.0781638
-0.273313
-0.185061
-0.0648626
-0.165267
-0.109824
-0.0338716
-0.391315
-0.401552
-0.382131
-0.258012
-0.303529
-0.313581
-0.062294
-0.135899
-0.175046
0.196222
0.111289
0.0505478
0.457407
0.388309
0.323953
0.695545
0.67053
0.622678
0.0234948
0.0244066
0.0197928
0.263078
0.196147
0.086811
0.535539
0.392298
0.161298
0.817432
0.594739
0.236127
1.03697
0.750371
0.29133
1.17613
0.844183
0.320769
0.884739
0.931059
0.921514
0.983937
1.10944
1.14738
1.003
1.20268
1.28689
0.488185
0.475509
0.460333
0.51311
0.533985
0.559691
0.439514
0.489157
0.556142
0.426199
0.369776
0.291588
0.572794
0.560514
0.521235
0.624834
0.673286
0.697595
0.574183
0.691836
0.797288
0.44738
0.621606
0.804501
0.280507
0.494265
0.74049
0.289567
0.352909
0.451349
0.125289
0.181118
0.290065
-0.0172477
0.0121162
0.110061
-0.109225
-0.121482
-0.0530206
-0.121477
-0.177384
-0.14654
-0.0530091
-0.146533
-0.153657
0.108362
0.339698
0.629062
-0.00972124
0.217183
0.518764
-0.0507987
0.152914
0.436319
0.0113113
0.170607
0.398969
0.170615
0.265661
0.403889
0.398984
0.403898
0.414557
0.108379
-0.00970751
-0.0507908
0.339717
0.217202
0.152929
0.629082
0.518787
0.43634
0.952871
1.20737
1.32368
0.864175
1.13461
1.25339
0.760289
1.00236
1.08892
1.21239
0.857965
0.31734
1.13536
0.784512
0.280709
0.953867
0.630461
0.213549
0.659963
0.391578
0.11457
0.29896
0.108852
0.00218195
-0.116503
-0.200845
-0.115494
0.648206
0.80772
0.822421
0.531618
0.567813
0.486599
0.378954
0.263882
0.0793024
0.151627
-0.120951
-0.390311
-0.12094
-0.49967
-0.797889
-0.39029
-0.797879
-1.06042
-0.558996
-0.508665
-0.224218
-0.900214
-0.719297
-0.289016
-1.07103
-0.791888
-0.297219
-0.995962
-0.687319
-0.240245
-0.687318
-0.442895
-0.141848
-0.240245
-0.141848
-0.0384045
-0.558971
-0.9002
-1.07102
-0.508646
-0.719285
-0.791882
-0.22421
-0.289012
-0.297217
0.952889
0.864199
0.760315
1.20738
1.13463
1.00239
1.32369
1.25341
1.08895
0.64823
0.531637
0.378965
0.807752
0.567842
0.263904
0.822458
0.486636
0.0793333
0.66
0.298997
-0.11647
0.391607
0.108881
-0.20082
0.114582
0.00219333
-0.115484
1.2124
1.13539
0.953899
0.857974
0.78453
0.630486
0.317345
0.280717
0.213559
-0.648126
-0.553486
-0.372262
-0.675888
-0.58415
-0.414088
-0.676865
-0.592925
-0.441304
-0.120196
0.132735
0.348222
-0.173754
0.0774766
0.30674
-0.220401
0.0226694
0.261436
-0.269012
-0.043068
0.198968
-0.315317
-0.113478
0.122202
-0.358234
-0.187612
0.0328769
-0.657994
-0.587179
-0.460941
-0.626967
-0.571288
-0.472997
-0.5854
-0.54604
-0.477639
0.488174
0.513104
0.439513
0.475497
0.533977
0.489155
0.460318
0.559681
0.556139
0.28957
0.125294
-0.0172438
0.352914
0.181126
0.0121248
0.451354
0.290076
0.110074
0.574187
0.447392
0.280523
0.691837
0.621616
0.494282
0.797284
0.804507
0.740504
0.426181
0.572781
0.624828
0.369756
0.560497
0.673277
0.291565
0.521215
0.69758
0.196199
0.457383
0.695524
0.111265
0.388282
0.670504
0.0505246
0.323925
0.622649
0.884727
0.983935
1.00301
0.93104
1.10944
1.20268
0.92149
1.14737
1.28688
0.817407
1.03695
1.17613
0.59472
0.750359
0.844181
0.23612
0.291326
0.320769
0.0234742
0.263052
0.535511
0.0243911
0.196127
0.392277
0.0197864
0.0868029
0.16129
-0.531004
-0.50767
-0.470211
-0.46914
-0.458404
-0.445935
-0.397229
-0.394861
-0.399747
-0.391322
-0.258024
-0.0623129
-0.401556
-0.303539
-0.135916
-0.382133
-0.31359
-0.175062
-0.31864
-0.273319
-0.16528
-0.215227
-0.185065
-0.109833
-0.0781643
-0.0648646
-0.0338757
-0.307232
-0.308122
-0.320738
-0.205047
-0.202603
-0.214014
-0.0772208
-0.0742312
-0.0787893
-0.648125
-0.675886
-0.676864
-0.553481
-0.584146
-0.592921
-0.372253
-0.414079
-0.441295
-0.657993
-0.626967
-0.5854
-0.587175
-0.571286
-0.546039
-0.460934
-0.472991
-0.477635
-0.268999
-0.315304
-0.358223
-0.043048
-0.113458
-0.187592
0.198993
0.122229
0.0329052
-0.120184
-0.17374
-0.220387
0.132751
0.0774941
0.0226883
0.348238
0.306758
0.261457
-0.531005
-0.469141
-0.39723
-0.507671
-0.458406
-0.394865
-0.470209
-0.445936
-0.399749
-0.307234
-0.205048
-0.0772215
-0.308126
-0.202606
-0.0742324
-0.32074
-0.214016
-0.0787897
-0.318637
-0.215224
-0.0781628
-0.273306
-0.185055
-0.0648602
-0.165254
-0.109814
-0.0338676
-0.391313
-0.40155
-0.382129
-0.258006
-0.303522
-0.313574
-0.0622834
-0.135886
-0.175033
0.196237
0.111308
0.050568
0.457425
0.388331
0.323978
0.695563
0.670554
0.622705
0.0235138
0.0244204
0.0197981
0.263101
0.196163
0.0868168
0.535562
0.392314
0.161303
0.817452
0.594751
0.23613
1.03698
0.750376
0.291331
1.17613
0.84418
0.320767
0.884755
0.931081
0.921537
0.983949
1.10946
1.1474
1.00301
1.20269
1.28689
0.488186
0.475512
0.460338
0.51311
0.533986
0.559694
0.43951
0.489154
0.556142
0.426205
0.369784
0.291599
0.5728
0.560523
0.521248
0.624837
0.673293
0.697607
0.574182
0.69184
0.797298
0.447377
0.621607
0.804508
0.280502
0.494265
0.740494
0.289559
0.352903
0.451346
0.125277
0.181109
0.290058
-0.0172619
0.0121048
0.110053
-0.109241
-0.121494
-0.0530277
-0.121493
-0.177395
-0.146545
-0.0530257
-0.146543
-0.153659
0.10836
0.339699
0.629065
-0.00971953
0.217189
0.51877
-0.0507926
0.152924
0.436327
0.0113199
0.170619
0.398976
0.170621
0.265668
0.40389
0.398979
0.403892
0.414541
0.108363
-0.00971708
-0.0507911
0.339702
0.217192
0.152927
0.629069
0.518774
0.436331
0.952873
1.20737
1.32367
0.864175
1.1346
1.25337
0.760287
1.00235
1.08889
1.21238
0.857952
0.317334
1.13534
0.784488
0.280699
0.953828
0.630429
0.213536
0.659914
0.391538
0.114554
0.298903
0.108809
0.00216536
-0.116565
-0.20089
-0.115511
0.6482
0.807695
0.822379
0.531602
0.567777
0.486546
0.378921
0.26383
0.0792383
0.151569
-0.121021
-0.390385
-0.12102
-0.499754
-0.797967
-0.390383
-0.797966
-1.06049
-0.55906
-0.508707
-0.224233
-0.900275
-0.719334
-0.289028
-1.07108
-0.791915
-0.297227
-0.995996
-0.687335
-0.240249
-0.687335
-0.442901
-0.141849
-0.240249
-0.141849
-0.0384044
-0.559058
-0.900274
-1.07108
-0.508706
-0.719333
-0.791915
-0.224232
-0.289028
-0.297227
0.952877
0.864179
0.760292
1.20737
1.1346
1.00235
1.32368
1.25337
1.08889
0.648204
0.531605
0.378923
0.8077
0.567781
0.263833
0.822384
0.486551
0.079242
0.659918
0.298907
-0.116562
0.391541
0.108811
-0.200888
0.114555
0.00216607
-0.11551
1.21238
1.13534
0.953832
0.857954
0.78449
0.630431
0.317335
0.280699
0.213536
-0.648124
-0.553481
-0.372255
-0.675886
-0.584146
-0.41408
-0.676863
-0.59292
-0.441296
-0.120186
0.132748
0.348234
-0.173742
0.0774913
0.306755
-0.220389
0.0226855
0.261453
-0.269
-0.0430507
0.198989
-0.315305
-0.11346
0.122225
-0.358224
-0.187594
0.032902
-0.657992
-0.587175
-0.460934
-0.626965
-0.571285
-0.472991
-0.585399
-0.546038
-0.477635
0.488183
0.513107
0.439509
0.475509
0.533983
0.489153
0.460334
0.559691
0.55614
0.289559
0.125278
-0.0172611
0.352903
0.18111
0.0121063
0.451346
0.29006
0.110055
0.574182
0.447379
0.280505
0.691839
0.621609
0.494268
0.797297
0.804508
0.740496
0.426202
0.572796
0.624835
0.369781
0.560519
0.673291
0.291595
0.521245
0.697604
0.196234
0.457422
0.69556
0.111305
0.388328
0.670551
0.0505653
0.323975
0.622702
0.884754
0.983949
1.00301
0.931079
1.10946
1.20269
0.921536
1.1474
1.28689
0.817451
1.03698
1.17613
0.59475
0.750377
0.844182
0.23613
0.291332
0.320768
0.0235116
0.263099
0.53556
0.0244189
0.196161
0.392313
0.0197975
0.0868162
0.161303
-0.531004
-0.50767
-0.470209
-0.46914
-0.458405
-0.445935
-0.397229
-0.394864
-0.399748
-0.391314
-0.258008
-0.0622861
-0.40155
-0.303524
-0.135889
-0.382129
-0.313575
-0.175035
-0.318637
-0.273306
-0.165255
-0.215224
-0.185055
-0.109815
-0.0781628
-0.0648604
-0.0338681
-0.307233
-0.308125
-0.320739
-0.205048
-0.202605
-0.214016
-0.0772211
-0.0742321
-0.0787896
-0.648125
-0.675887
-0.676864
-0.553485
-0.58415
-0.592924
-0.372262
-0.414088
-0.441304
-0.657993
-0.626966
-0.585399
-0.587178
-0.571287
-0.546039
-0.460941
-0.472996
-0.477639
-0.269013
-0.315317
-0.358234
-0.043069
-0.113479
-0.187612
0.198967
0.122201
0.0328759
-0.120198
-0.173755
-0.220401
0.132734
0.0774752
0.0226681
0.34822
0.306738
0.261434
-0.531003
-0.469139
-0.397228
-0.507669
-0.458403
-0.394861
-0.47021
-0.445935
-0.399747
-0.307231
-0.205046
-0.0772205
-0.308122
-0.202603
-0.0742311
-0.320738
-0.214014
-0.0787892
-0.31864
-0.215227
-0.0781643
-0.273319
-0.185065
-0.0648646
-0.16528
-0.109833
-0.0338758
-0.391322
-0.401556
-0.382133
-0.258025
-0.30354
-0.31359
-0.0623136
-0.135917
-0.175062
0.196197
0.111264
0.0505238
0.457381
0.38828
0.323924
0.695523
0.670503
0.622648
0.0234737
0.0243909
0.0197864
0.263051
0.196127
0.0868029
0.53551
0.392277
0.16129
0.817406
0.59472
0.23612
1.03695
0.750359
0.291326
1.17613
0.844181
0.320769
0.884725
0.931039
0.921489
0.983934
1.10943
1.14737
1.00301
1.20268
1.28688
0.488173
0.475496
0.460317
0.513104
0.533977
0.559681
0.439515
0.489156
0.55614
0.42618
0.369754
0.291564
0.57278
0.560496
0.521214
0.624828
0.673276
0.697579
0.574187
0.691836
0.797283
0.447393
0.621616
0.804506
0.280524
0.494283
0.740504
0.289572
0.352916
0.451356
0.125296
0.181129
0.290078
-0.0172414
0.0121271
0.110076
-0.109224
-0.121475
-0.0530077
-0.121482
-0.177383
-0.146533
-0.0530214
-0.146541
-0.153658
0.10838
0.339718
0.629082
-0.00970729
0.217202
0.518786
-0.0507915
0.152928
0.43634
0.0113098
0.170614
0.398984
0.170605
0.265659
0.403898
0.398967
0.403888
0.414557
0.10836
-0.00972306
-0.0508004
0.339695
0.21718
0.152912
0.629059
0.518761
0.436317
0.952889
1.20738
1.32369
0.864199
1.13463
1.25342
0.760315
1.0024
1.08895
1.2124
0.857975
0.317345
1.13539
0.784531
0.280717
0.9539
0.630487
0.21356
0.660001
0.391607
0.114582
0.298999
0.108881
0.00219341
-0.116469
-0.200819
-0.115484
0.64823
0.807753
0.82246
0.531638
0.567844
0.486637
0.378967
0.263906
0.079335
0.151629
-0.120938
-0.390288
-0.12095
-0.499669
-0.797878
-0.39031
-0.797888
-1.06042
-0.558971
-0.508645
-0.22421
-0.900199
-0.719285
-0.289012
-1.07102
-0.791882
-0.297217
-0.995962
-0.687318
-0.240245
-0.687319
-0.442895
-0.141848
-0.240245
-0.141848
-0.0384045
-0.558995
-0.900214
-1.07103
-0.508665
-0.719297
-0.791888
-0.224218
-0.289017
-0.297219
0.952868
0.864172
0.760287
1.20737
1.1346
1.00236
1.32368
1.25339
1.08892
0.648205
0.531618
0.378955
0.80772
0.567814
0.263883
0.822422
0.4866
0.0793036
0.659964
0.298961
-0.116502
0.391579
0.108852
-0.200845
0.11457
0.002182
-0.115494
1.21239
1.13537
0.953868
0.857966
0.784513
0.630462
0.31734
0.28071
0.213549
-0.64812
-0.553477
-0.37225
-0.675883
-0.584142
-0.414077
-0.67686
-0.592918
-0.441294
-0.120182
0.132751
0.348236
-0.17374
0.0774924
0.306755
-0.220387
0.0226855
0.261453
-0.269
-0.0430517
0.198987
-0.315306
-0.113462
0.122222
-0.358225
-0.187597
0.0328965
-0.65799
-0.587173
-0.460933
-0.626963
-0.571283
-0.47299
-0.585397
-0.546036
-0.477634
0.488185
0.51311
0.439515
0.475509
0.533984
0.489156
0.460333
0.559691
0.556142
0.289567
0.12529
-0.0172466
0.352909
0.181118
0.0121162
0.451349
0.290064
0.11006
0.574182
0.447379
0.280505
0.691835
0.621605
0.494263
0.797287
0.804499
0.740487
0.426199
0.572794
0.624833
0.369776
0.560514
0.673286
0.291587
0.521235
0.697594
0.196222
0.457407
0.695544
0.111289
0.388308
0.670529
0.0505476
0.323953
0.622678
0.884738
0.983935
1.003
0.931058
1.10944
1.20268
0.921514
1.14738
1.28689
0.817432
1.03697
1.17613
0.594739
0.750372
0.844184
0.236127
0.291331
0.320769
0.0234946
0.263078
0.535539
0.0244065
0.196147
0.392298
0.0197928
0.086811
0.161298
-0.531001
-0.507667
-0.470208
-0.469137
-0.458402
-0.445934
-0.397226
-0.394861
-0.399747
-0.391315
-0.258012
-0.0622941
-0.401552
-0.303529
-0.135899
-0.382131
-0.313582
-0.175046
-0.318639
-0.273313
-0.165267
-0.215226
-0.185061
-0.109824
-0.0781639
-0.0648627
-0.0338716
-0.30723
-0.308123
-0.320739
-0.205046
-0.202604
-0.214015
-0.0772205
-0.0742316
-0.0787897
-0.648123
-0.675885
-0.676862
-0.553485
-0.584149
-0.592923
-0.372262
-0.414087
-0.441303
-0.657991
-0.626964
-0.585397
-0.587176
-0.571285
-0.546037
-0.46094
-0.472994
-0.477637
-0.269011
-0.315315
-0.358232
-0.0430668
-0.113476
-0.187609
0.19897
0.122204
0.0328792
-0.120197
-0.173754
-0.2204
0.132734
0.0774763
0.0226697
0.348221
0.30674
0.261436
-0.531
-0.469136
-0.397225
-0.507666
-0.4584
-0.394858
-0.470208
-0.445933
-0.399745
-0.307229
-0.205045
-0.07722
-0.30812
-0.202602
-0.0742308
-0.320736
-0.214014
-0.0787891
-0.318639
-0.215226
-0.0781642
-0.273318
-0.185065
-0.0648645
-0.165279
-0.109832
-0.0338752
-0.39132
-0.401554
-0.382132
-0.258022
-0.303538
-0.313588
-0.0623105
-0.135914
-0.17506
0.196201
0.111267
0.0505264
0.457384
0.388283
0.323926
0.695523
0.670504
0.62265
0.0234759
0.0243927
0.0197873
0.263054
0.196129
0.0868042
0.535512
0.392279
0.161291
0.817408
0.594722
0.236121
1.03695
0.75036
0.291327
1.17612
0.84418
0.320769
0.884722
0.931036
0.921488
0.983926
1.10943
1.14736
1.003
1.20267
1.28688
0.488174
0.475497
0.460319
0.513105
0.533978
0.559682
0.439515
0.489156
0.556139
0.426183
0.369757
0.291567
0.572782
0.560498
0.521216
0.624827
0.673276
0.697579
0.574183
0.691832
0.797278
0.447386
0.621608
0.804497
0.280514
0.49427
0.74049
0.289571
0.352913
0.451352
0.125295
0.181126
0.290072
-0.0172415
0.0121238
0.110069
-0.109222
-0.121477
-0.0530141
-0.121477
-0.177383
-0.146538
-0.0530147
-0.146538
-0.153661
0.108369
0.339703
0.629065
-0.00971852
0.217186
0.518768
-0.0508018
0.152913
0.436322
0.0113018
0.170602
0.398972
0.170602
0.265655
0.403896
0.398973
0.403897
0.414573
0.108368
-0.00971874
-0.0508019
0.339703
0.217186
0.152913
0.629066
0.518769
0.436324
0.952872
1.20737
1.32368
0.864181
1.13462
1.25341
0.7603
1.00239
1.08895
1.2124
0.857974
0.317345
1.13539
0.784532
0.280718
0.953904
0.630492
0.213562
0.660016
0.39162
0.114587
0.299025
0.1089
0.00220051
-0.116432
-0.200795
-0.115476
0.648223
0.807754
0.82247
0.531645
0.567861
0.486662
0.378994
0.263943
0.0793765
0.15168
-0.12088
-0.390233
-0.120879
-0.499599
-0.797817
-0.390232
-0.797816
-1.06037
-0.558927
-0.508619
-0.224202
-0.900156
-0.719261
-0.289005
-1.07099
-0.791864
-0.297212
-0.995939
-0.687307
-0.240242
-0.687307
-0.44289
-0.141847
-0.240242
-0.141847
-0.038404
-0.558926
-0.900156
-1.07099
-0.508619
-0.719262
-0.791865
-0.224202
-0.289005
-0.297212
0.952874
0.864183
0.760302
1.20737
1.13462
1.00239
1.32369
1.25341
1.08896
0.648226
0.531647
0.378995
0.807758
0.567864
0.263945
0.822474
0.486666
0.0793792
0.66002
0.299028
-0.11643
0.391622
0.108902
-0.200794
0.114587
0.00220106
-0.115476
1.2124
1.13539
0.953909
0.857977
0.784535
0.630496
0.317346
0.280719
0.213563
-0.648119
-0.55348
-0.372257
-0.675881
-0.584144
-0.414082
-0.676858
-0.592918
-0.441298
-0.120193
0.132739
0.348226
-0.17375
0.0774804
0.306744
-0.220397
0.0226732
0.26144
-0.269008
-0.0430642
0.198973
-0.315313
-0.113475
0.122207
-0.35823
-0.187608
0.0328806
-0.657986
-0.587172
-0.460936
-0.626959
-0.571281
-0.472992
-0.585392
-0.546033
-0.477635
0.488178
0.513108
0.439516
0.475501
0.533981
0.489158
0.460322
0.559685
0.556141
0.289572
0.125295
-0.0172419
0.352914
0.181126
0.0121232
0.451353
0.290072
0.110069
0.574185
0.447386
0.280514
0.691834
0.621609
0.494271
0.797281
0.804499
0.740491
0.426186
0.572785
0.62483
0.36976
0.560501
0.673278
0.291569
0.521218
0.697581
0.196202
0.457386
0.695525
0.111268
0.388284
0.670505
0.0505264
0.323927
0.622651
0.884724
0.983928
1.003
0.931038
1.10943
1.20267
0.92149
1.14737
1.28688
0.817409
1.03695
1.17613
0.594723
0.750361
0.844183
0.236121
0.291328
0.32077
0.0234757
0.263054
0.535513
0.0243926
0.196129
0.39228
0.0197873
0.0868043
0.161291
-0.530996
-0.507663
-0.470207
-0.469132
-0.458398
-0.445932
-0.397222
-0.394857
-0.399745
-0.391319
-0.258022
-0.0623098
-0.401554
-0.303538
-0.135914
-0.382132
-0.313589
-0.17506
-0.31864
-0.273319
-0.165279
-0.215227
-0.185065
-0.109833
-0.0781644
-0.0648646
-0.0338753
-0.307227
-0.308119
-0.320736
-0.205043
-0.202601
-0.214014
-0.0772195
-0.0742307
-0.0787892
