FiniteElementSpace
FiniteElementCollection: H1_2D_P4
VDim: 1
Ordering: 0

0.758824
0
0
0
0
0
0
0
0
0
0
-0.401577
0
0
-0.401567
0
0
-0.40158
0
0
-0.40158
0
0
-0.401567
0
0
0.14391
0.143912
0.143914
0.143914
0.14391
-0.257587
0.871202
0.871202
-0.257591
0.871202
0.871202
-0.257586
0.871202
0.871202
-0.257586
0.871202
0.871202
-0.257591
0.871202
0.871202
0.35202
0
0.000317199
0
0
0.000317191
0
0.352017
0
0.000317189
0
0
0.000317224
0
0.35202
0
0.00031726
0
0
0.000317257
0
0.35202
0
0.000317228
0
0
0.000317201
0
0.352017
0
0.000317191
0
0
0.000317199
0
-1.77194
-1.77194
-1.77194
-1.77194
-1.77194
0.0528267
5.84682e-05
0.0528265
0.0528267
5.84933e-05
0.0528282
0.0528291
5.85077e-05
0.0528292
0.0528285
5.84949e-05
0.052827
0.0528265
5.84683e-05
0.0528267
0.753576
-1.22942
-1.22942
0.753576
-1.81621
0.426947
-0.205026
0.546155
0.546155
-0.205024
0.426951
-1.81621
-1.22942
-1.22942
0.753576
0.426952
-0.205025
0.546157
0.546158
-0.205028
0.426945
-1.81621
-1.22941
-1.22941
0.753576
0.426939
-0.205042
0.546163
0.546163
-0.205042
0.426939
-1.81621
-1.22942
-1.22942
0.753576
0.426942
-0.205034
0.546162
0.546161
-0.205031
0.426948
-1.81621
-1.22942
-1.22942
0.426951
-0.205024
0.546155
0.546155
-0.205026
0.426947
0.871905
0.172977
0.392003
0.0378391
0
0.00267578
0
-0.000235194
0.00897318
0.0165197
-0.000404379
-0.000404378
0.0165197
0
0.000204805
0
0
0.000204805
0
-0.000235193
0.392002
0.172976
0.871905
0.00897315
0
0.00267577
0
0.0378387
0.172977
0.392003
0
0.00267578
0
-0.000235188
0.00897325
0.0165199
-0.000404367
-0.000404365
0.0165203
0
0.000204805
0
0
0.000204806
0
-0.000235181
0.392008
0.172979
0.871905
0.00897363
0
0.00267591
0
0.0378392
0.172981
0.392011
0
0.00267597
0
-0.000235173
0.0089739
0.0165209
-0.00040435
-0.000404348
0.0165209
0
0.000204801
0
0
0.0002048
0
-0.000235172
0.392011
0.172981
0.871905
0.00897392
0
0.00267598
0
0.0378392
0.17298
0.392009
0
0.00267591
0
-0.000235177
0.00897369
0.0165206
-0.000404362
-0.000404366
0.0165202
0
0.000204805
0
0
0.000204805
0
-0.000235188
0.392005
0.172977
0.871905
0.00897333
0
0.00267579
0
0.0378387
0.172976
0.392002
0
0.00267577
0
-0.000235193
0.00897315
0.0165197
-0.000404378
-0.000404379
0.0165197
0
0.000204805
0
0
0.000204805
0
-0.000235194
0.392003
0.172977
0.00897318
0
0.00267578
0
0.338632
-1.54997
0.846167
-1.54996
0.33863
-1.54996
0.846167
-1.54997
0.338635
-1.54997
0.846164
-1.54997
0.338631
-1.54997
0.846165
-1.54997
0.338632
-1.54996
0.846167
-1.54997
0.739313
0.0135137
0.000143109
0.113155
0.000439346
6.95552e-05
-1.13638e-05
6.95568e-05
0.739311
0.113155
0.000143108
0.0135136
0.739312
0.0135136
0.000143112
0.113156
0.000439362
6.95701e-05
-1.13731e-05
6.95784e-05
0.739315
0.113158
0.000143131
0.013514
0.739317
0.0135141
0.00014314
0.11316
0.000439431
6.95852e-05
-1.13783e-05
6.95886e-05
0.739317
0.11316
0.000143141
0.0135142
0.739316
0.013514
0.000143132
0.113159
0.000439374
6.95809e-05
-1.13732e-05
6.9569e-05
0.739312
0.113157
0.000143115
0.0135136
0.739311
0.0135136
0.000143109
0.113155
0.000439346
6.95567e-05
-1.13638e-05
6.95552e-05
0.739313
0.113155
0.00014311
0.0135137
0.760526
0.777548
0.778374
0.737165
0.661005
0.487189
0.737164
0.661004
0.487189
0.760526
0.777548
0.778374
0.0435729
0.469825
0.698317
-0.369539
-0.659029
-1.02432
-0.92428
-0.339325
0.147089
-1.82588
-1.72317
-1.42608
-1.82588
-1.72317
-1.42609
-0.924281
-0.339326
0.147088
-0.369543
-0.659032
-1.02432
0.0435696
0.469823
0.698316
-0.590762
-1.23444
-1.70442
-1.82557
-1.79908
-1.66973
-1.49577
-1.80276
-1.7405
-0.799134
-1.46085
-1.80595
-0.27243
-0.000413266
0.283369
0.126624
-0.572699
-1.26402
0.856705
0.752022
0.556878
0.840964
0.5993
0.120967
-0.480184
-0.981967
-1.38806
-1.63655
-1.17942
-0.549653
0.0645478
0.496186
0.774963
0.0645492
0.496186
0.774963
-1.63655
-1.17942
-0.549652
0.859368
0.772971
0.630631
0.644731
0.804965
0.871651
0.190695
0.310251
0.459655
0.190695
0.310251
0.459654
0.644731
0.804965
0.871651
0.859368
0.77297
0.630631
0.840965
0.599302
0.120969
-1.49577
-1.80276
-1.7405
-1.82557
-1.79908
-1.66972
-0.590766
-1.23445
-1.70442
-0.480182
-0.981964
-1.38805
0.856706
0.752023
0.556882
0.126629
-0.572693
-1.26402
-0.272421
-0.000405807
0.283374
-0.799124
-1.46084
-1.80595
0.737164
0.661004
0.487188
0.737165
0.661004
0.487188
0.760526
0.777548
0.778374
-0.369544
-0.659034
-1.02432
-0.924284
-0.339328
0.147086
-1.82588
-1.72317
-1.42609
-1.82588
-1.72317
-1.42608
-0.924281
-0.339327
0.147087
-0.369538
-0.659029
-1.02432
0.043574
0.469826
0.698317
-1.82557
-1.79908
-1.66972
-1.49577
-1.80276
-1.74049
-0.272421
-0.000405073
0.283375
0.12663
-0.572692
-1.26402
0.856706
0.752023
0.556882
0.840964
0.599301
0.120969
-0.480182
-0.981963
-1.38805
-1.63655
-1.17941
-0.549652
0.0645486
0.496185
0.774962
0.064546
0.496184
0.774962
-1.63655
-1.17942
-0.549655
0.859368
0.772971
0.630633
0.644733
0.804966
0.871651
0.190697
0.310253
0.459657
0.190697
0.310253
0.459657
0.644734
0.804966
0.871651
0.859369
0.772973
0.630634
0.840963
0.599298
0.120965
-1.49577
-1.80276
-1.7405
-1.82557
-1.79908
-1.66973
-0.59076
-1.23444
-1.70442
-0.480186
-0.981968
-1.38806
0.856705
0.75202
0.556876
0.126621
-0.572701
-1.26402
-0.272433
-0.000415961
0.283367
-0.799137
-1.46085
-1.80596
0.737165
0.661006
0.487191
0.737165
0.661006
0.487191
0.760526
0.777548
0.778374
-0.369537
-0.659025
-1.02431
-0.924273
-0.339319
0.147092
-1.82588
-1.72316
-1.42608
-1.82588
-1.72316
-1.42608
-0.924273
-0.339319
0.147092
-0.369537
-0.659025
-1.02431
0.043574
0.469826
0.698317
-1.82557
-1.79908
-1.66973
-1.49576
-1.80276
-1.7405
-0.272435
-0.000419918
0.283361
0.126614
-0.572709
-1.26403
0.856703
0.752016
0.556871
0.840961
0.599291
0.120953
-0.4802
-0.98198
-1.38806
-1.63656
-1.17943
-0.549669
0.0645324
0.496173
0.774957
0.0645324
0.496173
0.774957
-1.63656
-1.17943
-0.549669
0.85937
0.772976
0.630639
0.644739
0.80497
0.871651
0.1907
0.310258
0.459663
0.1907
0.310258
0.459663
0.644739
0.80497
0.871651
0.85937
0.772976
0.630639
0.840961
0.599291
0.120953
-1.49576
-1.80276
-1.7405
-1.82557
-1.79908
-1.66973
-0.59076
-1.23444
-1.70442
-0.4802
-0.98198
-1.38806
0.856703
0.752016
0.556871
0.126614
-0.572709
-1.26403
-0.272435
-0.000419915
0.283361
-0.799137
-1.46085
-1.80596
0.737165
0.661005
0.487188
0.737164
0.661004
0.487188
0.760526
0.777548
0.778374
-0.369538
-0.659029
-1.02432
-0.92428
-0.339325
0.147088
-1.82588
-1.72317
-1.42608
-1.82588
-1.72317
-1.42609
-0.924282
-0.339327
0.147087
-0.369543
-0.659033
-1.02432
0.0435696
0.469823
0.698316
-1.82557
-1.79908
-1.66973
-1.49577
-1.80276
-1.7405
-0.272434
-0.00041737
0.283364
0.126618
-0.572704
-1.26402
0.856704
0.752018
0.556874
0.840962
0.599295
0.120959
-0.480191
-0.981973
-1.38806
-1.63655
-1.17942
-0.54966
0.06454
0.496179
0.774959
0.0645421
0.49618
0.774959
-1.63655
-1.17942
-0.549658
0.85937
0.772975
0.630637
0.644737
0.804969
0.871651
0.1907
0.310257
0.459661
0.1907
0.310257
0.459661
0.644737
0.804968
0.871651
0.859369
0.772974
0.630636
0.840963
0.599297
0.120962
-1.49577
-1.80276
-1.7405
-1.82557
-1.79908
-1.66972
-0.590766
-1.23445
-1.70442
-0.480188
-0.981968
-1.38806
0.856705
0.752021
0.556879
0.126626
-0.572696
-1.26402
-0.272421
-0.000407119
0.283372
-0.799124
-1.46084
-1.80595
0.737164
0.661004
0.487189
0.737165
0.661005
0.487189
-0.369543
-0.659032
-1.02432
-0.924281
-0.339326
0.147088
-1.82588
-1.72317
-1.42609
-1.82588
-1.72317
-1.42608
-0.92428
-0.339325
0.147089
-0.369539
-0.659029
-1.02432
-1.82557
-1.79908
-1.66972
-1.49577
-1.80276
-1.7405
-0.272421
-0.000405806
0.283374
0.126629
-0.572693
-1.26402
0.856706
0.752023
0.556882
0.840965
0.599302
0.120969
-0.480182
-0.981964
-1.38805
-1.63655
-1.17942
-0.549652
0.0645492
0.496186
0.774963
0.0645478
0.496186
0.774963
-1.63655
-1.17942
-0.549653
0.859368
0.77297
0.630631
0.644731
0.804965
0.871651
0.190695
0.310251
0.459654
0.190695
0.310251
0.459655
0.644731
0.804965
0.871651
0.859368
0.772971
0.630631
0.840964
0.5993
0.120967
-1.49577
-1.80276
-1.7405
-1.82557
-1.79908
-1.66973
-0.480184
-0.981967
-1.38806
0.856705
0.752022
0.556878
0.126624
-0.572699
-1.26402
-0.27243
-0.000413266
0.283369
-0.0193781
0.553474
0.837138
0.868209
0.840997
0.781901
0.652673
0.860914
0.823488
0.4571
0.673781
0.84194
0.320606
0.260968
0.202443
0.243126
0.419869
0.632145
0.0671111
0.102257
0.146819
0.0801164
0.163897
0.299449
0.455609
0.57688
0.688162
0.847218
0.699225
0.495789
0.260403
0.133932
0.0615495
0.0325075
0.023862
0.0171387
0.119602
0.0541064
0.0216612
0.00207473
0.00852793
0.0236428
0
0
0
0.00057612
0.00233787
0.00736583
0
0
0
-3.86184e-05
0.000430319
0.00132408
0.00357608
0.00664829
0.0103724
0.0333132
0.0131311
0.00456284
0.00205219
0.000832856
0.000612946
0.00520734
0.00172343
0.000556564
0.0403153
0.0233521
0.0124488
0
0
0
7.84607e-05
-3.77919e-06
0.000190159
0
0
0
6.7525e-06
-1.85405e-05
4.97787e-05
6.3617e-05
8.18091e-05
0.000124895
0.000566277
2.05794e-05
0.000158992
0.0013364
0.00276855
0.00605798
0.330932
0.228287
0.146143
0.446604
0.28079
0.158393
0.0143989
0.0355814
0.0770596
0.00146014
0.00380726
0.0100144
0.0231245
0.0466342
0.0841135
0.103061
0.0533555
0.0242094
0.0105341
0.00442745
0.00194731
0.0105341
0.00442744
0.00194731
0.103061
0.0533555
0.0242094
0.000589285
8.85819e-05
0.000186178
0.000235568
8.28257e-05
0.000795192
3.77194e-05
-5.48497e-05
0.000146333
3.77194e-05
-5.48497e-05
0.000146333
0.000235568
8.28254e-05
0.000795193
0.000589285
8.85811e-05
0.000186178
0.00146014
0.00380725
0.0100143
8.27001e-05
-1.21951e-05
-1.46208e-05
0.000106549
-3.17184e-05
1.52217e-05
0
0
0
2.09276e-06
9.66386e-06
-2.99612e-05
0
0
0
-5.74921e-05
4.71471e-05
-7.53128e-05
-3.28306e-05
6.04421e-06
-1.0308e-05
-4.32998e-05
2.64013e-05
-4.90424e-05
-7.90449e-05
4.04676e-05
-3.15423e-05
-7.90448e-05
4.04675e-05
-3.15422e-05
-4.32999e-05
2.64013e-05
-4.90424e-05
0
0
0
1.09368e-05
-1.22214e-05
2.15307e-05
0
0
0
0
0
0
1.09368e-05
-1.22214e-05
2.15307e-05
0
0
0
-5.74921e-05
4.71471e-05
-7.53128e-05
0.000106548
-3.1718e-05
1.5221e-05
8.26999e-05
-1.21949e-05
-1.46212e-05
0.000566277
2.05789e-05
0.000158992
-3.28309e-05
6.0445e-06
-1.03085e-05
0
0
0
2.09248e-06
9.66415e-06
-2.99616e-05
0
0
0
6.75277e-06
-1.85407e-05
4.97786e-05
0.652676
0.860915
0.823487
0.868209
0.840996
0.781899
-0.0193689
0.55348
0.83714
0.847218
0.699224
0.495788
0.455608
0.576878
0.688161
0.080116
0.163896
0.299448
0.0671108
0.102257
0.146818
0.243125
0.419868
0.632143
0.320604
0.260966
0.202442
0.457097
0.673779
0.841939
0.446603
0.28079
0.158393
0.330931
0.228286
0.146143
0.0231244
0.0466341
0.0841133
0.0013364
0.00276854
0.00605796
0.0143988
0.0355813
0.0770594
0.0403151
0.023352
0.0124487
0.00520732
0.00172343
0.000556563
0.00205218
0.000832853
0.000612945
0.033313
0.013131
0.00456282
6.36166e-05
8.18093e-05
0.000124894
0
0
0
7.84597e-05
-3.77882e-06
0.000190158
0
0
0
-3.86173e-05
0.000430316
0.00132407
0.119601
0.0541061
0.0216611
0.0325072
0.0238618
0.0171386
0.260401
0.133931
0.0615489
0.00357606
0.00664826
0.0103723
0
0
0
0.000576113
0.00233786
0.00736577
0
0
0
0.00207471
0.00852783
0.0236426
0.868209
0.840996
0.781899
0.652676
0.860915
0.823487
0.320604
0.260966
0.202442
0.243125
0.419868
0.632144
0.0671111
0.102257
0.146818
0.0801164
0.163897
0.299449
0.455609
0.576879
0.688161
0.847218
0.699225
0.495789
0.0325072
0.0238618
0.0171386
0.119601
0.0541061
0.0216611
0
0
0
0.000576117
0.00233786
0.00736579
0
0
0
-3.86127e-05
0.000430316
0.00132409
0.00357608
0.00664828
0.0103724
0.0333132
0.0131311
0.00456285
0.0020522
0.00083286
0.000612956
0.00520741
0.00172345
0.000556578
0.0403154
0.0233522
0.0124489
0
0
0
7.84558e-05
-3.77504e-06
0.000190157
0
0
0
6.75415e-06
-1.85414e-05
4.97789e-05
6.36147e-05
8.18131e-05
0.000124895
0.000566287
2.05835e-05
0.000158991
0.00133644
0.00276858
0.00605807
0.330932
0.228288
0.146144
0.446606
0.280791
0.158394
0.014399
0.0355817
0.0770602
0.00146019
0.00380732
0.0100146
0.0231248
0.0466348
0.0841142
0.103062
0.0533563
0.0242099
0.0105344
0.00442759
0.00194742
0.0105346
0.00442765
0.00194743
0.103063
0.0533569
0.0242104
0.000589303
8.85894e-05
0.000186179
0.000235572
8.28364e-05
0.000795233
3.77149e-05
-5.48474e-05
0.000146331
3.77144e-05
-5.48471e-05
0.000146332
0.000235573
8.28406e-05
0.000795237
0.000589333
8.85982e-05
0.000186181
0.00146028
0.00380749
0.0100149
8.26997e-05
-1.21947e-05
-1.46223e-05
0.000106546
-3.17155e-05
1.52175e-05
0
0
0
2.0888e-06
9.66714e-06
-2.99663e-05
0
0
0
-5.74907e-05
4.71456e-05
-7.53104e-05
-3.28342e-05
6.04838e-06
-1.03151e-05
-4.33089e-05
2.64061e-05
-4.90465e-05
-7.90426e-05
4.04661e-05
-3.15399e-05
-7.90422e-05
4.04659e-05
-3.15397e-05
-4.33096e-05
2.64066e-05
-4.9047e-05
0
0
0
1.09392e-05
-1.22232e-05
2.15339e-05
0
0
0
0
0
0
1.09396e-05
-1.22235e-05
2.15341e-05
0
0
0
-5.74907e-05
4.71455e-05
-7.53103e-05
0.000106547
-3.17154e-05
1.52169e-05
8.27017e-05
-1.21945e-05
-1.46233e-05
0.000566317
2.05962e-05
0.000158991
-3.28357e-05
6.05011e-06
-1.03185e-05
0
0
0
2.08515e-06
9.67007e-06
-2.99704e-05
0
0
0
6.75802e-06
-1.85432e-05
4.9781e-05
0.652671
0.860913
0.82349
0.86821
0.840998
0.781902
-0.0193812
0.553472
0.837138
0.847219
0.699228
0.495793
0.455613
0.576883
0.688165
0.0801184
0.1639
0.299453
0.0671128
0.102259
0.146821
0.243129
0.419872
0.632148
0.320608
0.260969
0.202445
0.457101
0.673782
0.84194
0.446607
0.280794
0.158396
0.330936
0.228291
0.146146
0.0231254
0.0466358
0.0841158
0.00133652
0.00276873
0.00605836
0.0143996
0.0355827
0.0770619
0.0403166
0.023353
0.0124494
0.00520768
0.00172355
0.000556626
0.0020523
0.000832914
0.000612996
0.0333142
0.0131316
0.00456306
6.36126e-05
8.18232e-05
0.000124907
0
0
0
7.84486e-05
-3.76604e-06
0.000190163
0
0
0
-3.8597e-05
0.000430334
0.00132417
0.119603
0.0541074
0.0216617
0.0325077
0.0238623
0.0171391
0.260403
0.133933
0.0615497
0.00357624
0.00664852
0.0103727
0
0
0
0.000576131
0.00233795
0.00736602
0
0
0
0.00207475
0.00852796
0.0236429
0.86821
0.840998
0.781904
0.652667
0.860913
0.823491
0.320608
0.26097
0.202446
0.24313
0.419874
0.63215
0.0671138
0.10226
0.146822
0.0801197
0.163902
0.299456
0.455617
0.576886
0.688167
0.847221
0.699232
0.495797
0.0325078
0.0238624
0.0171392
0.119604
0.0541078
0.0216619
0
0
0
0.000576132
0.00233799
0.0073661
0
0
0
-3.85901e-05
0.000430341
0.00132421
0.00357632
0.00664863
0.0103728
0.0333149
0.0131319
0.00456317
0.00205235
0.000832946
0.000613013
0.00520785
0.00172361
0.000556653
0.0403174
0.0233536
0.0124498
0
0
0
7.84456e-05
-3.7615e-06
0.000190167
0
0
0
6.75905e-06
-1.85436e-05
4.9781e-05
6.36126e-05
8.18273e-05
0.000124917
0.000566338
2.06047e-05
0.00015899
0.00133657
0.00276885
0.00605857
0.33094
0.228294
0.146149
0.446612
0.280798
0.158399
0.0144
0.0355836
0.0770635
0.00146034
0.00380764
0.0100153
0.0231261
0.046637
0.0841177
0.103065
0.0533583
0.0242111
0.010535
0.00442788
0.00194755
0.010535
0.00442788
0.00194755
0.103065
0.0533583
0.0242111
0.000589358
8.86108e-05
0.000186182
0.000235574
8.28574e-05
0.000795281
3.77115e-05
-5.48452e-05
0.00014633
3.77108e-05
-5.48445e-05
0.000146329
0.000235574
8.28575e-05
0.000795282
0.00058936
8.86108e-05
0.000186182
0.00146034
0.00380765
0.0100153
8.27006e-05
-1.21939e-05
-1.46242e-05
0.000106545
-3.17133e-05
1.52146e-05
0
0
0
2.08311e-06
9.67173e-06
-2.99728e-05
0
0
0
-5.74892e-05
4.7144e-05
-7.53077e-05
-3.28359e-05
6.05143e-06
-1.03213e-05
-4.33136e-05
2.64084e-05
-4.90477e-05
-7.904e-05
4.04648e-05
-3.15381e-05
-7.90395e-05
4.04645e-05
-3.15378e-05
-4.33141e-05
2.64086e-05
-4.90478e-05
0
0
0
1.09407e-05
-1.22243e-05
2.15355e-05
0
0
0
0
0
0
1.0941e-05
-1.22245e-05
2.15358e-05
0
0
0
-5.74894e-05
4.71439e-05
-7.53075e-05
0.000106544
-3.17129e-05
1.52139e-05
8.2701e-05
-1.21937e-05
-1.46249e-05
0.000566339
2.06052e-05
0.00015899
-3.28362e-05
6.05185e-06
-1.03223e-05
0
0
0
2.08213e-06
9.67266e-06
-2.99741e-05
0
0
0
6.7592e-06
-1.85435e-05
4.97806e-05
0.652667
0.860913
0.823491
0.86821
0.840999
0.781904
-0.0193812
0.553472
0.837138
0.847221
0.699232
0.495798
0.455617
0.576886
0.688167
0.0801198
0.163902
0.299456
0.0671139
0.102261
0.146822
0.243131
0.419875
0.63215
0.320608
0.26097
0.202447
0.457101
0.673782
0.84194
0.446612
0.280798
0.158399
0.33094
0.228294
0.146149
0.0231262
0.046637
0.0841177
0.00133658
0.00276885
0.00605858
0.0144
0.0355837
0.0770636
0.0403174
0.0233536
0.0124498
0.00520787
0.00172362
0.000556656
0.00205236
0.00083295
0.000613016
0.0333149
0.0131319
0.00456318
6.36114e-05
8.18284e-05
0.000124918
0
0
0
7.8445e-05
-3.76122e-06
0.000190168
0
0
0
-3.85889e-05
0.000430343
0.00132422
0.119604
0.0541079
0.021662
0.0325078
0.0238624
0.0171392
0.260403
0.133933
0.0615497
0.00357634
0.00664865
0.0103729
0
0
0
0.000576133
0.00233799
0.00736612
0
0
0
0.00207475
0.00852796
0.0236429
0.86821
0.840998
0.781903
0.65267
0.860913
0.82349
0.320608
0.260969
0.202446
0.243129
0.419873
0.632149
0.067113
0.10226
0.146821
0.0801187
0.163901
0.299454
0.455615
0.576884
0.688166
0.84722
0.69923
0.495795
0.0325077
0.0238623
0.0171391
0.119603
0.0541074
0.0216617
0
0
0
0.000576131
0.00233795
0.00736603
0
0
0
-3.85955e-05
0.000430334
0.00132418
0.00357625
0.00664853
0.0103727
0.0333144
0.0131317
0.00456308
0.00205231
0.000832917
0.000612999
0.00520773
0.00172356
0.000556632
0.0403168
0.0233532
0.0124495
0
0
0
7.84474e-05
-3.76496e-06
0.000190162
0
0
0
6.75776e-06
-1.8543e-05
4.97803e-05
6.36113e-05
8.18245e-05
0.000124908
0.000566322
2.05984e-05
0.00015899
0.00133654
0.00276876
0.00605842
0.330938
0.228292
0.146147
0.44661
0.280796
0.158398
0.0143997
0.0355831
0.0770626
0.0014603
0.00380754
0.0100151
0.0231258
0.0466364
0.0841167
0.103064
0.0533579
0.0242108
0.0105348
0.00442773
0.00194746
0.0105346
0.00442767
0.00194745
0.103064
0.0533573
0.0242103
0.000589341
8.86002e-05
0.000186182
0.000235574
8.28431e-05
0.000795248
3.77137e-05
-5.48465e-05
0.000146331
3.77149e-05
-5.48476e-05
0.000146332
0.000235573
8.28392e-05
0.000795244
0.000589309
8.85922e-05
0.000186179
0.00146021
0.00380739
0.0100148
8.27011e-05
-1.21941e-05
-1.46239e-05
0.000106546
-3.17147e-05
1.5216e-05
0
0
0
2.08467e-06
9.67055e-06
-2.99712e-05
0
0
0
-5.74906e-05
4.71453e-05
-7.531e-05
-3.28359e-05
6.05051e-06
-1.03194e-05
-4.33103e-05
2.6407e-05
-4.90472e-05
-7.90419e-05
4.04658e-05
-3.15395e-05
-7.90427e-05
4.04662e-05
-3.154e-05
-4.33093e-05
2.64063e-05
-4.90467e-05
0
0
0
1.09397e-05
-1.22236e-05
2.15343e-05
0
0
0
0
0
0
1.09392e-05
-1.22232e-05
2.15338e-05
0
0
0
-5.74906e-05
4.71456e-05
-7.53103e-05
0.000106546
-3.17155e-05
1.52177e-05
8.27002e-05
-1.2195e-05
-1.46218e-05
0.000566293
2.05855e-05
0.000158991
-3.28342e-05
6.04836e-06
-1.0315e-05
0
0
0
2.08905e-06
9.66686e-06
-2.99658e-05
0
0
0
6.75421e-06
-1.85414e-05
4.9779e-05
0.652674
0.860914
0.823488
0.868209
0.840996
0.7819
-0.0193689
0.55348
0.83714
0.847219
0.699227
0.495791
0.455611
0.57688
0.688162
0.0801168
0.163898
0.29945
0.0671114
0.102257
0.146818
0.243126
0.419869
0.632145
0.320605
0.260966
0.202443
0.457097
0.673779
0.841939
0.446609
0.280794
0.158395
0.330934
0.228289
0.146145
0.0231252
0.0466354
0.0841152
0.00133646
0.00276862
0.00605813
0.0143992
0.035582
0.077061
0.0403156
0.0233523
0.012449
0.00520746
0.00172346
0.000556582
0.00205221
0.000832864
0.000612958
0.0333134
0.0131311
0.00456287
6.36148e-05
8.18137e-05
0.000124896
0
0
0
7.84556e-05
-3.77478e-06
0.000190157
0
0
0
-3.86126e-05
0.000430317
0.00132409
0.119601
0.0541062
0.0216612
0.0325072
0.0238619
0.0171387
0.260401
0.133931
0.0615489
0.00357609
0.0066483
0.0103724
0
0
0
0.000576117
0.00233786
0.0073658
0
0
0
0.00207471
0.00852783
0.0236426
0.868209
0.840996
0.781899
0.652676
0.860915
0.823487
0.320604
0.260966
0.202442
0.243125
0.419868
0.632143
0.0671108
0.102257
0.146818
0.080116
0.163896
0.299448
0.455608
0.576878
0.688161
0.847218
0.699224
0.495788
0.0325072
0.0238618
0.0171386
0.119601
0.0541061
0.0216611
0
0
0
0.000576113
0.00233786
0.00736577
0
0
0
-3.86171e-05
0.000430316
0.00132407
0.00357606
0.00664826
0.0103724
0.033313
0.013131
0.00456282
0.00205218
0.000832853
0.000612945
0.00520732
0.00172343
0.000556563
0.0403151
0.023352
0.0124487
0
0
0
7.84594e-05
-3.77872e-06
0.000190158
0
0
0
6.75291e-06
-1.85407e-05
4.97787e-05
6.36164e-05
8.18094e-05
0.000124894
0.000566277
2.0579e-05
0.000158992
0.0013364
0.00276854
0.00605796
0.330931
0.228286
0.146143
0.446603
0.28079
0.158393
0.0143988
0.0355813
0.0770594
0.00146014
0.00380725
0.0100143
0.0231244
0.0466341
0.0841133
0.103061
0.0533555
0.0242094
0.0105341
0.00442744
0.00194731
0.0105341
0.00442745
0.00194731
0.103061
0.0533555
0.0242094
0.000589285
8.85812e-05
0.000186178
0.000235568
8.28254e-05
0.000795193
3.77194e-05
-5.48497e-05
0.000146333
3.77194e-05
-5.48497e-05
0.000146333
0.000235568
8.28258e-05
0.000795192
0.000589285
8.85819e-05
0.000186178
0.00146014
0.00380726
0.0100144
8.27e-05
-1.2195e-05
-1.46211e-05
0.000106548
-3.1718e-05
1.52211e-05
0
0
0
2.09244e-06
9.66416e-06
-2.99616e-05
0
0
0
-5.74921e-05
4.7147e-05
-7.53127e-05
-3.28309e-05
6.04451e-06
-1.03086e-05
-4.32999e-05
2.64013e-05
-4.90424e-05
-7.90447e-05
4.04675e-05
-3.15422e-05
-7.90448e-05
4.04675e-05
-3.15422e-05
-4.32999e-05
2.64013e-05
-4.90424e-05
0
0
0
1.09368e-05
-1.22214e-05
2.15307e-05
0
0
0
0
0
0
1.09368e-05
-1.22214e-05
2.15307e-05
0
0
0
-5.74921e-05
4.71471e-05
-7.53127e-05
0.000106549
-3.17184e-05
1.52217e-05
8.27002e-05
-1.21951e-05
-1.46207e-05
0.000566277
2.05794e-05
0.000158992
-3.28307e-05
6.04428e-06
-1.03081e-05
0
0
0
2.09274e-06
9.66388e-06
-2.99612e-05
0
0
0
6.75253e-06
-1.85405e-05
4.97787e-05
0.652673
0.860914
0.823488
0.868209
0.840997
0.781901
0.847218
0.699225
0.495789
0.455609
0.57688
0.688162
0.0801164
0.163897
0.299449
0.0671111
0.102257
0.146819
0.243126
0.419869
0.632145
0.320606
0.260968
0.202443
0.446604
0.28079
0.158393
0.330932
0.228287
0.146143
0.0231245
0.0466342
0.0841135
0.0013364
0.00276855
0.00605798
0.0143989
0.0355814
0.0770596
0.0403153
0.0233521
0.0124488
0.00520734
0.00172343
0.000556564
0.00205219
0.000832855
0.000612946
0.0333132
0.0131311
0.00456284
6.36169e-05
8.18092e-05
0.000124895
0
0
0
7.84606e-05
-3.77911e-06
0.000190159
0
0
0
-3.86182e-05
0.000430318
0.00132408
0.119602
0.0541064
0.0216612
0.0325075
0.023862
0.0171387
0.00357608
0.00664829
0.0103724
0
0
0
0.00057612
0.00233787
0.00736583
0
0
0
0.765444
0.780724
0.772057
0.780724
0.779927
0.729258
0.772057
0.729258
0.60583
0.667388
0.404978
-0.0564994
0.551543
0.203448
-0.32802
0.32438
-0.118726
-0.699709
-0.0725253
-0.587686
-1.15518
-0.587687
-1.09795
-1.55406
-1.15518
-1.55406
-1.79866
0.667388
0.551543
0.324379
0.404976
0.203446
-0.118727
-0.0565025
-0.328023
-0.699711
-0.710819
-1.33723
-1.75475
-0.997236
-1.5516
-1.8205
-1.32693
-1.73921
-1.80256
-1.77574
-1.36229
-0.668973
-1.65633
-1.11136
-0.378409
-1.43131
-0.776858
-0.0501831
-1.06584
-0.355528
0.297589
-0.618228
0.0626848
0.58191
-0.128603
0.438727
0.779927
-1.64378
-1.82689
-1.63477
-1.81493
-1.73024
-1.30742
-1.76746
-1.4216
-0.835818
-1.43493
-0.894276
-0.257863
-0.894276
-0.298909
0.259331
-0.257862
0.259331
0.644713
0.347139
0.725838
0.869067
0.678948
0.858052
0.83997
0.848943
0.853006
0.726121
0.853107
0.734303
0.557261
0.734303
0.566056
0.392145
0.557261
0.392145
0.251031
0.34714
0.678949
0.848943
0.725839
0.858052
0.853006
0.869067
0.83997
0.726121
-0.710823
-0.997239
-1.32693
-1.33723
-1.5516
-1.73921
-1.75475
-1.8205
-1.80256
-1.64378
-1.81493
-1.76746
-1.82689
-1.73024
-1.4216
-1.63477
-1.30742
-0.835816
-1.06583
-0.618225
-0.1286
-0.355523
0.0626884
0.438729
0.297593
0.581912
0.779929
-1.77573
-1.65633
-1.4313
-1.36228
-1.11135
-0.776852
-0.668964
-0.378402
-0.0501768
0.765444
0.780724
0.772057
0.780724
0.779927
0.729258
0.772057
0.729258
0.605829
0.667387
0.404976
-0.0565032
0.551542
0.203445
-0.328025
0.324378
-0.118729
-0.699713
-0.0725273
-0.58769
-1.15518
-0.587689
-1.09795
-1.55406
-1.15518
-1.55406
-1.79866
0.667388
0.551543
0.324378
0.404978
0.203447
-0.118727
-0.0564989
-0.328021
-0.69971
-0.710824
-1.33723
-1.75476
-0.997241
-1.5516
-1.8205
-1.32693
-1.73921
-1.80256
-1.77573
-1.36228
-0.668963
-1.65633
-1.11135
-0.378401
-1.4313
-0.776851
-0.050176
-1.06583
-0.355522
0.297594
-0.618224
0.0626887
0.581912
-0.1286
0.438728
0.779928
-1.64378
-1.82689
-1.63477
-1.81493
-1.73024
-1.30742
-1.76746
-1.4216
-0.835815
-1.43493
-0.894275
-0.257862
-0.894277
-0.29891
0.25933
-0.257864
0.259329
0.644712
0.347139
0.725838
0.869067
0.678948
0.858052
0.839971
0.848942
0.853006
0.726122
0.853107
0.734305
0.557263
0.734305
0.566058
0.392148
0.557264
0.392148
0.251034
0.347137
0.678947
0.848942
0.725837
0.858052
0.853007
0.869067
0.839971
0.726123
-0.710818
-0.997236
-1.32693
-1.33723
-1.5516
-1.73921
-1.75475
-1.8205
-1.80256
-1.64378
-1.81493
-1.76746
-1.82689
-1.73024
-1.4216
-1.63477
-1.30743
-0.835819
-1.06584
-0.61823
-0.128605
-0.35553
0.0626826
0.438725
0.297586
0.581908
0.779926
-1.77574
-1.65633
-1.43131
-1.36229
-1.11136
-0.77686
-0.668976
-0.378412
-0.0501856
0.765444
0.780724
0.772057
0.780724
0.779927
0.729259
0.772057
0.729259
0.605831
0.667389
0.404979
-0.0564975
0.551545
0.20345
-0.328017
0.324382
-0.118721
-0.699703
-0.0725202
-0.58768
-1.15517
-0.58768
-1.09794
-1.55405
-1.15517
-1.55405
-1.79866
0.667389
0.551545
0.324382
0.404979
0.20345
-0.118721
-0.0564975
-0.328017
-0.699703
-0.710816
-1.33722
-1.75475
-0.997232
-1.5516
-1.8205
-1.32692
-1.73921
-1.80256
-1.77574
-1.36229
-0.668977
-1.65633
-1.11136
-0.378416
-1.43131
-0.776867
-0.050192
-1.06585
-0.35554
0.297579
-0.618242
0.0626723
0.581901
-0.128618
0.438715
0.779922
-1.64377
-1.82689
-1.63478
-1.81493
-1.73025
-1.30743
-1.76747
-1.42161
-0.835832
-1.43494
-0.894292
-0.25788
-0.894292
-0.298926
0.259316
-0.25788
0.259316
0.644703
0.347125
0.725831
0.869066
0.678939
0.85805
0.839974
0.848939
0.853009
0.726128
0.853109
0.73431
0.557269
0.73431
0.566064
0.392153
0.557269
0.392153
0.251038
0.347125
0.678939
0.848939
0.725831
0.85805
0.853009
0.869066
0.839974
0.726128
-0.710816
-0.997232
-1.32692
-1.33722
-1.5516
-1.73921
-1.75475
-1.8205
-1.80256
-1.64377
-1.81493
-1.76747
-1.82689
-1.73025
-1.42161
-1.63478
-1.30743
-0.835832
-1.06585
-0.618242
-0.128618
-0.35554
0.0626723
0.438715
0.297579
0.581901
0.779922
-1.77574
-1.65633
-1.43131
-1.36229
-1.11136
-0.776867
-0.668977
-0.378416
-0.050192
0.765444
0.780724
0.772057
0.780724
0.779927
0.729258
0.772057
0.729258
0.60583
0.667388
0.404978
-0.0564987
0.551543
0.203448
-0.32802
0.324379
-0.118726
-0.699709
-0.0725262
-0.587687
-1.15518
-0.587688
-1.09795
-1.55406
-1.15518
-1.55406
-1.79866
0.667388
0.551542
0.324378
0.404976
0.203445
-0.118728
-0.0565029
-0.328024
-0.699712
-0.710818
-1.33723
-1.75475
-0.997235
-1.5516
-1.8205
-1.32693
-1.73921
-1.80256
-1.77574
-1.36229
-0.668976
-1.65633
-1.11136
-0.378414
-1.43131
-0.776862
-0.050188
-1.06584
-0.355534
0.297583
-0.618234
0.0626782
0.581905
-0.12861
0.43872
0.779924
-1.64378
-1.82689
-1.63477
-1.81493
-1.73024
-1.30743
-1.76747
-1.4216
-0.835824
-1.43493
-0.894282
-0.257871
-0.894281
-0.298916
0.259323
-0.257869
0.259324
0.644707
0.347131
0.725834
0.869066
0.678943
0.858051
0.839973
0.848941
0.853008
0.726126
0.853109
0.734308
0.557268
0.734308
0.566062
0.392152
0.557267
0.392151
0.251037
0.347134
0.678944
0.848941
0.725835
0.858051
0.853008
0.869067
0.839972
0.726125
-0.710824
-0.99724
-1.32693
-1.33723
-1.5516
-1.73921
-1.75475
-1.8205
-1.80256
-1.64378
-1.81493
-1.76747
-1.82689
-1.73024
-1.4216
-1.63477
-1.30743
-0.835821
-1.06583
-0.618229
-0.128606
-0.355527
0.0626834
0.438724
0.29759
0.581908
0.779926
-1.77573
-1.65633
-1.43131
-1.36228
-1.11135
-0.776854
-0.668964
-0.378403
-0.0501793
0.765444
0.780724
0.772057
0.780724
0.779927
0.729258
0.772057
0.729258
0.60583
0.667388
0.404976
-0.0565025
0.551543
0.203446
-0.328023
0.324379
-0.118727
-0.699711
-0.0725253
-0.587687
-1.15518
-0.587686
-1.09795
-1.55406
-1.15518
-1.55406
-1.79866
0.667388
0.551543
0.32438
0.404978
0.203448
-0.118726
-0.0564994
-0.32802
-0.699709
-0.710823
-1.33723
-1.75475
-0.997239
-1.5516
-1.8205
-1.32693
-1.73921
-1.80256
-1.77573
-1.36228
-0.668964
-1.65633
-1.11135
-0.378402
-1.4313
-0.776852
-0.0501768
-1.06583
-0.355523
0.297593
-0.618225
0.0626884
0.581912
-0.1286
0.438729
0.779929
-1.64378
-1.82689
-1.63477
-1.81493
-1.73024
-1.30742
-1.76746
-1.4216
-0.835816
-1.43493
-0.894276
-0.257862
-0.894276
-0.298909
0.259331
-0.257863
0.259331
0.644713
0.34714
0.725839
0.869067
0.678949
0.858052
0.83997
0.848943
0.853006
0.726121
0.853107
0.734303
0.557261
0.734303
0.566056
0.392145
0.557261
0.392145
0.251031
0.347139
0.678948
0.848943
0.725838
0.858052
0.853006
0.869067
0.83997
0.726121
-0.710819
-0.997236
-1.32693
-1.33723
-1.5516
-1.73921
-1.75475
-1.8205
-1.80256
-1.64378
-1.81493
-1.76746
-1.82689
-1.73024
-1.4216
-1.63477
-1.30742
-0.835818
-1.06584
-0.618228
-0.128603
-0.355528
0.0626848
0.438727
0.297589
0.58191
0.779927
-1.77574
-1.65633
-1.43131
-1.36229
-1.11136
-0.776858
-0.668973
-0.378409
-0.0501831
0.0967643
0.62398
0.856396
0.328436
0.746096
0.871422
0.55066
0.834193
0.850838
0.821476
0.637473
0.421946
0.764152
0.558324
0.35112
0.683287
0.468954
0.279581
0.577223
0.37046
0.208396
0.465845
0.280564
0.149338
0.35445
0.20061
0.100965
0.739177
0.871282
0.785334
0.846295
0.844344
0.686739
0.869282
0.76078
0.564739
0.234552
0.118434
0.0530568
0.186054
0.090423
0.0386563
0.140971
0.0656315
0.0266705
0.020241
0.00694924
0.00170165
0.0141588
0.0047437
0.00102219
0.00923571
0.00312041
0.000583491
0.00575766
0.00181188
0.000310502
0.00330186
0.0010899
0.000149483
0.00193951
0.000509736
0.000149707
0.0995527
0.0440669
0.0172893
0.0676025
0.0285911
0.0106245
0.0433472
0.0174295
0.00623683
0.0253774
0.00964144
0.00330237
0.0141797
0.00519291
0.00167993
0.00750572
0.00256447
0.000805575
0.000854728
0.0003299
-2.20871e-06
0.000525773
8.15752e-05
6.43727e-05
0.000110792
0.000124042
-7.21514e-05
0.000137455
-1.61588e-05
3.8263e-05
1.20031e-07
3.39812e-05
-2.83472e-05
3.78928e-05
-1.95296e-05
3.01822e-05
0.00343559
0.00118662
0.000315648
0.00164164
0.000463439
0.000173556
0.00058142
0.000250694
-2.96619e-06
0.805008
0.628996
0.427423
0.682129
0.485548
0.305261
0.529157
0.346411
0.202821
0.248223
0.131668
0.0624304
0.165308
0.0825082
0.0370838
0.102612
0.0482747
0.0205568
0.0574382
0.0252604
0.0103006
0.0303519
0.0128327
0.00481464
0.0151007
0.00590258
0.00218448
0.368081
0.222472
0.121255
0.238472
0.134402
0.0686445
0.141603
0.074613
0.0360378
0.0744059
0.0365144
0.0167049
0.0365143
0.0171596
0.00726187
0.0167048
0.00726187
0.00297472
0.00641069
0.00250339
0.000762401
0.00277857
0.000925431
0.000367369
0.000947783
0.000409262
3.41131e-05
0.00031009
0.000131349
-8.35473e-07
0.000131349
2.48012e-05
2.30826e-05
-8.35418e-07
2.30826e-05
-9.47101e-06
0.00641068
0.00277857
0.000947782
0.00250338
0.000925429
0.000409262
0.000762398
0.000367369
3.41126e-05
0.000230504
7.65975e-05
5.16358e-06
8.91711e-05
2.71397e-05
1.49954e-06
2.22281e-05
3.55341e-06
1.25023e-05
-3.19215e-05
2.60527e-05
-2.64486e-05
1.73032e-05
-1.29401e-05
1.6088e-05
-6.66579e-06
9.42454e-06
-1.42752e-05
1.80736e-05
-1.0764e-05
9.24698e-06
-1.12835e-05
7.32466e-06
-7.25787e-06
1.99996e-05
-1.28387e-05
1.41042e-05
-3.77177e-05
2.74883e-05
-2.07361e-05
2.73393e-05
-1.4386e-05
1.29332e-05
-1.54778e-05
1.00141e-05
-4.65742e-06
3.22032e-05
-1.95757e-05
2.69425e-05
-1.95757e-05
1.16689e-05
-1.4845e-05
2.69425e-05
-1.4845e-05
1.59434e-05
2.4273e-05
-1.48968e-05
1.93194e-05
-1.2125e-05
7.47414e-06
-1.00266e-05
7.60027e-06
-4.92966e-06
7.53631e-06
-1.49007e-05
8.89829e-06
-1.00218e-05
8.89829e-06
-5.31782e-06
6.0758e-06
-1.00218e-05
6.0758e-06
-7.07757e-06
2.4273e-05
-1.2125e-05
7.60024e-06
-1.48968e-05
7.47412e-06
-4.92964e-06
1.93194e-05
-1.00266e-05
7.53628e-06
0.000230504
8.91709e-05
2.22282e-05
7.65973e-05
2.71398e-05
3.55324e-06
5.16371e-06
1.49941e-06
1.25025e-05
-3.77176e-05
2.73393e-05
-1.54777e-05
2.74882e-05
-1.4386e-05
1.00141e-05
-2.0736e-05
1.29331e-05
-4.65737e-06
1.80738e-05
-1.12836e-05
1.99997e-05
-1.07641e-05
7.32473e-06
-1.28388e-05
9.24715e-06
-7.25797e-06
1.41043e-05
-3.19216e-05
1.73032e-05
-6.66575e-06
2.60528e-05
-1.29401e-05
9.42452e-06
-2.64488e-05
1.60881e-05
-1.42753e-05
0.0967725
0.328442
0.550665
0.623985
0.746099
0.834194
0.856397
0.871422
0.850837
0.739179
0.846296
0.869282
0.871282
0.844343
0.760779
0.785333
0.686738
0.564738
0.577222
0.465843
0.354449
0.370459
0.280563
0.200609
0.208395
0.149338
0.100964
0.821474
0.76415
0.683285
0.63747
0.558322
0.468952
0.421943
0.351118
0.279579
0.805008
0.682128
0.529156
0.628995
0.485547
0.34641
0.427422
0.305261
0.202821
0.368081
0.238471
0.141603
0.222472
0.134402
0.0746129
0.121255
0.0686444
0.0360377
0.057438
0.0303518
0.0151007
0.0252603
0.0128327
0.00590257
0.0103006
0.00481463
0.00218447
0.248223
0.165308
0.102611
0.131667
0.082508
0.0482746
0.0624301
0.0370837
0.0205568
0.0253773
0.0141797
0.0075057
0.00964139
0.00519289
0.00256446
0.00330235
0.00167992
0.000805572
0.00343558
0.00164164
0.000581418
0.00118662
0.000463437
0.000250693
0.000315647
0.000173556
-2.96647e-06
0.000137455
1.19687e-07
3.78931e-05
-1.61591e-05
3.39813e-05
-1.95297e-05
3.82634e-05
-2.83475e-05
3.01824e-05
0.000854723
0.000525771
0.000110791
0.000329899
8.15747e-05
0.000124042
-2.20932e-06
6.43729e-05
-7.21515e-05
0.23455
0.186053
0.14097
0.118433
0.0904223
0.0656311
0.0530563
0.0386559
0.0266703
0.0995521
0.0676021
0.043347
0.0440666
0.028591
0.0174294
0.0172892
0.0106244
0.0062368
0.00575762
0.00330184
0.0019395
0.00181187
0.0010899
0.000509733
0.0003105
0.000149481
0.000149707
0.0202407
0.0141586
0.00923562
0.00694915
0.00474365
0.00312039
0.00170164
0.00102218
0.000583482
0.0967728
0.623985
0.856397
0.328442
0.746099
0.871422
0.550665
0.834194
0.850837
0.821474
0.63747
0.421943
0.76415
0.558322
0.351118
0.683285
0.468952
0.279579
0.577222
0.370459
0.208395
0.465844
0.280563
0.149338
0.35445
0.200609
0.100965
0.739179
0.871282
0.785333
0.846296
0.844343
0.686738
0.869282
0.760779
0.564739
0.23455
0.118433
0.0530563
0.186053
0.0904223
0.0386559
0.140971
0.0656311
0.0266704
0.0202407
0.00694915
0.00170164
0.0141587
0.00474366
0.00102218
0.00923564
0.00312039
0.000583487
0.00575763
0.00181187
0.000310502
0.00330185
0.0010899
0.000149483
0.00193951
0.000509737
0.000149708
0.0995523
0.0440667
0.0172892
0.0676023
0.0285911
0.0106245
0.0433472
0.0174295
0.00623684
0.0253774
0.00964147
0.00330238
0.0141798
0.00519294
0.00167995
0.00750578
0.0025645
0.000805581
0.000854731
0.000329903
-2.21044e-06
0.000525778
8.15756e-05
6.43742e-05
0.000110794
0.000124043
-7.21516e-05
0.000137459
-1.61599e-05
3.82653e-05
1.19586e-07
3.3982e-05
-2.83483e-05
3.78941e-05
-1.95298e-05
3.01828e-05
0.00343563
0.00118664
0.000315652
0.00164167
0.000463448
0.00017356
0.000581434
0.000250699
-2.9645e-06
0.805008
0.628996
0.427423
0.682129
0.485549
0.305262
0.529158
0.346412
0.202822
0.248224
0.131668
0.0624305
0.165309
0.0825085
0.037084
0.102612
0.048275
0.020557
0.0574387
0.0252607
0.0103007
0.0303523
0.0128329
0.00481472
0.0151009
0.0059027
0.00218452
0.368083
0.222474
0.121256
0.238473
0.134403
0.0686453
0.141605
0.074614
0.0360383
0.0744072
0.0365151
0.0167052
0.0365154
0.0171601
0.00726213
0.0167055
0.0072622
0.00297485
0.00641085
0.00250346
0.000762421
0.00277868
0.000925468
0.000367384
0.000947833
0.000409283
3.41188e-05
0.000310112
0.000131358
-8.33267e-07
0.000131359
2.48037e-05
2.30837e-05
-8.32436e-07
2.30839e-05
-9.47024e-06
0.00641103
0.00277873
0.000947844
0.00250356
0.0009255
0.000409291
0.000762466
0.000367398
3.41234e-05
0.000230513
7.65993e-05
5.1649e-06
8.91745e-05
2.71411e-05
1.49961e-06
2.22309e-05
3.55342e-06
1.2503e-05
-3.19216e-05
2.6053e-05
-2.64493e-05
1.73033e-05
-1.29401e-05
1.60882e-05
-6.66528e-06
9.42418e-06
-1.42749e-05
1.80761e-05
-1.07655e-05
9.24889e-06
-1.12849e-05
7.32553e-06
-7.259e-06
2.00007e-05
-1.28394e-05
1.41051e-05
-3.77154e-05
2.74873e-05
-2.07341e-05
2.73384e-05
-1.43852e-05
1.2932e-05
-1.54757e-05
1.0013e-05
-4.65602e-06
3.22067e-05
-1.95775e-05
2.69439e-05
-1.95776e-05
1.16699e-05
-1.48458e-05
2.6944e-05
-1.48458e-05
1.59438e-05
2.4271e-05
-1.48955e-05
1.93179e-05
-1.21238e-05
7.47335e-06
-1.00256e-05
7.59874e-06
-4.92871e-06
7.53509e-06
-1.49013e-05
8.89863e-06
-1.00222e-05
8.89864e-06
-5.318e-06
6.07602e-06
-1.00222e-05
6.07603e-06
-7.07784e-06
2.42707e-05
-1.21236e-05
7.59854e-06
-1.48953e-05
7.47321e-06
-4.92855e-06
1.93175e-05
-1.00254e-05
7.53485e-06
0.00023053
8.91804e-05
2.22321e-05
7.66056e-05
2.71428e-05
3.55413e-06
5.16673e-06
1.50032e-06
1.25031e-05
-3.7715e-05
2.73383e-05
-1.54753e-05
2.74873e-05
-1.43851e-05
1.00128e-05
-2.07337e-05
1.29318e-05
-4.65575e-06
1.80777e-05
-1.12857e-05
2.00013e-05
-1.07666e-05
7.32608e-06
-1.28398e-05
9.25045e-06
-7.2598e-06
1.41058e-05
-3.19218e-05
1.73034e-05
-6.66463e-06
2.60538e-05
-1.29401e-05
9.42375e-06
-2.64507e-05
1.60885e-05
-1.42747e-05
0.0967615
0.328433
0.550658
0.623978
0.746095
0.834192
0.856395
0.871422
0.850838
0.739175
0.846295
0.869282
0.871282
0.844345
0.760782
0.785336
0.686742
0.564743
0.577226
0.465848
0.354454
0.370463
0.280567
0.200613
0.208399
0.149341
0.100967
0.821477
0.764153
0.683289
0.637474
0.558326
0.468957
0.421947
0.351122
0.279583
0.80501
0.682131
0.52916
0.628999
0.485552
0.346415
0.427427
0.305265
0.202825
0.368084
0.238474
0.141606
0.222476
0.134404
0.0746148
0.121258
0.0686465
0.036039
0.05744
0.0303531
0.0151014
0.0252615
0.0128333
0.00590295
0.0103012
0.00481496
0.00218463
0.248227
0.165311
0.102614
0.131671
0.0825105
0.0482764
0.0624322
0.0370851
0.0205577
0.0253783
0.0141804
0.00750613
0.00964188
0.0051932
0.00256465
0.00330255
0.00168005
0.000805634
0.00343582
0.00164177
0.00058148
0.00118672
0.000463485
0.000250715
0.000315679
0.000173572
-2.9573e-06
0.00013747
1.21985e-07
3.78966e-05
-1.61597e-05
3.39837e-05
-1.95296e-05
3.82693e-05
-2.83494e-05
3.01832e-05
0.000854788
0.000525814
0.00011081
0.000329924
8.15841e-05
0.000124049
-2.21133e-06
6.43793e-05
-7.21519e-05
0.234553
0.186055
0.140973
0.118435
0.0904238
0.0656325
0.0530571
0.0386567
0.026671
0.0995543
0.067604
0.0433485
0.0440678
0.0285919
0.0174302
0.0172898
0.0106249
0.00623711
0.00575785
0.003302
0.00193961
0.00181194
0.00108995
0.000509768
0.000310527
0.000149492
0.000149718
0.0202411
0.014159
0.00923592
0.00694929
0.00474377
0.00312049
0.00170167
0.00102221
0.000583512
0.0967602
0.623977
0.856395
0.32843
0.746093
0.871422
0.550654
0.834191
0.850839
0.821477
0.637475
0.421947
0.764154
0.558327
0.351123
0.683291
0.468958
0.279584
0.577229
0.370466
0.2084
0.465852
0.28057
0.149342
0.354457
0.200615
0.100968
0.739172
0.871282
0.785338
0.846293
0.844347
0.686745
0.869283
0.760785
0.564747
0.234553
0.118435
0.0530572
0.186056
0.0904242
0.0386569
0.140974
0.0656329
0.0266712
0.0202411
0.00694931
0.00170167
0.0141591
0.0047438
0.00102222
0.009236
0.00312052
0.000583516
0.00575793
0.00181197
0.000310536
0.00330206
0.00108998
0.000149494
0.00193966
0.000509782
0.000149723
0.0995552
0.0440683
0.01729
0.0676048
0.0285923
0.010625
0.0433492
0.0174305
0.00623724
0.0253788
0.0096421
0.00330264
0.0141807
0.00519334
0.0016801
0.00750636
0.00256474
0.000805665
0.000854813
0.000329936
-2.21348e-06
0.000525831
8.15881e-05
6.4382e-05
0.000110819
0.000124051
-7.21523e-05
0.000137475
-1.61595e-05
3.82711e-05
1.23903e-07
3.39844e-05
-2.83498e-05
3.78973e-05
-1.95293e-05
3.01832e-05
0.00343594
0.00118676
0.000315693
0.00164183
0.000463509
0.000173579
0.000581514
0.000250725
-2.95294e-06
0.805013
0.629004
0.427431
0.682136
0.485557
0.305269
0.529165
0.346419
0.202828
0.24823
0.131673
0.0624333
0.165314
0.0825121
0.0370859
0.102616
0.0482775
0.0205583
0.0574414
0.0252622
0.0103015
0.0303539
0.0128338
0.00481514
0.0151019
0.00590317
0.00218472
0.368089
0.222479
0.12126
0.238478
0.134407
0.0686481
0.141608
0.0746165
0.03604
0.0744092
0.0365166
0.0167061
0.0365166
0.0171609
0.00726255
0.0167061
0.00726255
0.00297503
0.0064113
0.00250367
0.00076251
0.00277887
0.000925557
0.000367416
0.000947915
0.000409314
3.41339e-05
0.000310138
0.000131369
-8.29584e-07
0.000131369
2.48068e-05
2.30849e-05
-8.2931e-07
2.30848e-05
-9.46931e-06
0.0064113
0.00277887
0.000947915
0.00250367
0.000925558
0.000409314
0.000762511
0.000367417
3.41339e-05
0.000230544
7.66099e-05
5.16833e-06
8.91864e-05
2.71444e-05
1.50082e-06
2.22348e-05
3.55465e-06
1.25034e-05
-3.19211e-05
2.60538e-05
-2.64509e-05
1.73032e-05
-1.29399e-05
1.60885e-05
-6.66414e-06
9.42343e-06
-1.42744e-05
1.80786e-05
-1.07672e-05
9.2513e-06
-1.12862e-05
7.3264e-06
-7.26025e-06
2.00014e-05
-1.284e-05
1.41061e-05
-3.77128e-05
2.74867e-05
-2.07327e-05
2.73379e-05
-1.43847e-05
1.29313e-05
-1.54743e-05
1.00124e-05
-4.65546e-06
3.22084e-05
-1.95784e-05
2.69444e-05
-1.95784e-05
1.16704e-05
-1.48461e-05
2.69443e-05
-1.48461e-05
1.59439e-05
2.42693e-05
-1.48945e-05
1.93166e-05
-1.21229e-05
7.47274e-06
-1.00249e-05
7.59773e-06
-4.92804e-06
7.53423e-06
-1.49016e-05
8.89876e-06
-1.00224e-05
8.89878e-06
-5.31807e-06
6.07614e-06
-1.00225e-05
6.07616e-06
-7.07801e-06
2.42691e-05
-1.21227e-05
7.59755e-06
-1.48943e-05
7.47265e-06
-4.92791e-06
1.93165e-05
-1.00248e-05
7.5341e-06
0.000230544
8.91866e-05
2.2235e-05
7.66102e-05
2.71445e-05
3.55457e-06
5.16836e-06
1.50076e-06
1.25037e-05
-3.77125e-05
2.73377e-05
-1.5474e-05
2.74866e-05
-1.43846e-05
1.00123e-05
-2.07325e-05
1.29313e-05
-4.65537e-06
1.80791e-05
-1.12864e-05
2.00016e-05
-1.07676e-05
7.32658e-06
-1.28401e-05
9.25178e-06
-7.26052e-06
1.41063e-05
-3.19212e-05
1.73033e-05
-6.66393e-06
2.60539e-05
-1.29399e-05
9.42332e-06
-2.64512e-05
1.60887e-05
-1.42744e-05
0.0967601
0.32843
0.550654
0.623977
0.746093
0.834191
0.856395
0.871422
0.850839
0.739171
0.846293
0.869283
0.871282
0.844347
0.760785
0.785338
0.686745
0.564747
0.577229
0.465852
0.354457
0.370466
0.28057
0.200615
0.208401
0.149343
0.100968
0.821477
0.764154
0.683291
0.637475
0.558327
0.468959
0.421947
0.351123
0.279584
0.805013
0.682136
0.529165
0.629004
0.485557
0.346419
0.427432
0.305269
0.202828
0.368089
0.238478
0.141608
0.222479
0.134407
0.0746166
0.12126
0.0686481
0.03604
0.0574414
0.0303539
0.0151019
0.0252622
0.0128338
0.00590318
0.0103015
0.00481515
0.00218472
0.248231
0.165314
0.102616
0.131673
0.0825122
0.0482775
0.0624334
0.037086
0.0205583
0.0253789
0.0141808
0.00750638
0.00964213
0.00519336
0.00256475
0.00330266
0.00168011
0.000805668
0.00343595
0.00164184
0.000581516
0.00118677
0.000463511
0.000250725
0.000315695
0.00017358
-2.95225e-06
0.000137476
1.23972e-07
3.78977e-05
-1.61592e-05
3.39844e-05
-1.95293e-05
3.82712e-05
-2.83498e-05
3.01833e-05
0.000854818
0.000525834
0.00011082
0.000329937
8.15891e-05
0.000124052
-2.21277e-06
6.43819e-05
-7.21519e-05
0.234553
0.186056
0.140974
0.118435
0.0904242
0.065633
0.0530572
0.0386569
0.0266713
0.0995553
0.0676049
0.0433493
0.0440684
0.0285924
0.0174305
0.01729
0.0106251
0.00623726
0.00575795
0.00330207
0.00193967
0.00181197
0.00108998
0.000509785
0.000310538
0.000149495
0.000149723
0.0202411
0.0141591
0.00923602
0.00694931
0.00474381
0.00312053
0.00170167
0.00102222
0.000583518
0.0967611
0.623978
0.856395
0.328432
0.746094
0.871422
0.550657
0.834192
0.850839
0.821477
0.637474
0.421947
0.764154
0.558326
0.351122
0.68329
0.468957
0.279583
0.577227
0.370464
0.208399
0.465849
0.280568
0.149341
0.354455
0.200614
0.100967
0.739173
0.871282
0.785337
0.846294
0.844346
0.686743
0.869283
0.760784
0.564745
0.234553
0.118435
0.0530571
0.186056
0.0904239
0.0386567
0.140973
0.0656325
0.026671
0.0202411
0.00694929
0.00170167
0.014159
0.00474378
0.00102221
0.00923593
0.00312049
0.000583512
0.00575786
0.00181194
0.000310528
0.00330201
0.00108996
0.000149492
0.00193962
0.000509769
0.000149718
0.0995545
0.0440679
0.0172898
0.0676042
0.028592
0.0106249
0.0433486
0.0174302
0.00623713
0.0253784
0.00964192
0.00330257
0.0141805
0.00519322
0.00168006
0.00750618
0.00256467
0.000805638
0.00085479
0.000329925
-2.21177e-06
0.000525816
8.15844e-05
6.43795e-05
0.000110811
0.000124049
-7.21518e-05
0.000137471
-1.616e-05
3.82698e-05
1.2187e-07
3.39839e-05
-2.83496e-05
3.78971e-05
-1.95298e-05
3.01834e-05
0.00343585
0.00118673
0.00031568
0.00164178
0.00046349
0.000173573
0.000581489
0.000250717
-2.95641e-06
0.805012
0.629002
0.427429
0.682134
0.485555
0.305267
0.529163
0.346417
0.202826
0.248228
0.131671
0.0624325
0.165312
0.082511
0.0370854
0.102615
0.0482768
0.0205579
0.0574406
0.0252618
0.0103013
0.0303535
0.0128335
0.00481501
0.0151016
0.00590304
0.00218466
0.368087
0.222478
0.121259
0.238477
0.134406
0.0686473
0.141608
0.0746159
0.0360396
0.0744085
0.0365161
0.0167058
0.0365158
0.0171604
0.00726233
0.0167055
0.00726226
0.0029749
0.00641114
0.0025036
0.000762478
0.00277878
0.000925515
0.000367403
0.000947861
0.000409296
3.41248e-05
0.000310116
0.000131361
-8.32057e-07
0.00013136
2.4804e-05
2.30841e-05
-8.33238e-07
2.30841e-05
-9.47029e-06
0.00641096
0.00277872
0.00094785
0.0025035
0.000925484
0.000409288
0.000762435
0.000367388
3.41208e-05
0.000230533
7.66062e-05
5.16712e-06
8.91815e-05
2.71431e-05
1.50028e-06
2.22327e-05
3.5541e-06
1.25033e-05
-3.19216e-05
2.60538e-05
-2.64508e-05
1.73033e-05
-1.294e-05
1.60885e-05
-6.66445e-06
9.42366e-06
-1.42746e-05
1.8078e-05
-1.07668e-05
9.25067e-06
-1.12858e-05
7.32617e-06
-7.25991e-06
2.00014e-05
-1.28399e-05
1.41059e-05
-3.77144e-05
2.74871e-05
-2.07334e-05
2.73381e-05
-1.4385e-05
1.29316e-05
-1.5475e-05
1.00126e-05
-4.65558e-06
3.22069e-05
-1.95777e-05
2.6944e-05
-1.95776e-05
1.167e-05
-1.48459e-05
2.6944e-05
-1.48459e-05
1.59439e-05
2.42705e-05
-1.48952e-05
1.93175e-05
-1.21235e-05
7.47315e-06
-1.00254e-05
7.59845e-06
-4.92849e-06
7.53479e-06
-1.49013e-05
8.89864e-06
-1.00223e-05
8.89862e-06
-5.318e-06
6.07604e-06
-1.00222e-05
6.07602e-06
-7.07784e-06
2.4271e-05
-1.21238e-05
7.59878e-06
-1.48956e-05
7.47337e-06
-4.92874e-06
1.93179e-05
-1.00256e-05
7.53512e-06
0.000230516
8.91759e-05
2.22313e-05
7.66004e-05
2.71413e-05
3.55362e-06
5.16483e-06
1.49985e-06
1.25028e-05
-3.77152e-05
2.73384e-05
-1.54756e-05
2.74873e-05
-1.43852e-05
1.00129e-05
-2.07341e-05
1.2932e-05
-4.65597e-06
1.80759e-05
-1.12849e-05
2.00006e-05
-1.07654e-05
7.32547e-06
-1.28394e-05
9.24876e-06
-7.25892e-06
1.4105e-05
-3.19215e-05
1.73033e-05
-6.66537e-06
2.60529e-05
-1.294e-05
9.4242e-06
-2.64492e-05
1.60881e-05
-1.42749e-05
0.0967722
0.328441
0.550663
0.623985
0.746099
0.834194
0.856397
0.871422
0.850837
0.739177
0.846295
0.869282
0.871282
0.844344
0.760781
0.785334
0.68674
0.564741
0.577223
0.465845
0.354451
0.37046
0.280564
0.20061
0.208396
0.149338
0.100965
0.821474
0.76415
0.683286
0.637471
0.558322
0.468953
0.421943
0.351119
0.27958
0.80501
0.682132
0.529162
0.628999
0.485552
0.346415
0.427426
0.305264
0.202824
0.368086
0.238476
0.141607
0.222476
0.134405
0.0746152
0.121257
0.0686462
0.0360389
0.0574393
0.0303527
0.0151012
0.025261
0.012833
0.00590279
0.0103008
0.00481478
0.00218455
0.248225
0.16531
0.102613
0.131669
0.0825092
0.0482755
0.0624309
0.0370842
0.0205572
0.0253776
0.0141799
0.00750585
0.00964152
0.00519297
0.00256452
0.0033024
0.00167995
0.000805586
0.00343567
0.00164169
0.000581443
0.00118665
0.000463453
0.000250701
0.000315655
0.00017356
-2.96355e-06
0.000137459
1.20019e-07
3.7894e-05
-1.61596e-05
3.39819e-05
-1.95296e-05
3.82651e-05
-2.8348e-05
3.01825e-05
0.000854734
0.00052578
0.000110795
0.000329903
8.15761e-05
0.000124043
-2.21046e-06
6.43741e-05
-7.21513e-05
0.23455
0.186053
0.140971
0.118433
0.0904224
0.0656312
0.0530563
0.038656
0.0266704
0.0995525
0.0676026
0.0433474
0.0440668
0.0285912
0.0174296
0.0172893
0.0106245
0.00623686
0.00575764
0.00330186
0.00193952
0.00181188
0.0010899
0.000509738
0.000310502
0.000149483
0.000149708
0.0202408
0.0141587
0.00923565
0.00694915
0.00474366
0.00312039
0.00170164
0.00102218
0.000583487
0.0967725
0.623985
0.856397
0.328442
0.746099
0.871422
0.550665
0.834194
0.850837
0.821474
0.63747
0.421943
0.76415
0.558322
0.351118
0.683285
0.468952
0.279579
0.577222
0.370459
0.208395
0.465843
0.280563
0.149338
0.354449
0.200609
0.100964
0.739179
0.871282
0.785333
0.846296
0.844343
0.686738
0.869282
0.760779
0.564738
0.23455
0.118433
0.0530563
0.186053
0.0904223
0.0386559
0.14097
0.0656311
0.0266703
0.0202407
0.00694915
0.00170164
0.0141586
0.00474365
0.00102218
0.00923562
0.00312039
0.000583482
0.00575762
0.00181187
0.0003105
0.00330184
0.0010899
0.000149482
0.0019395
0.000509733
0.000149706
0.0995521
0.0440666
0.0172892
0.0676021
0.028591
0.0106244
0.043347
0.0174294
0.0062368
0.0253773
0.00964139
0.00330235
0.0141797
0.00519289
0.00167992
0.00750569
0.00256446
0.000805572
0.000854724
0.000329899
-2.20905e-06
0.000525771
8.15749e-05
6.43726e-05
0.000110791
0.000124042
-7.21513e-05
0.000137455
-1.6159e-05
3.82634e-05
1.19736e-07
3.39812e-05
-2.83474e-05
3.7893e-05
-1.95297e-05
3.01823e-05
0.00343558
0.00118662
0.000315647
0.00164164
0.000463437
0.000173556
0.000581418
0.000250693
-2.96633e-06
0.805008
0.628995
0.427422
0.682128
0.485547
0.305261
0.529156
0.34641
0.202821
0.248223
0.131667
0.0624301
0.165308
0.082508
0.0370837
0.102611
0.0482746
0.0205568
0.057438
0.0252603
0.0103006
0.0303518
0.0128327
0.00481463
0.0151007
0.00590257
0.00218447
0.368081
0.222472
0.121255
0.238471
0.134402
0.0686444
0.141603
0.0746129
0.0360377
0.0744059
0.0365143
0.0167048
0.0365144
0.0171596
0.00726187
0.0167049
0.00726187
0.00297472
0.00641068
0.00250338
0.000762398
0.00277857
0.000925429
0.000367369
0.000947782
0.000409262
3.41127e-05
0.00031009
0.000131349
-8.35443e-07
0.000131349
2.48012e-05
2.30826e-05
-8.35487e-07
2.30826e-05
-9.47103e-06
0.00641069
0.00277857
0.000947783
0.00250339
0.000925431
0.000409262
0.000762401
0.000367369
3.41131e-05
0.000230504
7.65973e-05
5.16368e-06
8.91709e-05
2.71397e-05
1.49944e-06
2.22282e-05
3.55327e-06
1.25025e-05
-3.19216e-05
2.60528e-05
-2.64488e-05
1.73032e-05
-1.29401e-05
1.60881e-05
-6.66575e-06
9.42451e-06
-1.42752e-05
1.80738e-05
-1.07641e-05
9.24715e-06
-1.12836e-05
7.32473e-06
-7.25796e-06
1.99997e-05
-1.28388e-05
1.41042e-05
-3.77176e-05
2.74882e-05
-2.0736e-05
2.73393e-05
-1.4386e-05
1.29331e-05
-1.54777e-05
1.00141e-05
-4.65736e-06
3.22033e-05
-1.95757e-05
2.69425e-05
-1.95757e-05
1.16689e-05
-1.4845e-05
2.69425e-05
-1.4845e-05
1.59434e-05
2.42729e-05
-1.48967e-05
1.93193e-05
-1.2125e-05
7.47411e-06
-1.00265e-05
7.60023e-06
-4.92964e-06
7.53627e-06
-1.49007e-05
8.89828e-06
-1.00218e-05
8.89828e-06
-5.31782e-06
6.07579e-06
-1.00218e-05
6.07579e-06
-7.07756e-06
2.4273e-05
-1.2125e-05
7.60025e-06
-1.48968e-05
7.47413e-06
-4.92965e-06
1.93194e-05
-1.00266e-05
7.53629e-06
0.000230504
8.91712e-05
2.2228e-05
7.65975e-05
2.71397e-05
3.55343e-06
5.16356e-06
1.49956e-06
1.25022e-05
-3.77177e-05
2.73393e-05
-1.54777e-05
2.74883e-05
-1.4386e-05
1.00141e-05
-2.07361e-05
1.29331e-05
-4.65741e-06
1.80736e-05
-1.12835e-05
1.99996e-05
-1.0764e-05
7.32467e-06
-1.28387e-05
9.24701e-06
-7.25789e-06
1.41042e-05
-3.19215e-05
1.73032e-05
-6.66581e-06
2.60527e-05
-1.29401e-05
9.42455e-06
-2.64486e-05
1.6088e-05
-1.42752e-05
0.0967643
0.328436
0.55066
0.62398
0.746096
0.834193
0.856396
0.871422
0.850838
0.739177
0.846295
0.869282
0.871282
0.844344
0.76078
0.785334
0.686739
0.564739
0.577223
0.465845
0.35445
0.37046
0.280564
0.20061
0.208396
0.149338
0.100965
0.821476
0.764152
0.683287
0.637473
0.558324
0.468954
0.421946
0.35112
0.279581
0.805008
0.682129
0.529157
0.628996
0.485548
0.346411
0.427423
0.305261
0.202821
0.368081
0.238472
0.141603
0.222472
0.134402
0.074613
0.121255
0.0686445
0.0360378
0.0574382
0.0303519
0.0151007
0.0252604
0.0128327
0.00590258
0.0103006
0.00481464
0.00218448
0.248223
0.165308
0.102612
0.131668
0.0825082
0.0482747
0.0624304
0.0370838
0.0205568
0.0253774
0.0141797
0.00750572
0.00964144
0.00519291
0.00256447
0.00330237
0.00167993
0.000805575
0.00343559
0.00164164
0.00058142
0.00118662
0.000463439
0.000250694
0.000315648
0.000173556
-2.96615e-06
0.000137455
1.20019e-07
3.78928e-05
-1.61588e-05
3.39812e-05
-1.95296e-05
3.8263e-05
-2.83472e-05
3.01822e-05
0.000854728
0.000525773
0.000110792
0.0003299
8.15751e-05
0.000124042
-2.20873e-06
6.43728e-05
-7.21514e-05
0.234552
0.186054
0.140971
0.118434
0.090423
0.0656315
0.0530568
0.0386563
0.0266705
0.0995527
0.0676025
0.0433472
0.0440669
0.0285911
0.0174295
0.0172893
0.0106245
0.00623683
0.00575766
0.00330186
0.00193951
0.00181188
0.0010899
0.000509736
0.000310502
0.000149483
0.000149707
0.020241
0.0141588
0.00923571
0.00694924
0.0047437
0.00312041
0.00170165
0.00102219
0.000583491
