FiniteElementSpace
FiniteElementCollection: H1_2D_P4
VDim: 1
Ordering: 0

-0.120046
9.35762e-14
9.35736e-14
7.76165e-35
9.3577e-14
7.76496e-35
9.3577e-14
7.7667e-35
9.35736e-14
7.76496e-35
7.76165e-35
0.18097
4.87272e-21
4.87272e-21
0.18097
4.87302e-21
4.87451e-21
0.18097
4.87525e-21
4.87533e-21
0.18097
4.87451e-21
4.87302e-21
0.18097
4.87272e-21
4.87272e-21
0.0071376
0.00713771
0.00713787
0.00713785
0.0071376
-0.137697
0.109386
0.109385
-0.137697
0.109385
0.109386
-0.137697
0.109387
0.109387
-0.137697
0.109386
0.109386
-0.137697
0.109385
0.109386
0.0216038
1.39243e-16
2.50143e-05
4.0102e-27
4.01022e-27
2.50142e-05
1.39242e-16
0.0216036
1.39245e-16
2.50147e-05
4.01112e-27
4.01183e-27
2.50163e-05
1.39265e-16
0.0216039
1.39274e-16
2.50174e-05
4.01258e-27
4.0126e-27
2.50175e-05
1.39276e-16
0.0216039
1.39265e-16
2.50166e-05
4.01183e-27
4.01112e-27
2.50151e-05
1.39245e-16
0.0216036
1.39242e-16
2.50142e-05
4.01022e-27
4.0102e-27
2.50143e-05
1.39243e-16
0.0800943
0.0800944
0.0800931
0.080094
0.0800943
0.00227129
-1.7314e-06
0.00227128
0.00227129
-1.73139e-06
0.00227137
0.00227141
-1.73134e-06
0.00227141
0.00227138
-1.73139e-06
0.00227131
0.00227128
-1.7314e-06
0.00227129
-0.140171
-0.0766938
-0.0766936
-0.140171
0.0277734
0.17072
0.182441
0.0394478
0.0394478
0.182441
0.17072
0.0277742
-0.0766934
-0.0766937
-0.140171
0.17072
0.182441
0.039448
0.0394481
0.182441
0.17072
0.0277732
-0.0766944
-0.0766944
-0.140171
0.17072
0.182441
0.0394486
0.0394486
0.182441
0.17072
0.0277732
-0.0766938
-0.0766936
-0.140171
0.17072
0.182441
0.0394485
0.0394484
0.182441
0.17072
0.0277742
-0.0766936
-0.0766938
0.17072
0.182441
0.0394478
0.0394478
0.182441
0.17072
0.10872
0.00900519
0.0249187
0.00160572
5.76828e-15
8.4738e-05
1.31628e-18
-4.62067e-07
0.000320025
0.000610394
-4.4139e-07
-4.41399e-07
0.000610393
7.06389e-24
1.94986e-07
8.91529e-31
8.91533e-31
1.9499e-07
7.06393e-24
-4.62085e-07
0.0249186
0.00900514
0.108719
0.000320024
1.31628e-18
8.47376e-05
5.76819e-15
0.0016057
0.00900515
0.0249187
5.76822e-15
8.47383e-05
1.31633e-18
-4.62109e-07
0.000320029
0.000610406
-4.4146e-07
-4.4146e-07
0.000610424
7.0649e-24
1.95064e-07
8.91819e-31
8.91903e-31
1.95083e-07
7.06665e-24
-4.62119e-07
0.0249191
0.00900532
0.10872
0.000320044
1.31662e-18
8.4743e-05
5.76872e-15
0.00160572
0.00900539
0.0249194
5.76887e-15
8.47452e-05
1.31675e-18
-4.62121e-07
0.000320055
0.000610445
-4.41434e-07
-4.41449e-07
0.000610445
7.06784e-24
1.95119e-07
8.92086e-31
8.92087e-31
1.95126e-07
7.06791e-24
-4.62135e-07
0.0249194
0.0090054
0.10872
0.000320056
1.31678e-18
8.47456e-05
5.76892e-15
0.00160572
0.00900534
0.0249192
5.76872e-15
8.47432e-05
1.31662e-18
-4.62126e-07
0.000320047
0.000610435
-4.41472e-07
-4.41453e-07
0.000610418
7.06665e-24
1.95089e-07
8.91903e-31
8.91819e-31
1.95062e-07
7.0649e-24
-4.62093e-07
0.0249189
0.00900517
0.108719
0.000320032
1.31633e-18
8.47386e-05
5.76822e-15
0.0016057
0.00900514
0.0249186
5.76819e-15
8.47376e-05
1.31628e-18
-4.62083e-07
0.000320024
0.000610393
-4.41399e-07
-4.4139e-07
0.000610394
7.06393e-24
1.9499e-07
8.91533e-31
8.91529e-31
1.94987e-07
7.06389e-24
-4.62067e-07
0.0249187
0.00900519
0.000320025
1.31628e-18
8.4738e-05
5.76828e-15
-0.151694
0.12089
0.126153
0.12089
-0.151694
0.12089
0.126153
0.12089
-0.151694
0.120889
0.126154
0.120889
-0.151694
0.120889
0.126153
0.12089
-0.151694
0.12089
0.126153
0.12089
0.0649944
0.000484107
8.31643e-06
0.00540835
3.52654e-05
-1.22643e-06
6.34917e-07
-1.22642e-06
0.0649941
0.00540833
8.31641e-06
0.000484103
0.0649941
0.000484104
8.31651e-06
0.00540839
3.52672e-05
-1.22641e-06
6.34902e-07
-1.22641e-06
0.0649947
0.0054085
8.31714e-06
0.00048412
0.064995
0.000484125
8.31749e-06
0.00540862
3.52696e-05
-1.22637e-06
6.34882e-07
-1.22636e-06
0.0649951
0.00540863
8.31753e-06
0.000484126
0.0649948
0.00048412
8.31716e-06
0.00540856
3.52677e-05
-1.2264e-06
6.34902e-07
-1.22642e-06
0.0649943
0.00540845
8.31655e-06
0.000484105
0.0649941
0.000484103
8.31641e-06
0.00540833
3.52654e-05
-1.22642e-06
6.34917e-07
-1.22643e-06
0.0649944
0.00540835
8.31643e-06
0.000484107
-0.120758
-0.125789
-0.134711
-0.142249
-0.147454
-0.151564
-0.142249
-0.147454
-0.151564
-0.120758
-0.125789
-0.134711
-0.147069
-0.151697
-0.145416
-0.133097
-0.118698
-0.0943617
-0.101793
-0.134415
-0.149277
0.0498684
-0.00660381
-0.0555302
0.0498684
-0.0066037
-0.05553
-0.101793
-0.134415
-0.149277
-0.133097
-0.118698
-0.0943615
-0.147069
-0.151697
-0.145416
-0.122416
-0.0762054
-0.0108881
0.0408156
0.0702087
0.103301
-0.0466154
0.0200052
0.0887524
0.171609
0.130745
0.0663924
0.182172
0.18168
0.176117
0.179922
0.178012
0.147534
0.122569
0.145416
0.163562
0.128397
0.160568
0.180023
0.179802
0.164163
0.137622
0.108717
0.153334
0.178488
0.180917
0.167182
0.142168
0.180917
0.167182
0.142168
0.108717
0.153334
0.178488
0.0959506
0.0711938
0.0493051
0.0511118
0.0780756
0.109342
0.010111
0.0183879
0.0309288
0.010111
0.0183878
0.0309287
0.0511117
0.0780756
0.109342
0.0959505
0.0711937
0.049305
0.128397
0.160568
0.180023
-0.0466152
0.0200056
0.0887528
0.0408163
0.0702093
0.103302
-0.122415
-0.0762049
-0.0108874
0.179802
0.164164
0.137622
0.122568
0.145415
0.163562
0.179922
0.178012
0.147535
0.182173
0.18168
0.176117
0.171609
0.130746
0.0663932
-0.142249
-0.147454
-0.151564
-0.142249
-0.147454
-0.151564
-0.120758
-0.125789
-0.134711
-0.133097
-0.118698
-0.0943613
-0.101793
-0.134415
-0.149277
0.0498686
-0.00660348
-0.0555298
0.0498685
-0.00660366
-0.05553
-0.101793
-0.134415
-0.149277
-0.133097
-0.118698
-0.0943616
-0.147069
-0.151697
-0.145416
0.0408164
0.0702094
0.103302
-0.046615
0.0200058
0.088753
0.182173
0.18168
0.176117
0.179922
0.178012
0.147535
0.122568
0.145415
0.163562
0.128397
0.160568
0.180023
0.179802
0.164164
0.137622
0.108717
0.153334
0.178488
0.180917
0.167182
0.142168
0.180917
0.167182
0.142169
0.108717
0.153334
0.178488
0.0959506
0.0711939
0.0493052
0.051112
0.0780759
0.109342
0.0101111
0.018388
0.0309289
0.0101111
0.0183881
0.030929
0.0511121
0.0780759
0.109342
0.0959509
0.0711942
0.0493054
0.128398
0.160568
0.180023
-0.0466154
0.0200052
0.0887524
0.0408154
0.0702086
0.103301
-0.122416
-0.0762056
-0.0108883
0.179802
0.164163
0.137622
0.122569
0.145416
0.163562
0.179922
0.178012
0.147534
0.182172
0.18168
0.176118
0.171608
0.130745
0.0663922
-0.142249
-0.147454
-0.151564
-0.142249
-0.147454
-0.151564
-0.120758
-0.125789
-0.134711
-0.133097
-0.118698
-0.0943621
-0.101793
-0.134415
-0.149277
0.0498672
-0.00660482
-0.0555309
0.0498672
-0.00660482
-0.0555309
-0.101793
-0.134415
-0.149277
-0.133097
-0.118698
-0.0943621
-0.147069
-0.151697
-0.145416
0.0408152
0.0702081
0.103301
-0.0466161
0.0200044
0.0887516
0.182172
0.18168
0.176118
0.179922
0.178012
0.147534
0.122569
0.145416
0.163563
0.128398
0.160569
0.180023
0.179801
0.164163
0.137621
0.108716
0.153333
0.178488
0.180917
0.167183
0.142169
0.180917
0.167183
0.142169
0.108716
0.153333
0.178488
0.0959517
0.0711949
0.049306
0.0511128
0.0780768
0.109343
0.0101114
0.0183884
0.0309295
0.0101114
0.0183884
0.0309295
0.0511128
0.0780768
0.109343
0.0959517
0.0711949
0.049306
0.128398
0.160569
0.180023
-0.0466161
0.0200044
0.0887516
0.0408152
0.0702081
0.103301
-0.122416
-0.0762056
-0.0108883
0.179801
0.164163
0.137621
0.122569
0.145416
0.163563
0.179922
0.178012
0.147534
0.182172
0.18168
0.176118
0.171608
0.130745
0.0663922
-0.142249
-0.147454
-0.151564
-0.142249
-0.147454
-0.151564
-0.120758
-0.125789
-0.134711
-0.133097
-0.118698
-0.0943617
-0.101793
-0.134415
-0.149277
0.0498681
-0.00660396
-0.0555302
0.0498682
-0.0066038
-0.05553
-0.101793
-0.134415
-0.149277
-0.133097
-0.118698
-0.0943615
-0.147069
-0.151697
-0.145416
0.0408154
0.0702085
0.103301
-0.0466155
0.020005
0.0887521
0.182172
0.18168
0.176118
0.179922
0.178012
0.147534
0.122569
0.145416
0.163563
0.128398
0.160569
0.180023
0.179802
0.164163
0.137622
0.108716
0.153334
0.178488
0.180917
0.167182
0.142169
0.180917
0.167182
0.142169
0.108716
0.153334
0.178488
0.0959514
0.0711946
0.0493058
0.0511125
0.0780765
0.109342
0.0101113
0.0183883
0.0309294
0.0101113
0.0183883
0.0309293
0.0511125
0.0780764
0.109342
0.0959511
0.0711945
0.0493057
0.128398
0.160568
0.180023
-0.0466152
0.0200055
0.0887527
0.0408163
0.0702092
0.103302
-0.122415
-0.0762049
-0.0108874
0.179802
0.164163
0.137622
0.122569
0.145416
0.163562
0.179922
0.178012
0.147535
0.182173
0.18168
0.176117
0.171609
0.130746
0.0663932
-0.142249
-0.147454
-0.151564
-0.142249
-0.147454
-0.151564
-0.133097
-0.118698
-0.0943615
-0.101793
-0.134415
-0.149277
0.0498684
-0.0066037
-0.05553
0.0498684
-0.00660381
-0.0555302
-0.101793
-0.134415
-0.149277
-0.133097
-0.118698
-0.0943617
0.0408163
0.0702093
0.103302
-0.0466152
0.0200056
0.0887528
0.182173
0.18168
0.176117
0.179922
0.178012
0.147535
0.122568
0.145415
0.163562
0.128397
0.160568
0.180023
0.179802
0.164164
0.137622
0.108717
0.153334
0.178488
0.180917
0.167182
0.142168
0.180917
0.167182
0.142168
0.108717
0.153334
0.178488
0.0959505
0.0711937
0.049305
0.0511117
0.0780756
0.109342
0.010111
0.0183878
0.0309287
0.010111
0.0183879
0.0309288
0.0511118
0.0780756
0.109342
0.0959506
0.0711938
0.0493051
0.128397
0.160568
0.180023
-0.0466154
0.0200052
0.0887524
0.0408156
0.0702087
0.103301
0.179802
0.164163
0.137622
0.122569
0.145416
0.163562
0.179922
0.178012
0.147534
0.182172
0.18168
0.176117
0.181862
0.163785
0.12933
0.102058
0.0880801
0.0730316
0.156257
0.120439
0.0827876
0.0306742
0.0550177
0.0884994
0.0191739
0.0147641
0.0108255
0.0135681
0.0273003
0.0495269
0.00299858
0.00484097
0.007377
0.0036645
0.00842585
0.0175854
0.0305319
0.0429074
0.0570718
0.0905745
0.0586466
0.0343715
0.0147709
0.00664546
0.00269719
0.00135554
0.000948987
0.000622504
0.00581157
0.0023451
0.000856863
7.64219e-05
0.000304121
0.000936878
6.18433e-14
2.61216e-14
9.97893e-15
1.60375e-05
7.68576e-05
0.000265822
2.83215e-16
1.00764e-15
3.24242e-15
9.04821e-07
1.24103e-05
4.21169e-05
0.0001187
0.000218586
0.000374364
0.0013718
0.00048791
0.000159186
5.84927e-05
2.8382e-05
1.18605e-05
0.000177256
5.69998e-05
1.48316e-05
0.0016902
0.00091953
0.000466643
6.65722e-17
1.52214e-17
3.14772e-18
8.85162e-07
2.87937e-07
4.53946e-06
1.37e-20
9.00439e-20
5.35258e-19
-2.21959e-07
1.78043e-07
1.50557e-07
1.23477e-06
1.5948e-06
5.14036e-06
1.23423e-05
3.00917e-06
1.2925e-06
3.70963e-05
9.39432e-05
0.000211517
0.0199985
0.0125491
0.00736692
0.0297178
0.0162191
0.00809486
0.000552064
0.00145887
0.00352473
4.11751e-05
0.000132206
0.000362171
0.000928034
0.00197424
0.00389359
0.00492879
0.00229196
0.000979339
0.000383255
0.00015584
5.54466e-05
0.000383254
0.00015584
5.54466e-05
0.00492879
0.00229196
0.000979338
1.35346e-05
4.57464e-06
2.00344e-06
1.95333e-06
5.62444e-06
1.8153e-05
3.95604e-07
-2.55947e-08
6.68314e-07
3.95605e-07
-2.55955e-08
6.68315e-07
1.95334e-06
5.62443e-06
1.8153e-05
1.35346e-05
4.57463e-06
2.00344e-06
4.11749e-05
0.000132206
0.00036217
1.91636e-07
1.00368e-07
1.1859e-07
7.4469e-07
-8.93775e-08
3.41263e-07
1.68532e-21
2.08594e-22
2.33506e-23
3.58998e-07
-3.08599e-07
4.64701e-07
1.55856e-26
1.89234e-25
2.07802e-24
-9.08579e-08
1.13313e-07
-2.03412e-07
2.02507e-07
-2.90471e-07
5.7261e-07
6.22204e-07
-3.05546e-07
2.22545e-07
-1.89718e-07
1.05844e-07
-1.68697e-07
-1.89719e-07
1.05845e-07
-1.68698e-07
6.22204e-07
-3.05545e-07
2.22545e-07
1.00338e-27
6.72271e-29
4.07378e-30
-1.84612e-07
1.40493e-07
-2.25539e-07
4.16985e-34
9.35274e-33
1.89729e-31
4.16986e-34
9.35276e-33
1.8973e-31
-1.84612e-07
1.40493e-07
-2.25539e-07
1.00339e-27
6.72275e-29
4.0738e-30
-9.08592e-08
1.13314e-07
-2.03414e-07
7.4469e-07
-8.93776e-08
3.41262e-07
1.91641e-07
1.00367e-07
1.18589e-07
1.23423e-05
3.00915e-06
1.29251e-06
2.02506e-07
-2.90472e-07
5.7261e-07
1.55857e-26
1.89235e-25
2.07803e-24
3.58998e-07
-3.08599e-07
4.647e-07
1.68532e-21
2.08594e-22
2.33507e-23
-2.2196e-07
1.78043e-07
1.50558e-07
0.156256
0.120439
0.0827873
0.102058
0.0880797
0.0730313
0.181862
0.163784
0.129329
0.0905743
0.0586464
0.0343714
0.0305318
0.0429072
0.0570716
0.00366448
0.00842581
0.0175853
0.00299856
0.00484094
0.00737696
0.013568
0.0273002
0.0495267
0.0191738
0.014764
0.0108254
0.0306739
0.0550173
0.088499
0.0297178
0.0162191
0.00809484
0.0199984
0.012549
0.0073669
0.000928032
0.00197424
0.00389358
3.70962e-05
9.39429e-05
0.000211516
0.000552062
0.00145886
0.00352472
0.00169019
0.000919527
0.000466641
0.000177255
5.69996e-05
1.48315e-05
5.84925e-05
2.83818e-05
1.18605e-05
0.0013718
0.000487907
0.000159185
1.23477e-06
1.5948e-06
5.14033e-06
1.37e-20
9.00439e-20
5.35258e-19
8.85165e-07
2.87934e-07
4.53945e-06
6.65718e-17
1.52214e-17
3.14771e-18
9.04806e-07
1.24103e-05
4.21167e-05
0.00581153
0.00234508
0.000856857
0.00135553
0.000948978
0.000622499
0.0147708
0.0066454
0.00269716
0.0001187
0.000218585
0.000374361
2.83213e-16
1.00763e-15
3.24237e-15
1.60374e-05
7.68569e-05
0.00026582
6.18417e-14
2.61211e-14
9.97875e-15
7.64209e-05
0.000304117
0.000936867
0.102058
0.0880797
0.0730313
0.156256
0.120439
0.0827873
0.0191738
0.014764
0.0108254
0.013568
0.0273002
0.0495267
0.00299858
0.00484095
0.00737697
0.0036645
0.00842585
0.0175854
0.0305319
0.0429073
0.0570716
0.0905744
0.0586465
0.0343715
0.00135553
0.000948979
0.0006225
0.00581154
0.00234508
0.000856858
6.18418e-14
2.61211e-14
9.97879e-15
1.60374e-05
7.68571e-05
0.00026582
2.83217e-16
1.00764e-15
3.2424e-15
9.04822e-07
1.24103e-05
4.2117e-05
0.000118701
0.000218586
0.000374362
0.00137181
0.000487911
0.000159186
5.84931e-05
2.83822e-05
1.18608e-05
0.000177258
5.70005e-05
1.48318e-05
0.0016902
0.000919535
0.000466647
6.65731e-17
1.52218e-17
3.14781e-18
8.85176e-07
2.8795e-07
4.53953e-06
1.37008e-20
9.00482e-20
5.35279e-19
-2.21957e-07
1.78039e-07
1.50571e-07
1.2348e-06
1.59485e-06
5.14043e-06
1.23427e-05
3.00924e-06
1.29255e-06
3.70972e-05
9.39448e-05
0.000211519
0.0199985
0.0125491
0.00736696
0.029718
0.0162192
0.00809492
0.000552069
0.00145888
0.00352475
4.11761e-05
0.000132209
0.000362179
0.00092805
0.00197427
0.00389363
0.00492887
0.002292
0.000979358
0.000383265
0.000155846
5.54497e-05
0.000383275
0.000155848
5.54501e-05
0.00492889
0.00229203
0.00097938
1.35351e-05
4.57484e-06
2.00357e-06
1.95349e-06
5.62478e-06
1.81542e-05
3.95626e-07
-2.56074e-08
6.68393e-07
3.95632e-07
-2.56111e-08
6.6842e-07
1.95355e-06
5.62489e-06
1.81543e-05
1.3536e-05
4.57511e-06
2.00365e-06
4.11788e-05
0.000132215
0.000362192
1.91663e-07
1.00364e-07
1.18593e-07
7.44748e-07
-8.93832e-08
3.41273e-07
1.68544e-21
2.08615e-22
2.33536e-23
3.58997e-07
-3.08595e-07
4.64692e-07
1.5589e-26
1.89269e-25
2.07835e-24
-9.08806e-08
1.1333e-07
-2.03441e-07
2.02497e-07
-2.90469e-07
5.72607e-07
6.22188e-07
-3.05535e-07
2.22526e-07
-1.89752e-07
1.05863e-07
-1.68712e-07
-1.89758e-07
1.05865e-07
-1.68713e-07
6.22191e-07
-3.05536e-07
2.22526e-07
1.00363e-27
6.72458e-29
4.07504e-30
-1.846e-07
1.40483e-07
-2.25522e-07
4.17156e-34
9.35625e-33
1.89794e-31
4.17163e-34
9.3567e-33
1.89809e-31
-1.84599e-07
1.40482e-07
-2.25522e-07
1.0038e-27
6.7255e-29
4.07549e-30
-9.08916e-08
1.13338e-07
-2.03452e-07
7.44781e-07
-8.93835e-08
3.41279e-07
1.91715e-07
1.00365e-07
1.18593e-07
1.23436e-05
3.00954e-06
1.29267e-06
2.02494e-07
-2.9047e-07
5.7261e-07
1.55919e-26
1.89309e-25
2.07884e-24
3.59001e-07
-3.08593e-07
4.6469e-07
1.68595e-21
2.08673e-22
2.33597e-23
-2.21947e-07
1.7803e-07
1.50614e-07
0.156257
0.120439
0.082788
0.102058
0.0880803
0.073032
0.181862
0.163785
0.12933
0.0905749
0.058647
0.0343719
0.0305323
0.0429078
0.0570722
0.00366461
0.00842604
0.0175856
0.00299866
0.00484108
0.00737713
0.0135683
0.0273006
0.0495273
0.019174
0.0147642
0.0108256
0.0306742
0.0550178
0.0884996
0.0297181
0.0162194
0.00809505
0.0199988
0.0125493
0.00736711
0.000928076
0.00197431
0.00389371
3.70998e-05
9.39502e-05
0.00021153
0.000552093
0.00145893
0.00352484
0.00169026
0.000919572
0.000466668
0.000177268
5.70042e-05
1.48331e-05
5.84967e-05
2.83841e-05
1.18618e-05
0.00137185
0.000487932
0.000159194
1.23487e-06
1.59506e-06
5.14085e-06
1.37048e-20
9.00719e-20
5.35405e-19
8.85203e-07
2.88049e-07
4.53989e-06
6.65837e-17
1.52246e-17
3.14846e-18
9.04954e-07
1.24111e-05
4.21196e-05
0.00581167
0.00234514
0.000856884
0.00135555
0.000949001
0.000622518
0.0147709
0.00664549
0.0026972
0.000118707
0.000218595
0.000374375
2.83255e-16
1.00775e-15
3.24271e-15
1.60382e-05
7.68602e-05
0.00026583
6.18445e-14
2.61227e-14
9.97956e-15
7.64222e-05
0.000304122
0.000936882
0.102059
0.0880805
0.0730322
0.156257
0.12044
0.0827884
0.019174
0.0147643
0.0108257
0.0135684
0.0273007
0.0495275
0.00299871
0.00484114
0.0073772
0.00366467
0.00842617
0.0175859
0.0305326
0.0429081
0.0570725
0.0905756
0.0586476
0.0343723
0.00135555
0.000949005
0.000622524
0.00581172
0.00234516
0.000856893
6.18448e-14
2.6123e-14
9.97977e-15
1.60384e-05
7.68612e-05
0.000265833
2.83271e-16
1.0078e-15
3.24281e-15
9.04993e-07
1.24115e-05
4.21208e-05
0.000118709
0.000218599
0.00037438
0.00137188
0.000487943
0.000159198
5.84984e-05
2.83851e-05
1.18624e-05
0.000177274
5.70064e-05
1.48338e-05
0.0016903
0.000919596
0.000466683
6.65882e-17
1.52258e-17
3.14876e-18
8.85225e-07
2.88094e-07
4.54008e-06
1.37067e-20
9.00831e-20
5.35464e-19
-2.21943e-07
1.78027e-07
1.50638e-07
1.23491e-06
1.59518e-06
5.14109e-06
1.23443e-05
3.00974e-06
1.29273e-06
3.71016e-05
9.39542e-05
0.000211538
0.0199991
0.0125496
0.00736726
0.0297186
0.0162197
0.00809522
0.000552111
0.00145897
0.00352493
4.11809e-05
0.000132221
0.000362206
0.000928106
0.00197437
0.00389381
0.00492901
0.0022921
0.000979413
0.000383291
0.000155857
5.5454e-05
0.000383291
0.000155857
5.5454e-05
0.00492901
0.0022921
0.000979413
1.35368e-05
4.57543e-06
2.00377e-06
1.9537e-06
5.62535e-06
1.81557e-05
3.9563e-07
-2.56052e-08
6.68479e-07
3.95632e-07
-2.5606e-08
6.68482e-07
1.9537e-06
5.62535e-06
1.81557e-05
1.35368e-05
4.57544e-06
2.00378e-06
4.1181e-05
0.000132221
0.000362206
1.91744e-07
1.00369e-07
1.18587e-07
7.44826e-07
-8.93756e-08
3.41274e-07
1.6862e-21
2.08706e-22
2.33635e-23
3.58995e-07
-3.08586e-07
4.64676e-07
1.55948e-26
1.89343e-25
2.0792e-24
-9.09009e-08
1.13344e-07
-2.03462e-07
2.02487e-07
-2.90466e-07
5.72599e-07
6.22169e-07
-3.05525e-07
2.22512e-07
-1.89772e-07
1.05873e-07
-1.68717e-07
-1.89772e-07
1.05873e-07
-1.68716e-07
6.2217e-07
-3.05526e-07
2.22512e-07
1.00399e-27
6.72681e-29
4.07631e-30
-1.84591e-07
1.40475e-07
-2.25511e-07
4.17255e-34
9.35871e-33
1.89848e-31
4.17255e-34
9.35871e-33
1.89848e-31
-1.84592e-07
1.40475e-07
-2.2551e-07
1.00399e-27
6.72683e-29
4.07632e-30
-9.09055e-08
1.13348e-07
-2.03466e-07
7.44832e-07
-8.93766e-08
3.41273e-07
1.91752e-07
1.00369e-07
1.18585e-07
1.23443e-05
3.00975e-06
1.29274e-06
2.02483e-07
-2.90463e-07
5.72596e-07
1.55949e-26
1.89344e-25
2.07921e-24
3.58996e-07
-3.08585e-07
4.64673e-07
1.68623e-21
2.08709e-22
2.33638e-23
-2.2194e-07
1.78024e-07
1.50643e-07
0.156257
0.12044
0.0827884
0.102059
0.0880805
0.0730323
0.181862
0.163785
0.12933
0.0905756
0.0586476
0.0343723
0.0305327
0.0429081
0.0570726
0.00366468
0.00842618
0.0175859
0.00299872
0.00484115
0.00737721
0.0135684
0.0273008
0.0495275
0.019174
0.0147643
0.0108257
0.0306742
0.0550178
0.0884996
0.0297186
0.0162197
0.00809523
0.0199991
0.0125496
0.00736727
0.000928107
0.00197437
0.00389381
3.71017e-05
9.39544e-05
0.000211539
0.000552112
0.00145897
0.00352493
0.0016903
0.000919598
0.000466684
0.000177275
5.70066e-05
1.48339e-05
5.84987e-05
2.83852e-05
1.18625e-05
0.00137189
0.000487944
0.000159198
1.23491e-06
1.5952e-06
5.1411e-06
1.3707e-20
9.00847e-20
5.35473e-19
8.85223e-07
2.88103e-07
4.5401e-06
6.65892e-17
1.5226e-17
3.14881e-18
9.05015e-07
1.24116e-05
4.21211e-05
0.00581172
0.00234517
0.000856895
0.00135556
0.000949007
0.000622525
0.0147709
0.00664549
0.0026972
0.00011871
0.0002186
0.000374381
2.83274e-16
1.00781e-15
3.24284e-15
1.60385e-05
7.68615e-05
0.000265833
6.18448e-14
2.61231e-14
9.97984e-15
7.64222e-05
0.000304122
0.000936882
0.102058
0.0880804
0.073032
0.156257
0.120439
0.0827881
0.019174
0.0147642
0.0108256
0.0135683
0.0273006
0.0495273
0.00299868
0.00484109
0.00737714
0.00366462
0.00842608
0.0175857
0.0305324
0.0429079
0.0570723
0.0905752
0.0586473
0.0343721
0.00135555
0.000949001
0.000622519
0.00581168
0.00234515
0.000856885
6.18445e-14
2.61227e-14
9.97956e-15
1.60382e-05
7.68603e-05
0.00026583
2.83255e-16
1.00775e-15
3.24271e-15
9.04955e-07
1.24112e-05
4.21198e-05
0.000118707
0.000218596
0.000374376
0.00137186
0.000487933
0.000159194
5.84969e-05
2.83842e-05
1.18619e-05
0.000177269
5.70046e-05
1.48332e-05
0.00169027
0.000919578
0.000466672
6.65837e-17
1.52246e-17
3.14846e-18
8.85209e-07
2.88049e-07
4.53991e-06
1.37048e-20
9.00719e-20
5.35405e-19
-2.21949e-07
1.78031e-07
1.50615e-07
1.23488e-06
1.59507e-06
5.14088e-06
1.23438e-05
3.00958e-06
1.29268e-06
3.71003e-05
9.39513e-05
0.000211532
0.019999
0.0125494
0.00736718
0.0297184
0.0162196
0.00809514
0.000552098
0.00145894
0.00352488
4.11795e-05
0.000132217
0.000362198
0.000928091
0.00197434
0.00389376
0.00492899
0.00229208
0.000979399
0.000383282
0.000155851
5.54511e-05
0.000383272
0.000155849
5.54508e-05
0.00492897
0.00229205
0.000979377
1.35362e-05
4.57517e-06
2.00367e-06
1.95358e-06
5.62497e-06
1.81546e-05
3.95635e-07
-2.56134e-08
6.68432e-07
3.95628e-07
-2.56088e-08
6.68404e-07
1.95352e-06
5.62487e-06
1.81545e-05
1.35353e-05
4.57491e-06
2.00359e-06
4.11769e-05
0.000132211
0.000362186
1.91722e-07
1.00364e-07
1.18592e-07
7.44792e-07
-8.9384e-08
3.41278e-07
1.68595e-21
2.08673e-22
2.33597e-23
3.59e-07
-3.08592e-07
4.64687e-07
1.55919e-26
1.89309e-25
2.07884e-24
-9.08935e-08
1.13339e-07
-2.03454e-07
2.02491e-07
-2.90468e-07
5.72607e-07
6.22189e-07
-3.05536e-07
2.22525e-07
-1.89759e-07
1.05866e-07
-1.68714e-07
-1.89752e-07
1.05864e-07
-1.68712e-07
6.22185e-07
-3.05534e-07
2.22525e-07
1.0038e-27
6.7255e-29
4.07549e-30
-1.84599e-07
1.40482e-07
-2.25522e-07
4.17163e-34
9.3567e-33
1.89809e-31
4.17156e-34
9.35625e-33
1.89794e-31
-1.846e-07
1.40483e-07
-2.25522e-07
1.00363e-27
6.72458e-29
4.07504e-30
-9.08793e-08
1.13329e-07
-2.03439e-07
7.44755e-07
-8.93834e-08
3.41275e-07
1.91666e-07
1.00363e-07
1.18593e-07
1.23428e-05
3.00929e-06
1.29256e-06
2.02499e-07
-2.90471e-07
5.72609e-07
1.5589e-26
1.89269e-25
2.07835e-24
3.58995e-07
-3.08594e-07
4.64692e-07
1.68544e-21
2.08615e-22
2.33536e-23
-2.21956e-07
1.78039e-07
1.50571e-07
0.156257
0.120439
0.0827875
0.102058
0.0880798
0.0730314
0.181862
0.163784
0.129329
0.0905749
0.0586469
0.0343717
0.0305321
0.0429074
0.0570718
0.00366452
0.00842591
0.0175855
0.00299859
0.00484097
0.00737699
0.0135681
0.0273002
0.0495268
0.0191738
0.014764
0.0108254
0.0306739
0.0550173
0.088499
0.0297183
0.0162194
0.00809501
0.0199987
0.0125492
0.00736704
0.000928067
0.0019743
0.00389368
3.70978e-05
9.3946e-05
0.000211522
0.000552076
0.0014589
0.0035248
0.00169021
0.000919543
0.000466652
0.00017726
5.7001e-05
1.48319e-05
5.84933e-05
2.83823e-05
1.18608e-05
0.00137181
0.000487913
0.000159187
1.2348e-06
1.59487e-06
5.14046e-06
1.37008e-20
9.00482e-20
5.35279e-19
8.85172e-07
2.87956e-07
4.53955e-06
6.65731e-17
1.52218e-17
3.14781e-18
9.04826e-07
1.24104e-05
4.21172e-05
0.00581155
0.00234509
0.00085686
0.00135553
0.000948979
0.000622501
0.0147708
0.0066454
0.00269716
0.000118701
0.000218586
0.000374363
2.83217e-16
1.00764e-15
3.2424e-15
1.60374e-05
7.68572e-05
0.000265821
6.18418e-14
2.61211e-14
9.97879e-15
7.64209e-05
0.000304117
0.000936867
0.102058
0.0880797
0.0730313
0.156256
0.120439
0.0827873
0.0191738
0.014764
0.0108254
0.013568
0.0273002
0.0495267
0.00299856
0.00484094
0.00737696
0.00366448
0.00842581
0.0175853
0.0305318
0.0429072
0.0570716
0.0905743
0.0586464
0.0343714
0.00135553
0.000948978
0.000622499
0.00581153
0.00234508
0.000856857
6.18417e-14
2.61211e-14
9.97875e-15
1.60374e-05
7.68569e-05
0.00026582
2.83213e-16
1.00763e-15
3.24237e-15
9.04813e-07
1.24102e-05
4.21167e-05
0.0001187
0.000218585
0.000374361
0.0013718
0.000487907
0.000159185
5.84925e-05
2.83818e-05
1.18605e-05
0.000177255
5.69996e-05
1.48315e-05
0.00169019
0.000919527
0.000466641
6.65718e-17
1.52214e-17
3.14771e-18
8.85161e-07
2.87936e-07
4.53945e-06
1.37e-20
9.00439e-20
5.35258e-19
-2.21959e-07
1.78042e-07
1.50558e-07
1.23477e-06
1.5948e-06
5.14033e-06
1.23423e-05
3.00916e-06
1.29251e-06
3.70962e-05
9.39429e-05
0.000211516
0.0199984
0.012549
0.0073669
0.0297178
0.0162191
0.00809484
0.000552062
0.00145886
0.00352472
4.11749e-05
0.000132206
0.000362171
0.000928032
0.00197424
0.00389358
0.00492879
0.00229196
0.000979338
0.000383254
0.00015584
5.54466e-05
0.000383255
0.00015584
5.54466e-05
0.00492879
0.00229196
0.000979339
1.35346e-05
4.57463e-06
2.00344e-06
1.95333e-06
5.62443e-06
1.8153e-05
3.95605e-07
-2.55955e-08
6.68315e-07
3.95605e-07
-2.55952e-08
6.68315e-07
1.95333e-06
5.62444e-06
1.8153e-05
1.35346e-05
4.57464e-06
2.00343e-06
4.11751e-05
0.000132206
0.000362171
1.91641e-07
1.00367e-07
1.18589e-07
7.4469e-07
-8.93777e-08
3.41262e-07
1.68532e-21
2.08594e-22
2.33507e-23
3.58998e-07
-3.08598e-07
4.647e-07
1.55857e-26
1.89235e-25
2.07803e-24
-9.08592e-08
1.13314e-07
-2.03414e-07
2.02506e-07
-2.90471e-07
5.7261e-07
6.22203e-07
-3.05545e-07
2.22544e-07
-1.89719e-07
1.05845e-07
-1.68697e-07
-1.89718e-07
1.05844e-07
-1.68697e-07
6.22204e-07
-3.05546e-07
2.22545e-07
1.00339e-27
6.72275e-29
4.0738e-30
-1.84612e-07
1.40493e-07
-2.25539e-07
4.16986e-34
9.35276e-33
1.8973e-31
4.16985e-34
9.35274e-33
1.89729e-31
-1.84612e-07
1.40493e-07
-2.25539e-07
1.00338e-27
6.72271e-29
4.07378e-30
-9.08581e-08
1.13313e-07
-2.03412e-07
7.4469e-07
-8.93776e-08
3.41263e-07
1.91636e-07
1.00368e-07
1.1859e-07
1.23423e-05
3.00917e-06
1.2925e-06
2.02507e-07
-2.90471e-07
5.7261e-07
1.55856e-26
1.89234e-25
2.07802e-24
3.58998e-07
-3.08599e-07
4.64701e-07
1.68532e-21
2.08594e-22
2.33506e-23
-2.21959e-07
1.78044e-07
1.50557e-07
0.156257
0.120439
0.0827876
0.102058
0.0880801
0.0730316
0.0905745
0.0586466
0.0343715
0.0305319
0.0429074
0.0570718
0.0036645
0.00842585
0.0175854
0.00299858
0.00484097
0.007377
0.0135681
0.0273003
0.0495269
0.0191739
0.0147641
0.0108255
0.0297178
0.0162191
0.00809486
0.0199985
0.0125491
0.00736692
0.000928034
0.00197424
0.00389359
3.70963e-05
9.39432e-05
0.000211517
0.000552064
0.00145887
0.00352473
0.0016902
0.00091953
0.000466643
0.000177256
5.69998e-05
1.48316e-05
5.84927e-05
2.8382e-05
1.18605e-05
0.0013718
0.00048791
0.000159186
1.23477e-06
1.5948e-06
5.14036e-06
1.37e-20
9.00439e-20
5.35258e-19
8.85162e-07
2.87937e-07
4.53946e-06
6.65722e-17
1.52214e-17
3.14772e-18
9.0482e-07
1.24103e-05
4.21169e-05
0.00581157
0.0023451
0.000856863
0.00135554
0.000948987
0.000622504
0.0001187
0.000218586
0.000374364
2.83215e-16
1.00764e-15
3.24242e-15
1.60375e-05
7.68576e-05
0.000265822
6.18433e-14
2.61216e-14
9.97893e-15
-0.121883
-0.12761
-0.136861
-0.12761
-0.134143
-0.143014
-0.136861
-0.143014
-0.149491
-0.147153
-0.151891
-0.144415
-0.150731
-0.150233
-0.134861
-0.151591
-0.142523
-0.116347
-0.143948
-0.122621
-0.083467
-0.122621
-0.0883981
-0.0382784
-0.0834669
-0.0382783
0.0179742
-0.147153
-0.150731
-0.151591
-0.151891
-0.150233
-0.142523
-0.144415
-0.134861
-0.116347
-0.115699
-0.06569
0.00195579
-0.0964278
-0.0386801
0.0321782
-0.0667991
-0.00239544
0.0683924
0.07883
0.139886
0.175654
0.105573
0.157421
0.181259
0.133625
0.172366
0.182097
0.159939
0.181496
0.175687
0.176951
0.180927
0.161875
0.182435
0.170152
0.14129
-0.023412
0.0440218
0.109053
0.0271988
0.0911617
0.144314
0.0814388
0.134534
0.170293
0.133302
0.167993
0.18225
0.167993
0.181988
0.176836
0.18225
0.176836
0.156921
0.173972
0.148735
0.114638
0.153791
0.121946
0.0878993
0.125656
0.0929194
0.0628345
0.0929925
0.0641951
0.04071
0.0641951
0.0416753
0.0249338
0.0407099
0.0249338
0.0141071
0.173972
0.153791
0.125656
0.148735
0.121945
0.0929193
0.114638
0.0878992
0.0628344
-0.115699
-0.0964275
-0.0667989
-0.0656896
-0.0386797
-0.00239506
0.00195644
0.0321788
0.0683928
-0.0234118
0.0271989
0.0814388
0.0440221
0.0911619
0.134535
0.109053
0.144314
0.170293
0.159939
0.176951
0.182435
0.181496
0.180927
0.170151
0.175687
0.161875
0.141289
0.0788307
0.105573
0.133626
0.139887
0.157422
0.172367
0.175655
0.181259
0.182097
-0.121883
-0.12761
-0.136861
-0.12761
-0.134143
-0.143014
-0.136861
-0.143014
-0.149491
-0.147153
-0.151891
-0.144415
-0.150731
-0.150233
-0.13486
-0.151591
-0.142523
-0.116347
-0.143948
-0.122621
-0.0834667
-0.122621
-0.0883979
-0.0382781
-0.0834669
-0.0382782
0.0179744
-0.147153
-0.150731
-0.151591
-0.151891
-0.150233
-0.142523
-0.144415
-0.134861
-0.116347
-0.115699
-0.0656895
0.0019565
-0.0964274
-0.0386795
0.032179
-0.0667987
-0.00239485
0.068393
0.0788308
0.139887
0.175655
0.105574
0.157422
0.181259
0.133626
0.172367
0.182097
0.159939
0.181496
0.175687
0.176951
0.180927
0.161875
0.182435
0.170151
0.141289
-0.0234116
0.0440224
0.109054
0.0271991
0.091162
0.144314
0.081439
0.134535
0.170293
0.133302
0.167993
0.18225
0.167993
0.181988
0.176836
0.18225
0.176836
0.156921
0.173972
0.148735
0.114638
0.153791
0.121946
0.0878994
0.125656
0.0929196
0.0628346
0.0929927
0.0641954
0.0407102
0.0641954
0.0416756
0.024934
0.0407102
0.024934
0.0141073
0.173972
0.153791
0.125656
0.148736
0.121946
0.0929197
0.114638
0.0878996
0.0628348
-0.115699
-0.0964278
-0.0667991
-0.0656902
-0.0386802
-0.00239543
0.00195562
0.0321781
0.0683923
-0.0234119
0.0271989
0.0814388
0.0440219
0.0911617
0.134534
0.109053
0.144314
0.170293
0.159939
0.176951
0.182435
0.181496
0.180927
0.170152
0.175687
0.161875
0.14129
0.0788298
0.105573
0.133625
0.139886
0.157421
0.172366
0.175654
0.181259
0.182097
-0.121883
-0.12761
-0.136861
-0.12761
-0.134143
-0.143014
-0.136861
-0.143014
-0.149491
-0.147153
-0.151891
-0.144415
-0.150731
-0.150233
-0.134861
-0.151591
-0.142523
-0.116348
-0.143948
-0.122622
-0.0834676
-0.122622
-0.0883988
-0.0382793
-0.0834676
-0.0382793
0.017973
-0.147153
-0.150731
-0.151591
-0.151891
-0.150233
-0.142523
-0.144415
-0.134861
-0.116348
-0.115699
-0.0656903
0.00195545
-0.0964281
-0.0386806
0.0321777
-0.0667997
-0.00239616
0.0683916
0.0788296
0.139886
0.175654
0.105572
0.157421
0.181259
0.133625
0.172366
0.182097
0.159939
0.181496
0.175687
0.176951
0.180928
0.161875
0.182435
0.170152
0.14129
-0.0234129
0.0440209
0.109052
0.0271977
0.0911606
0.144313
0.0814376
0.134534
0.170293
0.1333
0.167993
0.18225
0.167993
0.181988
0.176836
0.18225
0.176836
0.156921
0.173973
0.148736
0.114639
0.153792
0.121947
0.0879004
0.125657
0.0929206
0.0628355
0.0929937
0.0641962
0.0407108
0.0641962
0.0416762
0.0249345
0.0407108
0.0249345
0.0141076
0.173973
0.153792
0.125657
0.148736
0.121947
0.0929206
0.114639
0.0879004
0.0628355
-0.115699
-0.0964281
-0.0667997
-0.0656903
-0.0386806
-0.00239616
0.00195545
0.0321777
0.0683916
-0.0234129
0.0271977
0.0814376
0.0440209
0.0911606
0.134534
0.109052
0.144313
0.170293
0.159939
0.176951
0.182435
0.181496
0.180928
0.170152
0.175687
0.161875
0.14129
0.0788296
0.105572
0.133625
0.139886
0.157421
0.172366
0.175654
0.181259
0.182097
-0.121883
-0.12761
-0.136861
-0.12761
-0.134143
-0.143014
-0.136861
-0.143014
-0.149491
-0.147153
-0.151891
-0.144415
-0.150731
-0.150233
-0.134861
-0.151591
-0.142523
-0.116347
-0.143948
-0.122621
-0.083467
-0.122621
-0.0883981
-0.0382785
-0.0834669
-0.0382784
0.017974
-0.147153
-0.150731
-0.151591
-0.151891
-0.150233
-0.142523
-0.144415
-0.13486
-0.116347
-0.115699
-0.0656902
0.00195558
-0.0964279
-0.0386802
0.032178
-0.0667992
-0.00239561
0.0683921
0.0788298
0.139886
0.175654
0.105573
0.157421
0.181259
0.133625
0.172366
0.182097
0.159939
0.181496
0.175687
0.176951
0.180927
0.161875
0.182435
0.170152
0.14129
-0.0234122
0.0440216
0.109053
0.0271985
0.0911614
0.144314
0.0814385
0.134534
0.170293
0.133301
0.167993
0.18225
0.167993
0.181988
0.176836
0.18225
0.176836
0.156921
0.173973
0.148736
0.114638
0.153792
0.121946
0.0879001
0.125657
0.0929202
0.0628353
0.0929933
0.0641959
0.0407106
0.0641959
0.041676
0.0249344
0.0407106
0.0249343
0.0141075
0.173972
0.153792
0.125657
0.148736
0.121946
0.0929201
0.114638
0.0878999
0.0628352
-0.115699
-0.0964275
-0.0667989
-0.0656895
-0.0386796
-0.00239508
0.00195645
0.0321788
0.0683928
-0.0234118
0.0271988
0.0814386
0.044022
0.0911617
0.134534
0.109053
0.144314
0.170293
0.159939
0.176951
0.182435
0.181496
0.180927
0.170152
0.175687
0.161875
0.14129
0.0788307
0.105573
0.133626
0.139887
0.157422
0.172367
0.175655
0.181259
0.182097
-0.121883
-0.12761
-0.136861
-0.12761
-0.134143
-0.143014
-0.136861
-0.143014
-0.149491
-0.147153
-0.151891
-0.144415
-0.150731
-0.150233
-0.134861
-0.151591
-0.142523
-0.116347
-0.143948
-0.122621
-0.0834669
-0.122621
-0.0883981
-0.0382783
-0.083467
-0.0382784
0.0179742
-0.147153
-0.150731
-0.151591
-0.151891
-0.150233
-0.142523
-0.144415
-0.134861
-0.116347
-0.115699
-0.0656896
0.00195644
-0.0964275
-0.0386797
0.0321788
-0.0667989
-0.00239506
0.0683928
0.0788307
0.139887
0.175655
0.105573
0.157422
0.181259
0.133626
0.172367
0.182097
0.159939
0.181496
0.175687
0.176951
0.180927
0.161875
0.182435
0.170151
0.141289
-0.0234118
0.0440221
0.109053
0.0271989
0.0911619
0.144314
0.0814388
0.134535
0.170293
0.133302
0.167993
0.18225
0.167993
0.181988
0.176836
0.18225
0.176836
0.156921
0.173972
0.148735
0.114638
0.153791
0.121945
0.0878992
0.125656
0.0929193
0.0628344
0.0929925
0.0641951
0.0407099
0.0641951
0.0416753
0.0249338
0.04071
0.0249338
0.0141071
0.173972
0.153791
0.125656
0.148735
0.121946
0.0929194
0.114638
0.0878993
0.0628345
-0.115699
-0.0964278
-0.0667991
-0.06569
-0.0386801
-0.00239544
0.00195579
0.0321782
0.0683924
-0.023412
0.0271988
0.0814388
0.0440218
0.0911617
0.134534
0.109053
0.144314
0.170293
0.159939
0.176951
0.182435
0.181496
0.180927
0.170152
0.175687
0.161875
0.14129
0.07883
0.105573
0.133625
0.139886
0.157421
0.172366
0.175654
0.181259
0.182097
0.180427
0.158682
0.122672
0.174651
0.146201
0.108188
0.16399
0.130148
0.0918374
0.0822375
0.0501821
0.0274848
0.0695131
0.0408389
0.0215668
0.0563545
0.0317758
0.0161368
0.0429405
0.0231241
0.0112421
0.031486
0.0162041
0.00754636
0.0218395
0.0107286
0.00477877
0.147121
0.110083
0.0736679
0.126558
0.0894416
0.0568303
0.103235
0.0688903
0.0415226
0.0129923
0.00574652
0.00229184
0.00982515
0.00419685
0.00161791
0.00706611
0.00290801
0.00108334
0.000782342
0.000248311
5.76621e-05
0.000530269
0.000164014
3.48339e-05
0.000341522
0.000101972
2.08763e-05
0.000201087
5.88923e-05
1.04207e-05
0.000115047
3.18711e-05
6.39328e-06
6.15166e-05
1.67843e-05
2.53477e-06
0.00470867
0.00186093
0.000667065
0.00302497
0.00114901
0.000395333
0.00183147
0.00066732
0.00022115
0.00100787
0.000351767
0.00011114
0.000535349
0.000179075
5.43046e-05
0.00026648
8.48898e-05
2.5149e-05
3.01153e-05
7.34516e-06
1.89516e-06
1.37414e-05
3.66505e-06
2.4464e-07
6.15368e-06
1.4451e-06
3.59164e-07
2.11563e-06
7.55741e-07
-2.51126e-07
1.00892e-06
1.29554e-07
1.58364e-07
2.16828e-07
9.6571e-08
-5.52264e-08
0.000118071
3.59072e-05
1.01866e-05
5.05644e-05
1.48529e-05
3.99027e-06
2.00881e-05
5.78799e-06
1.24227e-06
0.0781201
0.0490835
0.027972
0.0561721
0.0333561
0.01803
0.0377259
0.0211939
0.0108711
0.0139187
0.00650341
0.00276273
0.00850913
0.00379033
0.00153772
0.00486603
0.00206678
0.000800305
0.00250285
0.0010102
0.000373031
0.00123612
0.000476667
0.000167296
0.000568276
0.000207765
7.08966e-05
0.022932
0.0121666
0.00590757
0.0132478
0.00666324
0.00307614
0.00708037
0.00338326
0.00148416
0.00335534
0.00151801
0.000634168
0.00151801
0.000655378
0.000259233
0.000634167
0.000259233
9.9532e-05
0.00022958
8.01153e-05
2.58455e-05
8.95768e-05
2.99764e-05
9.22672e-06
3.23436e-05
1.04131e-05
2.85595e-06
1.01824e-05
3.03588e-06
8.52519e-07
3.03588e-06
9.35543e-07
2.41131e-07
8.52518e-07
2.41131e-07
-3.97384e-09
0.00022958
8.95767e-05
3.23436e-05
8.01151e-05
2.99764e-05
1.04131e-05
2.58455e-05
9.22671e-06
2.85595e-06
6.99377e-06
1.94059e-06
4.12845e-07
2.44798e-06
6.09684e-07
1.52847e-07
6.62989e-07
2.25804e-07
-5.76857e-09
1.59486e-07
-4.30937e-08
1.24054e-07
6.27607e-09
2.36532e-08
-4.52696e-08
-1.9993e-08
2.28314e-08
-1.1905e-09
-2.1888e-07
1.44272e-07
-1.8458e-07
1.19687e-07
-7.80876e-08
1.04423e-07
-7.98175e-08
5.70092e-08
-8.6921e-08
9.6171e-08
1.18803e-07
-1.18565e-07
1.2055e-07
-2.44319e-08
6.58389e-08
-1.11635e-07
6.3001e-08
-6.50401e-08
-2.35361e-07
1.28838e-07
-8.96655e-08
1.28838e-07
-7.28251e-08
5.35602e-08
-8.96653e-08
5.35601e-08
-2.93171e-08
1.51455e-07
-9.44812e-08
1.07135e-07
-8.92153e-08
5.69638e-08
-6.77587e-08
1.07692e-07
-6.89895e-08
8.52021e-08
4.80219e-08
-2.78275e-08
3.8641e-08
-2.78274e-08
1.55341e-08
-2.09044e-08
3.86409e-08
-2.09044e-08
2.63556e-08
1.51456e-07
-8.92155e-08
1.07692e-07
-9.44815e-08
5.69639e-08
-6.89896e-08
1.07136e-07
-6.77588e-08
8.52022e-08
6.99375e-06
2.44797e-06
6.62988e-07
1.94058e-06
6.09683e-07
2.25803e-07
4.12842e-07
1.52847e-07
-5.76817e-09
9.61704e-08
1.20551e-07
-1.11635e-07
1.18803e-07
-2.44321e-08
6.3001e-08
-1.18565e-07
6.58391e-08
-6.50401e-08
-2.1888e-07
1.19687e-07
-7.98173e-08
1.44272e-07
-7.80876e-08
5.7009e-08
-1.8458e-07
1.04423e-07
-8.69207e-08
1.59485e-07
6.27666e-09
-1.99931e-08
-4.30923e-08
2.36525e-08
2.28317e-08
1.24053e-07
-4.52688e-08
-1.1911e-09
0.180427
0.174651
0.16399
0.158682
0.146201
0.130147
0.122672
0.108188
0.091837
0.147121
0.126557
0.103235
0.110083
0.0894413
0.0688901
0.0736677
0.0568301
0.0415224
0.0429403
0.0314858
0.0218394
0.023124
0.0162041
0.0107286
0.0112421
0.00754632
0.00477874
0.0822371
0.0695127
0.0563542
0.0501818
0.0408386
0.0317756
0.0274846
0.0215667
0.0161367
0.07812
0.056172
0.0377258
0.0490834
0.033356
0.0211938
0.0279719
0.0180299
0.0108711
0.022932
0.0132477
0.00708037
0.0121666
0.00666323
0.00338326
0.00590755
0.00307613
0.00148415
0.00250284
0.00123611
0.000568275
0.0010102
0.000476665
0.000207764
0.000373029
0.000167295
7.08964e-05
0.0139187
0.0085091
0.00486601
0.00650338
0.00379031
0.00206677
0.00276272
0.00153771
0.000800302
0.00100786
0.000535346
0.000266479
0.000351765
0.000179074
8.48895e-05
0.00011114
5.43044e-05
2.51489e-05
0.00011807
5.05642e-05
2.00881e-05
3.59071e-05
1.48529e-05
5.78798e-06
1.01865e-05
3.99025e-06
1.24226e-06
2.11563e-06
1.00892e-06
2.16829e-07
7.55737e-07
1.29556e-07
9.65691e-08
-2.51122e-07
1.58361e-07
-5.52235e-08
3.01151e-05
1.37413e-05
6.15365e-06
7.34513e-06
3.66504e-06
1.4451e-06
1.89515e-06
2.44641e-07
3.59157e-07
0.0129921
0.00982508
0.00706606
0.00574646
0.00419681
0.00290799
0.00229181
0.00161789
0.00108333
0.00470864
0.00302495
0.00183146
0.00186092
0.001149
0.000667316
0.00066706
0.00039533
0.000221149
0.000201086
0.000115047
6.15162e-05
5.88918e-05
3.18709e-05
1.67843e-05
1.04207e-05
6.39324e-06
2.53476e-06
0.000782333
0.000530263
0.000341519
0.000248308
0.000164012
0.000101971
5.76614e-05
3.48335e-05
2.08762e-05
0.180427
0.158682
0.122672
0.174651
0.146201
0.108188
0.16399
0.130147
0.0918371
0.0822371
0.0501818
0.0274846
0.0695127
0.0408386
0.0215667
0.0563543
0.0317756
0.0161367
0.0429404
0.023124
0.0112421
0.0314859
0.0162041
0.00754634
0.0218395
0.0107286
0.00477876
0.147121
0.110083
0.0736677
0.126557
0.0894414
0.0568301
0.103235
0.0688902
0.0415225
0.0129921
0.00574646
0.00229182
0.00982508
0.00419681
0.00161789
0.00706606
0.00290799
0.00108333
0.000782333
0.000248308
5.76614e-05
0.000530264
0.000164012
3.48336e-05
0.00034152
0.000101971
2.08762e-05
0.000201086
5.8892e-05
1.04207e-05
0.000115047
3.18711e-05
6.39327e-06
6.15166e-05
1.67844e-05
2.53479e-06
0.00470865
0.00186092
0.000667062
0.00302496
0.00114901
0.000395332
0.00183147
0.00066732
0.00022115
0.00100787
0.000351768
0.000111141
0.000535352
0.000179076
5.4305e-05
0.000266483
8.48907e-05
2.51493e-05
3.01154e-05
7.34523e-06
1.89515e-06
1.37415e-05
3.66507e-06
2.44661e-07
6.15373e-06
1.44514e-06
3.59143e-07
2.1157e-06
7.55737e-07
-2.51107e-07
1.00893e-06
1.29569e-07
1.58352e-07
2.16848e-07
9.65643e-08
-5.52133e-08
0.000118072
3.59077e-05
1.01867e-05
5.05653e-05
1.48532e-05
3.99036e-06
2.00886e-05
5.78815e-06
1.24229e-06
0.0781201
0.0490835
0.027972
0.0561722
0.0333561
0.01803
0.037726
0.021194
0.0108712
0.0139187
0.00650342
0.00276274
0.00850916
0.00379034
0.00153773
0.00486606
0.00206679
0.000800311
0.00250287
0.00101021
0.000373035
0.00123613
0.000476674
0.000167298
0.000568287
0.000207769
7.08981e-05
0.0229322
0.0121667
0.00590762
0.0132479
0.00666331
0.00307618
0.00708047
0.00338331
0.00148418
0.00335541
0.00151804
0.000634183
0.00151806
0.000655401
0.000259243
0.000634195
0.000259245
9.95371e-05
0.000229586
8.01177e-05
2.58463e-05
8.95804e-05
2.99777e-05
9.22716e-06
3.23453e-05
1.04137e-05
2.85611e-06
1.01831e-05
3.03611e-06
8.52579e-07
3.03615e-06
9.35625e-07
2.41157e-07
8.52603e-07
2.4116e-07
-3.96961e-09
0.000229594
8.95824e-05
3.23457e-05
8.01212e-05
2.99787e-05
1.0414e-05
2.58478e-05
9.22762e-06
2.85622e-06
6.994e-06
1.94066e-06
4.12861e-07
2.44809e-06
6.09717e-07
1.52852e-07
6.63039e-07
2.25814e-07
-5.76195e-09
1.59479e-07
-4.30838e-08
1.24044e-07
6.28471e-09
2.3648e-08
-4.52622e-08
-1.99977e-08
2.28361e-08
-1.19764e-09
-2.18871e-07
1.44267e-07
-1.84573e-07
1.19682e-07
-7.80836e-08
1.04418e-07
-7.98086e-08
5.70031e-08
-8.69132e-08
9.61686e-08
1.18818e-07
-1.18574e-07
1.20568e-07
-2.4438e-08
6.5846e-08
-1.11644e-07
6.30078e-08
-6.50451e-08
-2.35344e-07
1.28827e-07
-8.96511e-08
1.28827e-07
-7.28177e-08
5.35512e-08
-8.96501e-08
5.35509e-08
-2.93072e-08
1.51463e-07
-9.44855e-08
1.07141e-07
-8.9219e-08
5.69657e-08
-6.77611e-08
1.07693e-07
-6.89898e-08
8.52027e-08
4.80128e-08
-2.78221e-08
3.86344e-08
-2.78219e-08
1.55309e-08
-2.09005e-08
3.86339e-08
-2.09003e-08
2.63508e-08
1.51466e-07
-8.92201e-08
1.07694e-07
-9.44871e-08
5.69663e-08
-6.89902e-08
1.07143e-07
-6.77622e-08
8.52033e-08
6.99454e-06
2.44824e-06
6.63084e-07
1.94082e-06
6.09773e-07
2.25822e-07
4.12918e-07
1.52861e-07
-5.75183e-09
9.61685e-08
1.20574e-07
-1.11647e-07
1.18827e-07
-2.44406e-08
6.30104e-08
-1.18579e-07
6.58496e-08
-6.50474e-08
-2.18867e-07
1.19679e-07
-7.98047e-08
1.44263e-07
-7.80816e-08
5.70001e-08
-1.84569e-07
1.04416e-07
-8.69091e-08
1.5947e-07
6.29746e-09
-2.00026e-08
-4.30643e-08
2.36409e-08
2.28418e-08
1.24023e-07
-4.52507e-08
-1.20722e-09
0.180427
0.174651
0.163991
0.158682
0.146201
0.130148
0.122673
0.108189
0.0918377
0.147122
0.126558
0.103235
0.110084
0.089442
0.0688907
0.0736683
0.0568307
0.041523
0.0429409
0.0314863
0.0218398
0.0231244
0.0162044
0.0107288
0.0112423
0.00754651
0.00477889
0.0822377
0.0695133
0.0563548
0.0501822
0.0408391
0.031776
0.0274849
0.021567
0.0161369
0.0781205
0.0561725
0.0377262
0.0490839
0.0333564
0.0211942
0.0279724
0.0180303
0.0108713
0.0229323
0.0132479
0.0070805
0.0121668
0.00666339
0.00338336
0.00590772
0.00307624
0.00148421
0.00250294
0.00123617
0.000568306
0.00101025
0.000476693
0.000207778
0.000373052
0.000167307
7.09022e-05
0.013919
0.00850934
0.00486617
0.00650358
0.00379045
0.00206686
0.00276282
0.00153778
0.000800343
0.00100791
0.000535375
0.000266496
0.000351784
0.000179085
8.4896e-05
0.000111147
5.43085e-05
2.51511e-05
0.000118079
5.05687e-05
2.009e-05
3.59103e-05
1.48544e-05
5.78868e-06
1.01876e-05
3.99076e-06
1.24243e-06
2.11596e-06
1.00901e-06
2.16906e-07
7.55773e-07
1.29612e-07
9.65596e-08
-2.51064e-07
1.58333e-07
-5.51894e-08
3.01173e-05
1.37426e-05
6.15422e-06
7.34584e-06
3.66536e-06
1.44531e-06
1.89523e-06
2.44745e-07
3.59128e-07
0.0129923
0.00982524
0.0070662
0.00574655
0.00419689
0.00290806
0.00229185
0.00161793
0.00108336
0.00470876
0.00302504
0.00183153
0.00186098
0.00114905
0.000667346
0.000667084
0.000395348
0.00022116
0.000201094
0.000115053
6.15201e-05
5.88946e-05
3.18728e-05
1.67854e-05
1.04212e-05
6.39362e-06
2.53504e-06
0.000782348
0.000530277
0.00034153
0.000248313
0.000164017
0.000101975
5.76627e-05
3.48346e-05
2.0877e-05
0.180427
0.158682
0.122673
0.174651
0.146202
0.108189
0.163991
0.130148
0.091838
0.0822378
0.0501823
0.027485
0.0695135
0.0408392
0.021567
0.0563551
0.0317762
0.016137
0.0429412
0.0231246
0.0112424
0.0314866
0.0162046
0.0075466
0.0218401
0.010729
0.00477896
0.147122
0.110084
0.0736687
0.126558
0.0894425
0.0568311
0.103236
0.0688913
0.0415234
0.0129923
0.00574656
0.00229186
0.00982528
0.00419691
0.00161793
0.00706625
0.00290808
0.00108337
0.00078235
0.000248314
5.76628e-05
0.00053028
0.000164018
3.48348e-05
0.000341533
0.000101976
2.08773e-05
0.000201097
5.88955e-05
1.04214e-05
0.000115055
3.18735e-05
6.39377e-06
6.15216e-05
1.67858e-05
2.53515e-06
0.00470881
0.001861
0.000667092
0.00302509
0.00114906
0.000395355
0.00183156
0.00066736
0.000221165
0.00100793
0.000351793
0.00011115
0.00053539
0.000179091
5.43103e-05
0.000266505
8.4899e-05
2.51521e-05
3.01182e-05
7.34611e-06
1.89528e-06
1.37431e-05
3.66548e-06
2.44785e-07
6.15447e-06
1.4454e-06
3.59123e-07
2.1161e-06
7.55792e-07
-2.51047e-07
1.00905e-06
1.29633e-07
1.58325e-07
2.16935e-07
9.65574e-08
-5.51784e-08
0.000118084
3.59119e-05
1.0188e-05
5.05709e-05
1.48551e-05
3.99097e-06
2.00911e-05
5.789e-06
1.24251e-06
0.0781212
0.0490844
0.0279727
0.0561731
0.0333569
0.0180306
0.0377267
0.0211945
0.0108716
0.0139192
0.00650369
0.00276288
0.0085095
0.00379053
0.00153782
0.00486628
0.00206691
0.000800367
0.00250301
0.00101028
0.000373065
0.00123621
0.00047671
0.000167314
0.000568326
0.000207786
7.09054e-05
0.0229327
0.012167
0.00590786
0.0132482
0.00666354
0.00307632
0.00708066
0.00338345
0.00148426
0.00335552
0.00151811
0.00063422
0.00151811
0.000655432
0.000259259
0.00063422
0.000259259
9.95435e-05
0.000229604
8.01251e-05
2.58492e-05
8.95875e-05
2.99805e-05
9.22822e-06
3.2348e-05
1.04148e-05
2.85645e-06
1.0184e-05
3.03642e-06
8.5268e-07
3.03642e-06
9.35719e-07
2.41185e-07
8.52681e-07
2.41184e-07
-3.95878e-09
0.000229604
8.95875e-05
3.2348e-05
8.01252e-05
2.99806e-05
1.04148e-05
2.58492e-05
9.22824e-06
2.85645e-06
6.99496e-06
1.94094e-06
4.12953e-07
2.44841e-06
6.09823e-07
1.52869e-07
6.6315e-07
2.25834e-07
-5.74195e-09
1.59467e-07
-4.30549e-08
1.24014e-07
6.30497e-09
2.36373e-08
-4.52452e-08
-2.0004e-08
2.28446e-08
-1.21155e-09
-2.18859e-07
1.44258e-07
-1.84564e-07
1.19675e-07
-7.80786e-08
1.04412e-07
-7.97997e-08
5.69966e-08
-8.69048e-08
9.61794e-08
1.18836e-07
-1.18581e-07
1.20585e-07
-2.44423e-08
6.58524e-08
-1.11647e-07
6.30126e-08
-6.50484e-08
-2.3533e-07
1.2882e-07
-8.96417e-08
1.2882e-07
-7.28133e-08
5.35461e-08
-8.96421e-08
5.35462e-08
-2.93027e-08
1.51468e-07
-9.44882e-08
1.07145e-07
-8.9221e-08
5.69667e-08
-6.77629e-08
1.07693e-07
-6.89897e-08
8.52031e-08
4.80074e-08
-2.78188e-08
3.86303e-08
-2.78187e-08
1.5529e-08
-2.08981e-08
3.86302e-08
-2.08981e-08
2.63481e-08
1.51469e-07
-8.92212e-08
1.07693e-07
-9.44889e-08
5.6967e-08
-6.89898e-08
1.07146e-07
-6.77635e-08
8.52036e-08
6.99498e-06
2.44841e-06
6.6315e-07
1.94095e-06
6.09825e-07
2.25834e-07
4.12954e-07
1.52869e-07
-5.74067e-09
9.61782e-08
1.20586e-07
-1.11648e-07
1.18837e-07
-2.44426e-08
6.30129e-08
-1.18581e-07
6.58524e-08
-6.50482e-08
-2.18857e-07
1.19674e-07
-7.97977e-08
1.44257e-07
-7.80778e-08
5.69952e-08
-1.84563e-07
1.04412e-07
-8.69035e-08
1.59464e-07
6.30631e-09
-2.00042e-08
-4.30523e-08
2.36362e-08
2.28454e-08
1.24011e-07
-4.52436e-08
-1.21317e-09
0.180427
0.174651
0.163991
0.158682
0.146202
0.130148
0.122673
0.108189
0.0918381
0.147122
0.126558
0.103236
0.110084
0.0894425
0.0688913
0.0736687
0.0568311
0.0415234
0.0429412
0.0314866
0.0218401
0.0231246
0.0162046
0.010729
0.0112424
0.00754661
0.00477897
0.0822378
0.0695135
0.0563551
0.0501823
0.0408392
0.0317762
0.027485
0.021567
0.016137
0.0781212
0.0561731
0.0377267
0.0490845
0.0333569
0.0211945
0.0279727
0.0180306
0.0108716
0.0229327
0.0132482
0.00708066
0.012167
0.00666354
0.00338345
0.00590786
0.00307632
0.00148426
0.00250301
0.00123621
0.000568326
0.00101028
0.00047671
0.000207787
0.000373066
0.000167314
7.09056e-05
0.0139192
0.0085095
0.00486629
0.0065037
0.00379053
0.00206691
0.00276288
0.00153782
0.000800368
0.00100793
0.000535392
0.000266506
0.000351794
0.000179092
8.48994e-05
0.00011115
5.43106e-05
2.51522e-05
0.000118084
5.05711e-05
2.00911e-05
3.5912e-05
1.48552e-05
5.78903e-06
1.01881e-05
3.991e-06
1.24252e-06
2.11612e-06
1.00906e-06
2.1694e-07
7.55794e-07
1.29636e-07
9.65569e-08
-2.51041e-07
1.58323e-07
-5.51763e-08
3.01183e-05
1.37432e-05
6.1545e-06
7.34616e-06
3.66551e-06
1.44541e-06
1.89528e-06
2.44792e-07
3.59121e-07
0.0129923
0.00982528
0.00706626
0.00574656
0.00419691
0.00290808
0.00229186
0.00161794
0.00108337
0.00470881
0.00302509
0.00183156
0.001861
0.00114907
0.000667361
0.000667094
0.000395356
0.000221166
0.000201098
0.000115055
6.15219e-05
5.88957e-05
3.18736e-05
1.67859e-05
1.04215e-05
6.3938e-06
2.53517e-06
0.00078235
0.00053028
0.000341534
0.000248314
0.000164018
0.000101976
5.76629e-05
3.48349e-05
2.08774e-05
0.180427
0.158682
0.122673
0.174651
0.146201
0.108189
0.163991
0.130148
0.0918378
0.0822377
0.0501823
0.0274849
0.0695134
0.0408391
0.021567
0.0563549
0.0317761
0.016137
0.042941
0.0231244
0.0112423
0.0314864
0.0162044
0.00754653
0.0218399
0.0107289
0.00477891
0.147122
0.110084
0.0736685
0.126558
0.0894422
0.0568308
0.103236
0.0688909
0.0415232
0.0129923
0.00574655
0.00229185
0.00982525
0.0041969
0.00161793
0.00706621
0.00290806
0.00108336
0.000782348
0.000248313
5.76627e-05
0.000530277
0.000164017
3.48346e-05
0.000341531
0.000101975
2.0877e-05
0.000201094
5.88946e-05
1.04212e-05
0.000115053
3.18729e-05
6.39362e-06
6.15202e-05
1.67854e-05
2.53505e-06
0.00470877
0.00186098
0.000667085
0.00302505
0.00114905
0.000395349
0.00183153
0.000667349
0.000221161
0.00100791
0.000351786
0.000111147
0.000535379
0.000179086
5.43087e-05
0.000266499
8.48965e-05
2.51513e-05
3.01174e-05
7.34586e-06
1.89523e-06
1.37426e-05
3.66536e-06
2.4475e-07
6.15423e-06
1.44532e-06
3.59123e-07
2.11598e-06
7.55772e-07
-2.51061e-07
1.00901e-06
1.29615e-07
1.58331e-07
2.16911e-07
9.65576e-08
-5.51866e-08
0.00011808
3.59106e-05
1.01876e-05
5.05693e-05
1.48545e-05
3.99079e-06
2.00903e-05
5.78875e-06
1.24243e-06
0.0781209
0.0490842
0.0279725
0.0561729
0.0333567
0.0180304
0.0377265
0.0211944
0.0108714
0.0139191
0.00650361
0.00276284
0.0085094
0.00379047
0.00153779
0.00486622
0.00206687
0.00080035
0.00250297
0.00101026
0.000373056
0.00123619
0.000476699
0.000167309
0.000568315
0.000207781
7.09033e-05
0.0229326
0.0121669
0.00590779
0.0132481
0.00666348
0.00307628
0.00708062
0.00338342
0.00148424
0.00335548
0.00151808
0.000634207
0.00151807
0.000655413
0.00025925
0.000634196
0.000259248
9.95389e-05
0.000229598
8.01225e-05
2.58482e-05
8.9584e-05
2.99792e-05
9.22776e-06
3.23463e-05
1.04142e-05
2.85626e-06
1.01833e-05
3.0362e-06
8.52614e-07
3.03616e-06
9.35637e-07
2.41164e-07
8.5259e-07
2.4116e-07
-3.96956e-09
0.000229591
8.95821e-05
3.23459e-05
8.01191e-05
2.99782e-05
1.04139e-05
2.58467e-05
9.22731e-06
2.85615e-06
6.99464e-06
1.94084e-06
4.12922e-07
2.44827e-06
6.09781e-07
1.52862e-07
6.63093e-07
2.25824e-07
-5.75096e-09
1.59468e-07
-4.30625e-08
1.24021e-07
6.29887e-09
2.364e-08
-4.52498e-08
-2.0003e-08
2.28425e-08
-1.20802e-09
-2.18865e-07
1.44262e-07
-1.84568e-07
1.19678e-07
-7.80808e-08
1.04415e-07
-7.98033e-08
5.69992e-08
-8.69082e-08
9.61684e-08
1.18829e-07
-1.1858e-07
1.20576e-07
-2.44412e-08
6.585e-08
-1.11648e-07
6.3011e-08
-6.50476e-08
-2.35342e-07
1.28826e-07
-8.96495e-08
1.28827e-07
-7.28174e-08
5.35505e-08
-8.96503e-08
5.35507e-08
-2.93068e-08
1.51466e-07
-9.44873e-08
1.07144e-07
-8.92202e-08
5.69664e-08
-6.77623e-08
1.07694e-07
-6.89902e-08
8.52035e-08
4.80128e-08
-2.78218e-08
3.86338e-08
-2.78221e-08
1.55309e-08
-2.09003e-08
3.86344e-08
-2.09005e-08
2.63507e-08
1.51463e-07
-8.92189e-08
1.07693e-07
-9.44852e-08
5.69656e-08
-6.89898e-08
1.0714e-07
-6.7761e-08
8.52026e-08
6.99412e-06
2.44812e-06
6.63051e-07
1.94068e-06
6.09726e-07
2.25815e-07
4.12867e-07
1.52853e-07
-5.76104e-09
9.6169e-08
1.2057e-07
-1.11644e-07
1.1882e-07
-2.44386e-08
6.30083e-08
-1.18575e-07
6.58469e-08
-6.50457e-08
-2.18871e-07
1.19682e-07
-7.98091e-08
1.44267e-07
-7.80837e-08
5.70034e-08
-1.84573e-07
1.04418e-07
-8.69135e-08
1.59479e-07
6.28537e-09
-1.99977e-08
-4.30832e-08
2.36479e-08
2.28359e-08
1.24043e-07
-4.52619e-08
-1.19743e-09
0.180427
0.174651
0.16399
0.158682
0.146201
0.130147
0.122672
0.108188
0.0918372
0.147121
0.126558
0.103235
0.110083
0.0894417
0.0688905
0.0736679
0.0568303
0.0415228
0.0429405
0.031486
0.0218396
0.0231241
0.0162042
0.0107287
0.0112421
0.00754637
0.00477879
0.0822371
0.0695128
0.0563544
0.0501818
0.0408387
0.0317757
0.0274846
0.0215667
0.0161367
0.0781206
0.0561726
0.0377264
0.0490838
0.0333564
0.0211942
0.0279722
0.0180302
0.0108713
0.0229325
0.0132481
0.0070806
0.0121668
0.00666341
0.00338338
0.0059077
0.00307623
0.00148421
0.00250291
0.00123615
0.000568297
0.00101023
0.000476681
0.000207772
0.00037304
0.000167301
7.08993e-05
0.0139188
0.00850924
0.00486611
0.00650347
0.00379038
0.00206681
0.00276276
0.00153774
0.000800319
0.00100787
0.000535356
0.000266485
0.00035177
0.000179077
8.48914e-05
0.000111141
5.43053e-05
2.51495e-05
0.000118074
5.0566e-05
2.00889e-05
3.59081e-05
1.48534e-05
5.78822e-06
1.01868e-05
3.9904e-06
1.2423e-06
2.11571e-06
1.00894e-06
2.16853e-07
7.55739e-07
1.29571e-07
9.65641e-08
-2.51105e-07
1.58351e-07
-5.52127e-08
3.01155e-05
1.37416e-05
6.15376e-06
7.34525e-06
3.66508e-06
1.44514e-06
1.89515e-06
2.44663e-07
3.59143e-07
0.0129921
0.00982509
0.00706608
0.00574647
0.00419682
0.00290799
0.00229182
0.00161789
0.00108333
0.00470866
0.00302497
0.00183148
0.00186093
0.00114901
0.000667323
0.000667063
0.000395333
0.000221151
0.000201087
0.000115048
6.15168e-05
5.88921e-05
3.18711e-05
1.67844e-05
1.04207e-05
6.39328e-06
2.5348e-06
0.000782334
0.000530264
0.00034152
0.000248308
0.000164012
0.000101971
5.76614e-05
3.48336e-05
2.08762e-05
0.180427
0.158682
0.122672
0.174651
0.146201
0.108188
0.16399
0.130147
0.091837
0.0822371
0.0501818
0.0274846
0.0695127
0.0408386
0.0215667
0.0563542
0.0317756
0.0161367
0.0429403
0.023124
0.0112421
0.0314858
0.0162041
0.00754632
0.0218394
0.0107286
0.00477874
0.147121
0.110083
0.0736677
0.126557
0.0894413
0.0568301
0.103235
0.0688901
0.0415224
0.0129921
0.00574646
0.00229181
0.00982508
0.00419681
0.00161789
0.00706606
0.00290799
0.00108333
0.000782333
0.000248308
5.76614e-05
0.000530263
0.000164012
3.48335e-05
0.000341519
0.000101971
2.08762e-05
0.000201086
5.88918e-05
1.04207e-05
0.000115047
3.18709e-05
6.39324e-06
6.15162e-05
1.67843e-05
2.53476e-06
0.00470864
0.00186092
0.00066706
0.00302495
0.001149
0.00039533
0.00183146
0.000667316
0.000221149
0.00100786
0.000351765
0.00011114
0.000535346
0.000179074
5.43044e-05
0.000266479
8.48895e-05
2.51489e-05
3.01151e-05
7.34514e-06
1.89515e-06
1.37413e-05
3.66504e-06
2.44642e-07
6.15365e-06
1.4451e-06
3.59157e-07
2.11563e-06
7.55736e-07
-2.51121e-07
1.00892e-06
1.29556e-07
1.58361e-07
2.1683e-07
9.65688e-08
-5.5223e-08
0.00011807
3.59071e-05
1.01865e-05
5.05642e-05
1.48529e-05
3.99025e-06
2.00881e-05
5.78798e-06
1.24226e-06
0.07812
0.0490834
0.0279719
0.056172
0.033356
0.0180299
0.0377258
0.0211938
0.0108711
0.0139187
0.00650338
0.00276272
0.0085091
0.00379031
0.00153771
0.00486601
0.00206677
0.000800302
0.00250284
0.0010102
0.000373029
0.00123611
0.000476665
0.000167295
0.000568275
0.000207764
7.08964e-05
0.022932
0.0121666
0.00590755
0.0132477
0.00666323
0.00307613
0.00708037
0.00338326
0.00148415
0.00335534
0.00151801
0.000634167
0.00151801
0.000655378
0.000259233
0.000634168
0.000259233
9.9532e-05
0.00022958
8.01151e-05
2.58455e-05
8.95767e-05
2.99764e-05
9.22671e-06
3.23436e-05
1.04131e-05
2.85595e-06
1.01824e-05
3.03588e-06
8.52519e-07
3.03588e-06
9.35543e-07
2.41131e-07
8.52519e-07
2.41131e-07
-3.97375e-09
0.00022958
8.95768e-05
3.23436e-05
8.01153e-05
2.99764e-05
1.04131e-05
2.58455e-05
9.22672e-06
2.85595e-06
6.99375e-06
1.94058e-06
4.12842e-07
2.44797e-06
6.09683e-07
1.52846e-07
6.62988e-07
2.25803e-07
-5.76798e-09
1.59484e-07
-4.30919e-08
1.24052e-07
6.27689e-09
2.36523e-08
-4.52685e-08
-1.99932e-08
2.28318e-08
-1.19131e-09
-2.18879e-07
1.44272e-07
-1.84579e-07
1.19687e-07
-7.80875e-08
1.04423e-07
-7.98172e-08
5.70089e-08
-8.69206e-08
9.61701e-08
1.18803e-07
-1.18565e-07
1.20551e-07
-2.44322e-08
6.58392e-08
-1.11636e-07
6.30011e-08
-6.50401e-08
-2.35361e-07
1.28838e-07
-8.96651e-08
1.28838e-07
-7.2825e-08
5.356e-08
-8.96653e-08
5.35601e-08
-2.93171e-08
1.51456e-07
-9.44814e-08
1.07135e-07
-8.92155e-08
5.69639e-08
-6.77588e-08
1.07692e-07
-6.89895e-08
8.52021e-08
4.80218e-08
-2.78274e-08
3.86408e-08
-2.78274e-08
1.55341e-08
-2.09044e-08
3.86409e-08
-2.09044e-08
2.63556e-08
1.51455e-07
-8.92153e-08
1.07692e-07
-9.44812e-08
5.69638e-08
-6.89895e-08
1.07135e-07
-6.77587e-08
8.52021e-08
6.99377e-06
2.44798e-06
6.62989e-07
1.94059e-06
6.09684e-07
2.25803e-07
4.12845e-07
1.52846e-07
-5.76842e-09
9.61706e-08
1.20551e-07
-1.11635e-07
1.18803e-07
-2.44321e-08
6.30011e-08
-1.18565e-07
6.5839e-08
-6.50402e-08
-2.1888e-07
1.19687e-07
-7.98174e-08
1.44272e-07
-7.80875e-08
5.70091e-08
-1.8458e-07
1.04423e-07
-8.69209e-08
1.59486e-07
6.27619e-09
-1.99932e-08
-4.30935e-08
2.36531e-08
2.28314e-08
1.24054e-07
-4.52695e-08
-1.19061e-09
0.180427
0.174651
0.16399
0.158682
0.146201
0.130148
0.122672
0.108188
0.0918374
0.147121
0.126558
0.103235
0.110083
0.0894416
0.0688903
0.0736679
0.0568303
0.0415226
0.0429405
0.031486
0.0218395
0.0231241
0.0162041
0.0107286
0.0112421
0.00754636
0.00477877
0.0822375
0.0695131
0.0563545
0.0501821
0.0408389
0.0317758
0.0274848
0.0215668
0.0161368
0.0781201
0.0561721
0.0377259
0.0490835
0.0333561
0.0211939
0.027972
0.01803
0.0108711
0.022932
0.0132478
0.00708037
0.0121666
0.00666324
0.00338326
0.00590757
0.00307614
0.00148416
0.00250285
0.00123612
0.000568276
0.0010102
0.000476667
0.000207765
0.000373031
0.000167296
7.08966e-05
0.0139187
0.00850913
0.00486603
0.00650341
0.00379033
0.00206678
0.00276273
0.00153772
0.000800305
0.00100787
0.000535349
0.00026648
0.000351767
0.000179075
8.48898e-05
0.00011114
5.43046e-05
2.5149e-05
0.000118071
5.05644e-05
2.00881e-05
3.59072e-05
1.48529e-05
5.78799e-06
1.01866e-05
3.99027e-06
1.24227e-06
2.11563e-06
1.00892e-06
2.16828e-07
7.55741e-07
1.29554e-07
9.65708e-08
-2.51126e-07
1.58364e-07
-5.52262e-08
3.01153e-05
1.37414e-05
6.15368e-06
7.34516e-06
3.66505e-06
1.4451e-06
1.89516e-06
2.4464e-07
3.59164e-07
0.0129923
0.00982515
0.00706611
0.00574652
0.00419685
0.00290801
0.00229184
0.00161791
0.00108334
0.00470867
0.00302497
0.00183147
0.00186093
0.00114901
0.00066732
0.000667065
0.000395333
0.00022115
0.000201087
0.000115047
6.15166e-05
5.88923e-05
3.18711e-05
1.67843e-05
1.04207e-05
6.39328e-06
2.53477e-06
0.000782342
0.000530269
0.000341522
0.000248311
0.000164014
0.000101972
5.76621e-05
3.48339e-05
2.08763e-05
