FiniteElementSpace
FiniteElementCollection: H1_2D_P4
VDim: 1
Ordering: 0

0.495912
0
0
0
0
0
0
0
0
0
0
-1.21329
0
0
-1.21328
0
0
-1.21329
0
0
-1.21329
0
0
-1.21328
0
0
0.301685
0.301688
0.301693
0.301692
0.301685
0.30591
0.642152
0.642154
0.305908
0.642153
0.64215
0.305911
0.642144
0.642144
0.305911
0.642147
0.642149
0.305908
0.642154
0.642152
0.587474
0
0.00265815
0
0
0.00265814
0
0.587471
0
0.00265824
0
0
0.00265845
0
0.587475
0
0.0026586
0
0
0.00265861
0
0.587475
0
0.00265851
0
0
0.00265829
0
0.587471
0
0.00265814
0
0
0.00265815
0
-1.60892
-1.60892
-1.60892
-1.60892
-1.60892
0.134694
0.000518443
0.134694
0.134694
0.000518441
0.134698
0.1347
0.000518433
0.1347
0.134698
0.000518441
0.134695
0.134694
0.000518443
0.134694
0.608345
-0.41813
-0.418132
0.608346
-1.31558
-0.350083
-1.04705
0.765562
0.765562
-1.04705
-0.350077
-1.31559
-0.418134
-0.418131
0.608345
-0.350076
-1.04705
0.765563
0.765564
-1.04705
-0.350086
-1.31558
-0.418124
-0.418124
0.608345
-0.350094
-1.04707
0.765568
0.765568
-1.04707
-0.350094
-1.31558
-0.41813
-0.418132
0.608346
-0.350089
-1.04706
0.765567
0.765566
-1.04706
-0.35008
-1.31559
-0.418132
-0.41813
-0.350077
-1.04705
0.765562
0.765562
-1.04705
-0.350083
0.647705
0.351045
0.631034
0.10313
0
0.00975866
0
0.000217543
0.0287255
0.0477029
0.000527904
0.000527909
0.0477029
0
3.03309e-05
0
0
3.03296e-05
0
0.000217548
0.631033
0.351043
0.647709
0.0287254
0
0.00975862
0
0.103129
0.351043
0.631034
0
0.00975868
0
0.00021757
0.0287257
0.0477036
0.000527969
0.000527987
0.0477047
0
3.03093e-05
0
0
3.03037e-05
0
0.000217607
0.631039
0.351048
0.647703
0.0287269
0
0.00975914
0
0.10313
0.35105
0.631042
0
0.00975935
0
0.000217623
0.0287277
0.0477061
0.000528014
0.00052802
0.0477061
0
3.02901e-05
0
0
3.02867e-05
0
0.000217629
0.631043
0.35105
0.647703
0.0287277
0
0.00975939
0
0.10313
0.351048
0.63104
0
0.00975916
0
0.000217614
0.0287271
0.0477054
0.000527998
0.000527973
0.0477044
0
3.03015e-05
0
0
3.03101e-05
0
0.000217568
0.631036
0.351044
0.647709
0.028726
0
0.00975871
0
0.103129
0.351043
0.631033
0
0.00975862
0
0.000217547
0.0287254
0.0477029
0.000527909
0.000527904
0.0477029
0
3.03296e-05
0
0
3.03308e-05
0
0.000217543
0.631034
0.351045
0.0287255
0
0.00975866
0
0.570825
-1.71705
0.473101
-1.71705
0.570824
-1.71705
0.473098
-1.71705
0.570826
-1.71705
0.473087
-1.71705
0.570824
-1.71705
0.473092
-1.71705
0.570825
-1.71705
0.473101
-1.71705
0.838872
0.0417278
0.00125164
0.249991
0.00349038
0.000441821
-0.000235056
0.000441821
0.838872
0.249991
0.00125164
0.0417275
0.838872
0.0417276
0.00125167
0.249993
0.00349066
0.000441816
-0.00023506
0.000441815
0.838872
0.249996
0.00125177
0.0417286
0.838872
0.041729
0.00125182
0.25
0.00349096
0.000441805
-0.000235057
0.000441804
0.838871
0.25
0.00125183
0.0417291
0.838872
0.0417287
0.00125178
0.249998
0.00349073
0.000441813
-0.00023506
0.000441816
0.838872
0.249995
0.00125168
0.0417276
0.838872
0.0417275
0.00125164
0.249991
0.00349038
0.000441821
-0.000235056
0.000441821
0.838872
0.249991
0.00125164
0.0417278
0.501726
0.53266
0.583245
0.617655
0.629477
0.60979
0.617655
0.629477
0.60979
0.501726
0.53266
0.583245
0.45763
0.605878
0.626693
0.241989
0.0545561
-0.229052
-0.145583
0.259759
0.501408
-1.45573
-1.0619
-0.629539
-1.45573
-1.0619
-0.629541
-0.145584
0.259759
0.501408
0.241986
0.0545538
-0.229054
0.457629
0.605877
0.626693
0.101265
-0.423237
-1.02681
-1.40158
-1.56392
-1.68756
-0.714024
-1.26274
-1.6424
-1.48514
-1.71854
-1.54587
-1.1081
-0.853591
-0.537233
-0.719896
-1.33961
-1.68681
0.51257
0.20181
-0.158565
0.444774
-0.0885724
-0.726426
-1.27379
-1.58004
-1.71266
-1.69993
-1.66063
-1.32406
-0.787186
-0.250035
0.253687
-0.787185
-0.250034
0.253688
-1.69993
-1.66063
-1.32406
0.739889
0.834855
0.812775
0.818581
0.820578
0.641347
0.378333
0.539527
0.696224
0.378333
0.539526
0.696223
0.81858
0.820578
0.641347
0.73989
0.834856
0.812775
0.444776
-0.08857
-0.726424
-0.714026
-1.26275
-1.64241
-1.40159
-1.56393
-1.68756
0.101262
-0.423242
-1.02681
-1.27379
-1.58004
-1.71266
0.512572
0.201814
-0.158559
-0.719891
-1.3396
-1.6868
-1.10809
-0.853584
-0.537226
-1.48513
-1.71854
-1.54587
0.617655
0.629477
0.60979
0.617655
0.629477
0.60979
0.501726
0.53266
0.583245
0.241986
0.0545526
-0.229056
-0.145586
0.259757
0.501407
-1.45573
-1.0619
-0.629543
-1.45573
-1.0619
-0.629541
-0.145584
0.259758
0.501407
0.241989
0.054556
-0.229053
0.457631
0.605878
0.626693
-1.40159
-1.56393
-1.68756
-0.714028
-1.26275
-1.64241
-1.10809
-0.853583
-0.537225
-0.71989
-1.3396
-1.6868
0.512571
0.201814
-0.158559
0.444774
-0.0885709
-0.726424
-1.27379
-1.58003
-1.71266
-1.69993
-1.66063
-1.32406
-0.787185
-0.250036
0.253685
-0.787188
-0.250038
0.253685
-1.69993
-1.66063
-1.32406
0.739889
0.834855
0.812776
0.818581
0.820577
0.641345
0.378336
0.539529
0.696225
0.378337
0.53953
0.696226
0.818582
0.820577
0.641345
0.739887
0.834855
0.812776
0.444771
-0.0885756
-0.726428
-0.714024
-1.26274
-1.6424
-1.40158
-1.56392
-1.68756
0.101266
-0.423235
-1.02681
-1.27379
-1.58004
-1.71266
0.512567
0.201807
-0.158568
-0.719899
-1.33961
-1.68681
-1.10811
-0.853594
-0.537236
-1.48514
-1.71854
-1.54587
0.617655
0.629477
0.60979
0.617655
0.629477
0.60979
0.501726
0.53266
0.583245
0.24199
0.054559
-0.229047
-0.145578
0.259762
0.50141
-1.45572
-1.06189
-0.629532
-1.45572
-1.06189
-0.629532
-0.145578
0.259762
0.50141
0.24199
0.054559
-0.229047
0.457631
0.605878
0.626693
-1.40158
-1.56392
-1.68756
-0.714017
-1.26274
-1.6424
-1.10811
-0.853598
-0.537242
-0.719907
-1.33961
-1.68681
0.512559
0.201798
-0.158576
0.444762
-0.0885884
-0.726442
-1.2738
-1.58004
-1.71267
-1.69993
-1.66063
-1.32407
-0.787202
-0.250053
0.253671
-0.787202
-0.250053
0.253671
-1.69993
-1.66063
-1.32407
0.739882
0.834854
0.812779
0.818584
0.820575
0.641336
0.378342
0.539535
0.696231
0.378342
0.539535
0.696231
0.818584
0.820575
0.641336
0.739882
0.834854
0.812779
0.444762
-0.0885884
-0.726442
-0.714017
-1.26274
-1.6424
-1.40158
-1.56392
-1.68756
0.101266
-0.423235
-1.02681
-1.2738
-1.58004
-1.71267
0.512559
0.201798
-0.158576
-0.719907
-1.33961
-1.68681
-1.10811
-0.853598
-0.537242
-1.48514
-1.71854
-1.54587
0.617655
0.629477
0.60979
0.617655
0.629477
0.60979
0.501726
0.53266
0.583245
0.241989
0.0545565
-0.229051
-0.145583
0.259759
0.501408
-1.45573
-1.0619
-0.629539
-1.45573
-1.0619
-0.629541
-0.145585
0.259758
0.501408
0.241986
0.0545533
-0.229054
0.457629
0.605877
0.626693
-1.40158
-1.56392
-1.68756
-0.714023
-1.26274
-1.6424
-1.10811
-0.853595
-0.537238
-0.719902
-1.33961
-1.68681
0.512563
0.201803
-0.158572
0.444766
-0.0885818
-0.726434
-1.2738
-1.58004
-1.71267
-1.69993
-1.66063
-1.32406
-0.787194
-0.250045
0.253678
-0.787192
-0.250044
0.253678
-1.69993
-1.66063
-1.32406
0.739884
0.834854
0.812778
0.818583
0.820576
0.64134
0.378341
0.539534
0.696229
0.378341
0.539534
0.696229
0.818583
0.820576
0.64134
0.739886
0.834855
0.812778
0.444769
-0.0885781
-0.726431
-0.714026
-1.26274
-1.64241
-1.40159
-1.56393
-1.68756
0.101262
-0.423242
-1.02681
-1.2738
-1.58004
-1.71266
0.512566
0.201808
-0.158564
-0.719894
-1.33961
-1.6868
-1.10809
-0.853585
-0.537229
-1.48513
-1.71854
-1.54587
0.617655
0.629477
0.60979
0.617655
0.629477
0.60979
0.241986
0.0545538
-0.229054
-0.145584
0.259759
0.501408
-1.45573
-1.0619
-0.629541
-1.45573
-1.0619
-0.629539
-0.145583
0.259759
0.501408
0.241989
0.0545561
-0.229052
-1.40159
-1.56393
-1.68756
-0.714026
-1.26275
-1.64241
-1.10809
-0.853584
-0.537226
-0.719891
-1.3396
-1.6868
0.512572
0.201814
-0.158559
0.444776
-0.08857
-0.726424
-1.27379
-1.58004
-1.71266
-1.69993
-1.66063
-1.32406
-0.787185
-0.250034
0.253688
-0.787186
-0.250035
0.253687
-1.69993
-1.66063
-1.32406
0.73989
0.834856
0.812775
0.81858
0.820578
0.641347
0.378333
0.539526
0.696223
0.378333
0.539527
0.696224
0.818581
0.820578
0.641347
0.739889
0.834855
0.812775
0.444774
-0.0885724
-0.726426
-0.714024
-1.26274
-1.6424
-1.40158
-1.56392
-1.68756
-1.27379
-1.58004
-1.71266
0.51257
0.20181
-0.158565
-0.719896
-1.33961
-1.68681
-1.1081
-0.853591
-0.537233
-0.873062
-0.163502
0.433313
0.69972
0.782709
0.831496
0.00314955
0.536005
0.804788
0.693798
0.829822
0.780456
0.551747
0.476709
0.395568
0.453405
0.658893
0.814369
0.164629
0.231662
0.30877
0.190281
0.336446
0.526588
0.692643
0.784555
0.833615
0.770119
0.836083
0.726739
0.476812
0.2874
0.152627
0.0909144
0.0692725
0.0505186
0.262604
0.137602
0.0637231
0.00830677
0.0277096
0.0685762
0
0
0
0.00196755
0.00909926
0.0248426
0
0
0
0.00025221
0.00183129
0.00561973
0.0131273
0.0219423
0.0332643
0.0916898
0.041204
0.0165076
0.00748417
0.00384851
0.00210071
0.0183949
0.00693234
0.00244329
0.107739
0.0674942
0.0398361
0
0
0
0.000153421
0.00013293
0.000752797
0
0
0
-0.000114166
8.95419e-05
-6.31968e-05
0.000140326
0.000402962
0.000826496
0.00205323
0.000534954
0.000250834
0.00521543
0.0106149
0.0211272
0.564418
0.432529
0.308111
0.68454
0.502951
0.327907
0.0453699
0.0963511
0.184961
0.00587863
0.0138806
0.0329468
0.0682805
0.120932
0.198651
0.234479
0.135139
0.0711729
0.0344804
0.0159008
0.00750527
0.0344803
0.0159008
0.00750527
0.234479
0.135139
0.0711728
0.00229287
0.000785702
0.00032021
0.000370854
0.000911015
0.00290971
-0.000179172
0.000155354
-7.74159e-05
-0.000179172
0.000155354
-7.74167e-05
0.000370853
0.000911015
0.00290971
0.00229286
0.000785701
0.000320208
0.00587862
0.0138806
0.0329468
-3.87893e-05
0.000116576
-0.000167579
-0.000114744
0.000169762
-0.000186609
0
0
0
-2.17119e-05
3.79692e-05
-8.5809e-05
0
0
0
-2.97324e-05
1.52721e-05
-5.95693e-06
-1.53e-05
2.30229e-05
-7.48538e-05
-0.000119872
5.53261e-05
-4.24563e-05
-8.69487e-06
-2.04443e-06
3.44275e-05
-8.69452e-06
-2.04455e-06
3.44276e-05
-0.000119872
5.53258e-05
-4.24558e-05
0
0
0
6.60386e-05
-6.03659e-05
9.73715e-05
0
0
0
0
0
0
6.60386e-05
-6.03659e-05
9.73715e-05
0
0
0
-2.97323e-05
1.52719e-05
-5.95656e-06
-0.000114746
0.000169763
-0.00018661
-3.87918e-05
0.000116577
-0.00016758
0.00205322
0.000534953
0.000250833
-1.52997e-05
2.30228e-05
-7.48537e-05
0
0
0
-2.17116e-05
3.79691e-05
-8.58087e-05
0
0
0
-0.000114167
8.95421e-05
-6.3198e-05
0.00315519
0.536008
0.804789
0.699723
0.782711
0.831496
-0.873052
-0.163493
0.433319
0.77012
0.836083
0.726738
0.692642
0.784554
0.833615
0.190281
0.336445
0.526587
0.164628
0.231661
0.308769
0.453403
0.658892
0.814368
0.551745
0.476707
0.395567
0.693796
0.829822
0.780458
0.68454
0.50295
0.327906
0.564417
0.432528
0.30811
0.0682804
0.120932
0.198651
0.00521542
0.0106149
0.0211271
0.0453697
0.0963508
0.18496
0.107738
0.067494
0.039836
0.0183949
0.00693231
0.00244328
0.00748414
0.0038485
0.0021007
0.0916894
0.0412038
0.0165075
0.000140326
0.00040296
0.000826497
0
0
0
0.00015342
0.000132929
0.000752796
0
0
0
0.000252212
0.00183128
0.00561971
0.262603
0.137601
0.0637227
0.0909136
0.069272
0.0505183
0.476809
0.287398
0.152625
0.0131272
0.0219422
0.0332641
0
0
0
0.00196753
0.0090992
0.0248424
0
0
0
0.00830667
0.0277093
0.0685756
0.699724
0.782711
0.831496
0.00315549
0.536008
0.804789
0.551745
0.476707
0.395567
0.453404
0.658892
0.814368
0.164629
0.231661
0.308769
0.190281
0.336446
0.526588
0.692643
0.784555
0.833615
0.77012
0.836083
0.726739
0.0909136
0.0692721
0.0505183
0.262603
0.137601
0.0637228
0
0
0
0.00196754
0.00909922
0.0248425
0
0
0
0.000252216
0.0018313
0.00561975
0.0131273
0.0219422
0.0332642
0.0916899
0.041204
0.0165076
0.00748419
0.00384854
0.00210072
0.0183951
0.00693241
0.00244332
0.107739
0.0674945
0.0398364
0
0
0
0.000153414
0.000132939
0.000752799
0
0
0
-0.000114165
8.95414e-05
-6.31968e-05
0.000140322
0.000402973
0.000826506
0.00205325
0.000534981
0.000250824
0.00521553
0.010615
0.0211274
0.564418
0.43253
0.308112
0.684542
0.502952
0.327908
0.0453702
0.0963517
0.184962
0.00587875
0.0138809
0.0329474
0.0682814
0.120934
0.198652
0.234482
0.13514
0.071174
0.0344811
0.0159013
0.0075056
0.0344818
0.0159015
0.00750563
0.234482
0.135142
0.0711752
0.0022929
0.000785754
0.000320203
0.000370847
0.000911094
0.00290982
-0.000179173
0.00015536
-7.74174e-05
-0.000179174
0.000155362
-7.74161e-05
0.000370851
0.000911114
0.00290983
0.00229301
0.000785802
0.000320209
0.00587905
0.0138814
0.0329483
-3.87935e-05
0.000116578
-0.000167578
-0.000114746
0.000169767
-0.000186611
0
0
0
-2.17118e-05
3.79688e-05
-8.58065e-05
0
0
0
-2.97272e-05
1.52674e-05
-5.94919e-06
-1.52963e-05
2.30222e-05
-7.48525e-05
-0.000119868
5.53235e-05
-4.2451e-05
-8.6867e-06
-2.04853e-06
3.44312e-05
-8.6849e-06
-2.04934e-06
3.44319e-05
-0.000119869
5.53237e-05
-4.24504e-05
0
0
0
6.60398e-05
-6.03662e-05
9.73717e-05
0
0
0
0
0
0
6.60405e-05
-6.03665e-05
9.73722e-05
0
0
0
-2.97256e-05
1.52656e-05
-5.94657e-06
-0.000114743
0.000169769
-0.00018661
-3.87891e-05
0.00011658
-0.000167576
0.00205336
0.000535044
0.000250828
-1.52956e-05
2.30228e-05
-7.48537e-05
0
0
0
-2.17141e-05
3.79705e-05
-8.58073e-05
0
0
0
-0.000114161
8.95413e-05
-6.31929e-05
0.00314592
0.536001
0.804787
0.699719
0.782708
0.831495
-0.873065
-0.163505
0.433311
0.770117
0.836083
0.726742
0.692647
0.784557
0.833616
0.190285
0.336451
0.526593
0.164632
0.231666
0.308774
0.453409
0.658896
0.81437
0.551749
0.476711
0.395571
0.693799
0.829823
0.780455
0.684543
0.502955
0.327912
0.564423
0.432534
0.308116
0.0682829
0.120936
0.198656
0.00521582
0.0106156
0.0211283
0.0453718
0.0963542
0.184965
0.107742
0.0674966
0.0398379
0.0183959
0.00693279
0.00244349
0.00748455
0.00384877
0.00210086
0.0916924
0.0412054
0.0165083
0.000140326
0.000403014
0.00082657
0
0
0
0.000153406
0.000132968
0.000752844
0
0
0
0.000252248
0.00183139
0.00562004
0.262607
0.137604
0.0637243
0.0909148
0.0692733
0.0505195
0.476813
0.287401
0.152627
0.0131279
0.021943
0.0332651
0
0
0
0.00196761
0.00909952
0.0248432
0
0
0
0.00830679
0.0277097
0.0685765
0.699718
0.782707
0.831494
0.00313902
0.535997
0.804786
0.551749
0.476712
0.395573
0.453411
0.658898
0.814371
0.164634
0.231668
0.308776
0.190288
0.336454
0.526597
0.69265
0.784559
0.833616
0.770114
0.836084
0.726745
0.090915
0.0692735
0.0505198
0.262608
0.137605
0.0637248
0
0
0
0.00196763
0.00909963
0.0248434
0
0
0
0.000252261
0.00183144
0.00562017
0.0131281
0.0219433
0.0332654
0.0916938
0.0412062
0.0165086
0.00748473
0.00384889
0.00210093
0.0183965
0.00693301
0.00244359
0.107744
0.0674979
0.0398388
0
0
0
0.000153404
0.000132981
0.00075287
0
0
0
-0.00011416
8.95414e-05
-6.31905e-05
0.000140332
0.000403033
0.000826612
0.00205345
0.000535079
0.000250835
0.00521602
0.0106159
0.0211289
0.564427
0.432539
0.30812
0.684548
0.50296
0.327916
0.0453729
0.0963562
0.184968
0.00587928
0.0138819
0.0329493
0.0682846
0.120938
0.198659
0.234486
0.135145
0.071177
0.0344829
0.0159022
0.00750603
0.0344829
0.0159023
0.00750603
0.234486
0.135145
0.071177
0.00229311
0.000785855
0.000320225
0.000370868
0.00091119
0.00291
-0.00017917
0.000155363
-7.74079e-05
-0.00017917
0.000155364
-7.74091e-05
0.000370866
0.000911191
0.00291
0.00229311
0.000785858
0.000320223
0.00587929
0.0138819
0.0329493
-3.87864e-05
0.000116579
-0.000167571
-0.000114736
0.00016977
-0.000186606
0
0
0
-2.17135e-05
3.79699e-05
-8.58049e-05
0
0
0
-2.97228e-05
1.52629e-05
-5.94218e-06
-1.52926e-05
2.30218e-05
-7.48518e-05
-0.000119865
5.53213e-05
-4.24463e-05
-8.68084e-06
-2.05082e-06
3.44323e-05
-8.68021e-06
-2.05116e-06
3.44327e-05
-0.000119865
5.53214e-05
-4.2446e-05
0
0
0
6.60402e-05
-6.03657e-05
9.73704e-05
0
0
0
0
0
0
6.60408e-05
-6.03661e-05
9.73708e-05
0
0
0
-2.97222e-05
1.52619e-05
-5.9406e-06
-0.000114737
0.000169771
-0.000186606
-3.87869e-05
0.00011658
-0.000167571
0.00205345
0.000535083
0.000250833
-1.52911e-05
2.30209e-05
-7.48508e-05
0
0
0
-2.17137e-05
3.79701e-05
-8.58046e-05
0
0
0
-0.00011416
8.95417e-05
-6.31912e-05
0.00313895
0.535997
0.804786
0.699718
0.782707
0.831494
-0.873065
-0.163505
0.433311
0.770114
0.836084
0.726745
0.69265
0.784559
0.833616
0.190288
0.336454
0.526597
0.164635
0.231668
0.308776
0.453411
0.658898
0.814371
0.551749
0.476712
0.395573
0.693799
0.829823
0.780455
0.684548
0.502961
0.327916
0.564427
0.432539
0.308121
0.0682846
0.120938
0.198659
0.00521603
0.010616
0.021129
0.045373
0.0963563
0.184968
0.107744
0.067498
0.0398389
0.0183965
0.00693303
0.0024436
0.00748476
0.00384891
0.00210094
0.0916939
0.0412063
0.0165087
0.000140331
0.000403035
0.000826616
0
0
0
0.000153403
0.000132983
0.000752874
0
0
0
0.000252264
0.00183144
0.0056202
0.262608
0.137605
0.0637249
0.090915
0.0692736
0.0505199
0.476813
0.287401
0.152627
0.0131282
0.0219434
0.0332655
0
0
0
0.00196764
0.00909965
0.0248434
0
0
0
0.00830679
0.0277097
0.0685765
0.699719
0.782708
0.831495
0.00314309
0.536
0.804787
0.551749
0.476711
0.395572
0.453409
0.658897
0.814371
0.164633
0.231666
0.308774
0.190286
0.336452
0.526594
0.692648
0.784558
0.833616
0.770116
0.836084
0.726744
0.0909148
0.0692733
0.0505195
0.262607
0.137604
0.0637244
0
0
0
0.00196761
0.00909953
0.0248432
0
0
0
0.00025225
0.0018314
0.00562005
0.0131279
0.021943
0.0332651
0.0916927
0.0412056
0.0165084
0.00748457
0.00384879
0.00210087
0.018396
0.00693283
0.0024435
0.107742
0.0674969
0.0398381
0
0
0
0.000153404
0.00013297
0.000752844
0
0
0
-0.000114161
8.95412e-05
-6.31927e-05
0.000140324
0.000403018
0.000826573
0.00205338
0.000535054
0.000250825
0.00521588
0.0106157
0.0211285
0.564425
0.432536
0.308118
0.684547
0.502958
0.327914
0.0453721
0.0963549
0.184966
0.00587912
0.0138816
0.0329488
0.0682838
0.120937
0.198657
0.234486
0.135144
0.0711763
0.0344823
0.0159018
0.00750574
0.0344817
0.0159016
0.0075057
0.234485
0.135142
0.0711751
0.00229303
0.000785816
0.000320208
0.000370851
0.00091113
0.00290987
-0.000179175
0.000155363
-7.74163e-05
-0.000179173
0.00015536
-7.74162e-05
0.000370849
0.00091111
0.00290986
0.00229293
0.000785766
0.000320206
0.00587883
0.0138811
0.0329479
-3.87896e-05
0.00011658
-0.000167576
-0.000114744
0.00016977
-0.00018661
0
0
0
-2.17135e-05
3.79701e-05
-8.58063e-05
0
0
0
-2.97251e-05
1.5265e-05
-5.94566e-06
-1.52948e-05
2.30223e-05
-7.48529e-05
-0.000119869
5.53236e-05
-4.245e-05
-8.68434e-06
-2.04962e-06
3.44322e-05
-8.68661e-06
-2.04858e-06
3.44312e-05
-0.000119868
5.53235e-05
-4.24511e-05
0
0
0
6.60406e-05
-6.03666e-05
9.73723e-05
0
0
0
0
0
0
6.60397e-05
-6.0366e-05
9.73715e-05
0
0
0
-2.97273e-05
1.52675e-05
-5.94953e-06
-0.000114744
0.000169767
-0.00018661
-3.87917e-05
0.000116578
-0.000167577
0.00205327
0.000534989
0.000250826
-1.52971e-05
2.30228e-05
-7.48533e-05
0
0
0
-2.1712e-05
3.79689e-05
-8.58065e-05
0
0
0
-0.000114164
8.95409e-05
-6.31954e-05
0.00315171
0.536006
0.804789
0.699723
0.782711
0.831496
-0.873052
-0.163493
0.433319
0.770117
0.836083
0.72674
0.692645
0.784556
0.833615
0.190282
0.336447
0.52659
0.16463
0.231662
0.30877
0.453404
0.658893
0.814369
0.551745
0.476707
0.395567
0.693796
0.829822
0.780458
0.684545
0.502956
0.327911
0.56442
0.432532
0.308114
0.0682824
0.120935
0.198654
0.0052156
0.0106152
0.0211276
0.0453706
0.0963526
0.184963
0.10774
0.0674949
0.0398367
0.0183952
0.00693246
0.00244334
0.00748422
0.00384856
0.00210074
0.0916903
0.0412042
0.0165077
0.000140324
0.000402976
0.00082651
0
0
0
0.000153414
0.00013294
0.000752802
0
0
0
0.000252217
0.0018313
0.00561976
0.262603
0.137601
0.0637229
0.0909136
0.0692721
0.0505184
0.476809
0.287398
0.152625
0.0131273
0.0219423
0.0332642
0
0
0
0.00196754
0.00909923
0.0248425
0
0
0
0.00830667
0.0277093
0.0685756
0.699723
0.782711
0.831496
0.0031552
0.536008
0.804789
0.551745
0.476707
0.395567
0.453403
0.658892
0.814368
0.164628
0.231661
0.308769
0.190281
0.336445
0.526587
0.692642
0.784554
0.833615
0.77012
0.836083
0.726738
0.0909136
0.069272
0.0505183
0.262603
0.137601
0.0637227
0
0
0
0.00196753
0.0090992
0.0248424
0
0
0
0.000252212
0.00183128
0.0056197
0.0131272
0.0219422
0.0332641
0.0916894
0.0412038
0.0165075
0.00748414
0.0038485
0.0021007
0.0183949
0.00693231
0.00244328
0.107738
0.067494
0.039836
0
0
0
0.000153419
0.00013293
0.000752796
0
0
0
-0.000114166
8.95419e-05
-6.31977e-05
0.000140326
0.00040296
0.000826496
0.00205322
0.000534953
0.000250832
0.00521542
0.0106149
0.0211271
0.564417
0.432528
0.30811
0.68454
0.50295
0.327906
0.0453697
0.0963508
0.18496
0.00587862
0.0138806
0.0329468
0.0682804
0.120932
0.198651
0.234479
0.135139
0.0711728
0.0344803
0.0159008
0.00750527
0.0344804
0.0159008
0.00750527
0.234479
0.135139
0.0711729
0.00229286
0.000785701
0.000320208
0.000370853
0.000911015
0.00290971
-0.000179172
0.000155354
-7.74165e-05
-0.000179172
0.000155354
-7.74159e-05
0.000370854
0.000911015
0.00290971
0.00229287
0.000785702
0.00032021
0.00587863
0.0138806
0.0329468
-3.87915e-05
0.000116577
-0.00016758
-0.000114746
0.000169763
-0.00018661
0
0
0
-2.17117e-05
3.79691e-05
-8.58087e-05
0
0
0
-2.97322e-05
1.52719e-05
-5.95654e-06
-1.52997e-05
2.30229e-05
-7.48537e-05
-0.000119872
5.53258e-05
-4.24558e-05
-8.69451e-06
-2.04454e-06
3.44276e-05
-8.69477e-06
-2.04448e-06
3.44275e-05
-0.000119872
5.53261e-05
-4.24562e-05
0
0
0
6.60386e-05
-6.03659e-05
9.73715e-05
0
0
0
0
0
0
6.60386e-05
-6.03659e-05
9.73715e-05
0
0
0
-2.97324e-05
1.52721e-05
-5.95689e-06
-0.000114744
0.000169762
-0.000186609
-3.87893e-05
0.000116576
-0.000167579
0.00205323
0.000534954
0.000250834
-1.53e-05
2.3023e-05
-7.48539e-05
0
0
0
-2.17119e-05
3.79692e-05
-8.58091e-05
0
0
0
-0.000114166
8.95418e-05
-6.31967e-05
0.00314955
0.536005
0.804788
0.69972
0.782709
0.831496
0.770119
0.836083
0.726739
0.692643
0.784555
0.833615
0.190281
0.336446
0.526588
0.164629
0.231662
0.30877
0.453405
0.658893
0.814369
0.551747
0.476709
0.395568
0.68454
0.502951
0.327907
0.564418
0.432529
0.308111
0.0682805
0.120932
0.198651
0.00521543
0.0106149
0.0211272
0.0453699
0.0963511
0.184961
0.107739
0.0674942
0.0398361
0.0183949
0.00693234
0.00244329
0.00748417
0.00384851
0.0021007
0.0916898
0.041204
0.0165076
0.000140326
0.000402962
0.000826496
0
0
0
0.00015342
0.00013293
0.000752797
0
0
0
0.000252211
0.00183129
0.00561973
0.262604
0.137602
0.0637231
0.0909144
0.0692725
0.0505186
0.0131273
0.0219423
0.0332643
0
0
0
0.00196755
0.00909926
0.0248426
0
0
0
0.508686
0.543556
0.593998
0.543556
0.580242
0.619895
0.593999
0.619895
0.628248
0.629389
0.590002
0.410875
0.621726
0.523732
0.266163
0.56624
0.380108
0.0257243
0.403351
0.103675
-0.346743
0.103674
-0.294165
-0.790845
-0.346744
-0.790846
-1.24824
0.629389
0.621726
0.56624
0.590001
0.523731
0.380108
0.410874
0.266161
0.0257227
0.0176885
-0.529831
-1.12888
-0.206108
-0.787112
-1.34585
-0.518542
-1.09527
-1.55492
-1.60312
-1.70756
-1.40524
-1.69307
-1.6359
-1.19522
-1.71712
-1.47153
-0.903248
-1.61772
-1.17642
-0.519547
-1.37134
-0.788205
-0.118322
-0.978481
-0.3337
0.267489
-0.921998
-1.42103
-1.70049
-1.31265
-1.65096
-1.6971
-1.614
-1.7162
-1.50506
-1.71774
-1.53667
-1.09481
-1.53667
-1.1297
-0.566589
-1.09481
-0.566588
-0.0102782
-0.456472
0.145116
0.594569
0.0521217
0.51962
0.783271
0.477841
0.75759
0.839602
0.757634
0.839313
0.772263
0.839313
0.777902
0.631438
0.772262
0.631438
0.46388
-0.45647
0.0521227
0.477841
0.145118
0.519621
0.757591
0.59457
0.783272
0.839602
0.0176853
-0.206111
-0.518545
-0.529836
-0.787116
-1.09528
-1.12888
-1.34586
-1.55492
-0.922
-1.31265
-1.61401
-1.42103
-1.65096
-1.7162
-1.70049
-1.6971
-1.50506
-1.61772
-1.37133
-0.978479
-1.17642
-0.788201
-0.333697
-0.519542
-0.118318
0.267492
-1.60313
-1.69307
-1.71712
-1.70756
-1.6359
-1.47153
-1.40524
-1.19521
-0.903242
0.508686
0.543556
0.593999
0.543556
0.580243
0.619896
0.593998
0.619895
0.628248
0.629389
0.590001
0.410873
0.621726
0.523731
0.26616
0.566239
0.380107
0.025721
0.40335
0.103672
-0.346746
0.103673
-0.294167
-0.790848
-0.346744
-0.790847
-1.24825
0.629389
0.621726
0.566239
0.590002
0.523732
0.380108
0.410875
0.266163
0.0257234
0.0176848
-0.529837
-1.12888
-0.206113
-0.787117
-1.34586
-0.518547
-1.09528
-1.55492
-1.60313
-1.70756
-1.40523
-1.69307
-1.6359
-1.19521
-1.71712
-1.47153
-0.903241
-1.61772
-1.17642
-0.519541
-1.37133
-0.7882
-0.118318
-0.978479
-0.333697
0.267491
-0.922002
-1.42103
-1.70049
-1.31265
-1.65096
-1.6971
-1.61401
-1.7162
-1.50506
-1.71774
-1.53667
-1.09481
-1.53667
-1.1297
-0.566589
-1.09481
-0.566591
-0.0102806
-0.456471
0.145117
0.594569
0.0521208
0.519619
0.783271
0.477839
0.757589
0.839602
0.757633
0.839313
0.772264
0.839313
0.777903
0.631441
0.772264
0.631441
0.463883
-0.456474
0.0521188
0.477839
0.145113
0.519617
0.757589
0.594566
0.78327
0.839602
0.0176892
-0.206108
-0.518543
-0.52983
-0.787112
-1.09527
-1.12888
-1.34585
-1.55492
-0.921999
-1.31265
-1.61401
-1.42103
-1.65096
-1.7162
-1.70049
-1.6971
-1.50506
-1.61772
-1.37134
-0.978483
-1.17642
-0.788207
-0.333703
-0.51955
-0.118325
0.267486
-1.60312
-1.69306
-1.71712
-1.70756
-1.6359
-1.47153
-1.40524
-1.19522
-0.903251
0.508686
0.543556
0.593998
0.543556
0.580242
0.619895
0.593998
0.619895
0.628248
0.629389
0.590002
0.410876
0.621726
0.523733
0.266165
0.566241
0.380111
0.0257282
0.403354
0.103679
-0.346736
0.103679
-0.294158
-0.790837
-0.346736
-0.790837
-1.24824
0.629389
0.621726
0.566241
0.590002
0.523733
0.380111
0.410876
0.266165
0.0257282
0.0176903
-0.529829
-1.12887
-0.206105
-0.787108
-1.34585
-0.518537
-1.09527
-1.55491
-1.60312
-1.70756
-1.40524
-1.69306
-1.6359
-1.19522
-1.71713
-1.47154
-0.903257
-1.61772
-1.17643
-0.519559
-1.37134
-0.788218
-0.118336
-0.978495
-0.333715
0.267476
-0.921991
-1.42102
-1.70049
-1.31264
-1.65096
-1.6971
-1.614
-1.7162
-1.50507
-1.71774
-1.53668
-1.09482
-1.53668
-1.12971
-0.566607
-1.09482
-0.566607
-0.0102963
-0.456489
0.145101
0.594559
0.0521047
0.519608
0.783266
0.477828
0.757584
0.839602
0.757628
0.839313
0.772268
0.839313
0.777907
0.631446
0.772268
0.631446
0.463889
-0.456489
0.0521047
0.477828
0.145101
0.519608
0.757584
0.594559
0.783266
0.839602
0.0176903
-0.206105
-0.518537
-0.529829
-0.787108
-1.09527
-1.12887
-1.34585
-1.55491
-0.921991
-1.31264
-1.614
-1.42102
-1.65096
-1.7162
-1.70049
-1.6971
-1.50507
-1.61772
-1.37134
-0.978495
-1.17643
-0.788218
-0.333715
-0.519559
-0.118336
0.267476
-1.60312
-1.69306
-1.71713
-1.70756
-1.6359
-1.47154
-1.40524
-1.19522
-0.903257
0.508686
0.543556
0.593998
0.543556
0.580243
0.619895
0.593999
0.619895
0.628248
0.629389
0.590002
0.410876
0.621726
0.523732
0.266163
0.566239
0.380108
0.0257243
0.403351
0.103674
-0.346742
0.103674
-0.294165
-0.790844
-0.346744
-0.790845
-1.24824
0.629389
0.621726
0.566239
0.590001
0.523731
0.380107
0.410873
0.266161
0.0257221
0.0176894
-0.52983
-1.12887
-0.206108
-0.787111
-1.34585
-0.518542
-1.09527
-1.55492
-1.60312
-1.70756
-1.40524
-1.69306
-1.6359
-1.19522
-1.71713
-1.47154
-0.903253
-1.61772
-1.17643
-0.519554
-1.37134
-0.788212
-0.11833
-0.978488
-0.333708
0.267481
-0.921997
-1.42103
-1.70049
-1.31264
-1.65096
-1.6971
-1.614
-1.7162
-1.50506
-1.71774
-1.53667
-1.09481
-1.53667
-1.1297
-0.566598
-1.09481
-0.566597
-0.0102882
-0.456481
0.145107
0.594562
0.0521117
0.519612
0.783268
0.477833
0.757586
0.839602
0.75763
0.839313
0.772267
0.839313
0.777906
0.631445
0.772266
0.631445
0.463888
-0.456478
0.0521133
0.477833
0.14511
0.519613
0.757586
0.594564
0.783268
0.839602
0.017685
-0.206112
-0.518545
-0.529836
-0.787116
-1.09528
-1.12888
-1.34586
-1.55492
-0.922
-1.31265
-1.614
-1.42103
-1.65096
-1.7162
-1.70049
-1.6971
-1.50506
-1.61772
-1.37134
-0.978485
-1.17642
-0.788206
-0.333704
-0.519546
-0.118324
0.267485
-1.60313
-1.69307
-1.71712
-1.70756
-1.6359
-1.47153
-1.40524
-1.19521
-0.903244
0.508686
0.543556
0.593999
0.543556
0.580242
0.619895
0.593998
0.619895
0.628248
0.629389
0.590001
0.410874
0.621726
0.523731
0.266161
0.56624
0.380108
0.0257227
0.403351
0.103674
-0.346744
0.103675
-0.294165
-0.790846
-0.346743
-0.790845
-1.24824
0.629389
0.621726
0.56624
0.590002
0.523732
0.380108
0.410875
0.266163
0.0257243
0.0176853
-0.529836
-1.12888
-0.206111
-0.787116
-1.34586
-0.518545
-1.09528
-1.55492
-1.60313
-1.70756
-1.40524
-1.69307
-1.6359
-1.19521
-1.71712
-1.47153
-0.903242
-1.61772
-1.17642
-0.519542
-1.37133
-0.788201
-0.118318
-0.978479
-0.333697
0.267492
-0.922
-1.42103
-1.70049
-1.31265
-1.65096
-1.6971
-1.61401
-1.7162
-1.50506
-1.71774
-1.53667
-1.09481
-1.53667
-1.1297
-0.566588
-1.09481
-0.566589
-0.0102782
-0.45647
0.145118
0.59457
0.0521227
0.519621
0.783272
0.477841
0.757591
0.839602
0.757634
0.839313
0.772262
0.839313
0.777902
0.631438
0.772263
0.631438
0.46388
-0.456472
0.0521217
0.477841
0.145116
0.51962
0.75759
0.594569
0.783271
0.839602
0.0176885
-0.206108
-0.518542
-0.529831
-0.787112
-1.09527
-1.12888
-1.34585
-1.55492
-0.921998
-1.31265
-1.614
-1.42103
-1.65096
-1.7162
-1.70049
-1.6971
-1.50506
-1.61772
-1.37134
-0.978481
-1.17642
-0.788205
-0.3337
-0.519547
-0.118322
0.267489
-1.60312
-1.69307
-1.71712
-1.70756
-1.6359
-1.47153
-1.40524
-1.19522
-0.903248
-0.751933
-0.0473822
0.511915
-0.480905
0.188628
0.652138
-0.168611
0.42299
0.763834
0.806421
0.816638
0.660796
0.836385
0.773168
0.586764
0.832242
0.704532
0.50114
0.784916
0.608386
0.404238
0.701685
0.502682
0.313041
0.590965
0.392773
0.229391
0.173104
0.635959
0.830308
0.466963
0.776095
0.833171
0.691
0.837281
0.776957
0.441801
0.260539
0.1352
0.371652
0.209343
0.104288
0.299546
0.161106
0.0765108
0.0596279
0.0233371
0.00656575
0.0436677
0.0166877
0.00407349
0.0305088
0.011458
0.00241523
0.0200605
0.00714503
0.00148751
0.0125473
0.00434461
0.00087902
0.0075164
0.00248118
0.000454668
0.22693
0.115859
0.0524983
0.165605
0.0803431
0.0346043
0.1144
0.0526108
0.0217166
0.0725392
0.0316468
0.0123175
0.0442357
0.0182855
0.00681673
0.0252282
0.00991137
0.00350028
0.00402282
0.00129525
0.000262087
0.0021804
0.00061792
0.000126559
0.00097684
0.000355825
3.52004e-08
0.000513009
9.63185e-05
3.37156e-05
0.000157042
8.0665e-05
-1.71836e-05
0.000134312
-2.42335e-05
5.31376e-05
0.0128947
0.00485989
0.00159673
0.00647798
0.00222886
0.000760812
0.00285193
0.00104984
0.0002463
0.819914
0.812515
0.666386
0.831912
0.718483
0.533658
0.752556
0.58202
0.39592
0.460201
0.283492
0.155066
0.338725
0.194863
0.100291
0.232357
0.125223
0.0606002
0.144302
0.0726604
0.0331592
0.084903
0.0403148
0.0173132
0.0462947
0.0206802
0.00843702
0.605911
0.424475
0.265535
0.446867
0.288176
0.167739
0.300074
0.179678
0.0975073
0.178596
0.0992819
0.0504707
0.0992819
0.051852
0.0247776
0.0504707
0.0247776
0.0111347
0.0221231
0.00958288
0.00345761
0.0105031
0.00402322
0.00160493
0.0042158
0.00176945
0.000476709
0.00166356
0.000549663
0.000250006
0.000549663
0.000229357
1.46363e-05
0.000250006
1.46363e-05
9.3163e-05
0.0221231
0.0105031
0.00421579
0.00958287
0.00402322
0.00176945
0.0034576
0.00160493
0.000476708
0.00121479
0.000365491
0.000142002
0.00043535
0.000170764
-2.59671e-06
0.000243128
-3.67703e-06
9.08529e-05
4.55619e-05
3.98653e-07
1.64954e-05
-4.48761e-06
4.51212e-06
-3.75175e-06
2.98893e-05
-6.32607e-06
4.62089e-06
2.39562e-05
-1.482e-05
1.12954e-05
-9.72269e-06
8.41603e-06
-7.90372e-06
8.63984e-06
-9.60551e-06
1.14731e-05
0.000104488
-1.26514e-05
3.5864e-05
-9.25931e-06
1.56147e-05
-8.95503e-06
4.23401e-05
-1.35048e-05
1.09178e-05
3.99767e-05
-2.01948e-05
1.75803e-05
-2.01947e-05
1.1254e-05
-8.61091e-06
1.75803e-05
-8.61089e-06
1.63888e-06
-3.51166e-06
8.96328e-08
5.46762e-06
5.07804e-06
-2.40697e-06
-4.41804e-07
-1.70188e-05
9.91201e-06
-7.77593e-06
-3.94829e-05
2.46911e-05
-2.92291e-05
2.46911e-05
-1.52167e-05
1.80607e-05
-2.92291e-05
1.80607e-05
-2.15989e-05
-3.51179e-06
5.0781e-06
-1.70188e-05
8.97177e-08
-2.40701e-06
9.91205e-06
5.46753e-06
-4.41759e-07
-7.77597e-06
0.00121479
0.000435348
0.000243129
0.000365489
0.000170764
-3.67768e-06
0.000142003
-2.59742e-06
9.08536e-05
0.000104488
-9.25932e-06
4.23401e-05
-1.26514e-05
1.56147e-05
-1.35048e-05
3.5864e-05
-8.955e-06
1.09177e-05
2.39562e-05
-9.72268e-06
8.63978e-06
-1.482e-05
8.41605e-06
-9.6055e-06
1.12954e-05
-7.90375e-06
1.14731e-05
4.55622e-05
-4.48768e-06
2.98892e-05
3.98629e-07
4.5121e-06
-6.326e-06
1.64953e-05
-3.75162e-06
4.6207e-06
-0.751925
-0.480897
-0.168605
-0.047374
0.188634
0.422995
0.511921
0.652141
0.763836
0.173109
0.466966
0.691001
0.635961
0.776096
0.837281
0.830308
0.83317
0.776956
0.784915
0.701684
0.590964
0.608385
0.502681
0.392772
0.404236
0.31304
0.22939
0.806423
0.836385
0.832241
0.816637
0.773167
0.704531
0.660794
0.586762
0.501138
0.819915
0.831912
0.752555
0.812514
0.718482
0.582019
0.666385
0.533657
0.395919
0.60591
0.446867
0.300074
0.424474
0.288176
0.179678
0.265534
0.167738
0.0975071
0.144301
0.0849028
0.0462946
0.0726602
0.0403147
0.0206802
0.0331591
0.0173132
0.008437
0.4602
0.338724
0.232357
0.283491
0.194863
0.125223
0.155065
0.100291
0.0606
0.0725389
0.0442355
0.0252281
0.0316467
0.0182854
0.00991133
0.0123175
0.00681671
0.00350027
0.0128946
0.00647796
0.00285193
0.00485988
0.00222885
0.00104983
0.00159673
0.000760811
0.000246299
0.000513007
0.000157042
0.000134313
9.63184e-05
8.06649e-05
-2.42336e-05
3.37157e-05
-1.71839e-05
5.31379e-05
0.0040228
0.00218039
0.000976837
0.00129524
0.000617919
0.000355824
0.000262086
0.000126558
3.49927e-08
0.441798
0.37165
0.299545
0.260537
0.209341
0.161105
0.135199
0.104288
0.0765103
0.226929
0.165604
0.114399
0.115858
0.0803427
0.0526106
0.052498
0.0346041
0.0217165
0.0200604
0.0125472
0.00751636
0.00714498
0.00434459
0.00248117
0.0014875
0.000879014
0.000454665
0.0596273
0.0436674
0.0305085
0.0233369
0.0166876
0.0114579
0.00656568
0.00407345
0.00241521
-0.751924
-0.0473737
0.511921
-0.480897
0.188635
0.652141
-0.168604
0.422995
0.763836
0.806423
0.816637
0.660794
0.836385
0.773167
0.586762
0.832241
0.704531
0.501138
0.784915
0.608385
0.404237
0.701684
0.502681
0.313041
0.590965
0.392773
0.229391
0.173109
0.635961
0.830308
0.466966
0.776096
0.83317
0.691
0.837281
0.776957
0.441798
0.260537
0.135199
0.37165
0.209341
0.104288
0.299545
0.161106
0.0765104
0.0596273
0.0233369
0.00656569
0.0436674
0.0166876
0.00407345
0.0305086
0.0114579
0.00241522
0.0200605
0.007145
0.00148751
0.0125472
0.00434461
0.000879022
0.00751641
0.00248118
0.000454668
0.226929
0.115858
0.0524981
0.165605
0.080343
0.0346042
0.1144
0.0526108
0.0217166
0.0725393
0.0316469
0.0123175
0.0442359
0.0182856
0.00681678
0.0252284
0.00991145
0.00350032
0.00402284
0.00129525
0.000262088
0.00218042
0.000617926
0.000126561
0.000976853
0.000355829
3.56778e-08
0.00051302
9.63178e-05
3.37202e-05
0.000157044
8.06678e-05
-1.7186e-05
0.000134317
-2.42344e-05
5.314e-05
0.0128948
0.00485995
0.00159675
0.00647808
0.00222889
0.000760826
0.00285199
0.00104986
0.000246309
0.819914
0.812515
0.666386
0.831913
0.718483
0.533659
0.752557
0.582021
0.395921
0.460202
0.283492
0.155066
0.338726
0.194864
0.100291
0.232358
0.125224
0.0606006
0.144303
0.072661
0.0331595
0.0849039
0.0403153
0.0173135
0.0462953
0.0206805
0.00843716
0.605913
0.424476
0.265536
0.44687
0.288178
0.16774
0.300076
0.17968
0.0975085
0.178599
0.0992837
0.0504717
0.0992843
0.0518534
0.0247783
0.0504725
0.0247785
0.0111352
0.0221236
0.00958311
0.00345771
0.0105034
0.00402337
0.00160498
0.004216
0.00176953
0.000476746
0.00166368
0.000549692
0.000250028
0.000549699
0.000229378
1.46374e-05
0.000250033
1.4638e-05
9.31689e-05
0.0221241
0.0105036
0.00421605
0.00958346
0.00402349
0.00176957
0.00345789
0.00160505
0.000476768
0.00121484
0.000365496
0.000142012
0.000435363
0.000170774
-2.5982e-06
0.000243145
-3.67765e-06
9.08567e-05
4.55616e-05
4.00221e-07
1.64933e-05
-4.48584e-06
4.51135e-06
-3.75034e-06
2.98877e-05
-6.32507e-06
4.6195e-06
2.39565e-05
-1.48204e-05
1.12964e-05
-9.72283e-06
8.41626e-06
-7.90425e-06
8.63916e-06
-9.60521e-06
1.14731e-05
0.000104491
-1.26497e-05
3.58636e-05
-9.25702e-06
1.56146e-05
-8.9543e-06
4.23393e-05
-1.35038e-05
1.09163e-05
3.99761e-05
-2.01943e-05
1.7579e-05
-2.01943e-05
1.12539e-05
-8.61041e-06
1.7579e-05
-8.61039e-06
1.63824e-06
-3.51525e-06
9.19767e-08
5.4647e-06
5.08007e-06
-2.40833e-06
-4.40007e-07
-1.70206e-05
9.91329e-06
-7.77779e-06
-3.94818e-05
2.46904e-05
-2.92284e-05
2.46903e-05
-1.52162e-05
1.80602e-05
-2.92284e-05
1.80602e-05
-2.15983e-05
-3.51631e-06
5.08058e-06
-1.70211e-05
9.27956e-08
-2.40874e-06
9.91369e-06
5.46365e-06
-4.39446e-07
-7.77837e-06
0.00121492
0.000435387
0.000243155
0.000365523
0.000170785
-3.67542e-06
0.000142027
-2.59594e-06
9.08583e-05
0.000104494
-9.25688e-06
4.23398e-05
-1.26488e-05
1.56149e-05
-1.35038e-05
3.58637e-05
-8.95424e-06
1.09162e-05
2.39577e-05
-9.72327e-06
8.63907e-06
-1.48215e-05
8.41671e-06
-9.60528e-06
1.12982e-05
-7.90516e-06
1.14736e-05
4.55624e-05
-4.48366e-06
2.98869e-05
4.03353e-07
4.51065e-06
-6.32441e-06
1.64894e-05
-3.74837e-06
4.61815e-06
-0.751937
-0.480909
-0.168615
-0.0473853
0.188625
0.422987
0.511913
0.652135
0.763832
0.173101
0.46696
0.690997
0.635956
0.776093
0.83728
0.830307
0.833171
0.776959
0.784917
0.701688
0.59097
0.60839
0.502686
0.392778
0.404241
0.313045
0.229395
0.806421
0.836384
0.832242
0.816639
0.77317
0.704535
0.660797
0.586766
0.501143
0.819913
0.831913
0.752558
0.812516
0.718486
0.582024
0.66639
0.533663
0.395925
0.605914
0.446871
0.300077
0.424479
0.288181
0.179682
0.265539
0.167743
0.0975101
0.144305
0.0849058
0.0462965
0.072663
0.0403166
0.0206813
0.0331607
0.0173142
0.00843757
0.460206
0.33873
0.232362
0.283497
0.194868
0.125227
0.155069
0.100294
0.0606025
0.0725415
0.0442374
0.0252294
0.031648
0.0182864
0.00991196
0.0123181
0.00681714
0.00350054
0.0128954
0.00647843
0.00285218
0.00486024
0.00222905
0.00104993
0.00159687
0.000760886
0.00024634
0.000513066
0.00015706
0.00013433
9.63249e-05
8.06768e-05
-2.42346e-05
3.37311e-05
-1.71896e-05
5.31447e-05
0.00402306
0.00218056
0.00097693
0.00129534
0.000617972
0.000355857
0.0002621
0.000126576
3.75408e-08
0.441802
0.371654
0.299549
0.26054
0.209344
0.161108
0.135201
0.104289
0.076512
0.226933
0.165608
0.114402
0.115861
0.080345
0.0526124
0.0524994
0.0346053
0.0217174
0.0200611
0.0125477
0.00751676
0.00714526
0.0043448
0.00248132
0.00148758
0.00087907
0.000454703
0.0596282
0.0436683
0.0305094
0.0233373
0.0166879
0.0114582
0.0065658
0.00407357
0.00241531
-0.751938
-0.0473865
0.511912
-0.480913
0.188621
0.652134
-0.168621
0.422983
0.763831
0.806421
0.816639
0.660798
0.836384
0.77317
0.586767
0.832243
0.704536
0.501144
0.784919
0.608392
0.404244
0.701691
0.502689
0.313048
0.590973
0.392781
0.229398
0.173093
0.635952
0.830306
0.466953
0.77609
0.833172
0.690992
0.83728
0.776962
0.441802
0.26054
0.135201
0.371655
0.209345
0.10429
0.29955
0.161109
0.0765125
0.0596283
0.0233373
0.00656581
0.0436685
0.016688
0.0040736
0.0305096
0.0114583
0.00241534
0.0200613
0.00714535
0.0014876
0.0125479
0.00434488
0.000879088
0.00751691
0.00248137
0.000454716
0.226935
0.115862
0.0525
0.16561
0.080346
0.0346058
0.114404
0.0526133
0.0217178
0.0725428
0.0316487
0.0123184
0.0442384
0.0182868
0.00681733
0.0252301
0.00991226
0.00350066
0.00402316
0.00129538
0.000262105
0.00218063
0.000617993
0.000126583
0.000976971
0.00035587
3.79484e-08
0.000513089
9.63288e-05
3.37357e-05
0.000157069
8.0681e-05
-1.7191e-05
0.000134336
-2.42342e-05
5.31467e-05
0.0128958
0.00486042
0.00159693
0.00647867
0.00222914
0.000760922
0.00285231
0.00104998
0.000246357
0.819911
0.812518
0.666394
0.831914
0.71849
0.533668
0.752562
0.582029
0.39593
0.460211
0.2835
0.155072
0.338734
0.194871
0.100296
0.232366
0.125229
0.0606038
0.144308
0.0726647
0.0331616
0.0849078
0.0403177
0.0173148
0.0462978
0.020682
0.00843789
0.605919
0.424484
0.265544
0.446877
0.288185
0.167746
0.300082
0.179685
0.0975124
0.178603
0.099287
0.050474
0.099287
0.0518553
0.0247796
0.050474
0.0247796
0.0111358
0.0221249
0.00958384
0.00345806
0.0105041
0.00402371
0.00160513
0.00421631
0.00176967
0.00047681
0.0016638
0.000549743
0.000250049
0.000549743
0.000229396
1.46441e-05
0.00025005
1.46439e-05
9.31703e-05
0.022125
0.0105041
0.00421631
0.00958385
0.00402371
0.00176967
0.00345806
0.00160513
0.000476812
0.00121498
0.000365544
0.000142034
0.000435416
0.000170795
-2.59265e-06
0.000243167
-3.67113e-06
9.08582e-05
4.55639e-05
4.04668e-07
1.64881e-05
-4.48226e-06
4.51027e-06
-3.74743e-06
2.9886e-05
-6.32368e-06
4.61718e-06
2.39576e-05
-1.48216e-05
1.12986e-05
-9.72318e-06
8.41677e-06
-7.90539e-06
8.6385e-06
-9.60503e-06
1.14735e-05
0.000104498
-1.26471e-05
3.58633e-05
-9.25461e-06
1.56149e-05
-8.95354e-06
4.23389e-05
-1.35027e-05
1.09148e-05
3.99756e-05
-2.01939e-05
1.75782e-05
-2.01939e-05
1.12538e-05
-8.61028e-06
1.75782e-05
-8.61028e-06
1.63827e-06
-3.51808e-06
9.3971e-08
5.46225e-06
5.08143e-06
-2.40935e-06
-4.38661e-07
-1.70216e-05
9.91412e-06
-7.77904e-06
-3.94807e-05
2.46897e-05
-2.92278e-05
2.46897e-05
-1.52158e-05
1.80598e-05
-2.92279e-05
1.80598e-05
-2.1598e-05
-3.51851e-06
5.08167e-06
-1.70218e-05
9.43228e-08
-2.40955e-06
9.91436e-06
5.46191e-06
-4.38437e-07
-7.77935e-06
0.00121499
0.000435416
0.000243168
0.000365545
0.000170795
-3.67145e-06
0.000142036
-2.59294e-06
9.08586e-05
0.000104498
-9.25475e-06
4.23391e-05
-1.26471e-05
1.56148e-05
-1.35027e-05
3.58631e-05
-8.95334e-06
1.09146e-05
2.39574e-05
-9.72295e-06
8.63801e-06
-1.48217e-05
8.41675e-06
-9.60485e-06
1.12988e-05
-7.90549e-06
1.14735e-05
4.55639e-05
-4.48204e-06
2.98858e-05
4.04833e-07
4.51015e-06
-6.3236e-06
1.64878e-05
-3.74715e-06
4.6169e-06
-0.751938
-0.480913
-0.168621
-0.0473866
0.188621
0.422983
0.511912
0.652134
0.763831
0.173093
0.466953
0.690992
0.635951
0.77609
0.83728
0.830306
0.833172
0.776962
0.784919
0.701691
0.590974
0.608392
0.50269
0.392782
0.404244
0.313048
0.229398
0.806421
0.836384
0.832243
0.816639
0.77317
0.704536
0.660798
0.586767
0.501145
0.819911
0.831914
0.752562
0.812518
0.71849
0.582029
0.666394
0.533668
0.39593
0.605919
0.446877
0.300082
0.424484
0.288185
0.179685
0.265544
0.167746
0.0975124
0.144308
0.0849079
0.0462979
0.0726648
0.0403177
0.020682
0.0331617
0.0173148
0.00843791
0.460211
0.338735
0.232366
0.2835
0.194871
0.125229
0.155072
0.100296
0.0606039
0.0725429
0.0442385
0.0252301
0.0316488
0.0182869
0.00991229
0.0123184
0.00681736
0.00350067
0.0128959
0.00647869
0.00285232
0.00486044
0.00222915
0.00104998
0.00159694
0.000760925
0.000246359
0.000513092
0.00015707
0.000134337
9.63298e-05
8.06813e-05
-2.42341e-05
3.3736e-05
-1.71909e-05
5.31467e-05
0.00402318
0.00218064
0.000976976
0.00129539
0.000617997
0.000355872
0.000262106
0.000126584
3.85935e-08
0.441802
0.371655
0.29955
0.26054
0.209345
0.161109
0.135201
0.10429
0.0765126
0.226935
0.16561
0.114404
0.115862
0.0803461
0.0526134
0.0525001
0.0346059
0.0217179
0.0200614
0.012548
0.00751694
0.00714537
0.00434489
0.00248138
0.00148761
0.000879093
0.000454719
0.0596283
0.0436685
0.0305096
0.0233373
0.016688
0.0114583
0.00656582
0.00407361
0.00241534
-0.751937
-0.0473857
0.511913
-0.48091
0.188624
0.652135
-0.168617
0.422985
0.763832
0.806421
0.816639
0.660797
0.836384
0.77317
0.586766
0.832242
0.704535
0.501143
0.784918
0.60839
0.404242
0.701689
0.502687
0.313046
0.590971
0.392779
0.229396
0.173098
0.635954
0.830307
0.466957
0.776092
0.833172
0.690995
0.83728
0.77696
0.441802
0.26054
0.135201
0.371654
0.209344
0.104289
0.299549
0.161108
0.076512
0.0596282
0.0233373
0.0065658
0.0436683
0.0166879
0.00407357
0.0305094
0.0114582
0.00241531
0.0200611
0.00714526
0.00148758
0.0125477
0.0043448
0.000879071
0.00751677
0.00248132
0.000454703
0.226933
0.115861
0.0524995
0.165608
0.0803452
0.0346054
0.114403
0.0526126
0.0217175
0.0725418
0.0316482
0.0123182
0.0442376
0.0182865
0.00681717
0.0252296
0.00991202
0.00350055
0.00402307
0.00129534
0.0002621
0.00218056
0.000617973
0.000126576
0.000976935
0.000355857
3.76723e-08
0.00051307
9.63244e-05
3.37321e-05
0.00015706
8.06774e-05
-1.71902e-05
0.000134332
-2.42349e-05
5.31453e-05
0.0128955
0.00486028
0.00159688
0.00647849
0.00222907
0.000760891
0.00285221
0.00104994
0.000246343
0.819912
0.812517
0.666391
0.831914
0.718488
0.533665
0.75256
0.582027
0.395927
0.460208
0.283498
0.15507
0.338732
0.194869
0.100295
0.232363
0.125228
0.0606029
0.144307
0.0726636
0.033161
0.0849067
0.040317
0.0173144
0.0462971
0.0206816
0.00843767
0.605918
0.424482
0.265542
0.446875
0.288183
0.167744
0.300081
0.179684
0.0975114
0.178601
0.0992858
0.0504732
0.0992852
0.0518542
0.0247789
0.0504725
0.0247787
0.0111354
0.0221245
0.00958359
0.00345794
0.0105037
0.00402355
0.00160506
0.00421611
0.00176959
0.000476776
0.0016637
0.000549706
0.000250036
0.0005497
0.00022938
1.46384e-05
0.00025003
1.4638e-05
9.31693e-05
0.0221239
0.0105036
0.00421607
0.00958326
0.00402343
0.00176956
0.00345776
0.001605
0.000476755
0.00121494
0.000365526
0.000142029
0.000435391
0.000170787
-2.5962e-06
0.000243158
-3.6755e-06
9.08589e-05
4.55622e-05
4.03742e-07
1.6489e-05
-4.48331e-06
4.51045e-06
-3.74807e-06
2.98865e-05
-6.32415e-06
4.61779e-06
2.39575e-05
-1.48214e-05
1.12981e-05
-9.7231e-06
8.41665e-06
-7.90511e-06
8.63878e-06
-9.60515e-06
1.14735e-05
0.000104494
-1.26487e-05
3.58636e-05
-9.25683e-06
1.56149e-05
-8.95417e-06
4.23399e-05
-1.35038e-05
1.0916e-05
3.99761e-05
-2.01942e-05
1.75789e-05
-2.01942e-05
1.12538e-05
-8.61034e-06
1.7579e-05
-8.61037e-06
1.63819e-06
-3.51657e-06
9.29732e-08
5.46346e-06
5.08071e-06
-2.40883e-06
-4.3934e-07
-1.70212e-05
9.91378e-06
-7.77848e-06
-3.94818e-05
2.46903e-05
-2.92284e-05
2.46903e-05
-1.52162e-05
1.80602e-05
-2.92284e-05
1.80601e-05
-2.15983e-05
-3.51522e-06
5.08005e-06
-1.70205e-05
9.19409e-08
-2.40831e-06
9.91325e-06
5.46473e-06
-4.40034e-07
-7.77774e-06
0.00121486
0.000435369
0.000243147
0.000365501
0.000170775
-3.67691e-06
0.000142013
-2.59756e-06
9.08564e-05
0.000104492
-9.25684e-06
4.23393e-05
-1.26496e-05
1.56147e-05
-1.35038e-05
3.58638e-05
-8.95446e-06
1.09165e-05
2.39567e-05
-9.72298e-06
8.63937e-06
-1.48205e-05
8.41631e-06
-9.60529e-06
1.12964e-05
-7.9043e-06
1.14731e-05
4.55615e-05
-4.48566e-06
2.98875e-05
4.00306e-07
4.51138e-06
-6.32508e-06
1.64932e-05
-3.75039e-06
4.61958e-06
-0.751925
-0.480899
-0.168607
-0.0473743
0.188633
0.422993
0.51192
0.65214
0.763835
0.173105
0.466962
0.690997
0.635959
0.776094
0.83728
0.830308
0.833171
0.776958
0.784915
0.701685
0.590967
0.608386
0.502683
0.392774
0.404237
0.313041
0.229392
0.806423
0.836385
0.832241
0.816637
0.773167
0.704532
0.660794
0.586762
0.501139
0.819913
0.831913
0.752559
0.812516
0.718486
0.582024
0.666388
0.533662
0.395924
0.605916
0.446874
0.30008
0.42448
0.288181
0.179683
0.265539
0.167742
0.0975098
0.144304
0.0849049
0.046296
0.0726617
0.0403157
0.0206808
0.0331598
0.0173137
0.00843728
0.460203
0.338728
0.23236
0.283493
0.194865
0.125225
0.155067
0.100292
0.060601
0.0725397
0.0442361
0.0252286
0.031647
0.0182857
0.00991152
0.0123176
0.00681681
0.00350034
0.0128949
0.00647814
0.00285203
0.00485999
0.00222892
0.00104987
0.00159677
0.000760831
0.000246312
0.000513022
0.000157045
0.000134317
9.63184e-05
8.06679e-05
-2.4234e-05
3.37202e-05
-1.71858e-05
5.31396e-05
0.00402285
0.00218043
0.000976858
0.00129526
0.000617927
0.00035583
0.000262088
0.000126561
3.57069e-08
0.441798
0.37165
0.299545
0.260537
0.209342
0.161106
0.135199
0.104288
0.0765105
0.22693
0.165605
0.1144
0.115858
0.0803432
0.052611
0.0524982
0.0346043
0.0217167
0.0200605
0.0125473
0.00751643
0.00714501
0.00434461
0.00248119
0.00148751
0.000879022
0.00045467
0.0596273
0.0436674
0.0305086
0.0233369
0.0166876
0.0114579
0.00656569
0.00407345
0.00241522
-0.751925
-0.047374
0.511921
-0.480897
0.188634
0.652141
-0.168605
0.422995
0.763836
0.806423
0.816637
0.660794
0.836385
0.773167
0.586762
0.832241
0.704531
0.501138
0.784915
0.608385
0.404236
0.701684
0.502681
0.31304
0.590964
0.392772
0.22939
0.173109
0.635961
0.830308
0.466966
0.776096
0.83317
0.691001
0.837281
0.776956
0.441798
0.260537
0.135199
0.37165
0.209341
0.104288
0.299545
0.161105
0.0765103
0.0596273
0.0233369
0.00656568
0.0436674
0.0166876
0.00407345
0.0305085
0.0114579
0.00241521
0.0200604
0.00714498
0.0014875
0.0125472
0.00434459
0.000879014
0.00751636
0.00248117
0.000454665
0.226929
0.115858
0.052498
0.165604
0.0803427
0.0346041
0.114399
0.0526106
0.0217165
0.0725389
0.0316467
0.0123175
0.0442355
0.0182854
0.00681671
0.0252281
0.00991133
0.00350027
0.0040228
0.00129524
0.000262086
0.00218039
0.000617919
0.000126558
0.000976837
0.000355824
3.51872e-08
0.000513007
9.63184e-05
3.37158e-05
0.000157042
8.06649e-05
-1.71839e-05
0.000134312
-2.42335e-05
5.31378e-05
0.0128946
0.00485988
0.00159673
0.00647796
0.00222885
0.000760811
0.00285193
0.00104983
0.000246299
0.819915
0.812514
0.666385
0.831912
0.718482
0.533657
0.752555
0.582019
0.395919
0.4602
0.283491
0.155065
0.338724
0.194863
0.100291
0.232357
0.125223
0.0606
0.144301
0.0726602
0.0331591
0.0849028
0.0403147
0.0173132
0.0462946
0.0206802
0.008437
0.60591
0.424474
0.265534
0.446867
0.288176
0.167738
0.300074
0.179678
0.0975071
0.178596
0.0992819
0.0504707
0.0992819
0.051852
0.0247776
0.0504707
0.0247776
0.0111347
0.0221231
0.00958287
0.0034576
0.0105031
0.00402322
0.00160493
0.00421579
0.00176945
0.000476708
0.00166356
0.000549663
0.000250006
0.000549663
0.000229357
1.46363e-05
0.000250006
1.46364e-05
9.3163e-05
0.0221231
0.0105031
0.0042158
0.00958288
0.00402322
0.00176945
0.00345761
0.00160493
0.000476709
0.00121479
0.000365489
0.000142003
0.000435348
0.000170764
-2.59738e-06
0.000243129
-3.67764e-06
9.08535e-05
4.55621e-05
3.98681e-07
1.64952e-05
-4.48762e-06
4.51208e-06
-3.75158e-06
2.98892e-05
-6.326e-06
4.62068e-06
2.39562e-05
-1.482e-05
1.12955e-05
-9.7227e-06
8.41606e-06
-7.90377e-06
8.6398e-06
-9.6055e-06
1.14731e-05
0.000104488
-1.26514e-05
3.5864e-05
-9.25927e-06
1.56147e-05
-8.95499e-06
4.234e-05
-1.35048e-05
1.09177e-05
3.99767e-05
-2.01948e-05
1.75803e-05
-2.01948e-05
1.1254e-05
-8.6109e-06
1.75803e-05
-8.61091e-06
1.63888e-06
-3.51181e-06
8.97323e-08
5.4675e-06
5.07811e-06
-2.40702e-06
-4.41748e-07
-1.70188e-05
9.91204e-06
-7.77597e-06
-3.94829e-05
2.4691e-05
-2.9229e-05
2.46911e-05
-1.52167e-05
1.80607e-05
-2.92291e-05
1.80607e-05
-2.15988e-05
-3.51171e-06
5.07807e-06
-1.70188e-05
8.96592e-08
-2.40699e-06
9.91202e-06
5.46759e-06
-4.41785e-07
-7.77595e-06
0.00121479
0.00043535
0.000243128
0.00036549
0.000170764
-3.677e-06
0.000142002
-2.59669e-06
9.08529e-05
0.000104488
-9.25929e-06
4.23401e-05
-1.26514e-05
1.56147e-05
-1.35048e-05
3.5864e-05
-8.95503e-06
1.09178e-05
2.39563e-05
-9.72272e-06
8.63987e-06
-1.482e-05
8.41605e-06
-9.60552e-06
1.12954e-05
-7.90374e-06
1.14731e-05
4.55619e-05
-4.48758e-06
2.98893e-05
3.98683e-07
4.51211e-06
-6.32605e-06
1.64954e-05
-3.75172e-06
4.62086e-06
-0.751933
-0.480905
-0.168611
-0.0473822
0.188628
0.42299
0.511915
0.652138
0.763834
0.173104
0.466963
0.691
0.635959
0.776095
0.837281
0.830308
0.833171
0.776957
0.784916
0.701685
0.590965
0.608386
0.502682
0.392773
0.404238
0.313041
0.229391
0.806421
0.836385
0.832242
0.816638
0.773168
0.704532
0.660796
0.586764
0.50114
0.819914
0.831912
0.752556
0.812515
0.718483
0.58202
0.666386
0.533658
0.39592
0.605911
0.446867
0.300074
0.424475
0.288176
0.179678
0.265535
0.167739
0.0975073
0.144302
0.084903
0.0462947
0.0726604
0.0403148
0.0206802
0.0331592
0.0173132
0.00843702
0.460201
0.338725
0.232357
0.283492
0.194863
0.125223
0.155066
0.100291
0.0606002
0.0725392
0.0442357
0.0252282
0.0316468
0.0182855
0.00991137
0.0123175
0.00681673
0.00350028
0.0128947
0.00647798
0.00285193
0.00485989
0.00222886
0.00104984
0.00159673
0.000760812
0.0002463
0.000513009
0.000157042
0.000134312
9.63185e-05
8.0665e-05
-2.42335e-05
3.37156e-05
-1.71837e-05
5.31376e-05
0.00402282
0.0021804
0.00097684
0.00129525
0.00061792
0.000355825
0.000262087
0.000126559
3.51906e-08
0.441801
0.371652
0.299546
0.260539
0.209343
0.161106
0.1352
0.104288
0.0765108
0.22693
0.165605
0.1144
0.115859
0.0803431
0.0526108
0.0524983
0.0346043
0.0217166
0.0200605
0.0125473
0.0075164
0.00714503
0.00434461
0.00248118
0.00148751
0.00087902
0.000454668
0.0596279
0.0436677
0.0305088
0.0233371
0.0166877
0.011458
0.00656575
0.00407349
0.00241523
