FiniteElementSpace
FiniteElementCollection: H1_2D_P4
VDim: 1
Ordering: 0

-0.0890421
9.35762e-14
9.35736e-14
7.76165e-35
9.3577e-14
7.76496e-35
9.3577e-14
7.7667e-35
9.35736e-14
7.76496e-35
7.76165e-35
0.139657
4.87272e-21
4.87272e-21
0.139658
4.87302e-21
4.87451e-21
0.139657
4.87525e-21
4.87533e-21
0.139657
4.87451e-21
4.87302e-21
0.139658
4.87272e-21
4.87272e-21
0.0179421
0.0179423
0.0179426
0.0179426
0.0179421
-0.134896
0.148817
0.148817
-0.134896
0.148817
0.148818
-0.134896
0.148818
0.148818
-0.134896
0.148818
0.148818
-0.134896
0.148817
0.148817
0.0449956
1.39243e-16
0.000108758
4.0102e-27
4.01022e-27
0.000108758
1.39242e-16
0.0449953
1.39245e-16
0.000108761
4.01112e-27
4.01183e-27
0.000108768
1.39265e-16
0.0449957
1.39274e-16
0.000108773
4.01258e-27
4.0126e-27
0.000108773
1.39276e-16
0.0449957
1.39265e-16
0.000108769
4.01183e-27
4.01112e-27
0.000108762
1.39245e-16
0.0449953
1.39242e-16
0.000108758
4.01022e-27
4.0102e-27
0.000108758
1.39243e-16
-0.00690283
-0.00690271
-0.00690401
-0.0069031
-0.00690283
0.00670116
7.12894e-07
0.00670113
0.00670116
7.13078e-07
0.00670135
0.00670146
7.132e-07
0.00670147
0.00670138
7.13092e-07
0.0067012
0.00670113
7.12894e-07
0.00670116
-0.105693
-0.117558
-0.117558
-0.105693
-0.0523648
0.173454
0.150622
0.072562
0.0725619
0.150623
0.173454
-0.0523642
-0.117557
-0.117558
-0.105693
0.173454
0.150623
0.0725622
0.0725624
0.150622
0.173454
-0.0523649
-0.117558
-0.117558
-0.105693
0.173454
0.150622
0.0725632
0.0725632
0.150622
0.173454
-0.0523649
-0.117558
-0.117558
-0.105693
0.173454
0.150622
0.0725629
0.0725628
0.150622
0.173454
-0.0523642
-0.117558
-0.117558
0.173454
0.150623
0.0725619
0.072562
0.150622
0.173454
0.148284
0.0218182
0.0504986
0.0049641
5.76828e-15
0.000358697
1.31628e-18
2.32214e-07
0.00118391
0.00209845
1.70897e-06
1.70897e-06
0.00209845
7.06389e-24
1.68794e-06
8.91529e-31
8.91533e-31
1.68794e-06
7.06393e-24
2.32191e-07
0.0504985
0.0218181
0.148284
0.00118391
1.31628e-18
0.000358695
5.76819e-15
0.00496405
0.0218181
0.0504986
5.76822e-15
0.000358698
1.31633e-18
2.32334e-07
0.00118392
0.00209849
1.70947e-06
1.70969e-06
0.00209854
7.0649e-24
1.68795e-06
8.91819e-31
8.91903e-31
1.68796e-06
7.06665e-24
2.32685e-07
0.0504992
0.0218185
0.148284
0.00118397
1.31662e-18
0.000358716
5.76872e-15
0.00496411
0.0218186
0.0504997
5.76887e-15
0.000358724
1.31675e-18
2.32872e-07
0.00118401
0.00209861
1.71019e-06
1.71021e-06
0.00209861
7.06784e-24
1.68793e-06
8.92086e-31
8.92087e-31
1.68792e-06
7.06791e-24
2.32891e-07
0.0504997
0.0218187
0.148284
0.00118401
1.31678e-18
0.000358726
5.76892e-15
0.00496411
0.0218185
0.0504994
5.76872e-15
0.000358717
1.31662e-18
2.32737e-07
0.00118398
0.00209858
1.70978e-06
1.70954e-06
0.00209853
7.06665e-24
1.68796e-06
8.91903e-31
8.91819e-31
1.68796e-06
7.0649e-24
2.3237e-07
0.0504988
0.0218182
0.148284
0.00118393
1.31633e-18
0.000358699
5.76822e-15
0.00496405
0.0218181
0.0504985
5.76819e-15
0.000358695
1.31628e-18
2.32194e-07
0.00118391
0.00209845
1.70897e-06
1.70897e-06
0.00209845
7.06393e-24
1.68794e-06
8.91533e-31
8.91529e-31
1.68794e-06
7.06389e-24
2.32214e-07
0.0504986
0.0218182
0.00118391
1.31628e-18
0.000358697
5.76828e-15
-0.127491
0.0366208
0.160774
0.0366212
-0.127491
0.0366214
0.160774
0.0366207
-0.127491
0.0366199
0.160775
0.0366199
-0.127491
0.0366205
0.160774
0.036621
-0.127491
0.0366212
0.160774
0.0366208
0.10542
0.00171583
4.1511e-05
0.0141655
0.000148535
9.1425e-07
7.02594e-08
9.14271e-07
0.105419
0.0141654
4.15109e-05
0.00171582
0.105419
0.00171582
4.15116e-05
0.0141656
0.000148543
9.14378e-07
7.01652e-08
9.14457e-07
0.10542
0.0141658
4.15148e-05
0.00171587
0.105421
0.00171589
4.15166e-05
0.0141661
0.000148554
9.14526e-07
7.01046e-08
9.14563e-07
0.105421
0.0141661
4.15168e-05
0.0017159
0.10542
0.00171588
4.1515e-05
0.0141659
0.000148546
9.14481e-07
7.0164e-08
9.14365e-07
0.10542
0.0141657
4.15118e-05
0.00171583
0.105419
0.00171582
4.15109e-05
0.0141654
0.000148535
9.14269e-07
7.02591e-08
9.1425e-07
0.10542
0.0141655
4.1511e-05
0.00171583
-0.089545
-0.0932295
-0.100516
-0.107875
-0.114342
-0.122878
-0.107875
-0.114342
-0.122878
-0.089545
-0.0932295
-0.100516
-0.132941
-0.123529
-0.11159
-0.134807
-0.132579
-0.124972
-0.12766
-0.134878
-0.131496
-0.0343199
-0.0774346
-0.107092
-0.0343198
-0.0774346
-0.107092
-0.12766
-0.134878
-0.131496
-0.134807
-0.132579
-0.124972
-0.132942
-0.123529
-0.11159
-0.133368
-0.117333
-0.0803084
-0.0418967
-0.0162372
0.0167633
-0.102235
-0.0583309
0.00163889
0.112798
0.048702
-0.0197433
0.146979
0.160207
0.1703
0.165259
0.128927
0.0713802
0.158448
0.170777
0.174656
0.162172
0.174557
0.165037
0.134848
0.0981304
0.057613
0.0226774
0.0800765
0.130388
0.16287
0.174339
0.169428
0.16287
0.174339
0.169428
0.0226774
0.0800766
0.130388
0.137412
0.112468
0.0860072
0.0883626
0.119912
0.148777
0.0240437
0.0394745
0.0599754
0.0240437
0.0394745
0.0599753
0.0883625
0.119912
0.148777
0.137412
0.112468
0.0860071
0.162172
0.174557
0.165037
-0.102234
-0.0583307
0.00163927
-0.0418962
-0.0162367
0.0167637
-0.133368
-0.117333
-0.0803079
0.134848
0.0981307
0.0576134
0.158448
0.170777
0.174656
0.165259
0.128927
0.0713806
0.146979
0.160208
0.1703
0.112798
0.0487028
-0.0197426
-0.107875
-0.114342
-0.122878
-0.107875
-0.114342
-0.122878
-0.089545
-0.0932295
-0.100516
-0.134807
-0.132579
-0.124972
-0.12766
-0.134878
-0.131496
-0.0343197
-0.0774344
-0.107092
-0.0343198
-0.0774345
-0.107092
-0.12766
-0.134878
-0.131496
-0.134808
-0.132579
-0.124972
-0.132941
-0.123529
-0.11159
-0.0418961
-0.0162366
0.0167639
-0.102234
-0.0583305
0.00163945
0.146979
0.160208
0.1703
0.165259
0.128927
0.0713808
0.158448
0.170777
0.174656
0.162172
0.174557
0.165037
0.134848
0.0981308
0.0576135
0.0226776
0.0800766
0.130388
0.16287
0.174339
0.169429
0.162869
0.174339
0.169429
0.0226775
0.0800765
0.130388
0.137412
0.112468
0.0860074
0.0883628
0.119912
0.148777
0.0240439
0.0394748
0.0599756
0.0240439
0.0394748
0.0599758
0.088363
0.119913
0.148777
0.137412
0.112468
0.0860076
0.162172
0.174557
0.165037
-0.102235
-0.0583309
0.00163885
-0.0418969
-0.0162374
0.0167632
-0.133368
-0.117333
-0.0803086
0.134848
0.0981303
0.0576129
0.158448
0.170777
0.174656
0.165259
0.128927
0.0713801
0.146979
0.160207
0.1703
0.112797
0.0487017
-0.0197435
-0.107875
-0.114342
-0.122878
-0.107875
-0.114342
-0.122878
-0.089545
-0.0932295
-0.100516
-0.134808
-0.132579
-0.124973
-0.12766
-0.134878
-0.131496
-0.0343209
-0.0774353
-0.107092
-0.0343209
-0.0774353
-0.107092
-0.12766
-0.134878
-0.131496
-0.134808
-0.132579
-0.124973
-0.132941
-0.123529
-0.11159
-0.041897
-0.0162378
0.0167625
-0.102235
-0.0583316
0.00163807
0.146979
0.160207
0.1703
0.165258
0.128926
0.0713793
0.158448
0.170777
0.174656
0.162172
0.174557
0.165036
0.134847
0.0981294
0.057612
0.0226761
0.0800752
0.130387
0.162869
0.174339
0.169429
0.162869
0.174339
0.169429
0.0226761
0.0800752
0.130387
0.137413
0.112469
0.0860084
0.0883638
0.119913
0.148778
0.0240444
0.0394754
0.0599765
0.0240444
0.0394754
0.0599765
0.0883638
0.119913
0.148778
0.137413
0.112469
0.0860084
0.162172
0.174557
0.165036
-0.102235
-0.0583316
0.00163807
-0.041897
-0.0162378
0.0167625
-0.133368
-0.117333
-0.0803086
0.134847
0.0981294
0.057612
0.158448
0.170777
0.174656
0.165258
0.128926
0.0713793
0.146979
0.160207
0.1703
0.112797
0.0487017
-0.0197435
-0.107875
-0.114342
-0.122878
-0.107875
-0.114342
-0.122878
-0.089545
-0.0932295
-0.100516
-0.134808
-0.132579
-0.124972
-0.12766
-0.134878
-0.131496
-0.0343201
-0.0774347
-0.107092
-0.03432
-0.0774346
-0.107092
-0.12766
-0.134878
-0.131496
-0.134807
-0.132579
-0.124972
-0.132942
-0.123529
-0.11159
-0.0418969
-0.0162375
0.016763
-0.102235
-0.0583311
0.00163862
0.146979
0.160207
0.1703
0.165259
0.128926
0.0713798
0.158448
0.170777
0.174656
0.162172
0.174557
0.165036
0.134848
0.09813
0.0576126
0.0226771
0.080076
0.130388
0.162869
0.174339
0.169429
0.162869
0.174339
0.169429
0.0226771
0.0800761
0.130388
0.137413
0.112469
0.0860081
0.0883636
0.119913
0.148778
0.0240443
0.0394753
0.0599763
0.0240443
0.0394753
0.0599762
0.0883635
0.119913
0.148778
0.137412
0.112468
0.086008
0.162172
0.174557
0.165037
-0.102234
-0.0583307
0.00163915
-0.0418962
-0.0162367
0.0167636
-0.133368
-0.117333
-0.0803079
0.134848
0.0981304
0.0576131
0.158448
0.170777
0.174656
0.165259
0.128927
0.0713805
0.146979
0.160208
0.1703
0.112798
0.0487028
-0.0197426
-0.107875
-0.114342
-0.122878
-0.107875
-0.114342
-0.122878
-0.134807
-0.132579
-0.124972
-0.12766
-0.134878
-0.131496
-0.0343198
-0.0774346
-0.107092
-0.0343199
-0.0774346
-0.107092
-0.12766
-0.134878
-0.131496
-0.134807
-0.132579
-0.124972
-0.0418962
-0.0162367
0.0167637
-0.102234
-0.0583307
0.00163927
0.146979
0.160208
0.1703
0.165259
0.128927
0.0713806
0.158448
0.170777
0.174656
0.162172
0.174557
0.165037
0.134848
0.0981307
0.0576134
0.0226774
0.0800766
0.130388
0.16287
0.174339
0.169428
0.16287
0.174339
0.169428
0.0226774
0.0800765
0.130388
0.137412
0.112468
0.0860071
0.0883625
0.119912
0.148777
0.0240437
0.0394745
0.0599753
0.0240437
0.0394745
0.0599754
0.0883626
0.119912
0.148777
0.137412
0.112468
0.0860072
0.162172
0.174557
0.165037
-0.102235
-0.0583309
0.00163889
-0.0418967
-0.0162372
0.0167633
0.134848
0.0981304
0.057613
0.158448
0.170777
0.174656
0.165259
0.128927
0.0713802
0.146979
0.160207
0.1703
0.159408
0.174644
0.162737
0.142784
0.130031
0.114498
0.173985
0.157006
0.124778
0.0595848
0.0933453
0.13044
0.0408431
0.0329628
0.0254718
0.0307343
0.0543167
0.0863022
0.00852737
0.0128833
0.0184388
0.0101399
0.0206305
0.0380541
0.059371
0.0773939
0.0959094
0.132425
0.0978418
0.0651717
0.0329746
0.0168696
0.00778316
0.0042738
0.00310297
0.00213729
0.0150524
0.00689127
0.00285136
0.000308941
0.00113333
0.0030749
6.18433e-14
2.61216e-14
9.97893e-15
7.20244e-05
0.000329094
0.00100666
2.83215e-16
1.00764e-15
3.24242e-15
1.10764e-05
5.83251e-05
0.00019602
0.000487012
0.000841216
0.00136224
0.0043113
0.00173458
0.000634281
0.000258987
0.000131953
6.34939e-05
0.0007059
0.000249033
7.85677e-05
0.00517957
0.0030346
0.00166707
6.65722e-17
1.52214e-17
3.14772e-18
1.89029e-06
4.68349e-06
2.26817e-05
1.37e-20
9.00439e-20
5.35258e-19
-1.77297e-07
4.82474e-07
1.25664e-06
5.3856e-06
1.0954e-05
2.7376e-05
6.34386e-05
1.7602e-05
6.78349e-06
0.000174829
0.000394337
0.000823895
0.0422678
0.028803
0.0184147
0.0581094
0.0356147
0.0199403
0.00193197
0.00455389
0.00980361
0.000194439
0.000534583
0.00133471
0.00306158
0.00593088
0.0106812
0.0130771
0.00675351
0.00320996
0.0014029
0.000620824
0.000252378
0.00140289
0.000620823
0.000252378
0.0130771
0.00675351
0.00320995
7.06781e-05
2.49461e-05
1.11167e-05
1.19111e-05
2.93763e-05
9.24728e-05
1.91356e-07
7.86984e-07
3.25351e-06
1.91355e-07
7.86986e-07
3.2535e-06
1.19111e-05
2.93763e-05
9.24728e-05
7.06779e-05
2.49461e-05
1.11167e-05
0.000194438
0.000534581
0.0013347
1.69606e-06
6.4814e-07
-2.31522e-07
3.00419e-06
6.71066e-07
4.49638e-08
1.68532e-21
2.08594e-22
2.33506e-23
1.51287e-09
1.07936e-08
-1.5571e-07
1.55856e-26
1.89234e-25
2.07802e-24
-3.42941e-07
3.56816e-07
-5.88145e-07
-3.38853e-07
8.7713e-08
-3.70227e-08
-2.24699e-07
2.32722e-07
-4.25138e-07
-5.4006e-07
2.34799e-07
-1.7044e-07
-5.40061e-07
2.348e-07
-1.7044e-07
-2.247e-07
2.32722e-07
-4.25138e-07
1.00338e-27
6.72271e-29
4.07378e-30
-1.11155e-07
2.65681e-08
1.03048e-08
4.16985e-34
9.35274e-33
1.89729e-31
4.16986e-34
9.35276e-33
1.8973e-31
-1.11155e-07
2.65679e-08
1.0305e-08
1.00339e-27
6.72275e-29
4.0738e-30
-3.42942e-07
3.56817e-07
-5.88145e-07
3.00417e-06
6.71073e-07
4.49539e-08
1.69605e-06
6.48145e-07
-2.31532e-07
6.34384e-05
1.76019e-05
6.78349e-06
-3.38853e-07
8.77129e-08
-3.70244e-08
1.55857e-26
1.89235e-25
2.07803e-24
1.51248e-09
1.07949e-08
-1.55713e-07
1.68532e-21
2.08594e-22
2.33507e-23
-1.77303e-07
4.82476e-07
1.25663e-06
0.173985
0.157006
0.124777
0.142784
0.130031
0.114497
0.159409
0.174644
0.162737
0.132424
0.0978416
0.0651715
0.0593708
0.0773937
0.0959092
0.0101399
0.0206304
0.038054
0.00852733
0.0128833
0.0184387
0.0307342
0.0543164
0.0863019
0.0408428
0.0329626
0.0254716
0.0595844
0.0933448
0.130439
0.0581093
0.0356147
0.0199403
0.0422677
0.0288029
0.0184146
0.00306158
0.00593087
0.0106812
0.000174829
0.000394336
0.000823893
0.00193196
0.00455388
0.00980358
0.00517955
0.00303458
0.00166706
0.000705898
0.000249032
7.85675e-05
0.000258986
0.000131952
6.34937e-05
0.00431128
0.00173457
0.000634278
5.38559e-06
1.0954e-05
2.7376e-05
1.37e-20
9.00439e-20
5.35258e-19
1.89029e-06
4.68347e-06
2.26817e-05
6.65718e-17
1.52214e-17
3.14771e-18
1.10764e-05
5.83249e-05
0.000196019
0.0150523
0.00689122
0.00285134
0.00427376
0.00310294
0.00213728
0.0329744
0.0168695
0.00778308
0.000487009
0.000841211
0.00136223
2.83213e-16
1.00763e-15
3.24237e-15
7.20239e-05
0.000329092
0.00100665
6.18417e-14
2.61211e-14
9.97875e-15
0.000308937
0.00113332
0.00307487
0.142784
0.130031
0.114497
0.173985
0.157006
0.124777
0.0408428
0.0329626
0.0254716
0.0307342
0.0543165
0.086302
0.00852737
0.0128833
0.0184387
0.0101399
0.0206305
0.0380541
0.0593709
0.0773938
0.0959092
0.132424
0.0978418
0.0651716
0.00427376
0.00310294
0.00213728
0.0150524
0.00689123
0.00285135
6.18418e-14
2.61211e-14
9.97879e-15
7.20241e-05
0.000329093
0.00100665
2.83217e-16
1.00764e-15
3.2424e-15
1.10765e-05
5.83253e-05
0.00019602
0.000487012
0.000841215
0.00136223
0.00431131
0.00173458
0.000634282
0.000258988
0.000131954
6.34947e-05
0.000705908
0.000249035
7.85688e-05
0.00517958
0.00303461
0.00166708
6.65731e-17
1.52218e-17
3.14781e-18
1.89033e-06
4.68357e-06
2.2682e-05
1.37008e-20
9.00482e-20
5.35279e-19
-1.77335e-07
4.82506e-07
1.25664e-06
5.38572e-06
1.09543e-05
2.73765e-05
6.34401e-05
1.76024e-05
6.78366e-06
0.000174833
0.000394343
0.000823905
0.0422678
0.0288031
0.0184147
0.0581096
0.0356149
0.0199404
0.00193198
0.00455393
0.00980368
0.000194443
0.000534593
0.00133473
0.00306163
0.00593095
0.0106813
0.0130773
0.00675361
0.00321001
0.00140293
0.000620845
0.00025239
0.00140296
0.000620854
0.000252391
0.0130774
0.00675369
0.00321008
7.06802e-05
2.49472e-05
1.11173e-05
1.19117e-05
2.93781e-05
9.2478e-05
1.9131e-07
7.87114e-07
3.25363e-06
1.91311e-07
7.87133e-07
3.25372e-06
1.1912e-05
2.93787e-05
9.24785e-05
7.06843e-05
2.49486e-05
1.11176e-05
0.000194454
0.000534616
0.00133477
1.69606e-06
6.48203e-07
-2.31567e-07
3.00427e-06
6.71175e-07
4.49065e-08
1.68544e-21
2.08615e-22
2.33536e-23
1.51321e-09
1.08011e-08
-1.55723e-07
1.5589e-26
1.89269e-25
2.07835e-24
-3.42955e-07
3.56822e-07
-5.88149e-07
-3.38852e-07
8.77168e-08
-3.7036e-08
-2.24728e-07
2.32739e-07
-4.2515e-07
-5.40071e-07
2.34806e-07
-1.70435e-07
-5.40074e-07
2.34806e-07
-1.70434e-07
-2.24727e-07
2.32738e-07
-4.25147e-07
1.00363e-27
6.72458e-29
4.07504e-30
-1.11117e-07
2.65383e-08
1.03506e-08
4.17156e-34
9.35625e-33
1.89794e-31
4.17163e-34
9.3567e-33
1.89809e-31
-1.11113e-07
2.65353e-08
1.03532e-08
1.0038e-27
6.7255e-29
4.07549e-30
-3.4297e-07
3.5683e-07
-5.88158e-07
3.00438e-06
6.71234e-07
4.48932e-08
1.69621e-06
6.48281e-07
-2.31596e-07
6.34445e-05
1.7604e-05
6.78423e-06
-3.38855e-07
8.77177e-08
-3.70353e-08
1.55919e-26
1.89309e-25
2.07884e-24
1.51971e-09
1.08085e-08
-1.55735e-07
1.68595e-21
2.08673e-22
2.33597e-23
-1.77377e-07
4.82572e-07
1.25675e-06
0.173985
0.157006
0.124778
0.142784
0.130031
0.114498
0.159408
0.174644
0.162737
0.132425
0.0978423
0.0651722
0.0593716
0.0773945
0.0959099
0.0101402
0.0206309
0.0380547
0.00852759
0.0128836
0.018439
0.0307347
0.0543171
0.0863027
0.0408432
0.032963
0.025472
0.0595849
0.0933455
0.13044
0.0581099
0.0356152
0.0199407
0.0422683
0.0288035
0.018415
0.0030617
0.00593108
0.0106815
0.000174843
0.000394364
0.000823943
0.00193206
0.00455406
0.00980389
0.00517974
0.00303472
0.00166715
0.000705942
0.00024905
7.85745e-05
0.000259003
0.000131962
6.34994e-05
0.00431144
0.00173465
0.000634311
5.38618e-06
1.09554e-05
2.73787e-05
1.37048e-20
9.00719e-20
5.35405e-19
1.89049e-06
4.68411e-06
2.26839e-05
6.65837e-17
1.52246e-17
3.14846e-18
1.10772e-05
5.8329e-05
0.000196031
0.0150526
0.00689139
0.00285142
0.00427383
0.00310301
0.00213734
0.0329747
0.0168696
0.00778318
0.000487035
0.000841247
0.00136227
2.83255e-16
1.00775e-15
3.24271e-15
7.2027e-05
0.000329104
0.00100669
6.18445e-14
2.61227e-14
9.97956e-15
0.000308941
0.00113334
0.00307491
0.142784
0.130032
0.114498
0.173985
0.157006
0.124778
0.0408433
0.0329631
0.0254721
0.0307348
0.0543173
0.086303
0.00852771
0.0128837
0.0184392
0.0101403
0.0206312
0.0380551
0.0593721
0.0773949
0.0959103
0.132426
0.097843
0.0651728
0.00427383
0.00310302
0.00213735
0.0150527
0.00689144
0.00285145
6.18448e-14
2.6123e-14
9.97977e-15
7.2028e-05
0.000329108
0.0010067
2.83271e-16
1.0078e-15
3.24281e-15
1.10775e-05
5.83306e-05
0.000196036
0.000487045
0.000841261
0.00136229
0.00431152
0.00173468
0.000634326
0.000259009
0.000131966
6.35018e-05
0.000705965
0.000249059
7.85777e-05
0.00517983
0.00303478
0.00166719
6.65882e-17
1.52258e-17
3.14876e-18
1.89059e-06
4.68437e-06
2.26849e-05
1.37067e-20
9.00831e-20
5.35464e-19
-1.77398e-07
4.82607e-07
1.25683e-06
5.38644e-06
1.0956e-05
2.738e-05
6.34476e-05
1.76051e-05
6.78455e-06
0.000174851
0.000394379
0.00082397
0.0422688
0.0288039
0.0184154
0.0581106
0.0356157
0.0199411
0.00193211
0.00455417
0.00980409
0.000194463
0.000534637
0.00133482
0.00306179
0.00593122
0.0106817
0.0130776
0.00675386
0.00321017
0.00140301
0.000620884
0.000252407
0.00140301
0.000620884
0.000252407
0.0130776
0.00675386
0.00321017
7.06879e-05
2.49502e-05
1.11183e-05
1.19128e-05
2.9381e-05
9.24849e-05
1.91304e-07
7.87235e-07
3.25394e-06
1.913e-07
7.8724e-07
3.25394e-06
1.19128e-05
2.9381e-05
9.24849e-05
7.0688e-05
2.49503e-05
1.11183e-05
0.000194463
0.000534637
0.00133482
1.6963e-06
6.48329e-07
-2.31605e-07
3.00457e-06
6.71315e-07
4.48818e-08
1.6862e-21
2.08706e-22
2.33635e-23
1.52017e-09
1.08141e-08
-1.55744e-07
1.55948e-26
1.89343e-25
2.0792e-24
-3.4297e-07
3.56826e-07
-5.88146e-07
-3.3884e-07
8.77141e-08
-3.70382e-08
-2.24742e-07
2.32745e-07
-4.25145e-07
-5.4007e-07
2.34805e-07
-1.70427e-07
-5.40065e-07
2.34802e-07
-1.70423e-07
-2.24743e-07
2.32745e-07
-4.25142e-07
1.00399e-27
6.72681e-29
4.07631e-30
-1.11096e-07
2.65207e-08
1.03761e-08
4.17255e-34
9.35871e-33
1.89848e-31
4.17255e-34
9.35871e-33
1.89848e-31
-1.11094e-07
2.65177e-08
1.03796e-08
1.00399e-27
6.72683e-29
4.07632e-30
-3.42974e-07
3.56828e-07
-5.88147e-07
3.00456e-06
6.71324e-07
4.48695e-08
1.69631e-06
6.48339e-07
-2.31619e-07
6.34478e-05
1.76052e-05
6.78458e-06
-3.38842e-07
8.77166e-08
-3.70443e-08
1.55949e-26
1.89344e-25
2.07921e-24
1.52031e-09
1.08183e-08
-1.55753e-07
1.68623e-21
2.08709e-22
2.33638e-23
-1.774e-07
4.82608e-07
1.25683e-06
0.173985
0.157006
0.124778
0.142784
0.130032
0.114498
0.159408
0.174644
0.162737
0.132426
0.097843
0.0651729
0.0593721
0.077395
0.0959104
0.0101403
0.0206312
0.0380551
0.00852772
0.0128837
0.0184392
0.0307349
0.0543174
0.0863031
0.0408433
0.0329632
0.0254722
0.0595849
0.0933455
0.13044
0.0581106
0.0356157
0.0199411
0.0422689
0.0288039
0.0184154
0.00306179
0.00593123
0.0106817
0.000174851
0.00039438
0.000823972
0.00193212
0.00455418
0.0098041
0.00517984
0.00303479
0.0016672
0.000705966
0.00024906
7.8578e-05
0.000259011
0.000131967
6.35021e-05
0.00431153
0.00173469
0.000634328
5.38645e-06
1.0956e-05
2.73801e-05
1.3707e-20
9.00847e-20
5.35473e-19
1.8906e-06
4.68441e-06
2.2685e-05
6.65892e-17
1.5226e-17
3.14881e-18
1.10776e-05
5.83309e-05
0.000196037
0.0150528
0.00689146
0.00285145
0.00427383
0.00310302
0.00213736
0.0329747
0.0168696
0.00778318
0.000487047
0.000841264
0.00136229
2.83274e-16
1.00781e-15
3.24284e-15
7.20282e-05
0.000329109
0.0010067
6.18448e-14
2.61231e-14
9.97984e-15
0.000308941
0.00113334
0.00307491
0.142784
0.130032
0.114498
0.173985
0.157006
0.124778
0.0408432
0.0329631
0.025472
0.0307347
0.0543171
0.0863028
0.00852762
0.0128836
0.0184391
0.0101402
0.020631
0.0380548
0.0593718
0.0773946
0.0959101
0.132425
0.0978426
0.0651725
0.00427383
0.00310301
0.00213734
0.0150527
0.0068914
0.00285143
6.18445e-14
2.61227e-14
9.97956e-15
7.2027e-05
0.000329105
0.00100669
2.83255e-16
1.00775e-15
3.24271e-15
1.10772e-05
5.83291e-05
0.000196032
0.000487036
0.000841249
0.00136228
0.00431146
0.00173466
0.000634313
0.000259003
0.000131963
6.34997e-05
0.000705948
0.000249052
7.8575e-05
0.00517976
0.00303473
0.00166716
6.65837e-17
1.52246e-17
3.14846e-18
1.8905e-06
4.68413e-06
2.2684e-05
1.37048e-20
9.00719e-20
5.35405e-19
-1.7739e-07
4.82583e-07
1.25675e-06
5.38621e-06
1.09554e-05
2.73789e-05
6.34453e-05
1.76043e-05
6.78428e-06
0.000174845
0.000394368
0.000823951
0.0422685
0.0288037
0.0184152
0.0581103
0.0356155
0.0199409
0.00193207
0.0045541
0.00980397
0.000194457
0.000534624
0.00133479
0.00306175
0.00593115
0.0106816
0.0130776
0.0067538
0.00321013
0.00140298
0.000620864
0.000252395
0.00140295
0.000620855
0.000252394
0.0130775
0.00675373
0.00321007
7.06853e-05
2.49489e-05
1.11178e-05
1.19122e-05
2.93791e-05
9.24799e-05
1.91308e-07
7.87147e-07
3.25374e-06
1.91311e-07
7.87123e-07
3.25367e-06
1.19119e-05
2.93786e-05
9.24794e-05
7.06812e-05
2.49476e-05
1.11174e-05
0.000194446
0.000534602
0.00133475
1.69621e-06
6.48291e-07
-2.31605e-07
3.00439e-06
6.71251e-07
4.48826e-08
1.68595e-21
2.08673e-22
2.33597e-23
1.51969e-09
1.08098e-08
-1.55739e-07
1.55919e-26
1.89309e-25
2.07884e-24
-3.4297e-07
3.5683e-07
-5.88157e-07
-3.38856e-07
8.772e-08
-3.70403e-08
-2.24731e-07
2.3274e-07
-4.25148e-07
-5.40072e-07
2.34805e-07
-1.70433e-07
-5.40074e-07
2.34807e-07
-1.70437e-07
-2.24731e-07
2.32741e-07
-4.25152e-07
1.0038e-27
6.7255e-29
4.07549e-30
-1.11112e-07
2.6534e-08
1.0355e-08
4.17163e-34
9.3567e-33
1.89809e-31
4.17156e-34
9.35625e-33
1.89794e-31
-1.11118e-07
2.65388e-08
1.035e-08
1.00363e-27
6.72458e-29
4.07504e-30
-3.42954e-07
3.56821e-07
-5.88148e-07
3.00431e-06
6.71181e-07
4.49117e-08
1.69608e-06
6.48203e-07
-2.3156e-07
6.34409e-05
1.76027e-05
6.78371e-06
-3.38851e-07
8.77158e-08
-3.70332e-08
1.5589e-26
1.89269e-25
2.07835e-24
1.51336e-09
1.08004e-08
-1.55719e-07
1.68544e-21
2.08615e-22
2.33536e-23
-1.77331e-07
4.82506e-07
1.25665e-06
0.173985
0.157006
0.124777
0.142784
0.130031
0.114497
0.159409
0.174644
0.162737
0.132425
0.0978421
0.0651719
0.0593712
0.077394
0.0959094
0.01014
0.0206306
0.0380543
0.00852741
0.0128833
0.0184387
0.0307343
0.0543166
0.0863021
0.0408428
0.0329627
0.0254717
0.0595844
0.0933448
0.130439
0.0581101
0.0356152
0.0199406
0.0422681
0.0288033
0.0184149
0.00306168
0.00593103
0.0106814
0.000174835
0.000394348
0.000823913
0.001932
0.00455397
0.00980378
0.00517961
0.00303463
0.0016671
0.000705914
0.000249037
7.85693e-05
0.000258989
0.000131954
6.3495e-05
0.00431133
0.00173459
0.000634285
5.38575e-06
1.09544e-05
2.73766e-05
1.37008e-20
9.00482e-20
5.35279e-19
1.89032e-06
4.68359e-06
2.26821e-05
6.65731e-17
1.52218e-17
3.14781e-18
1.10765e-05
5.83255e-05
0.000196021
0.0150524
0.00689125
0.00285135
0.00427376
0.00310295
0.00213728
0.0329744
0.0168695
0.00778308
0.000487014
0.000841217
0.00136223
2.83217e-16
1.00764e-15
3.2424e-15
7.20242e-05
0.000329093
0.00100666
6.18418e-14
2.61211e-14
9.97879e-15
0.000308937
0.00113332
0.00307487
0.142784
0.130031
0.114497
0.173985
0.157006
0.124777
0.0408428
0.0329626
0.0254716
0.0307342
0.0543164
0.0863019
0.00852733
0.0128833
0.0184387
0.0101399
0.0206304
0.038054
0.0593708
0.0773937
0.0959092
0.132424
0.0978416
0.0651715
0.00427376
0.00310294
0.00213728
0.0150523
0.00689122
0.00285134
6.18417e-14
2.61211e-14
9.97875e-15
7.20239e-05
0.000329092
0.00100665
2.83213e-16
1.00763e-15
3.24237e-15
1.10764e-05
5.83249e-05
0.000196019
0.000487009
0.000841211
0.00136223
0.00431128
0.00173457
0.000634278
0.000258986
0.000131952
6.34937e-05
0.000705898
0.000249032
7.85675e-05
0.00517955
0.00303458
0.00166706
6.65718e-17
1.52214e-17
3.14771e-18
1.89029e-06
4.68347e-06
2.26817e-05
1.37e-20
9.00439e-20
5.35258e-19
-1.77302e-07
4.82474e-07
1.25663e-06
5.38559e-06
1.0954e-05
2.7376e-05
6.34384e-05
1.76019e-05
6.78349e-06
0.000174829
0.000394336
0.000823893
0.0422677
0.0288029
0.0184146
0.0581093
0.0356147
0.0199403
0.00193196
0.00455388
0.00980358
0.000194438
0.000534581
0.0013347
0.00306158
0.00593087
0.0106812
0.0130771
0.00675351
0.00320995
0.00140289
0.000620823
0.000252378
0.0014029
0.000620824
0.000252378
0.0130771
0.00675351
0.00320996
7.06779e-05
2.49461e-05
1.11167e-05
1.19111e-05
2.93763e-05
9.24728e-05
1.91355e-07
7.86986e-07
3.2535e-06
1.91356e-07
7.86984e-07
3.25351e-06
1.19111e-05
2.93763e-05
9.24728e-05
7.06781e-05
2.49461e-05
1.11167e-05
0.000194439
0.000534583
0.00133471
1.69605e-06
6.48144e-07
-2.31532e-07
3.00417e-06
6.71073e-07
4.49541e-08
1.68532e-21
2.08594e-22
2.33507e-23
1.51286e-09
1.07949e-08
-1.55713e-07
1.55857e-26
1.89235e-25
2.07803e-24
-3.42942e-07
3.56816e-07
-5.88145e-07
-3.38853e-07
8.77125e-08
-3.70238e-08
-2.247e-07
2.32722e-07
-4.25138e-07
-5.40061e-07
2.348e-07
-1.7044e-07
-5.4006e-07
2.34799e-07
-1.7044e-07
-2.24699e-07
2.32722e-07
-4.25138e-07
1.00339e-27
6.72275e-29
4.0738e-30
-1.11154e-07
2.65677e-08
1.03052e-08
4.16986e-34
9.35276e-33
1.8973e-31
4.16985e-34
9.35274e-33
1.89729e-31
-1.11155e-07
2.65679e-08
1.03051e-08
1.00338e-27
6.72271e-29
4.07378e-30
-3.42941e-07
3.56816e-07
-5.88145e-07
3.00419e-06
6.71067e-07
4.49635e-08
1.69606e-06
6.4814e-07
-2.31522e-07
6.34386e-05
1.7602e-05
6.78349e-06
-3.38853e-07
8.77131e-08
-3.70228e-08
1.55856e-26
1.89234e-25
2.07802e-24
1.51317e-09
1.07934e-08
-1.55709e-07
1.68532e-21
2.08594e-22
2.33506e-23
-1.77297e-07
4.82474e-07
1.25664e-06
0.173985
0.157006
0.124778
0.142784
0.130031
0.114498
0.132425
0.0978418
0.0651717
0.059371
0.0773939
0.0959094
0.0101399
0.0206305
0.0380541
0.00852737
0.0128833
0.0184388
0.0307343
0.0543167
0.0863022
0.0408431
0.0329628
0.0254718
0.0581094
0.0356147
0.0199403
0.0422678
0.028803
0.0184147
0.00306158
0.00593088
0.0106812
0.000174829
0.000394337
0.000823895
0.00193197
0.00455389
0.00980361
0.00517957
0.0030346
0.00166707
0.0007059
0.000249033
7.85677e-05
0.000258987
0.000131953
6.34939e-05
0.0043113
0.00173458
0.000634281
5.3856e-06
1.0954e-05
2.7376e-05
1.37e-20
9.00439e-20
5.35258e-19
1.89029e-06
4.68349e-06
2.26817e-05
6.65722e-17
1.52214e-17
3.14772e-18
1.10764e-05
5.83251e-05
0.00019602
0.0150524
0.00689127
0.00285136
0.0042738
0.00310297
0.00213729
0.000487012
0.000841216
0.00136224
2.83215e-16
1.00764e-15
3.24242e-15
7.20244e-05
0.000329094
0.00100666
6.18433e-14
2.61216e-14
9.97893e-15
-0.0903477
-0.0946282
-0.102466
-0.0946282
-0.100012
-0.108725
-0.102466
-0.108725
-0.117658
-0.113915
-0.125661
-0.13395
-0.120276
-0.130514
-0.13489
-0.127883
-0.134398
-0.132009
-0.134082
-0.133409
-0.120552
-0.133409
-0.122624
-0.0974594
-0.120552
-0.0974594
-0.059863
-0.113915
-0.120276
-0.127883
-0.125661
-0.130514
-0.134398
-0.13395
-0.13489
-0.132009
-0.131853
-0.112306
-0.071518
-0.125751
-0.0976939
-0.0488833
-0.112862
-0.074548
-0.0179164
-0.00809861
0.0606561
0.122336
0.0192256
0.0865558
0.14102
0.0523702
0.114509
0.158036
0.0907342
0.142343
0.17068
0.125842
0.162818
0.174641
0.154371
0.173642
0.169041
-0.0884345
-0.0392464
0.0230463
-0.052809
0.00407514
0.0667779
-0.00559439
0.0535615
0.110016
0.0519533
0.105361
0.147785
0.105361
0.145534
0.169612
0.147785
0.169612
0.174102
0.171899
0.171981
0.152848
0.173449
0.158026
0.129856
0.160461
0.134629
0.102881
0.134697
0.10448
0.0743348
0.10448
0.0756885
0.0505184
0.0743348
0.0505184
0.0317394
0.171899
0.173449
0.160461
0.171981
0.158026
0.134629
0.152848
0.129856
0.102881
-0.131853
-0.125751
-0.112862
-0.112306
-0.0976937
-0.0745477
-0.0715175
-0.0488829
-0.017916
-0.0884344
-0.0528089
-0.00559432
-0.0392461
0.00407534
0.0535616
0.0230467
0.0667782
0.110016
0.0907345
0.125842
0.154371
0.142343
0.162818
0.173642
0.17068
0.174641
0.169041
-0.00809795
0.0192261
0.0523707
0.0606568
0.0865564
0.11451
0.122336
0.141021
0.158036
-0.0903477
-0.0946282
-0.102466
-0.0946282
-0.100012
-0.108725
-0.102466
-0.108725
-0.117658
-0.113915
-0.125661
-0.13395
-0.120276
-0.130514
-0.13489
-0.127883
-0.134398
-0.132008
-0.134082
-0.133409
-0.120552
-0.133409
-0.122624
-0.0974593
-0.120552
-0.0974593
-0.0598629
-0.113915
-0.120276
-0.127883
-0.125661
-0.130514
-0.134398
-0.13395
-0.13489
-0.132009
-0.131853
-0.112306
-0.0715175
-0.125751
-0.0976936
-0.0488827
-0.112862
-0.0745476
-0.0179158
-0.00809789
0.0606569
0.122336
0.0192263
0.0865565
0.141021
0.0523708
0.11451
0.158036
0.0907346
0.142343
0.17068
0.125842
0.162818
0.174641
0.154371
0.173642
0.169041
-0.0884343
-0.039246
0.0230468
-0.0528087
0.00407551
0.0667783
-0.00559418
0.0535617
0.110016
0.0519534
0.105361
0.147785
0.105361
0.145534
0.169612
0.147785
0.169612
0.174102
0.171899
0.171981
0.152848
0.173449
0.158026
0.129856
0.160461
0.134629
0.102882
0.134697
0.10448
0.0743351
0.10448
0.0756888
0.0505187
0.0743352
0.0505187
0.0317398
0.171899
0.173449
0.160461
0.171981
0.158027
0.134629
0.152848
0.129856
0.102882
-0.131853
-0.125751
-0.112862
-0.112306
-0.097694
-0.074548
-0.0715181
-0.0488834
-0.0179164
-0.0884345
-0.0528089
-0.00559429
-0.0392464
0.00407518
0.0535615
0.0230463
0.0667779
0.110016
0.0907341
0.125842
0.154371
0.142343
0.162818
0.173641
0.17068
0.174641
0.169041
-0.00809881
0.0192254
0.0523701
0.0606558
0.0865556
0.114509
0.122336
0.14102
0.158036
-0.0903477
-0.0946282
-0.102466
-0.0946282
-0.100012
-0.108725
-0.102466
-0.108725
-0.117658
-0.113915
-0.125661
-0.13395
-0.120276
-0.130514
-0.13489
-0.127883
-0.134398
-0.132009
-0.134082
-0.133409
-0.120553
-0.133409
-0.122624
-0.09746
-0.120553
-0.09746
-0.0598639
-0.113915
-0.120276
-0.127883
-0.125661
-0.130514
-0.134398
-0.13395
-0.13489
-0.132009
-0.131853
-0.112306
-0.0715182
-0.125751
-0.0976942
-0.0488838
-0.112862
-0.0745485
-0.0179171
-0.00809896
0.0606557
0.122335
0.019225
0.0865552
0.14102
0.0523694
0.114508
0.158036
0.0907332
0.142342
0.170679
0.125841
0.162818
0.174641
0.15437
0.173641
0.169041
-0.0884351
-0.0392472
0.0230454
-0.0528099
0.00407408
0.0667768
-0.00559553
0.0535602
0.110014
0.0519519
0.105359
0.147784
0.105359
0.145533
0.169612
0.147784
0.169612
0.174102
0.171899
0.171981
0.152849
0.173449
0.158027
0.129857
0.160462
0.13463
0.102883
0.134698
0.104481
0.074336
0.104481
0.0756897
0.0505194
0.074336
0.0505194
0.0317403
0.171899
0.173449
0.160462
0.171981
0.158027
0.13463
0.152849
0.129857
0.102883
-0.131853
-0.125751
-0.112862
-0.112306
-0.0976942
-0.0745485
-0.0715182
-0.0488838
-0.0179171
-0.0884351
-0.0528099
-0.00559553
-0.0392472
0.00407408
0.0535602
0.0230454
0.0667768
0.110014
0.0907332
0.125841
0.15437
0.142342
0.162818
0.173641
0.170679
0.174641
0.169041
-0.00809896
0.019225
0.0523694
0.0606557
0.0865552
0.114508
0.122335
0.14102
0.158036
-0.0903477
-0.0946282
-0.102466
-0.0946282
-0.100012
-0.108725
-0.102466
-0.108725
-0.117658
-0.113915
-0.125661
-0.13395
-0.120276
-0.130514
-0.13489
-0.127883
-0.134398
-0.132009
-0.134082
-0.133409
-0.120552
-0.133409
-0.122624
-0.0974595
-0.120552
-0.0974594
-0.0598631
-0.113915
-0.120276
-0.127883
-0.125661
-0.130514
-0.134398
-0.13395
-0.13489
-0.132008
-0.131853
-0.112306
-0.0715182
-0.125751
-0.097694
-0.0488835
-0.112862
-0.0745481
-0.0179166
-0.00809885
0.0606558
0.122336
0.0192253
0.0865555
0.14102
0.0523699
0.114509
0.158036
0.0907338
0.142342
0.17068
0.125841
0.162818
0.174641
0.15437
0.173641
0.169041
-0.0884346
-0.0392466
0.023046
-0.0528092
0.00407483
0.0667775
-0.00559467
0.0535611
0.110015
0.0519529
0.10536
0.147784
0.10536
0.145534
0.169612
0.147784
0.169612
0.174102
0.171899
0.171981
0.152848
0.173449
0.158027
0.129856
0.160462
0.13463
0.102882
0.134698
0.104481
0.0743358
0.104481
0.0756894
0.0505193
0.0743357
0.0505192
0.0317402
0.171899
0.173449
0.160462
0.171981
0.158027
0.13463
0.152848
0.129856
0.102882
-0.131853
-0.125751
-0.112862
-0.112306
-0.0976937
-0.0745477
-0.0715175
-0.0488829
-0.017916
-0.0884344
-0.052809
-0.00559457
-0.0392462
0.00407512
0.0535613
0.0230465
0.0667778
0.110015
0.0907343
0.125842
0.15437
0.142343
0.162818
0.173641
0.17068
0.174641
0.169041
-0.00809795
0.0192261
0.0523706
0.0606568
0.0865563
0.114509
0.122336
0.141021
0.158036
-0.0903477
-0.0946282
-0.102466
-0.0946282
-0.100012
-0.108725
-0.102466
-0.108725
-0.117658
-0.113915
-0.125661
-0.13395
-0.120276
-0.130514
-0.13489
-0.127883
-0.134398
-0.132009
-0.134082
-0.133409
-0.120552
-0.133409
-0.122624
-0.0974594
-0.120552
-0.0974594
-0.059863
-0.113915
-0.120276
-0.127883
-0.125661
-0.130514
-0.134398
-0.13395
-0.13489
-0.132009
-0.131853
-0.112306
-0.0715175
-0.125751
-0.0976937
-0.0488829
-0.112862
-0.0745477
-0.017916
-0.00809795
0.0606568
0.122336
0.0192261
0.0865564
0.141021
0.0523707
0.11451
0.158036
0.0907345
0.142343
0.17068
0.125842
0.162818
0.174641
0.154371
0.173642
0.169041
-0.0884344
-0.0392461
0.0230467
-0.0528089
0.00407534
0.0667782
-0.00559432
0.0535616
0.110016
0.0519533
0.105361
0.147785
0.105361
0.145534
0.169612
0.147785
0.169612
0.174102
0.171899
0.171981
0.152848
0.173449
0.158026
0.129856
0.160461
0.134629
0.102881
0.134697
0.10448
0.0743348
0.10448
0.0756885
0.0505184
0.0743348
0.0505184
0.0317394
0.171899
0.173449
0.160461
0.171981
0.158026
0.134629
0.152848
0.129856
0.102881
-0.131853
-0.125751
-0.112862
-0.112306
-0.0976939
-0.074548
-0.071518
-0.0488833
-0.0179164
-0.0884345
-0.052809
-0.00559439
-0.0392464
0.00407514
0.0535615
0.0230463
0.0667779
0.110016
0.0907342
0.125842
0.154371
0.142343
0.162818
0.173642
0.17068
0.174641
0.169041
-0.00809861
0.0192256
0.0523702
0.0606561
0.0865558
0.114509
0.122336
0.14102
0.158036
0.164149
0.174366
0.158522
0.171458
0.171078
0.14786
0.174649
0.163218
0.133616
0.124224
0.0871578
0.0546064
0.110593
0.0745099
0.0449374
0.0950201
0.061268
0.0354636
0.0774375
0.0475453
0.0262801
0.0608289
0.0355857
0.0187934
0.0454001
0.0252728
0.0127375
0.171423
0.149364
0.115191
0.161034
0.131343
0.0956069
0.143786
0.109886
0.0754693
0.0296509
0.0149047
0.00676144
0.0234754
0.0113923
0.00499154
0.0177707
0.00830644
0.0035066
0.00261932
0.000946834
0.00023153
0.00186268
0.000648929
0.000145145
0.00126123
0.000423239
9.15575e-05
0.00078825
0.000253999
5.42492e-05
0.000475969
0.000147931
3.03648e-05
0.000271827
8.11253e-05
1.6134e-05
0.0125745
0.00563468
0.00228426
0.00859098
0.00369222
0.00143795
0.00555333
0.00228731
0.000854731
0.00329073
0.00129431
0.000461594
0.00188171
0.000707285
0.000242342
0.00100877
0.000362779
0.000118709
0.000140664
3.97373e-05
8.41149e-06
7.01846e-05
1.96626e-05
3.25523e-06
3.30988e-05
8.59766e-06
1.9492e-06
1.32933e-05
4.02059e-06
-5.72563e-08
5.95287e-06
1.1216e-06
6.20672e-07
1.81396e-06
7.20448e-07
-2.58702e-07
0.000486643
0.000166339
5.24656e-05
0.000226444
7.44515e-05
2.21061e-05
9.83044e-05
3.09816e-05
8.56488e-06
0.119958
0.0857178
0.0553846
0.094787
0.0636611
0.0388408
0.0700835
0.0443105
0.025552
0.0313863
0.0165693
0.00794132
0.0208014
0.0104393
0.00476687
0.0129372
0.00617149
0.00268533
0.00728974
0.00329757
0.00136302
0.00393879
0.00169495
0.000667622
0.00198004
0.000810625
0.000304824
0.047228
0.0280695
0.0152685
0.0301275
0.016916
0.00871511
0.0178105
0.00946215
0.0046233
0.00939461
0.00471611
0.00218236
0.00471611
0.00224806
0.000987927
0.00218236
0.000987926
0.000414313
0.000883716
0.000343592
0.000122571
0.000379898
0.000140835
4.83185e-05
0.000150648
5.38558e-05
1.67075e-05
5.135e-05
1.81594e-05
4.9494e-06
1.81594e-05
5.45076e-06
1.89846e-06
4.9494e-06
1.89846e-06
2.93648e-07
0.000883714
0.000379898
0.000150648
0.000343591
0.000140835
5.38558e-05
0.00012257
4.83185e-05
1.67075e-05
3.68468e-05
1.17662e-05
2.58957e-06
1.45034e-05
3.80645e-06
1.2299e-06
4.41486e-06
1.52391e-06
2.24844e-07
9.72096e-07
-6.67315e-08
3.62174e-07
4.38782e-08
1.87894e-07
-1.98019e-07
3.02405e-07
-1.18236e-07
2.02578e-07
-5.18247e-08
8.89944e-08
-1.3792e-07
3.96581e-08
-4.07343e-08
7.88124e-08
4.62696e-08
-5.65281e-09
-3.66187e-08
1.57112e-06
2.96506e-07
1.96976e-07
3.33843e-07
1.73539e-07
-5.68764e-08
2.59286e-07
-7.99611e-08
1.67666e-07
5.89421e-08
-9.86927e-09
6.89443e-08
-9.86928e-09
-2.2965e-09
-1.00483e-08
6.89443e-08
-1.00483e-08
6.42704e-09
2.60205e-07
-1.76173e-07
2.08517e-07
-1.36261e-07
9.74732e-08
-1.24459e-07
1.15944e-07
-9.05241e-08
1.29237e-07
-7.30376e-08
4.36019e-08
-2.98767e-08
4.36019e-08
-2.80214e-08
2.31628e-08
-2.98769e-08
2.31629e-08
-2.02738e-08
2.60205e-07
-1.36261e-07
1.15944e-07
-1.76174e-07
9.74734e-08
-9.05241e-08
2.08517e-07
-1.24459e-07
1.29237e-07
3.68467e-05
1.45034e-05
4.41486e-06
1.17662e-05
3.80645e-06
1.5239e-06
2.58956e-06
1.2299e-06
2.24847e-07
1.57112e-06
3.33842e-07
2.59287e-07
2.96505e-07
1.73539e-07
-7.99616e-08
1.96978e-07
-5.68769e-08
1.67667e-07
-5.18247e-08
3.96584e-08
4.62694e-08
8.89944e-08
-4.07343e-08
-5.65281e-09
-1.3792e-07
7.88127e-08
-3.66189e-08
9.72097e-07
4.38762e-08
3.02408e-07
-6.67322e-08
1.87894e-07
-1.18236e-07
3.62176e-07
-1.9802e-07
2.02579e-07
0.16415
0.171458
0.174649
0.174366
0.171078
0.163218
0.158522
0.14786
0.133616
0.171423
0.161033
0.143786
0.149364
0.131343
0.109886
0.115191
0.0956067
0.0754691
0.0774372
0.0608287
0.0453999
0.0475451
0.0355855
0.0252727
0.0262799
0.0187933
0.0127375
0.124223
0.110592
0.0950197
0.0871574
0.0745095
0.0612677
0.0546061
0.0449372
0.0354634
0.119958
0.0947869
0.0700834
0.0857177
0.0636609
0.0443105
0.0553845
0.0388407
0.025552
0.047228
0.0301275
0.0178105
0.0280695
0.016916
0.00946214
0.0152684
0.00871509
0.00462329
0.00728972
0.00393879
0.00198003
0.00329756
0.00169494
0.000810623
0.00136301
0.00066762
0.000304823
0.0313862
0.0208014
0.0129372
0.0165693
0.0104393
0.00617148
0.00794129
0.00476685
0.00268533
0.00329072
0.0018817
0.00100876
0.00129431
0.000707283
0.000362777
0.000461592
0.000242341
0.000118709
0.000486641
0.000226443
9.83041e-05
0.000166339
7.44513e-05
3.09815e-05
5.24654e-05
2.21061e-05
8.56486e-06
1.32933e-05
5.95286e-06
1.81396e-06
4.02058e-06
1.1216e-06
7.20446e-07
-5.72572e-08
6.20671e-07
-2.587e-07
0.000140663
7.01844e-05
3.30987e-05
3.97371e-05
1.96625e-05
8.59764e-06
8.41146e-06
3.25522e-06
1.94919e-06
0.0296507
0.0234752
0.0177706
0.0149046
0.0113922
0.00830638
0.00676138
0.0049915
0.00350657
0.0125744
0.00859094
0.00555331
0.00563464
0.0036922
0.0022873
0.00228425
0.00143794
0.000854726
0.000788245
0.000475967
0.000271826
0.000253998
0.00014793
8.11249e-05
5.42488e-05
3.03646e-05
1.61339e-05
0.00261929
0.00186266
0.00126122
0.000946824
0.000648923
0.000423236
0.000231527
0.000145144
9.15568e-05
0.16415
0.174366
0.158522
0.171458
0.171078
0.14786
0.174649
0.163218
0.133616
0.124223
0.0871573
0.0546061
0.110592
0.0745095
0.0449372
0.0950198
0.0612678
0.0354634
0.0774373
0.0475451
0.02628
0.0608287
0.0355856
0.0187934
0.0454
0.0252728
0.0127375
0.171423
0.149364
0.115191
0.161033
0.131343
0.0956068
0.143786
0.109886
0.0754692
0.0296507
0.0149046
0.00676138
0.0234752
0.0113922
0.00499151
0.0177706
0.00830639
0.00350658
0.00261929
0.000946824
0.000231527
0.00186266
0.000648923
0.000145144
0.00126122
0.000423237
9.1557e-05
0.000788247
0.000253998
5.4249e-05
0.000475969
0.000147931
3.03648e-05
0.000271827
8.11255e-05
1.6134e-05
0.0125744
0.00563465
0.00228425
0.00859096
0.00369221
0.00143795
0.00555333
0.00228731
0.000854731
0.00329074
0.00129432
0.000461595
0.00188172
0.00070729
0.000242344
0.00100877
0.000362782
0.00011871
0.000140664
3.97375e-05
8.41155e-06
7.01852e-05
1.96627e-05
3.25528e-06
3.30992e-05
8.5978e-06
1.9492e-06
1.32935e-05
4.02064e-06
-5.72326e-08
5.95298e-06
1.12164e-06
6.20665e-07
1.81404e-06
7.20448e-07
-2.58679e-07
0.000486649
0.000166342
5.24663e-05
0.000226448
7.44529e-05
2.21066e-05
9.83064e-05
3.09823e-05
8.56508e-06
0.119958
0.0857179
0.0553846
0.0947871
0.0636612
0.0388409
0.0700837
0.0443107
0.0255521
0.0313863
0.0165694
0.00794133
0.0208015
0.0104394
0.00476689
0.0129373
0.00617153
0.00268535
0.0072898
0.0032976
0.00136303
0.00393884
0.00169497
0.000667631
0.00198007
0.00081064
0.00030483
0.0472283
0.0280697
0.0152686
0.0301277
0.0169162
0.0087152
0.0178107
0.00946227
0.00462337
0.00939478
0.00471621
0.00218241
0.00471624
0.00224813
0.00098796
0.00218245
0.000987969
0.000414332
0.000883737
0.000343601
0.000122574
0.000379912
0.00014084
4.83206e-05
0.000150655
5.38587e-05
1.67084e-05
5.13534e-05
1.81606e-05
4.94983e-06
1.81608e-05
5.45126e-06
1.89858e-06
4.94997e-06
1.8986e-06
2.93737e-07
0.000883762
0.00037992
0.000150657
0.000343614
0.000140845
5.38599e-05
0.00012258
4.83227e-05
1.6709e-05
3.6848e-05
1.17666e-05
2.58969e-06
1.4504e-05
3.80665e-06
1.22994e-06
4.41518e-06
1.52397e-06
2.24897e-07
9.72132e-07
-6.67262e-08
3.62178e-07
4.38863e-08
1.87896e-07
-1.98016e-07
3.02415e-07
-1.18233e-07
2.02574e-07
-5.18172e-08
8.89893e-08
-1.37914e-07
3.96553e-08
-4.07305e-08
7.88077e-08
4.62732e-08
-5.65722e-09
-3.66117e-08
1.57125e-06
2.96528e-07
1.96992e-07
3.33876e-07
1.73551e-07
-5.68747e-08
2.59307e-07
-7.99595e-08
1.67666e-07
5.8961e-08
-9.87804e-09
6.89547e-08
-9.87801e-09
-2.28966e-09
-1.00554e-08
6.8955e-08
-1.00555e-08
6.43334e-09
2.60204e-07
-1.76172e-07
2.08517e-07
-1.36259e-07
9.74715e-08
-1.24457e-07
1.15936e-07
-9.05187e-08
1.2923e-07
-7.30571e-08
4.36138e-08
-2.9892e-08
4.36143e-08
-2.80287e-08
2.3172e-08
-2.98934e-08
2.31724e-08
-2.02856e-08
2.60205e-07
-1.36259e-07
1.15936e-07
-1.76173e-07
9.74714e-08
-9.05179e-08
2.0852e-07
-1.24458e-07
1.2923e-07
3.68505e-05
1.45049e-05
4.41545e-06
1.17675e-05
3.80697e-06
1.52404e-06
2.59002e-06
1.23002e-06
2.24947e-07
1.5713e-06
3.3389e-07
2.59307e-07
2.96552e-07
1.73554e-07
-7.9957e-08
1.96995e-07
-5.68704e-08
1.67664e-07
-5.18095e-08
3.96523e-08
4.62779e-08
8.89837e-08
-4.07268e-08
-5.66179e-09
-1.37909e-07
7.88035e-08
-3.66054e-08
9.72209e-07
4.39154e-08
3.02424e-07
-6.66915e-08
1.87895e-07
-1.18227e-07
3.62169e-07
-1.98005e-07
2.02564e-07
0.164149
0.171458
0.174648
0.174366
0.171078
0.163218
0.158522
0.147861
0.133616
0.171424
0.161034
0.143786
0.149364
0.131343
0.109887
0.115192
0.0956075
0.0754699
0.077438
0.0608294
0.0454006
0.0475457
0.0355861
0.0252732
0.0262804
0.0187937
0.0127378
0.124224
0.110593
0.0950205
0.087158
0.0745102
0.0612684
0.0546066
0.0449377
0.0354639
0.119958
0.0947875
0.0700839
0.0857184
0.0636616
0.0443111
0.0553852
0.0388413
0.0255525
0.0472285
0.0301278
0.0178107
0.0280699
0.0169163
0.00946237
0.0152688
0.00871535
0.00462346
0.00728997
0.00393894
0.00198013
0.0032977
0.00169503
0.000810672
0.00136309
0.000667663
0.000304846
0.0313868
0.0208018
0.0129375
0.0165697
0.0104396
0.0061717
0.00794154
0.00476704
0.00268545
0.00329085
0.00188179
0.00100882
0.00129437
0.000707324
0.000362802
0.000461618
0.000242358
0.000118718
0.000486674
0.000226461
9.8313e-05
0.000166353
7.44583e-05
3.09849e-05
5.24703e-05
2.21085e-05
8.56592e-06
1.32948e-05
5.95354e-06
1.81432e-06
4.02099e-06
1.12183e-06
7.20488e-07
-5.71388e-08
6.20673e-07
-2.58627e-07
0.000140673
7.01901e-05
3.31018e-05
3.97403e-05
1.96643e-05
8.59864e-06
8.41216e-06
3.25562e-06
1.94933e-06
0.029651
0.0234755
0.0177709
0.0149048
0.0113924
0.00830656
0.00676148
0.0049916
0.00350666
0.0125747
0.00859117
0.00555349
0.00563479
0.00369232
0.00228739
0.00228432
0.001438
0.000854767
0.000788274
0.000475989
0.000271841
0.000254009
0.000147938
8.11302e-05
5.42514e-05
3.03665e-05
1.61351e-05
0.00261933
0.0018627
0.00126125
0.000946842
0.00064894
0.00042325
0.000231532
0.000145148
9.15603e-05
0.164149
0.174366
0.158522
0.171458
0.171079
0.147861
0.174648
0.163218
0.133617
0.124224
0.087158
0.0546066
0.110593
0.0745104
0.0449378
0.0950208
0.0612686
0.0354641
0.0774384
0.047546
0.0262806
0.0608298
0.0355864
0.0187939
0.045401
0.0252735
0.012738
0.171424
0.149365
0.115192
0.161034
0.131344
0.095608
0.143787
0.109887
0.0754705
0.0296511
0.0149048
0.00676149
0.0234756
0.0113925
0.00499162
0.017771
0.00830661
0.00350669
0.00261934
0.000946843
0.000231533
0.00186271
0.000648943
0.000145149
0.00126126
0.000423254
9.15613e-05
0.000788284
0.000254012
5.42523e-05
0.000475997
0.000147941
3.03671e-05
0.000271847
8.11322e-05
1.61355e-05
0.0125748
0.00563485
0.00228434
0.00859128
0.00369237
0.00143802
0.00555358
0.00228743
0.000854784
0.00329092
0.0012944
0.00046163
0.00188184
0.000707343
0.000242365
0.00100885
0.000362814
0.000118723
0.000140676
3.97416e-05
8.41245e-06
7.01925e-05
1.9665e-05
3.25576e-06
3.31031e-05
8.59904e-06
1.94941e-06
1.32955e-05
4.02117e-06
-5.71072e-08
5.95385e-06
1.12192e-06
6.20682e-07
1.81447e-06
7.20511e-07
-2.58606e-07
0.000486691
0.000166359
5.24726e-05
0.00022647
7.44616e-05
2.21097e-05
9.83176e-05
3.09865e-05
8.56643e-06
0.119959
0.0857191
0.0553858
0.0947883
0.0636623
0.0388418
0.0700847
0.0443117
0.0255529
0.0313872
0.0165699
0.00794168
0.0208022
0.0104398
0.00476714
0.0129378
0.00617184
0.00268552
0.00729013
0.00329779
0.00136313
0.00393905
0.00169508
0.000667686
0.00198019
0.000810702
0.000304858
0.0472291
0.0280704
0.0152691
0.0301283
0.0169167
0.00871555
0.0178111
0.00946259
0.00462358
0.00939503
0.00471639
0.00218253
0.00471639
0.00224823
0.000988014
0.00218253
0.000988015
0.000414357
0.000883796
0.000343629
0.000122586
0.000379939
0.000140853
4.83256e-05
0.000150666
5.38635e-05
1.67102e-05
5.13575e-05
1.81622e-05
4.95046e-06
1.81622e-05
5.45182e-06
1.89875e-06
4.95046e-06
1.89875e-06
2.93813e-07
0.000883797
0.000379939
0.000150666
0.00034363
0.000140853
5.38636e-05
0.000122587
4.83257e-05
1.67103e-05
3.68526e-05
1.17682e-05
2.59023e-06
1.45058e-05
3.80726e-06
1.23008e-06
4.41583e-06
1.52413e-06
2.2499e-07
9.72256e-07
-6.66744e-08
3.62168e-07
4.39372e-08
1.87896e-07
-1.98e-07
3.02428e-07
-1.18222e-07
2.02558e-07
-5.18016e-08
8.89795e-08
-1.37905e-07
3.96509e-08
-4.07245e-08
7.88009e-08
4.62773e-08
-5.663e-09
-3.66031e-08
1.57143e-06
2.96588e-07
1.97002e-07
3.33936e-07
1.73562e-07
-5.68636e-08
2.5932e-07
-7.99507e-08
1.67659e-07
5.89757e-08
-9.88309e-09
6.89598e-08
-9.88259e-09
-2.28612e-09
-1.00583e-08
6.89584e-08
-1.00577e-08
6.43436e-09
2.60201e-07
-1.7617e-07
2.08518e-07
-1.36257e-07
9.74696e-08
-1.24456e-07
1.15931e-07
-9.05147e-08
1.29227e-07
-7.30667e-08
4.362e-08
-2.99004e-08
4.36205e-08
-2.80326e-08
2.3177e-08
-2.9901e-08
2.31772e-08
-2.02917e-08
2.60199e-07
-1.36256e-07
1.15929e-07
-1.7617e-07
9.7469e-08
-9.05135e-08
2.08519e-07
-1.24456e-07
1.29226e-07
3.68527e-05
1.45058e-05
4.41584e-06
1.17682e-05
3.80727e-06
1.52413e-06
2.59025e-06
1.23009e-06
2.24997e-07
1.57143e-06
3.33935e-07
2.59321e-07
2.96587e-07
1.73563e-07
-7.99512e-08
1.97004e-07
-5.68643e-08
1.67659e-07
-5.17989e-08
3.96495e-08
4.62789e-08
8.89775e-08
-4.07232e-08
-5.66472e-09
-1.37904e-07
7.88001e-08
-3.66015e-08
9.7226e-07
4.39376e-08
3.02431e-07
-6.6672e-08
1.87896e-07
-1.18223e-07
3.62167e-07
-1.97999e-07
2.02558e-07
0.164149
0.171458
0.174648
0.174366
0.171079
0.163218
0.158522
0.147861
0.133617
0.171424
0.161034
0.143787
0.149365
0.131344
0.109887
0.115192
0.095608
0.0754705
0.0774384
0.0608299
0.0454011
0.0475461
0.0355865
0.0252735
0.0262806
0.0187939
0.012738
0.124224
0.110593
0.0950208
0.087158
0.0745104
0.0612687
0.0546066
0.0449378
0.0354641
0.119959
0.0947883
0.0700847
0.0857191
0.0636623
0.0443117
0.0553858
0.0388419
0.0255529
0.0472291
0.0301283
0.0178111
0.0280704
0.0169167
0.00946259
0.0152691
0.00871556
0.00462358
0.00729014
0.00393905
0.00198019
0.0032978
0.00169508
0.000810703
0.00136313
0.000667688
0.000304859
0.0313872
0.0208022
0.0129378
0.01657
0.0104398
0.00617185
0.00794169
0.00476715
0.00268552
0.00329093
0.00188185
0.00100885
0.0012944
0.000707345
0.000362815
0.000461632
0.000242366
0.000118723
0.000486692
0.000226471
9.83179e-05
0.00016636
7.44619e-05
3.09866e-05
5.24728e-05
2.21098e-05
8.56647e-06
1.32956e-05
5.95388e-06
1.81449e-06
4.02119e-06
1.12193e-06
7.20512e-07
-5.7096e-08
6.2068e-07
-2.58601e-07
0.000140677
7.01928e-05
3.31033e-05
3.97418e-05
1.96651e-05
8.5991e-06
8.4125e-06
3.25579e-06
1.94941e-06
0.0296511
0.0234756
0.017771
0.0149048
0.0113925
0.00830662
0.00676149
0.00499163
0.00350669
0.0125748
0.00859129
0.00555359
0.00563486
0.00369238
0.00228744
0.00228435
0.00143802
0.000854787
0.000788287
0.000475998
0.000271848
0.000254013
0.000147941
8.11326e-05
5.42525e-05
3.03673e-05
1.61356e-05
0.00261934
0.00186272
0.00126127
0.000946844
0.000648944
0.000423255
0.000231533
0.000145149
9.15616e-05
0.164149
0.174366
0.158522
0.171458
0.171079
0.147861
0.174648
0.163218
0.133616
0.124224
0.087158
0.0546066
0.110593
0.0745102
0.0449377
0.0950206
0.0612685
0.0354639
0.0774381
0.0475458
0.0262804
0.0608295
0.0355862
0.0187938
0.0454008
0.0252733
0.0127379
0.171424
0.149364
0.115192
0.161034
0.131344
0.0956077
0.143786
0.109887
0.0754701
0.0296511
0.0149048
0.00676148
0.0234756
0.0113924
0.0049916
0.0177709
0.00830657
0.00350666
0.00261933
0.000946842
0.000231532
0.00186271
0.00064894
0.000145148
0.00126125
0.00042325
9.15603e-05
0.000788275
0.000254009
5.42514e-05
0.000475989
0.000147938
3.03665e-05
0.000271841
8.11303e-05
1.61351e-05
0.0125747
0.0056348
0.00228432
0.00859119
0.00369233
0.001438
0.00555351
0.0022874
0.000854769
0.00329087
0.00129438
0.00046162
0.00188181
0.000707327
0.000242359
0.00100883
0.000362805
0.000118719
0.000140673
3.97404e-05
8.41217e-06
7.01903e-05
1.96643e-05
3.25562e-06
3.31019e-05
8.59866e-06
1.94933e-06
1.32949e-05
4.021e-06
-5.71356e-08
5.95357e-06
1.12184e-06
6.20669e-07
1.81434e-06
7.20485e-07
-2.58621e-07
0.000486678
0.000166354
5.24707e-05
0.000226463
7.44589e-05
2.21087e-05
9.83142e-05
3.09852e-05
8.56599e-06
0.119959
0.0857187
0.0553855
0.0947879
0.063662
0.0388416
0.0700844
0.0443114
0.0255527
0.0313869
0.0165698
0.00794158
0.020802
0.0104397
0.00476707
0.0129376
0.00617175
0.00268547
0.00729004
0.00329774
0.0013631
0.00393899
0.00169505
0.00066767
0.00198016
0.000810684
0.00030485
0.0472289
0.0280702
0.015269
0.0301282
0.0169166
0.00871546
0.017811
0.00946251
0.00462353
0.00939494
0.00471632
0.00218249
0.00471629
0.00224817
0.000987985
0.00218245
0.000987977
0.000414339
0.000883776
0.000343619
0.000122582
0.000379926
0.000140847
4.83234e-05
0.000150659
5.38607e-05
1.67092e-05
5.13542e-05
1.8161e-05
4.95005e-06
1.81608e-05
5.45134e-06
1.89862e-06
4.9499e-06
1.8986e-06
2.93744e-07
0.000883752
0.000379918
0.000150657
0.000343606
0.000140843
5.38595e-05
0.000122576
4.83213e-05
1.67086e-05
3.6851e-05
1.17676e-05
2.59006e-06
1.4505e-05
3.80702e-06
1.23002e-06
4.41551e-06
1.52405e-06
2.24956e-07
9.72215e-07
-6.6691e-08
3.62171e-07
4.39167e-08
1.87895e-07
-1.98005e-07
3.02425e-07
-1.18227e-07
2.02564e-07
-5.18076e-08
8.89827e-08
-1.37909e-07
3.96514e-08
-4.07261e-08
7.88031e-08
4.62786e-08
-5.6624e-09
-3.6605e-08
1.57132e-06
2.96554e-07
1.96998e-07
3.33894e-07
1.73555e-07
-5.68709e-08
2.5931e-07
-7.99573e-08
1.67665e-07
5.89631e-08
-9.87877e-09
6.89554e-08
-9.87925e-09
-2.28906e-09
-1.00558e-08
6.89562e-08
-1.00561e-08
6.43383e-09
2.60204e-07
-1.76173e-07
2.08519e-07
-1.36259e-07
9.7471e-08
-1.24457e-07
1.15935e-07
-9.05173e-08
1.29229e-07
-7.30572e-08
4.36144e-08
-2.98936e-08
4.36137e-08
-2.80287e-08
2.31725e-08
-2.98919e-08
2.3172e-08
-2.02857e-08
2.60204e-07
-1.36259e-07
1.15937e-07
-1.76172e-07
9.74715e-08
-9.05189e-08
2.08517e-07
-1.24457e-07
1.2923e-07
3.68485e-05
1.45042e-05
4.41525e-06
1.17667e-05
3.8067e-06
1.52398e-06
2.58972e-06
1.22994e-06
2.249e-07
1.57126e-06
3.33883e-07
2.59307e-07
2.96534e-07
1.73551e-07
-7.99586e-08
1.96991e-07
-5.68734e-08
1.67666e-07
-5.18168e-08
3.96552e-08
4.62731e-08
8.89889e-08
-4.07304e-08
-5.65711e-09
-1.37913e-07
7.88073e-08
-3.66116e-08
9.72133e-07
4.38908e-08
3.02412e-07
-6.67225e-08
1.87894e-07
-1.18232e-07
3.62174e-07
-1.98014e-07
2.02572e-07
0.16415
0.171458
0.174649
0.174366
0.171078
0.163218
0.158522
0.14786
0.133616
0.171423
0.161034
0.143786
0.149364
0.131343
0.109886
0.115191
0.095607
0.0754695
0.0774374
0.0608289
0.0454002
0.0475453
0.0355857
0.0252729
0.02628
0.0187934
0.0127376
0.124223
0.110592
0.0950199
0.0871574
0.0745096
0.0612678
0.0546061
0.0449372
0.0354635
0.119958
0.0947876
0.0700842
0.0857183
0.0636616
0.0443111
0.0553849
0.0388412
0.0255524
0.0472288
0.0301281
0.0178109
0.02807
0.0169164
0.00946242
0.0152687
0.00871532
0.00462344
0.00728988
0.00393889
0.0019801
0.00329764
0.00169499
0.000810652
0.00136305
0.00066764
0.000304834
0.0313865
0.0208016
0.0129374
0.0165695
0.0104395
0.00617159
0.00794138
0.00476693
0.00268538
0.00329076
0.00188173
0.00100878
0.00129432
0.000707294
0.000362785
0.000461597
0.000242345
0.000118711
0.000486653
0.00022645
9.83077e-05
0.000166343
7.44536e-05
3.09827e-05
5.24667e-05
2.21068e-05
8.56516e-06
1.32936e-05
5.95301e-06
1.81406e-06
4.02065e-06
1.12165e-06
7.20449e-07
-5.72287e-08
6.20663e-07
-2.58677e-07
0.000140665
7.01855e-05
3.30993e-05
3.97376e-05
1.96628e-05
8.59783e-06
8.41156e-06
3.25529e-06
1.9492e-06
0.0296507
0.0234752
0.0177706
0.0149046
0.0113923
0.0083064
0.00676138
0.00499151
0.00350658
0.0125745
0.00859099
0.00555335
0.00563467
0.00369222
0.00228732
0.00228426
0.00143795
0.000854734
0.000788248
0.00047597
0.000271828
0.000253999
0.000147931
8.11256e-05
5.4249e-05
3.03648e-05
1.61341e-05
0.00261929
0.00186266
0.00126122
0.000946824
0.000648924
0.000423237
0.000231527
0.000145144
9.1557e-05
0.16415
0.174366
0.158522
0.171458
0.171078
0.14786
0.174649
0.163218
0.133616
0.124223
0.0871574
0.0546061
0.110592
0.0745095
0.0449372
0.0950197
0.0612677
0.0354634
0.0774372
0.0475451
0.0262799
0.0608287
0.0355855
0.0187933
0.0453999
0.0252727
0.0127375
0.171423
0.149364
0.115191
0.161033
0.131343
0.0956067
0.143786
0.109886
0.0754691
0.0296507
0.0149046
0.00676138
0.0234752
0.0113922
0.0049915
0.0177706
0.00830638
0.00350657
0.00261929
0.000946824
0.000231527
0.00186266
0.000648923
0.000145144
0.00126122
0.000423236
9.15568e-05
0.000788245
0.000253998
5.42488e-05
0.000475967
0.00014793
3.03646e-05
0.000271826
8.11249e-05
1.61339e-05
0.0125744
0.00563464
0.00228425
0.00859094
0.0036922
0.00143794
0.00555331
0.0022873
0.000854726
0.00329072
0.00129431
0.000461592
0.0018817
0.000707283
0.000242341
0.00100876
0.000362777
0.000118709
0.000140663
3.97371e-05
8.41146e-06
7.01844e-05
1.96625e-05
3.25523e-06
3.30987e-05
8.59765e-06
1.94919e-06
1.32933e-05
4.02058e-06
-5.7254e-08
5.95286e-06
1.1216e-06
6.2067e-07
1.81396e-06
7.20446e-07
-2.58699e-07
0.000486641
0.000166339
5.24654e-05
0.000226443
7.44513e-05
2.21061e-05
9.83041e-05
3.09815e-05
8.56486e-06
0.119958
0.0857177
0.0553845
0.0947869
0.0636609
0.0388407
0.0700834
0.0443105
0.025552
0.0313862
0.0165693
0.00794129
0.0208014
0.0104393
0.00476685
0.0129372
0.00617148
0.00268533
0.00728972
0.00329756
0.00136301
0.00393879
0.00169494
0.00066762
0.00198003
0.000810623
0.000304823
0.047228
0.0280695
0.0152684
0.0301275
0.016916
0.00871509
0.0178105
0.00946214
0.00462329
0.00939461
0.00471611
0.00218236
0.00471611
0.00224806
0.000987926
0.00218236
0.000987927
0.000414313
0.000883714
0.000343591
0.00012257
0.000379898
0.000140835
4.83185e-05
0.000150648
5.38558e-05
1.67075e-05
5.135e-05
1.81594e-05
4.9494e-06
1.81594e-05
5.45076e-06
1.89846e-06
4.9494e-06
1.89846e-06
2.93648e-07
0.000883716
0.000379898
0.000150648
0.000343592
0.000140835
5.38558e-05
0.000122571
4.83185e-05
1.67075e-05
3.68467e-05
1.17662e-05
2.58956e-06
1.45034e-05
3.80645e-06
1.2299e-06
4.41486e-06
1.5239e-06
2.24848e-07
9.72096e-07
-6.67312e-08
3.62175e-07
4.38768e-08
1.87893e-07
-1.98019e-07
3.02407e-07
-1.18236e-07
2.02578e-07
-5.18246e-08
8.89941e-08
-1.3792e-07
3.96583e-08
-4.07342e-08
7.88125e-08
4.62694e-08
-5.65289e-09
-3.66187e-08
1.57112e-06
2.96505e-07
1.96977e-07
3.33843e-07
1.73539e-07
-5.68766e-08
2.59287e-07
-7.99613e-08
1.67666e-07
5.89422e-08
-9.86943e-09
6.89445e-08
-9.86937e-09
-2.29641e-09
-1.00484e-08
6.89444e-08
-1.00484e-08
6.42715e-09
2.60205e-07
-1.76174e-07
2.08517e-07
-1.36261e-07
9.74733e-08
-1.24459e-07
1.15943e-07
-9.0524e-08
1.29236e-07
-7.30377e-08
4.3602e-08
-2.98769e-08
4.36019e-08
-2.80214e-08
2.31629e-08
-2.98768e-08
2.31628e-08
-2.02739e-08
2.60205e-07
-1.36261e-07
1.15943e-07
-1.76173e-07
9.74732e-08
-9.0524e-08
2.08517e-07
-1.24459e-07
1.29236e-07
3.68468e-05
1.45034e-05
4.41486e-06
1.17662e-05
3.80645e-06
1.52391e-06
2.58957e-06
1.2299e-06
2.24845e-07
1.57112e-06
3.33844e-07
2.59286e-07
2.96507e-07
1.73539e-07
-7.99609e-08
1.96976e-07
-5.68763e-08
1.67666e-07
-5.18245e-08
3.9658e-08
4.62697e-08
8.89943e-08
-4.07342e-08
-5.65293e-09
-1.3792e-07
7.88124e-08
-3.66186e-08
9.72095e-07
4.38784e-08
3.02405e-07
-6.67313e-08
1.87893e-07
-1.18235e-07
3.62174e-07
-1.98019e-07
2.02578e-07
0.164149
0.171458
0.174649
0.174366
0.171078
0.163218
0.158522
0.14786
0.133616
0.171423
0.161034
0.143786
0.149364
0.131343
0.109886
0.115191
0.0956069
0.0754693
0.0774375
0.0608289
0.0454001
0.0475453
0.0355857
0.0252728
0.0262801
0.0187934
0.0127375
0.124224
0.110593
0.0950201
0.0871578
0.0745099
0.061268
0.0546064
0.0449374
0.0354636
0.119958
0.094787
0.0700835
0.0857178
0.0636611
0.0443105
0.0553846
0.0388408
0.025552
0.047228
0.0301275
0.0178105
0.0280695
0.016916
0.00946215
0.0152685
0.00871511
0.0046233
0.00728974
0.00393879
0.00198004
0.00329757
0.00169495
0.000810625
0.00136302
0.000667622
0.000304824
0.0313863
0.0208014
0.0129372
0.0165693
0.0104393
0.00617149
0.00794132
0.00476687
0.00268533
0.00329073
0.00188171
0.00100877
0.00129431
0.000707285
0.000362779
0.000461594
0.000242342
0.000118709
0.000486643
0.000226444
9.83044e-05
0.000166339
7.44515e-05
3.09816e-05
5.24656e-05
2.21061e-05
8.56488e-06
1.32933e-05
5.95287e-06
1.81396e-06
4.02059e-06
1.1216e-06
7.20448e-07
-5.72561e-08
6.20671e-07
-2.58701e-07
0.000140664
7.01846e-05
3.30988e-05
3.97373e-05
1.96626e-05
8.59767e-06
8.41149e-06
3.25523e-06
1.9492e-06
0.0296509
0.0234754
0.0177707
0.0149047
0.0113923
0.00830644
0.00676144
0.00499154
0.0035066
0.0125745
0.00859098
0.00555333
0.00563468
0.00369222
0.00228731
0.00228426
0.00143795
0.000854731
0.00078825
0.000475969
0.000271827
0.000253999
0.000147931
8.11253e-05
5.42492e-05
3.03648e-05
1.6134e-05
0.00261932
0.00186268
0.00126123
0.000946834
0.000648929
0.000423239
0.00023153
0.000145145
9.15575e-05
