FiniteElementSpace
FiniteElementCollection: H1_2D_P4
VDim: 1
Ordering: 0

0.0775132
0
0
0
0
0
0
0
0
0
0
0.340815
0
0
0.340814
0
0
0.340815
0
0
0.340815
0
0
0.340814
0
0
-0.840624
-0.840632
-0.840646
-0.840644
-0.840624
0.12336
-0.453719
-0.453721
0.12336
-0.45372
-0.453716
0.12336
-0.453707
-0.453707
0.12336
-0.453711
-0.453714
0.12336
-0.453721
-0.453719
-1.31833
0
0.606052
0
0
0.606052
0
-1.31833
0
0.606055
0
0
0.606062
0
-1.31833
0
0.606068
0
0
0.606068
0
-1.31833
0
0.606064
0
0
0.606057
0
-1.31833
0
0.606052
0
0
0.606052
0
0.282652
0.282652
0.282651
0.282651
0.282652
-0.148507
0.0412905
-0.148504
-0.148507
0.041293
-0.148526
-0.148537
0.0412956
-0.148538
-0.148528
0.0412932
-0.148511
-0.148504
0.0412905
-0.148507
0.0868376
0.166437
0.166437
0.0868376
0.239993
0.171316
0.322354
-1.26767
-1.26767
0.322353
0.171314
0.239993
0.166437
0.166437
0.0868376
0.171313
0.322353
-1.26767
-1.26767
0.322354
0.171317
0.239992
0.166437
0.166437
0.0868376
0.171319
0.322355
-1.26766
-1.26766
0.322355
0.171319
0.239992
0.166437
0.166437
0.0868376
0.171318
0.322354
-1.26766
-1.26766
0.322354
0.171315
0.239993
0.166437
0.166437
0.171314
0.322353
-1.26767
-1.26767
0.322354
0.171316
-0.462504
-0.987666
-1.3243
-0.0770534
0
0.631367
0
0.176467
0.60408
0.452123
0.237421
0.237421
0.452124
0
0.00334852
0
0
0.00334852
0
0.176467
-1.3243
-0.987662
-0.462509
0.60408
0
0.631367
0
-0.0770468
-0.987663
-1.3243
0
0.631367
0
0.17647
0.604078
0.452117
0.237427
0.23743
0.452108
0
0.00334891
0
0
0.00334905
0
0.176478
-1.3243
-0.987674
-0.462502
0.604069
0
0.631366
0
-0.0770566
-0.987678
-1.3243
0
0.631366
0
0.176483
0.604063
0.452097
0.237438
0.237438
0.452097
0
0.0033493
0
0
0.00334934
0
0.176483
-1.3243
-0.987679
-0.462502
0.604063
0
0.631366
0
-0.0770568
-0.987675
-1.3243
0
0.631366
0
0.176478
0.604067
0.452103
0.237431
0.237428
0.452111
0
0.00334908
0
0
0.00334891
0
0.17647
-1.3243
-0.987664
-0.462509
0.604076
0
0.631367
0
-0.0770468
-0.987662
-1.3243
0
0.631367
0
0.176467
0.60408
0.452124
0.237421
0.237421
0.452123
0
0.00334852
0
0
0.00334852
0
0.176467
-1.3243
-0.987666
0.60408
0
0.631367
0
0.103651
0.318706
-0.267912
0.318706
0.103651
0.318706
-0.26791
0.318706
0.103651
0.318705
-0.2679
0.318705
0.103651
0.318706
-0.267904
0.318706
0.103651
0.318706
-0.267912
0.318706
-0.992641
0.377831
0.46276
-0.671565
0.641551
0.0339787
0.00220554
0.0339787
-0.992644
-0.671564
0.46276
0.377834
-0.992644
0.377834
0.462762
-0.67157
0.641557
0.0339801
0.00220577
0.0339816
-0.992636
-0.671583
0.462771
0.377823
-0.992632
0.37782
0.462776
-0.671597
0.641564
0.0339832
0.00220587
0.0339833
-0.992632
-0.671597
0.462777
0.377819
-0.992635
0.377823
0.462772
-0.671589
0.641558
0.0339817
0.00220577
0.0339802
-0.992642
-0.671577
0.462763
0.377833
-0.992644
0.377834
0.46276
-0.671564
0.641551
0.0339787
0.00220554
0.0339787
-0.992641
-0.671565
0.46276
0.377831
0.0780078
0.0797452
0.0835129
0.0877115
0.0917472
0.0983754
0.0877115
0.0917472
0.0983754
0.0780078
0.0797452
0.0835129
0.112653
0.0992307
0.0895718
0.126563
0.137925
0.154321
0.149401
0.125917
0.109699
0.256886
0.214312
0.180278
0.256886
0.214312
0.180278
0.149401
0.125917
0.109699
0.126564
0.137925
0.154321
0.112653
0.0992307
0.0895718
0.134897
0.16648
0.21053
0.249469
0.273782
0.302791
0.186077
0.233549
0.289531
0.353584
0.327313
0.270203
0.328946
0.292948
0.224827
0.267376
0.349128
0.341398
-0.307709
-0.0705743
0.103335
-0.244959
0.0759051
0.268653
0.344572
0.352583
0.33377
0.307287
0.346002
0.34804
0.280851
0.138174
-0.102681
0.280851
0.138174
-0.102681
0.307287
0.346002
0.34804
-0.612419
-0.915807
-1.17416
-1.15472
-0.830549
-0.455236
-1.0356
-1.27526
-1.3199
-1.0356
-1.27526
-1.3199
-1.15472
-0.83055
-0.455236
-0.612421
-0.915808
-1.17416
-0.244961
0.075904
0.268653
0.186077
0.233549
0.289531
0.24947
0.273783
0.302791
0.134897
0.16648
0.210531
0.344572
0.352583
0.33377
-0.307712
-0.0705766
0.103333
0.267374
0.349128
0.341398
0.328945
0.292947
0.224825
0.353584
0.327314
0.270203
0.0877115
0.0917472
0.0983755
0.0877115
0.0917472
0.0983754
0.0780078
0.0797452
0.0835129
0.126564
0.137925
0.154321
0.149401
0.125917
0.109699
0.256886
0.214313
0.180278
0.256886
0.214313
0.180278
0.149401
0.125917
0.109699
0.126563
0.137925
0.154321
0.112653
0.0992307
0.0895717
0.24947
0.273783
0.302791
0.186077
0.233549
0.289531
0.328945
0.292947
0.224825
0.267374
0.349128
0.341398
-0.307711
-0.0705763
0.103333
-0.24496
0.0759045
0.268653
0.344572
0.352583
0.33377
0.307287
0.346002
0.34804
0.280851
0.138175
-0.10268
0.280851
0.138175
-0.10268
0.307287
0.346002
0.34804
-0.612419
-0.915806
-1.17416
-1.15472
-0.830546
-0.455234
-1.03561
-1.27526
-1.3199
-1.03561
-1.27526
-1.3199
-1.15472
-0.830545
-0.455233
-0.612415
-0.915803
-1.17416
-0.244957
0.0759064
0.268653
0.186077
0.233549
0.289531
0.249469
0.273782
0.302791
0.134897
0.16648
0.21053
0.344572
0.352583
0.33377
-0.307707
-0.0705723
0.103336
0.267376
0.349128
0.341398
0.328946
0.292949
0.224827
0.353584
0.327313
0.270203
0.0877115
0.0917472
0.0983753
0.0877115
0.0917472
0.0983753
0.0780078
0.0797452
0.0835129
0.126563
0.137924
0.154321
0.149401
0.125916
0.109699
0.256885
0.214312
0.180278
0.256885
0.214312
0.180278
0.149401
0.125916
0.109699
0.126563
0.137924
0.154321
0.112653
0.0992307
0.0895717
0.249469
0.273782
0.30279
0.186077
0.233548
0.28953
0.328946
0.29295
0.224829
0.267378
0.349128
0.341397
-0.307699
-0.070567
0.103339
-0.244949
0.0759118
0.268656
0.344573
0.352583
0.33377
0.307286
0.346001
0.34804
0.280854
0.138181
-0.102671
0.280854
0.138181
-0.102671
0.307286
0.346001
0.34804
-0.612406
-0.915794
-1.17415
-1.15471
-0.830535
-0.455222
-1.03562
-1.27527
-1.3199
-1.03562
-1.27527
-1.3199
-1.15471
-0.830535
-0.455222
-0.612406
-0.915794
-1.17415
-0.244949
0.0759118
0.268656
0.186077
0.233548
0.28953
0.249469
0.273782
0.30279
0.134897
0.16648
0.21053
0.344573
0.352583
0.33377
-0.307699
-0.070567
0.103339
0.267378
0.349128
0.341397
0.328946
0.29295
0.224829
0.353584
0.327313
0.270203
0.0877115
0.0917472
0.0983754
0.0877115
0.0917472
0.0983755
0.0780078
0.0797452
0.0835129
0.126563
0.137925
0.154321
0.149401
0.125917
0.109699
0.256886
0.214312
0.180278
0.256886
0.214312
0.180278
0.149401
0.125917
0.109699
0.126564
0.137925
0.154321
0.112653
0.0992308
0.0895718
0.249469
0.273782
0.302791
0.186077
0.233549
0.28953
0.328946
0.292949
0.224828
0.267377
0.349128
0.341398
-0.307703
-0.0705697
0.103338
-0.244953
0.0759091
0.268655
0.344573
0.352583
0.33377
0.307287
0.346002
0.34804
0.280853
0.138178
-0.102675
0.280852
0.138177
-0.102675
0.307287
0.346002
0.34804
-0.61241
-0.915797
-1.17415
-1.15471
-0.830539
-0.455227
-1.03562
-1.27527
-1.3199
-1.03562
-1.27527
-1.3199
-1.15471
-0.83054
-0.455227
-0.612413
-0.9158
-1.17415
-0.244955
0.0759075
0.268654
0.186077
0.233549
0.289531
0.24947
0.273783
0.302791
0.134897
0.16648
0.210531
0.344573
0.352583
0.33377
-0.307706
-0.0705731
0.103334
0.267375
0.349128
0.341398
0.328945
0.292947
0.224826
0.353584
0.327314
0.270203
0.0877115
0.0917472
0.0983754
0.0877115
0.0917472
0.0983754
0.126564
0.137925
0.154321
0.149401
0.125917
0.109699
0.256886
0.214312
0.180278
0.256886
0.214312
0.180278
0.149401
0.125917
0.109699
0.126563
0.137925
0.154321
0.24947
0.273783
0.302791
0.186077
0.233549
0.289531
0.328945
0.292947
0.224825
0.267374
0.349128
0.341398
-0.307712
-0.0705766
0.103333
-0.244961
0.075904
0.268653
0.344572
0.352583
0.33377
0.307287
0.346002
0.34804
0.280851
0.138174
-0.102681
0.280851
0.138174
-0.102681
0.307287
0.346002
0.34804
-0.612421
-0.915808
-1.17416
-1.15472
-0.83055
-0.455236
-1.0356
-1.27526
-1.3199
-1.0356
-1.27526
-1.3199
-1.15472
-0.830549
-0.455236
-0.612419
-0.915807
-1.17416
-0.244959
0.0759051
0.268653
0.186077
0.233549
0.289531
0.249469
0.273782
0.302791
0.344572
0.352583
0.33377
-0.307709
-0.0705743
0.103335
0.267376
0.349128
0.341398
0.328946
0.292948
0.224827
0.295757
0.106383
-0.235211
-0.539929
-0.708033
-0.893979
0.0350541
-0.330801
-0.772371
-1.32502
-1.11248
-0.70236
-1.29545
-1.21852
-1.08404
-1.18103
-1.32946
-1.17263
-0.313048
-0.613249
-0.872627
-0.432326
-0.9386
-1.26433
-1.32154
-1.2383
-1.08774
-0.677277
-1.06819
-1.30387
-1.22059
-0.834813
-0.32447
-0.00355912
0.144781
0.299948
-0.736583
-0.207146
0.233243
0.174756
0.289911
0.121078
0
0
0
0.158159
0.393538
0.449343
0
0
0
0.131352
0.379249
0.575956
0.619835
0.557946
0.449828
0.11581
0.487825
0.63898
0.629573
0.588949
0.512958
0.67617
0.675582
0.552861
0.0155124
0.299344
0.521661
0
0
0
0.0611642
0.201135
0.36958
0
0
0
0.0158134
0.0579652
0.126435
0.218367
0.309803
0.410988
0.532843
0.377426
0.236802
0.654746
0.699227
0.661938
-1.29553
-1.13964
-0.859452
-1.32347
-1.2387
-0.91416
0.478064
0.0959824
-0.403576
0.664825
0.696075
0.580652
0.299401
-0.0615207
-0.465581
-0.613346
-0.145414
0.277581
0.568908
0.688933
0.683593
0.568908
0.688933
0.683593
-0.613345
-0.145413
0.277582
0.548161
0.420439
0.296671
0.302807
0.442447
0.581969
0.0607326
0.110477
0.186876
0.0607326
0.110477
0.186876
0.302807
0.442447
0.581969
0.548161
0.420439
0.296671
0.664824
0.696075
0.580653
0.139557
0.0853246
0.0482724
0.182396
0.101651
0.052118
0
0
0
0.00228685
0.00880031
0.0228289
0
0
0
0.000418947
0.000545105
0.00219602
0.00576921
0.0116821
0.0250681
0.029324
0.0133244
0.0056893
0.00191064
0.00110415
-0.000260362
0.00191064
0.00110415
-0.000260359
0.029324
0.0133244
0.0056893
0
0
0
-0.000603903
0.000383853
-0.00050096
0
0
0
0
0
0
-0.000603903
0.000383852
-0.000500957
0
0
0
0.000418947
0.000545106
0.00219602
0.182396
0.101651
0.052118
0.139557
0.0853245
0.0482724
0.532842
0.377425
0.236802
0.00576921
0.0116821
0.0250681
0
0
0
0.00228685
0.00880032
0.0228289
0
0
0
0.0158134
0.0579652
0.126434
0.0350515
-0.330805
-0.772375
-0.539935
-0.708038
-0.893983
0.295756
0.10638
-0.235217
-0.677279
-1.0682
-1.30387
-1.32154
-1.2383
-1.08774
-0.432323
-0.938598
-1.26433
-0.313045
-0.613245
-0.872623
-1.18103
-1.32946
-1.17263
-1.29545
-1.21852
-1.08404
-1.32502
-1.11248
-0.702366
-1.32347
-1.2387
-0.914159
-1.29553
-1.13963
-0.85945
0.299402
-0.0615194
-0.46558
0.654746
0.699227
0.661938
0.478065
0.0959841
-0.403574
0.0155148
0.299346
0.521662
0.67617
0.675582
0.55286
0.629573
0.588949
0.512957
0.115812
0.487826
0.63898
0.218367
0.309803
0.410988
0
0
0
0.0611641
0.201135
0.36958
0
0
0
0.131352
0.379249
0.575955
-0.736579
-0.207142
0.233246
-0.00355318
0.144785
0.299952
-1.22059
-0.834807
-0.324463
0.619835
0.557947
0.449831
0
0
0
0.15816
0.393538
0.449345
0
0
0
0.174757
0.289914
0.121084
-0.539935
-0.708038
-0.893983
0.0350513
-0.330805
-0.772375
-1.29545
-1.21852
-1.08404
-1.18103
-1.32946
-1.17263
-0.313048
-0.613247
-0.872624
-0.432327
-0.9386
-1.26433
-1.32154
-1.2383
-1.08774
-0.677278
-1.06819
-1.30387
-0.00355311
0.144785
0.299952
-0.736579
-0.207143
0.233246
0
0
0
0.15816
0.393539
0.449345
0
0
0
0.131352
0.37925
0.575956
0.619835
0.557947
0.44983
0.115809
0.487825
0.63898
0.629573
0.58895
0.512959
0.676169
0.675583
0.552862
0.0155112
0.299342
0.521659
0
0
0
0.0611646
0.201136
0.369582
0
0
0
0.0158137
0.0579661
0.126436
0.218369
0.309805
0.41099
0.532846
0.377429
0.236804
0.654748
0.699227
0.661937
-1.29553
-1.13964
-0.859456
-1.32347
-1.2387
-0.914164
0.478061
0.0959779
-0.403581
0.664827
0.696074
0.580648
0.299394
-0.0615279
-0.465587
-0.613355
-0.145424
0.277574
0.568902
0.688931
0.683596
0.568897
0.68893
0.683597
-0.613358
-0.145431
0.277564
0.548165
0.420445
0.296677
0.302814
0.442455
0.581976
0.0607357
0.110481
0.186881
0.060736
0.110482
0.186884
0.302818
0.442457
0.581977
0.548173
0.420452
0.296682
0.664831
0.696073
0.580641
0.139559
0.0853266
0.048274
0.182401
0.101654
0.0521199
0
0
0
0.00228697
0.00880071
0.0228299
0
0
0
0.000418913
0.000545208
0.00219612
0.00576957
0.0116828
0.0250692
0.0293258
0.0133253
0.0056897
0.00191075
0.00110428
-0.000260403
0.00191078
0.00110431
-0.000260412
0.0293259
0.0133255
0.00568982
0
0
0
-0.000603903
0.000383863
-0.000500988
0
0
0
0
0
0
-0.000603908
0.000383867
-0.000500992
0
0
0
0.000418905
0.000545252
0.00219617
0.182405
0.101657
0.0521219
0.139566
0.0853307
0.0482762
0.532855
0.377439
0.236814
0.00576975
0.0116832
0.0250702
0
0
0
0.00228713
0.00880123
0.0228311
0
0
0
0.0158149
0.05797
0.126443
0.0350558
-0.330798
-0.772367
-0.539927
-0.70803
-0.893975
0.295758
0.106384
-0.23521
-0.677273
-1.06819
-1.30387
-1.32154
-1.2383
-1.08774
-0.432344
-0.938613
-1.26433
-0.313066
-0.613263
-0.872637
-1.18104
-1.32946
-1.17263
-1.29545
-1.21852
-1.08405
-1.32502
-1.11247
-0.702358
-1.32347
-1.2387
-0.914174
-1.29553
-1.13964
-0.859467
0.299383
-0.0615414
-0.465601
0.654753
0.699228
0.661931
0.478048
0.0959613
-0.403596
0.015493
0.299326
0.521647
0.676165
0.675586
0.552871
0.629575
0.588955
0.512967
0.115792
0.487813
0.638975
0.218378
0.309816
0.411
0
0
0
0.0611672
0.201143
0.369591
0
0
0
0.131354
0.379253
0.575958
-0.736593
-0.207158
0.233233
-0.00356362
0.144774
0.299941
-1.22059
-0.834815
-0.324473
0.619832
0.55794
0.449821
0
0
0
0.158159
0.393536
0.449337
0
0
0
0.174754
0.289908
0.121075
-0.539926
-0.708027
-0.893971
0.0350591
-0.330793
-0.772362
-1.29545
-1.21852
-1.08405
-1.18104
-1.32946
-1.17262
-0.313076
-0.613271
-0.872643
-0.432356
-0.938622
-1.26434
-1.32154
-1.2383
-1.08773
-0.677264
-1.06818
-1.30387
-0.00356447
0.144772
0.299937
-0.736598
-0.207164
0.233229
0
0
0
0.158159
0.393535
0.449334
0
0
0
0.131355
0.379255
0.575959
0.619831
0.557937
0.449817
0.115782
0.487806
0.638973
0.629575
0.588958
0.512972
0.676162
0.675589
0.552876
0.0154818
0.299315
0.521639
0
0
0
0.0611685
0.201146
0.369596
0
0
0
0.0158155
0.0579721
0.126447
0.218384
0.309821
0.411006
0.532862
0.377446
0.23682
0.654757
0.699228
0.661927
-1.29553
-1.13965
-0.859479
-1.32347
-1.23871
-0.914186
0.478039
0.0959475
-0.403612
0.664835
0.696071
0.580633
0.299369
-0.0615573
-0.465616
-0.613373
-0.145448
0.27755
0.568888
0.688927
0.6836
0.568888
0.688927
0.6836
-0.613373
-0.145448
0.27755
0.54818
0.42046
0.29669
0.302826
0.442467
0.581986
0.0607393
0.110487
0.18689
0.0607393
0.110487
0.186891
0.302826
0.442467
0.581986
0.54818
0.42046
0.29669
0.664835
0.696071
0.580633
0.13957
0.0853338
0.0482783
0.182411
0.101661
0.0521242
0
0
0
0.00228725
0.00880169
0.0228322
0
0
0
0.000418912
0.000545311
0.00219631
0.00577011
0.0116839
0.0250715
0.0293277
0.0133264
0.00569021
0.00191093
0.00110439
-0.000260409
0.00191092
0.0011044
-0.000260418
0.0293277
0.0133264
0.0056902
0
0
0
-0.000603907
0.000383866
-0.000500993
0
0
0
0
0
0
-0.000603906
0.000383863
-0.000500995
0
0
0
0.000418903
0.000545322
0.00219629
0.182411
0.101661
0.0521242
0.13957
0.0853339
0.0482783
0.532862
0.377447
0.23682
0.00577011
0.0116839
0.0250715
0
0
0
0.00228726
0.0088017
0.0228322
0
0
0
0.0158156
0.0579723
0.126447
0.0350591
-0.330793
-0.772362
-0.539926
-0.708027
-0.893971
0.295758
0.106384
-0.23521
-0.677264
-1.06818
-1.30387
-1.32154
-1.2383
-1.08773
-0.432357
-0.938623
-1.26434
-0.313077
-0.613272
-0.872644
-1.18104
-1.32946
-1.17262
-1.29545
-1.21852
-1.08405
-1.32502
-1.11247
-0.702358
-1.32347
-1.23871
-0.914186
-1.29553
-1.13965
-0.85948
0.299369
-0.0615577
-0.465617
0.654757
0.699228
0.661927
0.478039
0.0959468
-0.403612
0.0154807
0.299314
0.521639
0.676162
0.675589
0.552876
0.629575
0.588958
0.512972
0.115781
0.487806
0.638973
0.218384
0.309822
0.411006
0
0
0
0.0611687
0.201147
0.369597
0
0
0
0.131356
0.379256
0.575959
-0.736599
-0.207165
0.233228
-0.00356482
0.144771
0.299937
-1.22059
-0.834815
-0.324474
0.61983
0.557937
0.449817
0
0
0
0.158159
0.393535
0.449334
0
0
0
0.174754
0.289908
0.121074
-0.539927
-0.708029
-0.893974
0.0350571
-0.330796
-0.772365
-1.29545
-1.21852
-1.08405
-1.18104
-1.32946
-1.17263
-0.313068
-0.613265
-0.872639
-0.432347
-0.938616
-1.26434
-1.32154
-1.2383
-1.08774
-0.677268
-1.06819
-1.30387
-0.00356379
0.144774
0.29994
-0.736594
-0.207159
0.233232
0
0
0
0.158159
0.393536
0.449337
0
0
0
0.131355
0.379254
0.575958
0.619832
0.55794
0.44982
0.11579
0.487812
0.638975
0.629575
0.588955
0.512968
0.676164
0.675587
0.552872
0.0154903
0.299323
0.521645
0
0
0
0.0611673
0.201143
0.369592
0
0
0
0.0158149
0.0579702
0.126443
0.218379
0.309816
0.411001
0.532857
0.377441
0.236815
0.654754
0.699228
0.66193
-1.29553
-1.13965
-0.859473
-1.32347
-1.2387
-0.91418
0.478046
0.0959563
-0.403603
0.664832
0.696072
0.580637
0.299376
-0.0615492
-0.465608
-0.61337
-0.145442
0.277556
0.568893
0.688929
0.683598
0.568898
0.688929
0.683597
-0.613368
-0.145435
0.277565
0.548175
0.420453
0.296683
0.302819
0.442459
0.581979
0.0607363
0.110483
0.186885
0.060736
0.110482
0.186882
0.302816
0.442457
0.581978
0.548167
0.420447
0.296679
0.664828
0.696074
0.580644
0.139566
0.085331
0.0482764
0.182406
0.101658
0.0521221
0
0
0
0.00228713
0.00880125
0.0228311
0
0
0
0.0004189
0.000545259
0.00219617
0.00576976
0.0116832
0.0250703
0.029326
0.0133255
0.00568984
0.00191078
0.00110431
-0.000260413
0.00191076
0.00110428
-0.0002604
0.0293259
0.0133254
0.00568972
0
0
0
-0.000603908
0.000383866
-0.000500992
0
0
0
0
0
0
-0.000603902
0.000383864
-0.000500987
0
0
0
0.000418916
0.000545207
0.00219613
0.182402
0.101655
0.0521202
0.13956
0.085327
0.0482742
0.532848
0.37743
0.236805
0.0057696
0.0116828
0.0250693
0
0
0
0.00228697
0.00880073
0.02283
0
0
0
0.0158137
0.0579663
0.126437
0.0350531
-0.330802
-0.772373
-0.539935
-0.708037
-0.893981
0.295756
0.10638
-0.235217
-0.677272
-1.06819
-1.30387
-1.32154
-1.2383
-1.08774
-0.432331
-0.938604
-1.26433
-0.313051
-0.61325
-0.872626
-1.18103
-1.32946
-1.17263
-1.29545
-1.21852
-1.08404
-1.32502
-1.11248
-0.702366
-1.32347
-1.2387
-0.914171
-1.29553
-1.13964
-0.859462
0.299386
-0.0615364
-0.465595
0.654749
0.699227
0.661935
0.478058
0.0959722
-0.403588
0.0155078
0.299338
0.521656
0.676168
0.675584
0.552863
0.629573
0.58895
0.51296
0.115807
0.487823
0.63898
0.21837
0.309806
0.410991
0
0
0
0.0611647
0.201136
0.369583
0
0
0
0.131353
0.37925
0.575956
-0.736581
-0.207144
0.233245
-0.00355321
0.144785
0.299951
-1.22059
-0.834807
-0.324463
0.619835
0.557946
0.44983
0
0
0
0.15816
0.393539
0.449344
0
0
0
0.174757
0.289914
0.121084
-0.539935
-0.708038
-0.893983
0.0350515
-0.330805
-0.772375
-1.29545
-1.21852
-1.08404
-1.18103
-1.32946
-1.17263
-0.313045
-0.613245
-0.872623
-0.432323
-0.938598
-1.26433
-1.32154
-1.2383
-1.08774
-0.677279
-1.0682
-1.30387
-0.00355317
0.144785
0.299952
-0.736579
-0.207142
0.233246
0
0
0
0.15816
0.393538
0.449345
0
0
0
0.131352
0.379249
0.575955
0.619835
0.557947
0.449831
0.115812
0.487826
0.63898
0.629573
0.588949
0.512957
0.67617
0.675582
0.55286
0.0155148
0.299346
0.521662
0
0
0
0.0611641
0.201135
0.36958
0
0
0
0.0158134
0.0579652
0.126434
0.218367
0.309803
0.410988
0.532842
0.377425
0.236802
0.654746
0.699227
0.661938
-1.29553
-1.13963
-0.85945
-1.32347
-1.2387
-0.914159
0.478065
0.0959841
-0.403574
0.664824
0.696075
0.580653
0.299402
-0.0615194
-0.46558
-0.613345
-0.145413
0.277582
0.568908
0.688933
0.683593
0.568908
0.688933
0.683593
-0.613346
-0.145414
0.277581
0.548161
0.420439
0.296671
0.302807
0.442447
0.581969
0.0607326
0.110477
0.186876
0.0607326
0.110477
0.186876
0.302807
0.442447
0.581969
0.548161
0.420439
0.296671
0.664825
0.696075
0.580652
0.139557
0.0853245
0.0482724
0.182396
0.101651
0.052118
0
0
0
0.00228685
0.00880032
0.0228289
0
0
0
0.000418947
0.000545107
0.00219602
0.00576921
0.0116821
0.0250681
0.029324
0.0133244
0.0056893
0.00191064
0.00110415
-0.000260359
0.00191064
0.00110415
-0.000260361
0.029324
0.0133244
0.0056893
0
0
0
-0.000603902
0.000383851
-0.000500957
0
0
0
0
0
0
-0.000603903
0.000383852
-0.00050096
0
0
0
0.000418947
0.000545105
0.00219602
0.182396
0.101651
0.052118
0.139557
0.0853246
0.0482724
0.532843
0.377426
0.236802
0.00576921
0.0116821
0.0250681
0
0
0
0.00228685
0.00880031
0.0228289
0
0
0
0.0158134
0.0579652
0.126435
0.0350541
-0.330801
-0.772371
-0.539929
-0.708033
-0.893979
-0.677277
-1.06819
-1.30387
-1.32154
-1.2383
-1.08774
-0.432326
-0.9386
-1.26433
-0.313048
-0.613249
-0.872627
-1.18103
-1.32946
-1.17263
-1.29545
-1.21852
-1.08404
-1.32347
-1.2387
-0.91416
-1.29553
-1.13964
-0.859452
0.299401
-0.0615207
-0.465581
0.654746
0.699227
0.661938
0.478064
0.0959824
-0.403576
0.0155124
0.299344
0.521661
0.67617
0.675582
0.552861
0.629573
0.588949
0.512958
0.11581
0.487825
0.63898
0.218367
0.309803
0.410988
0
0
0
0.0611642
0.201135
0.36958
0
0
0
0.131352
0.379249
0.575956
-0.736583
-0.207146
0.233243
-0.00355912
0.144781
0.299948
0.619835
0.557946
0.449828
0
0
0
0.158159
0.393538
0.449343
0
0
0
0.078419
0.0805403
0.0844524
0.0805403
0.0832409
0.0880779
0.0844524
0.0880779
0.0941525
0.0914574
0.101346
0.116345
0.0961929
0.10791
0.125281
0.104085
0.11816
0.139552
0.116677
0.134848
0.161625
0.134848
0.158518
0.191606
0.161625
0.191606
0.231862
0.0914575
0.0961929
0.104085
0.101346
0.10791
0.11816
0.116345
0.125282
0.139552
0.139926
0.173367
0.220009
0.153034
0.191464
0.242804
0.172618
0.21691
0.272103
0.281097
0.335045
0.352206
0.304516
0.348712
0.338224
0.329602
0.353793
0.301061
0.350189
0.336469
0.220718
0.350682
0.280926
0.0881722
0.312784
0.166257
-0.111384
0.201743
0.25233
0.307381
0.23884
0.291891
0.338739
0.283168
0.330475
0.353857
0.32929
0.353605
0.3277
0.353605
0.331797
0.232524
0.3277
0.232524
0.0413184
0.203498
-0.0376997
-0.394891
0.0114078
-0.314231
-0.70956
-0.27386
-0.648653
-1.01819
-0.647541
-1.00189
-1.25754
-1.00189
-1.24919
-1.32466
-1.25754
-1.32466
-1.18842
0.203498
0.0114073
-0.27386
-0.0377008
-0.314232
-0.648654
-0.394893
-0.709561
-1.01819
0.139926
0.153035
0.172618
0.173368
0.191464
0.21691
0.220009
0.242805
0.272104
0.201743
0.23884
0.283168
0.25233
0.291891
0.330475
0.307382
0.338739
0.353857
0.350189
0.350682
0.312783
0.336468
0.280925
0.166256
0.220717
0.0881705
-0.111385
0.281098
0.304517
0.329602
0.335045
0.348712
0.353793
0.352206
0.338223
0.30106
0.078419
0.0805403
0.0844524
0.0805403
0.0832409
0.0880779
0.0844524
0.0880779
0.0941526
0.0914575
0.101346
0.116345
0.0961929
0.10791
0.125282
0.104085
0.11816
0.139552
0.116677
0.134848
0.161625
0.134848
0.158518
0.191606
0.161625
0.191606
0.231862
0.0914575
0.0961929
0.104085
0.101346
0.10791
0.11816
0.116345
0.125281
0.139552
0.139926
0.173368
0.220009
0.153035
0.191464
0.242805
0.172618
0.21691
0.272104
0.281098
0.335045
0.352206
0.304517
0.348712
0.338223
0.329603
0.353793
0.30106
0.35019
0.336468
0.220717
0.350682
0.280925
0.0881706
0.312783
0.166256
-0.111385
0.201743
0.25233
0.307382
0.238841
0.291891
0.338739
0.283168
0.330476
0.353857
0.32929
0.353605
0.3277
0.353605
0.331797
0.232524
0.327701
0.232524
0.0413195
0.203498
-0.0377
-0.394891
0.0114083
-0.31423
-0.709559
-0.273858
-0.648651
-1.01819
-0.647538
-1.00188
-1.25754
-1.00188
-1.24918
-1.32466
-1.25754
-1.32466
-1.18843
0.203499
0.0114093
-0.273857
-0.037698
-0.314228
-0.64865
-0.394888
-0.709556
-1.01819
0.139926
0.153034
0.172618
0.173367
0.191464
0.21691
0.220009
0.242804
0.272103
0.201743
0.23884
0.283168
0.25233
0.291891
0.330475
0.307381
0.338739
0.353857
0.350189
0.350682
0.312784
0.336469
0.280926
0.166258
0.220719
0.0881735
-0.111382
0.281097
0.304516
0.329602
0.335044
0.348711
0.353793
0.352206
0.338224
0.301061
0.078419
0.0805403
0.0844524
0.0805403
0.0832409
0.0880779
0.0844524
0.0880779
0.0941525
0.0914574
0.101346
0.116345
0.0961928
0.107909
0.125281
0.104085
0.11816
0.139552
0.116677
0.134847
0.161625
0.134847
0.158518
0.191605
0.161625
0.191605
0.231861
0.0914574
0.0961928
0.104085
0.101346
0.107909
0.11816
0.116345
0.125281
0.139552
0.139926
0.173367
0.220009
0.153034
0.191464
0.242804
0.172617
0.216909
0.272103
0.281097
0.335044
0.352206
0.304516
0.348711
0.338224
0.329602
0.353793
0.301062
0.350189
0.33647
0.220721
0.350682
0.280928
0.0881777
0.312786
0.166262
-0.111375
0.201742
0.252329
0.307381
0.238839
0.29189
0.338739
0.283167
0.330475
0.353857
0.329289
0.353605
0.327702
0.353605
0.331798
0.232528
0.327702
0.232528
0.0413268
0.203503
-0.0376911
-0.394879
0.0114163
-0.314219
-0.709546
-0.273847
-0.648639
-1.01818
-0.647527
-1.00187
-1.25754
-1.00187
-1.24918
-1.32466
-1.25754
-1.32466
-1.18844
0.203503
0.0114163
-0.273847
-0.0376911
-0.314219
-0.648639
-0.394879
-0.709546
-1.01818
0.139926
0.153034
0.172617
0.173367
0.191464
0.216909
0.220009
0.242804
0.272103
0.201742
0.238839
0.283167
0.252329
0.29189
0.330475
0.307381
0.338739
0.353857
0.350189
0.350682
0.312786
0.33647
0.280928
0.166262
0.220721
0.0881777
-0.111375
0.281097
0.304516
0.329602
0.335044
0.348711
0.353793
0.352206
0.338224
0.301062
0.0784189
0.0805403
0.0844524
0.0805403
0.0832409
0.0880779
0.0844524
0.0880779
0.0941525
0.0914575
0.101346
0.116345
0.0961929
0.10791
0.125281
0.104085
0.11816
0.139552
0.116677
0.134848
0.161625
0.134848
0.158518
0.191606
0.161625
0.191606
0.231862
0.0914575
0.0961929
0.104085
0.101346
0.10791
0.11816
0.116345
0.125282
0.139552
0.139926
0.173367
0.220009
0.153034
0.191464
0.242804
0.172618
0.216909
0.272103
0.281097
0.335044
0.352206
0.304516
0.348711
0.338224
0.329602
0.353793
0.301062
0.350189
0.336469
0.22072
0.350682
0.280927
0.0881755
0.312785
0.16626
-0.111378
0.201743
0.25233
0.307381
0.23884
0.29189
0.338739
0.283167
0.330475
0.353857
0.32929
0.353605
0.327701
0.353605
0.331797
0.232526
0.327701
0.232526
0.0413231
0.203501
-0.0376945
-0.394883
0.0114128
-0.314223
-0.70955
-0.273852
-0.648643
-1.01818
-0.647531
-1.00188
-1.25754
-1.00188
-1.24918
-1.32466
-1.25754
-1.32466
-1.18843
0.2035
0.0114121
-0.273852
-0.0376961
-0.314225
-0.648644
-0.394886
-0.709552
-1.01818
0.139926
0.153035
0.172618
0.173368
0.191464
0.21691
0.220009
0.242805
0.272104
0.201743
0.23884
0.283167
0.25233
0.291891
0.330475
0.307381
0.338739
0.353857
0.350189
0.350682
0.312784
0.336469
0.280926
0.166258
0.220718
0.088173
-0.111381
0.281098
0.304517
0.329602
0.335045
0.348712
0.353793
0.352206
0.338223
0.30106
0.078419
0.0805403
0.0844524
0.0805403
0.0832409
0.0880779
0.0844524
0.0880779
0.0941525
0.0914575
0.101346
0.116345
0.0961929
0.10791
0.125282
0.104085
0.11816
0.139552
0.116677
0.134848
0.161625
0.134848
0.158518
0.191606
0.161625
0.191606
0.231862
0.0914574
0.0961929
0.104085
0.101346
0.10791
0.11816
0.116345
0.125281
0.139552
0.139926
0.173368
0.220009
0.153035
0.191464
0.242805
0.172618
0.21691
0.272104
0.281098
0.335045
0.352206
0.304517
0.348712
0.338223
0.329602
0.353793
0.30106
0.350189
0.336468
0.220717
0.350682
0.280925
0.0881705
0.312783
0.166256
-0.111385
0.201743
0.25233
0.307382
0.23884
0.291891
0.338739
0.283168
0.330475
0.353857
0.32929
0.353605
0.3277
0.353605
0.331797
0.232524
0.3277
0.232524
0.0413184
0.203498
-0.0377008
-0.394893
0.0114073
-0.314232
-0.709561
-0.27386
-0.648654
-1.01819
-0.647541
-1.00189
-1.25754
-1.00189
-1.24919
-1.32466
-1.25754
-1.32466
-1.18842
0.203498
0.0114078
-0.27386
-0.0376997
-0.314231
-0.648653
-0.394891
-0.70956
-1.01819
0.139926
0.153034
0.172618
0.173367
0.191464
0.21691
0.220009
0.242804
0.272103
0.201743
0.23884
0.283168
0.25233
0.291891
0.330475
0.307381
0.338739
0.353857
0.350189
0.350682
0.312784
0.336469
0.280926
0.166257
0.220718
0.0881722
-0.111384
0.281097
0.304516
0.329602
0.335045
0.348712
0.353793
0.352206
0.338224
0.301061
0.273902
0.0579266
-0.306385
0.210191
-0.06268
-0.46847
0.108305
-0.226493
-0.661575
-0.779544
-1.16659
-1.33251
-0.937001
-1.25902
-1.31571
-1.09596
-1.31902
-1.24498
-1.23867
-1.32079
-1.09679
-1.31834
-1.24104
-0.880442
-1.31152
-1.06775
-0.599372
-0.0532935
-0.44679
-0.885131
-0.264287
-0.690825
-1.08996
-0.525683
-0.944363
-1.25051
-1.17171
-0.750656
-0.238918
-1.04082
-0.560751
-0.0597667
-0.85592
-0.335636
0.13232
0.172413
0.29823
0.149011
0.28244
0.330688
0.146619
0.394669
0.374295
0.154795
0.496998
0.407767
0.159196
0.560541
0.416346
0.154216
0.581986
0.398533
0.140895
-0.604619
-0.0751207
0.329359
-0.326671
0.171204
0.488588
-0.0343146
0.391132
0.601783
0.256261
0.567577
0.659322
0.481194
0.665043
0.653705
0.631183
0.690055
0.597293
0.55817
0.354822
0.120083
0.499325
0.297547
0.0966881
0.417353
0.234147
0.0728969
0.321097
0.16951
0.0507833
0.233896
0.116633
0.0336207
0.15908
0.0753027
0.0206656
0.696383
0.645492
0.500771
0.675053
0.554693
0.393509
0.592133
0.440112
0.287542
-0.82993
-1.17655
-1.32644
-1.09747
-1.30896
-1.27056
-1.2814
-1.30595
-1.07222
-1.18388
-0.78626
-0.258885
-0.942609
-0.449958
0.0679169
-0.605565
-0.0876805
0.355212
-0.196518
0.264548
0.575334
0.175854
0.51894
0.683222
0.471011
0.665238
0.693011
-1.31731
-1.12559
-0.726102
-1.16285
-0.799557
-0.319824
-0.835974
-0.378176
0.0882272
-0.372803
0.0766719
0.437533
0.0766722
0.426478
0.638579
0.437533
0.638579
0.7004
0.654813
0.69746
0.618383
0.699557
0.633661
0.500388
0.640864
0.514614
0.368626
0.511738
0.370488
0.242493
0.370488
0.246047
0.149442
0.242493
0.149442
0.0841825
0.654813
0.699557
0.640864
0.69746
0.633661
0.514614
0.618383
0.500388
0.368626
0.467747
0.316831
0.191202
0.343103
0.214331
0.120646
0.231292
0.134544
0.0705932
0.0985547
0.0438948
0.0117683
0.0580415
0.0246828
0.00619902
0.0320909
0.0128087
0.00322051
0.0155641
0.00608332
0.0012946
0.00758592
0.00265092
0.000681485
0.00315131
0.00120575
0.000146091
0.140048
0.0755639
0.0371075
0.0799876
0.0404525
0.0187319
0.0421266
0.0200415
0.00867378
0.0196121
0.00873762
0.00367189
0.00873763
0.00373037
0.00133528
0.00367189
0.00133528
0.000716076
0.00130674
0.000434782
3.15802e-05
0.000436891
0.000157388
3.44942e-05
0.00029393
-1.45623e-05
9.66028e-05
0.000243008
-9.89695e-05
0.00022343
-9.89696e-05
6.07965e-05
-0.00011241
0.000223431
-0.00011241
0.00017434
0.00130674
0.000436892
0.000293929
0.000434783
0.000157388
-1.45621e-05
3.15801e-05
3.44945e-05
9.66028e-05
0.467747
0.343103
0.231292
0.31683
0.214331
0.134544
0.191202
0.120646
0.0705932
0.140048
0.0799876
0.0421266
0.0755639
0.0404525
0.0200415
0.0371075
0.0187319
0.00867378
0.0155641
0.00758592
0.00315131
0.00608332
0.00265092
0.00120575
0.00129461
0.000681486
0.000146092
0.0985546
0.0580415
0.0320909
0.0438948
0.0246828
0.0128087
0.0117683
0.00619902
0.00322051
0.2739
0.210188
0.108302
0.057923
-0.0626838
-0.226497
-0.30639
-0.468475
-0.661579
-0.0532963
-0.264289
-0.525686
-0.446793
-0.690828
-0.944365
-0.885134
-1.08996
-1.25051
-1.23868
-1.31834
-1.31152
-1.32079
-1.24104
-1.06775
-1.09679
-0.880439
-0.599369
-0.779549
-0.937005
-1.09596
-1.16659
-1.25902
-1.31902
-1.33251
-1.31571
-1.24498
-0.829932
-1.09747
-1.28141
-1.17655
-1.30896
-1.30595
-1.32644
-1.27056
-1.07222
-1.31731
-1.16284
-0.835974
-1.12558
-0.799556
-0.378175
-0.7261
-0.319822
0.0882281
-0.196516
0.175855
0.471012
0.264549
0.518941
0.665238
0.575335
0.683222
0.693011
-1.18388
-0.942607
-0.605563
-0.786258
-0.449955
-0.0876785
-0.258882
0.067919
0.355213
0.256263
0.481195
0.631184
0.567578
0.665044
0.690055
0.659322
0.653704
0.597292
0.696383
0.675053
0.592133
0.645492
0.554692
0.440112
0.50077
0.393508
0.287542
0.321097
0.233895
0.15908
0.16951
0.116633
0.0753026
0.0507833
0.0336207
0.0206655
0.55817
0.499325
0.417353
0.354822
0.297547
0.234146
0.120083
0.0966881
0.0728969
-1.1717
-1.04082
-0.855915
-0.75065
-0.560745
-0.335631
-0.238912
-0.0597613
0.132324
-0.604615
-0.326668
-0.0343116
-0.0751167
0.171207
0.391134
0.329362
0.48859
0.601784
0.497
0.560542
0.581986
0.407768
0.416346
0.398533
0.159196
0.154216
0.140895
0.172418
0.282443
0.394671
0.298232
0.33069
0.374296
0.149012
0.146619
0.154795
0.2739
0.0579229
-0.30639
0.210188
-0.062684
-0.468475
0.108302
-0.226497
-0.661579
-0.779549
-1.16659
-1.33251
-0.937005
-1.25902
-1.31571
-1.09596
-1.31902
-1.24498
-1.23868
-1.32079
-1.09679
-1.31834
-1.24104
-0.880441
-1.31152
-1.06775
-0.599372
-0.0532963
-0.446793
-0.885134
-0.264289
-0.690827
-1.08996
-0.525685
-0.944364
-1.25051
-1.1717
-0.750649
-0.238912
-1.04082
-0.560746
-0.0597614
-0.855916
-0.335632
0.132324
0.172418
0.298233
0.149012
0.282443
0.330691
0.146619
0.394671
0.374297
0.154796
0.497
0.407768
0.159196
0.560542
0.416346
0.154216
0.581987
0.398534
0.140896
-0.604616
-0.0751178
0.329361
-0.32667
0.171206
0.488589
-0.0343143
0.391132
0.601783
0.25626
0.567576
0.659322
0.481192
0.665043
0.653705
0.631182
0.690055
0.597294
0.558171
0.354823
0.120084
0.499327
0.297548
0.0966885
0.417355
0.234148
0.0728974
0.321099
0.169512
0.0507837
0.233898
0.116634
0.0336211
0.159082
0.0753037
0.0206659
0.696383
0.645493
0.500773
0.675055
0.554695
0.393511
0.592136
0.440115
0.287545
-0.82993
-1.17655
-1.32644
-1.09747
-1.30896
-1.27056
-1.2814
-1.30595
-1.07222
-1.18388
-0.786261
-0.258886
-0.942611
-0.44996
0.0679144
-0.605569
-0.0876845
0.355209
-0.196524
0.264543
0.575332
0.175848
0.518936
0.683221
0.471006
0.665236
0.693012
-1.31731
-1.12559
-0.726107
-1.16285
-0.799563
-0.319831
-0.835983
-0.378185
0.088219
-0.372816
0.0766603
0.437525
0.0766559
0.426467
0.638573
0.437519
0.638572
0.7004
0.654809
0.69746
0.618386
0.699558
0.633665
0.500394
0.640869
0.514621
0.368633
0.511747
0.370496
0.242499
0.370498
0.246055
0.149447
0.242502
0.149448
0.0841867
0.654806
0.699558
0.64087
0.697461
0.633668
0.514624
0.618392
0.5004
0.368637
0.467751
0.316834
0.191205
0.343108
0.214335
0.120649
0.231298
0.134548
0.0705955
0.0985564
0.0438957
0.0117686
0.058043
0.0246835
0.00619924
0.032092
0.0128092
0.00322065
0.0155648
0.00608363
0.00129469
0.00758636
0.0026511
0.000681525
0.00315155
0.00120583
0.000146119
0.140052
0.0755668
0.037109
0.0799911
0.0404545
0.0187329
0.0421289
0.0200427
0.00867436
0.0196135
0.00873827
0.0036722
0.00873835
0.0037307
0.0013354
0.00367227
0.00133542
0.000716159
0.00130688
0.000434801
3.16117e-05
0.000436922
0.000157416
3.44826e-05
0.000293973
-1.45693e-05
9.66206e-05
0.000243014
-9.89594e-05
0.000223415
-9.89578e-05
6.07868e-05
-0.000112393
0.000223413
-0.000112392
0.000174314
0.00130692
0.000436926
0.000293981
0.000434809
0.000157426
-1.45739e-05
3.16269e-05
3.44763e-05
9.66294e-05
0.46776
0.343115
0.231302
0.316844
0.214341
0.134552
0.191213
0.120653
0.0705983
0.140055
0.0799922
0.0421292
0.0755688
0.0404553
0.020043
0.0371104
0.0187335
0.00867458
0.0155656
0.00758669
0.00315167
0.00608399
0.00265124
0.00120589
0.00129478
0.000681564
0.000146132
0.0985617
0.0580461
0.0320937
0.0438986
0.0246851
0.01281
0.0117695
0.0061997
0.00322086
0.273902
0.210191
0.108306
0.057928
-0.062678
-0.226491
-0.306383
-0.468467
-0.661571
-0.0532914
-0.264284
-0.525679
-0.446786
-0.69082
-0.944357
-0.885126
-1.08995
-1.25051
-1.23867
-1.31834
-1.31152
-1.32079
-1.24105
-1.06776
-1.0968
-0.880454
-0.599388
-0.779541
-0.936998
-1.09596
-1.16658
-1.25902
-1.31902
-1.33251
-1.31571
-1.24498
-0.829925
-1.09747
-1.2814
-1.17654
-1.30896
-1.30595
-1.32644
-1.27056
-1.07223
-1.31731
-1.16285
-0.835985
-1.12559
-0.79957
-0.378193
-0.726118
-0.319843
0.0882081
-0.196539
0.175834
0.470996
0.264528
0.518926
0.665231
0.575322
0.683217
0.693014
-1.18388
-0.942622
-0.605584
-0.786276
-0.449977
-0.087702
-0.258905
0.0678965
0.355194
0.256244
0.481179
0.631175
0.567567
0.665038
0.690056
0.65932
0.653708
0.597301
0.696381
0.675059
0.592144
0.645499
0.554704
0.440126
0.500782
0.393522
0.287555
0.321109
0.233907
0.15909
0.169518
0.11664
0.0753082
0.0507861
0.0336231
0.0206674
0.558175
0.499333
0.417364
0.354828
0.297554
0.234155
0.120086
0.0966912
0.0729001
-1.17171
-1.04083
-0.855928
-0.75066
-0.560758
-0.335647
-0.238923
-0.0597739
0.132311
-0.604631
-0.326687
-0.0343323
-0.0751338
0.17119
0.391118
0.329349
0.488579
0.601777
0.496993
0.560538
0.581986
0.407766
0.416347
0.398536
0.159196
0.154217
0.140897
0.172409
0.282434
0.394663
0.298227
0.330686
0.374293
0.14901
0.146618
0.154795
0.273902
0.0579286
-0.306382
0.210193
-0.0626762
-0.468465
0.108309
-0.226487
-0.661567
-0.779541
-1.16658
-1.33251
-0.936996
-1.25902
-1.31571
-1.09595
-1.31902
-1.24499
-1.23867
-1.32079
-1.0968
-1.31834
-1.24105
-0.880461
-1.31153
-1.06777
-0.599398
-0.0532872
-0.446781
-0.885121
-0.264277
-0.690813
-1.08995
-0.525672
-0.94435
-1.2505
-1.17171
-0.750661
-0.238924
-1.04083
-0.560761
-0.0597765
-0.855932
-0.335651
0.132307
0.172409
0.298226
0.14901
0.282433
0.330685
0.146618
0.39466
0.374292
0.154795
0.496991
0.407765
0.159196
0.560537
0.416347
0.154217
0.581987
0.398537
0.140898
-0.604638
-0.0751402
0.329344
-0.326695
0.171183
0.488575
-0.034342
0.391111
0.601773
0.256234
0.567561
0.659319
0.481171
0.665036
0.653709
0.63117
0.690056
0.597304
0.558176
0.35483
0.120087
0.499337
0.297557
0.0966925
0.417368
0.234158
0.0729014
0.321114
0.169522
0.0507873
0.233911
0.116643
0.0336241
0.159094
0.0753106
0.0206681
0.696381
0.645503
0.500788
0.675062
0.55471
0.393528
0.592149
0.440133
0.287561
-0.829917
-1.17654
-1.32644
-1.09746
-1.30895
-1.27057
-1.2814
-1.30596
-1.07224
-1.18389
-0.786287
-0.258917
-0.942633
-0.449991
0.0678842
-0.605598
-0.0877163
0.355183
-0.196555
0.264516
0.575315
0.17582
0.518917
0.683215
0.470986
0.665227
0.693015
-1.31731
-1.1256
-0.726132
-1.16286
-0.799584
-0.319859
-0.835999
-0.378209
0.0881927
-0.372835
0.0766383
0.437507
0.0766383
0.426451
0.638565
0.437506
0.638565
0.7004
0.6548
0.697463
0.618398
0.699559
0.633674
0.500408
0.640877
0.514633
0.368646
0.511757
0.370508
0.24251
0.370508
0.246064
0.149454
0.24251
0.149455
0.0841912
0.6548
0.699559
0.640877
0.697463
0.633674
0.514633
0.618398
0.500408
0.368646
0.467768
0.31685
0.191218
0.343123
0.214347
0.120657
0.231309
0.134556
0.0706011
0.098565
0.0439003
0.01177
0.0580484
0.0246862
0.00619999
0.0320951
0.0128107
0.00322103
0.0155664
0.00608433
0.00129486
0.00758713
0.00265141
0.000681604
0.00315189
0.00120597
0.000146146
0.14006
0.075572
0.0371122
0.079996
0.0404574
0.0187345
0.0421317
0.0200442
0.00867514
0.0196149
0.00873897
0.00367254
0.00873897
0.00373101
0.00133553
0.00367254
0.00133553
0.000716221
0.00130703
0.000434835
3.16392e-05
0.000436962
0.000157442
3.44748e-05
0.000294002
-1.45721e-05
9.66347e-05
0.000243016
-9.89498e-05
0.000223406
-9.89476e-05
6.07785e-05
-0.000112382
0.000223404
-0.000112382
0.0001743
0.00130703
0.000436959
0.000294005
0.000434831
0.000157444
-1.4574e-05
3.16434e-05
3.44719e-05
9.66376e-05
0.467768
0.343123
0.231309
0.316851
0.214348
0.134557
0.191219
0.120658
0.0706012
0.14006
0.079996
0.0421317
0.0755721
0.0404575
0.0200443
0.0371122
0.0187345
0.00867515
0.0155664
0.00758714
0.00315189
0.00608434
0.00265141
0.00120597
0.00129486
0.000681604
0.000146147
0.0985652
0.0580485
0.0320952
0.0439004
0.0246863
0.0128107
0.0117701
0.0062
0.00322103
0.273902
0.210193
0.108309
0.0579286
-0.0626761
-0.226487
-0.306382
-0.468465
-0.661567
-0.0532872
-0.264277
-0.525672
-0.44678
-0.690813
-0.94435
-0.885121
-1.08995
-1.2505
-1.23867
-1.31834
-1.31153
-1.32079
-1.24105
-1.06777
-1.0968
-0.880462
-0.599399
-0.779541
-0.936995
-1.09595
-1.16658
-1.25902
-1.31902
-1.33251
-1.31571
-1.24499
-0.829916
-1.09746
-1.2814
-1.17654
-1.30895
-1.30596
-1.32644
-1.27057
-1.07224
-1.31731
-1.16286
-0.835999
-1.1256
-0.799585
-0.37821
-0.726132
-0.31986
0.0881925
-0.196555
0.175819
0.470986
0.264515
0.518916
0.665227
0.575315
0.683215
0.693015
-1.18389
-0.942633
-0.605598
-0.786287
-0.449991
-0.0877171
-0.258918
0.0678832
0.355182
0.256233
0.481171
0.631169
0.567561
0.665035
0.690056
0.659319
0.653709
0.597305
0.69638
0.675062
0.59215
0.645503
0.55471
0.440133
0.500788
0.393529
0.287562
0.321114
0.233912
0.159095
0.169522
0.116643
0.0753109
0.0507875
0.0336242
0.0206682
0.558177
0.499337
0.417369
0.354831
0.297558
0.234159
0.120087
0.0966927
0.0729016
-1.17171
-1.04083
-0.855932
-0.750661
-0.560762
-0.335652
-0.238924
-0.0597772
0.132306
-0.604639
-0.326697
-0.0343432
-0.0751413
0.171181
0.39111
0.329343
0.488574
0.601773
0.496991
0.560537
0.581987
0.407765
0.416347
0.398538
0.159196
0.154217
0.140898
0.172408
0.282432
0.39466
0.298226
0.330685
0.374292
0.14901
0.146618
0.154794
0.273902
0.0579282
-0.306383
0.210192
-0.0626774
-0.468466
0.108307
-0.226489
-0.66157
-0.779541
-1.16658
-1.33251
-0.936997
-1.25902
-1.31571
-1.09596
-1.31902
-1.24498
-1.23867
-1.32079
-1.0968
-1.31834
-1.24105
-0.880456
-1.31152
-1.06776
-0.599391
-0.0532896
-0.446784
-0.885124
-0.264281
-0.690817
-1.08995
-0.525675
-0.944354
-1.2505
-1.17171
-0.75066
-0.238923
-1.04083
-0.560759
-0.0597742
-0.855928
-0.335647
0.132311
0.172409
0.298227
0.14901
0.282434
0.330686
0.146618
0.394663
0.374293
0.154795
0.496993
0.407766
0.159196
0.560538
0.416347
0.154217
0.581987
0.398536
0.140897
-0.604632
-0.0751348
0.329348
-0.326689
0.171189
0.488579
-0.0343344
0.391117
0.601776
0.256242
0.567566
0.65932
0.481177
0.665038
0.653708
0.631174
0.690056
0.597301
0.558175
0.354828
0.120086
0.499334
0.297554
0.0966913
0.417364
0.234155
0.0729002
0.321109
0.169519
0.0507862
0.233907
0.11664
0.0336231
0.15909
0.0753084
0.0206674
0.696381
0.6455
0.500783
0.67506
0.554705
0.393523
0.592145
0.440127
0.287556
-0.82992
-1.17654
-1.32644
-1.09746
-1.30895
-1.27057
-1.2814
-1.30596
-1.07224
-1.18389
-0.786279
-0.258908
-0.942627
-0.449982
0.067893
-0.605589
-0.087707
0.355191
-0.196546
0.264524
0.57532
0.175828
0.518922
0.683217
0.470992
0.66523
0.693014
-1.31731
-1.1256
-0.726125
-1.16286
-0.799579
-0.319852
-0.835996
-0.378204
0.0881995
-0.372828
0.0766461
0.437513
0.0766503
0.42646
0.638569
0.437519
0.638571
0.7004
0.654804
0.697462
0.618394
0.699558
0.63367
0.500401
0.640872
0.514626
0.368639
0.511749
0.370499
0.242503
0.370498
0.246056
0.149449
0.242501
0.149448
0.0841871
0.654807
0.699558
0.640871
0.697461
0.633667
0.514623
0.618388
0.500396
0.368634
0.467762
0.316845
0.191214
0.343116
0.214342
0.120654
0.231303
0.134552
0.0705986
0.098562
0.0438987
0.0117695
0.0580463
0.0246852
0.0061997
0.0320938
0.0128101
0.00322086
0.0155656
0.006084
0.00129478
0.00758671
0.00265125
0.000681565
0.00315168
0.00120589
0.000146133
0.140055
0.0755691
0.0371106
0.0799926
0.0404555
0.0187335
0.0421294
0.0200431
0.00867462
0.0196136
0.00873838
0.00367228
0.00873831
0.00373072
0.00133542
0.00367221
0.00133541
0.00071616
0.00130693
0.000434808
3.16292e-05
0.000436925
0.000157427
3.4475e-05
0.000293983
-1.45745e-05
9.66306e-05
0.000243015
-9.89573e-05
0.000223413
-9.89599e-05
6.07868e-05
-0.000112392
0.000223416
-0.000112393
0.000174314
0.00130688
0.000436924
0.000293972
0.000434803
0.000157415
-1.45685e-05
3.16103e-05
3.44837e-05
9.66195e-05
0.467753
0.34311
0.231299
0.316836
0.214336
0.134548
0.191206
0.120649
0.0705958
0.140053
0.0799915
0.0421291
0.0755671
0.0404546
0.0200428
0.0371092
0.0187329
0.00867439
0.0155649
0.00758638
0.00315156
0.00608365
0.0026511
0.00120584
0.00129469
0.000681526
0.000146119
0.0985567
0.0580432
0.0320921
0.0438958
0.0246836
0.0128093
0.0117686
0.00619925
0.00322065
0.2739
0.210189
0.108303
0.0579231
-0.0626831
-0.226496
-0.30639
-0.468474
-0.661578
-0.0532939
-0.264285
-0.52568
-0.44679
-0.690824
-0.94436
-0.885132
-1.08996
-1.25051
-1.23867
-1.31834
-1.31152
-1.32079
-1.24104
-1.06775
-1.09679
-0.880443
-0.599375
-0.779549
-0.937004
-1.09596
-1.16659
-1.25902
-1.31902
-1.33251
-1.31571
-1.24498
-0.829924
-1.09746
-1.2814
-1.17654
-1.30896
-1.30595
-1.32644
-1.27056
-1.07223
-1.31731
-1.16286
-0.835993
-1.12559
-0.799573
-0.378197
-0.726115
-0.319841
0.0882098
-0.196531
0.175841
0.471001
0.264538
0.518932
0.665234
0.575329
0.68322
0.693012
-1.18388
-0.942616
-0.605576
-0.786266
-0.449966
-0.0876904
-0.25889
0.0679102
0.355205
0.256257
0.48119
0.631181
0.567575
0.665042
0.690055
0.659322
0.653705
0.597295
0.696382
0.675055
0.592137
0.645494
0.554696
0.440117
0.500774
0.393512
0.287546
0.3211
0.233898
0.159083
0.169512
0.116634
0.0753039
0.0507838
0.0336212
0.0206659
0.558171
0.499327
0.417355
0.354823
0.297548
0.234148
0.120084
0.0966886
0.0728975
-1.1717
-1.04082
-0.855917
-0.75065
-0.560746
-0.335633
-0.238912
-0.0597618
0.132324
-0.604618
-0.326672
-0.034317
-0.0751191
0.171204
0.39113
0.329361
0.488589
0.601783
0.497
0.560542
0.581987
0.407768
0.416347
0.398534
0.159196
0.154216
0.140896
0.172418
0.282443
0.394671
0.298233
0.330691
0.374297
0.149012
0.146619
0.154796
0.2739
0.057923
-0.30639
0.210188
-0.0626838
-0.468475
0.108302
-0.226497
-0.661579
-0.779549
-1.16659
-1.33251
-0.937005
-1.25902
-1.31571
-1.09596
-1.31902
-1.24498
-1.23868
-1.32079
-1.09679
-1.31834
-1.24104
-0.880439
-1.31152
-1.06775
-0.599369
-0.0532963
-0.446793
-0.885134
-0.264289
-0.690828
-1.08996
-0.525686
-0.944365
-1.25051
-1.1717
-0.75065
-0.238912
-1.04082
-0.560745
-0.0597613
-0.855915
-0.335631
0.132324
0.172418
0.298232
0.149012
0.282443
0.33069
0.146619
0.394671
0.374296
0.154795
0.497
0.407768
0.159196
0.560542
0.416346
0.154216
0.581986
0.398533
0.140895
-0.604615
-0.0751167
0.329362
-0.326668
0.171207
0.48859
-0.0343116
0.391134
0.601784
0.256263
0.567578
0.659322
0.481195
0.665044
0.653704
0.631184
0.690055
0.597292
0.55817
0.354822
0.120083
0.499325
0.297547
0.0966881
0.417353
0.234146
0.0728969
0.321097
0.16951
0.0507833
0.233895
0.116633
0.0336207
0.15908
0.0753026
0.0206655
0.696383
0.645492
0.50077
0.675053
0.554692
0.393508
0.592133
0.440112
0.287542
-0.829932
-1.17655
-1.32644
-1.09747
-1.30896
-1.27056
-1.28141
-1.30595
-1.07222
-1.18388
-0.786258
-0.258882
-0.942607
-0.449955
0.067919
-0.605563
-0.0876785
0.355213
-0.196516
0.264549
0.575335
0.175855
0.518941
0.683222
0.471012
0.665238
0.693011
-1.31731
-1.12558
-0.7261
-1.16284
-0.799556
-0.319822
-0.835974
-0.378175
0.0882281
-0.372803
0.0766722
0.437533
0.0766719
0.426478
0.638579
0.437533
0.638579
0.7004
0.654813
0.69746
0.618383
0.699557
0.633661
0.500388
0.640864
0.514614
0.368626
0.511738
0.370488
0.242493
0.370488
0.246047
0.149442
0.242493
0.149442
0.0841825
0.654813
0.699557
0.640864
0.69746
0.633661
0.514614
0.618383
0.500388
0.368626
0.467747
0.31683
0.191202
0.343103
0.214331
0.120646
0.231292
0.134544
0.0705932
0.0985546
0.0438948
0.0117683
0.0580415
0.0246828
0.00619902
0.0320909
0.0128087
0.00322051
0.0155641
0.00608332
0.00129461
0.00758592
0.00265092
0.000681486
0.00315131
0.00120575
0.000146092
0.140048
0.0755639
0.0371075
0.0799876
0.0404525
0.0187319
0.0421266
0.0200415
0.00867378
0.0196121
0.00873763
0.00367189
0.00873762
0.00373037
0.00133528
0.00367189
0.00133528
0.000716076
0.00130674
0.000434783
3.15802e-05
0.000436892
0.000157388
3.44944e-05
0.000293929
-1.45621e-05
9.66028e-05
0.000243008
-9.89693e-05
0.00022343
-9.89693e-05
6.07963e-05
-0.000112409
0.00022343
-0.000112409
0.000174339
0.00130674
0.000436891
0.00029393
0.000434782
0.000157388
-1.45623e-05
3.15803e-05
3.44941e-05
9.66028e-05
0.467747
0.343103
0.231292
0.316831
0.214331
0.134544
0.191202
0.120646
0.0705932
0.140048
0.0799876
0.0421266
0.0755639
0.0404525
0.0200415
0.0371075
0.0187319
0.00867378
0.0155641
0.00758592
0.00315131
0.00608332
0.00265092
0.00120575
0.0012946
0.000681485
0.000146091
0.0985547
0.0580415
0.0320909
0.0438948
0.0246828
0.0128087
0.0117683
0.00619902
0.00322051
0.273902
0.210191
0.108305
0.0579266
-0.06268
-0.226493
-0.306385
-0.46847
-0.661575
-0.0532935
-0.264287
-0.525683
-0.44679
-0.690825
-0.944363
-0.885131
-1.08996
-1.25051
-1.23867
-1.31834
-1.31152
-1.32079
-1.24104
-1.06775
-1.09679
-0.880442
-0.599372
-0.779544
-0.937001
-1.09596
-1.16659
-1.25902
-1.31902
-1.33251
-1.31571
-1.24498
-0.82993
-1.09747
-1.2814
-1.17655
-1.30896
-1.30595
-1.32644
-1.27056
-1.07222
-1.31731
-1.16285
-0.835974
-1.12559
-0.799557
-0.378176
-0.726102
-0.319824
0.0882272
-0.196518
0.175854
0.471011
0.264548
0.51894
0.665238
0.575334
0.683222
0.693011
-1.18388
-0.942609
-0.605565
-0.78626
-0.449958
-0.0876805
-0.258885
0.0679169
0.355212
0.256261
0.481194
0.631183
0.567577
0.665043
0.690055
0.659322
0.653705
0.597293
0.696383
0.675053
0.592133
0.645492
0.554693
0.440112
0.500771
0.393509
0.287542
0.321097
0.233896
0.15908
0.16951
0.116633
0.0753027
0.0507833
0.0336207
0.0206656
0.55817
0.499325
0.417353
0.354822
0.297547
0.234147
0.120083
0.0966881
0.0728969
-1.17171
-1.04082
-0.85592
-0.750656
-0.560751
-0.335636
-0.238918
-0.0597667
0.13232
-0.604619
-0.326671
-0.0343146
-0.0751207
0.171204
0.391132
0.329359
0.488588
0.601783
0.496998
0.560541
0.581986
0.407767
0.416346
0.398533
0.159196
0.154216
0.140895
0.172413
0.28244
0.394669
0.29823
0.330688
0.374295
0.149011
0.146619
0.154795
