FiniteElementSpace
FiniteElementCollection: H1_2D_P4
VDim: 1
Ordering: 0

-0.0284
9.35762e-14
9.35736e-14
7.76165e-35
9.3577e-14
7.76496e-35
9.3577e-14
7.7667e-35
9.35736e-14
7.76496e-35
7.76165e-35
-0.0787642
4.87272e-21
4.87272e-21
-0.0787644
4.87302e-21
4.87451e-21
-0.0787642
4.87525e-21
4.87533e-21
-0.0787642
4.87451e-21
4.87302e-21
-0.0787644
4.87272e-21
4.87272e-21
0.120615
0.120614
0.120614
0.120614
0.120615
-0.0348396
-0.0748447
-0.0748446
-0.0348396
-0.0748446
-0.0748448
-0.0348396
-0.0748452
-0.0748452
-0.0348396
-0.074845
-0.0748449
-0.0348396
-0.0748446
-0.0748447
0.0571314
1.39243e-16
0.05425
4.0102e-27
4.01022e-27
0.05425
1.39242e-16
0.057132
1.39245e-16
0.0542505
4.01112e-27
4.01183e-27
0.0542518
1.39265e-16
0.0571312
1.39274e-16
0.0542528
4.01258e-27
4.0126e-27
0.0542529
1.39276e-16
0.0571312
1.39265e-16
0.0542521
4.01183e-27
4.01112e-27
0.0542508
1.39245e-16
0.057132
1.39242e-16
0.05425
4.01022e-27
4.0102e-27
0.05425
1.39243e-16
-0.0543708
-0.0543708
-0.0543707
-0.0543708
-0.0543708
0.142069
0.0018408
0.142069
0.142069
0.00184092
0.142069
0.142069
0.00184104
0.142069
0.142069
0.00184093
0.142069
0.142069
0.0018408
0.142069
-0.0297605
-0.0399982
-0.0399982
-0.0297605
-0.0486555
-0.0884656
-0.0814645
0.00779031
0.00779041
-0.0814645
-0.0884656
-0.0486556
-0.0399982
-0.0399982
-0.0297605
-0.0884656
-0.0814645
0.00778991
0.00778969
-0.0814645
-0.0884656
-0.0486555
-0.0399982
-0.0399982
-0.0297605
-0.0884656
-0.0814643
0.00778845
0.00778845
-0.0814643
-0.0884656
-0.0486555
-0.0399982
-0.0399982
-0.0297605
-0.0884656
-0.0814644
0.00778882
0.00778898
-0.0814644
-0.0884656
-0.0486556
-0.0399982
-0.0399982
-0.0884656
-0.0814645
0.00779041
0.00779031
-0.0814645
-0.0884656
-0.0744786
0.110432
0.0463833
0.135052
5.76828e-15
0.0792801
1.31628e-18
0.0097228
0.114933
0.129012
0.0139328
0.0139328
0.129012
7.06389e-24
0.000112919
8.91529e-31
8.91533e-31
0.000112919
7.06393e-24
0.00972279
0.0463835
0.110432
-0.0744783
0.114933
1.31628e-18
0.07928
5.76819e-15
0.135052
0.110432
0.0463833
5.76822e-15
0.0792802
1.31633e-18
0.00972295
0.114934
0.129013
0.0139333
0.0139335
0.129013
7.0649e-24
0.000112928
8.91819e-31
8.91903e-31
0.000112932
7.06665e-24
0.00972351
0.0463821
0.110431
-0.0744787
0.114935
1.31662e-18
0.0792814
5.76872e-15
0.135052
0.110431
0.0463812
5.76887e-15
0.079282
1.31675e-18
0.00972383
0.114936
0.129014
0.0139341
0.0139341
0.129014
7.06784e-24
0.000112941
8.92086e-31
8.92087e-31
0.000112941
7.06791e-24
0.00972386
0.0463811
0.110431
-0.0744787
0.114936
1.31678e-18
0.0792821
5.76892e-15
0.135052
0.110431
0.0463817
5.76872e-15
0.0792815
1.31662e-18
0.00972355
0.114935
0.129014
0.0139336
0.0139334
0.129013
7.06665e-24
0.000112932
8.91903e-31
8.91819e-31
0.000112929
7.0649e-24
0.00972299
0.0463828
0.110432
-0.0744783
0.114934
1.31633e-18
0.0792803
5.76822e-15
0.135052
0.110432
0.0463835
5.76819e-15
0.07928
1.31628e-18
0.00972279
0.114933
0.129012
0.0139328
0.0139328
0.129012
7.06393e-24
0.000112919
8.91533e-31
8.91529e-31
0.000112919
7.06389e-24
0.0097228
0.0463833
0.110432
0.114933
1.31628e-18
0.0792801
5.76828e-15
-0.0322734
-0.0603004
-0.0824259
-0.0603005
-0.0322734
-0.0603005
-0.0824259
-0.0603004
-0.0322734
-0.0603003
-0.0824263
-0.0603003
-0.0322734
-0.0603004
-0.0824261
-0.0603005
-0.0322734
-0.0603005
-0.0824259
-0.0603004
-0.035877
0.117074
0.0357583
0.129687
0.0611981
0.00148101
-4.91269e-06
0.00148101
-0.0358766
0.129687
0.0357582
0.117074
-0.0358767
0.117074
0.0357585
0.129687
0.0611993
0.00148108
-4.91115e-06
0.00148115
-0.0358775
0.129686
0.0357597
0.117074
-0.0358779
0.117074
0.0357603
0.129686
0.0612009
0.00148123
-4.90996e-06
0.00148123
-0.0358779
0.129686
0.0357604
0.117075
-0.0358776
0.117074
0.0357597
0.129686
0.0611997
0.00148116
-4.91113e-06
0.00148108
-0.0358769
0.129687
0.0357586
0.117074
-0.0358766
0.117074
0.0357582
0.129687
0.0611981
0.00148101
-4.91269e-06
0.00148101
-0.035877
0.129687
0.0357583
0.117074
-0.0284334
-0.0287223
-0.0293109
-0.0299539
-0.030578
-0.0315758
-0.0299539
-0.030578
-0.0315758
-0.0284334
-0.0287223
-0.0293109
-0.0335619
-0.0316711
-0.0303023
-0.0353322
-0.0366722
-0.0386446
-0.038062
-0.0351889
-0.0331209
-0.050891
-0.0455517
-0.0416172
-0.050891
-0.0455518
-0.0416172
-0.038062
-0.0351889
-0.0331209
-0.0353322
-0.0366722
-0.0386446
-0.033562
-0.0316711
-0.0303023
-0.0363491
-0.040039
-0.0451911
-0.049947
-0.0531624
-0.0575116
-0.0423094
-0.0479202
-0.0554837
-0.0730134
-0.0620789
-0.0527177
-0.0805385
-0.0840828
-0.0872713
-0.0855964
-0.0763448
-0.0656188
-0.0810539
-0.0875926
-0.0890506
-0.0832088
-0.0890674
-0.085525
-0.0776537
-0.07023
-0.0634383
-0.0583304
-0.0670628
-0.0766594
-0.0848622
-0.0888584
-0.0869713
-0.0848622
-0.0888584
-0.0869713
-0.0583304
-0.0670628
-0.0766594
-0.066368
-0.0434934
-0.011836
-0.0150089
-0.0509676
-0.0748207
0.105413
0.0692285
0.0287306
0.105413
0.0692285
0.0287307
-0.0150088
-0.0509676
-0.0748207
-0.0663679
-0.0434933
-0.0118359
-0.0832088
-0.0890674
-0.085525
-0.0423094
-0.0479202
-0.0554838
-0.049947
-0.0531625
-0.0575116
-0.0363491
-0.040039
-0.0451912
-0.0776538
-0.07023
-0.0634383
-0.0810538
-0.0875926
-0.0890506
-0.0855964
-0.0763449
-0.0656189
-0.0805387
-0.0840829
-0.0872713
-0.0730135
-0.062079
-0.0527178
-0.0299539
-0.030578
-0.0315758
-0.0299539
-0.030578
-0.0315758
-0.0284334
-0.0287223
-0.0293109
-0.0353322
-0.0366722
-0.0386446
-0.038062
-0.0351889
-0.0331209
-0.050891
-0.0455518
-0.0416172
-0.050891
-0.0455518
-0.0416172
-0.038062
-0.0351889
-0.0331209
-0.0353322
-0.0366722
-0.0386446
-0.0335619
-0.0316711
-0.0303023
-0.049947
-0.0531625
-0.0575116
-0.0423094
-0.0479202
-0.0554838
-0.0805387
-0.0840829
-0.0872714
-0.0855964
-0.0763449
-0.0656189
-0.0810538
-0.0875926
-0.0890506
-0.0832088
-0.0890674
-0.085525
-0.0776538
-0.07023
-0.0634384
-0.0583304
-0.0670628
-0.0766594
-0.0848622
-0.0888584
-0.0869714
-0.0848622
-0.0888584
-0.0869714
-0.0583304
-0.0670628
-0.0766594
-0.066368
-0.0434935
-0.0118363
-0.0150092
-0.0509678
-0.0748208
0.105412
0.0692279
0.0287301
0.105412
0.0692278
0.0287299
-0.0150094
-0.0509679
-0.0748209
-0.0663682
-0.0434938
-0.0118365
-0.0832089
-0.0890674
-0.0855249
-0.0423094
-0.0479202
-0.0554837
-0.0499469
-0.0531624
-0.0575115
-0.0363491
-0.040039
-0.0451911
-0.0776537
-0.07023
-0.0634383
-0.081054
-0.0875927
-0.0890506
-0.0855963
-0.0763448
-0.0656188
-0.0805385
-0.0840827
-0.0872713
-0.0730133
-0.0620788
-0.0527177
-0.0299539
-0.030578
-0.0315758
-0.0299539
-0.030578
-0.0315758
-0.0284334
-0.0287223
-0.0293109
-0.0353322
-0.0366721
-0.0386445
-0.038062
-0.0351889
-0.0331209
-0.0508909
-0.0455517
-0.0416171
-0.0508909
-0.0455517
-0.0416171
-0.038062
-0.0351889
-0.0331209
-0.0353322
-0.0366721
-0.0386445
-0.0335619
-0.0316711
-0.0303023
-0.0499469
-0.0531623
-0.0575115
-0.0423093
-0.0479201
-0.0554836
-0.0805385
-0.0840827
-0.0872712
-0.0855963
-0.0763446
-0.0656187
-0.0810542
-0.0875928
-0.0890506
-0.0832091
-0.0890674
-0.0855248
-0.0776535
-0.0702298
-0.0634381
-0.0583302
-0.0670626
-0.0766591
-0.084862
-0.0888583
-0.0869716
-0.084862
-0.0888583
-0.0869716
-0.0583302
-0.0670626
-0.0766591
-0.0663687
-0.0434946
-0.0118376
-0.0150106
-0.0509688
-0.0748214
0.105411
0.0692265
0.0287286
0.105411
0.0692265
0.0287286
-0.0150106
-0.0509688
-0.0748214
-0.0663687
-0.0434946
-0.0118376
-0.0832091
-0.0890674
-0.0855248
-0.0423093
-0.0479201
-0.0554836
-0.0499469
-0.0531623
-0.0575115
-0.0363491
-0.040039
-0.0451911
-0.0776535
-0.0702298
-0.0634381
-0.0810542
-0.0875928
-0.0890506
-0.0855963
-0.0763446
-0.0656187
-0.0805385
-0.0840827
-0.0872712
-0.0730133
-0.0620788
-0.0527177
-0.0299539
-0.030578
-0.0315758
-0.0299539
-0.030578
-0.0315758
-0.0284334
-0.0287223
-0.0293109
-0.0353322
-0.0366722
-0.0386446
-0.038062
-0.0351889
-0.0331209
-0.050891
-0.0455517
-0.0416172
-0.050891
-0.0455517
-0.0416172
-0.038062
-0.0351889
-0.0331209
-0.0353322
-0.0366722
-0.0386446
-0.033562
-0.0316711
-0.0303023
-0.0499469
-0.0531624
-0.0575115
-0.0423094
-0.0479201
-0.0554837
-0.0805385
-0.0840827
-0.0872712
-0.0855963
-0.0763447
-0.0656187
-0.0810541
-0.0875927
-0.0890506
-0.083209
-0.0890674
-0.0855249
-0.0776537
-0.0702299
-0.0634382
-0.0583304
-0.0670627
-0.0766593
-0.0848621
-0.0888584
-0.0869715
-0.0848621
-0.0888584
-0.0869715
-0.0583304
-0.0670627
-0.0766593
-0.0663685
-0.0434943
-0.0118373
-0.0150102
-0.0509685
-0.0748212
0.105411
0.0692267
0.0287289
0.105411
0.0692268
0.0287291
-0.0150101
-0.0509684
-0.0748211
-0.0663683
-0.0434941
-0.0118371
-0.0832089
-0.0890674
-0.0855249
-0.0423094
-0.0479202
-0.0554837
-0.049947
-0.0531625
-0.0575116
-0.0363491
-0.040039
-0.0451912
-0.0776537
-0.07023
-0.0634383
-0.081054
-0.0875927
-0.0890506
-0.0855964
-0.0763448
-0.0656188
-0.0805387
-0.0840828
-0.0872713
-0.0730135
-0.062079
-0.0527178
-0.0299539
-0.030578
-0.0315758
-0.0299539
-0.030578
-0.0315758
-0.0353322
-0.0366722
-0.0386446
-0.038062
-0.0351889
-0.0331209
-0.050891
-0.0455518
-0.0416172
-0.050891
-0.0455517
-0.0416172
-0.038062
-0.0351889
-0.0331209
-0.0353322
-0.0366722
-0.0386446
-0.049947
-0.0531625
-0.0575116
-0.0423094
-0.0479202
-0.0554838
-0.0805387
-0.0840829
-0.0872713
-0.0855964
-0.0763449
-0.0656189
-0.0810538
-0.0875926
-0.0890506
-0.0832088
-0.0890674
-0.085525
-0.0776538
-0.07023
-0.0634383
-0.0583304
-0.0670628
-0.0766594
-0.0848622
-0.0888584
-0.0869713
-0.0848622
-0.0888584
-0.0869713
-0.0583304
-0.0670628
-0.0766594
-0.0663679
-0.0434933
-0.0118359
-0.0150088
-0.0509676
-0.0748207
0.105413
0.0692285
0.0287307
0.105413
0.0692285
0.0287306
-0.0150089
-0.0509676
-0.0748207
-0.066368
-0.0434934
-0.011836
-0.0832088
-0.0890674
-0.085525
-0.0423094
-0.0479202
-0.0554837
-0.049947
-0.0531624
-0.0575116
-0.0776537
-0.07023
-0.0634383
-0.0810539
-0.0875926
-0.0890506
-0.0855964
-0.0763448
-0.0656188
-0.0805385
-0.0840828
-0.0872713
-0.0838472
-0.089047
-0.0835199
-0.0705168
-0.0602457
-0.0456097
-0.0889011
-0.0801773
-0.0555638
0.0292162
-0.0215139
-0.0606072
0.0658502
0.0834401
0.101372
0.0888576
0.038965
-0.0122659
0.140316
0.132143
0.118876
0.137941
0.113853
0.0723355
0.0297905
0.000411434
-0.0246932
-0.0622859
-0.0270335
0.0197395
0.0833089
0.121563
0.137297
0.133271
0.128208
0.121554
0.126728
0.14004
0.130153
0.0396448
0.0920324
0.126254
6.18433e-14
2.61216e-14
9.97893e-15
0.0207286
0.0615317
0.100156
2.83215e-16
1.00764e-15
3.24242e-15
0.0106618
0.0343554
0.0628866
0.0869994
0.100549
0.112031
0.140347
0.123666
0.095763
0.071368
0.056416
0.0424419
0.100834
0.072609
0.0470469
0.141865
0.136038
0.123634
6.65722e-17
1.52214e-17
3.14772e-18
0.00355546
0.0125838
0.0262102
1.37e-20
9.00439e-20
5.35258e-19
0.000702994
0.00275128
0.00657435
0.0126682
0.0199652
0.0296804
0.0428601
0.025596
0.0139397
0.064385
0.0848587
0.10514
0.0631853
0.0937768
0.119419
0.0320748
0.0778311
0.11563
0.127139
0.141253
0.138685
0.0669637
0.0931451
0.11818
0.13633
0.142464
0.137107
0.132141
0.142313
0.137085
0.119456
0.0972979
0.0733139
0.119456
0.0972979
0.0733139
0.132141
0.142313
0.137085
0.0448844
0.029779
0.0184466
0.0189692
0.0320438
0.0499695
0.00274344
0.00551636
0.0103135
0.00274344
0.00551636
0.0103135
0.0189692
0.0320438
0.0499694
0.0448844
0.029779
0.0184466
0.0669636
0.093145
0.11818
0.00733865
0.00409481
0.00214418
0.0100024
0.00501074
0.00231241
1.68532e-21
2.08594e-22
2.33506e-23
7.60494e-05
0.000337624
0.000921455
1.55856e-26
1.89234e-25
2.07802e-24
6.83124e-06
1.9358e-05
7.21767e-05
0.00019334
0.000457603
0.00100356
0.00120812
0.000514104
0.000202728
7.60587e-05
2.37503e-05
1.28405e-05
7.60588e-05
2.37503e-05
1.28405e-05
0.00120812
0.000514104
0.000202728
1.00338e-27
6.72271e-29
4.07378e-30
1.10678e-07
8.07906e-07
4.35093e-06
4.16985e-34
9.35274e-33
1.89729e-31
4.16986e-34
9.35276e-33
1.8973e-31
1.10678e-07
8.07922e-07
4.35092e-06
1.00339e-27
6.72275e-29
4.0738e-30
6.83124e-06
1.93581e-05
7.21767e-05
0.0100024
0.00501074
0.00231241
0.00733864
0.00409481
0.00214418
0.0428601
0.025596
0.0139397
0.00019334
0.000457604
0.00100356
1.55857e-26
1.89235e-25
2.07803e-24
7.60495e-05
0.000337624
0.000921455
1.68532e-21
2.08594e-22
2.33507e-23
0.000702994
0.00275128
0.00657434
-0.088901
-0.0801772
-0.0555635
-0.0705165
-0.0602454
-0.0456094
-0.0838473
-0.089047
-0.0835198
-0.0622858
-0.0270332
0.0197397
0.0297908
0.000411782
-0.0246928
0.137941
0.113853
0.0723358
0.140316
0.132143
0.118877
0.088858
0.0389654
-0.0122655
0.0658508
0.0834406
0.101373
0.0292169
-0.0215133
-0.0606068
0.0320749
0.0778312
0.11563
0.0631855
0.0937769
0.119419
0.13633
0.142464
0.137107
0.0643849
0.0848586
0.10514
0.127139
0.141253
0.138685
0.141865
0.136038
0.123634
0.100833
0.0726089
0.0470468
0.0713679
0.0564159
0.0424418
0.140347
0.123665
0.0957628
0.0126682
0.0199652
0.0296804
1.37e-20
9.00439e-20
5.35258e-19
0.00355546
0.0125838
0.0262101
6.65718e-17
1.52214e-17
3.14771e-18
0.0106617
0.0343553
0.0628865
0.126728
0.14004
0.130153
0.133271
0.128208
0.121553
0.0833094
0.121563
0.137297
0.0869993
0.100549
0.112031
2.83213e-16
1.00763e-15
3.24237e-15
0.0207286
0.0615316
0.100156
6.18417e-14
2.61211e-14
9.97875e-15
0.0396447
0.0920322
0.126253
-0.0705165
-0.0602454
-0.0456094
-0.088901
-0.0801772
-0.0555635
0.0658508
0.0834406
0.101373
0.0888579
0.0389653
-0.0122655
0.140316
0.132143
0.118877
0.137941
0.113853
0.0723355
0.0297905
0.000411656
-0.0246929
-0.0622859
-0.0270334
0.0197395
0.133271
0.128208
0.121553
0.126728
0.14004
0.130153
6.18418e-14
2.61211e-14
9.97879e-15
0.0207286
0.0615316
0.100156
2.83217e-16
1.00764e-15
3.2424e-15
0.0106618
0.0343554
0.0628866
0.0869995
0.100549
0.112031
0.140347
0.123666
0.095763
0.0713682
0.0564161
0.0424421
0.100834
0.0726093
0.0470471
0.141865
0.136038
0.123634
6.65731e-17
1.52218e-17
3.14781e-18
0.00355549
0.0125839
0.0262103
1.37008e-20
9.00482e-20
5.35279e-19
0.000703008
0.00275133
0.00657445
0.0126684
0.0199654
0.0296806
0.0428606
0.0255963
0.0139399
0.0643854
0.0848591
0.105141
0.0631852
0.0937766
0.119419
0.0320743
0.0778307
0.11563
0.12714
0.141253
0.138685
0.0669642
0.0931456
0.11818
0.13633
0.142464
0.137107
0.13214
0.142313
0.137085
0.119456
0.0972989
0.0733151
0.119457
0.0972993
0.0733152
0.13214
0.142313
0.137085
0.044885
0.0297796
0.0184471
0.0189698
0.0320447
0.0499706
0.00274361
0.00551662
0.0103139
0.00274362
0.00551668
0.0103141
0.0189701
0.0320449
0.0499707
0.0448861
0.0297803
0.0184474
0.0669656
0.0931468
0.118181
0.00733879
0.00409492
0.00214426
0.0100027
0.00501093
0.00231251
1.68544e-21
2.08615e-22
2.33536e-23
7.60538e-05
0.00033764
0.000921497
1.5589e-26
1.89269e-25
2.07835e-24
6.83179e-06
1.936e-05
7.21825e-05
0.000193355
0.000457631
0.00100361
0.00120821
0.000514142
0.000202744
7.6065e-05
2.37531e-05
1.28414e-05
7.60669e-05
2.37536e-05
1.28414e-05
0.00120821
0.000514149
0.000202749
1.00363e-27
6.72458e-29
4.07504e-30
1.10364e-07
8.08144e-07
4.351e-06
4.17156e-34
9.35625e-33
1.89794e-31
4.17163e-34
9.3567e-33
1.89809e-31
1.10312e-07
8.08187e-07
4.35102e-06
1.0038e-27
6.7255e-29
4.07549e-30
6.83213e-06
1.9361e-05
7.21851e-05
0.010003
0.00501109
0.00231261
0.00733921
0.00409515
0.00214437
0.0428618
0.0255973
0.0139406
0.000193362
0.00045765
0.00100365
1.55919e-26
1.89309e-25
2.07884e-24
7.60597e-05
0.000337663
0.000921548
1.68595e-21
2.08673e-22
2.33597e-23
0.000703071
0.00275154
0.00657487
-0.0889011
-0.0801774
-0.0555641
-0.0705169
-0.0602459
-0.0456101
-0.0838472
-0.0890469
-0.08352
-0.0622862
-0.0270341
0.0197385
0.0297894
0.000410631
-0.0246937
0.13794
0.113852
0.0723344
0.140316
0.132142
0.118876
0.0888569
0.0389642
-0.0122665
0.0658499
0.0834396
0.101372
0.029216
-0.0215141
-0.0606073
0.0320739
0.07783
0.115629
0.0631841
0.0937756
0.119418
0.13633
0.142464
0.137107
0.0643868
0.0848606
0.105142
0.12714
0.141253
0.138684
0.141865
0.136038
0.123635
0.100835
0.0726108
0.0470485
0.0713694
0.0564175
0.0424433
0.140347
0.123666
0.0957642
0.0126691
0.0199663
0.0296817
1.37048e-20
9.00719e-20
5.35405e-19
0.00355568
0.0125845
0.0262113
6.65837e-17
1.52246e-17
3.14846e-18
0.0106621
0.0343563
0.0628878
0.126727
0.14004
0.130153
0.133271
0.128208
0.121554
0.0833087
0.121562
0.137297
0.0870006
0.10055
0.112032
2.83255e-16
1.00775e-15
3.24271e-15
0.0207289
0.0615322
0.100157
6.18445e-14
2.61227e-14
9.97956e-15
0.0396447
0.0920323
0.126254
-0.0705169
-0.0602461
-0.0456104
-0.0889011
-0.0801776
-0.0555645
0.0658498
0.0834394
0.101371
0.0888564
0.0389637
-0.012267
0.140315
0.132142
0.118875
0.13794
0.113851
0.0723334
0.0297885
0.000409893
-0.0246943
-0.0622868
-0.0270349
0.0197375
0.133271
0.128208
0.121554
0.126727
0.14004
0.130154
6.18448e-14
2.6123e-14
9.97977e-15
0.0207289
0.0615324
0.100157
2.83271e-16
1.0078e-15
3.24281e-15
0.0106622
0.0343566
0.0628883
0.0870011
0.10055
0.112032
0.140348
0.123667
0.0957648
0.0713701
0.0564181
0.042444
0.100836
0.0726117
0.0470492
0.141865
0.136039
0.123635
6.65882e-17
1.52258e-17
3.14876e-18
0.00355578
0.0125848
0.0262118
1.37067e-20
9.00831e-20
5.35464e-19
0.000703104
0.00275166
0.00657511
0.0126695
0.0199668
0.0296823
0.0428627
0.025598
0.013941
0.0643879
0.0848616
0.105143
0.0631831
0.0937746
0.119418
0.0320726
0.0778288
0.115628
0.127141
0.141253
0.138684
0.0669666
0.0931479
0.118182
0.136331
0.142464
0.137106
0.13214
0.142313
0.137086
0.119458
0.0973006
0.0733167
0.119458
0.0973006
0.0733168
0.13214
0.142313
0.137086
0.044887
0.0297811
0.0184481
0.0189708
0.032046
0.0499721
0.00274379
0.00551697
0.0103145
0.00274379
0.00551698
0.0103145
0.0189708
0.032046
0.0499721
0.044887
0.0297811
0.0184481
0.0669667
0.0931479
0.118182
0.00733947
0.00409532
0.00214448
0.0100034
0.00501132
0.00231272
1.6862e-21
2.08706e-22
2.33635e-23
7.60643e-05
0.000337682
0.000921598
1.55948e-26
1.89343e-25
2.0792e-24
6.83253e-06
1.93626e-05
7.21902e-05
0.000193376
0.000457679
0.00100371
0.0012083
0.000514186
0.000202764
7.60726e-05
2.3756e-05
1.28421e-05
7.60726e-05
2.3756e-05
1.28421e-05
0.0012083
0.000514186
0.000202764
1.00399e-27
6.72681e-29
4.07631e-30
1.10085e-07
8.084e-07
4.35106e-06
4.17255e-34
9.35871e-33
1.89848e-31
4.17255e-34
9.35871e-33
1.89848e-31
1.1006e-07
8.08388e-07
4.3511e-06
1.00399e-27
6.72683e-29
4.07632e-30
6.83257e-06
1.93626e-05
7.21903e-05
0.0100034
0.00501132
0.00231273
0.00733949
0.00409533
0.00214448
0.0428627
0.025598
0.013941
0.000193376
0.000457679
0.00100371
1.55949e-26
1.89344e-25
2.07921e-24
7.60644e-05
0.000337683
0.0009216
1.68623e-21
2.08709e-22
2.33638e-23
0.000703107
0.00275167
0.00657513
-0.0889011
-0.0801776
-0.0555645
-0.0705169
-0.0602461
-0.0456104
-0.0838472
-0.0890469
-0.08352
-0.0622868
-0.0270349
0.0197375
0.0297885
0.00040985
-0.0246943
0.13794
0.113851
0.0723334
0.140315
0.132142
0.118875
0.0888564
0.0389636
-0.012267
0.0658498
0.0834394
0.101371
0.029216
-0.0215141
-0.0606073
0.0320726
0.0778288
0.115628
0.063183
0.0937745
0.119417
0.136331
0.142464
0.137106
0.0643879
0.0848616
0.105143
0.127141
0.141253
0.138684
0.141865
0.136039
0.123635
0.100836
0.0726117
0.0470493
0.0713702
0.0564182
0.0424441
0.140348
0.123667
0.0957649
0.0126695
0.0199668
0.0296824
1.3707e-20
9.00847e-20
5.35473e-19
0.00355579
0.0125848
0.0262119
6.65892e-17
1.5226e-17
3.14881e-18
0.0106623
0.0343567
0.0628884
0.126727
0.14004
0.130154
0.133271
0.128208
0.121554
0.0833087
0.121562
0.137297
0.0870012
0.10055
0.112032
2.83274e-16
1.00781e-15
3.24284e-15
0.020729
0.0615325
0.100157
6.18448e-14
2.61231e-14
9.97984e-15
0.0396447
0.0920323
0.126254
-0.0705169
-0.060246
-0.0456102
-0.0889011
-0.0801775
-0.0555642
0.0658499
0.0834396
0.101372
0.0888568
0.038964
-0.0122667
0.140316
0.132142
0.118876
0.13794
0.113852
0.072334
0.0297891
0.00041036
-0.0246939
-0.0622865
-0.0270345
0.0197381
0.133271
0.128208
0.121554
0.126727
0.14004
0.130153
6.18445e-14
2.61227e-14
9.97956e-15
0.0207289
0.0615322
0.100157
2.83255e-16
1.00775e-15
3.24271e-15
0.0106621
0.0343563
0.0628878
0.0870007
0.10055
0.112032
0.140347
0.123667
0.0957643
0.0713695
0.0564175
0.0424434
0.100835
0.0726109
0.0470486
0.141865
0.136038
0.123635
6.65837e-17
1.52246e-17
3.14846e-18
0.00355569
0.0125845
0.0262114
1.37048e-20
9.00719e-20
5.35405e-19
0.000703072
0.00275155
0.0065749
0.0126691
0.0199664
0.0296818
0.042862
0.0255975
0.0139406
0.0643871
0.0848608
0.105142
0.0631837
0.0937752
0.119418
0.0320731
0.0778293
0.115628
0.127141
0.141253
0.138684
0.0669659
0.0931472
0.118182
0.13633
0.142464
0.137107
0.13214
0.142313
0.137086
0.119457
0.0972997
0.0733156
0.119457
0.0972994
0.0733155
0.13214
0.142313
0.137085
0.0448863
0.0297805
0.0184476
0.0189702
0.0320451
0.049971
0.00274363
0.00551672
0.0103141
0.00274362
0.00551666
0.010314
0.0189699
0.0320449
0.0499709
0.0448852
0.0297798
0.0184472
0.0669646
0.0931461
0.118181
0.00733924
0.00409517
0.00214438
0.010003
0.00501112
0.00231262
1.68595e-21
2.08673e-22
2.33597e-23
7.60598e-05
0.000337664
0.000921552
1.55919e-26
1.89309e-25
2.07884e-24
6.83214e-06
1.9361e-05
7.21853e-05
0.000193363
0.000457652
0.00100366
0.00120822
0.000514151
0.000202749
7.60672e-05
2.37536e-05
1.28415e-05
7.60653e-05
2.37532e-05
1.28414e-05
0.00120821
0.000514144
0.000202744
1.0038e-27
6.7255e-29
4.07549e-30
1.10301e-07
8.0819e-07
4.35103e-06
4.17163e-34
9.3567e-33
1.89809e-31
4.17156e-34
9.35625e-33
1.89794e-31
1.10375e-07
8.08142e-07
4.351e-06
1.00363e-27
6.72458e-29
4.07504e-30
6.83178e-06
1.93601e-05
7.21827e-05
0.0100028
0.00501095
0.00231252
0.00733882
0.00409494
0.00214427
0.0428608
0.0255965
0.0139399
0.000193356
0.000457633
0.00100361
1.5589e-26
1.89269e-25
2.07835e-24
7.6054e-05
0.000337641
0.0009215
1.68544e-21
2.08615e-22
2.33536e-23
0.000703009
0.00275134
0.00657448
-0.0889011
-0.0801772
-0.0555637
-0.0705165
-0.0602454
-0.0456095
-0.0838473
-0.089047
-0.0835198
-0.0622862
-0.0270339
0.019739
0.0297901
0.000411306
-0.0246931
0.137941
0.113852
0.0723351
0.140316
0.132142
0.118876
0.0888578
0.0389651
-0.0122657
0.0658508
0.0834405
0.101373
0.0292169
-0.0215133
-0.0606068
0.0320734
0.0778299
0.115629
0.0631847
0.0937761
0.119419
0.13633
0.142464
0.137107
0.0643858
0.0848595
0.105141
0.12714
0.141253
0.138685
0.141865
0.136038
0.123634
0.100834
0.0726095
0.0470473
0.0713683
0.0564162
0.0424422
0.140347
0.123666
0.0957631
0.0126685
0.0199655
0.0296807
1.37008e-20
9.00482e-20
5.35279e-19
0.0035555
0.0125839
0.0262104
6.65731e-17
1.52218e-17
3.14781e-18
0.0106618
0.0343555
0.0628867
0.126728
0.14004
0.130153
0.133271
0.128208
0.121554
0.0833094
0.121563
0.137297
0.0869996
0.100549
0.112031
2.83217e-16
1.00764e-15
3.2424e-15
0.0207286
0.0615317
0.100156
6.18418e-14
2.61211e-14
9.97879e-15
0.0396447
0.0920322
0.126253
-0.0705165
-0.0602454
-0.0456094
-0.088901
-0.0801772
-0.0555635
0.0658508
0.0834406
0.101373
0.088858
0.0389654
-0.0122655
0.140316
0.132143
0.118877
0.137941
0.113853
0.0723358
0.0297908
0.000411782
-0.0246928
-0.0622858
-0.0270332
0.0197397
0.133271
0.128208
0.121553
0.126728
0.14004
0.130153
6.18417e-14
2.61211e-14
9.97875e-15
0.0207286
0.0615316
0.100156
2.83213e-16
1.00763e-15
3.24237e-15
0.0106617
0.0343553
0.0628865
0.0869993
0.100549
0.112031
0.140347
0.123665
0.0957628
0.0713679
0.0564159
0.0424418
0.100833
0.0726089
0.0470468
0.141865
0.136038
0.123634
6.65718e-17
1.52214e-17
3.14771e-18
0.00355546
0.0125838
0.0262101
1.37e-20
9.00439e-20
5.35258e-19
0.000702994
0.00275128
0.00657434
0.0126682
0.0199652
0.0296804
0.0428601
0.025596
0.0139397
0.0643849
0.0848586
0.10514
0.0631855
0.0937769
0.119419
0.0320749
0.0778312
0.11563
0.127139
0.141253
0.138685
0.0669636
0.093145
0.11818
0.13633
0.142464
0.137107
0.132141
0.142313
0.137085
0.119456
0.0972979
0.0733139
0.119456
0.0972979
0.0733139
0.132141
0.142313
0.137085
0.0448844
0.029779
0.0184466
0.0189692
0.0320438
0.0499694
0.00274344
0.00551636
0.0103135
0.00274344
0.00551636
0.0103135
0.0189692
0.0320438
0.0499695
0.0448844
0.029779
0.0184466
0.0669637
0.0931451
0.11818
0.00733864
0.00409481
0.00214418
0.0100024
0.00501074
0.00231241
1.68532e-21
2.08594e-22
2.33507e-23
7.60495e-05
0.000337624
0.000921455
1.55857e-26
1.89235e-25
2.07803e-24
6.83124e-06
1.93581e-05
7.21767e-05
0.00019334
0.000457604
0.00100356
0.00120812
0.000514104
0.000202728
7.60588e-05
2.37503e-05
1.28405e-05
7.60587e-05
2.37503e-05
1.28405e-05
0.00120812
0.000514104
0.000202728
1.00339e-27
6.72275e-29
4.0738e-30
1.10677e-07
8.0792e-07
4.35093e-06
4.16986e-34
9.35276e-33
1.8973e-31
4.16985e-34
9.35274e-33
1.89729e-31
1.10676e-07
8.07906e-07
4.35093e-06
1.00338e-27
6.72271e-29
4.07378e-30
6.83124e-06
1.9358e-05
7.21767e-05
0.0100024
0.00501074
0.00231241
0.00733865
0.00409481
0.00214418
0.0428601
0.025596
0.0139397
0.00019334
0.000457603
0.00100356
1.55856e-26
1.89234e-25
2.07802e-24
7.60494e-05
0.000337624
0.000921455
1.68532e-21
2.08594e-22
2.33506e-23
0.000702994
0.00275128
0.00657435
-0.0889011
-0.0801773
-0.0555638
-0.0705168
-0.0602457
-0.0456097
-0.0622859
-0.0270335
0.0197395
0.0297905
0.000411434
-0.0246932
0.137941
0.113853
0.0723355
0.140316
0.132143
0.118876
0.0888576
0.038965
-0.0122659
0.0658502
0.0834401
0.101372
0.0320748
0.0778311
0.11563
0.0631853
0.0937768
0.119419
0.13633
0.142464
0.137107
0.064385
0.0848587
0.10514
0.127139
0.141253
0.138685
0.141865
0.136038
0.123634
0.100834
0.072609
0.0470469
0.071368
0.056416
0.0424419
0.140347
0.123666
0.095763
0.0126682
0.0199652
0.0296804
1.37e-20
9.00439e-20
5.35258e-19
0.00355546
0.0125838
0.0262102
6.65722e-17
1.52214e-17
3.14772e-18
0.0106618
0.0343554
0.0628866
0.126728
0.14004
0.130153
0.133271
0.128208
0.121554
0.0869994
0.100549
0.112031
2.83215e-16
1.00764e-15
3.24242e-15
0.0207286
0.0615317
0.100156
6.18433e-14
2.61216e-14
9.97893e-15
-0.0284991
-0.0288344
-0.0294766
-0.0288344
-0.0292692
-0.0300296
-0.0294766
-0.0300296
-0.0309361
-0.0305357
-0.0319821
-0.0339859
-0.0312429
-0.0328812
-0.035146
-0.0323506
-0.0342449
-0.0368723
-0.0340516
-0.0363239
-0.0394859
-0.0363239
-0.0391031
-0.042962
-0.0394859
-0.042962
-0.0477362
-0.0305357
-0.0312429
-0.0323506
-0.0319821
-0.0328813
-0.0342449
-0.0339859
-0.035146
-0.0368723
-0.0369304
-0.0408409
-0.0462923
-0.0384859
-0.0429286
-0.0490855
-0.0407574
-0.0459116
-0.0529522
-0.0542083
-0.0639116
-0.0749428
-0.0578496
-0.0681704
-0.0790865
-0.0626323
-0.0733501
-0.0834595
-0.0688948
-0.0794051
-0.0873982
-0.0756744
-0.0848534
-0.0890728
-0.08245
-0.0885409
-0.0867861
-0.0441547
-0.0502752
-0.0583815
-0.0486029
-0.0558054
-0.0648787
-0.0545387
-0.0628176
-0.0724638
-0.0625722
-0.0715714
-0.0807365
-0.0715714
-0.0801823
-0.0870259
-0.0807365
-0.0870259
-0.0889352
-0.0878452
-0.0881191
-0.0775501
-0.0887089
-0.0808034
-0.0600814
-0.0822434
-0.064112
-0.0329887
-0.0641777
-0.0348095
0.00504041
-0.0348095
0.0029938
0.046354
0.00504047
0.0463541
0.086788
-0.0878452
-0.0887089
-0.0822434
-0.0881191
-0.0808033
-0.064112
-0.07755
-0.0600813
-0.0329886
-0.0369304
-0.0384859
-0.0407574
-0.040841
-0.0429286
-0.0459116
-0.0462923
-0.0490856
-0.0529522
-0.0441547
-0.0486029
-0.0545387
-0.0502752
-0.0558054
-0.0628176
-0.0583815
-0.0648787
-0.0724639
-0.0688949
-0.0756744
-0.0824501
-0.0794051
-0.0848535
-0.0885409
-0.0873983
-0.0890728
-0.086786
-0.0542084
-0.0578496
-0.0626323
-0.0639117
-0.0681705
-0.0733502
-0.074943
-0.0790866
-0.0834596
-0.0284991
-0.0288344
-0.0294766
-0.0288344
-0.0292692
-0.0300297
-0.0294766
-0.0300296
-0.0309361
-0.0305357
-0.0319821
-0.0339859
-0.0312429
-0.0328813
-0.035146
-0.0323506
-0.0342449
-0.0368723
-0.0340516
-0.0363239
-0.0394859
-0.0363239
-0.0391031
-0.042962
-0.0394859
-0.042962
-0.0477362
-0.0305357
-0.0312429
-0.0323506
-0.0319821
-0.0328813
-0.0342449
-0.0339859
-0.035146
-0.0368723
-0.0369304
-0.040841
-0.0462923
-0.0384859
-0.0429286
-0.0490856
-0.0407575
-0.0459116
-0.0529523
-0.0542084
-0.0639117
-0.074943
-0.0578497
-0.0681705
-0.0790866
-0.0626324
-0.0733502
-0.0834596
-0.0688949
-0.0794051
-0.0873983
-0.0756744
-0.0848535
-0.0890728
-0.0824501
-0.0885409
-0.0867861
-0.0441548
-0.0502753
-0.0583815
-0.0486029
-0.0558054
-0.0648788
-0.0545387
-0.0628176
-0.0724639
-0.0625722
-0.0715714
-0.0807365
-0.0715714
-0.0801822
-0.0870259
-0.0807365
-0.0870259
-0.0889352
-0.0878452
-0.0881191
-0.0775501
-0.0887089
-0.0808034
-0.0600815
-0.0822435
-0.0641121
-0.0329889
-0.0641779
-0.0348098
0.00503995
-0.0348099
0.00299324
0.0463534
0.00503981
0.0463533
0.0867873
-0.0878451
-0.0887089
-0.0822435
-0.0881192
-0.0808035
-0.0641122
-0.0775502
-0.0600816
-0.0329891
-0.0369304
-0.0384859
-0.0407574
-0.0408409
-0.0429286
-0.0459116
-0.0462922
-0.0490855
-0.0529522
-0.0441547
-0.0486029
-0.0545387
-0.0502752
-0.0558054
-0.0628176
-0.0583815
-0.0648787
-0.0724638
-0.0688948
-0.0756744
-0.08245
-0.079405
-0.0848534
-0.0885409
-0.0873982
-0.0890728
-0.0867861
-0.0542083
-0.0578495
-0.0626323
-0.0639116
-0.0681704
-0.07335
-0.0749428
-0.0790864
-0.0834595
-0.0284991
-0.0288344
-0.0294766
-0.0288344
-0.0292692
-0.0300296
-0.0294766
-0.0300296
-0.0309361
-0.0305357
-0.0319821
-0.0339859
-0.0312429
-0.0328812
-0.035146
-0.0323506
-0.0342449
-0.0368723
-0.0340516
-0.0363238
-0.0394859
-0.0363238
-0.039103
-0.042962
-0.0394859
-0.042962
-0.0477361
-0.0305357
-0.0312429
-0.0323506
-0.0319821
-0.0328812
-0.0342449
-0.0339859
-0.035146
-0.0368723
-0.0369304
-0.0408409
-0.0462922
-0.0384859
-0.0429285
-0.0490855
-0.0407574
-0.0459115
-0.0529521
-0.0542083
-0.0639115
-0.0749428
-0.0578495
-0.0681703
-0.0790864
-0.0626322
-0.0733499
-0.0834594
-0.0688946
-0.0794049
-0.0873981
-0.0756742
-0.0848533
-0.0890728
-0.0824498
-0.0885408
-0.0867863
-0.0441547
-0.0502751
-0.0583813
-0.0486028
-0.0558052
-0.0648785
-0.0545385
-0.0628174
-0.0724636
-0.062572
-0.0715711
-0.0807363
-0.0715711
-0.080182
-0.0870258
-0.0807363
-0.0870258
-0.0889353
-0.087845
-0.0881193
-0.0775506
-0.088709
-0.0808038
-0.0600823
-0.0822439
-0.0641129
-0.0329901
-0.0641786
-0.034811
0.00503853
-0.034811
0.0029919
0.0463519
0.00503853
0.0463519
0.0867861
-0.087845
-0.088709
-0.0822439
-0.0881193
-0.0808038
-0.0641129
-0.0775506
-0.0600823
-0.0329901
-0.0369304
-0.0384859
-0.0407574
-0.0408409
-0.0429285
-0.0459115
-0.0462922
-0.0490855
-0.0529521
-0.0441547
-0.0486028
-0.0545385
-0.0502751
-0.0558052
-0.0628174
-0.0583813
-0.0648785
-0.0724636
-0.0688946
-0.0756742
-0.0824498
-0.0794049
-0.0848533
-0.0885408
-0.0873981
-0.0890728
-0.0867863
-0.0542083
-0.0578495
-0.0626322
-0.0639115
-0.0681703
-0.0733499
-0.0749428
-0.0790864
-0.0834594
-0.0284991
-0.0288344
-0.0294766
-0.0288344
-0.0292692
-0.0300296
-0.0294766
-0.0300296
-0.0309361
-0.0305357
-0.0319821
-0.0339859
-0.0312429
-0.0328812
-0.035146
-0.0323506
-0.0342449
-0.0368723
-0.0340516
-0.0363239
-0.0394859
-0.0363239
-0.0391031
-0.042962
-0.0394859
-0.042962
-0.0477362
-0.0305357
-0.0312429
-0.0323506
-0.0319821
-0.0328813
-0.0342449
-0.0339859
-0.035146
-0.0368723
-0.0369304
-0.0408409
-0.0462922
-0.0384859
-0.0429286
-0.0490855
-0.0407574
-0.0459116
-0.0529522
-0.0542083
-0.0639116
-0.0749428
-0.0578495
-0.0681704
-0.0790864
-0.0626322
-0.07335
-0.0834595
-0.0688947
-0.079405
-0.0873982
-0.0756743
-0.0848534
-0.0890728
-0.0824499
-0.0885409
-0.0867862
-0.0441547
-0.0502752
-0.0583814
-0.0486028
-0.0558053
-0.0648786
-0.0545386
-0.0628175
-0.0724638
-0.0625721
-0.0715713
-0.0807364
-0.0715713
-0.0801822
-0.0870258
-0.0807364
-0.0870258
-0.0889352
-0.0878451
-0.0881192
-0.0775504
-0.0887089
-0.0808036
-0.060082
-0.0822437
-0.0641126
-0.0329897
-0.0641783
-0.0348106
0.00503892
-0.0348105
0.00299233
0.0463523
0.00503902
0.0463523
0.0867863
-0.0878451
-0.0887089
-0.0822437
-0.0881192
-0.0808036
-0.0641126
-0.0775503
-0.0600819
-0.0329896
-0.0369304
-0.0384859
-0.0407574
-0.040841
-0.0429286
-0.0459116
-0.0462923
-0.0490856
-0.0529522
-0.0441547
-0.0486029
-0.0545386
-0.0502752
-0.0558054
-0.0628175
-0.0583815
-0.0648787
-0.0724638
-0.0688948
-0.0756744
-0.08245
-0.0794051
-0.0848534
-0.0885409
-0.0873982
-0.0890728
-0.0867861
-0.0542084
-0.0578496
-0.0626323
-0.0639117
-0.0681705
-0.0733501
-0.074943
-0.0790866
-0.0834596
-0.0284991
-0.0288344
-0.0294766
-0.0288344
-0.0292692
-0.0300296
-0.0294766
-0.0300296
-0.0309361
-0.0305357
-0.0319821
-0.0339859
-0.0312429
-0.0328813
-0.035146
-0.0323506
-0.0342449
-0.0368723
-0.0340516
-0.0363239
-0.0394859
-0.0363239
-0.0391031
-0.042962
-0.0394859
-0.042962
-0.0477362
-0.0305357
-0.0312429
-0.0323506
-0.0319821
-0.0328812
-0.0342449
-0.0339859
-0.035146
-0.0368723
-0.0369304
-0.040841
-0.0462923
-0.0384859
-0.0429286
-0.0490856
-0.0407574
-0.0459116
-0.0529522
-0.0542084
-0.0639117
-0.074943
-0.0578496
-0.0681705
-0.0790866
-0.0626323
-0.0733502
-0.0834596
-0.0688949
-0.0794051
-0.0873983
-0.0756744
-0.0848535
-0.0890728
-0.0824501
-0.0885409
-0.086786
-0.0441547
-0.0502752
-0.0583815
-0.0486029
-0.0558054
-0.0648787
-0.0545387
-0.0628176
-0.0724639
-0.0625722
-0.0715714
-0.0807365
-0.0715714
-0.0801823
-0.0870259
-0.0807365
-0.0870259
-0.0889352
-0.0878452
-0.0881191
-0.07755
-0.0887089
-0.0808033
-0.0600813
-0.0822434
-0.064112
-0.0329886
-0.0641777
-0.0348095
0.00504047
-0.0348095
0.0029938
0.0463541
0.00504041
0.046354
0.086788
-0.0878452
-0.0887089
-0.0822434
-0.0881191
-0.0808034
-0.064112
-0.0775501
-0.0600814
-0.0329887
-0.0369304
-0.0384859
-0.0407574
-0.0408409
-0.0429286
-0.0459116
-0.0462923
-0.0490855
-0.0529522
-0.0441547
-0.0486029
-0.0545387
-0.0502752
-0.0558054
-0.0628176
-0.0583815
-0.0648787
-0.0724638
-0.0688948
-0.0756744
-0.08245
-0.0794051
-0.0848534
-0.0885409
-0.0873982
-0.0890728
-0.0867861
-0.0542083
-0.0578496
-0.0626323
-0.0639116
-0.0681704
-0.0733501
-0.0749428
-0.0790865
-0.0834595
-0.0852535
-0.0890219
-0.081096
-0.0876848
-0.0877285
-0.07418
-0.0890388
-0.083791
-0.0632837
-0.0550605
-0.0134503
0.0382867
-0.0415456
0.0046915
0.0572984
-0.0236031
0.0263539
0.0778622
0.000327973
0.0521554
0.0996136
0.0271957
0.0778033
0.118241
0.0566117
0.102308
0.132697
-0.0878807
-0.0752152
-0.0463099
-0.0825736
-0.0613586
-0.0243164
-0.0712563
-0.0407609
0.00329837
0.091051
0.126037
0.137538
0.105994
0.133481
0.136497
0.120123
0.13864
0.133093
0.122048
0.0854313
0.0321026
0.11411
0.0747128
0.0261953
0.105241
0.0660653
0.0224589
0.0945713
0.0569902
0.0189304
0.0828417
0.0480725
0.0155576
0.0699278
0.0390214
0.0122904
0.132413
0.140337
0.126304
0.13986
0.137419
0.11648
0.141818
0.129653
0.103571
0.137105
0.116516
0.0874721
0.126348
0.100429
0.0711043
0.110574
0.0823544
0.0550086
0.0558544
0.0298654
0.0091243
0.0430376
0.0220691
0.00654041
0.0315416
0.0154959
0.00445046
0.0214515
0.0100621
0.00279567
0.0140537
0.00630619
0.00169225
0.00868223
0.0037249
0.000967154
0.0905157
0.0630498
0.0396291
0.0705551
0.0461954
0.0274219
0.0517616
0.0318978
0.0178937
-0.051021
-0.0114365
0.0370598
-0.0232867
0.0223231
0.0706056
0.0116982
0.0588902
0.101694
0.0876097
0.123902
0.141223
0.113484
0.137522
0.14152
0.132448
0.142453
0.133983
0.141973
0.137485
0.118659
0.139849
0.124121
0.0993335
0.127742
0.104734
0.0780605
0.0529044
0.0955494
0.12709
0.090609
0.123109
0.140386
0.120924
0.139256
0.141387
0.139371
0.141531
0.129879
0.141531
0.130515
0.110164
0.129879
0.110164
0.0861948
0.10709
0.0812495
0.0563893
0.0839146
0.0594169
0.0386541
0.0609795
0.0404312
0.0247166
0.0400848
0.0248741
0.0142729
0.0248741
0.014533
0.007868
0.0142729
0.007868
0.00402557
0.10709
0.0839145
0.0609795
0.0812495
0.0594169
0.0404312
0.0563892
0.0386541
0.0247166
0.0348611
0.0201798
0.0106744
0.0224054
0.0122399
0.00612738
0.0134578
0.00694625
0.0032933
0.00488823
0.00199986
0.000499903
0.00265879
0.0010387
0.000250744
0.0013538
0.000505348
0.000118239
0.000618582
0.00021961
4.91939e-05
0.000273251
9.32052e-05
2.01044e-05
0.000112857
3.68156e-05
7.57513e-06
0.00728735
0.00354754
0.00159006
0.00378614
0.00174561
0.000742151
0.001829
0.000799112
0.000323168
0.000782295
0.000324275
0.000123121
0.000324276
0.000126931
4.71186e-05
0.000123121
4.71186e-05
1.48622e-05
3.93225e-05
1.40469e-05
1.07958e-06
1.56594e-05
3.57949e-06
1.81913e-06
3.52371e-06
2.14848e-06
-8.4442e-07
1.69794e-06
-4.06696e-07
1.15803e-06
-4.06701e-07
9.20025e-07
-1.09306e-06
1.15804e-06
-1.09306e-06
1.57123e-06
3.93226e-05
1.56594e-05
3.52371e-06
1.4047e-05
3.5795e-06
2.14849e-06
1.07958e-06
1.81914e-06
-8.44425e-07
0.034861
0.0224053
0.0134577
0.0201797
0.0122399
0.00694624
0.0106743
0.00612738
0.0032933
0.00728735
0.00378614
0.001829
0.00354754
0.00174561
0.000799112
0.00159006
0.000742151
0.000323168
0.000618582
0.000273251
0.000112857
0.00021961
9.32054e-05
3.68156e-05
4.9194e-05
2.01044e-05
7.57515e-06
0.00488822
0.00265879
0.0013538
0.00199986
0.0010387
0.000505348
0.000499903
0.000250744
0.000118239
-0.0852536
-0.0876849
-0.0890388
-0.0890219
-0.0877284
-0.0837909
-0.0810958
-0.0741797
-0.0632834
-0.0878807
-0.0825735
-0.0712562
-0.0752151
-0.0613584
-0.0407606
-0.0463096
-0.0243161
0.00329867
0.000328376
0.0271961
0.056612
0.0521558
0.0778036
0.102309
0.0996139
0.118241
0.132697
-0.0550601
-0.0415452
-0.0236027
-0.0134498
0.00469203
0.0263544
0.0382874
0.0572989
0.0778627
-0.0510208
-0.0232866
0.0116983
-0.0114363
0.0223233
0.0588904
0.0370601
0.0706058
0.101694
0.0529045
0.0906091
0.120924
0.0955495
0.123109
0.139256
0.12709
0.140386
0.141387
0.141973
0.139849
0.127742
0.137485
0.124121
0.104734
0.118658
0.0993334
0.0780605
0.0876099
0.113485
0.132448
0.123902
0.137522
0.142453
0.141223
0.14152
0.133983
0.137105
0.126348
0.110574
0.116516
0.100428
0.0823544
0.087472
0.0711042
0.0550086
0.0905156
0.070555
0.0517615
0.0630497
0.0461953
0.0318978
0.0396291
0.0274219
0.0178937
0.0214515
0.0140537
0.00868222
0.0100621
0.00630619
0.0037249
0.00279567
0.00169225
0.000967154
0.0558543
0.0430375
0.0315416
0.0298654
0.0220691
0.0154959
0.00912429
0.00654041
0.00445046
0.0910515
0.105994
0.120123
0.126037
0.133481
0.13864
0.137538
0.136497
0.133093
0.132413
0.13986
0.141818
0.140337
0.137419
0.129653
0.126304
0.11648
0.103571
0.0945711
0.0828416
0.0699277
0.0569901
0.0480724
0.0390213
0.0189304
0.0155576
0.0122904
0.122048
0.11411
0.105241
0.0854311
0.0747127
0.0660652
0.0321025
0.0261952
0.0224589
-0.0852536
-0.0890219
-0.0810958
-0.0876849
-0.0877284
-0.0741797
-0.0890388
-0.0837909
-0.0632835
-0.0550601
-0.0134497
0.0382874
-0.0415452
0.00469203
0.0572989
-0.0236027
0.0263544
0.0778626
0.000328303
0.0521558
0.0996138
0.0271959
0.0778035
0.118241
0.0566118
0.102308
0.132697
-0.0878807
-0.0752151
-0.0463096
-0.0825735
-0.0613584
-0.0243162
-0.0712563
-0.0407608
0.00329847
0.0910515
0.126037
0.137538
0.105994
0.133481
0.136497
0.120123
0.13864
0.133093
0.122048
0.0854312
0.0321025
0.11411
0.0747127
0.0261953
0.105241
0.0660653
0.0224589
0.0945712
0.0569902
0.0189304
0.0828417
0.0480725
0.0155576
0.0699278
0.0390214
0.0122904
0.132413
0.140337
0.126304
0.13986
0.137419
0.11648
0.141818
0.129653
0.103571
0.137105
0.116516
0.0874723
0.126348
0.100429
0.0711045
0.110574
0.0823547
0.0550089
0.0558545
0.0298655
0.00912433
0.0430377
0.0220692
0.00654045
0.0315418
0.015496
0.00445049
0.0214517
0.0100622
0.0027957
0.0140538
0.00630627
0.00169228
0.00868235
0.00372496
0.000967171
0.0905161
0.0630501
0.0396294
0.0705555
0.0461957
0.0274222
0.051762
0.0318981
0.017894
-0.051021
-0.0114365
0.0370597
-0.0232869
0.0223229
0.0706054
0.0116979
0.0588899
0.101694
0.0876096
0.123902
0.141223
0.113484
0.137522
0.14152
0.132447
0.142453
0.133984
0.141973
0.137485
0.118659
0.139849
0.124121
0.0993339
0.127743
0.104734
0.078061
0.0529039
0.0955489
0.12709
0.0906085
0.123108
0.140385
0.120923
0.139256
0.141388
0.139371
0.141531
0.12988
0.141531
0.130516
0.110165
0.12988
0.110165
0.0861961
0.107091
0.0812502
0.0563899
0.0839155
0.0594178
0.0386548
0.0609806
0.0404321
0.0247172
0.0400859
0.0248749
0.0142734
0.024875
0.0145336
0.00786836
0.0142736
0.00786842
0.0040258
0.107092
0.0839161
0.0609809
0.0812513
0.0594185
0.0404325
0.056391
0.0386555
0.0247176
0.0348615
0.0201801
0.0106745
0.0224058
0.0122402
0.00612755
0.0134581
0.00694647
0.00329342
0.00488833
0.00199991
0.000499916
0.00265887
0.00103874
0.000250753
0.00135386
0.00050537
0.000118245
0.000618614
0.000219623
4.91969e-05
0.000273269
9.32116e-05
2.01059e-05
0.000112865
3.68186e-05
7.57578e-06
0.00728764
0.0035477
0.00159013
0.00378633
0.00174571
0.000742195
0.00182911
0.000799166
0.000323191
0.000782355
0.000324302
0.000123132
0.000324305
0.000126943
4.71233e-05
0.000123134
4.71238e-05
1.48642e-05
3.93264e-05
1.40482e-05
1.07981e-06
1.56609e-05
3.57997e-06
1.81925e-06
3.52434e-06
2.14865e-06
-8.44356e-07
1.69824e-06
-4.06683e-07
1.15816e-06
-4.06686e-07
9.20045e-07
-1.09309e-06
1.15818e-06
-1.0931e-06
1.5713e-06
3.93277e-05
1.56613e-05
3.5244e-06
1.40488e-05
3.58012e-06
2.14868e-06
1.0799e-06
1.8193e-06
-8.44346e-07
0.0348625
0.0224064
0.0134585
0.0201809
0.0122406
0.00694671
0.0106751
0.00612784
0.00329357
0.00728779
0.00378639
0.00182913
0.00354781
0.00174575
0.00079918
0.0015902
0.000742221
0.0003232
0.000618647
0.000273282
0.00011287
0.000219637
9.32171e-05
3.68206e-05
4.92005e-05
2.01073e-05
7.57623e-06
0.00488864
0.00265904
0.00135394
0.00200006
0.00103881
0.000505405
0.00049996
0.000250774
0.000118254
-0.0852534
-0.0876848
-0.0890388
-0.0890219
-0.0877285
-0.0837911
-0.0810961
-0.0741801
-0.063284
-0.0878808
-0.0825737
-0.0712566
-0.0752154
-0.0613589
-0.0407614
-0.0463103
-0.024317
0.0032975
0.000327259
0.0271948
0.0566106
0.0521546
0.0778023
0.102307
0.0996128
0.11824
0.132697
-0.0550607
-0.0415459
-0.0236036
-0.0134506
0.00469104
0.0263532
0.0382864
0.0572979
0.0778615
-0.0510214
-0.0232873
0.0116974
-0.0114373
0.0223222
0.0588891
0.0370587
0.0706044
0.101693
0.0529035
0.0906082
0.120923
0.0955483
0.123108
0.139255
0.127089
0.140385
0.141388
0.141972
0.139849
0.127743
0.137485
0.124122
0.104735
0.11866
0.0993352
0.0780624
0.0876085
0.113483
0.132447
0.123901
0.137522
0.142453
0.141223
0.14152
0.133984
0.137105
0.126349
0.110575
0.116517
0.10043
0.0823562
0.0874736
0.0711059
0.0550103
0.0905175
0.070557
0.0517634
0.0630516
0.0461971
0.0318993
0.0396307
0.0274233
0.0178948
0.0214526
0.0140545
0.00868287
0.0100627
0.00630665
0.00372523
0.00279587
0.0016924
0.000967251
0.0558557
0.0430389
0.0315429
0.0298663
0.0220699
0.0154967
0.00912463
0.00654072
0.00445071
0.0910507
0.105994
0.120122
0.126037
0.133481
0.13864
0.137538
0.136498
0.133093
0.132413
0.13986
0.141818
0.140337
0.137419
0.129654
0.126304
0.116481
0.103572
0.094572
0.0828427
0.069929
0.0569909
0.0480733
0.0390222
0.0189307
0.015558
0.0122907
0.122048
0.11411
0.105241
0.0854314
0.0747131
0.0660658
0.0321027
0.0261955
0.0224592
-0.0852534
-0.0890219
-0.0810961
-0.0876848
-0.0877286
-0.0741802
-0.0890388
-0.0837912
-0.0632842
-0.0550607
-0.0134507
0.0382863
-0.0415461
0.00469079
0.0572976
-0.023604
0.0263528
0.0778612
0.000326674
0.052154
0.0996123
0.027194
0.0778016
0.11824
0.0566097
0.102307
0.132696
-0.0878808
-0.0752157
-0.0463108
-0.0825739
-0.0613593
-0.0243177
-0.071257
-0.0407621
0.00329661
0.0910507
0.126037
0.137538
0.105993
0.133481
0.136498
0.120122
0.13864
0.133094
0.122048
0.0854314
0.0321027
0.11411
0.0747132
0.0261955
0.105241
0.066066
0.0224592
0.0945723
0.0569911
0.0189308
0.0828431
0.0480736
0.0155581
0.0699295
0.0390226
0.0122909
0.132412
0.140337
0.126305
0.13986
0.137419
0.116482
0.141818
0.129654
0.103573
0.137106
0.116517
0.0874742
0.12635
0.100431
0.0711067
0.110576
0.082357
0.055011
0.0558562
0.0298667
0.00912476
0.0430395
0.0220703
0.00654084
0.0315434
0.015497
0.00445082
0.021453
0.010063
0.00279595
0.0140549
0.00630685
0.00169246
0.00868315
0.00372537
0.000967292
0.0905184
0.0630525
0.0396314
0.070558
0.0461979
0.0274239
0.0517643
0.0319
0.0178953
-0.0510221
-0.0114382
0.0370576
-0.0232883
0.022321
0.0706033
0.0116962
0.0588879
0.101692
0.0876076
0.123901
0.141222
0.113482
0.137521
0.141521
0.132446
0.142453
0.133985
0.141972
0.137486
0.118661
0.13985
0.124123
0.0993362
0.127744
0.104736
0.0780635
0.0529022
0.0955472
0.127089
0.090607
0.123107
0.140385
0.120922
0.139255
0.141388
0.13937
0.141531
0.129881
0.141531
0.130516
0.110167
0.129881
0.110167
0.0861977
0.107093
0.0812524
0.0563921
0.0839174
0.0594197
0.0386565
0.0609823
0.0404336
0.0247184
0.0400872
0.0248759
0.0142742
0.0248759
0.0145343
0.00786882
0.0142742
0.00786882
0.00402604
0.107093
0.0839174
0.0609823
0.0812525
0.0594197
0.0404337
0.0563921
0.0386565
0.0247184
0.0348634
0.0201814
0.0106754
0.0224071
0.0122411
0.00612809
0.013459
0.006947
0.00329372
0.00488883
0.00200015
0.000499984
0.00265915
0.00103886
0.000250787
0.001354
0.000505433
0.000118261
0.000618682
0.00021965
4.92035e-05
0.000273299
9.32232e-05
2.01087e-05
0.000112878
3.68232e-05
7.57679e-06
0.00728812
0.00354798
0.00159028
0.0037866
0.00174585
0.000742267
0.00182925
0.000799234
0.000323223
0.000782415
0.00032433
0.000123144
0.00032433
0.000126954
4.71278e-05
0.000123144
4.71278e-05
1.48658e-05
3.9331e-05
1.40498e-05
1.08007e-06
1.56625e-05
3.5805e-06
1.81938e-06
3.52492e-06
2.14878e-06
-8.44288e-07
1.69843e-06
-4.06672e-07
1.15826e-06
-4.06674e-07
9.20064e-07
-1.09312e-06
1.15828e-06
-1.09313e-06
1.57136e-06
3.9331e-05
1.56625e-05
3.52491e-06
1.40498e-05
3.5805e-06
2.14878e-06
1.08006e-06
1.81939e-06
-8.4429e-07
0.0348634
0.0224071
0.013459
0.0201815
0.0122411
0.00694701
0.0106755
0.0061281
0.00329372
0.00728813
0.0037866
0.00182925
0.00354799
0.00174585
0.000799234
0.00159029
0.000742267
0.000323223
0.000618683
0.0002733
0.000112878
0.00021965
9.32234e-05
3.68233e-05
4.92036e-05
2.01087e-05
7.57678e-06
0.00488884
0.00265916
0.00135401
0.00200016
0.00103887
0.000505434
0.000499985
0.000250787
0.000118261
-0.0852534
-0.0876848
-0.0890388
-0.0890219
-0.0877286
-0.0837912
-0.0810961
-0.0741802
-0.0632842
-0.0878808
-0.0825739
-0.071257
-0.0752157
-0.0613593
-0.0407621
-0.0463108
-0.0243177
0.00329657
0.000326629
0.027194
0.0566096
0.0521539
0.0778015
0.102306
0.0996122
0.11824
0.132696
-0.0550607
-0.0415462
-0.023604
-0.0134507
0.00469076
0.0263528
0.0382863
0.0572976
0.0778611
-0.0510221
-0.0232883
0.0116962
-0.0114383
0.022321
0.0588879
0.0370576
0.0706033
0.101692
0.0529022
0.090607
0.120922
0.0955472
0.123107
0.139255
0.127089
0.140385
0.141388
0.141972
0.13985
0.127744
0.137486
0.124123
0.104736
0.118661
0.0993362
0.0780635
0.0876075
0.113482
0.132446
0.123901
0.137521
0.142453
0.141222
0.141521
0.133985
0.137106
0.12635
0.110576
0.116518
0.100431
0.0823571
0.0874743
0.0711068
0.0550111
0.0905185
0.070558
0.0517644
0.0630526
0.046198
0.0319001
0.0396314
0.0274239
0.0178953
0.0214531
0.014055
0.00868318
0.010063
0.00630687
0.00372538
0.00279596
0.00169246
0.000967296
0.0558563
0.0430395
0.0315435
0.0298668
0.0220704
0.015497
0.00912479
0.00654086
0.00445084
0.0910506
0.105993
0.120122
0.126037
0.133481
0.13864
0.137538
0.136498
0.133094
0.132412
0.13986
0.141818
0.140337
0.137419
0.129654
0.126305
0.116482
0.103573
0.0945723
0.0828431
0.0699295
0.0569912
0.0480737
0.0390227
0.0189309
0.0155581
0.0122909
0.122048
0.11411
0.105241
0.0854314
0.0747133
0.066066
0.0321027
0.0261955
0.0224593
-0.0852534
-0.0890219
-0.0810961
-0.0876848
-0.0877286
-0.0741802
-0.0890388
-0.0837912
-0.0632841
-0.0550607
-0.0134506
0.0382864
-0.041546
0.00469098
0.0572978
-0.0236037
0.0263531
0.0778615
0.000327069
0.0521544
0.0996127
0.0271945
0.0778021
0.11824
0.0566103
0.102307
0.132697
-0.0878808
-0.0752155
-0.0463105
-0.0825738
-0.0613591
-0.0243173
-0.0712568
-0.0407617
0.00329713
0.0910507
0.126037
0.137538
0.105994
0.133481
0.136498
0.120122
0.13864
0.133093
0.122048
0.0854314
0.0321027
0.11411
0.0747131
0.0261955
0.105241
0.0660658
0.0224592
0.094572
0.0569909
0.0189307
0.0828427
0.0480733
0.015558
0.069929
0.0390223
0.0122907
0.132413
0.140337
0.126304
0.13986
0.137419
0.116481
0.141818
0.129654
0.103572
0.137106
0.116517
0.0874736
0.12635
0.10043
0.071106
0.110575
0.0823563
0.0550104
0.0558557
0.0298664
0.00912464
0.0430389
0.02207
0.00654072
0.0315429
0.0154967
0.00445072
0.0214526
0.0100627
0.00279587
0.0140546
0.00630667
0.0016924
0.0086829
0.00372523
0.000967252
0.0905177
0.0630518
0.0396308
0.0705572
0.0461972
0.0274234
0.0517636
0.0318994
0.0178949
-0.0510218
-0.0114378
0.0370582
-0.0232879
0.0223215
0.0706039
0.0116967
0.0588884
0.101693
0.0876082
0.123901
0.141223
0.113483
0.137521
0.141521
0.132447
0.142453
0.133984
0.141972
0.137485
0.11866
0.139849
0.124122
0.0993355
0.127744
0.104736
0.0780627
0.0529026
0.0955477
0.127089
0.0906073
0.123107
0.140385
0.120923
0.139255
0.141388
0.13937
0.141531
0.129881
0.141531
0.130516
0.110166
0.12988
0.110165
0.0861965
0.107092
0.0812517
0.0563913
0.0839165
0.0594188
0.0386557
0.0609812
0.0404328
0.0247178
0.0400861
0.0248752
0.0142737
0.024875
0.0145337
0.00786846
0.0142735
0.00786841
0.00402582
0.107092
0.083916
0.060981
0.0812507
0.0594181
0.0404324
0.0563902
0.038655
0.0247174
0.0348627
0.020181
0.0106751
0.0224066
0.0122407
0.00612787
0.0134586
0.00694675
0.00329358
0.00488866
0.00200007
0.00049996
0.00265905
0.00103882
0.000250774
0.00135394
0.000505407
0.000118254
0.000618649
0.000219637
4.92005e-05
0.000273283
9.32173e-05
2.01073e-05
0.00011287
3.68206e-05
7.57623e-06
0.00728783
0.00354782
0.0015902
0.00378641
0.00174576
0.000742224
0.00182914
0.000799184
0.000323202
0.000782359
0.000324306
0.000123134
0.000324303
0.000126944
4.71239e-05
0.000123132
4.71234e-05
1.48642e-05
3.93278e-05
1.40488e-05
1.0799e-06
1.56613e-05
3.58013e-06
1.8193e-06
3.5244e-06
2.14868e-06
-8.44344e-07
1.69824e-06
-4.06686e-07
1.15819e-06
-4.06678e-07
9.20044e-07
-1.0931e-06
1.15815e-06
-1.09309e-06
1.5713e-06
3.93265e-05
1.5661e-05
3.52435e-06
1.40482e-05
3.57998e-06
2.14865e-06
1.07981e-06
1.81925e-06
-8.44354e-07
0.0348617
0.0224059
0.0134582
0.0201802
0.0122402
0.00694651
0.0106746
0.00612758
0.00329343
0.00728768
0.00378635
0.00182913
0.00354772
0.00174572
0.00079917
0.00159014
0.000742198
0.000323192
0.000618616
0.00027327
0.000112866
0.000219623
9.32118e-05
3.68187e-05
4.9197e-05
2.0106e-05
7.57579e-06
0.00488835
0.00265888
0.00135386
0.00199992
0.00103874
0.000505372
0.000499917
0.000250754
0.000118245
-0.0852536
-0.0876849
-0.0890388
-0.0890219
-0.0877285
-0.083791
-0.0810958
-0.0741798
-0.0632836
-0.0878807
-0.0825737
-0.0712565
-0.0752152
-0.0613587
-0.0407612
-0.0463099
-0.0243165
0.00329802
0.000328047
0.0271956
0.0566114
0.0521555
0.0778032
0.102308
0.0996136
0.118241
0.132697
-0.0550601
-0.0415453
-0.0236029
-0.0134498
0.00469193
0.0263542
0.0382873
0.0572988
0.0778625
-0.0510214
-0.0232875
0.011697
-0.0114371
0.0223222
0.0588891
0.0370592
0.0706048
0.101693
0.0529029
0.0906076
0.120923
0.0955482
0.123108
0.139255
0.127089
0.140385
0.141388
0.141973
0.139849
0.127743
0.137485
0.124121
0.104735
0.118659
0.0993342
0.0780614
0.0876092
0.113484
0.132447
0.123902
0.137522
0.142453
0.141223
0.14152
0.133984
0.137105
0.126349
0.110574
0.116516
0.100429
0.0823549
0.0874724
0.0711047
0.055009
0.0905163
0.0705558
0.0517623
0.0630503
0.0461959
0.0318983
0.0396295
0.0274223
0.017894
0.0214517
0.0140539
0.00868238
0.0100622
0.00630628
0.00372497
0.0027957
0.00169228
0.000967173
0.0558546
0.0430378
0.0315419
0.0298656
0.0220692
0.0154961
0.00912434
0.00654046
0.0044505
0.0910515
0.105994
0.120123
0.126037
0.133481
0.13864
0.137538
0.136497
0.133093
0.132413
0.13986
0.141818
0.140337
0.137419
0.129653
0.126304
0.11648
0.103571
0.0945713
0.0828417
0.0699279
0.0569902
0.0480726
0.0390215
0.0189305
0.0155577
0.0122904
0.122048
0.11411
0.105241
0.0854312
0.0747127
0.0660653
0.0321025
0.0261953
0.0224589
-0.0852536
-0.0890219
-0.0810958
-0.0876849
-0.0877284
-0.0741797
-0.0890388
-0.0837909
-0.0632834
-0.0550601
-0.0134498
0.0382874
-0.0415452
0.00469203
0.0572989
-0.0236027
0.0263544
0.0778627
0.000328376
0.0521558
0.0996139
0.0271961
0.0778036
0.118241
0.056612
0.102309
0.132697
-0.0878807
-0.0752151
-0.0463096
-0.0825735
-0.0613584
-0.0243161
-0.0712562
-0.0407606
0.00329867
0.0910515
0.126037
0.137538
0.105994
0.133481
0.136497
0.120123
0.13864
0.133093
0.122048
0.0854311
0.0321025
0.11411
0.0747127
0.0261952
0.105241
0.0660652
0.0224589
0.0945711
0.0569901
0.0189304
0.0828416
0.0480724
0.0155576
0.0699277
0.0390213
0.0122904
0.132413
0.140337
0.126304
0.13986
0.137419
0.11648
0.141818
0.129653
0.103571
0.137105
0.116516
0.087472
0.126348
0.100428
0.0711042
0.110574
0.0823544
0.0550086
0.0558543
0.0298654
0.00912429
0.0430375
0.0220691
0.00654041
0.0315416
0.0154959
0.00445046
0.0214515
0.0100621
0.00279567
0.0140537
0.00630619
0.00169225
0.00868222
0.0037249
0.000967154
0.0905156
0.0630497
0.0396291
0.070555
0.0461953
0.0274219
0.0517615
0.0318978
0.0178937
-0.0510208
-0.0114363
0.0370601
-0.0232866
0.0223233
0.0706058
0.0116983
0.0588904
0.101694
0.0876099
0.123902
0.141223
0.113485
0.137522
0.14152
0.132448
0.142453
0.133983
0.141973
0.137485
0.118658
0.139849
0.124121
0.0993334
0.127742
0.104734
0.0780605
0.0529045
0.0955495
0.12709
0.0906091
0.123109
0.140386
0.120924
0.139256
0.141387
0.139371
0.141531
0.129879
0.141531
0.130515
0.110164
0.129879
0.110164
0.0861948
0.10709
0.0812495
0.0563892
0.0839145
0.0594169
0.0386541
0.0609795
0.0404312
0.0247166
0.0400848
0.0248741
0.0142729
0.0248741
0.014533
0.007868
0.0142729
0.007868
0.00402557
0.10709
0.0839146
0.0609795
0.0812495
0.0594169
0.0404312
0.0563893
0.0386541
0.0247166
0.034861
0.0201797
0.0106743
0.0224053
0.0122399
0.00612738
0.0134577
0.00694624
0.0032933
0.00488822
0.00199986
0.000499903
0.00265879
0.0010387
0.000250744
0.0013538
0.000505348
0.000118239
0.000618582
0.00021961
4.9194e-05
0.000273251
9.32054e-05
2.01044e-05
0.000112857
3.68156e-05
7.57515e-06
0.00728735
0.00354754
0.00159006
0.00378614
0.00174561
0.000742151
0.001829
0.000799112
0.000323168
0.000782295
0.000324276
0.000123121
0.000324275
0.000126931
4.71186e-05
0.000123121
4.71186e-05
1.48622e-05
3.93226e-05
1.4047e-05
1.07958e-06
1.56594e-05
3.5795e-06
1.81914e-06
3.52371e-06
2.14848e-06
-8.44425e-07
1.69794e-06
-4.06699e-07
1.15804e-06
-4.06695e-07
9.20024e-07
-1.09306e-06
1.15803e-06
-1.09306e-06
1.57123e-06
3.93225e-05
1.56594e-05
3.52371e-06
1.40469e-05
3.57949e-06
2.14848e-06
1.07958e-06
1.81913e-06
-8.4442e-07
0.0348611
0.0224054
0.0134578
0.0201798
0.0122399
0.00694625
0.0106744
0.00612738
0.0032933
0.00728735
0.00378614
0.001829
0.00354754
0.00174561
0.000799112
0.00159006
0.000742151
0.000323168
0.000618582
0.000273251
0.000112857
0.00021961
9.32052e-05
3.68156e-05
4.91939e-05
2.01044e-05
7.57513e-06
0.00488823
0.00265879
0.0013538
0.00199986
0.0010387
0.000505348
0.000499903
0.000250744
0.000118239
-0.0852535
-0.0876848
-0.0890388
-0.0890219
-0.0877285
-0.083791
-0.081096
-0.07418
-0.0632837
-0.0878807
-0.0825736
-0.0712563
-0.0752152
-0.0613586
-0.0407609
-0.0463099
-0.0243164
0.00329837
0.000327973
0.0271957
0.0566117
0.0521554
0.0778033
0.102308
0.0996136
0.118241
0.132697
-0.0550605
-0.0415456
-0.0236031
-0.0134503
0.0046915
0.0263539
0.0382867
0.0572984
0.0778622
-0.051021
-0.0232867
0.0116982
-0.0114365
0.0223231
0.0588902
0.0370598
0.0706056
0.101694
0.0529044
0.090609
0.120924
0.0955494
0.123109
0.139256
0.12709
0.140386
0.141387
0.141973
0.139849
0.127742
0.137485
0.124121
0.104734
0.118659
0.0993335
0.0780605
0.0876097
0.113484
0.132448
0.123902
0.137522
0.142453
0.141223
0.14152
0.133983
0.137105
0.126348
0.110574
0.116516
0.100429
0.0823544
0.0874721
0.0711043
0.0550086
0.0905157
0.0705551
0.0517616
0.0630498
0.0461954
0.0318978
0.0396291
0.0274219
0.0178937
0.0214515
0.0140537
0.00868223
0.0100621
0.00630619
0.0037249
0.00279567
0.00169225
0.000967154
0.0558544
0.0430376
0.0315416
0.0298654
0.0220691
0.0154959
0.0091243
0.00654041
0.00445046
0.091051
0.105994
0.120123
0.126037
0.133481
0.13864
0.137538
0.136497
0.133093
0.132413
0.13986
0.141818
0.140337
0.137419
0.129653
0.126304
0.11648
0.103571
0.0945713
0.0828417
0.0699278
0.0569902
0.0480725
0.0390214
0.0189304
0.0155576
0.0122904
0.122048
0.11411
0.105241
0.0854313
0.0747128
0.0660653
0.0321026
0.0261953
0.0224589
