FiniteElementSpace
FiniteElementCollection: H1_2D_P4
VDim: 1
Ordering: 0

-0.0131032
9.35762e-14
9.35736e-14
7.76165e-35
9.3577e-14
7.76496e-35
9.3577e-14
7.7667e-35
9.35736e-14
7.76496e-35
7.76165e-35
-0.0213793
4.87272e-21
4.87272e-21
-0.0213793
4.87302e-21
4.87451e-21
-0.0213794
4.87525e-21
4.87533e-21
-0.0213794
4.87451e-21
4.87302e-21
-0.0213793
4.87272e-21
4.87272e-21
-0.0527787
-0.0527786
-0.0527785
-0.0527784
-0.0527787
-0.0142039
-0.0291904
-0.0291904
-0.0142039
-0.0291904
-0.0291904
-0.0142039
-0.0291904
-0.0291904
-0.0142039
-0.0291904
-0.0291903
-0.0142039
-0.0291904
-0.0291904
-0.113224
1.39243e-16
-0.063574
4.0102e-27
4.01022e-27
-0.063574
1.39242e-16
-0.113224
1.39245e-16
-0.0635748
4.01112e-27
4.01183e-27
-0.0635776
1.39265e-16
-0.113225
1.39274e-16
-0.0635794
4.01258e-27
4.0126e-27
-0.0635796
1.39276e-16
-0.113225
1.39265e-16
-0.063578
4.01183e-27
4.01112e-27
-0.0635751
1.39245e-16
-0.113224
1.39242e-16
-0.063574
4.01022e-27
4.0102e-27
-0.063574
1.39243e-16
-0.016404
-0.016404
-0.016404
-0.016404
-0.016404
-0.145849
0.11535
-0.145849
-0.145849
0.11535
-0.14585
-0.14585
0.11535
-0.14585
-0.14585
0.11535
-0.145849
-0.145849
0.11535
-0.145849
-0.0133697
-0.0149037
-0.0149037
-0.0133698
-0.0159636
-0.0251151
-0.019469
-0.0359219
-0.0359219
-0.019469
-0.0251151
-0.0159636
-0.0149037
-0.0149037
-0.0133697
-0.025115
-0.019469
-0.0359219
-0.0359219
-0.019469
-0.0251151
-0.0159636
-0.0149037
-0.0149037
-0.0133697
-0.0251151
-0.019469
-0.0359219
-0.0359219
-0.019469
-0.0251151
-0.0159636
-0.0149037
-0.0149037
-0.0133698
-0.0251151
-0.019469
-0.0359218
-0.0359217
-0.019469
-0.025115
-0.0159636
-0.0149037
-0.0149037
-0.0251151
-0.019469
-0.0359219
-0.0359219
-0.019469
-0.0251151
-0.0469188
-0.132739
-0.0665729
-0.143083
5.76828e-15
-0.163289
1.31628e-18
0.00423937
-0.132407
-0.0780784
0.0520593
0.0520593
-0.0780784
7.06389e-24
0.0699579
8.91529e-31
8.91533e-31
0.0699579
7.06393e-24
0.0042394
-0.066573
-0.132739
-0.0469188
-0.132407
1.31628e-18
-0.163289
5.76819e-15
-0.143083
-0.132739
-0.0665728
5.76822e-15
-0.163289
1.31633e-18
0.00423831
-0.132407
-0.0780784
0.0520574
0.0520557
-0.0780787
7.0649e-24
0.0699594
8.91819e-31
8.91903e-31
0.0699596
7.06665e-24
0.00423367
-0.0665731
-0.132739
-0.0469191
-0.132409
1.31662e-18
-0.163289
5.76872e-15
-0.143083
-0.132739
-0.0665731
5.76887e-15
-0.163289
1.31675e-18
0.00423116
-0.132409
-0.0780788
0.0520531
0.052053
-0.0780788
7.06784e-24
0.0699607
8.92086e-31
8.92087e-31
0.0699607
7.06791e-24
0.00423091
-0.0665732
-0.132739
-0.0469191
-0.132409
1.31678e-18
-0.163289
5.76892e-15
-0.143083
-0.132739
-0.066573
5.76872e-15
-0.163289
1.31662e-18
0.00423343
-0.132409
-0.0780787
0.0520554
0.0520571
-0.0780783
7.06665e-24
0.0699596
8.91903e-31
8.91819e-31
0.0699594
7.0649e-24
0.00423814
-0.0665726
-0.132739
-0.0469188
-0.132407
1.31633e-18
-0.163289
5.76822e-15
-0.143083
-0.132739
-0.066573
5.76819e-15
-0.163289
1.31628e-18
0.0042394
-0.132407
-0.0780784
0.0520593
0.0520593
-0.0780784
7.06393e-24
0.0699579
8.91533e-31
8.91529e-31
0.0699579
7.06389e-24
0.00423937
-0.0665729
-0.132739
-0.132407
1.31628e-18
-0.163289
5.76828e-15
-0.0138145
-0.0171926
-0.0238708
-0.0171926
-0.0138145
-0.0171926
-0.0238708
-0.0171926
-0.0138145
-0.0171926
-0.0238707
-0.0171926
-0.0138145
-0.0171926
-0.0238707
-0.0171926
-0.0138145
-0.0171926
-0.0238708
-0.0171926
-0.059319
-0.14891
-0.113077
-0.0730234
-0.04271
0.0853412
0.0235172
0.0853412
-0.059319
-0.0730235
-0.113077
-0.14891
-0.0593189
-0.14891
-0.113078
-0.0730233
-0.0427115
0.085341
0.0235184
0.0853396
-0.0593192
-0.0730235
-0.113081
-0.14891
-0.0593192
-0.14891
-0.113083
-0.0730235
-0.0427135
0.0853389
0.0235192
0.0853387
-0.0593193
-0.0730236
-0.113083
-0.14891
-0.0593192
-0.14891
-0.113081
-0.0730234
-0.0427119
0.0853396
0.0235184
0.085341
-0.0593188
-0.0730231
-0.113078
-0.14891
-0.059319
-0.14891
-0.113077
-0.0730235
-0.04271
0.0853412
0.0235172
0.0853412
-0.059319
-0.0730234
-0.113077
-0.14891
-0.0131164
-0.0131732
-0.0132884
-0.0134058
-0.0135208
-0.0136948
-0.0134058
-0.0135208
-0.0136948
-0.0131164
-0.0131732
-0.0132885
-0.0140065
-0.0137049
-0.0134686
-0.0142823
-0.0144706
-0.014736
-0.0146584
-0.014265
-0.0139511
-0.0160682
-0.0155317
-0.0150978
-0.0160682
-0.0155317
-0.0150978
-0.0146584
-0.014265
-0.0139511
-0.0142823
-0.0144706
-0.014736
-0.0140065
-0.0137049
-0.0134686
-0.0144271
-0.0149204
-0.0155477
-0.0161127
-0.0164671
-0.0169159
-0.0151791
-0.0158101
-0.016637
-0.0197705
-0.0177225
-0.0164502
-0.0219692
-0.0231707
-0.0244377
-0.0227464
-0.0197125
-0.0178782
-0.0284298
-0.027087
-0.0257924
-0.0264064
-0.0227112
-0.020365
-0.0189801
-0.0181728
-0.0174997
-0.0167715
-0.0176184
-0.018728
-0.0200174
-0.0212478
-0.0228307
-0.0200174
-0.0212478
-0.0228307
-0.0167715
-0.0176184
-0.018728
-0.0300134
-0.0318568
-0.0342912
-0.0327024
-0.0281792
-0.0251056
-0.0488168
-0.0425541
-0.0378566
-0.0488168
-0.0425542
-0.0378566
-0.0327024
-0.0281792
-0.0251056
-0.0300134
-0.0318568
-0.0342913
-0.0264064
-0.0227112
-0.020365
-0.0151791
-0.0158101
-0.016637
-0.0161127
-0.0164671
-0.0169159
-0.0144271
-0.0149204
-0.0155477
-0.0189801
-0.0181728
-0.0174997
-0.0284298
-0.027087
-0.0257924
-0.0227464
-0.0197125
-0.0178783
-0.0219692
-0.0231707
-0.0244377
-0.0197705
-0.0177225
-0.0164502
-0.0134058
-0.0135208
-0.0136948
-0.0134058
-0.0135208
-0.0136948
-0.0131164
-0.0131732
-0.0132884
-0.0142823
-0.0144706
-0.014736
-0.0146584
-0.014265
-0.0139511
-0.0160682
-0.0155317
-0.0150978
-0.0160682
-0.0155317
-0.0150978
-0.0146584
-0.014265
-0.0139511
-0.0142823
-0.0144706
-0.014736
-0.0140065
-0.0137049
-0.0134686
-0.0161127
-0.0164671
-0.0169159
-0.0151791
-0.0158101
-0.016637
-0.0219692
-0.0231707
-0.0244377
-0.0227464
-0.0197125
-0.0178783
-0.0284297
-0.027087
-0.0257924
-0.0264063
-0.0227112
-0.020365
-0.0189801
-0.0181728
-0.0174997
-0.0167715
-0.0176184
-0.018728
-0.0200174
-0.0212478
-0.0228307
-0.0200174
-0.0212478
-0.0228307
-0.0167715
-0.0176184
-0.018728
-0.0300133
-0.0318567
-0.0342912
-0.0327023
-0.0281792
-0.0251056
-0.0488166
-0.0425541
-0.0378566
-0.0488167
-0.0425541
-0.0378566
-0.0327024
-0.0281792
-0.0251056
-0.0300134
-0.0318568
-0.0342912
-0.0264064
-0.0227112
-0.020365
-0.0151791
-0.0158101
-0.016637
-0.0161127
-0.0164671
-0.0169159
-0.0144271
-0.0149204
-0.0155476
-0.0189801
-0.0181728
-0.0174997
-0.0284298
-0.0270871
-0.0257924
-0.0227464
-0.0197125
-0.0178783
-0.0219693
-0.0231707
-0.0244377
-0.0197705
-0.0177225
-0.0164502
-0.0134058
-0.0135208
-0.0136948
-0.0134058
-0.0135208
-0.0136948
-0.0131164
-0.0131732
-0.0132884
-0.0142823
-0.0144706
-0.014736
-0.0146584
-0.014265
-0.0139511
-0.0160681
-0.0155316
-0.0150978
-0.0160681
-0.0155316
-0.0150978
-0.0146584
-0.014265
-0.0139511
-0.0142823
-0.0144706
-0.014736
-0.0140065
-0.0137049
-0.0134686
-0.0161127
-0.0164671
-0.0169159
-0.0151791
-0.0158101
-0.016637
-0.0219693
-0.0231707
-0.0244377
-0.0227464
-0.0197125
-0.0178782
-0.0284298
-0.0270871
-0.0257924
-0.0264064
-0.0227112
-0.020365
-0.0189801
-0.0181728
-0.0174997
-0.0167715
-0.0176184
-0.018728
-0.0200174
-0.0212478
-0.0228306
-0.0200174
-0.0212478
-0.0228306
-0.0167715
-0.0176184
-0.018728
-0.0300134
-0.0318568
-0.0342912
-0.0327023
-0.0281791
-0.0251056
-0.0488165
-0.042554
-0.0378565
-0.0488165
-0.042554
-0.0378565
-0.0327023
-0.0281791
-0.0251056
-0.0300134
-0.0318568
-0.0342912
-0.0264064
-0.0227112
-0.020365
-0.0151791
-0.0158101
-0.016637
-0.0161127
-0.0164671
-0.0169159
-0.0144271
-0.0149204
-0.0155476
-0.0189801
-0.0181728
-0.0174997
-0.0284298
-0.0270871
-0.0257924
-0.0227464
-0.0197125
-0.0178782
-0.0219693
-0.0231707
-0.0244377
-0.0197705
-0.0177225
-0.0164502
-0.0134058
-0.0135208
-0.0136948
-0.0134058
-0.0135208
-0.0136948
-0.0131164
-0.0131732
-0.0132885
-0.0142823
-0.0144706
-0.014736
-0.0146584
-0.014265
-0.0139511
-0.0160682
-0.0155317
-0.0150978
-0.0160682
-0.0155317
-0.0150978
-0.0146584
-0.014265
-0.0139511
-0.0142823
-0.0144706
-0.014736
-0.0140065
-0.0137049
-0.0134686
-0.0161127
-0.0164671
-0.0169159
-0.0151791
-0.0158101
-0.016637
-0.0219693
-0.0231707
-0.0244377
-0.0227464
-0.0197125
-0.0178783
-0.0284298
-0.0270871
-0.0257924
-0.0264064
-0.0227112
-0.020365
-0.0189801
-0.0181728
-0.0174997
-0.0167715
-0.0176184
-0.018728
-0.0200174
-0.0212478
-0.0228306
-0.0200174
-0.0212478
-0.0228306
-0.0167715
-0.0176184
-0.018728
-0.0300134
-0.0318567
-0.0342912
-0.0327023
-0.0281791
-0.0251056
-0.0488165
-0.0425539
-0.0378565
-0.0488164
-0.0425539
-0.0378564
-0.0327022
-0.0281791
-0.0251056
-0.0300132
-0.0318566
-0.0342911
-0.0264063
-0.0227112
-0.020365
-0.0151791
-0.0158101
-0.016637
-0.0161127
-0.0164671
-0.0169159
-0.0144271
-0.0149204
-0.0155477
-0.0189801
-0.0181728
-0.0174997
-0.0284297
-0.027087
-0.0257923
-0.0227464
-0.0197125
-0.0178782
-0.0219692
-0.0231707
-0.0244376
-0.0197705
-0.0177225
-0.0164502
-0.0134058
-0.0135208
-0.0136948
-0.0134058
-0.0135208
-0.0136948
-0.0142823
-0.0144706
-0.014736
-0.0146584
-0.014265
-0.0139511
-0.0160682
-0.0155317
-0.0150978
-0.0160682
-0.0155317
-0.0150978
-0.0146584
-0.014265
-0.0139511
-0.0142823
-0.0144706
-0.014736
-0.0161127
-0.0164671
-0.0169159
-0.0151791
-0.0158101
-0.016637
-0.0219692
-0.0231707
-0.0244377
-0.0227464
-0.0197125
-0.0178783
-0.0284298
-0.027087
-0.0257924
-0.0264064
-0.0227112
-0.020365
-0.0189801
-0.0181728
-0.0174997
-0.0167715
-0.0176184
-0.018728
-0.0200174
-0.0212478
-0.0228307
-0.0200174
-0.0212478
-0.0228307
-0.0167715
-0.0176184
-0.018728
-0.0300134
-0.0318568
-0.0342913
-0.0327024
-0.0281792
-0.0251056
-0.0488168
-0.0425542
-0.0378566
-0.0488168
-0.0425541
-0.0378566
-0.0327024
-0.0281792
-0.0251056
-0.0300134
-0.0318568
-0.0342912
-0.0264064
-0.0227112
-0.020365
-0.0151791
-0.0158101
-0.016637
-0.0161127
-0.0164671
-0.0169159
-0.0189801
-0.0181728
-0.0174997
-0.0284298
-0.027087
-0.0257924
-0.0227464
-0.0197125
-0.0178782
-0.0219692
-0.0231707
-0.0244377
-0.0235211
-0.029672
-0.0396734
-0.0493567
-0.0537081
-0.0575438
-0.028229
-0.0368649
-0.0501417
-0.10029
-0.0761846
-0.0556655
-0.116993
-0.123542
-0.129648
-0.119714
-0.0937788
-0.0700103
-0.144671
-0.140853
-0.13573
-0.131532
-0.103431
-0.0779868
-0.065589
-0.0634999
-0.0609233
-0.0327648
-0.0423732
-0.056751
-0.125302
-0.142631
-0.147452
-0.141615
-0.141383
-0.145545
-0.144206
-0.158267
-0.157208
-0.043977
-0.0995317
-0.133767
6.18433e-14
2.61216e-14
9.97893e-15
-0.0345911
-0.0928657
-0.13494
2.83215e-16
1.00764e-15
3.24242e-15
-0.035982
-0.0994391
-0.147056
-0.163597
-0.159784
-0.152815
-0.158577
-0.174357
-0.17292
-0.160848
-0.149376
-0.128124
-0.138411
-0.140137
-0.126496
-0.146254
-0.144339
-0.137953
6.65722e-17
1.52214e-17
3.14772e-18
-0.0182182
-0.057551
-0.0960503
1.37e-20
9.00439e-20
5.35258e-19
0.00887581
0.0170492
0.0119556
-0.0169333
-0.0578146
-0.0956791
-0.0533426
-0.0299288
-0.00615011
-0.0801404
-0.106222
-0.125151
-0.0675321
-0.0694374
-0.0716723
-0.0398847
-0.049943
-0.063957
-0.123899
-0.103909
-0.0830955
-0.0716086
-0.0801015
-0.0804301
-0.0784179
-0.0770179
-0.0744414
-0.0571309
-0.0660509
-0.0745369
-0.0765563
-0.0691584
-0.0541092
-0.0765563
-0.0691584
-0.0541092
-0.0571309
-0.0660509
-0.0745369
-0.0452981
-0.00723367
0.0322346
0.0353981
0.00187112
-0.0290345
0.112836
0.0976149
0.0702126
0.112836
0.0976149
0.0702126
0.0353981
0.00187113
-0.0290345
-0.045298
-0.00723365
0.0322346
-0.0716085
-0.0801016
-0.0804301
0.0242155
0.0564461
0.0784718
0.0666898
0.0856791
0.0897183
1.68532e-21
2.08594e-22
2.33506e-23
0.0183366
0.0512762
0.0767921
1.55856e-26
1.89234e-25
2.07802e-24
0.0101408
0.0321732
0.0567845
0.0774558
0.0874216
0.0889202
0.114123
0.102718
0.0825966
0.0616477
0.0453173
0.0303427
0.0616477
0.0453173
0.0303427
0.114123
0.102718
0.0825966
1.00338e-27
6.72271e-29
4.07378e-30
0.00243473
0.00865693
0.0175749
4.16985e-34
9.35274e-33
1.89729e-31
4.16986e-34
9.35276e-33
1.8973e-31
0.00243473
0.00865693
0.0175749
1.00339e-27
6.72275e-29
4.0738e-30
0.0101408
0.0321732
0.0567846
0.0666898
0.0856791
0.0897183
0.0242155
0.056446
0.0784718
-0.0533425
-0.0299287
-0.00615008
0.0774558
0.0874216
0.0889202
1.55857e-26
1.89235e-25
2.07803e-24
0.0183366
0.0512762
0.0767921
1.68532e-21
2.08594e-22
2.33507e-23
0.0088758
0.0170491
0.0119556
-0.028229
-0.0368649
-0.0501417
-0.0493567
-0.0537081
-0.0575438
-0.0235211
-0.029672
-0.0396734
-0.0327648
-0.0423732
-0.056751
-0.065589
-0.0635
-0.0609233
-0.131532
-0.103431
-0.0779868
-0.144671
-0.140854
-0.13573
-0.119714
-0.0937788
-0.0700103
-0.116993
-0.123542
-0.129648
-0.10029
-0.0761846
-0.0556655
-0.0398847
-0.049943
-0.063957
-0.0675322
-0.0694375
-0.0716723
-0.078418
-0.0770179
-0.0744415
-0.0801404
-0.106222
-0.125151
-0.123899
-0.103909
-0.0830955
-0.146254
-0.144339
-0.137953
-0.138411
-0.140137
-0.126496
-0.160848
-0.149376
-0.128124
-0.158577
-0.174357
-0.17292
-0.0169332
-0.0578146
-0.095679
1.37e-20
9.00439e-20
5.35258e-19
-0.0182182
-0.057551
-0.0960503
6.65718e-17
1.52214e-17
3.14771e-18
-0.035982
-0.0994392
-0.147057
-0.144207
-0.158268
-0.157209
-0.141616
-0.141384
-0.145546
-0.125303
-0.142631
-0.147452
-0.163597
-0.159784
-0.152816
2.83213e-16
1.00763e-15
3.24237e-15
-0.0345911
-0.0928659
-0.13494
6.18417e-14
2.61211e-14
9.97875e-15
-0.0439771
-0.0995319
-0.133767
-0.0493566
-0.053708
-0.0575437
-0.028229
-0.0368648
-0.0501416
-0.116993
-0.123542
-0.129648
-0.119714
-0.0937787
-0.0700102
-0.144671
-0.140853
-0.13573
-0.131532
-0.103431
-0.0779866
-0.0655888
-0.0634998
-0.0609232
-0.0327647
-0.0423731
-0.0567508
-0.141616
-0.141384
-0.145546
-0.144207
-0.158268
-0.157209
6.18418e-14
2.61211e-14
9.97879e-15
-0.0345911
-0.0928659
-0.13494
2.83217e-16
1.00764e-15
3.2424e-15
-0.035982
-0.0994393
-0.147057
-0.163597
-0.159784
-0.152816
-0.158577
-0.174357
-0.17292
-0.160848
-0.149376
-0.128125
-0.138411
-0.140138
-0.126496
-0.146254
-0.144339
-0.137953
6.65731e-17
1.52218e-17
3.14781e-18
-0.0182184
-0.0575515
-0.0960509
1.37008e-20
9.00482e-20
5.35279e-19
0.00887555
0.0170485
0.0119546
-0.0169343
-0.0578155
-0.0956797
-0.0533435
-0.0299299
-0.00615123
-0.080141
-0.106222
-0.125151
-0.067532
-0.0694373
-0.0716721
-0.0398846
-0.0499429
-0.0639568
-0.123899
-0.103909
-0.0830953
-0.0716092
-0.0801019
-0.0804302
-0.0784179
-0.0770177
-0.0744413
-0.0571308
-0.0660508
-0.0745368
-0.0765564
-0.0691588
-0.0541103
-0.0765567
-0.0691592
-0.0541105
-0.0571308
-0.0660508
-0.074537
-0.0452991
-0.00723514
0.0322328
0.0353961
0.0018691
-0.0290363
0.112835
0.0976134
0.0702107
0.112835
0.0976128
0.0702094
0.0353947
0.0018683
-0.0290365
-0.0453019
-0.00723772
0.0322307
-0.0716113
-0.080103
-0.0804307
0.0242143
0.0564451
0.0784713
0.066688
0.0856779
0.0897178
1.68544e-21
2.08615e-22
2.33536e-23
0.0183367
0.0512764
0.0767921
1.5589e-26
1.89269e-25
2.07835e-24
0.0101412
0.0321741
0.0567859
0.0774571
0.0874223
0.0889202
0.114123
0.102719
0.0825981
0.0616493
0.0453189
0.030344
0.0616495
0.045319
0.0303441
0.114123
0.102719
0.0825982
1.00363e-27
6.72458e-29
4.07504e-30
0.00243489
0.00865746
0.0175758
4.17156e-34
9.35625e-33
1.89794e-31
4.17163e-34
9.3567e-33
1.89809e-31
0.00243491
0.0086575
0.0175759
1.0038e-27
6.7255e-29
4.07549e-30
0.0101413
0.0321744
0.0567861
0.0666862
0.085676
0.0897162
0.0242102
0.056442
0.0784694
-0.0533469
-0.0299342
-0.00615601
0.0774572
0.0874221
0.0889194
1.55919e-26
1.89309e-25
2.07884e-24
0.0183366
0.0512759
0.076791
1.68595e-21
2.08673e-22
2.33597e-23
0.00887457
0.0170456
0.0119504
-0.0282291
-0.036865
-0.0501418
-0.0493569
-0.0537083
-0.057544
-0.0235212
-0.0296721
-0.0396736
-0.0327649
-0.0423733
-0.0567511
-0.0655891
-0.0635001
-0.0609235
-0.131532
-0.103431
-0.077987
-0.144672
-0.140854
-0.13573
-0.119714
-0.0937791
-0.0700106
-0.116993
-0.123542
-0.129648
-0.100291
-0.0761851
-0.0556659
-0.0398847
-0.049943
-0.063957
-0.0675323
-0.0694376
-0.0716724
-0.0784181
-0.0770179
-0.0744415
-0.0801435
-0.106224
-0.125153
-0.1239
-0.103909
-0.0830956
-0.146254
-0.14434
-0.137954
-0.138413
-0.14014
-0.126499
-0.160849
-0.149378
-0.128127
-0.158577
-0.174358
-0.172921
-0.016939
-0.0578199
-0.0956834
1.37048e-20
9.00719e-20
5.35405e-19
-0.0182195
-0.0575541
-0.0960541
6.65837e-17
1.52246e-17
3.14846e-18
-0.0359823
-0.0994397
-0.147057
-0.144207
-0.158268
-0.157208
-0.141615
-0.141383
-0.145545
-0.125303
-0.142632
-0.147452
-0.163597
-0.159784
-0.152815
2.83255e-16
1.00775e-15
3.24271e-15
-0.034591
-0.0928655
-0.13494
6.18445e-14
2.61227e-14
9.97956e-15
-0.0439767
-0.0995313
-0.133766
-0.0493569
-0.0537084
-0.057544
-0.0282291
-0.036865
-0.0501419
-0.116993
-0.123542
-0.129648
-0.119714
-0.0937791
-0.0700106
-0.144672
-0.140854
-0.13573
-0.131532
-0.103432
-0.077987
-0.0655892
-0.0635002
-0.0609235
-0.0327648
-0.0423733
-0.0567511
-0.141615
-0.141383
-0.145545
-0.144207
-0.158267
-0.157208
6.18448e-14
2.6123e-14
9.97977e-15
-0.0345909
-0.0928654
-0.134939
2.83271e-16
1.0078e-15
3.24281e-15
-0.0359824
-0.09944
-0.147057
-0.163597
-0.159784
-0.152815
-0.158577
-0.174358
-0.172921
-0.160849
-0.149379
-0.128129
-0.138414
-0.140141
-0.126501
-0.146254
-0.14434
-0.137955
6.65882e-17
1.52258e-17
3.14876e-18
-0.0182201
-0.0575554
-0.0960557
1.37067e-20
9.00831e-20
5.35464e-19
0.00887407
0.0170442
0.0119481
-0.0169415
-0.0578223
-0.0956854
-0.053349
-0.0299368
-0.00615865
-0.0801451
-0.106226
-0.125153
-0.0675323
-0.0694376
-0.0716724
-0.0398846
-0.0499429
-0.0639569
-0.1239
-0.10391
-0.0830956
-0.0716128
-0.0801039
-0.080431
-0.0784182
-0.0770179
-0.0744415
-0.0571306
-0.0660506
-0.074537
-0.076557
-0.0691599
-0.054112
-0.076557
-0.06916
-0.054112
-0.0571306
-0.0660506
-0.074537
-0.0453039
-0.00724021
0.032228
0.0353919
0.00186559
-0.0290388
0.112834
0.0976108
0.0702069
0.112834
0.0976108
0.0702068
0.0353918
0.00186554
-0.0290388
-0.0453041
-0.00724038
0.0322279
-0.0716129
-0.080104
-0.0804311
0.0242078
0.0564401
0.0784682
0.0666838
0.0856741
0.0897151
1.6862e-21
2.08706e-22
2.33635e-23
0.0183367
0.0512759
0.0767906
1.55948e-26
1.89343e-25
2.0792e-24
0.0101415
0.0321751
0.0567872
0.0774582
0.0874226
0.0889191
0.114123
0.10272
0.0825993
0.0616507
0.0453202
0.0303451
0.0616507
0.0453202
0.0303451
0.114123
0.10272
0.0825993
1.00399e-27
6.72681e-29
4.07631e-30
0.002435
0.00865784
0.0175765
4.17255e-34
9.35871e-33
1.89848e-31
4.17255e-34
9.35871e-33
1.89848e-31
0.002435
0.00865783
0.0175765
1.00399e-27
6.72683e-29
4.07632e-30
0.0101415
0.032175
0.0567872
0.0666836
0.085674
0.0897149
0.0242075
0.0564399
0.078468
-0.0533492
-0.0299371
-0.00615892
0.0774581
0.0874225
0.0889189
1.55949e-26
1.89344e-25
2.07921e-24
0.0183366
0.0512758
0.0767905
1.68623e-21
2.08709e-22
2.33638e-23
0.00887404
0.017044
0.0119479
-0.0282291
-0.036865
-0.0501419
-0.049357
-0.0537084
-0.0575441
-0.0235212
-0.0296721
-0.0396736
-0.0327649
-0.0423733
-0.0567512
-0.0655892
-0.0635002
-0.0609236
-0.131533
-0.103432
-0.0779871
-0.144672
-0.140854
-0.13573
-0.119714
-0.0937792
-0.0700107
-0.116993
-0.123542
-0.129648
-0.100291
-0.0761851
-0.0556659
-0.0398846
-0.0499429
-0.063957
-0.0675324
-0.0694376
-0.0716724
-0.0784182
-0.077018
-0.0744415
-0.0801452
-0.106226
-0.125154
-0.1239
-0.10391
-0.0830957
-0.146255
-0.14434
-0.137955
-0.138414
-0.140141
-0.126501
-0.160849
-0.149379
-0.128129
-0.158577
-0.174358
-0.172921
-0.0169418
-0.0578226
-0.0956856
1.3707e-20
9.00847e-20
5.35473e-19
-0.0182201
-0.0575556
-0.096056
6.65892e-17
1.5226e-17
3.14881e-18
-0.0359824
-0.09944
-0.147057
-0.144207
-0.158268
-0.157208
-0.141615
-0.141383
-0.145545
-0.125303
-0.142632
-0.147452
-0.163597
-0.159784
-0.152815
2.83274e-16
1.00781e-15
3.24284e-15
-0.0345909
-0.0928654
-0.134939
6.18448e-14
2.61231e-14
9.97984e-15
-0.0439766
-0.0995313
-0.133766
-0.0493569
-0.0537083
-0.057544
-0.0282291
-0.036865
-0.0501418
-0.116993
-0.123542
-0.129648
-0.119714
-0.0937791
-0.0700106
-0.144672
-0.140854
-0.13573
-0.131532
-0.103431
-0.0779869
-0.0655891
-0.0635001
-0.0609235
-0.0327648
-0.0423732
-0.056751
-0.141615
-0.141383
-0.145545
-0.144207
-0.158268
-0.157208
6.18445e-14
2.61227e-14
9.97956e-15
-0.034591
-0.0928655
-0.13494
2.83255e-16
1.00775e-15
3.24271e-15
-0.0359823
-0.0994398
-0.147057
-0.163597
-0.159784
-0.152815
-0.158577
-0.174358
-0.172921
-0.160849
-0.149378
-0.128127
-0.138413
-0.14014
-0.126499
-0.146254
-0.14434
-0.137954
6.65837e-17
1.52246e-17
3.14846e-18
-0.0182195
-0.0575542
-0.0960542
1.37048e-20
9.00719e-20
5.35405e-19
0.00887457
0.0170456
0.0119502
-0.0169392
-0.0578202
-0.0956836
-0.0533473
-0.0299347
-0.00615632
-0.0801438
-0.106225
-0.125153
-0.0675322
-0.0694375
-0.0716723
-0.0398846
-0.0499429
-0.0639569
-0.1239
-0.103909
-0.0830955
-0.0716117
-0.0801033
-0.0804307
-0.0784181
-0.0770178
-0.0744414
-0.0571306
-0.0660506
-0.0745369
-0.0765568
-0.0691594
-0.0541108
-0.0765564
-0.069159
-0.0541106
-0.0571306
-0.0660506
-0.0745367
-0.0453023
-0.00723818
0.0322303
0.0353943
0.00186783
-0.0290369
0.112835
0.0976126
0.0702091
0.112835
0.0976132
0.0702104
0.0353957
0.00186865
-0.0290367
-0.0452994
-0.00723555
0.0322324
-0.0716094
-0.080102
-0.0804302
0.02421
0.0564419
0.0784693
0.0666859
0.0856758
0.0897161
1.68595e-21
2.08673e-22
2.33597e-23
0.0183366
0.051276
0.076791
1.55919e-26
1.89309e-25
2.07884e-24
0.0101413
0.0321744
0.0567862
0.0774572
0.0874222
0.0889194
0.114123
0.102719
0.0825983
0.0616495
0.045319
0.0303441
0.0616493
0.0453189
0.0303441
0.114124
0.102719
0.0825982
1.0038e-27
6.7255e-29
4.07549e-30
0.00243491
0.0086575
0.0175759
4.17163e-34
9.3567e-33
1.89809e-31
4.17156e-34
9.35625e-33
1.89794e-31
0.0024349
0.00865747
0.0175758
1.00363e-27
6.72458e-29
4.07504e-30
0.0101412
0.0321742
0.056786
0.0666878
0.0856778
0.0897178
0.0242142
0.056445
0.0784713
-0.0533438
-0.0299302
-0.00615146
0.0774571
0.0874224
0.0889203
1.5589e-26
1.89269e-25
2.07835e-24
0.0183367
0.0512765
0.0767922
1.68544e-21
2.08615e-22
2.33536e-23
0.00887556
0.0170485
0.0119545
-0.028229
-0.0368648
-0.0501415
-0.0493566
-0.053708
-0.0575436
-0.0235211
-0.029672
-0.0396734
-0.0327647
-0.0423729
-0.0567507
-0.0655887
-0.0634997
-0.0609231
-0.131532
-0.103431
-0.0779865
-0.144671
-0.140853
-0.13573
-0.119714
-0.0937786
-0.0700101
-0.116993
-0.123542
-0.129648
-0.10029
-0.0761846
-0.0556655
-0.0398845
-0.0499427
-0.0639566
-0.0675318
-0.0694371
-0.0716719
-0.0784177
-0.0770175
-0.0744411
-0.0801412
-0.106223
-0.125151
-0.123899
-0.103909
-0.0830951
-0.146254
-0.144339
-0.137953
-0.138411
-0.140138
-0.126496
-0.160848
-0.149376
-0.128125
-0.158577
-0.174357
-0.17292
-0.0169345
-0.0578157
-0.0956799
1.37008e-20
9.00482e-20
5.35279e-19
-0.0182185
-0.0575516
-0.096051
6.65731e-17
1.52218e-17
3.14781e-18
-0.0359821
-0.0994393
-0.147057
-0.144206
-0.158268
-0.157209
-0.141616
-0.141384
-0.145546
-0.125303
-0.142631
-0.147452
-0.163597
-0.159784
-0.152816
2.83217e-16
1.00764e-15
3.2424e-15
-0.0345912
-0.0928659
-0.13494
6.18418e-14
2.61211e-14
9.97879e-15
-0.0439771
-0.0995319
-0.133767
-0.0493567
-0.0537081
-0.0575438
-0.028229
-0.0368649
-0.0501417
-0.116993
-0.123542
-0.129648
-0.119714
-0.0937788
-0.0700103
-0.144671
-0.140854
-0.13573
-0.131532
-0.103431
-0.0779868
-0.065589
-0.0635
-0.0609233
-0.0327648
-0.0423732
-0.056751
-0.141616
-0.141384
-0.145546
-0.144207
-0.158268
-0.157209
6.18417e-14
2.61211e-14
9.97875e-15
-0.0345911
-0.0928659
-0.13494
2.83213e-16
1.00763e-15
3.24237e-15
-0.035982
-0.0994392
-0.147057
-0.163597
-0.159784
-0.152816
-0.158577
-0.174357
-0.17292
-0.160848
-0.149376
-0.128124
-0.138411
-0.140137
-0.126496
-0.146254
-0.144339
-0.137953
6.65718e-17
1.52214e-17
3.14771e-18
-0.0182182
-0.057551
-0.0960503
1.37e-20
9.00439e-20
5.35258e-19
0.0088758
0.0170491
0.0119556
-0.0169332
-0.0578146
-0.095679
-0.0533425
-0.0299287
-0.00615008
-0.0801404
-0.106222
-0.125151
-0.0675322
-0.0694375
-0.0716723
-0.0398847
-0.049943
-0.063957
-0.123899
-0.103909
-0.0830955
-0.0716085
-0.0801016
-0.0804301
-0.078418
-0.0770179
-0.0744415
-0.0571309
-0.0660509
-0.0745369
-0.0765563
-0.0691584
-0.0541092
-0.0765563
-0.0691584
-0.0541092
-0.0571309
-0.0660509
-0.0745369
-0.045298
-0.00723365
0.0322346
0.0353981
0.00187113
-0.0290345
0.112836
0.0976149
0.0702126
0.112836
0.0976149
0.0702126
0.0353981
0.00187112
-0.0290345
-0.0452981
-0.00723367
0.0322346
-0.0716086
-0.0801015
-0.0804301
0.0242155
0.056446
0.0784718
0.0666898
0.0856791
0.0897183
1.68532e-21
2.08594e-22
2.33507e-23
0.0183366
0.0512762
0.0767921
1.55857e-26
1.89235e-25
2.07803e-24
0.0101408
0.0321732
0.0567846
0.0774558
0.0874216
0.0889202
0.114123
0.102718
0.0825966
0.0616477
0.0453173
0.0303427
0.0616477
0.0453173
0.0303427
0.114123
0.102718
0.0825966
1.00339e-27
6.72275e-29
4.0738e-30
0.00243473
0.00865693
0.0175749
4.16986e-34
9.35276e-33
1.8973e-31
4.16985e-34
9.35274e-33
1.89729e-31
0.00243473
0.00865693
0.0175749
1.00338e-27
6.72271e-29
4.07378e-30
0.0101408
0.0321732
0.0567845
0.0666898
0.0856791
0.0897183
0.0242155
0.0564461
0.0784718
-0.0533426
-0.0299288
-0.00615011
0.0774558
0.0874216
0.0889202
1.55856e-26
1.89234e-25
2.07802e-24
0.0183366
0.0512762
0.0767921
1.68532e-21
2.08594e-22
2.33506e-23
0.00887581
0.0170492
0.0119556
-0.028229
-0.0368649
-0.0501417
-0.0493567
-0.0537081
-0.0575438
-0.0327648
-0.0423732
-0.056751
-0.065589
-0.0634999
-0.0609233
-0.131532
-0.103431
-0.0779868
-0.144671
-0.140853
-0.13573
-0.119714
-0.0937788
-0.0700103
-0.116993
-0.123542
-0.129648
-0.0398847
-0.049943
-0.063957
-0.0675321
-0.0694374
-0.0716723
-0.0784179
-0.0770179
-0.0744414
-0.0801404
-0.106222
-0.125151
-0.123899
-0.103909
-0.0830955
-0.146254
-0.144339
-0.137953
-0.138411
-0.140137
-0.126496
-0.160848
-0.149376
-0.128124
-0.158577
-0.174357
-0.17292
-0.0169333
-0.0578146
-0.0956791
1.37e-20
9.00439e-20
5.35258e-19
-0.0182182
-0.057551
-0.0960503
6.65722e-17
1.52214e-17
3.14772e-18
-0.035982
-0.0994391
-0.147056
-0.144206
-0.158267
-0.157208
-0.141615
-0.141383
-0.145545
-0.163597
-0.159784
-0.152815
2.83215e-16
1.00764e-15
3.24242e-15
-0.0345911
-0.0928657
-0.13494
6.18433e-14
2.61216e-14
9.97893e-15
-0.0131285
-0.0131944
-0.0133181
-0.0131944
-0.0132797
-0.0134207
-0.0133181
-0.0134207
-0.0135834
-0.0135107
-0.013761
-0.0140804
-0.0136369
-0.0139077
-0.0142535
-0.0138233
-0.0141217
-0.0144989
-0.0140927
-0.014423
-0.0148372
-0.014423
-0.0147902
-0.0152448
-0.0148372
-0.0152448
-0.0157496
-0.0135107
-0.0136369
-0.0138233
-0.013761
-0.0139077
-0.0141217
-0.0140804
-0.0142535
-0.0144989
-0.0145076
-0.015019
-0.015679
-0.0147165
-0.0152693
-0.0159885
-0.0150002
-0.0156002
-0.0163891
-0.0166311
-0.0179945
-0.0202193
-0.0170485
-0.0185976
-0.0211569
-0.0175647
-0.019303
-0.0221803
-0.0182201
-0.0201512
-0.0233253
-0.0189594
-0.0210604
-0.0244677
-0.0198343
-0.0220961
-0.0256982
-0.0153879
-0.0160458
-0.016916
-0.015847
-0.0165727
-0.0175284
-0.0164166
-0.0172191
-0.0182696
-0.0171681
-0.0180649
-0.0192372
-0.0180649
-0.0190736
-0.0203819
-0.0192372
-0.0203819
-0.0218587
-0.0209549
-0.023389
-0.0271816
-0.0222794
-0.0249086
-0.0289158
-0.0239833
-0.026878
-0.031188
-0.0264326
-0.0297232
-0.0345006
-0.0297232
-0.0335251
-0.0388967
-0.0345006
-0.0388967
-0.0449056
-0.0209549
-0.0222794
-0.0239833
-0.023389
-0.0249086
-0.026878
-0.0271816
-0.0289159
-0.031188
-0.0145076
-0.0147165
-0.0150002
-0.015019
-0.0152693
-0.0156002
-0.015679
-0.0159885
-0.0163891
-0.0153879
-0.015847
-0.0164166
-0.0160458
-0.0165727
-0.0172191
-0.016916
-0.0175284
-0.0182696
-0.0182201
-0.0189594
-0.0198343
-0.0201512
-0.0210604
-0.0220961
-0.0233253
-0.0244677
-0.0256982
-0.0166311
-0.0170485
-0.0175647
-0.0179945
-0.0185976
-0.019303
-0.0202193
-0.0211569
-0.0221803
-0.0131285
-0.0131944
-0.0133181
-0.0131944
-0.0132797
-0.0134207
-0.0133181
-0.0134207
-0.0135834
-0.0135107
-0.013761
-0.0140804
-0.0136369
-0.0139077
-0.0142535
-0.0138233
-0.0141217
-0.0144989
-0.0140927
-0.014423
-0.0148372
-0.014423
-0.0147902
-0.0152448
-0.0148372
-0.0152448
-0.0157496
-0.0135107
-0.0136369
-0.0138233
-0.013761
-0.0139077
-0.0141217
-0.0140804
-0.0142535
-0.0144989
-0.0145076
-0.015019
-0.015679
-0.0147165
-0.0152693
-0.0159885
-0.0150002
-0.0156002
-0.0163891
-0.0166311
-0.0179945
-0.0202193
-0.0170485
-0.0185976
-0.0211569
-0.0175647
-0.019303
-0.0221803
-0.0182201
-0.0201512
-0.0233253
-0.0189594
-0.0210604
-0.0244677
-0.0198343
-0.0220961
-0.0256981
-0.0153879
-0.0160458
-0.016916
-0.015847
-0.0165727
-0.0175284
-0.0164166
-0.0172191
-0.0182696
-0.0171681
-0.0180649
-0.0192372
-0.0180649
-0.0190736
-0.0203819
-0.0192372
-0.0203819
-0.0218587
-0.0209549
-0.023389
-0.0271816
-0.0222794
-0.0249086
-0.0289158
-0.0239833
-0.026878
-0.031188
-0.0264326
-0.0297232
-0.0345005
-0.0297232
-0.0335251
-0.0388966
-0.0345006
-0.0388967
-0.0449055
-0.0209549
-0.0222794
-0.0239833
-0.023389
-0.0249086
-0.026878
-0.0271816
-0.0289159
-0.031188
-0.0145076
-0.0147165
-0.0150002
-0.015019
-0.0152693
-0.0156002
-0.015679
-0.0159885
-0.0163891
-0.0153879
-0.015847
-0.0164166
-0.0160458
-0.0165727
-0.0172191
-0.016916
-0.0175284
-0.0182696
-0.0182202
-0.0189594
-0.0198343
-0.0201512
-0.0210604
-0.0220962
-0.0233253
-0.0244678
-0.0256982
-0.0166311
-0.0170485
-0.0175647
-0.0179945
-0.0185977
-0.019303
-0.0202193
-0.0211569
-0.0221804
-0.0131285
-0.0131944
-0.0133181
-0.0131944
-0.0132797
-0.0134207
-0.0133181
-0.0134207
-0.0135834
-0.0135107
-0.013761
-0.0140804
-0.0136369
-0.0139077
-0.0142535
-0.0138233
-0.0141217
-0.0144989
-0.0140927
-0.014423
-0.0148372
-0.014423
-0.0147902
-0.0152448
-0.0148372
-0.0152448
-0.0157495
-0.0135107
-0.0136369
-0.0138233
-0.013761
-0.0139077
-0.0141217
-0.0140804
-0.0142535
-0.0144989
-0.0145076
-0.015019
-0.015679
-0.0147165
-0.0152693
-0.0159885
-0.0150002
-0.0156001
-0.0163891
-0.0166311
-0.0179945
-0.0202193
-0.0170485
-0.0185976
-0.0211569
-0.0175647
-0.019303
-0.0221804
-0.0182201
-0.0201512
-0.0233253
-0.0189593
-0.0210604
-0.0244677
-0.0198343
-0.0220961
-0.0256982
-0.0153879
-0.0160457
-0.016916
-0.015847
-0.0165727
-0.0175284
-0.0164166
-0.0172191
-0.0182696
-0.0171681
-0.0180649
-0.0192372
-0.0180649
-0.0190736
-0.0203819
-0.0192372
-0.0203819
-0.0218586
-0.0209548
-0.0233889
-0.0271816
-0.0222794
-0.0249086
-0.0289158
-0.0239833
-0.0268779
-0.0311879
-0.0264326
-0.0297231
-0.0345005
-0.0297231
-0.033525
-0.0388965
-0.0345005
-0.0388966
-0.0449053
-0.0209549
-0.0222794
-0.0239833
-0.023389
-0.0249086
-0.0268779
-0.0271816
-0.0289158
-0.031188
-0.0145076
-0.0147165
-0.0150002
-0.015019
-0.0152693
-0.0156001
-0.015679
-0.0159885
-0.0163891
-0.0153879
-0.015847
-0.0164166
-0.0160457
-0.0165727
-0.0172191
-0.016916
-0.0175284
-0.0182696
-0.0182201
-0.0189593
-0.0198343
-0.0201512
-0.0210604
-0.0220961
-0.0233253
-0.0244678
-0.0256982
-0.0166311
-0.0170485
-0.0175647
-0.0179945
-0.0185976
-0.019303
-0.0202193
-0.0211569
-0.0221804
-0.0131285
-0.0131944
-0.0133181
-0.0131944
-0.0132797
-0.0134207
-0.0133181
-0.0134207
-0.0135834
-0.0135107
-0.013761
-0.0140804
-0.0136369
-0.0139077
-0.0142535
-0.0138233
-0.0141217
-0.0144989
-0.0140927
-0.014423
-0.0148372
-0.014423
-0.0147902
-0.0152448
-0.0148372
-0.0152448
-0.0157496
-0.0135107
-0.0136369
-0.0138233
-0.013761
-0.0139077
-0.0141217
-0.0140804
-0.0142535
-0.0144989
-0.0145076
-0.015019
-0.015679
-0.0147165
-0.0152693
-0.0159885
-0.0150002
-0.0156002
-0.0163891
-0.0166311
-0.0179945
-0.0202193
-0.0170485
-0.0185976
-0.0211569
-0.0175647
-0.019303
-0.0221804
-0.0182201
-0.0201512
-0.0233253
-0.0189594
-0.0210604
-0.0244677
-0.0198343
-0.0220961
-0.0256982
-0.0153879
-0.0160457
-0.016916
-0.015847
-0.0165727
-0.0175284
-0.0164166
-0.0172191
-0.0182696
-0.0171681
-0.0180649
-0.0192372
-0.0180649
-0.0190736
-0.0203819
-0.0192372
-0.0203819
-0.0218587
-0.0209549
-0.023389
-0.0271816
-0.0222794
-0.0249086
-0.0289158
-0.0239833
-0.026878
-0.031188
-0.0264326
-0.0297231
-0.0345005
-0.0297231
-0.033525
-0.0388965
-0.0345004
-0.0388965
-0.0449053
-0.0209548
-0.0222794
-0.0239833
-0.0233889
-0.0249085
-0.0268779
-0.0271815
-0.0289157
-0.0311879
-0.0145076
-0.0147165
-0.0150002
-0.015019
-0.0152693
-0.0156002
-0.015679
-0.0159885
-0.0163891
-0.0153879
-0.015847
-0.0164166
-0.0160458
-0.0165727
-0.0172191
-0.016916
-0.0175284
-0.0182696
-0.0182201
-0.0189593
-0.0198343
-0.0201512
-0.0210604
-0.0220961
-0.0233253
-0.0244677
-0.0256981
-0.0166311
-0.0170485
-0.0175647
-0.0179945
-0.0185976
-0.019303
-0.0202193
-0.0211569
-0.0221803
-0.0131285
-0.0131944
-0.0133181
-0.0131944
-0.0132797
-0.0134207
-0.0133181
-0.0134207
-0.0135834
-0.0135107
-0.013761
-0.0140804
-0.0136369
-0.0139077
-0.0142535
-0.0138233
-0.0141217
-0.0144989
-0.0140927
-0.014423
-0.0148372
-0.014423
-0.0147902
-0.0152448
-0.0148372
-0.0152448
-0.0157496
-0.0135107
-0.0136369
-0.0138233
-0.013761
-0.0139077
-0.0141217
-0.0140804
-0.0142535
-0.0144989
-0.0145076
-0.015019
-0.015679
-0.0147165
-0.0152693
-0.0159885
-0.0150002
-0.0156002
-0.0163891
-0.0166311
-0.0179945
-0.0202193
-0.0170485
-0.0185976
-0.0211569
-0.0175647
-0.019303
-0.0221803
-0.0182201
-0.0201512
-0.0233253
-0.0189594
-0.0210604
-0.0244677
-0.0198343
-0.0220961
-0.0256982
-0.0153879
-0.0160458
-0.016916
-0.015847
-0.0165727
-0.0175284
-0.0164166
-0.0172191
-0.0182696
-0.0171681
-0.0180649
-0.0192372
-0.0180649
-0.0190736
-0.0203819
-0.0192372
-0.0203819
-0.0218587
-0.0209549
-0.023389
-0.0271816
-0.0222794
-0.0249086
-0.0289159
-0.0239833
-0.026878
-0.031188
-0.0264326
-0.0297232
-0.0345006
-0.0297232
-0.0335251
-0.0388967
-0.0345006
-0.0388967
-0.0449056
-0.0209549
-0.0222794
-0.0239833
-0.023389
-0.0249086
-0.026878
-0.0271816
-0.0289158
-0.031188
-0.0145076
-0.0147165
-0.0150002
-0.015019
-0.0152693
-0.0156002
-0.015679
-0.0159885
-0.0163891
-0.0153879
-0.015847
-0.0164166
-0.0160458
-0.0165727
-0.0172191
-0.016916
-0.0175284
-0.0182696
-0.0182201
-0.0189594
-0.0198343
-0.0201512
-0.0210604
-0.0220961
-0.0233253
-0.0244677
-0.0256982
-0.0166311
-0.0170485
-0.0175647
-0.0179945
-0.0185976
-0.019303
-0.0202193
-0.0211569
-0.0221803
-0.0243015
-0.0309617
-0.041677
-0.0258491
-0.0334046
-0.0453169
-0.0274163
-0.035725
-0.0485978
-0.058544
-0.0797901
-0.104188
-0.0636036
-0.0859868
-0.110875
-0.067994
-0.0913146
-0.116827
-0.0718157
-0.0960089
-0.122423
-0.0746962
-0.0995945
-0.126953
-0.07697
-0.102334
-0.130362
-0.0290271
-0.0379361
-0.0515464
-0.0304948
-0.0397887
-0.0538509
-0.0319561
-0.0414846
-0.0557951
-0.128698
-0.144617
-0.147216
-0.134803
-0.14897
-0.148816
-0.140914
-0.154711
-0.153617
-0.130313
-0.0936721
-0.0362743
-0.128528
-0.0888
-0.0329529
-0.131731
-0.0906702
-0.0336301
-0.138509
-0.0954302
-0.0355184
-0.144837
-0.0995923
-0.0368565
-0.147836
-0.100759
-0.0368165
-0.147473
-0.162027
-0.161165
-0.153227
-0.168843
-0.168389
-0.157439
-0.173525
-0.172767
-0.158686
-0.17362
-0.171065
-0.155295
-0.166859
-0.160909
-0.146048
-0.151762
-0.140994
-0.144176
-0.0964715
-0.0344904
-0.132055
-0.0858707
-0.0297566
-0.110753
-0.068804
-0.0226891
-0.0793359
-0.0451266
-0.0134124
-0.0438069
-0.0198081
-0.00397591
-0.00670822
0.00513952
0.00485431
-0.128704
-0.125974
-0.109454
-0.104406
-0.092664
-0.0714052
-0.0726638
-0.0526507
-0.0288712
-0.0336314
-0.0433083
-0.0577123
-0.0355702
-0.0453678
-0.0597409
-0.0381515
-0.0481073
-0.0623108
-0.078925
-0.104275
-0.132151
-0.0806002
-0.105125
-0.131435
-0.0822574
-0.104764
-0.127552
-0.0838258
-0.102431
-0.118921
-0.0844464
-0.0972441
-0.105236
-0.0828363
-0.0875844
-0.0850749
-0.0419436
-0.0520929
-0.0658112
-0.0468757
-0.0570575
-0.0696853
-0.0532543
-0.0628983
-0.0732737
-0.0612365
-0.0689718
-0.0749658
-0.0689718
-0.0727835
-0.0721688
-0.0749658
-0.0721688
-0.0625578
-0.076521
-0.0706819
-0.0562089
-0.0638729
-0.0471003
-0.0223655
-0.0432013
-0.0164444
0.0153214
-0.012936
0.0209397
0.0546592
0.0209397
0.0564315
0.0861398
0.0546592
0.0861398
0.107117
-0.076521
-0.0638729
-0.0432013
-0.0706819
-0.0471003
-0.0164444
-0.0562089
-0.0223654
0.0153214
-0.0326946
-0.00688861
0.0157992
0.00828393
0.0351178
0.0527384
0.047949
0.0708363
0.080098
0.0291483
0.0275527
0.0122709
0.0557411
0.0425112
0.0167125
0.072369
0.0501517
0.0184343
0.078324
0.0506198
0.0176571
0.0743695
0.0454709
0.0152029
0.0638505
0.0371152
0.0119321
0.0830249
0.0971512
0.0958021
0.105382
0.108854
0.0979924
0.114625
0.107743
0.0898744
0.110231
0.0953018
0.0739895
0.0953018
0.0768358
0.056044
0.0739895
0.056044
0.0385949
0.049276
0.0272294
0.00841524
0.0352297
0.0185851
0.00553577
0.0229728
0.0115863
0.00332409
0.012957
0.00624006
0.00170991
0.00624006
0.00286658
0.000742898
0.00170991
0.000742898
0.000168948
0.049276
0.0352297
0.0229728
0.0272294
0.0185851
0.0115863
0.00841524
0.00553578
0.00332409
-0.0326945
0.00828396
0.047949
-0.00688858
0.0351178
0.0708363
0.0157992
0.0527384
0.080098
0.0830249
0.105382
0.114625
0.0971512
0.108854
0.107743
0.0958021
0.0979924
0.0898744
0.078324
0.0743695
0.0638505
0.0506198
0.0454709
0.0371153
0.0176571
0.0152029
0.0119321
0.0291483
0.0557411
0.072369
0.0275526
0.0425112
0.0501517
0.0122709
0.0167125
0.0184343
-0.0243015
-0.0258491
-0.0274163
-0.0309617
-0.0334046
-0.035725
-0.041677
-0.0453169
-0.0485978
-0.0290271
-0.0304949
-0.0319561
-0.0379361
-0.0397887
-0.0414846
-0.0515464
-0.0538509
-0.0557951
-0.0718157
-0.0746962
-0.0769701
-0.0960089
-0.0995945
-0.102334
-0.122423
-0.126953
-0.130363
-0.058544
-0.0636036
-0.067994
-0.0797901
-0.0859868
-0.0913146
-0.104188
-0.110875
-0.116827
-0.0336314
-0.0355702
-0.0381515
-0.0433083
-0.0453679
-0.0481073
-0.0577123
-0.059741
-0.0623109
-0.0419436
-0.0468757
-0.0532543
-0.052093
-0.0570575
-0.0628983
-0.0658113
-0.0696854
-0.0732738
-0.0838259
-0.0844464
-0.0828363
-0.102431
-0.0972441
-0.0875844
-0.118921
-0.105236
-0.0850749
-0.078925
-0.0806003
-0.0822574
-0.104275
-0.105125
-0.104764
-0.132151
-0.131435
-0.127552
-0.158686
-0.155295
-0.146048
-0.17362
-0.166859
-0.151762
-0.171065
-0.160909
-0.140993
-0.128704
-0.104406
-0.0726638
-0.125974
-0.092664
-0.0526506
-0.109453
-0.0714051
-0.0288711
-0.0793359
-0.0438068
-0.00670819
-0.0451266
-0.019808
0.00513953
-0.0134124
-0.00397591
0.0048543
-0.144176
-0.132055
-0.110753
-0.0964715
-0.0858707
-0.068804
-0.0344904
-0.0297566
-0.0226891
-0.128698
-0.134804
-0.140914
-0.144617
-0.14897
-0.154712
-0.147216
-0.148816
-0.153617
-0.147473
-0.153227
-0.157439
-0.162027
-0.168844
-0.173525
-0.161165
-0.168389
-0.172768
-0.138509
-0.144837
-0.147836
-0.0954304
-0.0995924
-0.100759
-0.0355184
-0.0368566
-0.0368166
-0.130314
-0.128528
-0.131732
-0.0936724
-0.0888003
-0.0906704
-0.0362743
-0.032953
-0.0336302
-0.0243015
-0.0309617
-0.041677
-0.0258491
-0.0334046
-0.0453168
-0.0274163
-0.0357249
-0.0485977
-0.058544
-0.0797901
-0.104188
-0.0636036
-0.0859868
-0.110875
-0.0679939
-0.0913145
-0.116826
-0.0718156
-0.0960088
-0.122423
-0.0746961
-0.0995943
-0.126953
-0.0769699
-0.102334
-0.130362
-0.0290271
-0.0379361
-0.0515463
-0.0304948
-0.0397886
-0.0538508
-0.031956
-0.0414845
-0.055795
-0.128698
-0.144617
-0.147216
-0.134803
-0.14897
-0.148816
-0.140914
-0.154712
-0.153618
-0.130314
-0.0936724
-0.0362744
-0.128528
-0.0888003
-0.032953
-0.131732
-0.0906705
-0.0336302
-0.138509
-0.0954304
-0.0355184
-0.144837
-0.0995925
-0.0368566
-0.147836
-0.100759
-0.0368166
-0.147473
-0.162027
-0.161166
-0.153227
-0.168843
-0.168389
-0.157439
-0.173525
-0.172767
-0.158686
-0.17362
-0.171065
-0.155295
-0.16686
-0.160909
-0.146048
-0.151762
-0.140994
-0.144176
-0.0964717
-0.0344904
-0.132055
-0.085871
-0.0297567
-0.110753
-0.0688044
-0.0226893
-0.0793365
-0.0451271
-0.0134126
-0.0438077
-0.0198087
-0.00397616
-0.00670917
0.00513885
0.00485405
-0.128704
-0.125975
-0.109454
-0.104407
-0.0926647
-0.071406
-0.0726646
-0.0526516
-0.0288722
-0.0336313
-0.0433082
-0.0577121
-0.0355702
-0.0453678
-0.0597408
-0.0381514
-0.0481072
-0.0623107
-0.0789248
-0.104275
-0.13215
-0.0806001
-0.105125
-0.131435
-0.0822572
-0.104764
-0.127552
-0.0838257
-0.10243
-0.118921
-0.0844463
-0.0972441
-0.105236
-0.0828363
-0.0875846
-0.0850753
-0.0419435
-0.0520928
-0.0658111
-0.0468756
-0.0570574
-0.0696852
-0.0532542
-0.0628982
-0.0732736
-0.0612363
-0.0689717
-0.0749657
-0.0689717
-0.0727835
-0.0721691
-0.0749659
-0.0721693
-0.0625586
-0.0765212
-0.0706824
-0.0562097
-0.0638735
-0.0471014
-0.0223668
-0.0432026
-0.0164461
0.0153196
-0.0129382
0.0209374
0.054657
0.0209369
0.0564289
0.0861378
0.054656
0.0861373
0.107116
-0.0765217
-0.0638741
-0.043203
-0.0706836
-0.0471026
-0.0164471
-0.056212
-0.0223689
0.0153179
-0.0326957
-0.00688987
0.015798
0.0082824
0.0351163
0.0527373
0.0479472
0.0708349
0.0800972
0.0291474
0.027552
0.0122707
0.0557404
0.0425109
0.0167124
0.0723687
0.0501517
0.0184344
0.0783243
0.0506202
0.0176573
0.0743703
0.0454717
0.0152032
0.0638517
0.0371162
0.0119324
0.0830233
0.0971503
0.0958019
0.105381
0.108854
0.0979929
0.114625
0.107744
0.0898755
0.110231
0.0953031
0.0739912
0.0953032
0.0768376
0.0560457
0.0739913
0.0560458
0.0385965
0.0492774
0.0272304
0.00841558
0.0352311
0.018586
0.00553606
0.0229739
0.0115869
0.00332429
0.0129578
0.00624048
0.00171003
0.00624049
0.0028668
0.00074296
0.00171004
0.000742962
0.000168964
0.0492776
0.0352312
0.022974
0.0272306
0.0185861
0.011587
0.00841566
0.00553611
0.00332432
-0.0326991
0.00827942
0.047945
-0.00689405
0.0351129
0.0708325
0.0157936
0.0527339
0.080095
0.0830219
0.105381
0.114625
0.0971489
0.108853
0.107744
0.0958008
0.0979925
0.0898756
0.0783236
0.0743703
0.0638519
0.05062
0.0454717
0.0371164
0.0176573
0.0152033
0.0119325
0.0291436
0.0557377
0.0723672
0.0275496
0.0425093
0.0501509
0.0122699
0.0167119
0.0184341
-0.0243016
-0.0258492
-0.0274164
-0.0309619
-0.0334047
-0.0357251
-0.0416772
-0.045317
-0.0485979
-0.0290272
-0.0304949
-0.0319561
-0.0379362
-0.0397888
-0.0414847
-0.0515465
-0.053851
-0.0557953
-0.0718159
-0.0746964
-0.0769702
-0.0960092
-0.0995948
-0.102334
-0.122423
-0.126953
-0.130363
-0.0585443
-0.0636039
-0.0679943
-0.0797905
-0.0859872
-0.0913149
-0.104189
-0.110876
-0.116827
-0.0336314
-0.0355703
-0.0381515
-0.0433084
-0.0453679
-0.0481073
-0.0577124
-0.059741
-0.0623109
-0.0419436
-0.0468756
-0.0532542
-0.0520929
-0.0570574
-0.0628982
-0.0658112
-0.0696853
-0.0732737
-0.083826
-0.0844466
-0.0828367
-0.102431
-0.0972449
-0.0875856
-0.118922
-0.105237
-0.0850773
-0.0789252
-0.0806004
-0.0822575
-0.104275
-0.105126
-0.104765
-0.132151
-0.131435
-0.127553
-0.158686
-0.155296
-0.146049
-0.173621
-0.166861
-0.151764
-0.171066
-0.16091
-0.140996
-0.128706
-0.104409
-0.0726677
-0.125978
-0.0926683
-0.0526559
-0.109458
-0.0714104
-0.028877
-0.0793402
-0.043812
-0.00671357
-0.0451301
-0.0198119
0.00513574
-0.0134138
-0.00397742
0.00485291
-0.144177
-0.132057
-0.110756
-0.0964725
-0.0858725
-0.0688066
-0.0344908
-0.0297574
-0.0226903
-0.128699
-0.134804
-0.140914
-0.144617
-0.14897
-0.154712
-0.147216
-0.148816
-0.153617
-0.147473
-0.153227
-0.157439
-0.162027
-0.168843
-0.173525
-0.161165
-0.168389
-0.172768
-0.138509
-0.144837
-0.147837
-0.0954301
-0.0995923
-0.100759
-0.0355183
-0.0368566
-0.0368167
-0.130313
-0.128528
-0.131731
-0.0936719
-0.0887999
-0.0906701
-0.0362742
-0.0329528
-0.03363
-0.0243016
-0.0309619
-0.0416772
-0.0258492
-0.0334047
-0.0453171
-0.0274164
-0.0357251
-0.0485979
-0.0585443
-0.0797905
-0.104189
-0.0636039
-0.0859872
-0.110876
-0.0679943
-0.0913149
-0.116827
-0.071816
-0.0960092
-0.122423
-0.0746965
-0.0995948
-0.126953
-0.0769703
-0.102335
-0.130363
-0.0290272
-0.0379363
-0.0515466
-0.0304949
-0.0397888
-0.0538511
-0.0319561
-0.0414847
-0.0557953
-0.128699
-0.144617
-0.147216
-0.134804
-0.14897
-0.148816
-0.140914
-0.154712
-0.153617
-0.130313
-0.0936719
-0.0362742
-0.128528
-0.0887999
-0.0329528
-0.131731
-0.09067
-0.03363
-0.138509
-0.0954299
-0.0355183
-0.144837
-0.0995922
-0.0368566
-0.147837
-0.100759
-0.0368168
-0.147473
-0.162027
-0.161165
-0.153227
-0.168843
-0.168389
-0.157439
-0.173525
-0.172768
-0.158687
-0.173621
-0.171067
-0.155296
-0.166861
-0.160911
-0.14605
-0.151765
-0.140998
-0.144177
-0.0964728
-0.034491
-0.132058
-0.0858732
-0.0297577
-0.110757
-0.0688077
-0.0226907
-0.0793421
-0.0451315
-0.0134144
-0.0438142
-0.0198135
-0.00397804
-0.0067159
0.00513416
0.00485234
-0.128707
-0.125979
-0.109459
-0.104411
-0.0926703
-0.0714127
-0.0726696
-0.0526583
-0.0288796
-0.0336314
-0.0433084
-0.0577124
-0.0355702
-0.0453679
-0.059741
-0.0381514
-0.0481072
-0.0623109
-0.0789252
-0.104275
-0.132151
-0.0806004
-0.105126
-0.131435
-0.0822575
-0.104765
-0.127553
-0.083826
-0.102431
-0.118922
-0.0844467
-0.0972452
-0.105238
-0.0828369
-0.0875862
-0.0850785
-0.0419434
-0.0520928
-0.0658111
-0.0468755
-0.0570573
-0.0696852
-0.053254
-0.062898
-0.0732737
-0.0612362
-0.0689716
-0.074966
-0.0689716
-0.0727836
-0.0721698
-0.074966
-0.0721698
-0.0625599
-0.0765222
-0.0706847
-0.0562137
-0.0638751
-0.0471043
-0.0223712
-0.0432048
-0.0164495
0.0153152
-0.012941
0.0209339
0.0546532
0.0209339
0.0564257
0.0861349
0.0546531
0.0861348
0.107114
-0.0765223
-0.0638752
-0.0432049
-0.0706848
-0.0471044
-0.0164496
-0.0562138
-0.0223713
0.0153151
-0.0327014
-0.00689671
0.015791
0.0082768
0.0351103
0.0527317
0.0479423
0.0708303
0.0800935
0.0291415
0.0275483
0.0122695
0.0557362
0.0425084
0.0167117
0.0723663
0.0501506
0.0184341
0.0783236
0.0506202
0.0176574
0.0743708
0.0454723
0.0152035
0.0638528
0.0371171
0.0119328
0.0830197
0.0971475
0.0958002
0.105379
0.108853
0.0979928
0.114624
0.107744
0.0898765
0.110232
0.0953043
0.0739926
0.0953043
0.0768391
0.0560472
0.0739926
0.0560472
0.0385977
0.0492787
0.0272313
0.00841588
0.0352322
0.0185867
0.00553629
0.0229748
0.0115874
0.00332444
0.0129583
0.00624075
0.00171011
0.00624075
0.00286693
0.000742993
0.00171011
0.000742992
0.00016897
0.0492787
0.0352322
0.0229748
0.0272312
0.0185867
0.0115874
0.00841587
0.00553628
0.00332444
-0.0327016
0.0082766
0.0479422
-0.00689696
0.03511
0.0708301
0.0157908
0.0527315
0.0800933
0.0830196
0.105379
0.114624
0.0971474
0.108853
0.107744
0.0958
0.0979927
0.0898764
0.0783235
0.0743707
0.0638528
0.0506201
0.0454722
0.037117
0.0176574
0.0152035
0.0119328
0.0291413
0.055736
0.0723662
0.0275482
0.0425083
0.0501505
0.0122694
0.0167116
0.0184341
-0.0243016
-0.0258492
-0.0274164
-0.0309619
-0.0334047
-0.0357251
-0.0416772
-0.0453171
-0.048598
-0.0290272
-0.0304949
-0.0319562
-0.0379363
-0.0397888
-0.0414848
-0.0515466
-0.0538511
-0.0557953
-0.071816
-0.0746965
-0.0769704
-0.0960093
-0.0995949
-0.102335
-0.122423
-0.126953
-0.130363
-0.0585443
-0.063604
-0.0679944
-0.0797906
-0.0859873
-0.091315
-0.104189
-0.110876
-0.116827
-0.0336314
-0.0355703
-0.0381514
-0.0433084
-0.0453679
-0.0481073
-0.0577125
-0.0597411
-0.0623109
-0.0419435
-0.0468755
-0.0532541
-0.0520928
-0.0570573
-0.062898
-0.0658112
-0.0696852
-0.0732737
-0.0838261
-0.0844467
-0.0828369
-0.102431
-0.0972453
-0.0875863
-0.118923
-0.105238
-0.0850787
-0.0789253
-0.0806005
-0.0822576
-0.104275
-0.105126
-0.104765
-0.132151
-0.131435
-0.127554
-0.158687
-0.155296
-0.14605
-0.173621
-0.166861
-0.151765
-0.171067
-0.160911
-0.140998
-0.128707
-0.104411
-0.0726699
-0.125979
-0.0926706
-0.0526585
-0.10946
-0.071413
-0.0288799
-0.0793424
-0.0438145
-0.00671615
-0.0451317
-0.0198137
0.00513399
-0.0134145
-0.00397812
0.00485228
-0.144177
-0.132058
-0.110758
-0.0964729
-0.0858733
-0.0688079
-0.0344911
-0.0297578
-0.0226908
-0.128699
-0.134804
-0.140914
-0.144618
-0.14897
-0.154712
-0.147216
-0.148816
-0.153617
-0.147473
-0.153227
-0.157439
-0.162027
-0.168843
-0.173525
-0.161165
-0.168389
-0.172768
-0.138509
-0.144837
-0.147837
-0.09543
-0.0995923
-0.100759
-0.0355183
-0.0368566
-0.0368168
-0.130313
-0.128528
-0.131731
-0.0936719
-0.0887998
-0.0906699
-0.0362741
-0.0329528
-0.03363
-0.0243016
-0.0309619
-0.0416772
-0.0258492
-0.0334047
-0.0453171
-0.0274163
-0.0357251
-0.0485979
-0.0585443
-0.0797906
-0.104189
-0.0636039
-0.0859872
-0.110876
-0.0679943
-0.0913149
-0.116827
-0.0718159
-0.0960092
-0.122423
-0.0746964
-0.0995947
-0.126953
-0.0769702
-0.102334
-0.130363
-0.0290271
-0.0379362
-0.0515465
-0.0304949
-0.0397887
-0.053851
-0.0319561
-0.0414847
-0.0557952
-0.128699
-0.144618
-0.147216
-0.134804
-0.148971
-0.148816
-0.140914
-0.154712
-0.153617
-0.130313
-0.0936719
-0.0362741
-0.128528
-0.0887999
-0.0329528
-0.131731
-0.0906701
-0.03363
-0.138509
-0.0954301
-0.0355183
-0.144837
-0.0995923
-0.0368566
-0.147837
-0.100759
-0.0368167
-0.147473
-0.162027
-0.161165
-0.153227
-0.168843
-0.168389
-0.157439
-0.173525
-0.172768
-0.158686
-0.173621
-0.171066
-0.155296
-0.166861
-0.16091
-0.146049
-0.151764
-0.140997
-0.144177
-0.0964725
-0.0344909
-0.132057
-0.0858725
-0.0297574
-0.110756
-0.0688067
-0.0226903
-0.0793404
-0.0451301
-0.0134139
-0.0438122
-0.019812
-0.00397743
-0.00671375
0.00513568
0.0048529
-0.128706
-0.125978
-0.109458
-0.104409
-0.0926686
-0.0714106
-0.0726681
-0.0526562
-0.0288773
-0.0336314
-0.0433083
-0.0577123
-0.0355702
-0.0453678
-0.0597409
-0.0381514
-0.0481072
-0.0623108
-0.0789251
-0.104275
-0.132151
-0.0806003
-0.105125
-0.131435
-0.0822575
-0.104765
-0.127553
-0.0838259
-0.102431
-0.118922
-0.0844465
-0.0972449
-0.105238
-0.0828367
-0.0875857
-0.0850776
-0.0419434
-0.0520928
-0.0658111
-0.0468755
-0.0570573
-0.0696852
-0.053254
-0.062898
-0.0732736
-0.0612361
-0.0689716
-0.0749659
-0.0689715
-0.0727834
-0.0721694
-0.0749657
-0.0721692
-0.0625589
-0.0765219
-0.0706839
-0.0562124
-0.0638744
-0.047103
-0.0223694
-0.0432034
-0.0164476
0.0153174
-0.0129386
0.0209364
0.0546556
0.020937
0.0564285
0.0861371
0.0546567
0.0861375
0.107116
-0.0765212
-0.0638737
-0.043203
-0.0706826
-0.0471017
-0.0164466
-0.05621
-0.0223672
0.0153191
-0.0326995
-0.00689444
0.0157933
0.00827899
0.0351125
0.0527337
0.0479446
0.0708322
0.0800949
0.0291435
0.0275496
0.0122699
0.0557377
0.0425092
0.0167119
0.0723671
0.0501509
0.0184342
0.0783237
0.05062
0.0176573
0.0743703
0.0454718
0.0152033
0.0638519
0.0371164
0.0119325
0.0830216
0.0971488
0.0958008
0.105381
0.108853
0.0979926
0.114625
0.107744
0.0898756
0.110231
0.0953033
0.0739914
0.0953032
0.0768377
0.0560458
0.0739912
0.0560458
0.0385965
0.0492777
0.0272306
0.00841566
0.0352312
0.0185861
0.00553611
0.022974
0.011587
0.00332432
0.0129578
0.0062405
0.00171004
0.00624048
0.0028668
0.000742963
0.00171004
0.000742961
0.000168964
0.0492775
0.0352311
0.0229739
0.0272304
0.018586
0.0115869
0.00841558
0.00553606
0.0033243
-0.032696
0.00828203
0.0479469
-0.00689018
0.035116
0.0708348
0.0157978
0.0527371
0.0800972
0.0830231
0.105381
0.114625
0.0971502
0.108854
0.107744
0.0958019
0.097993
0.0898756
0.0783243
0.0743704
0.0638518
0.0506203
0.0454717
0.0371162
0.0176573
0.0152032
0.0119325
0.0291473
0.0557404
0.0723688
0.027552
0.0425109
0.0501518
0.0122707
0.0167124
0.0184344
-0.0243015
-0.0258491
-0.0274162
-0.0309617
-0.0334045
-0.0357249
-0.041677
-0.0453168
-0.0485976
-0.029027
-0.0304947
-0.0319559
-0.037936
-0.0397885
-0.0414844
-0.0515462
-0.0538507
-0.0557948
-0.0718155
-0.0746959
-0.0769697
-0.0960087
-0.0995942
-0.102334
-0.122422
-0.126953
-0.130362
-0.0585439
-0.0636035
-0.0679939
-0.0797901
-0.0859867
-0.0913144
-0.104188
-0.110875
-0.116826
-0.0336312
-0.0355701
-0.0381513
-0.0433081
-0.0453676
-0.048107
-0.057712
-0.0597406
-0.0623105
-0.0419433
-0.0468754
-0.053254
-0.0520926
-0.0570572
-0.0628979
-0.0658109
-0.069685
-0.0732734
-0.0838254
-0.0844461
-0.0828362
-0.10243
-0.097244
-0.0875846
-0.118921
-0.105236
-0.0850755
-0.0789246
-0.0805998
-0.082257
-0.104275
-0.105125
-0.104764
-0.13215
-0.131434
-0.127552
-0.158686
-0.155295
-0.146048
-0.17362
-0.16686
-0.151762
-0.171066
-0.160909
-0.140994
-0.128704
-0.104407
-0.0726649
-0.125975
-0.0926649
-0.0526519
-0.109454
-0.0714062
-0.0288724
-0.0793367
-0.0438079
-0.00670929
-0.0451272
-0.0198088
0.00513882
-0.0134127
-0.00397617
0.00485405
-0.144176
-0.132055
-0.110753
-0.0964717
-0.0858711
-0.0688045
-0.0344905
-0.0297567
-0.0226893
-0.128698
-0.134803
-0.140914
-0.144617
-0.14897
-0.154712
-0.147216
-0.148816
-0.153618
-0.147473
-0.153226
-0.157438
-0.162027
-0.168843
-0.173525
-0.161166
-0.168389
-0.172768
-0.138509
-0.144837
-0.147836
-0.0954304
-0.0995925
-0.100759
-0.0355184
-0.0368566
-0.0368166
-0.130314
-0.128528
-0.131732
-0.0936724
-0.0888003
-0.0906705
-0.0362744
-0.032953
-0.0336302
-0.0243015
-0.0309617
-0.041677
-0.0258491
-0.0334046
-0.0453169
-0.0274163
-0.035725
-0.0485978
-0.058544
-0.0797901
-0.104188
-0.0636036
-0.0859868
-0.110875
-0.067994
-0.0913146
-0.116827
-0.0718157
-0.0960089
-0.122423
-0.0746962
-0.0995945
-0.126953
-0.0769701
-0.102334
-0.130363
-0.0290271
-0.0379361
-0.0515464
-0.0304949
-0.0397887
-0.0538509
-0.0319561
-0.0414846
-0.0557951
-0.128698
-0.144617
-0.147216
-0.134804
-0.14897
-0.148816
-0.140914
-0.154712
-0.153617
-0.130314
-0.0936724
-0.0362743
-0.128528
-0.0888003
-0.032953
-0.131732
-0.0906704
-0.0336302
-0.138509
-0.0954304
-0.0355184
-0.144837
-0.0995924
-0.0368566
-0.147836
-0.100759
-0.0368166
-0.147473
-0.162027
-0.161165
-0.153227
-0.168844
-0.168389
-0.157439
-0.173525
-0.172768
-0.158686
-0.17362
-0.171065
-0.155295
-0.166859
-0.160909
-0.146048
-0.151762
-0.140993
-0.144176
-0.0964715
-0.0344904
-0.132055
-0.0858707
-0.0297566
-0.110753
-0.068804
-0.0226891
-0.0793359
-0.0451266
-0.0134124
-0.0438068
-0.019808
-0.00397591
-0.00670819
0.00513953
0.0048543
-0.128704
-0.125974
-0.109453
-0.104406
-0.092664
-0.0714051
-0.0726638
-0.0526506
-0.0288711
-0.0336314
-0.0433083
-0.0577123
-0.0355702
-0.0453679
-0.059741
-0.0381515
-0.0481073
-0.0623109
-0.078925
-0.104275
-0.132151
-0.0806003
-0.105125
-0.131435
-0.0822574
-0.104764
-0.127552
-0.0838259
-0.102431
-0.118921
-0.0844464
-0.0972441
-0.105236
-0.0828363
-0.0875844
-0.0850749
-0.0419436
-0.052093
-0.0658113
-0.0468757
-0.0570575
-0.0696854
-0.0532543
-0.0628983
-0.0732738
-0.0612365
-0.0689718
-0.0749658
-0.0689718
-0.0727835
-0.0721688
-0.0749658
-0.0721688
-0.0625578
-0.076521
-0.0706819
-0.0562089
-0.0638729
-0.0471003
-0.0223654
-0.0432013
-0.0164444
0.0153214
-0.012936
0.0209397
0.0546592
0.0209397
0.0564315
0.0861398
0.0546592
0.0861398
0.107117
-0.076521
-0.0638729
-0.0432013
-0.0706819
-0.0471003
-0.0164444
-0.0562089
-0.0223655
0.0153214
-0.0326945
-0.00688858
0.0157992
0.00828396
0.0351178
0.0527384
0.047949
0.0708363
0.080098
0.0291483
0.0275526
0.0122709
0.0557411
0.0425112
0.0167125
0.072369
0.0501517
0.0184343
0.078324
0.0506198
0.0176571
0.0743695
0.0454709
0.0152029
0.0638505
0.0371153
0.0119321
0.0830249
0.0971512
0.0958021
0.105382
0.108854
0.0979924
0.114625
0.107743
0.0898744
0.110231
0.0953018
0.0739895
0.0953018
0.0768358
0.056044
0.0739895
0.056044
0.0385949
0.049276
0.0272294
0.00841524
0.0352297
0.0185851
0.00553578
0.0229728
0.0115863
0.00332409
0.012957
0.00624006
0.00170991
0.00624006
0.00286658
0.000742898
0.00170991
0.000742898
0.000168948
0.049276
0.0352297
0.0229728
0.0272294
0.0185851
0.0115863
0.00841524
0.00553577
0.00332409
-0.0326946
0.00828393
0.047949
-0.00688861
0.0351178
0.0708363
0.0157992
0.0527384
0.080098
0.0830249
0.105382
0.114625
0.0971512
0.108854
0.107743
0.0958021
0.0979924
0.0898744
0.078324
0.0743695
0.0638505
0.0506198
0.0454709
0.0371152
0.0176571
0.0152029
0.0119321
0.0291483
0.0557411
0.072369
0.0275527
0.0425112
0.0501517
0.0122709
0.0167125
0.0184343
-0.0243015
-0.0258491
-0.0274163
-0.0309617
-0.0334046
-0.035725
-0.041677
-0.0453169
-0.0485978
-0.0290271
-0.0304948
-0.0319561
-0.0379361
-0.0397887
-0.0414846
-0.0515464
-0.0538509
-0.0557951
-0.0718157
-0.0746962
-0.07697
-0.0960089
-0.0995945
-0.102334
-0.122423
-0.126953
-0.130362
-0.058544
-0.0636036
-0.067994
-0.0797901
-0.0859868
-0.0913146
-0.104188
-0.110875
-0.116827
-0.0336314
-0.0355702
-0.0381515
-0.0433083
-0.0453678
-0.0481073
-0.0577123
-0.0597409
-0.0623108
-0.0419436
-0.0468757
-0.0532543
-0.0520929
-0.0570575
-0.0628983
-0.0658112
-0.0696853
-0.0732737
-0.0838258
-0.0844464
-0.0828363
-0.102431
-0.0972441
-0.0875844
-0.118921
-0.105236
-0.0850749
-0.078925
-0.0806002
-0.0822574
-0.104275
-0.105125
-0.104764
-0.132151
-0.131435
-0.127552
-0.158686
-0.155295
-0.146048
-0.17362
-0.166859
-0.151762
-0.171065
-0.160909
-0.140994
-0.128704
-0.104406
-0.0726638
-0.125974
-0.092664
-0.0526507
-0.109454
-0.0714052
-0.0288712
-0.0793359
-0.0438069
-0.00670822
-0.0451266
-0.0198081
0.00513952
-0.0134124
-0.00397591
0.00485431
-0.144176
-0.132055
-0.110753
-0.0964715
-0.0858707
-0.068804
-0.0344904
-0.0297566
-0.0226891
-0.128698
-0.134803
-0.140914
-0.144617
-0.14897
-0.154711
-0.147216
-0.148816
-0.153617
-0.147473
-0.153227
-0.157439
-0.162027
-0.168843
-0.173525
-0.161165
-0.168389
-0.172767
-0.138509
-0.144837
-0.147836
-0.0954302
-0.0995923
-0.100759
-0.0355184
-0.0368565
-0.0368165
-0.130313
-0.128528
-0.131731
-0.0936721
-0.0888
-0.0906702
-0.0362743
-0.0329529
-0.0336301
