1.88191191535151e-2
0.00000000000000e0
0.00000000000000e0
1.88282547096262e-2
0.00000000000000e0
0.00000000000000e0
1.87915320506255e-2
0.00000000000000e0
0.00000000000000e0
0.00000000000000e0
0.00000000000000e0
1.80875266475233e-2
0.00000000000000e0
1.91534374956669e-2
0.00000000000000e0
0.00000000000000e0
-1.57424833936312e-2
0.00000000000000e0
0.00000000000000e0
0.00000000000000e0
1.78883669964313e-2
0.00000000000000e0
1.96369205591269e-2
0.00000000000000e0
0.00000000000000e0
-1.52560481888966e-2
0.00000000000000e0
0.00000000000000e0
0.00000000000000e0
1.60948979782112e-2
0.00000000000000e0
0.00000000000000e0
0.00000000000000e0
0.00000000000000e0
-6.56201644360101e-3
0.00000000000000e0
-6.57620841276501e-3
-6.29780741110184e-3
-6.27408185590585e-3
0.00000000000000e0
0.00000000000000e0
-9.78701666461543e-3
0.00000000000000e0
0.00000000000000e0
-9.75429498178496e-3
1.13826385406248e-2
0.00000000000000e0
-1.13989178514751e-2
0.00000000000000e0
0.00000000000000e0
-1.12684712170233e-2
0.00000000000000e0
-1.12976523185373e-2
-1.14008593815754e-2
1.87824122916116e-2
0.00000000000000e0
1.87846567113485e-2
0.00000000000000e0
1.88135781786077e-2
1.16494589115660e-5
-1.75075982097614e-5
1.88590149504624e-2
0.00000000000000e0
1.88067940615105e-2
0.00000000000000e0
1.88271269058794e-2
4.89324879036994e-5
5.73872975588123e-5
0.00000000000000e0
0.00000000000000e0
0.00000000000000e0
0.00000000000000e0
-1.87092862959986e-2
1.88672382129628e-2
0.00000000000000e0
1.88094723486127e-2
0.00000000000000e0
1.88304068839240e-2
-5.48462461346542e-5
6.10162326522534e-5
0.00000000000000e0
0.00000000000000e0
0.00000000000000e0
0.00000000000000e0
-1.87202749812131e-2
0.00000000000000e0
0.00000000000000e0
0.00000000000000e0
0.00000000000000e0
-1.85005652415692e-2
1.82838444572139e-2
0.00000000000000e0
2.21484949401537e-2
0.00000000000000e0
1.82984791802332e-2
0.00000000000000e0
2.21923260374357e-2
0.00000000000000e0
2.83676503290220e-3
1.73802277242560e-2
3.16269631230052e-3
-1.55733469582643e-2
0.00000000000000e0
-7.37438725691967e-3
-1.86876135370710e-2
2.20792435304049e-2
3.66218680445633e-3
-3.35026849839311e-3
-1.28341627666076e-2
1.66969019106199e-2
0.00000000000000e0
0.00000000000000e0
1.62098044955713e-2
0.00000000000000e0
0.00000000000000e0
1.58070399753008e-3
1.65175774595975e-2
2.46229269157389e-3
-2.28457952198820e-3
0.00000000000000e0
-1.71147955763352e-2
3.14181984623633e-3
0.00000000000000e0
0.00000000000000e0
-8.75193707005498e-3
0.00000000000000e0
0.00000000000000e0
-6.78277895620239e-3
-1.15124277294799e-2
0.00000000000000e0
-5.91541794284320e-3
-9.76509563991815e-3
0.00000000000000e0
1.01764283690831e-2
1.90694351643266e-2
-9.68518566657988e-3
-5.60789076058698e-4
1.84375453528476e-2
1.20681155442004e-2
5.28352813136433e-3
1.69449307429117e-3
1.13107757310110e-3
1.05143765660875e-2
0.00000000000000e0
0.00000000000000e0
0.00000000000000e0
0.00000000000000e0
-1.06538868131808e-2
0.00000000000000e0
1.12461747578000e-2
0.00000000000000e0
9.71110078209054e-3
1.50876290999032e-2
0.00000000000000e0
-1.32804500649491e-2
0.00000000000000e0
1.27034746056343e-2
0.00000000000000e0
-1.21193846624135e-2
0.00000000000000e0
1.47034552517596e-3
-1.21682300753219e-2
-1.41097819360314e-2
1.53496415432813e-2
-2.20251835284367e-3
0.00000000000000e0
-1.17859903249452e-2
2.39811107659715e-2
-1.19341370050815e-2
6.29415024241588e-4
0.00000000000000e0
-1.94105057956033e-3
1.37213326492831e-2
1.26514026682577e-2
9.94694909938581e-3
-1.02192074227018e-3
1.66581879923189e-2
0.00000000000000e0
0.00000000000000e0
1.62365358196350e-2
0.00000000000000e0
0.00000000000000e0
1.64298318691023e-2
-1.70750480779830e-2
1.91163033260364e-3
-2.56911179465394e-3
-2.23343458467529e-3
-1.70931159097064e-2
3.20749093237017e-3
-1.93144493739809e-3
1.64635824068321e-2
0.00000000000000e0
0.00000000000000e0
0.00000000000000e0
-8.62632961926860e-3
0.00000000000000e0
0.00000000000000e0
-6.69929251091531e-3
0.00000000000000e0
-9.53103141966963e-3
1.84453977699475e-2
1.18678084756265e-2
-9.53250351749426e-3
0.00000000000000e0
-1.00330187408075e-2
-7.89949358391565e-3
-1.00287141508578e-3
1.73490305091966e-3
-1.20509545022321e-3
1.00518386897335e-2
0.00000000000000e0
0.00000000000000e0
0.00000000000000e0
0.00000000000000e0
-1.06443012548965e-2
0.00000000000000e0
-1.13699017541476e-2
0.00000000000000e0
9.63363940246734e-3
1.52711341968716e-2
0.00000000000000e0
-1.32962398007145e-2
0.00000000000000e0
1.27959145159277e-2
0.00000000000000e0
-1.20519018977893e-2
0.00000000000000e0
-2.90889576644627e-3
1.55690084499356e-2
1.51639404770467e-3
-1.19369552105850e-2
2.40967630976461e-2
2.38479033003848e-2
2.66003596918506e-3
-1.83608924758402e-3
1.26432321793543e-2
9.47637099443649e-3
0.00000000000000e0
-1.20129363270468e-2
-1.11280920972374e-2
4.38845276346608e-4
0.00000000000000e0
-9.21710389484876e-4
0.00000000000000e0
0.00000000000000e0
0.00000000000000e0
0.00000000000000e0
0.00000000000000e0
-1.39680920252536e-2
1.36005854079971e-2
1.28585781462107e-2
0.00000000000000e0
0.00000000000000e0
-7.99975757792156e-3
0.00000000000000e0
-9.36104778326923e-3
0.00000000000000e0
3.38307740238372e-5
4.66652979763404e-4
8.32117041204385e-3
-8.21670505650900e-3
0.00000000000000e0
-7.92340348627564e-3
0.00000000000000e0
-9.29909508454859e-3
0.00000000000000e0
3.79339260329374e-5
-4.80445889652790e-4
8.24203092428740e-3
-8.12515282046582e-3
-8.82851173167421e-3
-8.91527232879701e-3
-9.11907363671058e-3
-8.90067345383071e-3
-1.05834109616475e-2
-1.05972722077786e-2
-1.07125279803030e-2
-1.06385525860356e-2
-1.03338344623115e-2
1.01847926616269e-2
1.67267032812151e-3
-2.77064993589158e-4
1.02047632536452e-2
9.26621642168872e-3
-6.33420594737393e-4
-9.58194264508848e-3
-2.20323511242418e-4
9.97932581144946e-3
-4.77536641091195e-4
-9.04316483942319e-3
-8.90944305930132e-3
0.00000000000000e0
-1.03732288264179e-2
0.00000000000000e0
-1.08717093616276e-2
1.06384410395801e-2
1.68692243355067e-4
-7.19285764472756e-6
1.06421398394388e-2
0.00000000000000e0
1.02824299280725e-2
-2.61886444867408e-4
-1.03968585192137e-2
0.00000000000000e0
-1.03889114046899e-2
0.00000000000000e0
-1.09592578866106e-2
-1.06825178566115e-2
1.66370163956772e-4
-7.59883646799561e-6
1.06826986241488e-2
0.00000000000000e0
1.02486534380364e-2
-2.88455789136421e-4
-1.03770931335772e-2
0.00000000000000e0
0.00000000000000e0
1.23094969641805e-4
-1.45675791311244e-4
0.00000000000000e0
-1.84928575742827e-2
0.00000000000000e0
-1.84884905782702e-2
1.04653889997339e-4
-1.54795560858571e-4
-1.86388916696575e-2
0.00000000000000e0
0.00000000000000e0
2.04397598893863e-4
2.66211096318020e-4
0.00000000000000e0
-1.89513532875319e-2
0.00000000000000e0
-1.86605599114196e-2
9.25376978248337e-4
1.15796909854194e-3
-1.87821644307480e-2
0.00000000000000e0
0.00000000000000e0
-2.25727696120834e-4
2.77702452525924e-4
0.00000000000000e0
-1.89721628408757e-2
0.00000000000000e0
-1.86683781023632e-2
-9.80586773492326e-4
1.19780777701222e-3
-1.87875411386347e-2
1.88366521452580e-2
2.99172999862963e-5
1.12270143365346e-5
3.83484568109480e-5
-1.90174090917900e-2
1.88408856595664e-2
-3.44365361670276e-5
-1.55924144243580e-5
4.17597687187447e-5
-1.90411066881635e-2
1.87971124273297e-2
3.23317911605373e-5
2.98559746570800e-5
-3.37710951723425e-5
-1.87518976351676e-2
-2.09175964902746e-2
2.61810688376087e-3
1.74792234452416e-2
3.17576183924401e-3
-1.46449186050184e-2
0.00000000000000e0
-6.19480304778520e-3
-1.75587357023298e-2
2.03755452892040e-2
2.72323181449079e-3
-2.27939985633924e-3
-1.21670833599984e-2
-4.44067366342738e-3
0.00000000000000e0
-1.83585955863748e-2
4.84887861794189e-3
-1.24939832144010e-2
0.00000000000000e0
1.31174568976657e-2
2.65444395175355e-2
-1.29151949666506e-2
9.82201722424966e-4
2.58291437085141e-2
1.59138644029996e-2
5.47950723876388e-3
2.05098313127747e-3
2.01707796442109e-4
1.30635029894046e-2
0.00000000000000e0
9.83333728883333e-3
-4.20816870303516e-3
1.67323899644916e-2
1.43395834064434e-2
8.75956466036811e-3
-2.15783021558876e-3
-2.10758544286748e-2
3.46121899995485e-3
1.72563334137182e-2
-1.85359666545925e-2
-3.19089790080377e-3
-1.24998501543385e-2
0.00000000000000e0
-6.34574341552005e-3
2.12947701340493e-2
2.32944753434070e-3
2.20370062746663e-3
-1.57521284536025e-2
-4.35006088373213e-3
0.00000000000000e0
-4.70776905516690e-3
-1.86619460246246e-2
5.10667726901201e-3
1.71783591465473e-2
-1.23783725086781e-2
0.00000000000000e0
-1.35454425855353e-2
2.56325673242027e-2
-1.07614621029637e-2
5.36739974876193e-4
1.56240970388441e-2
2.20424940969434e-3
-2.50104688843952e-4
1.30547400587114e-2
0.00000000000000e0
9.61865792781779e-3
2.63323186403614e-2
5.64599209936142e-3
1.44398339095906e-2
6.99747463717723e-3
-1.90593746837624e-3
-1.78035502299905e-2
-1.59976239814090e-2
1.61328457192671e-2
-9.40311697522433e-4
1.33818870000693e-3
0.00000000000000e0
6.60897280017724e-4
1.27055522011650e-3
1.56490092686145e-2
0.00000000000000e0
-1.61184885922095e-2
8.93382337388233e-4
-1.34387935710206e-3
-6.77392399903725e-4
1.45965471356195e-2
7.99002215455355e-3
0.00000000000000e0
1.43519888735915e-2
-1.25750443134569e-4
0.00000000000000e0
6.13083050407721e-4
-8.40806276863401e-3
2.34724661360857e-3
8.21107018221061e-3
-9.07213822490569e-3
-2.95757419962765e-3
-8.07165411473835e-3
7.91103461135017e-3
1.49623164596107e-2
-1.87422044888161e-4
-9.71496850391040e-5
0.00000000000000e0
-6.28468165034754e-4
-7.18857104954448e-3
7.84821043310324e-3
-6.62823450629017e-3
-7.94360924544500e-3
-7.78889328292961e-3
-4.46288453744998e-4
-6.52161657944641e-3
6.54288167044795e-3
-6.42738585156619e-3
6.49738362866011e-3
6.87749469390362e-3
-9.29455205224955e-4
-5.91277930327786e-4
9.58858395467849e-3
0.00000000000000e0
1.01375552130033e-2
0.00000000000000e0
-1.00861538124902e-2
-1.32138598125239e-5
-9.60972764790328e-3
-1.85019956296825e-5
2.14683531989124e-4
1.01863834955451e-2
-3.13073555686526e-4
9.54068700455169e-3
0.00000000000000e0
-1.01363434797621e-2
0.00000000000000e0
-1.00695606840737e-2
1.53740911211472e-5
-9.56051149809774e-3
-2.27289006795405e-5
2.22752110617973e-4
1.01816147375111e-2
-3.26120377043319e-4
1.17873589842783e-2
1.07602108474245e-2
1.26349773632478e-2
2.28814771604749e-2
-4.78145328288209e-4
0.00000000000000e0
1.21331238862230e-2
-3.03886706894066e-4
-1.13303588789828e-2
2.76498112017573e-4
0.00000000000000e0
5.00714245393574e-4
-1.15157776568280e-2
-1.23851280398417e-2
-6.87451067077944e-4
-1.13133830041881e-2
0.00000000000000e0
-2.22167992657219e-4
6.75743118344790e-4
-1.09568615918055e-2
1.95809342148019e-4
0.00000000000000e0
-8.05423297342009e-4
4.47770244106808e-4
-1.13647803812215e-2
2.27517969814775e-2
-1.14679411402493e-2
-1.24269633687850e-2
1.11974984094782e-2
-1.06107542989934e-2
1.11969449843661e-2
-1.05901100599588e-2
1.12160882437480e-2
-1.72336086709108e-4
-1.47877595984748e-4
1.11691534640814e-2
-7.13889604799014e-5
1.07663044083499e-2
-1.12801214736980e-2
3.56680033970133e-5
1.07670732591387e-2
1.88368883791353e-2
-4.11061998778025e-5
2.70427356153577e-5
-2.28587927088880e-5
-1.89821373003284e-2
-1.89944765091339e-2
-1.88996469004482e-2
-1.88338209339490e-2
-1.88132534150618e-2
-1.87965318062926e-2
-1.88048737484378e-2
1.77407913048783e-4
4.21077836836071e-4
-8.63601103149381e-7
3.11409143028493e-4
2.01802381264138e-4
6.01773958197169e-4
-1.88201101954295e-2
-1.88447106332396e-2
-1.88009630333609e-2
-1.87952602681902e-2
-1.94799653876590e-4
-4.63396990672807e-4
-1.43569050193476e-5
-3.53599381007117e-4
2.16364144686842e-4
6.19661867625442e-4
-1.85581001665500e-2
1.80131243772591e-4
5.93694791927406e-4
1.70948101240077e-4
6.00928621030486e-4
-1.86151776281774e-4
-6.36417704328018e-4
5.13507366301063e-3
2.58119482792601e-3
-2.00480460707492e-3
1.64892462264718e-2
-5.47070530637532e-3
-1.68045638855483e-2
1.68690142737943e-3
-2.68875035756014e-2
-1.14471763421956e-2
1.19050353270260e-2
-2.62080339985697e-2
0.00000000000000e0
1.68323137570729e-2
-6.69491767988803e-3
1.59791157902839e-2
7.74361484142276e-3
5.00546759362602e-3
-1.40048980431642e-2
-1.69099003995962e-2
-7.07878656077516e-3
1.45314179782118e-2
1.60712076248784e-2
1.36377728935730e-2
1.42993869775359e-2
-7.61025527352024e-4
-7.22851659930489e-3
-2.41241645617776e-3
-1.20547653655556e-2
-1.18678332719907e-3
-1.76811468046582e-3
1.92901659206858e-3
-8.14995319074575e-4
-1.60867267655603e-3
-1.80448813418411e-2
1.06626660039981e-2
-1.16350676597559e-2
-1.05679978625057e-2
4.43149985115237e-3
1.67376456155806e-2
1.30786622182211e-2
7.29936218800639e-3
1.02855180941143e-3
1.42411829959492e-2
1.46109738765294e-2
-2.04379470385932e-2
-2.05254628027314e-2
-1.98216067289560e-2
-1.59591984799192e-2
-2.25737172746695e-3
1.45039324523701e-2
0.00000000000000e0
1.47672373061739e-2
1.21024700464229e-3
-1.66857296241493e-2
8.89852818977590e-4
6.56135233284613e-4
-1.44478119168434e-2
-9.69832118635916e-4
-1.90894688854015e-2
-1.85559473192355e-2
-1.81673290031583e-2
1.73214485312051e-3
-1.08313760642594e-2
1.14122968392012e-2
-7.24663715430553e-3
0.00000000000000e0
8.87837824744771e-4
1.09151320429357e-2
3.34720505934363e-4
8.40744934739248e-6
-6.84361635609372e-3
2.37186553469020e-2
1.29649972173969e-2
1.58006380269142e-3
-1.01469728775286e-2
4.87847653491351e-4
4.35824837748939e-4
1.70790978241673e-4
1.15061853979541e-3
-1.22046284945266e-2
-1.12126872448575e-2
-2.14996103710833e-3
-1.18321450193764e-2
-9.04325968114198e-3
1.90049251258673e-2
9.50247152633340e-3
1.20969940879641e-2
3.87197249523265e-3
-1.08362784480903e-2
-6.02458359500100e-3
2.00543522431832e-3
-1.08517484834581e-2
-1.12498811413196e-2
-1.29495271820289e-2
5.91887501765618e-3
-1.30368781737364e-2
9.60818010367830e-3
-9.03042296099964e-3
1.04741078822450e-3
-9.97546017281828e-3
-9.53819310775828e-3
4.69824802820004e-4
9.33047692719594e-3
8.94809912332393e-3
-1.05259961245388e-2
3.64649709711664e-4
1.05046318902825e-2
2.01405289408963e-2
-2.87361181539509e-6
1.98077640446994e-2
1.11994290534091e-4
-7.19089591217988e-5
9.97615639418596e-3
-9.91308943382704e-3
-9.25518972274618e-4
1.04395407675244e-2
-1.81495344042232e-4
1.04392672795462e-2
8.21639781843858e-4
1.06742236208195e-2
-4.30719509297671e-4
0.00000000000000e0
1.02300227417263e-2
1.16857865433015e-3
-2.15540484993144e-3
-1.32451267450434e-3
1.41955765541547e-2
-1.45044612329414e-2
-1.27232262346711e-2
1.26705744160789e-2
9.59127023433837e-3
1.30143948605938e-2
1.37828684943250e-2
-4.05617190684616e-4
-6.39542730095490e-4
-1.48755696820906e-4
0.00000000000000e0
-1.86066445503574e-2
-1.91545854104307e-2
-1.81823385329601e-2
1.81419679968226e-3
-1.07499803467002e-2
1.15623746544664e-2
-7.11890523627941e-3
0.00000000000000e0
9.28847292326859e-4
-1.08636426935711e-2
3.06599152403893e-4
-8.48515114966920e-6
1.13295753408472e-3
-1.01283757552591e-2
5.41359270042471e-4
5.85481451733351e-4
1.05428847846466e-4
1.27015399539700e-3
-1.25736743798626e-2
-1.13950451693531e-2
-1.18973497874625e-2
-8.90299751011692e-3
1.05048602553161e-3
-9.90432058273687e-3
-9.45546555388656e-3
-5.30067656210881e-4
9.25294255085834e-3
8.81942774832569e-3
-1.03902112933052e-2
3.37284437575673e-4
1.04242965399655e-2
1.85526589572716e-4
9.01866401027497e-5
-4.92740149735196e-5
9.91050990447924e-3
9.84144180149382e-3
9.69327574291213e-4
1.04372697553444e-2
-1.82170721344923e-4
-1.04134143899798e-2
-9.15080092037569e-4
1.06670616829191e-2
-4.61188076949646e-4
0.00000000000000e0
1.01906779726261e-2
-1.55698307108134e-4
-9.14458828704864e-3
-9.02285715073464e-3
-1.87884277268349e-2
-2.19166345784402e-4
-7.12850947549401e-4
8.22092257297312e-5
5.04437718949061e-4
-6.66750276501974e-5
-4.64055123312042e-4
-1.89168950011147e-2
-1.89391755087443e-2
-1.99922845514542e-2
-2.01710285485974e-2
-1.88119202995530e-2
-1.87730686728964e-2
-1.88175044994007e-2
-1.79658030404939e-2
