MFEM mesh v1.0

#
# MFEM Geometry Types (see fem/geom.hpp):
#
# POINT       = 0
# SEGMENT     = 1
# TRIANGLE    = 2
# SQUARE      = 3
# TETRAHEDRON = 4
# CUBE        = 5
# PRISM       = 6
# PYRAMID     = 7
#

dimension
3

elements
320
2 4 0 1 2 3
2 4 1 4 5 6
2 4 2 5 7 8
2 4 3 6 8 9
2 4 1 8 2 3
2 4 1 8 3 6
2 4 8 1 5 6
2 4 8 1 2 5
2 4 12 11 10 4
2 4 10 13 14 15
2 4 11 14 16 17
2 4 12 15 17 18
2 4 10 17 11 12
2 4 17 10 15 12
2 4 17 10 14 15
2 4 10 17 14 11
2 4 7 19 20 21
2 4 19 16 22 23
2 4 20 22 24 25
2 4 21 23 25 26
2 4 19 25 20 21
2 4 19 25 21 23
2 4 25 19 22 23
2 4 25 19 20 22
2 4 9 27 28 29
2 4 30 31 27 18
2 4 28 30 26 32
2 4 29 31 32 33
2 4 27 32 28 29
2 4 27 32 29 31
2 4 32 27 30 31
2 4 27 32 30 28
2 4 4 34 5 6
2 4 34 26 21 28
2 4 5 21 7 8
2 4 6 28 8 9
2 4 6 5 8 34
2 4 6 28 34 8
2 4 21 34 28 8
2 4 21 5 34 8
2 4 4 34 6 12
2 4 34 26 28 30
2 4 28 6 27 9
2 4 30 12 18 27
2 4 27 6 34 12
2 4 12 30 34 27
2 4 30 28 34 27
2 4 28 6 34 27
2 4 4 34 12 11
2 4 34 26 30 23
2 4 30 12 17 18
2 4 11 23 17 16
2 4 34 17 12 11
2 4 11 23 34 17
2 4 34 17 23 30
2 4 30 12 34 17
2 4 4 34 11 5
2 4 34 26 23 21
2 4 23 11 19 16
2 4 5 21 19 7
2 4 19 11 34 5
2 4 5 21 34 19
2 4 34 19 21 23
2 4 11 23 19 34
2 4 0 1 3 35
2 4 1 4 6 36
2 4 3 6 9 37
2 4 36 37 35 38
2 4 1 37 3 35
2 4 37 1 36 35
2 4 1 37 36 6
2 4 37 1 3 6
2 4 10 12 4 39
2 4 10 13 15 40
2 4 12 15 18 41
2 4 39 40 41 42
2 4 10 41 12 39
2 4 10 41 39 40
2 4 10 41 40 15
2 4 10 41 15 12
2 4 9 27 29 43
2 4 27 18 31 44
2 4 29 31 33 45
2 4 43 44 45 46
2 4 27 45 29 43
2 4 27 45 43 44
2 4 27 45 44 31
2 4 27 45 31 29
2 4 38 47 48 49
2 4 47 42 50 51
2 4 50 46 48 52
2 4 51 52 49 53
2 4 47 52 48 49
2 4 52 47 51 49
2 4 47 52 51 50
2 4 52 47 48 50
2 4 4 54 6 36
2 4 54 46 43 48
2 4 6 43 9 37
2 4 36 48 37 38
2 4 48 36 6 54
2 4 36 48 6 37
2 4 43 6 48 37
2 4 6 43 48 54
2 4 4 54 36 39
2 4 46 54 50 48
2 4 36 48 38 47
2 4 39 50 47 42
2 4 54 36 39 47
2 4 39 50 54 47
2 4 47 48 50 54
2 4 48 36 54 47
2 4 4 54 39 12
2 4 54 46 50 44
2 4 39 50 42 41
2 4 12 44 41 18
2 4 39 50 12 54
2 4 39 50 41 12
2 4 44 12 41 50
2 4 12 44 54 50
2 4 54 4 6 12
2 4 46 54 43 44
2 4 12 44 18 27
2 4 6 43 27 9
2 4 27 6 12 54
2 4 6 43 54 27
2 4 54 43 44 27
2 4 44 12 54 27
2 4 24 20 25 55
2 4 20 7 21 56
2 4 25 21 26 57
2 4 56 57 55 58
2 4 20 57 25 55
2 4 57 20 56 55
2 4 20 57 56 21
2 4 20 57 21 25
2 4 7 2 8 59
2 4 2 0 3 60
2 4 8 3 9 61
2 4 59 60 61 62
2 4 2 61 8 59
2 4 2 61 59 60
2 4 2 61 60 3
2 4 2 61 3 8
2 4 26 28 32 63
2 4 28 9 29 64
2 4 32 29 33 65
2 4 63 64 65 66
2 4 28 65 32 63
2 4 28 65 63 64
2 4 28 65 64 29
2 4 65 28 32 29
2 4 58 67 68 69
2 4 67 62 70 71
2 4 70 66 68 72
2 4 69 71 72 73
2 4 67 72 68 69
2 4 67 72 69 71
2 4 67 72 71 70
2 4 72 67 68 70
2 4 7 74 21 56
2 4 74 66 63 68
2 4 21 63 26 57
2 4 56 68 57 58
2 4 68 56 21 74
2 4 56 68 21 57
2 4 63 21 68 57
2 4 21 63 68 74
2 4 74 7 59 56
2 4 66 74 70 68
2 4 56 68 58 67
2 4 59 70 67 62
2 4 59 74 56 67
2 4 59 70 74 67
2 4 67 68 70 74
2 4 68 56 74 67
2 4 7 74 59 8
2 4 74 66 70 64
2 4 59 70 62 61
2 4 8 64 61 9
2 4 59 70 8 74
2 4 59 70 61 8
2 4 64 8 61 70
2 4 8 64 74 70
2 4 74 7 21 8
2 4 66 74 63 64
2 4 8 64 9 28
2 4 21 63 28 26
2 4 28 21 8 74
2 4 21 63 74 28
2 4 74 63 64 28
2 4 64 8 74 28
2 4 31 32 33 75
2 4 30 31 18 76
2 4 30 26 32 77
2 4 75 76 77 78
2 4 31 77 32 75
2 4 31 77 75 76
2 4 31 77 76 30
2 4 31 77 30 32
2 4 15 17 18 79
2 4 13 14 15 80
2 4 14 16 17 81
2 4 79 80 81 82
2 4 15 81 17 79
2 4 15 81 79 80
2 4 15 81 80 14
2 4 15 81 14 17
2 4 26 23 25 83
2 4 16 22 23 84
2 4 22 24 25 85
2 4 83 84 85 86
2 4 23 85 25 83
2 4 23 85 83 84
2 4 23 85 84 22
2 4 23 85 22 25
2 4 78 87 88 89
2 4 90 87 82 91
2 4 90 86 88 92
2 4 92 89 91 93
2 4 87 92 88 89
2 4 87 92 89 91
2 4 87 92 91 90
2 4 87 92 90 88
2 4 18 94 30 76
2 4 94 86 83 88
2 4 30 83 26 77
2 4 76 88 77 78
2 4 88 76 30 94
2 4 76 88 30 77
2 4 83 30 88 77
2 4 30 83 88 94
2 4 94 18 79 76
2 4 86 94 90 88
2 4 76 88 78 87
2 4 79 90 87 82
2 4 79 94 76 87
2 4 79 90 94 87
2 4 90 87 88 94
2 4 88 76 94 87
2 4 18 94 79 17
2 4 94 86 90 84
2 4 79 90 82 81
2 4 17 84 81 16
2 4 79 90 17 94
2 4 79 90 81 17
2 4 84 17 81 90
2 4 17 84 94 90
2 4 18 94 17 30
2 4 94 86 84 83
2 4 84 17 23 16
2 4 30 83 23 26
2 4 17 23 30 94
2 4 30 83 94 23
2 4 83 84 94 23
2 4 84 17 94 23
2 6 95 96 97 98 99 100
2 6 101 97 96 102 100 99
2 6 96 103 101 99 104 102
2 6 97 101 105 100 102 106
2 6 98 99 100 107 108 109
2 6 102 100 99 110 109 108
2 6 99 104 102 108 111 110
2 6 100 102 106 109 110 112
2 6 113 114 115 116 117 118
2 6 101 115 114 102 118 117
2 6 114 105 101 117 106 102
2 6 115 101 103 118 102 104
2 6 116 117 118 119 120 121
2 6 102 118 117 110 121 120
2 6 117 106 102 120 112 110
2 6 118 102 104 121 110 111
2 6 103 122 115 104 123 118
2 6 124 115 122 125 118 123
2 6 122 126 124 123 127 125
2 6 115 124 113 118 125 116
2 6 104 123 118 111 128 121
2 6 125 118 123 129 121 128
2 6 123 127 125 128 130 129
2 6 118 125 116 121 129 119
2 6 105 114 131 106 117 132
2 6 133 131 114 134 132 117
2 6 114 113 133 117 116 134
2 6 131 133 135 132 134 136
2 6 106 117 132 112 120 137
2 6 134 132 117 138 137 120
2 6 117 116 134 120 119 138
2 6 132 134 136 137 138 139
2 6 107 108 109 140 141 142
2 6 110 109 108 143 142 141
2 6 108 111 110 141 144 143
2 6 109 110 112 142 143 145
2 6 140 141 142 13 80 14
2 6 143 142 141 81 14 80
2 6 141 144 143 80 82 81
2 6 142 143 145 14 81 16
2 6 119 120 121 146 147 148
2 6 110 121 120 143 148 147
2 6 120 112 110 147 145 143
2 6 121 110 111 148 143 144
2 6 146 147 148 86 84 90
2 6 143 148 147 81 90 84
2 6 147 145 143 84 16 81
2 6 148 143 144 90 81 82
2 6 111 128 121 144 149 148
2 6 129 121 128 150 148 149
2 6 128 130 129 149 151 150
2 6 121 129 119 148 150 146
2 6 144 149 148 82 91 90
2 6 150 148 149 92 90 91
2 6 149 151 150 91 93 92
2 6 148 150 146 90 92 86
2 6 112 120 137 145 147 152
2 6 138 137 120 153 152 147
2 6 120 119 138 147 146 153
2 6 137 138 139 152 153 154
2 6 145 147 152 16 84 22
2 6 153 152 147 85 22 84
2 6 147 146 153 84 86 85
2 6 152 153 154 22 85 24

boundary
208
16 2 75 77 78
2 2 115 103 122
25 2 0 1 2
16 2 26 32 63
10 3 82 91 144 149
16 2 68 66 72
23 2 35 37 38
23 2 33 29 65
25 3 16 14 145 142
23 2 45 43 29
25 2 47 42 51
16 2 88 78 89
2 2 96 101 97
13 3 113 124 116 125
13 3 139 136 138 134
10 3 107 140 108 141
11 2 15 13 40
11 2 18 31 76
25 2 20 19 22
23 2 71 72 70
10 3 95 96 98 99
25 2 40 39 10
23 2 65 64 66
16 2 68 58 57
11 2 87 82 91
25 2 4 10 39
25 2 60 59 62
25 2 55 56 20
10 3 126 122 127 123
10 3 111 128 144 149
10 3 107 98 108 99
13 3 119 129 146 150
13 3 86 92 146 150
13 3 86 85 146 153
25 2 10 13 14
11 2 87 82 79
25 2 39 36 47
23 2 37 43 9
11 2 50 42 41
2 2 105 131 114
25 2 47 42 39
13 3 119 138 146 153
23 2 61 64 9
11 2 15 13 80
2 2 101 114 105
13 3 135 133 136 134
25 2 69 71 73
25 2 47 38 49
10 3 103 96 104 99
25 2 4 1 36
11 2 80 79 82
11 2 87 78 89
23 2 70 62 71
25 2 11 19 16
16 2 33 32 75
16 2 78 88 77
16 2 83 85 25
25 2 1 2 5
25 2 11 19 5
11 2 51 52 50
23 2 49 52 48
23 2 70 66 72
11 2 40 41 42
23 2 9 29 43
2 2 122 124 115
25 2 47 38 36
11 2 41 44 18
25 2 4 10 11
11 2 33 31 75
11 2 18 15 79
23 2 9 3 61
25 2 7 2 59
16 2 92 89 88
23 2 9 3 37
23 2 66 70 64
2 2 122 124 126
25 3 105 131 106 132
23 2 71 72 73
25 3 139 154 137 152
13 3 113 133 116 134
23 2 65 64 29
13 3 130 127 129 125
23 2 45 43 46
11 2 75 76 31
2 2 101 114 115
25 2 51 49 53
11 2 18 31 44
25 2 13 10 40
16 2 88 86 83
2 2 115 103 101
2 2 115 113 114
25 2 19 7 20
16 2 63 57 68
23 2 48 46 52
16 2 83 77 26
25 3 112 137 145 152
25 3 139 136 137 132
10 3 130 151 128 149
16 2 85 83 86
25 3 105 97 106 100
11 2 50 42 51
16 2 57 55 25
23 2 3 0 60
25 3 107 98 109 100
10 3 93 151 91 149
10 3 111 104 128 123
23 2 61 60 3
13 3 126 124 127 125
11 2 44 41 50
2 2 95 97 96
11 2 79 80 15
23 2 46 48 43
11 2 79 76 18
16 2 26 32 77
23 2 3 0 35
25 2 56 59 67
16 2 69 72 68
25 2 67 58 56
25 3 112 109 145 142
25 2 51 49 47
2 2 133 114 131
11 2 45 44 46
25 2 56 59 7
16 2 55 57 58
25 2 14 10 11
25 3 112 106 137 132
16 2 25 24 85
23 2 60 61 62
25 3 112 106 109 100
11 2 78 87 76
25 2 24 20 55
16 2 66 68 63
25 2 60 59 2
2 2 133 114 113
25 2 67 62 59
25 2 35 36 38
25 2 67 62 71
25 2 4 1 5
23 2 49 52 53
2 2 135 131 133
13 3 24 154 85 153
11 2 51 52 53
25 2 69 71 67
16 2 65 63 32
16 2 26 25 83
16 2 33 32 65
2 2 96 101 103
13 3 119 116 138 134
10 3 82 80 144 141
25 3 24 154 22 152
25 2 35 36 1
16 2 69 72 73
11 2 18 15 41
25 2 19 5 7
11 2 75 76 78
25 3 16 22 145 152
25 2 19 16 22
11 2 46 50 44
25 2 7 20 56
25 2 55 56 58
16 2 57 63 26
23 2 48 38 49
11 2 91 89 93
11 2 91 89 87
16 2 88 86 92
25 2 14 11 16
25 2 11 5 4
16 2 75 77 32
23 2 48 38 37
10 3 103 122 104 123
16 2 77 83 88
23 2 9 29 64
25 2 39 36 4
23 2 64 61 70
13 3 139 154 138 153
10 3 111 104 108 99
11 2 33 31 45
16 2 25 24 55
11 2 50 46 52
23 2 33 29 45
2 2 105 97 101
25 2 0 1 35
25 2 22 20 24
13 3 119 116 129 125
13 3 130 151 129 150
11 2 76 79 87
10 3 130 127 128 123
10 3 13 140 80 141
25 2 2 5 7
25 3 107 140 109 142
13 3 93 151 92 150
16 2 65 63 66
16 2 68 58 69
25 2 40 39 42
11 2 41 40 15
23 2 70 62 61
16 2 92 89 93
25 2 0 2 60
25 3 13 140 14 142
23 2 43 37 48
11 2 45 44 31
25 2 67 58 69
2 2 115 113 124
10 3 111 108 144 141
25 3 135 131 136 132
23 2 37 35 3
25 3 95 97 98 100
16 2 26 25 57

vertices
155
3
0 0 1
0.25 0 0.75
0 0.25 0.75
0.25 0.25 1
0.5 0 0.5
0.25 0.25 0.5
0.5 0.25 0.75
0 0.5 0.5
0.25 0.5 0.75
0.5 0.5 1
0.75 0 0.25
0.5 0.25 0.25
0.75 0.25 0.5
1 0 0
0.75 0.25 0
1 0.25 0.25
0.5 0.5 0
0.75 0.5 0.25
1 0.5 0.5
0.25 0.5 0.25
0 0.75 0.25
0.25 0.75 0.5
0.25 0.75 0
0.5 0.75 0.25
0 1 0
0.25 1 0.25
0.5 1 0.5
0.75 0.5 0.75
0.5 0.75 0.75
0.75 0.75 1
0.75 0.75 0.5
1 0.75 0.75
0.75 1 0.75
1 1 1
0.5 0.5 0.5
0.25 0 1
0.5 0 0.75
0.5 0.25 1
0.5 0 1
0.75 0 0.5
1 0 0.25
1 0.25 0.5
1 0 0.5
0.75 0.5 1
1 0.5 0.75
1 0.75 1
1 0.5 1
0.75 0 0.75
0.75 0.25 1
0.75 0 1
1 0.25 0.75
1 0 0.75
1 0.25 1
1 0 1
0.75 0.25 0.75
0 1 0.25
0 0.75 0.5
0.25 1 0.5
0 1 0.5
0 0.5 0.75
0 0.25 1
0.25 0.5 1
0 0.5 1
0.5 1 0.75
0.5 0.75 1
0.75 1 1
0.5 1 1
0 0.75 0.75
0.25 1 0.75
0 1 0.75
0.25 0.75 1
0 0.75 1
0.25 1 1
0 1 1
0.25 0.75 0.75
1 1 0.75
1 0.75 0.5
0.75 1 0.5
1 1 0.5
1 0.5 0.25
1 0.25 0
0.75 0.5 0
1 0.5 0
0.5 1 0.25
0.5 0.75 0
0.25 1 0
0.5 1 0
1 0.75 0.25
0.75 1 0.25
1 1 0.25
0.75 0.75 0
1 0.75 0
0.75 1 0
1 1 0
0.75 0.75 0.25
1 0 -1
1 0.25 -1
0.75 0.25 -1
1 0 -0.75
1 0.25 -0.75
0.75 0.25 -0.75
0.75 0.5 -1
0.75 0.5 -0.75
1 0.5 -1
1 0.5 -0.75
0.5 0.5 -1
0.5 0.5 -0.75
1 0 -0.5
1 0.25 -0.5
0.75 0.25 -0.5
0.75 0.5 -0.5
1 0.5 -0.5
0.5 0.5 -0.5
0.5 1 -1
0.5 0.75 -1
0.75 0.75 -1
0.5 1 -0.75
0.5 0.75 -0.75
0.75 0.75 -0.75
0.5 1 -0.5
0.5 0.75 -0.5
0.75 0.75 -0.5
1 0.75 -1
1 0.75 -0.75
0.75 1 -1
0.75 1 -0.75
1 1 -1
1 1 -0.75
1 0.75 -0.5
0.75 1 -0.5
1 1 -0.5
0.25 0.75 -1
0.25 0.75 -0.75
0.25 1 -1
0.25 1 -0.75
0 1 -1
0 1 -0.75
0.25 0.75 -0.5
0.25 1 -0.5
0 1 -0.5
1 0 -0.25
1 0.25 -0.25
0.75 0.25 -0.25
0.75 0.5 -0.25
1 0.5 -0.25
0.5 0.5 -0.25
0.5 1 -0.25
0.5 0.75 -0.25
0.75 0.75 -0.25
1 0.75 -0.25
0.75 1 -0.25
1 1 -0.25
0.25 0.75 -0.25
0.25 1 -0.25
0 1 -0.25
