0.00000000000000e0
0.00000000000000e0
0.00000000000000e0
0.00000000000000e0
0.00000000000000e0
-5.65893454246691e-3
0.00000000000000e0
0.00000000000000e0
0.00000000000000e0
-1.15510936559930e-28
0.00000000000000e0
8.18717246389360e-30
0.00000000000000e0
5.65573539094477e-29
1.20260348700185e-2
-1.20220083546201e-2
3.45200730527731e-29
-1.15790297103899e-2
-8.49668255174948e-29
3.08641588785008e-3
1.51069571323934e-28
-8.72726462341689e-3
-1.23561990016015e-2
0.00000000000000e0
0.00000000000000e0
5.65736307181197e-3
1.09458796159729e-28
3.65144677643078e-29
-3.08092741698829e-3
-5.22567589255002e-29
8.73406819579259e-3
1.15843225961498e-2
1.23671769459293e-2
-8.40505271219591e-29
-1.54823878676780e-3
1.56264462634681e-3
0.00000000000000e0
0.00000000000000e0
0.00000000000000e0
1.85488389664286e-28
0.00000000000000e0
0.00000000000000e0
1.26758911877096e-29
4.47662878849897e-3
-1.09614521379809e-30
-6.97657290131559e-3
-8.07366553920058e-29
-6.48601835458162e-3
2.34235012907646e-4
-1.70374741162689e-28
-6.54372724159202e-3
-6.82398546656415e-3
1.93510954783775e-28
0.00000000000000e0
-1.80778335711397e-28
0.00000000000000e0
1.21999785738035e-28
-4.47043445819606e-3
6.97070609542649e-3
1.66025682273185e-28
0.00000000000000e0
0.00000000000000e0
9.79850789951087e-3
-9.80338563661576e-3
0.00000000000000e0
3.00985145850063e-3
-6.76651676951678e-3
-3.02590022224081e-3
6.75488784571598e-3
3.52741801634693e-5
-3.84565270493908e-3
3.90612670480550e-3
-1.19212421077464e-2
2.87260354571117e-3
-8.82617384672812e-3
-1.20851816639060e-2
2.06972682178730e-4
-1.07976993449483e-2
-1.09852102241348e-2
6.19020421339656e-5
-1.52040294415201e-3
1.46086590007144e-4
4.33953281503818e-3
-4.45609107134715e-3
-5.81847154489878e-3
-6.59400176346026e-4
-6.84448964125295e-3
-5.98882996700922e-3
-1.33597549291991e-29
6.47312493018148e-3
-2.30608648408293e-4
-4.17252730748108e-28
6.52597615960460e-3
6.80590499699463e-3
1.45211094028560e-28
-2.90696285765080e-3
8.83664941761708e-3
1.19661855651430e-2
1.21655241562166e-2
2.45884297100929e-5
-2.47703828222257e-4
1.57627202406729e-3
-1.00077628985673e-4
-4.11580242325726e-3
4.60451097092118e-3
1.07145975351273e-2
1.09818686086811e-2
5.95536807395547e-3
7.20289058335766e-4
6.97652710323382e-3
6.05326064423650e-3
-1.44885058827526e-3
1.39798288826398e-3
-7.00572801619614e-5
-5.85151229870462e-4
4.33574540920745e-4
0.00000000000000e0
0.00000000000000e0
0.00000000000000e0
-4.28925760523576e-28
1.22738208918602e-28
-5.25437414598429e-3
-1.16091525765193e-29
-5.58785705781872e-3
-3.54636175732814e-28
2.82942349230682e-28
-3.04667969503717e-28
-7.52305466618353e-3
2.04975171459535e-28
2.60833113555073e-28
-3.48470518284706e-28
5.24631546215204e-3
5.57590390032559e-3
2.23601399647868e-28
-1.53388675485183e-28
-2.40848298483188e-28
-3.05848923335361e-3
2.99086825862105e-3
-5.81722532228923e-3
5.85127175941125e-3
-1.15931268283020e-5
-6.89782270001160e-3
-2.81537568844215e-3
-6.60774067569037e-3
6.86147914100843e-3
2.76258539884111e-3
6.48563565073346e-3
3.92716080368245e-29
-1.84125054607220e-27
3.03349443859616e-28
5.18294890575809e-28
-5.21117243439456e-28
-1.02446247032049e-2
-3.03507634271227e-4
-5.19563966440728e-3
-3.75673226537459e-28
4.29920686262749e-28
-9.35493651388143e-29
7.49580239430414e-3
-3.91155234110573e-28
3.04763902931882e-4
1.02083642602793e-2
5.18447445509196e-3
6.90843439523349e-29
7.30504915097707e-29
-1.00737344553181e-4
-3.82762304127482e-4
-1.65411500387336e-3
-1.00005542026338e-3
3.41962799836892e-4
1.54064186142477e-3
9.17633977223886e-4
-4.43938190491576e-28
-3.51541790548995e-29
0.00000000000000e0
0.00000000000000e0
0.00000000000000e0
0.00000000000000e0
-4.03292883688700e-3
0.00000000000000e0
0.00000000000000e0
0.00000000000000e0
0.00000000000000e0
3.82416958964527e-3
0.00000000000000e0
0.00000000000000e0
0.00000000000000e0
0.00000000000000e0
1.09014889977743e-3
0.00000000000000e0
-6.49953010294269e-3
0.00000000000000e0
-7.66056024792761e-3
8.46940801579876e-4
0.00000000000000e0
-5.77572400078097e-3
0.00000000000000e0
-6.13822024381250e-3
1.19484215204579e-4
0.00000000000000e0
0.00000000000000e0
0.00000000000000e0
0.00000000000000e0
-3.82245872913956e-3
0.00000000000000e0
0.00000000000000e0
0.00000000000000e0
0.00000000000000e0
4.03168757119943e-3
0.00000000000000e0
0.00000000000000e0
0.00000000000000e0
0.00000000000000e0
-1.08940191732998e-3
2.26947816659770e-28
-9.05894345612400e-29
7.34890156141432e-3
-1.39656594720939e-28
-6.09045012619152e-29
5.33934442250938e-3
-6.56353805625634e-28
-1.09703750405288e-3
-9.51966588326059e-3
7.44439992534751e-3
6.35433605594591e-28
-4.53731865159942e-29
-7.34079252299580e-3
1.83976214176652e-28
3.83874593564415e-28
-5.33020389156036e-3
-3.83219197022498e-28
1.09358235636137e-3
9.53700771106014e-3
7.44710327990106e-3
1.17879466643984e-2
0.00000000000000e0
0.00000000000000e0
-1.17919886527886e-2
1.13019192368995e-2
0.00000000000000e0
0.00000000000000e0
-1.12880671874791e-2
4.79814501829878e-4
-1.24451937040249e-5
-4.76317288615746e-4
9.40486131634938e-29
4.55330406905238e-28
-2.91158632671795e-3
1.66983821913320e-28
3.06186982540169e-28
2.91338582235312e-3
-3.73491012673781e-28
-1.04224410043798e-2
1.04434834687481e-2
-4.95197288355459e-28
8.09577325583177e-3
8.08977717315429e-3
-3.72667985352326e-28
-1.01861632307418e-2
1.40486971280242e-29
-6.38854686940249e-3
-6.19359289539779e-28
2.79088796355609e-3
-4.14325030374130e-3
-1.16223667689610e-2
3.03696199657111e-3
-8.76095973700330e-3
-1.23712938308245e-2
-1.18226062785567e-2
3.09289273565128e-3
-8.81696459018144e-3
-1.24429994492061e-2
7.60811949191975e-5
-2.52290675462064e-6
5.62338283316421e-6
0.00000000000000e0
6.49893333098817e-3
0.00000000000000e0
7.66392035149011e-3
8.45654931680428e-4
5.77203348395727e-3
0.00000000000000e0
6.13202427513215e-3
0.00000000000000e0
-1.19321621724566e-4
8.74337046548579e-29
1.02052228620551e-2
-3.21083543509688e-28
6.40830183203889e-3
3.40380901356440e-28
2.78013402066790e-3
4.13908018094844e-3
-3.05528801192168e-3
1.16399712049144e-2
8.78111344925969e-3
1.23863129034589e-2
-3.06714028863553e-3
1.18141635537654e-2
8.82746638272636e-3
1.24570316189931e-2
-7.19872653007769e-5
-3.89529654967191e-5
-1.46740018180935e-6
-1.55985606379261e-3
1.52615157037417e-3
-1.47399190302622e-3
1.53972281940185e-3
3.81448114978866e-5
0.00000000000000e0
0.00000000000000e0
0.00000000000000e0
0.00000000000000e0
-3.07680994890269e-3
0.00000000000000e0
0.00000000000000e0
0.00000000000000e0
0.00000000000000e0
3.07605253248333e-3
0.00000000000000e0
0.00000000000000e0
0.00000000000000e0
0.00000000000000e0
2.22437217090032e-7
-1.67745927401972e-30
7.97435663223685e-29
1.67069383044804e-3
2.83236275437561e-28
-2.21995566704656e-29
8.41657941023755e-4
2.63015614536527e-28
-4.42730146529158e-3
-6.05227431131539e-3
-5.23302777614187e-3
0.00000000000000e0
4.37125665357740e-3
0.00000000000000e0
-7.00261952867720e-3
0.00000000000000e0
4.02877116368927e-3
0.00000000000000e0
-7.08505275116522e-3
3.24282574386281e-3
-1.53048770346231e-3
3.00027192213292e-3
-2.81523132169873e-28
1.81206327315051e-28
-5.55721543814514e-3
2.09984616847759e-29
-1.87792980207358e-29
-5.33933204981452e-3
4.22176507666574e-28
-4.63105270060282e-3
7.39211535703888e-4
3.86023424269410e-4
-7.24019977880630e-3
2.11809252274264e-4
-7.12512166431623e-3
-7.40347632885907e-3
-8.22993336031175e-3
1.50305780422855e-4
-8.28357395911894e-3
-8.55530408961158e-3
7.49618830205634e-4
-3.96457785186044e-4
-2.08026138567519e-4
1.75227207841175e-28
-3.58953003081159e-28
-6.34801410817509e-3
3.39981710894026e-28
-3.54306777417431e-28
-6.07731597552075e-3
-5.93435663042505e-28
-6.55784049247909e-3
6.00199421094239e-4
2.93824791999935e-28
3.72233424337232e-4
6.79453011113651e-3
-8.14996236867167e-30
-7.18784220802871e-3
3.64678965609173e-28
-7.41840494480428e-3
-9.82209601531798e-28
1.33125428828151e-4
-7.29271147237753e-3
0.00000000000000e0
6.99129101860763e-3
0.00000000000000e0
-4.37325166328861e-3
0.00000000000000e0
7.09417214588370e-3
0.00000000000000e0
-4.01583912025671e-3
2.98931008985193e-3
-1.54439408537144e-3
-3.23088037282560e-3
-1.58185480029750e-28
-6.97733946914187e-29
-1.66478746844101e-3
4.61658958988747e-28
-5.24403166022988e-28
-8.33339880397688e-4
-1.11887694779266e-28
4.40856525187172e-3
6.04990529532823e-3
5.22370526449834e-3
3.23445610739115e-28
5.55375668446700e-3
-1.17588108278622e-28
-6.51739822705635e-29
5.33663342604740e-3
1.34885610888311e-29
4.36589374403566e-29
4.61514412597097e-3
-7.29569860219215e-4
-3.84749136067342e-4
4.35403322285310e-7
-3.00664621113356e-3
6.32700996445124e-3
6.91785260336530e-4
5.85738107474754e-5
-2.36775878897788e-3
4.84181098613590e-3
3.75481685672696e-4
-9.05844990530369e-4
-1.43474040442015e-4
1.23052577600902e-3
-1.51542621480871e-3
-2.97311077929407e-3
-7.02271640000163e-3
4.74273981296847e-3
-9.58981627127287e-3
-8.50333858556951e-3
7.91375088914492e-3
1.17258714567470e-4
3.10534300092513e-3
-6.33866138895200e-3
-7.10606316445705e-4
7.54008136425455e-5
2.48771392216440e-3
-4.84429989160162e-3
-3.83997759897170e-4
6.05958743904011e-4
-2.10273688310281e-5
-5.34601228991960e-4
1.64723871321826e-3
4.04548760729995e-3
2.81422494833805e-3
7.13783327978490e-3
4.51168171389327e-3
-4.65541338178355e-3
9.51984259575056e-3
1.35247968773911e-3
8.42245166899147e-3
7.92320832118776e-3
-3.12219055533092e-3
3.18998077943888e-3
-5.97368753474825e-3
5.97711896045894e-3
-2.96734721280245e-3
3.02750671579588e-3
-5.80683245487990e-3
5.81551219636367e-3
-1.17925912704209e-4
-3.11328727809723e-3
-6.08195732891659e-3
3.29629506666151e-3
2.95887025299635e-3
6.20258538648955e-3
7.76881878437052e-5
2.04976546001490e-4
-2.46881587315784e-4
3.74733230046331e-6
6.01947214136089e-5
1.94365068182378e-5
1.63370642394511e-3
-1.37860596692008e-3
-2.93016204824426e-3
1.00689673331544e-4
2.40623681690977e-5
-1.09387042903109e-3
1.66889943292858e-3
2.92855370099687e-3
-1.21308142865928e-4
5.05287866099025e-3
-1.02435546696142e-2
4.69299080305063e-3
-4.87097574023210e-3
1.01158019620016e-2
3.28026313309238e-3
5.03904101378794e-5
7.69555811768896e-3
7.77137951024542e-3
-2.71415347128823e-4
7.84887969757619e-3
3.62210518960637e-3
-5.42446096574167e-5
-3.18843814147840e-3
7.70868527183666e-3
-8.21067989181756e-3
4.00011017518409e-5
-4.53001139339904e-3
-9.56014421785767e-3
-9.28390615229091e-6
-2.73855497630393e-3
-5.88755589711809e-3
9.28494267554925e-4
7.56344465457914e-5
2.57436365075137e-3
2.31653834998724e-3
-2.83764533332942e-3
2.00872240179706e-3
-3.80365011095307e-3
-2.38313066984119e-3
2.56619699234761e-3
-1.83639520042789e-3
-7.28634432203989e-3
-9.88117599757743e-3
-2.78827810088700e-3
1.28964353177707e-3
-2.39187414806707e-3
-7.07318181591887e-3
-8.58341531081663e-3
1.40196151221517e-3
-2.86747629883166e-3
4.83711464517000e-3
-8.89993021947078e-3
3.10030376817849e-3
3.57573461701577e-3
-6.84181650285609e-4
1.13327887447667e-4
-1.28187696191162e-5
7.10507171993413e-3
9.40116692390802e-4
8.63619874792221e-3
-2.13726070342091e-4
-1.66680883012305e-3
1.76069527742584e-3
-2.89406093997968e-4
3.97934899183383e-5
-6.45050256161994e-3
6.26699977829048e-3
1.11104754978442e-4
-1.05378748901330e-3
-7.98729507459939e-3
-4.55518718194980e-3
-6.51166736633968e-3
9.23884902704231e-3
2.02342272928036e-3
-4.42269727614075e-4
-5.56963470910432e-3
-1.06511376873186e-2
-3.45918699764525e-4
-5.30003337422613e-3
-1.03907910915098e-2
-1.55530058037812e-4
-5.62335315208884e-4
4.82805954447940e-4
-1.40418996579683e-4
-4.90852451142132e-3
5.74300407406980e-3
-1.03392930439270e-2
-2.98409459674076e-3
-3.75421990634095e-3
-4.91893333446569e-3
-4.12142087975553e-3
-1.36037229691510e-3
-1.95688014616735e-3
-3.14513992316279e-3
-2.42514778210534e-3
7.96418860659287e-4
4.55091612559499e-3
2.74266320800365e-3
-1.55561000946136e-3
2.00243618237295e-3
-2.46529939204265e-3
-8.14677810012654e-5
1.03713419207452e-4
-4.20519366878125e-3
3.97781091169236e-3
-3.55421875951833e-3
1.22514595770440e-3
-2.25890403309137e-3
-3.31751194266872e-5
1.78352637931312e-3
-6.37261327028682e-4
7.23370592558581e-3
-2.23314447922007e-4
7.10898713240482e-3
7.38814694700807e-3
8.20112258247718e-3
-1.30548904110128e-4
8.25746887346668e-3
8.51225480300855e-3
7.45005027809498e-4
-4.19461821014266e-4
2.10337200655886e-4
-2.58255868822812e-28
-3.14222784901541e-28
6.32768626570801e-3
4.50278256881843e-28
2.05004480661769e-28
6.05988110775968e-3
-1.44891118297389e-28
6.54716266297406e-3
-5.94352891894800e-4
4.71858080770557e-29
-3.71108136050680e-4
-6.77536257790612e-3
-5.83461825075381e-28
7.16602120211007e-3
2.36370542944437e-28
7.39300961390299e-3
6.04582131285919e-28
-1.33092133069113e-4
7.26855400226967e-3
-1.36074794454544e-4
4.42517030069212e-3
9.56673132372998e-3
-1.34938083306224e-4
2.59795497458981e-3
5.84683727129232e-3
6.62947308569528e-5
1.32641884147233e-3
-1.02254819739755e-3
2.63672611970378e-3
-1.37300896949455e-3
-1.60212051196140e-3
3.93527806636484e-3
-2.20876906337253e-3
-8.07922576314013e-4
2.91428892160184e-3
2.32588108730170e-3
-2.47584804765211e-3
1.82956652520261e-3
7.13937253743779e-3
9.72380668588357e-3
2.71756439599358e-3
-1.19330172913124e-3
2.37640547481988e-3
6.94686784163423e-3
8.44377815221975e-3
2.66214822119082e-3
-4.79608449563784e-3
1.56218066422298e-3
8.80933173654341e-3
9.49698846852698e-6
-4.14346941397525e-5
-1.43860944376684e-3
-7.54619214944796e-3
-2.51362366725516e-5
1.43239672729578e-3
1.68338091100395e-4
1.70638250256161e-3
1.81152900120196e-3
2.44865402692085e-4
6.69024589902278e-3
-6.35880549913281e-3
4.47360986208878e-3
-6.50885057586947e-3
-9.13666347241815e-3
-2.14238910655240e-3
4.69080873244820e-4
5.59970716994940e-3
1.06328931026383e-2
3.53600538083754e-4
5.29991378098771e-3
1.03603575562659e-2
1.73033723285698e-4
5.78060200439268e-4
5.12647914888475e-4
1.52870999500010e-4
4.93428124758566e-3
-5.75728021499344e-3
1.03080785806000e-2
2.91653768962874e-3
3.84715762930909e-3
4.94387853291300e-3
4.14418302034392e-3
1.29047747088862e-3
1.99663632525926e-3
3.12231019063347e-3
2.42485332796605e-3
3.24807781748859e-3
1.44113793601264e-3
-8.27754151998761e-4
-5.02253248600937e-3
-1.40068239034008e-5
7.31423256183916e-7
-2.91522294696733e-3
-1.84801456919104e-3
-2.83930842215341e-5
-1.27402341104244e-3
2.40681970598189e-3
5.42199607025395e-5
4.53922020756181e-3
-4.16979281976637e-3
3.67934114865420e-3
6.47100615879026e-4
-5.10311041239220e-4
3.89757743135988e-4
-4.55331568446127e-4
3.39017807561959e-4
-7.91561347796232e-4
2.26370910581863e-4
-5.66647375165985e-4
-1.10014735582808e-4
9.52294771593643e-4
0.00000000000000e0
0.00000000000000e0
0.00000000000000e0
0.00000000000000e0
-2.80108766914111e-3
0.00000000000000e0
0.00000000000000e0
0.00000000000000e0
0.00000000000000e0
2.80018119717695e-3
3.45176575912349e-28
-1.07418181648374e-27
-4.48714877428022e-28
1.75535984756864e-28
-3.49629547143298e-29
6.89207519813806e-3
-7.08845251307366e-3
-5.37680178612732e-3
5.34383700532310e-28
-5.80324058282145e-3
-5.94681925954999e-28
-5.63405073680201e-3
-2.40950710500777e-28
-6.17256068827032e-3
1.78881181865116e-27
2.69205056672561e-3
-1.28789740412216e-3
-1.21025051365109e-3
-7.98133202304285e-3
5.12462729936745e-28
-8.89517025854758e-3
-1.52263816248839e-28
-1.65654585458697e-4
5.36716926954739e-3
-4.29400206916370e-28
5.79116906734356e-3
9.53004411692403e-28
5.63008495728923e-3
9.05158084361886e-28
6.16373309689777e-3
-1.04969859970555e-27
2.67701468875003e-3
-1.28533248587459e-3
1.20065939259462e-3
-2.88758456773203e-28
-1.23193680877937e-28
9.85879812758476e-28
-1.40838432192302e-27
-4.92794071918759e-28
-6.87056738573943e-3
7.06514788063317e-3
-2.13786284513162e-3
1.16250985154218e-29
-5.34085102953325e-29
-1.31902995082100e-3
-6.52652727478402e-29
4.51684131511907e-28
-1.47802232383976e-3
-4.45712581830549e-3
-6.26898311560353e-3
9.20177379447296e-3
6.24815295202552e-3
-9.66111372974865e-3
-7.79205619993488e-29
2.13841951665472e-3
2.03912452460315e-28
-3.63207214741907e-28
1.32181391381891e-3
-8.66111409604817e-28
-2.91981060845273e-28
1.48157979094776e-3
4.43290903217530e-3
-6.24430526301012e-3
-9.14243940297865e-3
-6.23241907044303e-3
9.61116155502850e-3
5.36667196873673e-28
-6.07483874978243e-3
5.87022450270069e-3
1.30330893778941e-28
2.33480813015875e-28
-4.22157400161716e-3
3.99037838207050e-3
-8.45347679251507e-28
2.77862083290409e-28
-4.98358417294043e-3
1.84531999678939e-4
-5.09852801502575e-3
-3.35775188902687e-3
2.03260860898524e-3
7.43036257517815e-5
-1.91120801086697e-3
5.22059683191856e-3
3.25868545343155e-3
-2.08922053730021e-3
1.80252485375831e-3
1.27016931626059e-27
-8.31767645140792e-28
-3.70752155413356e-3
-7.70913616553479e-28
-2.36318528160950e-3
-9.98089006092123e-28
4.72545813067882e-4
3.76353764545456e-3
-4.37114314468090e-3
7.84110045970010e-4
-3.34632643620125e-3
4.22129765883028e-3
-6.00763563170403e-4
-5.66938681451495e-28
4.39998363512285e-28
7.94947083698361e-3
-2.96080728242131e-28
8.85797111857300e-3
1.65027354221081e-4
3.72009197357670e-3
-2.61940880005811e-28
2.38838995244350e-3
1.17650452645886e-27
4.81374110750998e-4
-3.79462594992219e-3
-4.37533905573151e-3
-7.96091986400072e-4
3.37407119570798e-3
-4.23359143613311e-3
5.97152097611797e-4
-7.42443458791482e-28
0.00000000000000e0
0.00000000000000e0
-4.57758701107736e-3
0.00000000000000e0
3.16823918993236e-3
0.00000000000000e0
2.07227269173416e-3
5.89698755479873e-3
0.00000000000000e0
0.00000000000000e0
-4.12411494487763e-3
0.00000000000000e0
7.92670872966639e-4
0.00000000000000e0
6.01955395456599e-4
-4.72712032742351e-3
-6.60106963653817e-3
-7.72334430119770e-3
8.18942658881383e-4
-6.94579662597050e-3
1.16238222305221e-4
-7.98006042367660e-3
5.44824181530901e-5
8.24973541402652e-4
7.21898696711776e-3
5.24844373831357e-3
-1.11816284777433e-3
-9.54040877756768e-3
7.43748970612046e-3
6.95773416643419e-3
4.00792325478960e-5
3.25195225812536e-4
5.12559274937985e-3
3.17235330271615e-5
3.37977641635234e-4
-1.34890309747959e-3
-9.47578967799245e-3
7.79151777686593e-3
1.02237118028370e-4
0.00000000000000e0
0.00000000000000e0
3.70540500918892e-3
0.00000000000000e0
1.00669155998112e-3
0.00000000000000e0
7.62454114081379e-4
3.52694835512324e-3
1.56908208112139e-3
7.40260087812139e-4
-4.81998233092895e-3
-6.49524386674472e-3
-5.71725084241281e-3
1.26811259157833e-3
-1.28868637412083e-3
2.72800717879207e-3
6.26624821975952e-4
-8.54200846404751e-4
1.77949850674253e-3
-5.82618744280694e-3
-7.26815100608746e-3
6.72719969080759e-3
-1.21463342782846e-3
0.00000000000000e0
0.00000000000000e0
-3.04894880400752e-3
0.00000000000000e0
3.04875119044645e-3
0.00000000000000e0
3.10346273997197e-3
3.10285533314669e-3
0.00000000000000e0
0.00000000000000e0
-2.95107487689350e-3
0.00000000000000e0
1.54032923234126e-5
0.00000000000000e0
2.60339474401405e-4
-2.92085581698487e-3
-5.66485972953501e-3
-5.84450902832145e-3
-1.39932027327205e-3
2.90184655508341e-3
-5.47587099893576e-3
-4.87434514277396e-3
6.43888552673388e-4
3.31719440186617e-4
-5.67808551511462e-3
-5.44144029266391e-3
5.01145229435451e-4
1.38048201861807e-4
-1.30066635210113e-3
2.80171565073317e-3
-1.35433967145104e-3
5.64742086519487e-3
5.86311639349901e-3
-1.42830317354603e-3
2.88114311407028e-3
5.45248250008967e-3
4.89089307292190e-3
-6.68138275011998e-4
-3.31825611894487e-4
5.70166711113984e-3
5.40129737008499e-3
-4.54365967453185e-4
-1.29391477742047e-4
-1.33626546211829e-3
2.77792295054979e-3
-1.29267403222855e-3
0.00000000000000e0
0.00000000000000e0
2.95064491842290e-3
0.00000000000000e0
-1.46655176465060e-5
0.00000000000000e0
-2.59839031681253e-4
2.92067418281405e-3
0.00000000000000e0
0.00000000000000e0
-2.80352236831760e-3
0.00000000000000e0
2.80561045112293e-3
0.00000000000000e0
2.80249245938080e-3
2.79576842017448e-3
0.00000000000000e0
0.00000000000000e0
-3.16603940073890e-3
0.00000000000000e0
4.57743923892906e-3
0.00000000000000e0
5.89869793277842e-3
2.07030004531816e-3
0.00000000000000e0
0.00000000000000e0
-3.70387407313189e-3
0.00000000000000e0
-1.00759674528916e-3
0.00000000000000e0
-7.66918899216762e-4
-3.52709142840268e-3
-7.23382636313374e-3
-5.26997569558318e-3
1.15933544529057e-3
9.51335096642936e-3
7.44537447964433e-3
-6.92435549456150e-3
-9.39258799519394e-5
-3.18069556740852e-4
-5.09224597220737e-3
-1.03104418656130e-4
-3.15393241692163e-4
1.30226036340275e-3
9.53991235542162e-3
7.78617850204455e-3
-3.45245631478974e-5
6.60076396995635e-3
7.72156608790908e-3
8.21020041559706e-4
6.93732428858596e-3
-1.16376866216683e-4
7.98350121129943e-3
-5.82623023603901e-5
8.23977212922600e-4
0.00000000000000e0
0.00000000000000e0
4.12187353613191e-3
0.00000000000000e0
-7.92069800855444e-4
0.00000000000000e0
-6.00645623642038e-4
4.72207295040050e-3
-1.58109556528174e-3
-1.24243082034781e-3
-1.32468046780332e-3
-2.71356815869694e-3
-7.61674699791826e-4
4.83810651585515e-3
6.44994300733970e-3
5.71110087197724e-3
-5.94362998956655e-4
5.76968843515147e-3
7.30247896262881e-3
6.71463687342566e-3
-9.12326268618813e-4
1.75107585731382e-3
-1.14712004747020e-3
-2.90618895162709e-3
2.94099146491078e-3
-1.04183682790904e-2
1.03791696663507e-2
8.05662714278910e-3
8.05893439164151e-3
-2.94360909327906e-3
-1.58046863134587e-5
2.70183060138152e-5
2.93312448912886e-3
-6.56981719657779e-5
-1.02563326436211e-5
-1.02897696095283e-2
1.03818969993767e-2
7.99422372381287e-3
7.98043145186966e-3
4.65526587163367e-5
-1.27403698115813e-5
-1.01675856393513e-2
-6.36848133908074e-3
2.77011827158447e-3
-4.11401061498395e-3
-1.00484305808095e-2
7.90408944340015e-6
-6.20828250899308e-3
2.46789142295256e-5
2.72521960829408e-3
-4.05664518467574e-3
-9.39677033784392e-6
1.01501588504522e-2
6.33509290861412e-3
2.79772576827497e-3
4.15867431320294e-3
1.01225615085241e-2
4.49098322405916e-5
6.29795705211222e-3
5.38718988423170e-5
2.67706310700078e-3
4.02276311023186e-3
-5.27327594568305e-5
-6.82405672593589e-3
-7.87050711483062e-3
-8.12405146811912e-4
-7.06840718628143e-4
-6.42756327832927e-3
-6.94751090408374e-3
5.14778093443802e-4
2.83631237842030e-4
7.18332462942328e-3
-7.16532487953714e-3
-7.69616645479232e-3
3.65344399568812e-4
2.34688203477162e-4
7.85397271624788e-3
-1.09775106155485e-3
-1.01729679680318e-3
-1.09299669257634e-3
-7.04412532016363e-4
-7.72328584469051e-3
-8.79523939818228e-3
-2.17498557439910e-4
-7.91535559706347e-3
9.00507208791979e-5
-7.74505511973445e-3
-8.87193665832609e-3
8.93338852279157e-5
-8.81140374859513e-3
-1.93938061329391e-4
-2.81532214437163e-4
5.16296498765209e-28
1.69836569719186e-28
7.25881223965530e-3
-7.46598974779999e-3
3.98973173465024e-28
-9.75117618637000e-4
-4.77924383401340e-28
-6.13184929818544e-4
7.95721963049800e-3
-8.38247718000318e-3
-6.88007505601718e-4
6.80651491854434e-3
7.84517030368193e-3
-8.36899038297645e-4
6.98455315898627e-4
6.41004339033113e-3
-5.28563828233075e-4
6.90985445737979e-3
-7.15738297138202e-3
-2.85365667636484e-4
7.14629179927684e-3
-3.39403533139659e-4
7.69780016570110e-3
-7.82593401431342e-3
-2.29557886569864e-4
-1.10762450024282e-3
1.00669466080205e-3
-1.04203745234344e-3
7.05255319751075e-4
-4.33902665924355e-29
3.53306627252032e-28
9.65550127240533e-4
2.87804544527535e-28
-7.23362057465238e-3
7.43641058561195e-3
1.30431360738145e-27
-7.91648050119420e-3
8.34053377020183e-3
6.09554674424473e-4
6.80908783690981e-4
7.69724092462809e-3
8.75069195436140e-3
2.15902228234199e-4
7.88436500248491e-3
-8.85286536984609e-5
7.71346003985585e-3
8.83240341195801e-3
-9.51597939433668e-5
8.76991402159888e-3
1.93377817986118e-4
2.76071606318595e-4
-4.65665479381983e-3
2.01513102379280e-3
5.92704075580741e-3
3.08318867969248e-3
5.53007687113194e-4
7.20771785472252e-4
-5.23494342782271e-3
4.52962962405934e-4
1.90652497706623e-3
5.37586505878096e-4
6.41120889852687e-3
2.93718286057754e-3
-2.94813416225281e-3
2.95734487539789e-3
2.95689599303373e-3
2.94834110376385e-3
2.35291374178104e-4
2.17835040672298e-7
-2.92293527075671e-3
7.88244150840001e-7
2.91509289185399e-3
-2.32766608835533e-4
2.91149581469341e-3
2.92311334102280e-3
-3.08343754888085e-3
5.92743166367882e-3
2.01495942039642e-3
4.65531924367468e-3
-5.44495469760875e-4
-7.21441374565757e-4
-2.93688660117652e-3
-4.61069497987410e-4
6.41099471476991e-3
-5.54495716230008e-4
1.91053759446191e-3
5.23060679138609e-3
-2.17347238669952e-3
1.72171376362140e-3
4.51758623078113e-4
-5.24039888759020e-3
3.01095846385380e-4
1.17439808491326e-4
-1.72096610445216e-3
2.17282013795206e-3
-4.51854033499899e-4
6.51668044746856e-3
-6.51589811032238e-3
-2.50301819479869e-28
-6.97693650408837e-7
-8.39787588142826e-3
5.66947478137081e-3
8.40918730088447e-3
5.67247714008090e-3
1.60120358820848e-4
4.72420903463444e-6
-1.66366895797410e-4
8.54915436775627e-4
6.45471489982256e-28
-1.17780580302451e-2
-4.23674711856847e-3
9.29245190008032e-3
3.74518515591574e-28
3.61916226393078e-3
7.54282931296757e-3
1.10087410004098e-2
-7.39484424002512e-3
5.50773592618015e-5
3.56224810786898e-5
9.77211422537039e-6
5.23893444559320e-3
3.01164421564692e-4
-1.17264204654077e-4
-2.96322335652638e-28
1.17978393884641e-2
4.23148646109439e-3
9.30016374974230e-3
1.36438286379661e-28
3.61805087959510e-3
-7.52766539415006e-3
1.10197706642339e-2
8.57221907438088e-4
7.39779521961736e-3
-6.04533368715465e-5
-1.71562243167500e-5
-1.50578704936066e-5
4.46057829273420e-29
-4.84518704979564e-6
2.25842351017036e-3
2.24246826041963e-3
-1.92510266288082e-5
-1.50156799170720e-3
1.50140673369759e-3
1.61258009612197e-7
1.96365777843077e-3
-4.64845692579630e-3
-3.75805983078466e-28
-3.20198684408801e-3
-5.48203705905337e-3
-4.01837464590837e-3
1.50540363584017e-3
-7.02042731269614e-4
1.47566414924327e-3
1.60627892931942e-3
8.52451826276024e-4
2.62370135892809e-4
3.48281526731325e-29
-6.59977344080787e-3
-5.66139174169322e-3
-6.26054802400144e-3
2.53605453565564e-4
-1.78188813691804e-4
-7.72184897357420e-5
-7.43473448012031e-30
2.03039735238164e-4
6.11559848598731e-4
7.00915093796972e-3
-6.99798480471303e-3
-1.96344096617551e-3
4.64403509429445e-3
1.47512404932115e-3
-6.91610847684654e-4
-1.50611378803234e-3
-3.65637356689691e-29
3.19188248491642e-3
5.47877633023219e-3
4.01310728005200e-3
-1.59893762821284e-3
-8.51546951814441e-4
7.43808533474777e-4
1.58658576552284e-5
-7.59783529787228e-4
5.42851698624602e-3
-2.42607332660327e-3
4.83312281158987e-3
4.83655841347286e-3
-2.39335676994301e-3
-5.43534814913471e-3
-9.57481800298865e-5
-5.40368129691160e-5
2.13049510989549e-4
4.62623007138063e-5
-3.36564177894161e-3
-5.17624468929512e-3
3.91205579836651e-3
-8.04387107314142e-3
-6.94441930738776e-3
6.63603383829070e-3
3.48294310981601e-3
3.29453857824547e-3
5.24175755836609e-3
3.75304310040292e-3
-3.82856045939661e-3
7.99546428137887e-3
2.38540220152572e-4
6.90709608258544e-3
6.63415417993463e-3
5.01356885820314e-5
7.36253085506178e-4
-7.51277119228178e-4
8.19332188939370e-6
8.28330734492511e-5
1.07539495502351e-4
5.25207626651536e-5
7.70452860777482e-4
-5.90864638752464e-4
-2.94919291775386e-4
5.79803371704202e-3
-1.47831681374555e-4
-1.18682189299761e-2
2.76554034257970e-3
-2.36947517714725e-3
-1.00751337217844e-2
-2.43355483479490e-3
-4.52341170449699e-3
-8.85356552635130e-3
9.69495181379898e-3
1.21629388377187e-3
1.02159137895796e-4
3.45761517038312e-3
6.96104789767560e-3
3.18032505583687e-3
2.32423757825018e-3
1.01909589369598e-2
4.91506491380278e-3
-3.11220336880069e-3
-3.47936695789031e-3
7.17037900039941e-3
-4.67830560683069e-3
1.06096776167410e-2
-8.02647996761152e-3
3.80093016883620e-3
-4.49137160467217e-3
3.56151602409227e-3
-7.02274895483157e-3
-1.96259497897699e-4
-7.40302176382102e-4
6.99407587944734e-4
-1.76970005668409e-4
1.17707670483469e-4
-6.09165225466768e-3
5.77903374278321e-3
2.70146068487520e-3
-2.02519567619674e-3
1.12213017018803e-4
1.29256814034306e-5
1.59758608788252e-4
-2.38492439029869e-3
-9.32605638990935e-3
-5.23622305104254e-3
-6.20832908316515e-3
1.03875575769052e-2
1.02866318593442e-3
-5.27588565250880e-3
6.16743449478463e-3
-1.05849480073630e-2
2.87544406160123e-3
-4.25195745992824e-3
-2.62935510590978e-5
3.35211180572514e-3
-7.16044673936267e-4
-2.63705079277088e-4
4.96452377839924e-28
6.59098496125665e-3
5.63617212950329e-3
6.25077504928129e-3
2.55446311760110e-4
-1.65599846752684e-4
7.65557392412575e-5
1.53261181578791e-28
-2.03373098148774e-4
-6.03570519074781e-4
-6.98880554994474e-3
6.97652144184957e-3
-8.48533318276168e-5
-5.31133478034462e-5
-5.38632825737295e-5
-5.71666287714834e-3
-8.87476930415687e-5
5.67768053088002e-3
1.17721371934749e-2
2.13696405148767e-3
2.98263303238855e-3
9.93381696560647e-3
2.09229864583449e-3
-1.91251720025321e-3
4.68071617498111e-3
5.12524172336271e-3
8.98907371697533e-3
9.66026183016311e-3
-1.25077947404861e-3
7.97999700807850e-6
1.77679318903756e-3
3.48281564947683e-3
-7.46523565089774e-3
-2.94365068612024e-3
4.53283112460667e-3
3.00602392036353e-3
3.67641563752841e-3
-7.30398665336907e-3
4.83327520623789e-3
1.06262525113436e-2
7.63565088811902e-3
7.63889619204150e-4
-5.47787626459240e-4
2.77375971677429e-4
-3.53203763580723e-3
4.39402181291371e-3
-3.04850202019225e-3
-3.26654730906739e-3
7.15358104719144e-3
-9.64849964475434e-4
2.02977400476811e-4
8.00802339199436e-4
7.95617002609106e-4
1.75642013346078e-4
-1.12461598291702e-5
6.47252001374454e-3
-6.00018029228977e-3
-5.64463925911696e-6
-6.66402844444747e-5
2.88266765960543e-3
5.14146792124848e-3
-6.24700710284287e-3
-1.02768981971622e-2
-1.21781527332132e-3
5.40754069015748e-3
-6.24182176625254e-3
1.05493395464009e-2
-9.67958431488114e-5
-3.57860619419625e-3
-1.02865787653172e-4
-2.83788373667448e-3
7.45475551866548e-4
-5.63853283352955e-5
2.21633969204049e-4
1.06926825431231e-4
4.56099053508296e-4
7.55749085783464e-5
-8.89532284190864e-4
7.39116480644952e-4
2.03803337944919e-3
-6.55067200113990e-4
1.02646821778762e-3
1.08828870884281e-3
-8.60896379435871e-4
2.13404807021789e-3
-4.77218630322795e-4
-1.05817612535475e-4
2.14544507493031e-7
-1.43112099367304e-3
1.43133553818053e-3
-8.49524673262992e-29
2.84818383240015e-4
-5.25548267337328e-3
1.95501224048655e-4
5.62581958524195e-28
6.17498914768078e-3
-6.13775978698072e-3
2.58031940614467e-4
-4.11072587113992e-3
-6.44169905862668e-3
1.33914949889302e-3
-6.18301295074453e-4
-5.87132089862052e-4
-1.70231435864304e-28
-7.45530638721092e-3
6.71060726187278e-5
7.36188242950675e-3
-6.77482789726014e-5
-2.35942000937551e-28
-2.81708556300941e-4
5.23865184373307e-3
-1.95343423690986e-4
9.08291506346834e-29
-6.16008337894414e-3
6.12731429043478e-3
-2.56995029506157e-4
4.10662563580644e-3
1.33503325003659e-3
-6.11296994473598e-4
5.84179478618552e-4
6.42248936422263e-3
5.60278480179477e-5
-3.07513792461123e-3
3.28170314247700e-3
-4.27108625444816e-6
2.91791424035637e-3
-1.99247681678116e-5
-1.37847690837134e-4
-6.43487857507807e-3
6.54778277863954e-3
8.20954056734990e-6
1.33698151813633e-4
4.19816750138580e-4
-2.41952990762684e-4
8.79992811064767e-6
-3.79236498724822e-3
-2.32034419150295e-3
-6.51403437541376e-3
7.79253067912578e-3
-6.44689477644533e-3
-6.49984020355987e-3
2.72166938816554e-3
3.44412908702907e-4
3.96459374519509e-3
-7.56713557461808e-3
3.74249935430271e-3
6.83732577317642e-3
6.93520992081176e-3
-1.26120485674619e-4
2.40129847952630e-3
-1.82895597845345e-4
-3.28631795127876e-5
6.44231224896430e-3
3.72305025189235e-3
2.32876085487987e-3
-6.48514234899267e-3
-7.72092907459410e-3
6.62473842726286e-3
-2.76209209710032e-3
-3.92036311359334e-3
7.51652924409996e-3
-7.18596283968509e-3
9.68525046118884e-5
2.41494705483092e-3
1.46748351880888e-4
-6.47418537937483e-3
4.19390038254619e-3
-1.98216294181464e-3
-1.92066770949850e-3
4.16806348603416e-3
-1.96073610874237e-3
1.90313546531229e-3
-1.55741351913508e-29
6.59498866343711e-3
-8.54917558166335e-3
4.14907531743742e-29
-6.57132854883002e-3
8.47886294081945e-3
2.00822474312190e-5
-2.71708686075556e-3
2.61153904926914e-3
5.49914729867851e-3
-4.85717102533201e-4
-1.01558742555312e-2
3.82877096569700e-4
-4.76240321768273e-3
-9.70520000915798e-5
-8.77809905137639e-5
-2.14757186569159e-4
-5.60198730465800e-3
-5.10406539024851e-28
-4.92912300120452e-3
1.01091766837840e-2
5.04822831413776e-3
6.72864303453480e-4
-5.13776104696717e-4
-1.84552502898266e-28
7.42871358992403e-3
-6.68474535641117e-5
-7.33611507775800e-3
6.70888043801110e-5
-5.48923835802384e-3
4.88305404132916e-4
1.01187000919936e-2
3.89646583926151e-4
4.75945008949452e-3
1.03765895914876e-4
9.47311245482751e-5
-5.58789717825903e-3
3.34682940665191e-28
4.91060515662411e-3
-1.00636171283099e-2
2.15099734646174e-4
-5.04533077747737e-3
-6.77292021634912e-4
5.13499462556410e-4
-5.99378402625916e-5
2.14210487001765e-4
-8.54579181464032e-5
4.89374539256460e-5
-2.20308927680435e-4
-7.18261974441248e-4
-5.59653755999534e-4
-6.54059583609978e-4
-2.61970422951663e-3
2.43899943158077e-3
-1.97367010676430e-3
6.29682968735779e-4
2.72198584076477e-3
9.83532616032790e-4
3.84936714908690e-4
-8.27308141708727e-5
7.20024843474221e-4
6.23007884200888e-4
-2.78497726264959e-3
2.92418749205581e-3
-2.59890771081928e-3
2.08371342716873e-3
2.85638121283682e-3
-6.77765770262795e-4
-3.13876425025228e-3
1.76817644046423e-5
5.03562466747098e-5
2.26328496410133e-4
8.34764381561826e-4
1.81983486047643e-27
-9.48287665437419e-4
-5.51999679693602e-28
1.56891993810859e-4
-2.31036599075019e-3
2.18785352831219e-3
5.48060138987339e-4
-3.14513037231201e-3
2.96394884477991e-3
5.65550530325254e-4
-3.13614119374961e-3
-2.98554205005530e-3
1.45308908017494e-3
9.89916517788458e-4
4.06367370013427e-4
2.17553532916526e-4
2.49857997123115e-3
-3.01112917607327e-3
3.96124145207288e-4
3.18618318246422e-4
-2.32144822784708e-3
-2.46604615845047e-3
1.68305795114776e-3
1.59253727979713e-3
5.85174021350099e-3
-7.54893295714965e-3
1.01944934243203e-4
1.03652655582209e-4
-5.47602675387893e-3
-5.73006624340167e-3
2.97652840190565e-4
2.65268079723491e-4
2.49854122638205e-3
3.01166322591939e-3
-3.97048601691097e-4
-3.18223844743670e-4
1.45258769615353e-3
-9.89534883473198e-4
-4.06279737093840e-4
-2.17711990920577e-4
-1.68269232196749e-3
-1.58926427173256e-3
2.32024020579757e-3
2.46330332057809e-3
-1.05844931725689e-28
-8.42229995822663e-3
8.40542019960822e-3
4.29426501113994e-6
3.57520037584891e-3
5.75797292570002e-3
8.39079280581245e-5
5.64256577852973e-5
1.83996508262396e-4
4.80631840389378e-5
3.28421023709780e-7
5.75943722451200e-3
-3.57808826268524e-3
-1.93270841322146e-4
-2.51875784584854e-5
-1.00944840980333e-4
-2.46826415803980e-5
-3.80051550905591e-5
2.18285607047619e-5
1.31274143519988e-5
-1.44590019104385e-5
-8.34513376638313e-3
-8.14571700584565e-3
5.71845511770164e-3
5.60330890975536e-3
6.38918568971292e-3
5.96260435881391e-3
-6.38395501130162e-3
-5.96047184549775e-3
8.32442350693441e-3
8.19371884412590e-3
5.71798403431956e-3
5.61106158313862e-3
3.14362729224821e-29
-2.03930108000350e-6
-6.92565562474101e-3
-6.94004011040761e-3
-2.53367293225892e-5
2.43225218810039e-6
3.19746353341088e-5
1.38141773220468e-6
-1.66076686411998e-5
3.95678165432400e-6
4.31027189051747e-7
8.48264265584930e-6
-1.31269444807458e-5
8.53992814883853e-4
7.43851112559923e-4
1.02885799890373e-4
-1.18360671214646e-2
-1.17997949237463e-2
-4.26726291438229e-3
-4.48449316544952e-3
9.41839375157372e-3
9.46681277696371e-3
2.12896516131877e-5
3.61448282522048e-3
3.57913747942007e-3
7.46440000582993e-3
7.44478410183547e-3
1.09884529827582e-2
1.09074205528259e-2
-7.38999430551246e-3
-7.33414777630514e-3
7.55117819758766e-3
5.85145991204428e-3
-1.01175178158996e-4
-1.02982908828153e-4
2.97081968994029e-4
2.63832333171621e-4
5.47289409789187e-3
5.72380848440446e-3
2.08259088054774e-5
-2.72936218692621e-5
-2.67533906992412e-5
-2.51865797054052e-5
1.18146047199730e-2
1.18804462889557e-2
4.32179704792190e-3
4.41478930734007e-3
9.41852181431102e-3
9.48462000934569e-3
8.45372549759915e-4
7.50462810515273e-4
-4.59273752113631e-5
3.61878992451103e-3
3.57716935387487e-3
-7.50630862557955e-3
-7.36702561954417e-3
1.09935745205689e-2
1.09383484382306e-2
7.42463653628533e-3
7.31308752057203e-3
-4.32699276160520e-5
2.36913446816089e-5
-2.87992234362378e-5
2.21666486530125e-3
2.21290473905356e-3
2.25704388489589e-3
2.13377126088687e-3
1.51492641688566e-3
1.48016409410090e-3
6.03155403098299e-5
9.14828827944802e-5
1.51478822131779e-3
-1.47700464728473e-3
-5.98575774679588e-5
-9.09779145246148e-5
-1.49741919913282e-3
-1.43823386133946e-3
1.49735801992534e-3
1.43824175404816e-3
-4.32403905776937e-28
-1.11060077068004e-3
5.98738642936869e-3
5.46967543590293e-3
1.71106937461829e-3
6.74575620882578e-4
1.25502867440397e-3
8.60437927714841e-4
-6.15958236687142e-4
-4.50775371402479e-4
-5.14372075343772e-4
1.82761168827827e-3
1.52357345682397e-3
-1.42058104470522e-3
-3.45980784729605e-3
-3.95186721064533e-3
-5.71633627461665e-3
-6.14642255030162e-3
4.28106707332176e-3
-4.69088894924941e-3
4.70178486250106e-3
-4.62573227531493e-3
1.50971866826666e-3
1.28141613799926e-3
7.76226893295373e-4
6.26469586400447e-4
-4.60017501941223e-3
-4.17089550972349e-3
1.42346882073774e-3
-6.80116191775326e-4
1.35895874031533e-3
-6.55362159266204e-4
-6.17122193061093e-4
2.26622723211056e-4
2.22361435206153e-4
-7.52948681006060e-4
-7.11866194509980e-3
-8.23947288596116e-3
-6.15840925392774e-3
-7.42937550023726e-3
6.75899987309947e-3
-8.28115498453030e-3
-2.86263881619675e-4
1.84836977325631e-4
1.47547015714622e-4
4.02213403333462e-4
5.34125860673029e-4
8.43896212739992e-3
7.52562527694067e-3
-8.68774301953579e-3
-7.47246854086114e-3
1.28012962594504e-27
6.81492429762187e-3
-7.25270992571581e-3
-1.71169646041136e-4
-4.87965635481480e-4
-5.39755609634263e-4
-4.01733464295617e-4
-2.88903405457397e-4
-4.59182195001517e-4
-3.92627610821705e-4
-5.67319744879669e-5
-1.73126975489879e-4
-5.85873998080189e-5
4.62509001798850e-3
4.70306850102276e-3
-1.38172573142148e-3
3.92729571019856e-3
3.47082259300890e-3
-1.24675308406230e-3
-1.52450589609554e-3
-6.21833804288485e-4
-7.74036477046991e-4
-1.82388157578117e-3
-1.52722574352993e-3
5.68909800342254e-3
6.17280023610078e-3
4.27413667230780e-3
4.69308115303591e-3
2.19171132342652e-28
1.09808975868542e-3
-5.98601333382121e-3
-5.44593262950888e-3
-1.71198737414002e-3
-6.78130013014311e-4
1.25779789014402e-3
-8.71859917399576e-4
-5.94576390081869e-4
-4.19606714572751e-4
-5.43250284771091e-4
1.42601515113316e-3
-6.60325069719470e-4
1.36145370528151e-3
-6.31588277903106e-4
-6.41299347634572e-4
4.59453934907827e-3
4.16458543314135e-3
3.29779156481891e-3
1.63022861158879e-4
-3.89248444002988e-3
3.65568807740146e-3
9.35738911493900e-5
3.83071103033217e-3
-7.93823556898587e-3
5.50693497643806e-4
-4.66384642527373e-3
-3.97413009250158e-3
-3.95605311609870e-3
4.21833313976094e-3
8.01867917357413e-3
3.97257144368268e-3
4.39993776240044e-5
-2.78487337232036e-3
-3.57401676751579e-4
-8.13772087440157e-5
-3.00933701282702e-4
3.91000803756469e-3
7.32706109363335e-3
4.83886937820444e-3
4.81196000691853e-4
-8.03950483145854e-5
1.16913404286834e-3
-1.40581483947244e-4
7.71042836973379e-3
2.62049421650090e-4
1.66019769892500e-4
8.80314661934278e-4
2.00999490630238e-4
7.31955299215770e-6
3.17404232552576e-3
4.86076351194953e-3
-1.64205016252339e-3
-2.23656385821158e-3
-1.84989027048488e-3
-1.21217028890896e-4
3.69045154502601e-3
3.90075960876857e-3
2.88686045874442e-3
-3.12139262950950e-3
4.05368138146400e-4
4.15113001508871e-4
3.68750524216921e-3
3.98029972598124e-3
-7.26653906757235e-3
1.20874801996251e-3
4.23485146757230e-3
3.84333157614947e-3
-4.94546027744036e-3
-4.49400284310286e-4
1.06619318785306e-4
6.58149950254483e-4
3.89781330591177e-3
5.78803928874549e-5
3.83166965900728e-3
3.90774400648297e-3
-4.21483189688843e-3
-7.82908847625663e-3
-4.67251327540907e-3
-8.97705277807859e-4
-1.26822893832923e-4
-2.97997223071889e-4
-7.02273426895772e-5
-1.25047922324484e-4
4.86250828635093e-3
-3.19324691946576e-3
-2.16399948720891e-3
-1.53709411429759e-3
-1.93497469739157e-3
-1.22318517696840e-4
4.60136505438413e-3
-2.27766767559956e-3
4.27585864127877e-3
-2.13432454663121e-3
-2.07316005929670e-3
4.60237961824816e-3
-2.21323723419431e-3
4.26271669147127e-3
-2.04835454620422e-3
-2.14179815922932e-3
-3.92232466765563e-4
1.35021984715422e-3
3.14592804670610e-3
-2.73745606591547e-5
-4.42178041453190e-5
3.16939817139428e-3
-6.46967184900404e-3
-2.32555777301968e-5
6.78137339070872e-3
6.51900123421001e-3
-9.03848472262325e-5
1.33954740363151e-4
2.74413127954176e-4
6.81083532390403e-3
-1.49133353812658e-3
7.80718681062353e-3
3.79422438527399e-4
2.78107014082707e-3
2.61858099383971e-3
-3.15089667310531e-4
2.00153617697651e-5
2.60268395209096e-5
-1.37368997184240e-3
5.61918350285850e-5
2.60323339534807e-3
-1.22896138174156e-3
6.21023955420696e-3
-5.04433908395185e-3
2.41219915619695e-3
-3.01801879402319e-3
-1.18289525335058e-3
-2.76572254188068e-3
-6.44437785456375e-3
-1.90489841929775e-3
-6.99486360485935e-3
-6.31969408766508e-3
7.39881894219252e-3
-6.13271894229683e-3
1.09855372807033e-3
-4.70322257729094e-3
-1.77372324526459e-3
2.41821063400494e-3
6.97748788525132e-5
-1.23463078523400e-3
-8.68396123223647e-5
1.60487188622938e-5
8.28188995001256e-5
-3.39395830817324e-6
-3.50488295737250e-5
6.95454826882269e-6
2.52982938536661e-3
1.17335158847709e-3
-1.18099288016538e-4
-2.35126886451553e-3
-1.79604082336482e-3
1.23837850898667e-3
-2.49826300915856e-4
-1.03703411878087e-3
6.73327329167250e-4
-4.84819106247869e-5
4.51284883240533e-4
-3.03271428947482e-6
1.60236406827607e-5
-3.65885005635391e-5
-4.72003057174675e-3
-5.65571540391829e-5
-4.66540287357020e-3
-6.60555381352879e-3
-1.47201054981627e-3
9.84409252029650e-3
-5.00354836998440e-3
8.43735347103802e-4
5.23580040783145e-3
5.82253343483785e-3
-1.02276182053629e-2
-1.57658600289778e-3
6.30609115432890e-5
-1.17970009250712e-3
1.83991994606458e-3
-5.66134952855890e-3
7.89107648870413e-4
-3.75000164797257e-3
4.66878948361682e-3
5.13840380335751e-4
-5.05059932947916e-4
3.82434723087499e-3
5.88500662905744e-3
-8.64644084117572e-4
6.82240283049396e-3
-1.67546271768515e-4
6.44533981949280e-3
-1.30747327233394e-4
-5.23271293513972e-3
5.26446361811850e-3
2.46315683796183e-4
-5.42612821936928e-3
4.64224562506388e-3
-4.17523953427690e-3
2.02304817548793e-4
-1.38017315606476e-3
-1.62472868379382e-3
5.73490708598001e-3
-6.69425447767935e-5
-4.16713425522630e-3
4.18362122547933e-3
-1.29994893740104e-4
-5.88737219811719e-3
1.45719216027373e-3
1.86523154366736e-4
1.81185729729805e-3
-7.14279345856994e-5
1.63680842784686e-3
1.66182529611092e-3
-4.06402163548591e-5
-4.86218357482215e-3
6.24631827861322e-5
1.82834426756529e-3
-5.39036049801211e-3
-3.56201623044683e-3
-2.47502822503520e-5
4.56017493164040e-3
5.53346038714153e-5
-6.22391298975344e-4
-5.41437515266807e-5
-3.27178621330404e-3
3.94688412825417e-3
3.58703309871089e-3
-1.66515567931924e-3
-1.78481713436440e-3
-1.38895921020321e-3
-1.04060752772739e-3
-1.55354483420922e-3
-1.35097143062524e-3
-3.81556678348716e-3
5.20731651289452e-3
-2.35661050908220e-4
-5.91079473252876e-4
-2.06639661707975e-4
1.00058295596739e-3
-1.11380496991842e-3
1.02277842478316e-3
-1.07613030179721e-3
1.02402717757855e-4
1.05393483300986e-3
3.10870674979924e-5
-2.64701273124501e-4
-2.23898611261575e-3
-5.87198220955543e-4
5.89359768483178e-4
-4.95662131982044e-4
-7.29241666505231e-4
-2.26290739874457e-4
-2.22634006078692e-4
-6.92549601829739e-4
8.25969197215670e-3
7.07843960606880e-3
7.33288380939712e-3
6.18098786159749e-3
8.27797982680067e-3
6.74346676765936e-3
2.85360259240974e-4
-1.45378353181513e-4
-1.87747158520324e-4
-5.56144455316598e-4
-3.60496677309641e-4
-7.50032475388451e-3
-8.40788248552826e-3
8.63877807123004e-3
7.44921766988682e-3
-1.07317235758448e-28
-6.79222553711156e-3
7.22849619503840e-3
1.70966756666502e-4
-5.06877141571493e-4
-5.26919709216145e-4
-3.84094121809397e-4
2.90011148187830e-4
4.58486440641614e-4
3.87971095253903e-4
5.64076271913905e-5
1.73149940302153e-4
5.76081580696552e-5
2.24114766007233e-3
6.13316004773878e-5
-8.75010485970051e-5
-8.75507820978783e-5
4.71561458903125e-3
1.12276091613239e-4
4.63329972717474e-3
6.61399707450983e-3
1.49386291019482e-3
-9.76504482025575e-3
4.97909892760617e-3
8.85236220483421e-4
-5.27389543935897e-3
-5.82269250060108e-3
1.01717871676783e-2
-1.81094870669085e-3
5.49035155822253e-3
-8.02921358683761e-4
3.67377684750636e-3
-4.69990043117718e-3
-5.28319620425322e-4
5.44671631701021e-4
-3.83615971603035e-3
1.01652800370289e-3
1.07148392828549e-4
4.15609082921264e-3
-4.14576026435043e-3
1.41035236765674e-4
-5.87301732033296e-3
-1.46969359835580e-3
-1.90366039955592e-4
-1.81139623083482e-3
5.62600405373814e-6
-1.62010866313267e-3
-1.65251540772715e-3
4.93390114837666e-3
-1.80106566597260e-3
5.34790599073176e-3
3.54684032475916e-3
-4.16426474885156e-5
4.54435895869665e-3
-6.08193564630710e-5
6.23121730349396e-4
-9.59557996793592e-6
-3.28701174470325e-3
-3.99356583875488e-3
-3.57924706933144e-3
-1.72333965497273e-3
-1.74888079362745e-3
-1.34476585355969e-3
1.03160961123194e-3
1.53677180267664e-3
1.32286655718872e-3
3.85251172730250e-3
-5.20912333655588e-3
2.32656317450619e-4
5.94639787010465e-4
2.06590437869636e-4
7.16149674019562e-4
6.03520925608336e-5
9.29663172506423e-5
1.43031876802802e-3
1.40260451924945e-3
-6.02081507752317e-5
-9.20787283593683e-5
1.42905380977165e-3
-1.39852316698974e-3
-3.67546960973186e-4
-4.50376139511377e-4
-2.73429916433088e-4
-1.26136069878058e-3
2.43157312350917e-4
1.55755586249029e-4
-5.47728663910618e-3
-6.01059848017371e-3
1.46555141828486e-4
7.77083366720888e-5
4.17045586012676e-3
-4.20990925766773e-3
-1.03010035475393e-3
6.88297788411774e-3
6.42635900661048e-3
-6.84360320627775e-3
-6.38434591985515e-3
1.52399799311809e-4
1.97646749271030e-4
-7.44707261679878e-3
-6.73407076054389e-3
-2.73160801491201e-4
-8.84606765743712e-3
-7.88342571655676e-3
4.78313093523752e-5
3.49498157987682e-5
8.64025924695433e-3
7.80574476118545e-3
-1.22579921505306e-3
-1.41755483259232e-4
-2.50035693608375e-4
5.95939022777969e-3
5.48902140928220e-3
-8.03937252698006e-5
-1.44160541061922e-4
4.21942988529622e-3
4.16934837189586e-3
1.02703186328057e-3
-6.40764898132318e-3
-6.86620916962966e-3
6.35790242753842e-3
6.84443903903542e-3
-1.99131360886895e-4
-1.49565073187752e-4
7.40718757390368e-3
6.71614846892510e-3
3.65547251560239e-4
2.70967197124827e-4
4.48078021516807e-4
-1.21020474729209e-27
-1.20520554293080e-3
-1.48526463232201e-3
-8.70966996769695e-4
5.92706615392610e-28
1.20322367882864e-3
8.69358340480630e-4
1.47484305452394e-3
2.71115492672891e-4
8.80789873815502e-3
7.85153228714108e-3
-8.60033743626332e-3
-7.77499806291182e-3
-4.92767704614039e-5
-3.51353027134849e-5
3.63856930083450e-4
1.91797028481488e-4
2.96124642961360e-4
1.49017718221955e-4
1.41636321407645e-3
9.67509946460332e-4
1.34267566732227e-3
9.30325690550404e-4
6.06548652978489e-3
-7.73746438264311e-3
6.27570666339494e-3
-7.89330383543074e-3
-4.86756320583481e-5
-8.32033723278869e-3
-8.22180414553486e-3
8.35749611307790e-3
8.14712863285649e-3
-3.26907752778993e-5
4.12648811334293e-5
3.52160940644097e-3
5.64115109622065e-3
3.37436952939640e-3
5.32464473538141e-3
2.63291447281411e-3
-3.12761647635540e-3
2.75533120362148e-3
-3.19677534643148e-3
-1.14014054026157e-3
-8.06706720645423e-4
-9.75000183338182e-4
6.66140590992370e-3
6.25545117382220e-3
6.75866306849571e-3
5.82770175353531e-3
1.60587681642288e-3
6.17571636153613e-4
1.36455818317316e-3
4.67213346986739e-4
3.35809128060305e-7
2.95374126242365e-5
-2.84666247196697e-5
1.24966415882000e-6
1.49856792574532e-3
1.48024355091003e-3
1.43767315541155e-3
1.41741284988228e-3
4.63098944829454e-3
-4.63341191351674e-3
4.21827838687250e-3
-4.26428238974097e-3
-1.20170006899656e-3
-6.21040603253498e-3
-6.70478746452474e-3
1.00796672878545e-3
7.44935877555974e-4
-5.84613031837478e-3
-6.67709442993214e-3
4.63432221587823e-3
4.63450376741292e-3
4.26587112265508e-3
4.22367832564419e-3
1.49847895831901e-3
-1.47503331349697e-3
1.43688979563805e-3
-1.41167155364919e-3
8.23124549853560e-7
3.29544483221866e-5
-3.35073324109203e-5
2.79658841861874e-6
-3.65446307952766e-4
-2.93636883085924e-4
-1.93255511270252e-4
-1.44692047456374e-4
2.63172989475891e-3
3.12877599264993e-3
2.75411198715858e-3
3.19368726141533e-3
5.63123463322768e-3
-3.51127676165675e-3
5.32887429670836e-3
-3.37640844625753e-3
7.74012645551636e-3
6.06343194000658e-3
7.88898717621578e-3
6.27092226899606e-3
1.41584326657274e-3
-9.68086929040268e-4
1.33885205653783e-3
-9.24251144638788e-4
-1.59990163415813e-3
-1.36981522758362e-3
-6.08524744023953e-4
-4.73191107673188e-4
2.12116043485366e-5
-1.43899026667782e-5
5.90264647115646e-6
-6.90200829961896e-3
-6.75644438172185e-3
-6.88284141315165e-3
-6.81389057706383e-3
-6.68555234476287e-4
8.26584341140801e-3
7.21147831276170e-3
-8.59119037502865e-3
-7.72670060166547e-3
-9.19404877777197e-5
-1.13283036480283e-4
6.62497879382329e-4
-8.21398736519541e-3
-7.18930152824271e-3
9.82616261069325e-5
1.12571521171390e-4
8.54650563485393e-3
7.69906702753076e-3
-1.51840131934478e-6
-1.20091130924038e-5
-6.73771285645941e-4
-3.26821850515913e-4
-2.65965436483384e-5
-1.16083266334499e-3
-4.06322794503922e-5
-2.33372024635514e-3
-2.38047717325429e-3
-6.87956217102048e-4
-5.97458730367428e-4
-1.93860983866045e-3
-1.96909254306377e-3
-6.06953890401662e-4
-3.86875332196723e-5
-1.23817942039750e-4
-1.25886108730811e-3
-3.51242312678579e-4
2.11740235727120e-5
5.26550360291367e-6
3.92456501607796e-6
6.72647616966060e-5
2.71543543126640e-5
2.16418857235112e-6
-1.23451846718581e-5
2.08004367010517e-5
-4.21372375285500e-5
6.46627740366057e-5
-2.04410441947545e-3
-7.19881751066964e-4
-1.74659488672546e-3
-5.92889777214278e-4
-1.91873601981030e-4
-5.24741851563704e-4
-9.01961710297883e-4
-5.26800521326365e-4
-2.66615982052798e-4
-1.60530030324679e-4
-5.58009054373088e-4
1.91088990053601e-4
5.19401014784648e-4
-1.91894291194217e-3
7.04003003448861e-4
1.71757534076278e-3
8.96754522898391e-4
5.27953565040207e-4
2.65303901262115e-4
1.59445965729921e-4
