-5.73930208e-23
1.02519888e-23
-1.08246623e-22
-8.94007354e-6
1.11382138e-22
-8.66180906e-23
1.17409493e-13
-5.71742120e-22
-4.69703336e-23
8.94007355e-6
8.90193638e-24
7.80118776e-23
-4.02934132e-23
1.09534136e-5
-4.55562751e-23
7.91012821e-23
2.36098571e-4
-3.52377884e-4
7.98435065e-4
-6.92991551e-4
4.44138895e-15
1.63129483e-3
-9.44263312e-15
-1.63129483e-3
3.52377884e-4
6.92991552e-4
-7.98435066e-4
-2.36098571e-4
-1.09534131e-5
-6.08894228e-22
-1.68053205e-23
-2.23978818e-6
7.69720810e-23
-7.33984552e-24
-1.62388200e-5
-9.05317381e-5
2.05771424e-4
-9.05317382e-5
1.13465233e-13
3.31071528e-3
-1.30808090e-13
-3.31071528e-3
1.62388202e-5
9.05317379e-5
-2.05771424e-4
9.05317384e-5
2.23978715e-6
-7.53185267e-23
-1.02356357e-22
1.09534131e-5
1.78933991e-22
-2.44999308e-22
-6.92991552e-4
-3.52377884e-4
2.36098572e-4
7.98435066e-4
1.63129483e-3
-1.88662707e-14
-8.37768579e-14
-1.63129483e-3
6.92991551e-4
-7.98435066e-4
-2.36098572e-4
3.52377884e-4
-1.09534136e-5
2.90026157e-23
-3.73705198e-22
6.21350968e-23
1.55259820e-23
-8.94007348e-6
-2.06037836e-22
-1.59281906e-22
9.80957927e-14
-5.10854472e-22
-4.40947851e-22
8.94007348e-6
1.87944241e-22
-1.89610773e-22
1.45763148e-22
-5.18575538e-23
7.31780569e-23
2.02440604e-5
-8.27462069e-24
-6.08530926e-6
2.08556585e-4
2.89121065e-4
-3.62163004e-4
-2.47994114e-4
-1.44949740e-4
5.65262524e-5
2.29087254e-4
-1.56524109e-5
-7.81822323e-24
-1.58288607e-26
6.54153720e-22
-1.33201289e-5
-1.32276077e-22
-2.23232517e-13
-1.53856998e-4
1.27716056e-13
1.53856998e-4
-3.52918542e-4
4.07549932e-4
-2.66059521e-4
2.09523280e-4
-7.90625966e-14
-2.74518610e-3
8.26084361e-14
2.74518610e-3
-4.32285390e-4
3.18139536e-4
-2.66545129e-4
3.18139536e-4
-3.18181123e-4
2.88336478e-4
3.53414185e-5
-2.18336624e-5
6.22100442e-5
5.48342195e-6
-3.12743869e-5
5.48342200e-6
1.81946508e-6
3.09135751e-22
1.41030254e-22
3.53414187e-5
-2.18336622e-5
2.88336478e-4
-3.18181123e-4
-2.47994114e-4
2.29087254e-4
5.65262524e-5
-1.44949740e-4
1.81946544e-6
-2.85282039e-22
3.42395116e-22
2.89121066e-4
2.08556585e-4
-6.08530935e-6
-3.62163004e-4
3.07266939e-23
2.02440604e-5
1.31195679e-22
-1.56524107e-5
2.06221439e-24
-1.07951920e-23
-2.66059521e-4
4.07549932e-4
-3.52918542e-4
2.09523280e-4
1.89149182e-13
-1.53856998e-4
-1.12666187e-13
1.53856998e-4
3.01072902e-22
-1.33201288e-5
-3.69769108e-23
-1.61542969e-13
-2.74518610e-3
2.37306722e-13
2.74518610e-3
4.32285390e-4
-3.18139536e-4
2.66545129e-4
-3.18139536e-4
-3.53414187e-5
3.18181123e-4
-2.88336478e-4
2.18336623e-5
2.66059520e-4
-2.09523280e-4
3.52918542e-4
-4.07549932e-4
-2.89121066e-4
3.62163004e-4
6.08530948e-6
-2.08556585e-4
-1.06298469e-22
1.33201287e-5
5.76033613e-22
2.47994114e-4
1.44949740e-4
-5.65262522e-5
-2.29087254e-4
-1.74921153e-29
1.56524107e-5
-1.53329830e-22
-2.11826787e-22
-2.02440604e-5
0.00000000e0
-6.22100442e-5
-5.48342189e-6
3.12743871e-5
-5.48342213e-6
-4.15444940e-22
-1.81946435e-6
-5.82077016e-23
2.47994114e-4
-2.29087254e-4
-5.65262525e-5
1.44949740e-4
-4.34790036e-22
-1.81946480e-6
-2.75182498e-22
2.18336625e-5
-2.88336479e-4
-3.53414183e-5
3.18181123e-4
3.52918542e-4
-2.09523280e-4
2.66059521e-4
-4.07549932e-4
-6.97369950e-23
1.33201286e-5
-3.16181987e-23
6.08530910e-6
3.62163004e-4
-2.89121065e-4
-2.08556585e-4
-2.91433952e-23
-2.02440604e-5
9.91711423e-23
6.85222038e-23
1.56524106e-5
-1.36789305e-26
7.51953566e-5
-8.35672110e-5
1.74650807e-4
-1.67046415e-4
-1.44867527e-4
2.45530007e-4
-1.12003013e-4
1.03746468e-4
-6.07332281e-4
1.89659326e-4
5.29801274e-4
-6.19326321e-5
-9.83459085e-5
3.02693689e-5
3.77665732e-5
3.79798214e-5
3.79798212e-5
3.02693690e-5
3.77665732e-5
-9.83459084e-5
-1.67046415e-4
-8.35672110e-5
1.74650807e-4
7.51953566e-5
1.03746467e-4
2.45530007e-4
-1.12003013e-4
-1.44867527e-4
-6.19326323e-5
1.89659326e-4
5.29801274e-4
-6.07332281e-4
6.19326325e-5
-5.29801274e-4
-1.89659326e-4
6.07332280e-4
-1.03746468e-4
1.12003013e-4
-2.45530007e-4
1.44867527e-4
1.67046415e-4
-1.74650807e-4
8.35672110e-5
-7.51953566e-5
-3.79798213e-5
-3.77665731e-5
-3.02693693e-5
9.83459084e-5
9.83459086e-5
-3.77665733e-5
-3.02693690e-5
-3.79798213e-5
6.07332281e-4
-5.29801274e-4
-1.89659326e-4
6.19326320e-5
1.44867527e-4
1.12003013e-4
-2.45530007e-4
-1.03746468e-4
-7.51953566e-5
-1.74650807e-4
8.35672110e-5
1.67046415e-4
2.05416447e-23
-5.61781656e-7
-1.12262735e-22
-2.85225544e-5
2.70580902e-5
5.73906881e-6
2.36053603e-6
6.74461924e-6
-2.45495697e-5
1.82888305e-5
-2.49111339e-6
-1.14596216e-6
-1.26821857e-22
-1.04935666e-22
1.59078360e-24
1.95420346e-5
4.63368012e-22
5.47303653e-5
-9.01329509e-5
-9.18202988e-5
4.85068656e-5
2.58691901e-5
1.90545681e-4
-1.77341931e-4
-1.02432034e-4
-5.18931584e-4
5.35089644e-4
3.36359480e-4
-1.96835496e-4
-1.72760787e-4
-4.96000822e-4
3.72942307e-4
2.11696072e-4
3.31000133e-5
1.65405759e-4
-3.04876460e-5
-1.31607138e-4
3.13543795e-5
5.09164125e-5
-3.00620549e-5
-2.09260324e-5
-4.51628991e-6
-5.42055135e-23
-1.90322647e-23
5.96782831e-24
-1.89689504e-5
-2.73445397e-22
5.10087641e-6
7.73597975e-5
5.29584271e-5
-1.00511604e-4
-3.54860586e-4
-1.65653416e-4
4.02900640e-4
3.11545513e-4
2.45996257e-22
-5.35191549e-6
-1.06506011e-23
-1.88325038e-13
1.21549934e-4
2.58502720e-13
-1.21549934e-4
1.05154225e-4
-6.32417119e-5
-1.24779700e-5
-1.61215628e-5
-4.53450737e-14
-1.16306650e-3
6.21145182e-15
1.16306650e-3
-1.39609355e-3
3.73058183e-6
9.48187710e-4
4.27301501e-4
1.17464262e-3
2.14093124e-4
-5.57216922e-4
-1.00052669e-3
7.45261787e-4
7.62183453e-4
-9.40305181e-4
-5.85125725e-4
-7.76551603e-4
1.21181440e-3
9.55215730e-4
-1.41459429e-3
-5.62128305e-4
-8.73211155e-4
5.66668062e-4
9.06360322e-4
3.26790436e-4
8.06641271e-4
-6.27410271e-4
-5.32506381e-4
-7.81966666e-15
9.05720985e-4
3.39492632e-14
-9.05720985e-4
2.25421761e-3
3.48210067e-4
-1.43038148e-3
-1.13561066e-3
-4.74792766e-14
-2.31750579e-4
-3.47601784e-14
2.31750579e-4
-2.61372625e-3
5.43533741e-4
1.51076013e-3
5.43533740e-4
6.40080275e-4
6.28862469e-4
-7.31999955e-4
-5.32680316e-4
4.62356728e-4
-1.21341722e-4
-2.81231137e-4
-1.21341722e-4
-2.10489028e-4
-2.17559061e-4
2.21968388e-4
2.15615992e-4
-2.23855864e-4
1.00511963e-4
1.69259071e-4
-1.30620981e-4
-2.69314973e-5
-2.67490193e-5
7.24467811e-6
2.58972983e-5
7.89254576e-6
8.58133833e-23
4.63755230e-23
2.21259775e-4
4.45803428e-4
-1.71411728e-4
-4.25127945e-4
-1.48290936e-4
6.41420843e-5
-5.17357137e-6
6.41420843e-5
7.34017413e-5
-1.50294755e-6
-1.04916439e-5
-2.01064976e-5
-1.02347403e-6
-4.28369512e-6
6.51007474e-6
-4.28369526e-6
-1.35590084e-6
4.40509710e-24
-1.47208511e-22
-1.04916440e-5
-2.01064977e-5
-1.50294742e-6
7.34017415e-5
-2.69314973e-5
2.58972982e-5
7.24467797e-6
-2.67490193e-5
-1.35590161e-6
4.56397060e-23
-2.27082747e-23
2.21968388e-4
2.15615992e-4
-2.17559061e-4
-2.10489028e-4
2.21259775e-4
-4.25127945e-4
-1.71411728e-4
4.45803428e-4
-6.27410271e-4
-5.32506380e-4
8.06641271e-4
3.26790435e-4
-1.72760787e-4
2.11696072e-4
3.72942307e-4
-4.96000822e-4
-1.30620981e-4
1.69259071e-4
-2.23855864e-4
1.00511963e-4
3.13543794e-5
-2.09260324e-5
-3.00620547e-5
5.09164126e-5
7.89254627e-6
5.75775085e-22
1.40825447e-22
-3.04876460e-5
-1.31607138e-4
1.65405759e-4
3.31000133e-5
6.74461930e-6
-2.49111336e-6
1.82888304e-5
-2.45495698e-5
-4.51629010e-6
1.75303458e-22
1.66091993e-23
3.36359480e-4
5.35089644e-4
-5.18931584e-4
-1.96835496e-4
2.58691900e-5
-1.02432034e-4
-1.77341931e-4
1.90545682e-4
-9.18202988e-5
-9.01329510e-5
5.47303653e-5
4.85068656e-5
-9.59678534e-23
1.95420345e-5
1.03516402e-22
2.36053602e-6
5.73906881e-6
-2.85225544e-5
2.70580902e-5
-1.50759912e-22
-5.61781646e-7
8.01729009e-23
-1.14596216e-6
2.47661962e-22
2.00541292e-22
-9.40305181e-4
7.62183454e-4
7.45261787e-4
-5.85125725e-4
-5.57216922e-4
-1.00052669e-3
2.14093125e-4
1.17464262e-3
-3.54860586e-4
3.11545513e-4
4.02900640e-4
-1.65653416e-4
9.48187710e-4
3.73058135e-6
-1.39609355e-3
4.27301502e-4
1.19935087e-13
-1.16306650e-3
-2.11086472e-13
1.16306650e-3
1.05154225e-4
-1.61215627e-5
-1.24779701e-5
-6.32417120e-5
4.96525652e-14
1.21549934e-4
-4.19165732e-14
-1.21549934e-4
1.35712927e-22
-5.35191549e-6
-5.33420365e-22
-1.00511604e-4
5.29584272e-5
5.10087634e-6
7.73597976e-5
-2.26842282e-22
-1.89689504e-5
3.76539546e-22
-7.31999955e-4
-5.32680316e-4
6.28862469e-4
6.40080275e-4
-5.62128306e-4
9.06360322e-4
5.66668062e-4
-8.73211155e-4
7.34329014e-14
-2.31750578e-4
3.70881657e-14
2.31750578e-4
2.25421761e-3
-1.13561066e-3
-1.43038148e-3
3.48210067e-4
-2.26970758e-13
9.05720985e-4
1.82993714e-13
-9.05720985e-4
-1.41459429e-3
9.55215731e-4
-7.76551603e-4
1.21181440e-3
2.61372625e-3
-5.43533740e-4
-1.51076013e-3
-5.43533741e-4
7.31999955e-4
-6.40080275e-4
-6.28862469e-4
5.32680316e-4
1.43038148e-3
1.13561066e-3
-2.25421761e-3
-3.48210067e-4
-4.62356728e-4
1.21341722e-4
2.81231137e-4
1.21341722e-4
-2.21968388e-4
2.10489028e-4
2.17559061e-4
-2.15615992e-4
-5.66668062e-4
-9.06360322e-4
5.62128305e-4
8.73211155e-4
6.27410271e-4
-3.26790435e-4
-8.06641271e-4
5.32506380e-4
9.40305181e-4
5.85125725e-4
-7.45261787e-4
-7.62183454e-4
-1.21181440e-3
-9.55215730e-4
7.76551602e-4
1.41459429e-3
-9.48187710e-4
-4.27301502e-4
1.39609355e-3
-3.73058130e-6
5.57216922e-4
-1.17464262e-3
-2.14093125e-4
1.00052669e-3
1.24779701e-5
1.61215627e-5
-1.05154226e-4
6.32417121e-5
-3.36359480e-4
1.96835496e-4
5.18931584e-4
-5.35089644e-4
-4.02900640e-4
-3.11545512e-4
3.54860586e-4
1.65653416e-4
9.18202987e-5
-4.85068656e-5
-5.47303653e-5
9.01329509e-5
2.81951654e-22
1.89689506e-5
-2.15098817e-22
-7.73597975e-5
-5.29584272e-5
-5.10087627e-6
1.00511604e-4
8.22846370e-22
5.35191539e-6
2.81239896e-22
1.72760787e-4
4.96000822e-4
-3.72942307e-4
-2.11696072e-4
3.04876461e-5
-3.31000131e-5
-1.65405759e-4
1.31607138e-4
1.77341931e-4
1.02432034e-4
-2.58691899e-5
-1.90545681e-4
-3.13543797e-5
-5.09164126e-5
3.00620551e-5
2.09260323e-5
-1.28563010e-22
4.51629052e-6
-2.65900907e-23
-1.82888304e-5
2.49111337e-6
-6.74461930e-6
2.45495697e-5
1.02639289e-23
1.14596212e-6
5.92525823e-23
3.82118958e-23
5.61781653e-7
-2.52705940e-22
-2.70580902e-5
-5.73906874e-6
2.85225543e-5
-2.36053606e-6
-4.34955632e-22
-1.95420347e-5
-2.96414591e-22
1.48290937e-4
-6.41420844e-5
5.17357131e-6
-6.41420842e-5
1.04916440e-5
-7.34017414e-5
1.50294745e-6
2.01064977e-5
1.71411728e-4
4.25127945e-4
-2.21259775e-4
-4.45803428e-4
1.02347353e-6
4.28369515e-6
-6.51007394e-6
4.28369517e-6
2.77696549e-23
1.35590122e-6
-8.62082910e-24
-7.24467879e-6
-2.58972982e-5
2.69314978e-5
2.67490194e-5
-5.10137743e-23
-7.89254662e-6
-7.65256689e-22
-1.00511963e-4
-1.69259071e-4
2.23855864e-4
1.30620981e-4
1.72760787e-4
-2.11696072e-4
-3.72942307e-4
4.96000822e-4
2.23855865e-4
1.30620981e-4
-1.69259072e-4
-1.00511963e-4
1.71411728e-4
-4.45803428e-4
-2.21259776e-4
4.25127945e-4
5.32506380e-4
-8.06641271e-4
6.27410271e-4
-3.26790435e-4
-3.13543793e-5
2.09260323e-5
3.00620546e-5
-5.09164127e-5
-4.30744983e-22
-7.89254696e-6
-6.46955813e-22
-7.24467841e-6
2.67490194e-5
2.69314975e-5
-2.58972982e-5
-5.74577965e-22
1.35590194e-6
3.09524003e-22
2.01064975e-5
1.50294738e-6
1.04916442e-5
-7.34017414e-5
-2.15615992e-4
2.17559061e-4
-2.21968389e-4
2.10489028e-4
1.39609355e-3
-4.27301501e-4
-9.48187710e-4
-3.73058191e-6
7.76551603e-4
1.41459429e-3
-9.55215731e-4
-1.21181440e-3
1.43038148e-3
-3.48210067e-4
-2.25421761e-3
1.13561066e-3
-7.45261787e-4
5.85125725e-4
9.40305181e-4
-7.62183453e-4
-5.66668062e-4
8.73211155e-4
5.62128305e-4
-9.06360322e-4
5.32680316e-4
-6.28862469e-4
7.31999955e-4
-6.40080275e-4
4.19932512e-23
5.35191545e-6
-1.60469949e-22
-5.10087612e-6
1.00511604e-4
-5.29584275e-5
-7.73597976e-5
1.24779701e-5
6.32417120e-5
-1.05154225e-4
1.61215627e-5
1.65590676e-22
1.89689506e-5
-1.41547266e-22
-5.47303654e-5
-4.85068656e-5
9.18202989e-5
9.01329509e-5
-4.02900640e-4
1.65653416e-4
3.54860586e-4
-3.11545512e-4
5.18931584e-4
1.96835496e-4
-3.36359480e-4
-5.35089644e-4
1.00052669e-3
-2.14093124e-4
5.57216922e-4
-1.17464262e-3
5.25370405e-24
-1.95420348e-5
2.00302143e-24
2.85225543e-5
-2.36053599e-6
-5.73906878e-6
-2.70580902e-5
1.77341931e-4
-1.90545681e-4
-2.58691901e-5
1.02432034e-4
1.14059630e-22
5.61781666e-7
-3.83405589e-22
4.00641754e-22
1.14596215e-6
-3.62997802e-23
-1.82888303e-5
2.45495698e-5
-6.74461934e-6
2.49111334e-6
1.00025674e-22
4.51629044e-6
-3.49810947e-22
1.31607138e-4
-1.65405759e-4
3.04876461e-5
-3.31000134e-5
-1.04704201e-5
1.13992515e-5
-2.57493926e-5
2.46715590e-5
1.76103719e-5
-5.52726642e-5
9.55229622e-5
-1.09664207e-4
-2.03286356e-4
2.53332085e-4
-5.43246914e-4
5.01917365e-4
4.26729507e-5
-2.48583711e-5
8.82644604e-5
-6.42033474e-5
3.29593816e-5
-1.70392927e-6
-4.25774982e-5
8.89613657e-6
-4.43557551e-6
1.13499680e-4
-1.19479857e-4
3.76559762e-5
2.14629635e-4
-1.21977392e-3
1.19494068e-3
-2.94499734e-4
-1.46890861e-4
-2.42380739e-4
6.76013331e-4
-3.73192276e-4
6.45592810e-5
1.49445090e-4
-7.36446837e-4
5.12650977e-4
-6.06886159e-4
1.33077278e-3
-1.09486641e-3
3.38197194e-4
1.58065105e-3
-5.60548115e-4
3.76994948e-4
-1.37452109e-3
-6.91071326e-4
2.42798233e-5
2.69606989e-4
3.92020331e-4
-3.78627192e-6
-4.54162963e-6
-2.87384933e-5
2.00311010e-5
1.01503033e-4
-2.14221863e-5
3.43185837e-4
-3.40432208e-4
3.25134307e-4
-7.31329209e-5
-5.46273257e-5
-1.95336459e-4
-2.03990338e-5
7.45639440e-6
-8.24898978e-6
1.27111506e-5
1.27111506e-5
7.45639491e-6
-8.24899000e-6
-2.03990336e-5
-1.95336459e-4
-7.31329212e-5
-5.46273254e-5
3.25134307e-4
-3.40432208e-4
-2.14221862e-5
3.43185837e-4
1.01503033e-4
2.00311012e-5
-4.54163004e-6
-2.87384931e-5
-3.78627205e-6
-6.42033475e-5
-2.48583709e-5
8.82644603e-5
4.26729507e-5
5.01917366e-4
2.53332085e-4
-5.43246914e-4
-2.03286356e-4
-1.09664207e-4
-5.52726642e-5
9.55229622e-5
1.76103720e-5
2.46715590e-5
1.13992515e-5
-2.57493925e-5
-1.04704201e-5
-3.73192276e-4
-2.42380739e-4
6.76013331e-4
-1.46890861e-4
-2.94499733e-4
-1.21977392e-3
1.19494068e-3
2.14629635e-4
3.76559763e-5
1.13499680e-4
-1.19479856e-4
-4.43557558e-6
8.89613659e-6
-1.70392919e-6
-4.25774983e-5
3.29593817e-5
3.92020331e-4
2.42798228e-5
2.69606990e-4
-6.91071326e-4
-1.37452109e-3
-5.60548115e-4
3.76994948e-4
1.58065105e-3
3.38197194e-4
1.33077278e-3
-1.09486641e-3
-6.06886159e-4
5.12650977e-4
1.49445090e-4
-7.36446838e-4
6.45592809e-5
1.37452109e-3
-3.76994948e-4
5.60548115e-4
-1.58065105e-3
-3.92020331e-4
-2.69606990e-4
-2.42798227e-5
6.91071326e-4
-5.12650978e-4
7.36446838e-4
-1.49445090e-4
-6.45592808e-5
-3.38197194e-4
1.09486641e-3
-1.33077278e-3
6.06886159e-4
2.94499733e-4
-1.19494068e-3
1.21977392e-3
-2.14629635e-4
3.73192276e-4
-6.76013331e-4
2.42380739e-4
1.46890861e-4
-8.89613640e-6
4.25774982e-5
1.70392923e-6
-3.29593819e-5
-3.76559764e-5
1.19479857e-4
-1.13499680e-4
4.43557565e-6
-5.01917365e-4
5.43246914e-4
-2.53332085e-4
2.03286356e-4
6.42033475e-5
-8.82644600e-5
2.48583706e-5
-4.26729507e-5
-2.46715590e-5
2.57493925e-5
-1.13992515e-5
1.04704201e-5
1.09664206e-4
-9.55229622e-5
5.52726642e-5
-1.76103718e-5
1.95336459e-4
5.46273256e-5
7.31329210e-5
-3.25134307e-4
-1.27111506e-5
8.24898983e-6
-7.45639462e-6
2.03990336e-5
-2.00311012e-5
2.87384929e-5
4.54163028e-6
3.78627205e-6
3.40432208e-4
-3.43185837e-4
2.14221863e-5
-1.01503033e-4
-1.01503033e-4
-3.43185837e-4
2.14221860e-5
3.40432208e-4
3.78627207e-6
2.87384928e-5
4.54163056e-6
-2.00311012e-5
2.03990336e-5
8.24899028e-6
-7.45639523e-6
-1.27111506e-5
-3.25134307e-4
5.46273254e-5
7.31329213e-5
1.95336459e-4
6.06886159e-4
1.09486641e-3
-1.33077278e-3
-3.38197194e-4
-6.45592809e-5
7.36446837e-4
-1.49445090e-4
-5.12650977e-4
6.91071326e-4
-2.69606989e-4
-2.42798234e-5
-3.92020331e-4
-1.58065105e-3
-3.76994949e-4
5.60548116e-4
1.37452109e-3
4.43557561e-6
1.19479856e-4
-1.13499680e-4
-3.76559763e-5
-3.29593819e-5
4.25774982e-5
1.70392925e-6
-8.89613629e-6
1.46890861e-4
-6.76013331e-4
2.42380739e-4
3.73192276e-4
-2.14629635e-4
-1.19494068e-3
1.21977392e-3
2.94499734e-4
-1.76103717e-5
-9.55229622e-5
5.52726641e-5
1.09664206e-4
1.04704201e-5
2.57493926e-5
-1.13992515e-5
-2.46715589e-5
-4.26729507e-5
-8.82644602e-5
2.48583707e-5
6.42033476e-5
2.03286356e-4
5.43246913e-4
-2.53332084e-4
-5.01917365e-4
-2.57634866e-6
2.81726794e-6
-1.20034092e-5
-1.92528197e-6
1.01519516e-5
1.77600527e-6
8.35763299e-6
2.02781553e-5
-1.70567838e-5
-2.35409992e-5
3.06747513e-5
-6.76768998e-6
8.12180057e-5
4.43226099e-7
-6.86618156e-5
-2.52408000e-5
2.07800144e-5
-1.61878913e-5
1.17583982e-5
-8.96524325e-6
2.58916022e-5
-2.37792784e-6
2.86082499e-5
-1.33934803e-5
-5.23096336e-5
4.93236606e-6
-4.50128929e-5
4.40569649e-5
4.54435949e-5
-1.25255086e-4
-3.76148111e-5
-8.66764197e-5
1.18887417e-4
1.08668813e-4
1.41171987e-4
-1.49722124e-4
1.63650609e-4
-2.06293047e-4
-2.31689471e-5
-2.78100498e-4
6.08183706e-5
2.13930783e-4
1.74644853e-4
-1.47471920e-4
5.13179150e-4
-5.02748673e-4
-4.60350449e-4
5.77143926e-4
1.43413029e-4
4.14694776e-4
-2.43810736e-4
-2.49903335e-4
-4.99620955e-4
4.30694054e-4
-3.96903957e-4
3.62210297e-4
-1.54501525e-4
-3.95847951e-5
-1.01349667e-6
5.77676691e-5
3.45322847e-6
-1.91369362e-5
-1.41292222e-5
1.21003779e-4
-1.02313712e-4
2.07097236e-5
5.44555477e-5
7.40164831e-5
-3.59843047e-5
2.46920490e-5
-1.99358703e-5
5.94289634e-6
-1.67769157e-5
-3.44384732e-5
2.08045156e-5
4.75831366e-5
-3.89075289e-5
-1.71555518e-5
-6.61634343e-6
-5.74482112e-6
1.73708786e-5
4.03073294e-5
2.49348795e-4
-2.39256007e-4
-1.71914721e-4
2.11988454e-4
-2.31642170e-4
1.76909365e-4
-1.10377148e-4
3.51769003e-4
-9.07359061e-6
1.50993830e-5
-2.11658327e-5
-2.10788269e-6
5.02746415e-5
-2.41267266e-6
2.41023928e-5
-2.41023927e-5
-3.15416620e-6
1.98431084e-5
1.76334706e-4
-1.76334706e-4
-2.90227550e-5
-1.84384514e-5
-1.91033609e-4
2.15318748e-4
-1.03868307e-4
2.30204756e-5
-7.19574572e-4
8.39453077e-4
2.56209204e-4
-4.49235716e-4
5.24641877e-4
-2.59184965e-4
-8.94473782e-4
8.94473782e-4
1.19498122e-4
-1.40766055e-4
-5.85402605e-5
5.85402604e-5
-3.55609899e-5
2.57863433e-4
2.41139504e-4
-5.50983309e-4
1.58877726e-4
4.25838300e-4
8.84572839e-4
-1.11269117e-3
3.23837799e-4
-4.43860830e-5
-3.77527295e-4
-4.37401734e-5
7.28866580e-5
-5.49031571e-4
6.54543298e-4
-1.77840773e-4
1.12276456e-3
-8.70536459e-4
6.22250582e-4
-8.05903454e-4
-4.61739966e-4
-8.07969223e-5
5.76451534e-4
-1.13634839e-4
7.09329715e-4
-5.92725806e-4
7.54528158e-4
-1.37008772e-3
-4.62634228e-4
9.23943676e-4
9.06299551e-4
-5.38874219e-4
-9.72409838e-4
6.46816304e-4
-8.80388853e-4
5.37965554e-4
-3.47813475e-4
6.20257456e-4
-8.27893635e-5
-2.87125775e-4
1.80428698e-3
-2.03870196e-3
-8.01246230e-4
6.84534083e-4
2.12799694e-3
-2.12799694e-3
-3.13776220e-4
1.04004440e-4
-1.24943106e-3
1.24943106e-3
3.34911610e-4
-8.05866602e-4
8.08941677e-4
-1.16912432e-4
-4.12196816e-5
-8.12558761e-4
-1.61320983e-3
2.10017183e-3
1.37850002e-3
-1.28212975e-3
9.99538019e-4
-3.88374123e-4
-2.36702905e-3
2.36702905e-3
1.04789475e-3
-8.86651406e-4
2.23490695e-3
-2.23490695e-3
3.46856840e-4
3.46856840e-4
-1.69792390e-3
8.63041100e-4
5.19823236e-4
5.19823235e-4
-7.90243666e-5
-3.77085843e-4
3.30967698e-4
-8.61505400e-5
-6.41573769e-4
4.59688550e-4
-3.33488656e-4
1.52183526e-4
-2.08960773e-4
-5.95130764e-5
6.13898690e-5
6.13898691e-5
4.27819935e-4
-2.01621293e-4
-1.64472806e-4
-1.64472805e-4
-7.32034749e-5
2.14363648e-4
-1.68330886e-5
-7.24952261e-6
1.25358842e-5
-5.54653956e-6
1.06621809e-5
1.02725065e-4
-2.21030738e-4
-9.20447964e-5
1.00328390e-4
6.90081509e-5
-3.21727995e-5
-8.75300719e-5
6.49672225e-5
-3.32215212e-5
3.54685501e-6
5.06030167e-7
2.20149044e-6
4.59068930e-6
1.76373197e-4
1.62576117e-4
-2.17581456e-4
4.64181341e-5
5.85989199e-4
-7.05097935e-4
6.19654110e-4
-4.22957274e-4
3.42040477e-4
-1.43041224e-4
8.85925015e-5
-1.56783471e-4
-1.34003703e-4
6.83974661e-5
1.58714658e-4
-1.12615981e-4
6.96015757e-5
-1.03492021e-6
2.22409645e-4
-8.52591216e-5
1.86049118e-5
1.86049116e-5
-1.25952925e-4
-2.36451644e-5
4.02100317e-5
4.02100318e-5
6.62997783e-5
-2.89180847e-5
7.99292893e-6
-1.69829532e-5
-2.91586825e-6
2.25439308e-6
-1.29911048e-7
-4.16906142e-5
2.22249418e-5
-6.85333744e-6
-6.85333751e-6
-2.81250325e-6
6.78176524e-6
-8.31062588e-7
-8.31062679e-7
-2.02583375e-6
6.78176561e-6
-2.81250338e-6
2.25439308e-6
-2.91586816e-6
-2.02583441e-6
-2.89180847e-5
6.62997784e-5
2.22249418e-5
-4.16906140e-5
-1.03492018e-6
6.96015758e-5
6.49672224e-5
-8.75300719e-5
-1.69829534e-5
7.99292922e-6
2.20149040e-6
5.06030122e-7
-1.29911336e-7
-2.36451646e-5
-1.25952925e-4
-1.12615981e-4
1.58714658e-4
2.14363648e-4
-7.32034746e-5
-8.52591213e-5
2.22409645e-4
1.52183526e-4
-3.33488656e-4
-4.22957274e-4
6.19654110e-4
6.83974663e-5
-1.34003703e-4
-1.56783471e-4
8.85925015e-5
-1.43041224e-4
3.42040477e-4
4.64181340e-5
-2.17581456e-4
-3.21727996e-5
6.90081509e-5
-2.87125775e-4
-8.27893641e-5
-7.05097935e-4
5.85989199e-4
-5.92725806e-4
7.09329715e-4
-2.49903335e-4
-2.43810736e-4
1.62576117e-4
1.76373197e-4
3.62210297e-4
-3.96903957e-4
-2.21030738e-4
1.02725065e-4
3.54685455e-6
-3.32215211e-5
-5.54653951e-6
1.25358842e-5
4.59068998e-6
1.00328390e-4
-9.20447966e-5
5.44555478e-5
2.07097237e-5
-7.24952248e-6
-1.68330887e-5
-1.99358703e-5
2.46920491e-5
1.06621809e-5
-3.59843043e-5
7.40164830e-5
-1.91369363e-5
3.45322847e-6
5.94289585e-6
-3.95847950e-5
-1.54501525e-4
-1.02313712e-4
1.21003779e-4
-1.47471920e-4
1.74644853e-4
-6.86618155e-5
4.43226076e-7
5.77676691e-5
-1.01349672e-6
1.17583982e-5
-1.61878913e-5
-1.41292221e-5
4.30694054e-4
-4.99620955e-4
2.13930783e-4
6.08183705e-5
1.43413029e-4
4.14694776e-4
5.77143926e-4
-4.60350449e-4
5.13179150e-4
-5.02748673e-4
1.08668813e-4
1.18887417e-4
-2.78100498e-4
-2.31689471e-5
-2.06293047e-4
1.63650609e-4
-1.49722124e-4
1.41171987e-4
-5.23096337e-5
-1.33934802e-5
8.12180057e-5
-6.76769000e-6
-3.76148111e-5
-8.66764198e-5
-1.25255086e-4
4.54435950e-5
-4.50128929e-5
4.40569649e-5
4.93236609e-6
2.86082499e-5
-2.37792783e-6
2.58916021e-5
-1.70567838e-5
2.02781553e-5
2.07800144e-5
-2.52408000e-5
1.01519516e-5
-1.92528196e-6
-8.96524319e-6
3.06747513e-5
-2.35409992e-5
8.35763301e-6
-1.20034092e-5
2.81726795e-6
-2.57634866e-6
1.77600526e-6
6.22250582e-4
-8.05903454e-4
-8.70536460e-4
1.12276456e-3
-4.37401735e-5
-3.77527296e-4
6.54543298e-4
-1.77840773e-4
-1.11269117e-3
8.84572839e-4
-5.49031572e-4
7.28866584e-5
-2.59184965e-4
5.24641877e-4
2.11988453e-4
-1.71914721e-4
-4.43860829e-5
3.23837799e-4
3.51769004e-4
-1.10377148e-4
1.58877725e-4
4.25838300e-4
-5.50983309e-4
2.41139504e-4
-4.49235716e-4
2.56209205e-4
-3.55609903e-5
2.57863433e-4
-5.85402600e-5
5.85402601e-5
-1.40766054e-4
1.19498122e-4
-8.94473782e-4
8.94473782e-4
-1.84384512e-5
-2.90227551e-5
8.39453077e-4
-7.19574572e-4
2.30204755e-5
-1.03868307e-4
2.15318747e-4
-1.91033608e-4
5.02746416e-5
-2.10788284e-6
-2.39256007e-4
2.49348795e-4
1.76334706e-4
-1.76334706e-4
1.98431084e-5
-3.15416611e-6
2.41023927e-5
-2.41023928e-5
-2.41267266e-6
-2.11658326e-5
1.50993829e-5
-9.07359059e-6
-5.74482115e-6
-6.61634333e-6
1.76909365e-4
-2.31642170e-4
-3.89075289e-5
4.75831366e-5
4.03073294e-5
1.73708787e-5
-1.71555518e-5
2.08045155e-5
-3.44384732e-5
-1.67769157e-5
-2.01621294e-4
4.27819936e-4
4.59688550e-4
-6.41573769e-4
-3.77085844e-4
-7.90243664e-5
-5.95130765e-5
-2.08960772e-4
-3.88374123e-4
9.99538019e-4
6.46816304e-4
-9.72409838e-4
-8.61505398e-5
3.30967698e-4
6.20257456e-4
-3.47813475e-4
8.63041100e-4
-1.69792390e-3
-1.28212975e-3
1.37850002e-3
2.23490695e-3
-2.23490695e-3
-8.86651406e-4
1.04789475e-3
-2.36702905e-3
2.36702905e-3
-8.05866602e-4
3.34911610e-4
2.10017183e-3
-1.61320983e-3
-8.12558761e-4
-4.12196814e-5
-1.16912432e-4
8.08941678e-4
6.84534083e-4
-8.01246230e-4
-5.38874219e-4
9.06299552e-4
-1.24943106e-3
1.24943106e-3
1.04004440e-4
-3.13776220e-4
2.12799694e-3
-2.12799694e-3
-2.03870196e-3
1.80428698e-3
-1.37008772e-3
7.54528158e-4
5.37965554e-4
-8.80388853e-4
-1.13634839e-4
5.76451535e-4
9.23943676e-4
-4.62634228e-4
-8.07969225e-5
-4.61739966e-4
-3.46856840e-4
-3.46856840e-4
1.69792390e-3
-8.63041100e-4
8.86651406e-4
-1.04789475e-3
-5.19823235e-4
-5.19823236e-4
7.90243665e-5
3.77085844e-4
1.28212975e-3
-1.37850002e-3
-9.99538019e-4
3.88374124e-4
8.12558762e-4
4.12196811e-5
1.61320983e-3
-2.10017183e-3
8.05866602e-4
-3.34911610e-4
-6.13898688e-5
-6.13898692e-5
-4.27819935e-4
2.01621294e-4
5.95130762e-5
2.08960773e-4
1.64472805e-4
1.64472806e-4
7.32034747e-5
-2.14363648e-4
-4.59688550e-4
6.41573769e-4
3.33488656e-4
-1.52183526e-4
-6.20257456e-4
3.47813475e-4
-3.30967697e-4
8.61505395e-5
-6.46816304e-4
9.72409838e-4
8.80388853e-4
-5.37965554e-4
-9.23943676e-4
4.62634228e-4
-9.06299552e-4
5.38874219e-4
8.27893639e-5
2.87125775e-4
1.13634839e-4
-5.76451534e-4
-7.09329714e-4
5.92725806e-4
8.05903454e-4
-6.22250582e-4
4.61739966e-4
8.07969228e-5
1.77840773e-4
-6.54543298e-4
-7.54528158e-4
1.37008772e-3
-8.08941678e-4
1.16912432e-4
-1.04004440e-4
3.13776220e-4
-6.84534082e-4
8.01246230e-4
-4.25838300e-4
-1.58877725e-4
-1.80428698e-3
2.03870196e-3
-2.57863433e-4
3.55609903e-5
-2.41139504e-4
5.50983309e-4
1.40766055e-4
-1.19498122e-4
-8.84572839e-4
1.11269117e-3
4.49235716e-4
-2.56209204e-4
-5.24641877e-4
2.59184965e-4
-2.30204758e-5
1.03868307e-4
7.19574572e-4
-8.39453077e-4
1.84384514e-5
2.90227549e-5
-1.12276456e-3
8.70536459e-4
5.49031571e-4
-7.28866583e-5
-4.14694776e-4
-1.43413029e-4
4.37401737e-5
3.77527295e-4
5.02748673e-4
-5.13179150e-4
-3.51769003e-4
1.10377148e-4
-3.23837798e-4
4.43860829e-5
-2.11988453e-4
1.71914721e-4
2.31642170e-4
-1.76909365e-4
-4.03073293e-5
-1.73708787e-5
-2.49348795e-4
2.39256007e-4
8.66764198e-5
3.76148110e-5
3.89075290e-5
-4.75831367e-5
-4.40569649e-5
4.50128929e-5
1.67769159e-5
3.44384732e-5
-2.08045156e-5
1.71555519e-5
6.61634340e-6
5.74482116e-6
1.91033609e-4
-2.15318748e-4
-1.98431084e-5
3.15416608e-6
-5.02746417e-5
2.10788297e-6
9.07359037e-6
-1.50993830e-5
2.11658327e-5
2.41267276e-6
2.43810736e-4
2.49903335e-4
4.99620954e-4
-4.30694054e-4
-5.77143926e-4
4.60350449e-4
3.96903957e-4
-3.62210297e-4
1.54501525e-4
3.95847949e-5
-2.13930783e-4
-6.08183706e-5
-1.74644853e-4
1.47471920e-4
2.06293047e-4
-1.63650609e-4
2.31689470e-5
2.78100498e-4
-1.08668813e-4
-1.18887417e-4
-2.07097237e-5
-5.44555478e-5
-7.40164829e-5
3.59843042e-5
1.02313712e-4
-1.21003779e-4
-2.46920491e-5
1.99358703e-5
-5.94289570e-6
1.91369363e-5
-3.45322847e-6
1.41292223e-5
-1.17583982e-5
1.61878913e-5
1.01349650e-6
-5.77676689e-5
6.86618156e-5
-4.43226104e-7
2.52407999e-5
-2.07800143e-5
-3.06747513e-5
2.35409991e-5
6.76769004e-6
-8.12180057e-5
8.96524311e-6
-1.01519516e-5
1.92528197e-6
-1.77600526e-6
2.57634866e-6
-2.81726794e-6
1.20034092e-5
-8.35763297e-6
-2.02781552e-5
1.70567838e-5
-1.41171987e-4
1.49722124e-4
1.25255085e-4
-4.54435948e-5
5.23096337e-5
1.33934803e-5
-2.58916021e-5
2.37792785e-6
-2.86082499e-5
-4.93236625e-6
-1.86049120e-5
-1.86049114e-5
1.25952925e-4
2.36451645e-5
8.52591217e-5
-2.22409645e-4
-4.02100316e-5
-4.02100318e-5
-6.62997784e-5
2.89180849e-5
1.12615981e-4
-1.58714658e-4
-6.96015756e-5
1.03491999e-6
1.56783471e-4
-8.85925016e-5
1.34003703e-4
-6.83974662e-5
4.22957274e-4
-6.19654110e-4
6.85333749e-6
6.85333738e-6
2.81250282e-6
-6.78176473e-6
-2.22249418e-5
4.16906141e-5
8.31062591e-7
8.31062638e-7
2.02583317e-6
-2.25439303e-6
2.91586817e-6
1.29912056e-7
-2.20149040e-6
-5.06030110e-7
-7.99292971e-6
1.69829537e-5
-6.49672224e-5
8.75300719e-5
3.32215214e-5
-3.54685497e-6
-1.00328390e-4
9.20447966e-5
-6.90081510e-5
3.21727996e-5
-4.59068944e-6
5.54653950e-6
-1.25358842e-5
-1.06621817e-5
1.68330893e-5
7.24952204e-6
-1.02725065e-4
2.21030737e-4
-3.42040477e-4
1.43041224e-4
7.05097935e-4
-5.85989199e-4
-4.64181340e-5
2.17581456e-4
-1.76373197e-4
-1.62576117e-4
2.49903335e-4
2.43810736e-4
-1.62576117e-4
-1.76373197e-4
-5.85989199e-4
7.05097935e-4
5.92725805e-4
-7.09329715e-4
-3.62210297e-4
3.96903957e-4
2.21030738e-4
-1.02725065e-4
2.17581456e-4
-4.64181342e-5
3.21727996e-5
-6.90081508e-5
-8.85925014e-5
1.56783471e-4
1.43041224e-4
-3.42040477e-4
-6.19654110e-4
4.22957274e-4
2.87125775e-4
8.27893637e-5
-5.44555478e-5
-2.07097238e-5
7.24952234e-6
1.68330891e-5
9.20447966e-5
-1.00328390e-4
1.99358703e-5
-2.46920491e-5
-1.06621815e-5
-1.25358841e-5
5.54653947e-6
-4.59069013e-6
-5.06030144e-7
-2.20149037e-6
-3.54685443e-6
3.32215209e-5
8.75300720e-5
-6.49672224e-5
1.69829539e-5
-7.99292988e-6
4.16906140e-5
-2.22249417e-5
1.03491998e-6
-6.96015758e-5
1.29912251e-7
2.91586816e-6
-2.25439305e-6
2.02583382e-6
-6.78176524e-6
2.81250322e-6
2.89180847e-5
-6.62997784e-5
-6.83974665e-5
1.34003704e-4
-2.22409645e-4
8.52591213e-5
-1.52183526e-4
3.33488656e-4
-1.58714658e-4
1.12615981e-4
2.36451646e-5
1.25952925e-4
-2.14363648e-4
7.32034750e-5
-2.57863433e-4
3.55609899e-5
2.03870196e-3
-1.80428698e-3
3.13776220e-4
-1.04004440e-4
-4.25838300e-4
-1.58877726e-4
1.37008772e-3
-7.54528157e-4
8.01246230e-4
-6.84534083e-4
5.38874219e-4
-9.06299552e-4
4.12196818e-5
8.12558761e-4
1.16912432e-4
-8.08941677e-4
-3.34911610e-4
8.05866602e-4
1.77840773e-4
-6.54543297e-4
8.07969221e-5
4.61739966e-4
4.62634228e-4
-9.23943676e-4
8.05903454e-4
-6.22250582e-4
-5.76451535e-4
1.13634839e-4
3.47813475e-4
-6.20257456e-4
-5.37965554e-4
8.80388853e-4
9.72409838e-4
-6.46816304e-4
8.61505401e-5
-3.30967698e-4
2.08960773e-4
5.95130765e-5
3.88374123e-4
-9.99538019e-4
6.41573769e-4
-4.59688550e-4
2.01621293e-4
-4.27819935e-4
3.77085843e-4
7.90243664e-5
-2.10017183e-3
1.61320983e-3
-1.04789475e-3
8.86651406e-4
-1.37850002e-3
1.28212975e-3
-8.63041100e-4
1.69792390e-3
2.41267281e-6
2.11658327e-5
-1.50993830e-5
3.15416596e-6
-1.98431081e-5
9.07359038e-6
5.74482115e-6
6.61634339e-6
2.10788304e-6
-5.02746419e-5
2.39256007e-4
-2.49348795e-4
1.03868307e-4
-2.30204759e-5
-2.15318747e-4
1.91033608e-4
2.90227547e-5
1.84384515e-5
1.71555518e-5
-2.08045156e-5
3.44384732e-5
-1.73708786e-5
-4.03073294e-5
1.67769160e-5
-4.40569649e-5
4.50128929e-5
-4.75831369e-5
3.89075293e-5
8.66764197e-5
3.76148111e-5
1.10377148e-4
-3.51769003e-4
-1.76909365e-4
2.31642170e-4
1.71914721e-4
-2.11988454e-4
4.43860831e-5
-3.23837799e-4
-7.28866581e-5
5.49031571e-4
2.59184964e-4
-5.24641877e-4
5.02748673e-4
-5.13179150e-4
3.77527295e-4
4.37401734e-5
-4.14694776e-4
-1.43413029e-4
8.70536459e-4
-1.12276456e-3
1.11269117e-3
-8.84572839e-4
-8.39453077e-4
7.19574572e-4
-1.19498122e-4
1.40766055e-4
-2.56209204e-4
4.49235716e-4
5.50983309e-4
-2.41139504e-4
-4.93236631e-6
-2.86082499e-5
2.37792782e-6
-4.54435947e-5
1.25255085e-4
-2.58916022e-5
1.70567838e-5
-2.02781553e-5
1.33934804e-5
5.23096335e-5
-8.12180056e-5
6.76768998e-6
-1.63650608e-4
2.06293047e-4
1.49722124e-4
-1.41171987e-4
-1.18887417e-4
-1.08668813e-4
-8.35763293e-6
1.20034092e-5
-2.81726795e-6
2.35409991e-5
-3.06747512e-5
2.57634866e-6
-1.77600525e-6
1.92528197e-6
-1.01519516e-5
8.96524313e-6
1.61878914e-5
-1.17583982e-5
-2.07800143e-5
2.52408000e-5
-4.43226086e-7
6.86618155e-5
-5.77676692e-5
1.01349673e-6
-1.21003779e-4
1.02313712e-4
1.47471920e-4
-1.74644854e-4
1.41292221e-5
-3.45322849e-6
1.91369363e-5
-5.94289535e-6
3.59843040e-5
-7.40164828e-5
3.95847950e-5
1.54501525e-4
2.78100498e-4
2.31689473e-5
4.60350449e-4
-5.77143926e-4
-6.08183705e-5
-2.13930783e-4
-4.30694054e-4
4.99620955e-4
