4.0172209268743175e-1
-3.1052986975911412e-1
-9.2944306949593580e-1
-1.2689851859190160e0
-1.2270969837626577e0
-3.1052986975911412e-1
0.0000000000000000e0
0.0000000000000000e0
0.0000000000000000e0
-8.1636917761558181e-1
-9.2944306949593580e-1
0.0000000000000000e0
0.0000000000000000e0
0.0000000000000000e0
-1.6025792731834049e-1
-1.2689851859190160e0
0.0000000000000000e0
0.0000000000000000e0
0.0000000000000000e0
5.4402349308821230e-1
-1.2270969837626577e0
-8.1636917761558181e-1
-1.6025792731834049e-1
5.4402349308821230e-1
1.0847828672282773e0
4.7412289168076188e-2
0.0000000000000000e0
0.0000000000000000e0
4.7412289168076188e-2
-6.4468168083545596e-1
0.0000000000000000e0
0.0000000000000000e0
0.0000000000000000e0
0.0000000000000000e0
0.0000000000000000e0
0.0000000000000000e0
-6.4468168083545596e-1
0.0000000000000000e0
0.0000000000000000e0
-1.1429978655409574e0
0.0000000000000000e0
-1.0624306046865488e0
-1.2977528764624118e0
0.0000000000000000e0
0.0000000000000000e0
-5.0776398712098036e-1
0.0000000000000000e0
0.0000000000000000e0
0.0000000000000000e0
0.0000000000000000e0
0.0000000000000000e0
1.9952583008458766e-1
0.0000000000000000e0
8.4684236960459047e-1
8.4684236960459047e-1
0.0000000000000000e0
1.9952583008458766e-1
0.0000000000000000e0
-5.0776398712098036e-1
0.0000000000000000e0
0.0000000000000000e0
-1.1429978655409574e0
0.0000000000000000e0
-1.2977528764624118e0
-1.0624306046865488e0
0.0000000000000000e0
0.0000000000000000e0
0.0000000000000000e0
0.0000000000000000e0
0.0000000000000000e0
0.0000000000000000e0
0.0000000000000000e0
0.0000000000000000e0
0.0000000000000000e0
0.0000000000000000e0
0.0000000000000000e0
0.0000000000000000e0
0.0000000000000000e0
0.0000000000000000e0
0.0000000000000000e0
0.0000000000000000e0
2.2674915558980208e-1
0.0000000000000000e0
0.0000000000000000e0
2.2674915558980208e-1
-1.3283705641364943e-1
0.0000000000000000e0
0.0000000000000000e0
0.0000000000000000e0
0.0000000000000000e0
0.0000000000000000e0
0.0000000000000000e0
-1.3283705641364943e-1
-4.8224634153397972e-1
0.0000000000000000e0
0.0000000000000000e0
-7.9470971796027035e-1
0.0000000000000000e0
0.0000000000000000e0
0.0000000000000000e0
0.0000000000000000e0
0.0000000000000000e0
0.0000000000000000e0
0.0000000000000000e0
0.0000000000000000e0
0.0000000000000000e0
0.0000000000000000e0
0.0000000000000000e0
0.0000000000000000e0
0.0000000000000000e0
0.0000000000000000e0
0.0000000000000000e0
0.0000000000000000e0
0.0000000000000000e0
0.0000000000000000e0
-4.8224634153397972e-1
0.0000000000000000e0
0.0000000000000000e0
0.0000000000000000e0
0.0000000000000000e0
-7.9470971796027035e-1
0.0000000000000000e0
0.0000000000000000e0
-1.0462887078204932e0
0.0000000000000000e0
0.0000000000000000e0
0.0000000000000000e0
0.0000000000000000e0
0.0000000000000000e0
0.0000000000000000e0
-1.2177093144283315e0
0.0000000000000000e0
0.0000000000000000e0
-1.2958386437946579e0
0.0000000000000000e0
0.0000000000000000e0
0.0000000000000000e0
-9.4852739262425567e-1
0.0000000000000000e0
-1.1558866752432904e0
-1.2746910433172918e0
0.0000000000000000e0
0.0000000000000000e0
0.0000000000000000e0
0.0000000000000000e0
0.0000000000000000e0
0.0000000000000000e0
0.0000000000000000e0
-3.3725631154937918e-1
0.0000000000000000e0
-6.6849942716935096e-1
0.0000000000000000e0
0.0000000000000000e0
0.0000000000000000e0
0.0000000000000000e0
0.0000000000000000e0
0.0000000000000000e0
0.0000000000000000e0
0.0000000000000000e0
0.0000000000000000e0
0.0000000000000000e0
0.0000000000000000e0
0.0000000000000000e0
0.0000000000000000e0
0.0000000000000000e0
0.0000000000000000e0
0.0000000000000000e0
0.0000000000000000e0
0.0000000000000000e0
0.0000000000000000e0
0.0000000000000000e0
0.0000000000000000e0
3.7538693981134896e-1
0.0000000000000000e0
1.9824720960448572e-2
0.0000000000000000e0
0.0000000000000000e0
0.0000000000000000e0
0.0000000000000000e0
7.0218997397027494e-1
0.0000000000000000e0
9.7519675416145812e-1
9.7519675416145812e-1
0.0000000000000000e0
7.0218997397027494e-1
0.0000000000000000e0
0.0000000000000000e0
0.0000000000000000e0
0.0000000000000000e0
1.9824720960448572e-2
0.0000000000000000e0
3.7538693981134896e-1
0.0000000000000000e0
0.0000000000000000e0
0.0000000000000000e0
0.0000000000000000e0
0.0000000000000000e0
0.0000000000000000e0
-6.6849942716935096e-1
0.0000000000000000e0
-3.3725631154937918e-1
0.0000000000000000e0
0.0000000000000000e0
0.0000000000000000e0
0.0000000000000000e0
0.0000000000000000e0
0.0000000000000000e0
0.0000000000000000e0
0.0000000000000000e0
-1.0462887078204932e0
0.0000000000000000e0
0.0000000000000000e0
-1.2177093144283315e0
0.0000000000000000e0
0.0000000000000000e0
0.0000000000000000e0
0.0000000000000000e0
-1.2958386437946579e0
0.0000000000000000e0
0.0000000000000000e0
-1.2746910433172918e0
-1.1558866752432904e0
0.0000000000000000e0
-9.4852739262425567e-1
0.0000000000000000e0
0.0000000000000000e0
0.0000000000000000e0
0.0000000000000000e0
0.0000000000000000e0
0.0000000000000000e0
0.0000000000000000e0
0.0000000000000000e0
0.0000000000000000e0
0.0000000000000000e0
0.0000000000000000e0
0.0000000000000000e0
0.0000000000000000e0
0.0000000000000000e0
0.0000000000000000e0
0.0000000000000000e0
0.0000000000000000e0
0.0000000000000000e0
0.0000000000000000e0
0.0000000000000000e0
0.0000000000000000e0
0.0000000000000000e0
0.0000000000000000e0
0.0000000000000000e0
0.0000000000000000e0
0.0000000000000000e0
0.0000000000000000e0
0.0000000000000000e0
0.0000000000000000e0
0.0000000000000000e0
0.0000000000000000e0
0.0000000000000000e0
0.0000000000000000e0
0.0000000000000000e0
0.0000000000000000e0
0.0000000000000000e0
0.0000000000000000e0
0.0000000000000000e0
0.0000000000000000e0
0.0000000000000000e0
0.0000000000000000e0
0.0000000000000000e0
0.0000000000000000e0
0.0000000000000000e0
0.0000000000000000e0
0.0000000000000000e0
0.0000000000000000e0
0.0000000000000000e0
0.0000000000000000e0
0.0000000000000000e0
0.0000000000000000e0
0.0000000000000000e0
0.0000000000000000e0
0.0000000000000000e0
0.0000000000000000e0
0.0000000000000000e0
0.0000000000000000e0
0.0000000000000000e0
0.0000000000000000e0
0.0000000000000000e0
0.0000000000000000e0
0.0000000000000000e0
0.0000000000000000e0
0.0000000000000000e0
0.0000000000000000e0
4.7687957503716001e-3
0.0000000000000000e0
0.0000000000000000e0
7.2765040946686607e-2
-1.4214608794160725e-2
0.0000000000000000e0
0.0000000000000000e0
0.0000000000000000e0
0.0000000000000000e0
0.0000000000000000e0
0.0000000000000000e0
-7.4579844431291356e-2
2.3386852800896359e-2
0.0000000000000000e0
0.0000000000000000e0
-3.2109002197706391e-2
0.0000000000000000e0
0.0000000000000000e0
0.0000000000000000e0
0.0000000000000000e0
0.0000000000000000e0
0.0000000000000000e0
0.0000000000000000e0
0.0000000000000000e0
0.0000000000000000e0
0.0000000000000000e0
0.0000000000000000e0
0.0000000000000000e0
0.0000000000000000e0
0.0000000000000000e0
0.0000000000000000e0
0.0000000000000000e0
0.0000000000000000e0
0.0000000000000000e0
7.4959312162368466e-2
0.0000000000000000e0
0.0000000000000000e0
0.0000000000000000e0
0.0000000000000000e0
-7.3896141046087715e-2
4.0213193764007331e-2
0.0000000000000000e0
0.0000000000000000e0
-4.7543457264177892e-2
0.0000000000000000e0
0.0000000000000000e0
0.0000000000000000e0
0.0000000000000000e0
0.0000000000000000e0
0.0000000000000000e0
5.3958717192298139e-2
0.0000000000000000e0
0.0000000000000000e0
-5.9335507858499455e-2
0.0000000000000000e0
0.0000000000000000e0
0.0000000000000000e0
0.0000000000000000e0
0.0000000000000000e0
0.0000000000000000e0
0.0000000000000000e0
0.0000000000000000e0
0.0000000000000000e0
0.0000000000000000e0
0.0000000000000000e0
0.0000000000000000e0
0.0000000000000000e0
0.0000000000000000e0
0.0000000000000000e0
0.0000000000000000e0
0.0000000000000000e0
0.0000000000000000e0
0.0000000000000000e0
0.0000000000000000e0
0.0000000000000000e0
0.0000000000000000e0
0.0000000000000000e0
0.0000000000000000e0
0.0000000000000000e0
0.0000000000000000e0
0.0000000000000000e0
0.0000000000000000e0
0.0000000000000000e0
0.0000000000000000e0
0.0000000000000000e0
0.0000000000000000e0
0.0000000000000000e0
0.0000000000000000e0
0.0000000000000000e0
0.0000000000000000e0
0.0000000000000000e0
0.0000000000000000e0
0.0000000000000000e0
0.0000000000000000e0
0.0000000000000000e0
0.0000000000000000e0
0.0000000000000000e0
0.0000000000000000e0
0.0000000000000000e0
0.0000000000000000e0
0.0000000000000000e0
0.0000000000000000e0
0.0000000000000000e0
0.0000000000000000e0
0.0000000000000000e0
0.0000000000000000e0
0.0000000000000000e0
0.0000000000000000e0
0.0000000000000000e0
0.0000000000000000e0
0.0000000000000000e0
0.0000000000000000e0
0.0000000000000000e0
0.0000000000000000e0
7.1410792475563437e-2
0.0000000000000000e0
0.0000000000000000e0
0.0000000000000000e0
0.0000000000000000e0
0.0000000000000000e0
0.0000000000000000e0
-6.7551098538546114e-2
0.0000000000000000e0
0.0000000000000000e0
0.0000000000000000e0
0.0000000000000000e0
0.0000000000000000e0
0.0000000000000000e0
0.0000000000000000e0
0.0000000000000000e0
0.0000000000000000e0
0.0000000000000000e0
0.0000000000000000e0
0.0000000000000000e0
0.0000000000000000e0
0.0000000000000000e0
0.0000000000000000e0
0.0000000000000000e0
6.2391341458975978e-2
0.0000000000000000e0
0.0000000000000000e0
0.0000000000000000e0
0.0000000000000000e0
-5.6030823989122062e-2
0.0000000000000000e0
0.0000000000000000e0
4.8591958266003939e-2
0.0000000000000000e0
0.0000000000000000e0
0.0000000000000000e0
0.0000000000000000e0
0.0000000000000000e0
0.0000000000000000e0
-4.0217909913249521e-2
0.0000000000000000e0
0.0000000000000000e0
0.0000000000000000e0
0.0000000000000000e0
0.0000000000000000e0
0.0000000000000000e0
0.0000000000000000e0
0.0000000000000000e0
0.0000000000000000e0
0.0000000000000000e0
0.0000000000000000e0
0.0000000000000000e0
0.0000000000000000e0
0.0000000000000000e0
0.0000000000000000e0
0.0000000000000000e0
0.0000000000000000e0
0.0000000000000000e0
0.0000000000000000e0
0.0000000000000000e0
3.1069842729122766e-2
0.0000000000000000e0
0.0000000000000000e0
0.0000000000000000e0
0.0000000000000000e0
-2.1323816988422787e-2
0.0000000000000000e0
0.0000000000000000e0
1.1167401052375046e-2
0.0000000000000000e0
0.0000000000000000e0
0.0000000000000000e0
0.0000000000000000e0
0.0000000000000000e0
0.0000000000000000e0
-7.9606149820118780e-4
0.0000000000000000e0
0.0000000000000000e0
0.0000000000000000e0
0.0000000000000000e0
0.0000000000000000e0
0.0000000000000000e0
0.0000000000000000e0
0.0000000000000000e0
0.0000000000000000e0
0.0000000000000000e0
0.0000000000000000e0
0.0000000000000000e0
0.0000000000000000e0
0.0000000000000000e0
-2.8922755513991323e-2
0.0000000000000000e0
3.7276121793441662e-2
0.0000000000000000e0
0.0000000000000000e0
0.0000000000000000e0
-9.5905987574180854e-3
0.0000000000000000e0
-4.4912085793885267e-2
0.0000000000000000e0
5.1683688612067957e-2
1.9792681941320018e-2
0.0000000000000000e0
0.0000000000000000e0
0.0000000000000000e0
0.0000000000000000e0
0.0000000000000000e0
0.0000000000000000e0
0.0000000000000000e0
0.0000000000000000e0
0.0000000000000000e0
0.0000000000000000e0
0.0000000000000000e0
0.0000000000000000e0
0.0000000000000000e0
0.0000000000000000e0
0.0000000000000000e0
0.0000000000000000e0
0.0000000000000000e0
0.0000000000000000e0
0.0000000000000000e0
0.0000000000000000e0
0.0000000000000000e0
0.0000000000000000e0
0.0000000000000000e0
0.0000000000000000e0
0.0000000000000000e0
0.0000000000000000e0
8.3086688825039189e-3
0.0000000000000000e0
1.2161644673569080e-3
0.0000000000000000e0
0.0000000000000000e0
0.0000000000000000e0
0.0000000000000000e0
-1.0717591971369220e-2
0.0000000000000000e0
2.0012752714361381e-2
0.0000000000000000e0
0.0000000000000000e0
0.0000000000000000e0
0.0000000000000000e0
0.0000000000000000e0
0.0000000000000000e0
0.0000000000000000e0
0.0000000000000000e0
0.0000000000000000e0
0.0000000000000000e0
0.0000000000000000e0
0.0000000000000000e0
0.0000000000000000e0
0.0000000000000000e0
0.0000000000000000e0
0.0000000000000000e0
0.0000000000000000e0
0.0000000000000000e0
0.0000000000000000e0
0.0000000000000000e0
0.0000000000000000e0
0.0000000000000000e0
0.0000000000000000e0
0.0000000000000000e0
0.0000000000000000e0
0.0000000000000000e0
0.0000000000000000e0
0.0000000000000000e0
0.0000000000000000e0
0.0000000000000000e0
0.0000000000000000e0
0.0000000000000000e0
0.0000000000000000e0
0.0000000000000000e0
0.0000000000000000e0
0.0000000000000000e0
0.0000000000000000e0
0.0000000000000000e0
0.0000000000000000e0
0.0000000000000000e0
0.0000000000000000e0
0.0000000000000000e0
0.0000000000000000e0
0.0000000000000000e0
0.0000000000000000e0
0.0000000000000000e0
0.0000000000000000e0
0.0000000000000000e0
0.0000000000000000e0
0.0000000000000000e0
0.0000000000000000e0
0.0000000000000000e0
0.0000000000000000e0
0.0000000000000000e0
0.0000000000000000e0
0.0000000000000000e0
0.0000000000000000e0
0.0000000000000000e0
0.0000000000000000e0
0.0000000000000000e0
0.0000000000000000e0
0.0000000000000000e0
0.0000000000000000e0
0.0000000000000000e0
0.0000000000000000e0
0.0000000000000000e0
0.0000000000000000e0
0.0000000000000000e0
0.0000000000000000e0
0.0000000000000000e0
0.0000000000000000e0
0.0000000000000000e0
0.0000000000000000e0
0.0000000000000000e0
0.0000000000000000e0
0.0000000000000000e0
0.0000000000000000e0
0.0000000000000000e0
0.0000000000000000e0
0.0000000000000000e0
0.0000000000000000e0
0.0000000000000000e0
0.0000000000000000e0
0.0000000000000000e0
0.0000000000000000e0
0.0000000000000000e0
4.3042681761520041e-2
0.0000000000000000e0
-3.5209346377694253e-2
0.0000000000000000e0
0.0000000000000000e0
0.0000000000000000e0
0.0000000000000000e0
2.6698385100443544e-2
0.0000000000000000e0
-1.7673596702898708e-2
0.0000000000000000e0
0.0000000000000000e0
0.0000000000000000e0
0.0000000000000000e0
0.0000000000000000e0
0.0000000000000000e0
0.0000000000000000e0
0.0000000000000000e0
0.0000000000000000e0
0.0000000000000000e0
0.0000000000000000e0
0.0000000000000000e0
0.0000000000000000e0
0.0000000000000000e0
-6.5775831672499938e-2
0.0000000000000000e0
6.0155802754195631e-2
0.0000000000000000e0
0.0000000000000000e0
0.0000000000000000e0
0.0000000000000000e0
0.0000000000000000e0
0.0000000000000000e0
-5.3378037786243213e-2
0.0000000000000000e0
4.5572979094738883e-2
6.4838967708034587e-2
0.0000000000000000e0
-6.1051666532389484e-2
0.0000000000000000e0
0.0000000000000000e0
0.0000000000000000e0
0.0000000000000000e0
5.6089387848349118e-2
0.0000000000000000e0
-5.0047633812943755e-2
0.0000000000000000e0
0.0000000000000000e0
0.0000000000000000e0
0.0000000000000000e0
0.0000000000000000e0
0.0000000000000000e0
0.0000000000000000e0
0.0000000000000000e0
0.0000000000000000e0
0.0000000000000000e0
0.0000000000000000e0
0.0000000000000000e0
0.0000000000000000e0
0.0000000000000000e0
-7.4889988664260471e-2
0.0000000000000000e0
7.4731320057152509e-2
0.0000000000000000e0
0.0000000000000000e0
0.0000000000000000e0
0.0000000000000000e0
0.0000000000000000e0
0.0000000000000000e0
-7.3134400453353759e-2
0.0000000000000000e0
7.0129963569464493e-2
0.0000000000000000e0
0.0000000000000000e0
0.0000000000000000e0
0.0000000000000000e0
0.0000000000000000e0
0.0000000000000000e0
0.0000000000000000e0
0.0000000000000000e0
0.0000000000000000e0
0.0000000000000000e0
0.0000000000000000e0
0.0000000000000000e0
0.0000000000000000e0
0.0000000000000000e0
0.0000000000000000e0
0.0000000000000000e0
0.0000000000000000e0
0.0000000000000000e0
0.0000000000000000e0
0.0000000000000000e0
0.0000000000000000e0
0.0000000000000000e0
-6.1493786550503152e-2
0.0000000000000000e0
6.6844170708395823e-2
0.0000000000000000e0
0.0000000000000000e0
0.0000000000000000e0
0.0000000000000000e0
0.0000000000000000e0
0.0000000000000000e0
-7.0908096991989009e-2
0.0000000000000000e0
7.3607352598091425e-2
0.0000000000000000e0
0.0000000000000000e0
0.0000000000000000e0
0.0000000000000000e0
0.0000000000000000e0
0.0000000000000000e0
0.0000000000000000e0
0.0000000000000000e0
0.0000000000000000e0
0.0000000000000000e0
0.0000000000000000e0
0.0000000000000000e0
0.0000000000000000e0
0.0000000000000000e0
0.0000000000000000e0
0.0000000000000000e0
0.0000000000000000e0
0.0000000000000000e0
0.0000000000000000e0
0.0000000000000000e0
0.0000000000000000e0
0.0000000000000000e0
0.0000000000000000e0
0.0000000000000000e0
0.0000000000000000e0
0.0000000000000000e0
0.0000000000000000e0
0.0000000000000000e0
0.0000000000000000e0
0.0000000000000000e0
0.0000000000000000e0
0.0000000000000000e0
0.0000000000000000e0
0.0000000000000000e0
0.0000000000000000e0
0.0000000000000000e0
6.3570349563390097e-2
0.0000000000000000e0
0.0000000000000000e0
-6.6581740129593447e-2
0.0000000000000000e0
0.0000000000000000e0
0.0000000000000000e0
0.0000000000000000e0
0.0000000000000000e0
0.0000000000000000e0
6.8311723462128798e-2
0.0000000000000000e0
0.0000000000000000e0
-6.8727004949709000e-2
0.0000000000000000e0
0.0000000000000000e0
0.0000000000000000e0
0.0000000000000000e0
0.0000000000000000e0
0.0000000000000000e0
0.0000000000000000e0
0.0000000000000000e0
0.0000000000000000e0
0.0000000000000000e0
0.0000000000000000e0
0.0000000000000000e0
0.0000000000000000e0
0.0000000000000000e0
0.0000000000000000e0
0.0000000000000000e0
0.0000000000000000e0
0.0000000000000000e0
6.7819592240359494e-2
0.0000000000000000e0
0.0000000000000000e0
-6.5606949059231062e-2
0.0000000000000000e0
0.0000000000000000e0
0.0000000000000000e0
0.0000000000000000e0
0.0000000000000000e0
0.0000000000000000e0
6.2131659108286219e-2
0.0000000000000000e0
0.0000000000000000e0
-5.7460606516320123e-2
-2.9613842581534565e-2
0.0000000000000000e0
3.8865066298700478e-2
0.0000000000000000e0
0.0000000000000000e0
0.0000000000000000e0
0.0000000000000000e0
0.0000000000000000e0
0.0000000000000000e0
-4.7368307506019003e-2
0.0000000000000000e0
5.4959916007933853e-2
0.0000000000000000e0
0.0000000000000000e0
0.0000000000000000e0
0.0000000000000000e0
0.0000000000000000e0
0.0000000000000000e0
