4.0172209268743175e-1
-3.1052986975911412e-1
-9.2944306949593580e-1
-1.2689851859190160e0
-1.2270969837626577e0
-3.1052986975911412e-1
-9.3101521153970301e-1
-1.2711737632775655e0
-1.2288307822348041e0
-8.1636917761558181e-1
-9.2944306949593580e-1
-1.2711648766906507e0
-1.2297520241838968e0
-8.1816564370027833e-1
-1.6025792731834049e-1
-1.2689851859190160e0
-1.2288174044723725e0
-8.1815683505602088e-1
-1.6121462050621516e-1
5.4402349308821230e-1
-1.2270969837626577e0
-8.1636917761558181e-1
-1.6025792731834049e-1
5.4402349308821230e-1
1.0847828672282773e0
4.7412289168076188e-2
-6.4557393319180267e-1
-6.4557154505363845e-1
4.7412289168076188e-2
-6.4468168083545596e-1
-1.1443335447880454e0
-1.1450085053381840e0
-1.3003652840870961e0
-1.3003599834303989e0
-1.1450041588979700e0
-1.1443252726006783e0
-6.4468168083545596e-1
-1.2998400375679682e0
-1.2988880474834461e0
-1.1429978655409574e0
-1.0634802891534112e0
-1.0624306046865488e0
-1.2977528764624118e0
-1.0643356178516024e0
-5.0874427308050996e-1
-5.0776398712098036e-1
-1.0647943610505473e0
-1.0647995578710794e0
-5.0921344910768429e-1
-5.0920911639799515e-1
1.9910255479814373e-1
1.9952583008458766e-1
1.9910025128679054e-1
8.4684236960459047e-1
8.4684236960459047e-1
-5.0875286607170045e-1
1.9952583008458766e-1
-1.0634907223693020e0
-5.0776398712098036e-1
-1.0643479951706714e0
-1.2998522999210680e0
-1.1429978655409574e0
-1.2988981652891631e0
-1.2977528764624118e0
-1.0624306046865488e0
-3.1100559922619603e-1
-9.3062955769739975e-1
-1.2714652101434805e0
-9.3062413117917464e-1
-1.2703022059915092e0
-1.2278403164060072e0
-8.1747206569948871e-1
-1.2295068403186393e0
-8.1838846099211893e-1
-1.6099341296499758e-1
5.4390192102544266e-1
-1.6099902620003517e-1
-8.1748258301181309e-1
-1.2295166616674502e0
-1.2703122788340124e0
-1.2278477605796934e0
2.2674915558980208e-1
-1.3307689545590382e-1
-1.3307668565845651e-1
2.2674915558980208e-1
-1.3283705641364943e-1
-4.8271614391105327e-1
-4.8294342127310302e-1
-7.9597081464021535e-1
-7.9596907379544923e-1
-4.8294239762419622e-1
-4.8271426579819648e-1
-1.3283705641364943e-1
-4.8224634153397972e-1
-7.9534869858014423e-1
-7.9576610569100681e-1
-7.9470971796027035e-1
-1.0470211173684669e0
-1.0475689449639458e0
-1.2195291508990405e0
-1.2198420865652617e0
-1.0479322557484261e0
-1.0481117834464198e0
-1.2199983423068792e0
-1.2199958289029871e0
-1.0481098425429078e0
-1.2982903017716778e0
-1.2984269673774440e0
-1.2773701963441859e0
-1.2773667230857610e0
-1.2984242458264934e0
-1.2982819406369517e0
-1.2198354271238758e0
-7.9576238076221784e-1
-7.9534474730226057e-1
-4.8224634153397972e-1
-1.0479268756892559e0
-1.2195188779399289e0
-1.0475621717160226e0
-1.0470155834502823e0
-7.9470971796027035e-1
-1.2190525394286755e0
-1.2184439715612179e0
-1.0462887078204932e0
-1.2980054186723384e0
-1.2976023923000424e0
-1.2766290318692810e0
-1.2761755274280511e0
-1.2970876380360505e0
-1.2964862331496101e0
-1.2177093144283315e0
-1.2756595146788099e0
-1.2751340227601144e0
-1.2958386437946579e0
-1.1573116943997468e0
-1.1568203560510297e0
-9.4910597900504479e-1
-9.4852739262425567e-1
-1.1563161552794945e0
-1.1558866752432904e0
-1.2746910433172918e0
-1.1577404307286068e0
-9.5006666261759620e-1
-9.4962859551855949e-1
-9.5040465623116088e-1
-6.6990729452032283e-1
-6.6955842916835795e-1
-3.3776366582603551e-1
-3.3725631154937918e-1
-6.6908917047132099e-1
-6.6849942716935096e-1
-1.2772381278525329e0
-1.2769887659254446e0
-1.1584344649352085e0
-1.1583137174275628e0
-9.5063387461793958e-1
-1.1580794048639136e0
-1.1584378763281191e0
-9.5075463149740458e-1
-9.5075127597510400e-1
-9.5064307611400423e-1
-6.7014619672464204e-1
-6.7025690143376737e-1
-3.3847205429239158e-1
-3.3846984566636695e-1
-6.7025417400728360e-1
-6.7013759656323368e-1
-3.3835660763638709e-1
-3.3812534805069078e-1
1.9137502909483520e-2
1.9241225632600417e-2
3.7520073937203985e-1
3.7538693981134896e-1
1.9461578121023643e-2
1.9824720960448572e-2
1.9135968388898247e-2
3.7512109393366083e-1
3.7512206870785914e-1
3.7519849829076679e-1
7.0218997397027494e-1
7.0216695962934372e-1
9.7519675416145812e-1
9.7519675416145812e-1
7.0216705899805198e-1
7.0218997397027494e-1
-6.6991854738567413e-1
-3.3813363212861741e-1
-3.3836298528451170e-1
-3.3777009324010931e-1
1.9824720960448572e-2
1.9457464383891520e-2
3.7538693981134896e-1
1.9236902828530800e-2
-1.1573262333960270e0
-9.4964067769613525e-1
-9.5008094221166539e-1
-1.1577564876349626e0
-9.4911291707779866e-1
-6.6849942716935096e-1
-6.6909617258282328e-1
-3.3725631154937918e-1
-6.6956964371362626e-1
-9.5041770338153031e-1
-1.2980171426341085e0
-1.2770026742746881e0
-1.2772476085033437e0
-1.2766444651530580e0
-1.1580939182738141e0
-1.1583234615264255e0
-1.0462887078204932e0
-1.2184502573833214e0
-1.2190625202769347e0
-1.2177093144283315e0
-1.2964931147073948e0
-1.2970986302597309e0
-1.2761900484702837e0
-1.2976153573138633e0
-1.2958386437946579e0
-1.2751389456321376e0
-1.2756705630569105e0
-1.2746910433172918e0
-1.1558866752432904e0
-1.1563208944906480e0
-9.4852739262425567e-1
-1.1568312057878554e0
4.7300821606882835e-2
-3.1089051328345313e-1
-6.4568099478277741e-1
-3.1088931594728025e-1
-6.4524511242553828e-1
-9.3013852985894951e-1
-1.1447555045995645e0
-9.3092019368418355e-1
-1.1450913204918276e0
-1.2713933347719990e0
-1.3004285330299061e0
-1.2713884747946413e0
-6.4524222269933873e-1
-9.3091676943343260e-1
-1.1447482071925601e0
-9.3013398566493921e-1
-1.1437391663840006e0
-1.2707995611547651e0
-1.2994079233512974e0
-1.2696889571802317e0
-1.2983168070213911e0
-1.2283465945362158e0
-1.0629568980952342e0
-1.2273742198926629e0
-1.0639500527606238e0
-8.1787061361882929e-1
-5.0832267941719456e-1
-8.1696744239894237e-1
-1.3001616753066854e0
-1.2296888573259059e0
-1.0646203613686271e0
-1.2292123831267268e0
-1.0648545168983055e0
-8.1833421067032364e-1
-5.0926735054095884e-1
-8.1832947442441906e-1
-5.0903707187748204e-1
-1.6115983259708985e-1
1.9924896099266809e-1
-1.6069962882516900e-1
1.9905709632895865e-1
5.4392415868911936e-1
8.4687186690166882e-1
5.4392524016312360e-1
-5.0904450836759829e-1
-1.6070449851149518e-1
1.9924603896603785e-1
-1.6116324274659649e-1
-1.0639625955362049e0
-8.1697415716190303e-1
-5.0832892597635193e-1
-8.1788148497821633e-1
-1.3001710805340736e0
-1.2292248747496375e0
-1.0646297237773861e0
-1.2296941139403113e0
-1.1437450312913064e0
-1.2696952217766830e0
-1.2994202570340452e0
-1.2708102194453954e0
-1.2983222337141667e0
-1.2273768756778971e0
-1.0629626146597919e0
-1.2283579156623072e0
4.7687957503716001e-3
7.4597679393805905e-2
1.4230907364807099e-2
7.2765040946686607e-2
-1.4214608794160725e-2
7.4992294101054499e-2
-2.3400023601077746e-2
-7.3926987479721651e-2
-3.2134398343970076e-2
-7.4974636930339678e-2
2.3415593928270906e-2
-7.4579844431291356e-2
2.3386852800896359e-2
7.3940074956766452e-2
3.2117510033053423e-2
-3.2109002197706391e-2
7.1461765112525263e-2
-4.0217401313641543e-2
-6.7603620222132149e-2
-4.7552636856767007e-2
-7.1454477324317117e-2
4.0230952942672427e-2
6.7594602885321847e-2
4.7569918858919612e-2
7.1441059399436360e-2
6.2446387574991664e-2
-5.3974752363297178e-2
-5.6083427080272773e-2
-5.9357654564914528e-2
-6.2432581546453036e-2
5.3989693599241925e-2
-6.7582514668732774e-2
7.3913489734418816e-2
3.2151047006111523e-2
7.4959312162368466e-2
-4.0247141192268944e-2
-4.7587644198859622e-2
-7.1426757114195452e-2
4.0266143923169490e-2
-7.3896141046087715e-2
4.0213193764007331e-2
6.7611137370741869e-2
4.7549322789195728e-2
-4.7543457264177892e-2
6.2456733310814624e-2
-5.3960543009752414e-2
-5.6096042997808675e-2
-5.9339639900205209e-2
-6.2450002176493734e-2
5.3966672435048706e-2
5.3958717192298139e-2
5.6100491209787523e-2
5.9336003188612270e-2
-5.9335507858499455e-2
4.8662336754445860e-2
-6.3567134204658954e-2
-4.0287689122031192e-2
-6.6577089869380504e-2
-4.8658946650305769e-2
6.3568355083335248e-2
4.0289660900623879e-2
6.6580944034768053e-2
4.8657976229786619e-2
3.1141067241180705e-2
-6.8302208490644833e-2
-2.1393115667623298e-2
-6.8717519905998628e-2
-3.1134906437568933e-2
6.8307339108722470e-2
-4.0281902385423139e-2
5.6091725849171062e-2
5.9344606217023387e-2
-6.3574926277019980e-2
-6.6586149302383796e-2
-4.8651179357832544e-2
6.3580923205532963e-2
4.0277170305228045e-2
6.6597226298797135e-2
4.8640900080996266e-2
3.1131528450930201e-2
-6.8313530199057768e-2
-2.1382135049944510e-2
-6.8731839561425825e-2
-3.1120221844126474e-2
6.8326237000852913e-2
-4.0263858753303655e-2
2.1389707698745493e-2
6.8722279627196903e-2
1.1231060524382854e-2
-6.7803924073095601e-2
-8.5225408641428837e-4
-6.5585898224253439e-2
-1.1225438663540224e-2
6.7810313952486767e-2
8.4676541232697419e-4
6.5596008511109402e-2
1.1215945457590814e-2
-9.5387917762416244e-3
-6.2108696991674241e-2
1.9751108982752463e-2
-5.7437322169622385e-2
9.5509747173104405e-3
6.2117846811223579e-2
-8.3537465931930114e-4
2.1370760003069433e-2
6.8745712546905119e-2
3.1107362267565240e-2
-6.7821467809734790e-2
-6.5609871413179310e-2
-1.1201572827850073e-2
6.7833454762565998e-2
-2.1358009276323527e-2
6.7567550094914178e-2
4.7607032065881211e-2
7.1410792475563437e-2
6.2419711385880955e-2
-5.4008928108638964e-2
-5.6057238040200824e-2
-5.9392338341376860e-2
-6.2404819177694131e-2
5.4029385596419753e-2
-6.7551098538546114e-2
5.6073252167460945e-2
5.9374723641530271e-2
-6.3593344229210202e-2
-6.6611162470073620e-2
-4.8625643555809853e-2
6.3610654836075295e-2
4.0251337778253259e-2
6.6626395259157298e-2
4.8614808317231382e-2
-6.8339437052554353e-2
-6.8758052202999798e-2
-3.1095184205619179e-2
6.8354034156938331e-2
-4.0239485494290780e-2
5.6043535509479617e-2
5.9412150436072321e-2
6.2391341458975978e-2
-6.3630706784548074e-2
-6.6645671178455157e-2
-4.8603432505500220e-2
6.3651603913572691e-2
-5.6030823989122062e-2
4.0222538139217417e-2
6.6660970218581111e-2
4.8591958266003939e-2
3.1079539863175271e-2
-6.8374384817874598e-2
-2.1333899423490687e-2
-6.8789203179200981e-2
-3.1074568268622243e-2
6.8389378396101666e-2
-4.0217909913249521e-2
2.1341902995816467e-2
6.8771943538124616e-2
1.1188059220631357e-2
-6.7848147021042943e-2
-8.1358938183965677e-4
-6.5636111087334623e-2
-1.1179925489762127e-2
6.7861771915053382e-2
8.0084648544138351e-4
6.5647998830945617e-2
1.1168873543262839e-2
-9.5839305795510886e-3
-6.2159136679214640e-2
1.9797314860369872e-2
-5.7486108779290924e-2
9.5958380590356052e-3
6.2165722767197437e-2
-7.9429003985599861e-4
2.1325453006364407e-2
6.8800564885531379e-2
3.1069842729122766e-2
-6.7876436639740106e-2
-6.5660227831380091e-2
-1.1164834867101698e-2
6.7885602751732443e-2
-2.1323816988422787e-2
7.9166195104386761e-4
6.5664449182804188e-2
1.1167401052375046e-2
-9.6018371031234284e-3
-6.2174726963057834e-2
1.9809831411803605e-2
-5.7495086693095443e-2
9.6014353425068408e-3
6.2175288402438293e-2
-7.9606149820118780e-4
-1.9802816698102146e-2
5.7493284047602469e-2
-2.9629197648423276e-2
-5.1702514929094799e-2
3.8896938732126969e-2
-4.4926198774875227e-2
2.9641261747191564e-2
5.1704778534806040e-2
-3.8904465648859306e-2
4.4924539484825998e-2
-2.9644690415802418e-2
-4.7413836358990914e-2
-3.7285148095318243e-2
5.5028357095669833e-2
-2.8922755513991323e-2
4.7425388213999338e-2
3.7276121793441662e-2
3.8908521520770220e-2
-1.9806985554066955e-2
5.7487990123686640e-2
-9.5905987574180854e-3
-5.1700532644805786e-2
-4.4912085793885267e-2
2.9640386102257853e-2
5.1683688612067957e-2
1.9792681941320018e-2
5.1693474939301189e-2
-3.8881577249068024e-2
4.4920357023049709e-2
-4.4911235714681447e-2
-4.7387355074203434e-2
-3.7273529201787101e-2
5.4994393645268959e-2
-2.8922717193164169e-2
4.7403247537652869e-2
3.7282234667288708e-2
3.7266647087672099e-2
-5.4983293243748982e-2
2.8910921997595665e-2
-2.8892111671802102e-2
-6.1508945501613788e-2
-1.9993455656610631e-2
6.6881605219116874e-2
-1.0706454068875947e-2
6.1534963931922156e-2
1.9997492543963078e-2
-6.6897782267611408e-2
1.0711759151150590e-2
-6.1552219592512801e-2
-7.0961888716885912e-2
-1.2105988545341876e-3
7.3684612737593871e-2
8.3086688825039189e-3
7.0983859275315433e-2
1.2161644673569080e-3
6.6919796935052289e-2
-5.5009794912625073e-2
2.8926720670381004e-2
-2.0007605801687364e-2
-1.0717591971369220e-2
6.1569767987008105e-2
2.0012752714361381e-2
8.2207089114505537e-4
6.5621904666196315e-2
-9.5620057446807599e-3
-6.2133819125092117e-2
1.9774739566741004e-2
-5.7456931567525342e-2
9.5693449698470538e-3
6.2146826234219202e-2
-1.9760891062371350e-2
5.7447565587510949e-2
-2.9582992132885653e-2
-5.1658051171772877e-2
3.8845113099379686e-2
-4.4886357236065363e-2
2.9594221113849521e-2
5.1670845254200640e-2
-3.8857961323008242e-2
4.4892210090233545e-2
-2.9600103879643503e-2
-4.7360149390783021e-2
-3.7252160055885247e-2
5.4967025945079281e-2
4.7366834504659470e-2
3.8873272429713140e-2
-1.9785827264050669e-2
5.7473367060855138e-2
-5.1685375990508424e-2
2.9619928360952258e-2
5.1647254597250739e-2
-3.8834868253923176e-2
4.4874634515480072e-2
-4.4864128149808787e-2
-4.7341893050557228e-2
-3.7225086000023805e-2
5.4940858820811379e-2
-2.8873603696412710e-2
4.7349377166168903e-2
3.7238353711304274e-2
3.7223648424121278e-2
-5.4941076450788870e-2
2.8864447839675619e-2
-2.8850048489432137e-2
-6.1471669240444532e-2
-1.9946031741075669e-2
6.6830573370666474e-2
-1.0653910234158945e-2
6.1479463651372988e-2
1.9952488564844217e-2
-6.6838723727036600e-2
1.0660334218243653e-2
-6.1487452693474151e-2
-7.0905383424471988e-2
-1.1545882709114671e-3
7.3615869010083268e-2
8.3683620282288661e-3
7.0912581144603790e-2
1.1646946849809198e-3
6.6849395920785384e-2
-5.4951656282701211e-2
2.8886909450117921e-2
-1.9964563421198813e-2
-1.0673769842752461e-2
6.1499291150408704e-2
1.9981512287792373e-2
-6.6864888112880855e-2
1.0685019962974177e-2
-7.0927840020435964e-2
-1.1785908064928974e-3
7.3638464238942672e-2
8.3353126537733819e-3
7.0943688833907101e-2
1.1909479329008682e-3
-7.3626395379925380e-2
-8.3532420245754566e-3
-7.4905107833085433e-2
1.7722368254825635e-2
7.4753117576472655e-2
2.6729460591790467e-2
7.4921377533860190e-2
-1.7711116603161436e-2
-7.4770728021718011e-2
-2.6716345473831563e-2
-7.4940498046729295e-2
-7.3168343841597677e-2
3.5225819208971471e-2
7.0175411814974845e-2
4.3042681761520041e-2
7.3186155169803244e-2
-3.5209346377694253e-2
7.4791431407544712e-2
-7.3656733554964229e-2
-8.3227276953656924e-3
1.7693675035961712e-2
2.6698385100443544e-2
7.4961230652666383e-2
-1.7673596702898708e-2
-1.7735856747617785e-2
-7.4745053671363748e-2
-2.6751570636294651e-2
2.6763390770997347e-2
-7.3144566043496756e-2
3.5262558947764776e-2
7.0142393032012793e-2
4.3082046431211024e-2
7.3151669767563959e-2
-3.5249358010529419e-2
-3.5277776373933721e-2
-7.0135956518091028e-2
-4.3098390086233618e-2
4.3113574903857449e-2
-6.5775831672499938e-2
5.0103793766475828e-2
6.0155802754195631e-2
5.6128355877768314e-2
6.5783748760114266e-2
-5.0089572837347197e-2
-6.0164443220242725e-2
-5.6109929312808372e-2
-6.5796003552972049e-2
-5.3378037786243213e-2
6.1072190736331508e-2
4.5572979094738883e-2
6.4838967708034587e-2
5.3388330883783114e-2
-6.1051666532389484e-2
6.0176107752069524e-2
-7.0155622529943659e-2
-4.3064836902133863e-2
5.0071677920416086e-2
5.6089387848349118e-2
6.5809591919244348e-2
-5.0047633812943755e-2
1.9943262003445764e-2
-6.6834111196592258e-2
1.0639692158096731e-2
-1.0631042973391817e-2
-7.0896836048617601e-2
-1.1353390813177171e-3
7.3602035987035630e-2
8.3911490628419509e-3
7.0895614947883434e-2
1.1417873795877785e-3
1.1276373881284752e-3
-7.3601271874138216e-2
-8.3970665195924211e-3
8.3998876986079267e-3
-7.4889988664260471e-2
1.7764917675206965e-2
7.4731320057152509e-2
2.6785476047366402e-2
7.4887473363736412e-2
-1.7758611484511563e-2
-7.4731497974096089e-2
-2.6779416213403715e-2
-7.4887115829453690e-2
-7.3134400453353759e-2
3.5288768408566089e-2
7.0129963569464493e-2
7.3134815106367768e-2
7.4736506815956671e-2
-7.3607463155577091e-2
-8.3801802615392825e-3
1.7746698041264261e-2
7.4895949830335512e-2
5.1631231343677003e-2
-3.8826350218822643e-2
4.4855530076305584e-2
-2.9571278183990468e-2
-4.4859312627261255e-2
-4.7345257100271265e-2
-3.7208288906786659e-2
5.4936470899227104e-2
-2.8849625508546924e-2
4.7338052697901423e-2
3.7209304183055195e-2
3.8823865864788837e-2
3.7213976571882385e-2
-5.4947664540801890e-2
2.8851267705521991e-2
-2.8856463732472318e-2
-6.1493786550503152e-2
-1.9936529265793274e-2
6.6844170708395823e-2
-1.0633580788031552e-2
6.1482658796489620e-2
1.9931370664650040e-2
-6.6833826896189219e-2
1.0631738052907021e-2
-6.1475539364603676e-2
-7.0908096991989009e-2
-1.1260255535611168e-3
7.3607352598091425e-2
7.0901892654268120e-2
6.6830898720560805e-2
-5.4934080793101331e-2
2.8847154152068316e-2
-4.7332044781360549e-2
-1.9934560960811174e-2
6.1468585922063460e-2
5.4938201135079551e-2
6.7800592790617800e-2
8.5916337512048147e-4
6.5584050330870738e-2
-6.5580879150935981e-2
-9.5346277815053643e-3
-6.2095820456721143e-2
1.9740832774114966e-2
-5.7420677752170024e-2
9.5366175967946908e-3
6.2103747195602042e-2
6.2092661969408033e-2
-1.9735860028492241e-2
5.7420573756138293e-2
-5.7423696814715972e-2
-5.1631395973558911e-2
-4.4856055808182790e-2
2.9569129347910856e-2
5.1635427040563855e-2
-3.8825462443628410e-2
4.4856688593652140e-2
-2.9567342168074103e-2
-3.7217453064147928e-2
4.7330847922380563e-2
3.8829833520095565e-2
-1.9744174789411637e-2
5.7427258004395389e-2
-5.1640590626282880e-2
2.9574049770554597e-2
6.3570349563390097e-2
4.0287415552516491e-2
6.6576902475379632e-2
-6.6581740129593447e-2
3.1136506442081432e-2
-6.8304952964238511e-2
-2.1390563076216174e-2
-6.8713521956223045e-2
-3.1139430560350748e-2
6.8302628219029438e-2
6.8311723462128798e-2
2.1385960437228908e-2
6.8718670423461053e-2
-6.8727004949709000e-2
1.1221389286647263e-2
-6.7807858635144158e-2
-8.5086309678625370e-4
-6.5585604243826520e-2
-1.1228666978969907e-2
6.7802255742315395e-2
8.6027392059442908e-4
6.5585709670324080e-2
1.1232402692220804e-2
-9.5380204279826158e-3
-6.2096129370020341e-2
1.9739800209212739e-2
9.5382168287891072e-3
-8.6361474007265427e-4
2.1394585701500528e-2
6.8713452111140022e-2
-6.7796737821064434e-2
-1.1235002148336856e-2
6.7819592240359494e-2
8.4172673013556876e-4
6.5595374440080526e-2
-6.5606949059231062e-2
-9.5540954562081636e-3
-6.2119686900405667e-2
1.9761578545793603e-2
-5.7432747642258690e-2
9.5456378783737167e-3
6.2107619619755881e-2
6.2131659108286219e-2
-1.9770726912729662e-2
5.7443789947320981e-2
-5.7460606516320123e-2
-2.9613842581534565e-2
-5.1660139425763724e-2
3.8865066298700478e-2
-4.4872416462110445e-2
2.9598312596846626e-2
5.1649914098566750e-2
-3.8849688852580881e-2
4.4863050030471564e-2
-2.9583701354903451e-2
-4.7368307506019003e-2
-3.7221480771030116e-2
5.4959916007933853e-2
4.7355306178297495e-2
3.8838439855586576e-2
-1.9749348264155881e-2
5.7425374514830950e-2
-5.1641395577654355e-2
2.9577081181680398e-2
