dofs 0 1 2 3 0 81 225 84
verts 0,0,0 0.0625,0,0 0.0625,0.0625,0 0,0.0625,0
6.7057291666666663e-1 1.8068294529663687e-1 3.2942708333333337e-1 1.7287044529663687e-1 0.0000000000000000e0 0.0000000000000000e0 0.0000000000000000e0 0.0000000000000000e0
1.8068294529663687e-1 6.7057291666666674e-1 1.7287044529663687e-1 3.2942708333333337e-1 3.6828478186799341e-3 7.3656956373598691e-3 7.3656956373598691e-3 3.6828478186799341e-3
3.2942708333333337e-1 1.7287044529663687e-1 6.7057291666666674e-1 1.8068294529663687e-1 0.0000000000000000e0 0.0000000000000000e0 0.0000000000000000e0 0.0000000000000000e0
1.7287044529663687e-1 3.2942708333333337e-1 1.8068294529663687e-1 6.7057291666666674e-1 7.3656956373598691e-3 3.6828478186799346e-3 3.6828478186799350e-3 7.3656956373598691e-3
0.0000000000000000e0 3.6828478186799341e-3 0.0000000000000000e0 7.3656956373598691e-3 5.0086805555555547e-1 4.3402777777777786e-4 -4.9978298611111116e-1 4.3402777777777781e-4
0.0000000000000000e0 7.3656956373598691e-3 0.0000000000000000e0 3.6828478186799346e-3 4.3402777777777786e-4 5.0086805555555547e-1 4.3402777777777775e-4 -4.9978298611111116e-1
0.0000000000000000e0 7.3656956373598691e-3 0.0000000000000000e0 3.6828478186799350e-3 -4.9978298611111116e-1 4.3402777777777775e-4 5.0086805555555547e-1 4.3402777777777781e-4
0.0000000000000000e0 3.6828478186799341e-3 0.0000000000000000e0 7.3656956373598691e-3 4.3402777777777781e-4 -4.9978298611111116e-1 4.3402777777777781e-4 5.0086805555555547e-1
