4.1161866384107982e-3
-6.9407696569680792e-3
-2.1350258510852378e-2
-2.9342307668898084e-2
-1.4481861736721256e-2
-6.9407696569680800e-3
-4.0645988427792663e-2
-5.7931199922267945e-2
-5.7803508344878664e-2
-2.1185165967851832e-2
-2.1350258510852375e-2
-5.7931199922267938e-2
-5.7803508344878712e-2
-4.0301295104315876e-2
-6.7136821079897529e-3
-2.9342307668898098e-2
-5.7803508344878685e-2
-4.0301295104315890e-2
-1.0685358235316515e-2
9.7757937140377817e-3
-1.4481861736721252e-2
-2.1185165967851825e-2
-6.7136821079897433e-3
9.7757937140377799e-3
1.1222329895016009e-2
1.3591638299894021e-3
-2.6926151694175424e-2
-2.6926151694175421e-2
1.3591638299894062e-3
-1.4708956150890804e-2
-5.1251850315161246e-2
-5.1251850315161246e-2
-6.0172318197113689e-2
-6.0172318197113682e-2
-5.1251850315161232e-2
-5.1251850315161246e-2
-1.4708956150890799e-2
-6.0172318197113731e-2
-6.0172318197113661e-2
-2.6355872564652841e-2
-5.1006249881272336e-2
-2.6242236242633086e-2
-3.0080766735504191e-2
-5.1006249881272288e-2
-2.6508773163160037e-2
-1.4505055474607441e-2
-5.1006249881272357e-2
-5.1006249881272343e-2
-2.6508773163160006e-2
-2.6508773163160023e-2
5.9566845093173629e-3
1.5920405958849393e-3
5.9566845093173594e-3
1.7210602670537176e-2
1.7210602670537180e-2
-2.6508773163160030e-2
1.5920405958849402e-3
-5.1006249881272343e-2
-1.4505055474607453e-2
-5.1006249881272267e-2
-6.0172318197113717e-2
-2.6355872564652841e-2
-6.0172318197113647e-2
-3.0080766735504194e-2
-2.6242236242633089e-2
-1.1143445724867392e-2
-4.0645988427792629e-2
-5.7931199922267876e-2
-4.0645988427792629e-2
-5.7931199922267931e-2
-5.7803508344878685e-2
-4.0301295104315890e-2
-5.7803508344878698e-2
-4.0301295104315918e-2
-1.0685358235316533e-2
2.2142373098312872e-2
-1.0685358235316536e-2
-4.0301295104315890e-2
-5.7803508344878685e-2
-5.7931199922267924e-2
-5.7803508344878698e-2
5.5100889244239729e-3
-2.8526821337222976e-3
-2.8526821337222967e-3
5.5100889244239729e-3
-2.8179192224693727e-3
-1.9219746733147601e-2
-1.9219746733147594e-2
-3.4114346024351573e-2
-3.4114346024351566e-2
-1.9219746733147594e-2
-1.9219746733147601e-2
-2.8179192224693718e-3
-1.0930040638175967e-2
-3.4114346024351559e-2
-3.4114346024351538e-2
-1.8204788602472488e-2
-4.6395373361098780e-2
-4.6395373361098766e-2
-5.5121953353419052e-2
-5.5121953353419059e-2
-4.6395373361098752e-2
-4.6395373361098759e-2
-5.5121953353419004e-2
-5.5121953353418997e-2
-4.6395373361098759e-2
-5.9625524314391234e-2
-5.9625524314391234e-2
-5.9561058180159179e-2
-5.9561058180159186e-2
-5.9625524314391221e-2
-5.9625524314391221e-2
-5.5121953353419045e-2
-3.4114346024351552e-2
-3.4114346024351552e-2
-1.0930040638175967e-2
-4.6395373361098745e-2
-5.5121953353419038e-2
-4.6395373361098759e-2
-4.6395373361098766e-2
-1.8204788602472481e-2
-5.5121953353419045e-2
-5.5121953353419059e-2
-2.4084829340246965e-2
-5.9625524314391262e-2
-5.9625524314391262e-2
-5.9561058180159152e-2
-5.9561058180159138e-2
-5.9625524314391207e-2
-5.9625524314391221e-2
-2.8119680536747113e-2
-5.9561058180159165e-2
-5.9561058180159165e-2
-3.0000223737231060e-2
-5.4933493837146782e-2
-5.4933493837146755e-2
-4.6097358743559087e-2
-2.3944110799571552e-2
-5.4933493837146755e-2
-2.8035313435476404e-2
-2.9582386563338559e-2
-5.4933493837146713e-2
-4.6097358743559053e-2
-4.6097358743559039e-2
-4.6097358743559053e-2
-3.3729607833543382e-2
-3.3729607833543368e-2
-1.8777760572812142e-2
-1.0712452717733323e-2
-3.3729607833543368e-2
-1.8018499366397232e-2
-5.9561058180159165e-2
-5.9561058180159165e-2
-5.4933493837146782e-2
-5.4933493837146789e-2
-4.6097358743559060e-2
-5.4933493837146720e-2
-5.4933493837146768e-2
-4.6097358743559080e-2
-4.6097358743559080e-2
-4.6097358743559039e-2
-3.3729607833543354e-2
-3.3729607833543340e-2
-1.8777760572812111e-2
-1.8777760572812115e-2
-3.3729607833543361e-2
-3.3729607833543347e-2
-1.8777760572812142e-2
-1.8777760572812142e-2
-2.3873094952123809e-3
-2.3873094952123830e-3
1.4186038394738438e-2
5.7391438616004511e-3
-2.3873094952123830e-3
-2.5857024868718571e-3
-2.3873094952123817e-3
1.4186038394738448e-2
1.4186038394738436e-2
1.4186038394738436e-2
1.3624302301983778e-2
2.9672563982222479e-2
2.0465674225982240e-2
2.0465674225982243e-2
2.9672563982222486e-2
1.3624302301983780e-2
-3.3729607833543382e-2
-1.8777760572812136e-2
-1.8777760572812149e-2
-1.8777760572812149e-2
-2.5857024868718602e-3
-2.3873094952123874e-3
5.7391438616004545e-3
-2.3873094952123804e-3
-5.4933493837146782e-2
-4.6097358743559060e-2
-4.6097358743559060e-2
-5.4933493837146713e-2
-4.6097358743559087e-2
-1.8018499366397250e-2
-3.3729607833543368e-2
-1.0712452717733325e-2
-3.3729607833543368e-2
-4.6097358743559039e-2
-5.9625524314391255e-2
-5.9561058180159165e-2
-5.9561058180159158e-2
-5.9561058180159138e-2
-5.4933493837146699e-2
-5.4933493837146768e-2
-2.4084829340246965e-2
-5.5121953353419052e-2
-5.5121953353419038e-2
-2.8119680536747113e-2
-5.9625524314391207e-2
-5.9625524314391193e-2
-5.9561058180159124e-2
-5.9625524314391255e-2
-3.0000223737231050e-2
-5.9561058180159179e-2
-5.9561058180159179e-2
-2.9582386563338569e-2
-2.8035313435476411e-2
-5.4933493837146768e-2
-2.3944110799571563e-2
-5.4933493837146768e-2
5.4929831093530881e-3
-1.1143445724867395e-2
-2.6926151694175421e-2
-1.1143445724867397e-2
-2.6926151694175404e-2
-4.0645988427792656e-2
-5.1251850315161260e-2
-4.0645988427792636e-2
-5.1251850315161211e-2
-5.7931199922267917e-2
-6.0172318197113703e-2
-5.7931199922267890e-2
-2.6926151694175414e-2
-4.0645988427792636e-2
-5.1251850315161239e-2
-4.0645988427792656e-2
-5.1251850315161260e-2
-5.7931199922267931e-2
-6.0172318197113668e-2
-5.7931199922267897e-2
-6.0172318197113710e-2
-5.7803508344878705e-2
-5.1006249881272329e-2
-5.7803508344878705e-2
-5.1006249881272323e-2
-4.0301295104315925e-2
-2.6508773163160054e-2
-4.0301295104315890e-2
-6.0172318197113675e-2
-5.7803508344878719e-2
-5.1006249881272323e-2
-5.7803508344878657e-2
-5.1006249881272350e-2
-4.0301295104315890e-2
-2.6508773163160006e-2
-4.0301295104315890e-2
-2.6508773163160047e-2
-1.0685358235316538e-2
5.9566845093173507e-3
-1.0685358235316543e-2
5.9566845093173490e-3
2.2142373098312879e-2
3.6631687812998748e-2
2.2142373098312858e-2
-2.6508773163160058e-2
-1.0685358235316552e-2
5.9566845093173403e-3
-1.0685358235316550e-2
-5.1006249881272323e-2
-4.0301295104315918e-2
-2.6508773163160054e-2
-4.0301295104315918e-2
-6.0172318197113689e-2
-5.7803508344878643e-2
-5.1006249881272295e-2
-5.7803508344878698e-2
-5.1251850315161253e-2
-5.7931199922267876e-2
-6.0172318197113647e-2
-5.7931199922267924e-2
-6.0172318197113703e-2
-5.7803508344878712e-2
-5.1006249881272350e-2
-5.7803508344878698e-2
-1.2773773555431384e-1
4.6205942186069304e-1
-2.1620373327170195e-1
2.4351212359392910e-1
9.8102151299187035e-2
4.1805467915398431e-1
1.5434954445733418e-1
-3.6600421266634120e-1
8.9524802118891689e-2
-4.1805467915398437e-1
-1.5434954445733418e-1
-2.2441186649034273e-1
-6.6578529782365170e-2
3.6600421266634120e-1
-8.9524802118891730e-2
3.3773562817015629e-2
3.0690976618131799e-1
2.2977098968602557e-2
-2.4190864928331612e-1
-4.4012812822820990e-2
-3.0690976618131793e-1
-2.2977098968602609e-2
2.4190864928331612e-1
4.4012812822820949e-2
3.0690976618131793e-1
1.7225184912327945e-1
-1.1015567050278000e-1
-9.9279954388519359e-2
-1.7417851340485735e-1
-1.7225184912327940e-1
1.1015567050278000e-1
-2.4190864928331607e-1
3.6600421266634120e-1
-8.9524802118891661e-2
2.0099266265328322e-1
2.2977098968602554e-2
-4.4012812822820990e-2
-3.0690976618131793e-1
-2.2977098968602561e-2
-1.7370522930860172e-1
-3.1860251090585264e-4
2.4190864928331601e-1
4.4012812822820956e-2
-3.3142489499802578e-2
1.7225184912327934e-1
-1.1015567050277997e-1
-9.9279954388519304e-2
-1.7417851340485729e-1
-1.7225184912327945e-1
1.1015567050277997e-1
6.5965733570457943e-2
9.9279954388519401e-2
1.7417851340485738e-1
-9.7519425838969331e-2
2.4397354834929628e-2
-2.3484918187304174e-1
5.0954787072269282e-2
-2.9100003094498639e-1
-2.4397354834929622e-2
2.3484918187304171e-1
-5.0954787072269289e-2
2.9100003094498644e-1
2.4397354834929618e-2
-1.2532627223157713e-1
-3.4155040240963619e-1
1.9728577489397797e-1
-3.8552742275041829e-1
1.2532627223157716e-1
3.4155040240963630e-1
5.0954787072269310e-2
9.9279954388519387e-2
1.7417851340485735e-1
-2.3484918187304171e-1
-2.9100003094498644e-1
-2.4397354834929622e-2
2.3484918187304177e-1
-5.0954787072269254e-2
2.9100003094498639e-1
2.4397354834929632e-2
-1.2532627223157711e-1
-3.4155040240963619e-1
1.9728577489397792e-1
-3.8552742275041818e-1
1.2532627223157708e-1
3.4155040240963619e-1
5.0954787072269289e-2
-1.9728577489397797e-1
3.8552742275041818e-1
-2.6544838942223126e-1
-4.2208472670457198e-1
3.2850228366607770e-1
-4.5051874609200665e-1
2.6544838942223131e-1
4.2208472670457192e-1
-3.2850228366607770e-1
4.5051874609200671e-1
-2.6544838942223126e-1
-3.8523394599248162e-1
-4.7028225042498828e-1
4.3455154007602464e-1
-4.8099487870115121e-1
3.8523394599248162e-1
4.7028225042498828e-1
3.2850228366607759e-1
-1.9728577489397789e-1
3.8552742275041824e-1
-1.2532627223157713e-1
-4.2208472670457203e-1
-4.5051874609200687e-1
2.6544838942223115e-1
4.2208472670457209e-1
1.9728577489397794e-1
2.4190864928331607e-1
4.4012812822820976e-2
1.4307473017848471e-1
1.7225184912327943e-1
-1.1015567050277998e-1
-9.9279954388519387e-2
-1.7417851340485732e-1
-1.7225184912327945e-1
1.1015567050278000e-1
-1.0969066837714637e-1
9.9279954388519387e-2
1.7417851340485729e-1
-2.3484918187304171e-1
-2.9100003094498639e-1
-2.4397354834929625e-2
2.3484918187304174e-1
-5.0954787072269289e-2
2.9100003094498644e-1
2.4397354834929625e-2
-3.4155040240963619e-1
-3.8552742275041829e-1
1.2532627223157713e-1
3.4155040240963630e-1
5.0954787072269282e-2
9.9279954388519345e-2
1.7417851340485738e-1
7.4195541054679043e-2
-2.3484918187304177e-1
-2.9100003094498650e-1
-2.4397354834929628e-2
2.3484918187304180e-1
-3.7272474137537211e-2
-5.0954787072269282e-2
2.9100003094498650e-1
-3.6792485719206120e-4
-1.2532627223157711e-1
-3.4155040240963630e-1
1.9728577489397794e-1
-3.8552742275041851e-1
1.2532627223157711e-1
3.4155040240963641e-1
3.8001242907918703e-2
-1.9728577489397794e-1
3.8552742275041840e-1
-2.6544838942223137e-1
-4.2208472670457220e-1
3.2850228366607775e-1
-4.5051874609200704e-1
2.6544838942223137e-1
4.2208472670457237e-1
-3.2850228366607770e-1
4.5051874609200704e-1
-2.6544838942223137e-1
-3.8523394599248167e-1
-4.7028225042498828e-1
4.3455154007602470e-1
-4.8099487870115076e-1
3.8523394599248162e-1
4.7028225042498795e-1
3.2850228366607770e-1
-1.9728577489397803e-1
3.8552742275041835e-1
-7.4903203270249158e-2
-4.2208472670457214e-1
-4.5051874609200648e-1
2.6544838942223131e-1
4.2208472670457176e-1
1.1036360463594490e-1
-3.2850228366607770e-1
4.5051874609200659e-1
-1.4369998940130971e-1
-3.8523394599248162e-1
-4.7028225042498800e-1
4.3455154007602459e-1
-4.8099487870115115e-1
3.8523394599248162e-1
4.7028225042498822e-1
1.7427077799062918e-1
-4.3455154007602464e-1
4.8099487870115087e-1
-4.7550591797189867e-1
-4.8245045968889394e-1
5.0730888706176702e-1
-4.7462097982168638e-1
4.7550591797189856e-1
4.8245045968889422e-1
-5.0730888706176691e-1
4.7462097982168650e-1
-4.7550591797189856e-1
-5.2934837931369549e-1
-4.5765712233667594e-1
5.4120023091425673e-1
-2.2094937634117112e-1
5.2934837931369538e-1
2.3240324329934153e-1
5.0730888706176691e-1
-4.3455154007602459e-1
4.8099487870115121e-1
-2.0148761645639368e-1
-4.8245045968889427e-1
-2.3938436447898392e-1
4.7550591797189856e-1
2.4175838383651513e-1
2.2482669971901681e-1
4.8245045968889394e-1
-5.0730888706176680e-1
4.7462097982168616e-1
-4.7462097982168611e-1
-5.2934837931369527e-1
-4.5765712233667577e-1
5.4120023091425651e-1
-4.3188536728154414e-1
5.2934837931369527e-1
4.5765712233667599e-1
4.5765712233667560e-1
-5.4120023091425684e-1
4.3188536728154381e-1
-4.3188536728154381e-1
-5.4263634556642182e-1
-3.9780170820178357e-1
5.3362908434546319e-1
-3.5606210643468761e-1
5.4263634556642182e-1
3.9780170820178373e-1
-5.3362908434546330e-1
3.5606210643468761e-1
-5.4263634556642160e-1
-5.1435179762734906e-1
-3.0746986672312759e-1
4.8517548885233180e-1
-1.3600639465791456e-1
5.1435179762734906e-1
1.6235904338387427e-1
5.3362908434546297e-1
-5.4120023091425651e-1
4.3188536728154425e-1
-3.9780170820178384e-1
-1.8558699076921764e-1
5.4263634556642160e-1
2.0524320043813180e-1
-3.2850228366607759e-1
4.5051874609200687e-1
-3.8523394599248151e-1
-4.7028225042498839e-1
4.3455154007602459e-1
-4.8099487870115148e-1
3.8523394599248151e-1
4.7028225042498850e-1
-4.3455154007602470e-1
4.8099487870115126e-1
-4.7550591797189867e-1
-4.8245045968889438e-1
5.0730888706176691e-1
-4.7462097982168672e-1
4.7550591797189867e-1
4.8245045968889444e-1
-5.0730888706176702e-1
4.7462097982168650e-1
-4.7550591797189845e-1
-5.2934837931369549e-1
-4.5765712233667610e-1
5.4120023091425673e-1
5.2934837931369549e-1
5.0730888706176680e-1
-4.3455154007602448e-1
4.8099487870115132e-1
-4.8245045968889444e-1
4.7550591797189845e-1
4.8245045968889444e-1
-5.0730888706176702e-1
4.7462097982168666e-1
-4.7462097982168661e-1
-5.2934837931369549e-1
-4.5765712233667621e-1
5.4120023091425684e-1
-4.3188536728154447e-1
5.2934837931369549e-1
4.5765712233667633e-1
4.5765712233667555e-1
-5.4120023091425629e-1
4.3188536728154381e-1
-4.3188536728154442e-1
-5.4263634556642137e-1
-3.9780170820178418e-1
5.3362908434546275e-1
-3.5606210643468805e-1
5.4263634556642137e-1
3.9780170820178351e-1
-5.3362908434546275e-1
3.5606210643468722e-1
-5.4263634556642193e-1
-5.1435179762734851e-1
-3.0746986672312793e-1
4.8517548885233136e-1
-2.5296017711333596e-1
5.1435179762734862e-1
3.0746986672312693e-1
5.3362908434546330e-1
-5.4120023091425673e-1
4.3188536728154436e-1
-3.9780170820178407e-1
-3.5606210643468744e-1
5.4263634556642182e-1
3.9780170820178362e-1
-5.3362908434546319e-1
3.5606210643468750e-1
-5.1435179762734906e-1
-3.0746986672312748e-1
4.8517548885233186e-1
-2.5296017711333596e-1
5.1435179762734906e-1
3.0746986672312770e-1
-4.8517548885233142e-1
2.5296017711333535e-1
-4.4666167433168913e-1
-1.9358211067602285e-1
3.9955157651510320e-1
-1.3047843543896728e-1
4.4666167433168924e-1
1.9358211067602238e-1
-3.9955157651510331e-1
1.3047843543896681e-1
-4.4666167433168968e-1
-3.4475185870100161e-1
-6.4863621101555510e-2
2.8331717573429044e-1
-1.0182744690387151e-2
3.4475185870100172e-1
4.3513121959487686e-2
3.9955157651510365e-1
-4.8517548885233186e-1
2.5296017711333596e-1
-1.9358211067602288e-1
-7.6006061980330414e-2
4.4666167433168957e-1
1.0703621779885794e-1
1.9358211067602252e-1
-3.9955157651510365e-1
1.3047843543896703e-1
-1.3047843543896706e-1
-3.4475185870100206e-1
-6.4863621101555288e-2
2.8331717573429083e-1
1.9995341941981774e-3
3.4475185870100206e-1
6.4863621101555302e-2
6.4863621101555274e-2
-2.8331717573429077e-1
-1.9995341941982155e-3
1.9995341941981097e-3
-1.1975312297280756e-1
6.8824207203735832e-2
8.4809256498055915e-2
1.3432431529816807e-1
2.1642987651420911e-1
-6.8824207203735902e-2
-1.4537724895023951e-1
-1.3432431529816813e-1
-2.1642987651420917e-1
-4.8233182836362659e-2
1.9723926792887159e-1
1.0728831402579648e-2
1.1870162465697660e-1
7.1526745301129818e-2
-8.8411930849220943e-2
1.4537724895023932e-1
-2.8331717573429083e-1
-1.9995341941981531e-3
6.8824207203735915e-2
5.6420694133270909e-2
2.1642987651420920e-1
-2.3343605869280366e-2
3.9780170820178379e-1
-5.3362908434546319e-1
3.5606210643468761e-1
-3.5606210643468750e-1
-5.1435179762734906e-1
-3.0746986672312759e-1
4.8517548885233192e-1
-2.5296017711333596e-1
5.1435179762734906e-1
3.0746986672312765e-1
3.0746986672312770e-1
-4.8517548885233186e-1
2.5296017711333596e-1
-2.5296017711333602e-1
-2.3049297317433171e-1
-1.9358211067602288e-1
2.0830018220572993e-1
-1.3047843543896726e-1
4.4666167433168968e-1
1.9358211067602282e-1
-3.9955157651510365e-1
1.3047843543896720e-1
-4.4666167433168968e-1
-1.8209852394508605e-1
-6.4863621101555483e-2
1.5239226569397418e-1
3.4475185870100206e-1
3.9955157651510365e-1
-4.8517548885233186e-1
2.5296017711333590e-1
-1.9358211067602277e-1
4.4666167433168957e-1
4.8245045968889422e-1
-5.0730888706176691e-1
4.7462097982168627e-1
-4.7550591797189823e-1
-4.7462097982168638e-1
-5.2934837931369549e-1
-4.5765712233667588e-1
5.4120023091425684e-1
-4.3188536728154392e-1
5.2934837931369538e-1
4.5765712233667577e-1
5.0730888706176647e-1
4.5765712233667599e-1
-5.4120023091425673e-1
4.3188536728154403e-1
-4.3188536728154414e-1
-2.7195147229015609e-1
-3.9780170820178384e-1
2.6918044410069253e-1
-3.5606210643468761e-1
5.4263634556642182e-1
3.9780170820178373e-1
-5.3362908434546319e-1
3.5606210643468761e-1
-5.4263634556642182e-1
-2.6122886990024713e-1
-3.0746986672312770e-1
2.4824978270777770e-1
5.1435179762734906e-1
5.3362908434546330e-1
-5.4120023091425673e-1
4.3188536728154403e-1
-5.2934837931369494e-1
-3.9780170820178373e-1
5.4263634556642182e-1
5.4120023091425629e-1
4.2208472670457209e-1
-3.2850228366607770e-1
4.5051874609200682e-1
-4.5051874609200682e-1
-3.8523394599248173e-1
-4.7028225042498828e-1
4.3455154007602470e-1
-4.8099487870115110e-1
3.8523394599248167e-1
4.7028225042498817e-1
4.7028225042498789e-1
-4.3455154007602431e-1
4.8099487870115071e-1
-4.8099487870115143e-1
-4.8245045968889444e-1
-4.7462097982168655e-1
4.7550591797189817e-1
4.8245045968889372e-1
-5.0730888706176658e-1
4.7462097982168600e-1
-4.7550591797189867e-1
-4.5765712233667621e-1
5.2934837931369494e-1
5.0730888706176702e-1
-4.3455154007602459e-1
4.8099487870115121e-1
-4.8245045968889438e-1
4.7550591797189862e-1
1.2719629576174477e-1
-5.0954787072269289e-2
2.9100003094498639e-1
-1.5442519341513172e-1
-1.2532627223157716e-1
-3.4155040240963619e-1
1.9728577489397800e-1
-3.8552742275041818e-1
1.2532627223157713e-1
3.4155040240963613e-1
1.7868208163293497e-1
-1.9728577489397778e-1
3.8552742275041807e-1
-1.9950012142944978e-1
-2.6544838942223109e-1
-4.2208472670457220e-1
3.2850228366607748e-1
-4.5051874609200693e-1
2.6544838942223115e-1
4.2208472670457176e-1
-3.2850228366607742e-1
4.5051874609200648e-1
-2.6544838942223137e-1
-3.8523394599248134e-1
-4.7028225042498839e-1
4.3455154007602426e-1
3.8523394599248129e-1
3.2850228366607775e-1
-1.9728577489397797e-1
3.8552742275041824e-1
-4.2208472670457203e-1
2.6544838942223131e-1
2.1647865660773469e-1
-3.2850228366607770e-1
4.5051874609200671e-1
-2.2929092463872131e-1
-3.8523394599248173e-1
-4.7028225042498817e-1
4.3455154007602476e-1
-4.8099487870115099e-1
3.8523394599248162e-1
4.7028225042498806e-1
2.3769034541046527e-1
-4.3455154007602470e-1
4.8099487870115110e-1
-2.4151526681662949e-1
-2.3166706544868337e-1
-4.8245045968889422e-1
2.4915071296502400e-1
-4.7462097982168638e-1
4.7550591797189867e-1
4.8245045968889416e-1
-5.0730888706176702e-1
4.7462097982168638e-1
-4.7550591797189878e-1
-2.6183929917408255e-1
-4.5765712233667594e-1
2.6948862429793696e-1
5.2934837931369549e-1
5.0730888706176702e-1
-4.3455154007602470e-1
4.8099487870115099e-1
-4.8245045968889411e-1
4.7550591797189867e-1
