0.00000000e0
0.00000000e0
0.00000000e0
0.00000000e0
0.00000000e0
0.00000000e0
0.00000000e0
0.00000000e0
0.00000000e0
0.00000000e0
0.00000000e0
0.00000000e0
0.00000000e0
0.00000000e0
0.00000000e0
0.00000000e0
0.00000000e0
0.00000000e0
0.00000000e0
0.00000000e0
0.00000000e0
0.00000000e0
0.00000000e0
0.00000000e0
0.00000000e0
0.00000000e0
0.00000000e0
0.00000000e0
0.00000000e0
0.00000000e0
0.00000000e0
0.00000000e0
0.00000000e0
0.00000000e0
0.00000000e0
0.00000000e0
0.00000000e0
0.00000000e0
0.00000000e0
0.00000000e0
0.00000000e0
0.00000000e0
0.00000000e0
0.00000000e0
0.00000000e0
0.00000000e0
0.00000000e0
0.00000000e0
0.00000000e0
0.00000000e0
1.01093349e0
0.00000000e0
6.91326626e-1
-3.72613766e-4
0.00000000e0
0.00000000e0
0.00000000e0
4.15920050e-1
-3.53831231e-1
6.18660077e-2
1.89399945e-1
0.00000000e0
5.33700560e-1
-1.11259067e0
-7.60702613e-1
0.00000000e0
0.00000000e0
0.00000000e0
0.00000000e0
6.32746380e-3
0.00000000e0
0.00000000e0
0.00000000e0
0.00000000e0
0.00000000e0
0.00000000e0
0.00000000e0
0.00000000e0
0.00000000e0
0.00000000e0
0.00000000e0
0.00000000e0
0.00000000e0
0.00000000e0
0.00000000e0
0.00000000e0
0.00000000e0
0.00000000e0
0.00000000e0
-3.76102697e-2
0.00000000e0
-2.00651324e-2
0.00000000e0
7.43640665e-1
-5.31185859e-1
6.02634125e-2
0.00000000e0
0.00000000e0
0.00000000e0
0.00000000e0
-8.46803202e-2
0.00000000e0
0.00000000e0
-3.52434276e-3
-3.17761855e-2
0.00000000e0
0.00000000e0
-2.77170858e-2
-8.18620628e-1
0.00000000e0
7.52508589e-2
0.00000000e0
0.00000000e0
-1.06417795e-1
-4.16279327e-1
1.56825315e-1
0.00000000e0
0.00000000e0
0.00000000e0
0.00000000e0
0.00000000e0
0.00000000e0
0.00000000e0
0.00000000e0
0.00000000e0
0.00000000e0
0.00000000e0
0.00000000e0
0.00000000e0
0.00000000e0
0.00000000e0
0.00000000e0
0.00000000e0
0.00000000e0
0.00000000e0
0.00000000e0
0.00000000e0
0.00000000e0
0.00000000e0
0.00000000e0
0.00000000e0
0.00000000e0
0.00000000e0
0.00000000e0
0.00000000e0
0.00000000e0
0.00000000e0
0.00000000e0
0.00000000e0
0.00000000e0
0.00000000e0
0.00000000e0
0.00000000e0
7.04937257e-1
0.00000000e0
0.00000000e0
0.00000000e0
2.74670038e-1
8.83909283e-3
0.00000000e0
0.00000000e0
0.00000000e0
0.00000000e0
0.00000000e0
0.00000000e0
0.00000000e0
0.00000000e0
1.92214505e-1
-1.28477357e-1
-2.89189822e-2
0.00000000e0
0.00000000e0
2.19162366e-1
1.71326602e-1
0.00000000e0
-6.27614072e-3
-7.97539069e-1
-7.08856635e-1
0.00000000e0
0.00000000e0
0.00000000e0
0.00000000e0
0.00000000e0
0.00000000e0
-3.46982204e-1
-1.16494949e-1
0.00000000e0
0.00000000e0
-2.20306013e-1
0.00000000e0
0.00000000e0
0.00000000e0
0.00000000e0
0.00000000e0
0.00000000e0
0.00000000e0
0.00000000e0
0.00000000e0
7.24548298e-1
6.43803223e-1
0.00000000e0
0.00000000e0
0.00000000e0
-9.06665555e-3
0.00000000e0
0.00000000e0
0.00000000e0
0.00000000e0
0.00000000e0
0.00000000e0
0.00000000e0
1.17155898e-1
4.19270483e-1
1.88836559e-1
0.00000000e0
0.00000000e0
0.00000000e0
0.00000000e0
0.00000000e0
-7.75710876e-1
0.00000000e0
0.00000000e0
0.00000000e0
0.00000000e0
0.00000000e0
0.00000000e0
0.00000000e0
0.00000000e0
0.00000000e0
0.00000000e0
-2.99028388e-1
0.00000000e0
0.00000000e0
0.00000000e0
0.00000000e0
0.00000000e0
0.00000000e0
0.00000000e0
0.00000000e0
0.00000000e0
0.00000000e0
0.00000000e0
0.00000000e0
0.00000000e0
0.00000000e0
0.00000000e0
0.00000000e0
0.00000000e0
0.00000000e0
0.00000000e0
0.00000000e0
0.00000000e0
0.00000000e0
0.00000000e0
0.00000000e0
-6.74924005e-2
0.00000000e0
0.00000000e0
3.29544464e-2
-7.81068747e-2
0.00000000e0
0.00000000e0
-6.72411406e-2
0.00000000e0
0.00000000e0
-1.92529770e-2
0.00000000e0
0.00000000e0
0.00000000e0
1.75557509e-2
2.35494304e-2
0.00000000e0
0.00000000e0
0.00000000e0
0.00000000e0
0.00000000e0
0.00000000e0
-5.96296629e-2
0.00000000e0
-6.39624502e-2
0.00000000e0
0.00000000e0
0.00000000e0
0.00000000e0
5.25475306e-1
0.00000000e0
0.00000000e0
4.05728595e-1
0.00000000e0
6.49829957e-1
4.98406129e-1
0.00000000e0
1.88880606e-2
0.00000000e0
-1.47245043e-1
0.00000000e0
-4.53792569e-1
9.15062210e-1
9.57253024e-1
2.02460719e-1
0.00000000e0
-2.20155336e-2
-2.54693888e-1
-5.78923616e-1
3.71253175e-1
4.79016456e-1
3.11803745e-1
2.50383011e-1
-4.46780104e-1
0.00000000e0
2.90017599e-2
0.00000000e0
7.81205878e-2
0.00000000e0
0.00000000e0
0.00000000e0
1.34644548e-1
0.00000000e0
1.78298178e-1
0.00000000e0
1.89786794e-1
3.45525540e-1
4.28354095e-1
5.24826911e-1
1.58004522e-1
2.03419992e-1
1.79975109e-2
-3.98824963e-2
3.99062834e-1
-1.86764097e-1
-2.81905951e-1
-2.92405522e-1
4.78969262e-1
2.00571612e-1
-4.10168546e-1
-1.22536060e-1
8.32637153e-2
5.19372968e-1
-9.85870526e-2
4.00784575e-2
1.19900509e-1
5.97602530e-2
3.13535478e-2
-5.28203497e-1
-1.11687806e-2
-2.78815674e-1
0.00000000e0
-3.29821323e-1
-2.40019504e-1
5.44717617e-1
3.24667414e-1
2.89813580e-1
3.33107350e-1
-2.31319918e-1
1.64261176e-1
-1.00699280e0
-3.13979395e-1
-7.14778850e-1
-1.05362568e0
-9.43779641e-2
-1.54397688e-1
-4.08497120e-1
-1.68745543e-1
-5.47391795e-1
0.00000000e0
-7.48394858e-2
-6.94038087e-2
0.00000000e0
0.00000000e0
0.00000000e0
1.71044903e-1
0.00000000e0
0.00000000e0
0.00000000e0
0.00000000e0
0.00000000e0
-1.12527751e-1
5.47214084e-2
6.24129888e-2
2.56192586e-1
6.77252588e-2
-1.07839342e-1
0.00000000e0
-3.23818609e-2
0.00000000e0
0.00000000e0
0.00000000e0
7.84814139e-2
0.00000000e0
5.26191267e-1
0.00000000e0
0.00000000e0
0.00000000e0
0.00000000e0
-3.05728004e-1
0.00000000e0
-5.05405485e-2
0.00000000e0
-5.78780415e-1
0.00000000e0
6.15224487e-2
0.00000000e0
1.44792776e-1
0.00000000e0
0.00000000e0
0.00000000e0
0.00000000e0
0.00000000e0
0.00000000e0
0.00000000e0
0.00000000e0
0.00000000e0
0.00000000e0
0.00000000e0
0.00000000e0
-6.82503973e-2
-8.24625093e-2
-4.66147215e-2
-9.64836540e-2
-2.92460397e-2
-7.36002159e-2
-1.03988819e-1
-2.32602276e-1
-3.43375894e-2
-8.57622056e-2
-3.06421022e-1
1.43671885e-1
-1.74543982e-1
-6.55719624e-1
1.39133392e-1
1.93349036e-1
-3.31923007e-1
-1.33998580e-1
-2.82274101e-1
1.44113327e-1
1.18059336e-1
-9.96467291e-2
4.01358428e-2
1.03710711e-1
1.42223737e-1
2.41523620e-2
5.92741723e-2
1.58241719e-2
-2.10817992e-2
6.23297029e-3
-4.23751461e-1
-1.13699565e-2
-3.37750175e-1
6.51280771e-2
-3.06323608e-2
-5.28198748e-3
0.00000000e0
0.00000000e0
-4.14108767e-2
-5.88734543e-2
0.00000000e0
-7.49166247e-2
0.00000000e0
0.00000000e0
0.00000000e0
-3.76312299e-2
-4.14140092e-2
0.00000000e0
0.00000000e0
-3.45681575e-2
-7.60517128e-2
-1.62792986e-2
0.00000000e0
-5.99564526e-2
0.00000000e0
-8.79477145e-2
0.00000000e0
-9.69279094e-2
-1.13605575e-1
0.00000000e0
-1.21034491e-2
0.00000000e0
0.00000000e0
-6.88505856e-3
-7.85600200e-4
0.00000000e0
1.79919529e-1
4.04301591e-2
1.19462719e-1
1.55045758e-2
0.00000000e0
9.51420013e-3
0.00000000e0
2.86827412e-1
9.41663233e-2
-9.78262878e-2
0.00000000e0
1.29216065e-1
0.00000000e0
6.75007987e-1
7.41182613e-2
-4.98200954e-1
1.16540177e-1
0.00000000e0
-3.56843850e-1
-1.53563380e-1
-2.49352734e-1
-5.89038175e-1
0.00000000e0
1.38391487e-1
0.00000000e0
-5.67184014e-2
2.86959474e-1
1.08998197e-1
-9.16737379e-2
0.00000000e0
0.00000000e0
6.78757412e-1
1.95591360e-1
-4.29738949e-1
0.00000000e0
-2.13736773e-1
-3.66295564e-2
-2.20414192e-1
0.00000000e0
1.26461236e-1
0.00000000e0
0.00000000e0
0.00000000e0
0.00000000e0
1.02365612e-1
1.02055187e-1
0.00000000e0
1.05806161e-1
0.00000000e0
0.00000000e0
9.15250963e-3
1.08398590e-1
3.27765936e-2
0.00000000e0
3.10527132e-2
0.00000000e0
1.01438150e-1
2.40533182e-2
0.00000000e0
0.00000000e0
0.00000000e0
9.53439278e-2
0.00000000e0
7.14152807e-2
1.31300772e-1
0.00000000e0
1.57753760e-1
0.00000000e0
-1.61089288e-1
-1.67987016e-1
-1.32834595e-1
-2.32636953e-1
0.00000000e0
1.32553383e-2
-2.85387691e-1
0.00000000e0
0.00000000e0
4.76824854e-2
-4.18873044e-2
-1.36853977e-2
-4.56860540e-2
-2.09330208e-2
2.10453096e-3
-6.17221507e-2
-1.63005614e-1
1.26860839e-1
1.63170036e-1
-1.47604664e-1
0.00000000e0
-6.95884268e-3
-2.86217869e-3
2.61044842e-4
0.00000000e0
0.00000000e0
0.00000000e0
0.00000000e0
8.61247840e-2
-2.11547856e-2
2.88075781e-2
0.00000000e0
0.00000000e0
0.00000000e0
-1.67510283e-2
4.41262417e-2
2.11194518e-1
-1.89188647e-1
8.70262669e-2
1.57123088e-1
3.41878426e-1
1.87433267e-1
-2.59266842e-2
2.92966102e-1
-7.47054838e-1
-4.41064774e-1
9.22317529e-2
-3.88870103e-1
-7.43002096e-1
0.00000000e0
0.00000000e0
-3.14287127e-1
-5.38900319e-2
2.33533149e-1
-5.80808669e-2
-3.17563525e-1
0.00000000e0
0.00000000e0
2.37251173e-1
2.58639570e-1
1.65715282e-1
5.34751523e-2
1.69963871e-1
-9.83723216e-2
1.84604260e-2
-2.45002138e-1
-2.60431186e-1
6.34627481e-2
-1.57899998e-1
0.00000000e0
-6.68886688e-2
-2.20007851e-2
0.00000000e0
0.00000000e0
0.00000000e0
5.74282744e-2
0.00000000e0
3.76871086e-2
1.08827453e-1
0.00000000e0
0.00000000e0
0.00000000e0
-3.54421038e-2
-2.31417446e-2
-4.09497560e-2
-6.66777385e-2
-1.02541681e-1
-3.79977032e-2
9.11602846e-2
-3.44942003e-2
8.94152747e-2
6.01879084e-2
-4.56405899e-1
-4.26915852e-2
9.33250398e-2
1.04691172e-1
-3.77258548e-1
-3.79182045e-2
7.30110651e-2
7.42867943e-2
7.90701309e-2
7.13156065e-2
1.12194285e-1
-8.76954232e-2
-1.48728197e-1
7.36235123e-2
