FiniteElementSpace
FiniteElementCollection: H1_2D_P4
VDim: 1
Ordering: 0

-6.96775
0
0
0
0
0
0
0
0
0
0
0.209784
0
0
0.209782
0
0
0.209785
0
0
0.209785
0
0
0.209782
0
0
1.46664e-05
1.46681e-05
1.46702e-05
1.467e-05
1.46665e-05
0.425107
0.0142597
0.0142596
0.425113
0.0142596
0.0142598
0.425105
0.01426
0.01426
0.425105
0.0142599
0.0142598
0.425113
0.0142596
0.0142597
0.000362111
0
1.14982e-06
0
0
1.14981e-06
0
0.000362105
0
1.14979e-06
0
0
1.14977e-06
0
0.000362112
0
1.14974e-06
0
0
1.14974e-06
0
0.000362112
0
1.14976e-06
0
0
1.14978e-06
0
0.000362105
0
1.14981e-06
0
0
1.14982e-06
0
0.766126
0.766126
0.766132
0.766128
0.766126
1.22743e-05
-7.28813e-08
1.22744e-05
1.22747e-05
-7.28794e-08
1.22752e-05
1.22757e-05
-7.28781e-08
1.22757e-05
1.22754e-05
-7.28793e-08
1.22749e-05
1.22744e-05
-7.28812e-08
1.22743e-05
-4.08159
1.1522
1.1522
-4.08158
0.975831
0.0782142
0.172883
0.00107897
0.00107896
0.172883
0.0782136
0.975828
1.15221
1.1522
-4.08159
0.0782135
0.172883
0.00107897
0.00107898
0.172884
0.0782144
0.975832
1.1522
1.1522
-4.08159
0.0782152
0.172886
0.00107902
0.00107902
0.172886
0.0782152
0.975832
1.1522
1.1522
-4.08158
0.0782148
0.172885
0.00107901
0.001079
0.172884
0.0782139
0.975828
1.1522
1.1522
0.0782136
0.172883
0.00107896
0.00107897
0.172883
0.0782142
0.0137239
4.4713e-05
0.000377171
1.48013e-05
0
4.41197e-06
0
-1.4436e-07
6.0119e-06
5.97699e-06
-1.21936e-07
-1.21937e-07
5.97701e-06
0
-4.63834e-09
0
0
-4.63832e-09
0
-1.44361e-07
0.000377168
4.47123e-05
0.0137237
6.01188e-06
0
4.41192e-06
0
1.48011e-05
4.47127e-05
0.000377171
0
4.4119e-06
0
-1.44362e-07
6.01188e-06
5.97719e-06
-1.21942e-07
-1.21945e-07
5.97724e-06
0
-4.63798e-09
0
0
-4.63791e-09
0
-1.44364e-07
0.000377184
4.4715e-05
0.013724
6.01187e-06
0
4.41184e-06
0
1.48014e-05
4.47158e-05
0.000377195
0
4.41185e-06
0
-1.44366e-07
6.01185e-06
5.97718e-06
-1.21945e-07
-1.21946e-07
5.9772e-06
0
-4.63768e-09
0
0
-4.63764e-09
0
-1.44367e-07
0.000377196
4.4716e-05
0.013724
6.01185e-06
0
4.41183e-06
0
1.48014e-05
4.47153e-05
0.000377189
0
4.41185e-06
0
-1.44366e-07
6.01188e-06
5.9773e-06
-1.21946e-07
-1.21942e-07
5.97721e-06
0
-4.63786e-09
0
0
-4.63798e-09
0
-1.44361e-07
0.000377177
4.47132e-05
0.0137237
6.01185e-06
0
4.41189e-06
0
1.48012e-05
4.47125e-05
0.000377168
0
4.4119e-06
0
-1.4436e-07
6.01186e-06
5.977e-06
-1.21936e-07
-1.21936e-07
5.97699e-06
0
-4.63832e-09
0
0
-4.63834e-09
0
-1.4436e-07
0.000377171
4.4713e-05
6.0119e-06
0
4.41197e-06
0
-0.95775
0.579485
0.0223221
0.579484
-0.957745
0.579483
0.0223223
0.579486
-0.957761
0.579489
0.0223228
0.579489
-0.957747
0.579487
0.0223225
0.579484
-0.95775
0.579484
0.0223221
0.579485
0.00361718
-6.44898e-06
2.48837e-07
1.84515e-05
1.56207e-06
-5.84619e-08
1.31535e-09
-5.84615e-08
0.00361715
1.84516e-05
2.48822e-07
-6.44897e-06
0.00361715
-6.44884e-06
2.48802e-07
1.84525e-05
1.56203e-06
-5.84603e-08
1.31533e-09
-5.846e-08
0.00361723
1.84534e-05
2.48774e-07
-6.44872e-06
0.00361727
-6.44845e-06
2.48751e-07
1.84546e-05
1.56199e-06
-5.84588e-08
1.31534e-09
-5.84588e-08
0.00361727
1.84547e-05
2.48749e-07
-6.44848e-06
0.00361724
-6.44861e-06
2.48768e-07
1.84541e-05
1.56202e-06
-5.84599e-08
1.31533e-09
-5.84601e-08
0.00361717
1.84531e-05
2.48805e-07
-6.44869e-06
0.00361715
-6.44897e-06
2.48823e-07
1.84516e-05
1.56207e-06
-5.84615e-08
1.31535e-09
-5.84618e-08
0.00361718
1.84515e-05
2.48837e-07
-6.44898e-06
-6.87717
-6.18195
-4.91621
-3.74466
-2.78836
-1.59695
-3.74466
-2.78836
-1.59695
-6.87717
-6.18194
-4.91621
-0.113223
-1.50896
-3.18654
0.578606
0.87313
1.09316
1.04765
0.540086
-0.362207
0.892653
1.08709
1.17165
0.892653
1.08709
1.17165
1.04765
0.540087
-0.362207
0.578611
0.873133
1.09316
-0.113216
-1.50895
-3.18654
0.815389
1.15449
1.09913
0.927308
0.80826
0.662741
1.16593
1.00346
0.728498
0.298088
0.532079
0.824315
0.185131
0.13847
0.0968796
0.119356
0.244475
0.445256
0.0199875
0.0366531
0.0609801
0.0233629
0.0560985
0.119945
0.224903
0.348834
0.496985
0.637709
0.41322
0.239704
0.128368
0.0690189
0.0334895
0.128368
0.0690188
0.0334895
0.637709
0.413219
0.239703
0.00978263
0.00448448
0.00191655
0.0020722
0.00569532
0.0141993
9.82468e-05
0.000223168
0.00072518
9.82467e-05
0.000223167
0.000725179
0.0020722
0.00569532
0.0141993
0.00978258
0.00448446
0.00191654
0.0233628
0.0560983
0.119944
1.16593
1.00346
0.728496
0.927305
0.808258
0.662739
0.815393
1.15449
1.09913
0.224903
0.348833
0.496983
0.0199874
0.0366529
0.0609797
0.119355
0.244474
0.445254
0.185129
0.138469
0.0968789
0.298085
0.532076
0.824312
-3.74466
-2.78836
-1.59694
-3.74466
-2.78836
-1.59694
-6.87717
-6.18195
-4.91621
0.578612
0.873135
1.09316
1.04765
0.54009
-0.362202
0.892652
1.08709
1.17165
0.892652
1.08709
1.17165
1.04765
0.540088
-0.362203
0.578605
0.873131
1.09316
-0.113226
-1.50896
-3.18655
0.927305
0.808257
0.662738
1.16593
1.00346
0.728495
0.185129
0.138469
0.0968788
0.119355
0.244474
0.445254
0.0199874
0.0366529
0.0609797
0.0233628
0.0560984
0.119944
0.224903
0.348833
0.496983
0.637708
0.413219
0.239703
0.128368
0.069019
0.0334897
0.128369
0.0690191
0.0334897
0.637709
0.41322
0.239704
0.00978263
0.00448449
0.00191656
0.00207222
0.00569536
0.0141994
9.82488e-05
0.000223172
0.000725189
9.8249e-05
0.000223173
0.000725193
0.00207223
0.00569538
0.0141994
0.00978272
0.00448453
0.00191657
0.023363
0.0560987
0.119945
1.16593
1.00346
0.728498
0.927309
0.808261
0.662741
0.815387
1.15448
1.09913
0.224904
0.348834
0.496985
0.0199877
0.0366533
0.0609804
0.119356
0.244476
0.445256
0.185132
0.138471
0.09688
0.298089
0.53208
0.824316
-3.74467
-2.78837
-1.59696
-3.74467
-2.78837
-1.59696
-6.87717
-6.18195
-4.91621
0.578603
0.873127
1.09316
1.04764
0.540079
-0.362218
0.892657
1.0871
1.17165
0.892657
1.0871
1.17165
1.04764
0.540079
-0.362218
0.578603
0.873127
1.09316
-0.113226
-1.50896
-3.18655
0.927309
0.808262
0.662744
1.16593
1.00347
0.728501
0.185132
0.138471
0.0968807
0.119357
0.244477
0.445259
0.019988
0.0366538
0.0609811
0.0233634
0.0560997
0.119947
0.224906
0.348837
0.496988
0.637714
0.413224
0.239707
0.128371
0.0690204
0.0334905
0.128371
0.0690204
0.0334905
0.637714
0.413224
0.239707
0.00978293
0.00448464
0.00191663
0.00207229
0.00569554
0.0141998
9.82516e-05
0.000223182
0.000725214
9.82516e-05
0.000223182
0.000725214
0.00207229
0.00569554
0.0141998
0.00978293
0.00448464
0.00191663
0.0233634
0.0560997
0.119947
1.16593
1.00347
0.728501
0.927309
0.808262
0.662744
0.815387
1.15448
1.09913
0.224906
0.348837
0.496988
0.019988
0.0366538
0.0609811
0.119357
0.244477
0.445259
0.185132
0.138471
0.0968807
0.298089
0.53208
0.824316
-3.74466
-2.78836
-1.59695
-3.74466
-2.78836
-1.59695
-6.87717
-6.18194
-4.91621
0.578605
0.87313
1.09316
1.04765
0.540086
-0.362205
0.892654
1.08709
1.17165
0.892653
1.08709
1.17165
1.04765
0.540088
-0.362204
0.578611
0.873134
1.09316
-0.113216
-1.50895
-3.18654
0.927309
0.808261
0.662742
1.16593
1.00347
0.728499
0.185132
0.138471
0.0968802
0.119357
0.244476
0.445257
0.0199878
0.0366536
0.0609807
0.0233632
0.0560992
0.119946
0.224905
0.348835
0.496986
0.63771
0.413221
0.239705
0.12837
0.0690197
0.0334901
0.128369
0.0690196
0.0334901
0.63771
0.413221
0.239705
0.00978284
0.0044846
0.00191661
0.00207228
0.00569547
0.0141996
9.82514e-05
0.000223179
0.000725209
9.82513e-05
0.000223179
0.000725206
0.00207227
0.00569546
0.0141996
0.00978277
0.00448457
0.0019166
0.0233631
0.0560989
0.119945
1.16593
1.00346
0.728497
0.927305
0.808258
0.662739
0.815393
1.15449
1.09913
0.224904
0.348834
0.496984
0.0199877
0.0366532
0.0609801
0.119356
0.244475
0.445255
0.185129
0.138469
0.0968792
0.298085
0.532076
0.824312
-3.74466
-2.78836
-1.59695
-3.74466
-2.78836
-1.59695
0.578611
0.873133
1.09316
1.04765
0.540087
-0.362207
0.892653
1.08709
1.17165
0.892653
1.08709
1.17165
1.04765
0.540086
-0.362207
0.578606
0.87313
1.09316
0.927305
0.808258
0.662739
1.16593
1.00346
0.728496
0.185129
0.138469
0.0968789
0.119355
0.244474
0.445254
0.0199874
0.0366529
0.0609797
0.0233628
0.0560983
0.119944
0.224903
0.348833
0.496983
0.637709
0.413219
0.239703
0.128368
0.0690188
0.0334895
0.128368
0.0690189
0.0334895
0.637709
0.41322
0.239704
0.00978258
0.00448446
0.00191654
0.0020722
0.00569532
0.0141993
9.82467e-05
0.000223167
0.000725179
9.82467e-05
0.000223168
0.00072518
0.0020722
0.00569532
0.0141993
0.00978263
0.00448448
0.00191655
0.0233629
0.0560985
0.119945
1.16593
1.00346
0.728498
0.927308
0.80826
0.662741
0.224903
0.348834
0.496985
0.0199875
0.0366531
0.0609801
0.119356
0.244475
0.445256
0.185131
0.13847
0.0968796
0.141652
0.0616642
0.0241864
0.011438
0.00777578
0.00471174
0.0492127
0.0191388
0.00656731
0.000681699
0.00244554
0.00789618
0.000274937
0.000222817
0.000133531
0.00013654
0.000534964
0.00193924
2.51931e-05
2.66969e-05
9.18176e-05
1.67468e-05
4.8243e-05
0.00023701
0.000718962
0.00138787
0.00270154
0.00843037
0.00281026
0.000897541
0.000141662
4.64045e-05
-3.81035e-06
1.31568e-05
-6.15435e-06
8.52042e-06
3.58227e-05
1.286e-06
5.6839e-06
5.58855e-07
-2.22236e-07
1.97983e-06
0
0
0
6.29274e-07
-5.48757e-07
1.07308e-06
0
0
0
-5.36719e-07
4.39137e-07
-6.83707e-07
-3.42019e-06
1.69026e-07
-4.0954e-06
-2.68827e-06
2.88465e-06
-2.58052e-06
-2.08022e-06
2.98309e-07
-7.93109e-07
-1.13185e-06
6.65713e-07
-5.90285e-07
2.42032e-06
5.37861e-06
-1.89024e-06
0
0
0
8.18632e-08
-7.2686e-08
1.67744e-07
0
0
0
3.35683e-08
-2.89462e-08
5.65351e-08
2.01997e-08
-5.73722e-08
2.63736e-08
2.97079e-08
1.52472e-09
1.28892e-08
-7.46041e-07
7.58782e-07
-9.25809e-07
0.000318033
0.000111235
5.48178e-05
0.000672646
0.000175665
6.34295e-05
-2.21377e-06
4.82982e-06
7.52031e-06
-1.08904e-06
1.17336e-06
-1.83715e-06
1.02007e-06
4.54851e-06
1.41312e-05
2.00161e-05
6.2257e-06
3.32002e-07
-2.07758e-06
1.28661e-06
-1.17019e-06
-2.07758e-06
1.28661e-06
-1.17019e-06
2.0016e-05
6.2257e-06
3.31976e-07
-9.3208e-08
4.00245e-08
-2.5096e-08
-4.20672e-08
6.59715e-08
-1.05527e-07
4.5895e-08
-4.26402e-08
7.58271e-08
4.5895e-08
-4.26401e-08
7.58269e-08
-4.20667e-08
6.59709e-08
-1.05526e-07
-9.32055e-08
4.0023e-08
-2.5095e-08
-1.08903e-06
1.17336e-06
-1.83715e-06
5.75745e-08
-3.58745e-08
3.5569e-08
7.47497e-08
-3.81798e-08
4.0304e-08
0
0
0
4.73561e-09
-4.22708e-09
6.52497e-09
0
0
0
-4.12865e-10
3.3642e-10
-9.79045e-10
6.22203e-09
-6.4995e-09
1.03367e-08
1.05776e-08
-6.53335e-09
6.44474e-09
-9.10437e-10
3.50817e-10
-4.45172e-10
-9.10434e-10
3.50816e-10
-4.45171e-10
1.05776e-08
-6.53333e-09
6.44472e-09
0
0
0
-2.34696e-10
2.02748e-10
-3.71536e-10
0
0
0
0
0
0
-2.34695e-10
2.02747e-10
-3.71535e-10
0
0
0
-4.12864e-10
3.36419e-10
-9.79045e-10
7.47495e-08
-3.81796e-08
4.03039e-08
5.75743e-08
-3.58744e-08
3.55688e-08
2.97104e-08
1.52343e-09
1.28904e-08
6.222e-09
-6.49947e-09
1.03367e-08
0
0
0
4.73555e-09
-4.22703e-09
6.52488e-09
0
0
0
3.35681e-08
-2.8946e-08
5.65348e-08
0.0492123
0.0191386
0.00656725
0.0114379
0.00777569
0.00471169
0.141651
0.0616635
0.0241861
0.00843033
0.00281024
0.000897535
0.000718958
0.00138786
0.00270152
1.67466e-05
4.82427e-05
0.000237008
2.51929e-05
2.66967e-05
9.18168e-05
0.000136538
0.000534958
0.00193922
0.000274933
0.000222814
0.00013353
0.000681688
0.00244551
0.00789606
0.000672644
0.000175665
6.34292e-05
0.000318031
0.000111234
5.48175e-05
1.02005e-06
4.54851e-06
1.41312e-05
-7.46037e-07
7.58775e-07
-9.25803e-07
-2.21379e-06
4.82983e-06
7.52019e-06
2.42023e-06
5.3786e-06
-1.89026e-06
-1.13183e-06
6.65703e-07
-5.90275e-07
-2.08022e-06
2.98293e-07
-7.93107e-07
-2.68827e-06
2.88464e-06
-2.58051e-06
2.02001e-08
-5.73739e-08
2.63735e-08
0
0
0
8.18641e-08
-7.26869e-08
1.67746e-07
0
0
0
-5.36711e-07
4.39129e-07
-6.83693e-07
3.58223e-05
1.28597e-06
5.68386e-06
1.31566e-05
-6.1544e-06
8.5203e-06
0.000141659
4.64037e-05
-3.81043e-06
-3.42022e-06
1.68987e-07
-4.09547e-06
0
0
0
6.29276e-07
-5.4876e-07
1.07308e-06
0
0
0
5.58847e-07
-2.22235e-07
1.9798e-06
0.0114379
0.00777569
0.00471169
0.0492123
0.0191386
0.00656725
0.000274933
0.000222815
0.000133531
0.000136538
0.000534959
0.00193922
2.51929e-05
2.66969e-05
9.1817e-05
1.67466e-05
4.82433e-05
0.000237009
0.000718962
0.00138786
0.00270152
0.00843036
0.00281025
0.000897541
1.31567e-05
-6.15438e-06
8.5203e-06
3.58223e-05
1.28603e-06
5.6838e-06
0
0
0
6.29257e-07
-5.48743e-07
1.07305e-06
0
0
0
-5.36701e-07
4.39121e-07
-6.83676e-07
-3.42023e-06
1.6901e-07
-4.09551e-06
-2.68829e-06
2.88466e-06
-2.58052e-06
-2.0802e-06
2.98281e-07
-7.93094e-07
-1.1318e-06
6.65691e-07
-5.90262e-07
2.42021e-06
5.37865e-06
-1.89028e-06
0
0
0
8.18658e-08
-7.26883e-08
1.67748e-07
0
0
0
3.35678e-08
-2.89457e-08
5.65341e-08
2.02014e-08
-5.73753e-08
2.63757e-08
2.97168e-08
1.52038e-09
1.28933e-08
-7.46031e-07
7.58771e-07
-9.25788e-07
0.000318034
0.000111236
5.48181e-05
0.000672652
0.000175668
6.343e-05
-2.21383e-06
4.82995e-06
7.52029e-06
-1.08903e-06
1.17335e-06
-1.83713e-06
1.02e-06
4.5487e-06
1.41313e-05
2.00163e-05
6.22603e-06
3.3188e-07
-2.07757e-06
1.2866e-06
-1.17018e-06
-2.07755e-06
1.2866e-06
-1.17018e-06
2.00164e-05
6.22616e-06
3.31919e-07
-9.31942e-08
4.00173e-08
-2.50896e-08
-4.20596e-08
6.59633e-08
-1.05511e-07
4.58945e-08
-4.26399e-08
7.58267e-08
4.58946e-08
-4.26399e-08
7.58267e-08
-4.20586e-08
6.59626e-08
-1.05511e-07
-9.31908e-08
4.00152e-08
-2.50879e-08
-1.08902e-06
1.17336e-06
-1.83712e-06
5.7574e-08
-3.5874e-08
3.55683e-08
7.47486e-08
-3.81793e-08
4.03034e-08
0
0
0
4.73537e-09
-4.22687e-09
6.52457e-09
0
0
0
-4.12868e-10
3.36425e-10
-9.79044e-10
6.22172e-09
-6.4992e-09
1.03363e-08
1.0577e-08
-6.53301e-09
6.44441e-09
-9.10449e-10
3.50828e-10
-4.4518e-10
-9.10452e-10
3.50831e-10
-4.45182e-10
1.0577e-08
-6.53299e-09
6.44438e-09
0
0
0
-2.34686e-10
2.02739e-10
-3.71519e-10
0
0
0
0
0
0
-2.34685e-10
2.02739e-10
-3.71519e-10
0
0
0
-4.12873e-10
3.36431e-10
-9.79058e-10
7.47489e-08
-3.81793e-08
4.03035e-08
5.75738e-08
-3.5874e-08
3.55683e-08
2.97222e-08
1.51763e-09
1.28961e-08
6.22166e-09
-6.49915e-09
1.03362e-08
0
0
0
4.73529e-09
-4.22679e-09
6.52442e-09
0
0
0
3.35672e-08
-2.89454e-08
5.65334e-08
0.0492129
0.0191389
0.00656739
0.0114381
0.00777584
0.0047118
0.141653
0.0616644
0.0241865
0.00843046
0.00281031
0.000897563
0.000718981
0.0013879
0.00270159
1.67471e-05
4.82456e-05
0.000237016
2.51931e-05
2.66978e-05
9.18185e-05
0.000136543
0.000534974
0.00193926
0.00027494
0.00022282
0.000133534
0.000681703
0.00244556
0.00789621
0.000672659
0.000175672
6.34315e-05
0.000318043
0.000111239
5.48197e-05
1.02002e-06
4.54889e-06
1.41318e-05
-7.4603e-07
7.58766e-07
-9.25783e-07
-2.21381e-06
4.83011e-06
7.52076e-06
2.42028e-06
5.37869e-06
-1.89028e-06
-1.13177e-06
6.65679e-07
-5.90246e-07
-2.08021e-06
2.9825e-07
-7.93085e-07
-2.68816e-06
2.8847e-06
-2.58051e-06
2.0203e-08
-5.73776e-08
2.63761e-08
0
0
0
8.18687e-08
-7.2691e-08
1.67753e-07
0
0
0
-5.36685e-07
4.39107e-07
-6.8365e-07
3.58234e-05
1.2863e-06
5.68382e-06
1.31568e-05
-6.1543e-06
8.52025e-06
0.000141663
4.64046e-05
-3.81031e-06
-3.42032e-06
1.68968e-07
-4.09565e-06
0
0
0
6.29235e-07
-5.48723e-07
1.07303e-06
0
0
0
5.58829e-07
-2.22209e-07
1.97978e-06
0.0114381
0.00777589
0.00471184
0.0492134
0.0191391
0.00656747
0.00027494
0.00022282
0.000133535
0.000136545
0.000534981
0.00193929
2.51933e-05
2.66986e-05
9.18191e-05
1.67473e-05
4.82474e-05
0.000237022
0.000718996
0.00138792
0.00270162
0.00843064
0.00281037
0.000897584
1.31571e-05
-6.15421e-06
8.52038e-06
3.58236e-05
1.28649e-06
5.68372e-06
0
0
0
6.292e-07
-5.48692e-07
1.07298e-06
0
0
0
-5.36679e-07
4.39102e-07
-6.83636e-07
-3.42032e-06
1.69058e-07
-4.09564e-06
-2.68816e-06
2.88475e-06
-2.58055e-06
-2.08018e-06
2.98241e-07
-7.93074e-07
-1.13175e-06
6.65671e-07
-5.90234e-07
2.42045e-06
5.37881e-06
-1.89025e-06
0
0
0
8.18718e-08
-7.26937e-08
1.67758e-07
0
0
0
3.3567e-08
-2.89451e-08
5.65329e-08
2.02054e-08
-5.73805e-08
2.63796e-08
2.97264e-08
1.51504e-09
1.28986e-08
-7.46011e-07
7.58757e-07
-9.25743e-07
0.00031805
0.000111243
5.4821e-05
0.000672679
0.000175679
6.34333e-05
-2.21379e-06
4.83024e-06
7.52125e-06
-1.089e-06
1.17334e-06
-1.83708e-06
1.0201e-06
4.54911e-06
1.41324e-05
2.00174e-05
6.22641e-06
3.32019e-07
-2.07749e-06
1.28658e-06
-1.17015e-06
-2.07749e-06
1.28658e-06
-1.17015e-06
2.00173e-05
6.22642e-06
3.32008e-07
-9.31841e-08
4.0012e-08
-2.50851e-08
-4.20554e-08
6.59591e-08
-1.05505e-07
4.5894e-08
-4.26395e-08
7.58259e-08
4.5894e-08
-4.26395e-08
7.58259e-08
-4.20549e-08
6.59588e-08
-1.05504e-07
-9.31824e-08
4.00111e-08
-2.50844e-08
-1.089e-06
1.17334e-06
-1.83708e-06
5.75729e-08
-3.58734e-08
3.55676e-08
7.47477e-08
-3.81788e-08
4.03028e-08
0
0
0
4.73512e-09
-4.22664e-09
6.52416e-09
0
0
0
-4.12882e-10
3.3644e-10
-9.79065e-10
6.22148e-09
-6.49897e-09
1.03359e-08
1.05766e-08
-6.53279e-09
6.44418e-09
-9.10472e-10
3.50846e-10
-4.45198e-10
-9.10475e-10
3.50848e-10
-4.45199e-10
1.05766e-08
-6.53279e-09
6.44417e-09
0
0
0
-2.34683e-10
2.02736e-10
-3.71514e-10
0
0
0
0
0
0
-2.34683e-10
2.02737e-10
-3.71514e-10
0
0
0
-4.12891e-10
3.36447e-10
-9.79077e-10
7.47479e-08
-3.81789e-08
4.03029e-08
5.75733e-08
-3.58736e-08
3.55677e-08
2.97275e-08
1.51456e-09
1.28991e-08
6.22146e-09
-6.49895e-09
1.03359e-08
0
0
0
4.73509e-09
-4.22662e-09
6.52412e-09
0
0
0
3.3567e-08
-2.89451e-08
5.65329e-08
0.0492134
0.0191391
0.00656747
0.0114381
0.00777589
0.00471185
0.141653
0.0616644
0.0241865
0.00843064
0.00281037
0.000897585
0.000718997
0.00138792
0.00270163
1.67473e-05
4.82475e-05
0.000237022
2.51933e-05
2.66986e-05
9.18191e-05
0.000136545
0.000534982
0.00193929
0.000274941
0.00022282
0.000133535
0.000681703
0.00244556
0.00789621
0.000672679
0.000175679
6.34333e-05
0.00031805
0.000111244
5.48211e-05
1.02009e-06
4.54912e-06
1.41324e-05
-7.46012e-07
7.58756e-07
-9.25745e-07
-2.21379e-06
4.83025e-06
7.52126e-06
2.42043e-06
5.3788e-06
-1.89026e-06
-1.13175e-06
6.65668e-07
-5.90232e-07
-2.08019e-06
2.98235e-07
-7.93075e-07
-2.68813e-06
2.88474e-06
-2.58053e-06
2.02053e-08
-5.73807e-08
2.63789e-08
0
0
0
8.18715e-08
-7.26935e-08
1.67757e-07
0
0
0
-5.36676e-07
4.39099e-07
-6.83632e-07
3.58237e-05
1.28652e-06
5.68373e-06
1.31571e-05
-6.15419e-06
8.52034e-06
0.000141663
4.64046e-05
-3.8103e-06
-3.42033e-06
1.69028e-07
-4.09565e-06
0
0
0
6.29207e-07
-5.48699e-07
1.07299e-06
0
0
0
5.58823e-07
-2.22203e-07
1.97977e-06
0.0114381
0.00777586
0.00471181
0.0492131
0.019139
0.00656742
0.00027494
0.00022282
0.000133534
0.000136544
0.000534976
0.00193927
2.51931e-05
2.6698e-05
9.18186e-05
1.67471e-05
4.82462e-05
0.000237018
0.000718987
0.00138791
0.0027016
0.00843056
0.00281034
0.000897572
1.31569e-05
-6.15426e-06
8.52029e-06
3.58233e-05
1.28637e-06
5.68377e-06
0
0
0
6.29225e-07
-5.48715e-07
1.07302e-06
0
0
0
-5.36684e-07
4.39107e-07
-6.83648e-07
-3.4203e-06
1.69018e-07
-4.09562e-06
-2.68818e-06
2.88472e-06
-2.58053e-06
-2.08019e-06
2.98254e-07
-7.93078e-07
-1.13177e-06
6.65676e-07
-5.90242e-07
2.4203e-06
5.37875e-06
-1.89029e-06
0
0
0
8.18695e-08
-7.26916e-08
1.67754e-07
0
0
0
3.35673e-08
-2.89454e-08
5.65334e-08
2.02046e-08
-5.73785e-08
2.63796e-08
2.97256e-08
1.51585e-09
1.28978e-08
-7.46025e-07
7.58765e-07
-9.25771e-07
0.000318046
0.000111241
5.48202e-05
0.000672672
0.000175676
6.34324e-05
-2.21383e-06
4.83018e-06
7.52091e-06
-1.08901e-06
1.17335e-06
-1.8371e-06
1.02e-06
4.54904e-06
1.4132e-05
2.0017e-05
6.2264e-06
3.31906e-07
-2.07753e-06
1.2866e-06
-1.17017e-06
-2.07755e-06
1.2866e-06
-1.17017e-06
2.00169e-05
6.22625e-06
3.31891e-07
-9.31867e-08
4.00132e-08
-2.50859e-08
-4.20569e-08
6.59609e-08
-1.05508e-07
4.58945e-08
-4.26399e-08
7.58265e-08
4.58945e-08
-4.26399e-08
7.58266e-08
-4.20588e-08
6.59624e-08
-1.05509e-07
-9.31938e-08
4.0017e-08
-2.50894e-08
-1.08902e-06
1.17335e-06
-1.83711e-06
5.75739e-08
-3.5874e-08
3.55683e-08
7.47488e-08
-3.81794e-08
4.03035e-08
0
0
0
4.73524e-09
-4.22675e-09
6.52435e-09
0
0
0
-4.1288e-10
3.36437e-10
-9.79066e-10
6.22163e-09
-6.49911e-09
1.03361e-08
1.05769e-08
-6.53297e-09
6.44435e-09
-9.10455e-10
3.50833e-10
-4.45185e-10
-9.10449e-10
3.50828e-10
-4.45181e-10
1.05769e-08
-6.533e-09
6.4444e-09
0
0
0
-2.34685e-10
2.02739e-10
-3.71519e-10
0
0
0
0
0
0
-2.34686e-10
2.02739e-10
-3.71518e-10
0
0
0
-4.12864e-10
3.36421e-10
-9.79036e-10
7.47482e-08
-3.81791e-08
4.03033e-08
5.75737e-08
-3.58738e-08
3.55681e-08
2.97159e-08
1.52084e-09
1.28927e-08
6.22172e-09
-6.4992e-09
1.03363e-08
0
0
0
4.73538e-09
-4.22688e-09
6.52458e-09
0
0
0
3.35675e-08
-2.89455e-08
5.65337e-08
0.0492125
0.0191387
0.00656729
0.0114379
0.00777571
0.00471171
0.141651
0.0616635
0.0241861
0.00843047
0.00281029
0.000897552
0.000718969
0.00138787
0.00270154
1.67466e-05
4.8244e-05
0.000237012
2.51929e-05
2.66972e-05
9.18172e-05
0.000136539
0.000534961
0.00193923
0.000274934
0.000222815
0.000133531
0.000681688
0.00244551
0.00789606
0.000672667
0.000175672
6.34309e-05
0.000318038
0.000111238
5.48189e-05
1.02002e-06
4.54883e-06
1.41316e-05
-7.46026e-07
7.58769e-07
-9.25773e-07
-2.21381e-06
4.82999e-06
7.52055e-06
2.42032e-06
5.37868e-06
-1.89024e-06
-1.1318e-06
6.65689e-07
-5.9026e-07
-2.08017e-06
2.98287e-07
-7.93086e-07
-2.68826e-06
2.88466e-06
-2.58052e-06
2.02009e-08
-5.7374e-08
2.63757e-08
0
0
0
8.18645e-08
-7.26873e-08
1.67746e-07
0
0
0
-5.36699e-07
4.39119e-07
-6.83674e-07
3.58223e-05
1.28613e-06
5.68372e-06
1.31568e-05
-6.15421e-06
8.52039e-06
0.000141659
4.64037e-05
-3.81043e-06
-3.42017e-06
1.69069e-07
-4.09538e-06
0
0
0
6.29245e-07
-5.48733e-07
1.07303e-06
0
0
0
5.58844e-07
-2.22231e-07
1.97979e-06
0.0114379
0.00777569
0.00471169
0.0492123
0.0191386
0.00656725
0.000274933
0.000222814
0.00013353
0.000136538
0.000534958
0.00193922
2.51929e-05
2.66967e-05
9.18168e-05
1.67466e-05
4.82427e-05
0.000237008
0.000718957
0.00138786
0.00270152
0.00843033
0.00281024
0.000897535
1.31566e-05
-6.15437e-06
8.52028e-06
3.58223e-05
1.28598e-06
5.68385e-06
0
0
0
6.2928e-07
-5.48763e-07
1.07309e-06
0
0
0
-5.3671e-07
4.39128e-07
-6.83691e-07
-3.42021e-06
1.68979e-07
-4.09546e-06
-2.68825e-06
2.88463e-06
-2.5805e-06
-2.08022e-06
2.98292e-07
-7.93106e-07
-1.13183e-06
6.65702e-07
-5.90274e-07
2.42025e-06
5.37859e-06
-1.89025e-06
0
0
0
8.18638e-08
-7.26866e-08
1.67745e-07
0
0
0
3.35681e-08
-2.8946e-08
5.65347e-08
2.01998e-08
-5.73736e-08
2.63728e-08
2.97098e-08
1.52373e-09
1.28901e-08
-7.46036e-07
7.58773e-07
-9.258e-07
0.000318031
0.000111234
5.48175e-05
0.000672644
0.000175665
6.34292e-05
-2.21378e-06
4.82982e-06
7.52021e-06
-1.08903e-06
1.17335e-06
-1.83714e-06
1.02005e-06
4.54851e-06
1.41312e-05
2.0016e-05
6.2257e-06
3.31979e-07
-2.07758e-06
1.2866e-06
-1.17019e-06
-2.07758e-06
1.28661e-06
-1.17019e-06
2.00161e-05
6.2257e-06
3.32001e-07
-9.32059e-08
4.00231e-08
-2.50952e-08
-4.20668e-08
6.59709e-08
-1.05526e-07
4.58949e-08
-4.26401e-08
7.58268e-08
4.5895e-08
-4.26401e-08
7.5827e-08
-4.20671e-08
6.59714e-08
-1.05527e-07
-9.32075e-08
4.00243e-08
-2.50958e-08
-1.08903e-06
1.17336e-06
-1.83715e-06
5.75742e-08
-3.58743e-08
3.55687e-08
7.47494e-08
-3.81796e-08
4.03038e-08
0
0
0
4.73555e-09
-4.22703e-09
6.52488e-09
0
0
0
-4.12862e-10
3.36418e-10
-9.79042e-10
6.222e-09
-6.49947e-09
1.03367e-08
1.05776e-08
-6.53332e-09
6.44472e-09
-9.10431e-10
3.50815e-10
-4.4517e-10
-9.10435e-10
3.50816e-10
-4.45171e-10
1.05776e-08
-6.53334e-09
6.44473e-09
0
0
0
-2.34695e-10
2.02747e-10
-3.71535e-10
0
0
0
0
0
0
-2.34696e-10
2.02747e-10
-3.71535e-10
0
0
0
-4.12865e-10
3.3642e-10
-9.79045e-10
7.47497e-08
-3.81798e-08
4.0304e-08
5.75745e-08
-3.58745e-08
3.5569e-08
2.97081e-08
1.5246e-09
1.28893e-08
6.22202e-09
-6.49949e-09
1.03367e-08
0
0
0
4.7356e-09
-4.22707e-09
6.52496e-09
0
0
0
3.35683e-08
-2.89462e-08
5.65351e-08
0.0492127
0.0191388
0.00656731
0.011438
0.00777578
0.00471174
0.00843037
0.00281026
0.000897541
0.000718962
0.00138787
0.00270154
1.67468e-05
4.8243e-05
0.00023701
2.51931e-05
2.66969e-05
9.18176e-05
0.00013654
0.000534964
0.00193924
0.000274937
0.000222817
0.000133531
0.000672646
0.000175665
6.34295e-05
0.000318033
0.000111235
5.48178e-05
1.02006e-06
4.54851e-06
1.41312e-05
-7.46041e-07
7.58783e-07
-9.25809e-07
-2.21378e-06
4.82983e-06
7.52031e-06
2.42032e-06
5.37861e-06
-1.89024e-06
-1.13185e-06
6.65713e-07
-5.90285e-07
-2.08022e-06
2.98309e-07
-7.93109e-07
-2.68827e-06
2.88465e-06
-2.58052e-06
2.01998e-08
-5.73723e-08
2.63737e-08
0
0
0
8.18632e-08
-7.2686e-08
1.67744e-07
0
0
0
-5.36719e-07
4.39137e-07
-6.83707e-07
3.58227e-05
1.286e-06
5.6839e-06
1.31568e-05
-6.15435e-06
8.52042e-06
-3.42019e-06
1.69026e-07
-4.0954e-06
0
0
0
6.29275e-07
-5.48757e-07
1.07308e-06
0
0
0
-6.72101
-5.93083
-4.59474
-5.93083
-4.99747
-3.61534
-4.59474
-3.61533
-2.31999
-2.84951
-1.21428
0.0929872
-1.95514
-0.51755
0.525945
-0.902519
0.207088
0.905043
0.122887
0.811508
1.13628
0.811509
1.11993
1.15575
1.13628
1.15575
1.01018
-2.8495
-1.95514
-0.902517
-1.21428
-0.517546
0.20709
0.0929932
0.525948
0.905045
0.913377
1.16853
1.06222
1.08103
1.15654
0.959597
1.16734
1.07538
0.816134
0.771716
0.48549
0.266348
0.65259
0.389543
0.204728
0.51749
0.292716
0.146564
0.375141
0.199964
0.0952631
0.254952
0.12876
0.0582642
0.159556
0.0762385
0.0329635
1.12826
0.915364
0.635743
0.978462
0.717644
0.462291
0.76015
0.512816
0.307867
0.51919
0.323834
0.182034
0.323834
0.189501
0.100285
0.182033
0.100285
0.0503628
0.0884737
0.0399914
0.0164411
0.0460077
0.0198503
0.00772999
0.0218986
0.00895518
0.00336248
0.00897807
0.00352444
0.00123491
0.00352444
0.00130751
0.000453613
0.00123491
0.000453612
0.000135105
0.0884735
0.0460076
0.0218986
0.0399913
0.0198502
0.00895517
0.016441
0.00772996
0.00336247
0.91338
1.08103
1.16734
1.16853
1.15654
1.07538
1.06222
0.959595
0.816132
1.12826
0.978462
0.76015
0.915363
0.717643
0.512815
0.635742
0.46229
0.307866
0.37514
0.254951
0.159556
0.199963
0.128759
0.0762382
0.0952625
0.0582639
0.0329634
0.771713
0.652588
0.517488
0.485487
0.389541
0.292714
0.266346
0.204727
0.146563
-6.72101
-5.93082
-4.59474
-5.93083
-4.99746
-3.61533
-4.59474
-3.61533
-2.31999
-2.8495
-1.21428
0.0929945
-1.95513
-0.517542
0.525951
-0.902512
0.207094
0.905047
0.12289
0.811511
1.13628
0.81151
1.11993
1.15575
1.13628
1.15575
1.01018
-2.84951
-1.95514
-0.902514
-1.21428
-0.517548
0.20709
0.0929863
0.525945
0.905044
0.913381
1.16853
1.06222
1.08103
1.15654
0.959594
1.16734
1.07538
0.816131
0.771713
0.485487
0.266346
0.652587
0.389541
0.204727
0.517488
0.292714
0.146563
0.37514
0.199963
0.0952625
0.254951
0.128759
0.0582639
0.159556
0.0762383
0.0329634
1.12826
0.915362
0.635741
0.978461
0.717643
0.46229
0.760149
0.512815
0.307866
0.51919
0.323834
0.182033
0.323834
0.189501
0.100285
0.182034
0.100285
0.050363
0.0884736
0.0399914
0.016441
0.0460077
0.0198503
0.00773001
0.0218987
0.00895523
0.0033625
0.00897814
0.00352448
0.00123492
0.00352448
0.00130752
0.00045362
0.00123493
0.000453621
0.000135108
0.088474
0.0460079
0.0218988
0.0399916
0.0198504
0.00895526
0.0164412
0.00773006
0.00336252
0.913376
1.08103
1.16734
1.16853
1.15654
1.07538
1.06222
0.959597
0.816134
1.12826
0.978462
0.76015
0.915364
0.717644
0.512816
0.635743
0.462291
0.307867
0.375142
0.254952
0.159557
0.199964
0.12876
0.0762388
0.0952634
0.0582644
0.0329637
0.771717
0.652591
0.517491
0.485491
0.389544
0.292716
0.266349
0.204729
0.146565
-6.72101
-5.93083
-4.59474
-5.93083
-4.99747
-3.61534
-4.59474
-3.61534
-2.32
-2.84951
-1.21429
0.0929837
-1.95515
-0.517557
0.52594
-0.902529
0.20708
0.905039
0.122877
0.811502
1.13628
0.811502
1.11993
1.15575
1.13628
1.15575
1.01019
-2.84951
-1.95515
-0.902529
-1.21429
-0.517557
0.20708
0.0929837
0.52594
0.905039
0.913375
1.16853
1.06222
1.08102
1.15654
0.959599
1.16734
1.07538
0.816137
0.771718
0.485492
0.266349
0.652592
0.389545
0.20473
0.517493
0.292718
0.146566
0.375145
0.199966
0.0952644
0.254955
0.128762
0.0582652
0.159559
0.07624
0.0329643
1.12826
0.915368
0.635747
0.978466
0.717649
0.462295
0.760155
0.51282
0.30787
0.519195
0.323839
0.182037
0.323839
0.189504
0.100287
0.182037
0.100287
0.0503641
0.0884755
0.0399924
0.0164415
0.0460088
0.0198508
0.00773025
0.0218993
0.00895549
0.00336261
0.00897839
0.00352459
0.00123497
0.00352459
0.00130757
0.000453637
0.00123497
0.000453637
0.000135114
0.0884755
0.0460088
0.0218993
0.0399924
0.0198508
0.00895549
0.0164415
0.00773025
0.00336261
0.913375
1.08102
1.16734
1.16853
1.15654
1.07538
1.06222
0.959599
0.816137
1.12826
0.978466
0.760155
0.915368
0.717649
0.51282
0.635747
0.462295
0.30787
0.375145
0.254955
0.159559
0.199966
0.128762
0.07624
0.0952644
0.0582652
0.0329643
0.771718
0.652592
0.517493
0.485492
0.389545
0.292718
0.266349
0.20473
0.146566
-6.72101
-5.93083
-4.59474
-5.93082
-4.99746
-3.61533
-4.59474
-3.61533
-2.31999
-2.84951
-1.21429
0.0929859
-1.95514
-0.51755
0.525944
-0.902516
0.207089
0.905043
0.122888
0.811509
1.13628
0.81151
1.11993
1.15575
1.13628
1.15575
1.01018
-2.8495
-1.95513
-0.902514
-1.21428
-0.517543
0.207092
0.092994
0.525949
0.905046
0.913376
1.16853
1.06222
1.08102
1.15654
0.959597
1.16734
1.07538
0.816135
0.771717
0.485491
0.266349
0.652591
0.389544
0.204729
0.517491
0.292717
0.146565
0.375143
0.199965
0.0952638
0.254953
0.128761
0.0582648
0.159558
0.0762393
0.032964
1.12826
0.915365
0.635744
0.978463
0.717646
0.462293
0.760151
0.512817
0.307868
0.519191
0.323836
0.182035
0.323836
0.189502
0.100286
0.182035
0.100286
0.0503635
0.0884747
0.039992
0.0164414
0.0460083
0.0198506
0.00773017
0.021899
0.0089554
0.00336258
0.00897829
0.00352455
0.00123496
0.00352454
0.00130755
0.000453633
0.00123495
0.000453632
0.000135112
0.0884744
0.0460082
0.021899
0.0399918
0.0198506
0.00895538
0.0164413
0.00773014
0.00336256
0.913381
1.08103
1.16734
1.16853
1.15654
1.07538
1.06222
0.959595
0.816132
1.12826
0.978462
0.760151
0.915363
0.717644
0.512817
0.635742
0.462291
0.307867
0.375141
0.254952
0.159557
0.199964
0.12876
0.0762389
0.095263
0.0582643
0.0329638
0.771713
0.652588
0.517489
0.485487
0.389541
0.292715
0.266346
0.204727
0.146564
-6.72101
-5.93083
-4.59474
-5.93083
-4.99747
-3.61533
-4.59474
-3.61534
-2.31999
-2.8495
-1.21428
0.0929932
-1.95514
-0.517546
0.525948
-0.902517
0.20709
0.905045
0.122887
0.811509
1.13628
0.811508
1.11993
1.15575
1.13628
1.15575
1.01018
-2.84951
-1.95514
-0.902519
-1.21428
-0.51755
0.207088
0.0929872
0.525945
0.905043
0.91338
1.16853
1.06222
1.08103
1.15654
0.959595
1.16734
1.07538
0.816132
0.771713
0.485487
0.266346
0.652588
0.389541
0.204727
0.517488
0.292714
0.146563
0.37514
0.199963
0.0952625
0.254951
0.128759
0.0582639
0.159556
0.0762382
0.0329634
1.12826
0.915363
0.635742
0.978462
0.717643
0.46229
0.76015
0.512815
0.307866
0.51919
0.323834
0.182033
0.323834
0.189501
0.100285
0.182034
0.100285
0.0503628
0.0884735
0.0399913
0.016441
0.0460076
0.0198502
0.00772996
0.0218986
0.00895517
0.00336247
0.00897807
0.00352444
0.00123491
0.00352444
0.00130751
0.000453612
0.00123491
0.000453613
0.000135105
0.0884737
0.0460077
0.0218986
0.0399914
0.0198503
0.00895518
0.0164411
0.00772999
0.00336248
0.913377
1.08103
1.16734
1.16853
1.15654
1.07538
1.06222
0.959597
0.816134
1.12826
0.978462
0.76015
0.915364
0.717644
0.512816
0.635743
0.462291
0.307867
0.375141
0.254952
0.159556
0.199964
0.12876
0.0762385
0.0952631
0.0582642
0.0329635
0.771716
0.65259
0.51749
0.48549
0.389543
0.292716
0.266348
0.204728
0.146564
0.123687
0.0528934
0.0203073
0.0909203
0.0373764
0.0138265
0.0621836
0.0245394
0.00874252
0.00653137
0.00197599
0.000546996
0.00421676
0.00128835
0.000293454
0.00259246
0.000740039
0.000175599
0.0013643
0.000407107
6.51418e-05
0.000725303
0.000189726
4.30841e-05
0.000321428
9.82103e-05
6.89355e-06
0.0384168
0.0144644
0.00494176
0.0223502
0.00811322
0.00263015
0.0120439
0.00416579
0.00129882
0.000115414
3.31385e-05
-1.23166e-06
6.5544e-05
1.94923e-05
7.31073e-07
2.60259e-05
1.55655e-05
-5.74945e-06
-3.06209e-07
8.08589e-07
-7.3632e-07
4.84939e-06
-2.09573e-06
2.32598e-06
2.42747e-07
2.31091e-07
-3.18686e-07
2.86658e-06
-1.32389e-06
1.43493e-06
2.16664e-07
-4.03288e-08
7.57672e-09
1.36297e-06
-6.82156e-07
7.54014e-07
1.3127e-05
6.85566e-06
-1.24624e-06
7.31943e-06
2.3488e-06
-2.00677e-07
3.16356e-06
9.44225e-07
3.99116e-07
3.11143e-06
-6.93794e-07
1.14867e-06
-5.801e-07
6.29643e-07
-4.81111e-07
1.17753e-06
-5.20526e-07
5.84376e-07
3.73712e-07
-2.01666e-07
2.21373e-07
9.72155e-08
-3.33245e-08
3.02807e-08
6.81392e-08
-4.46987e-08
4.97914e-08
-4.07892e-08
2.1037e-08
-2.59055e-08
3.64627e-08
-1.81993e-08
2.10385e-08
-2.82956e-08
1.4008e-08
-1.6697e-08
1.50352e-07
-5.63814e-08
5.79477e-08
-5.11114e-08
3.72318e-08
-2.38131e-08
8.06092e-08
-4.51409e-08
3.94475e-08
0.00566464
0.00190679
0.000543423
0.00258484
0.00080618
0.000239787
0.00104004
0.000331199
7.90893e-05
0.000136697
3.72138e-05
5.03131e-06
5.47548e-05
1.40784e-05
1.28439e-06
1.97984e-05
4.87256e-06
9.75634e-07
7.68937e-06
6.71513e-07
9.84951e-07
1.00598e-06
9.03097e-07
-4.40031e-07
1.47342e-06
-3.97507e-07
5.36618e-07
0.000369908
0.000112229
2.61218e-05
0.000132597
3.44346e-05
1.03994e-05
3.62787e-05
1.23042e-05
1.08318e-06
1.30821e-05
1.43706e-06
1.94066e-06
1.43706e-06
1.36131e-06
-5.44649e-07
1.94066e-06
-5.44649e-07
7.23892e-07
5.42076e-07
-2.0629e-07
2.15723e-07
-1.84097e-07
1.24884e-07
-1.07514e-07
2.02774e-07
-1.09603e-07
9.90359e-08
-5.451e-08
2.90511e-08
-3.41455e-08
2.9051e-08
-1.50451e-08
1.826e-08
-3.41454e-08
1.826e-08
-2.13796e-08
5.42073e-07
-1.84095e-07
2.02773e-07
-2.06289e-07
1.24883e-07
-1.09602e-07
2.15721e-07
-1.07513e-07
9.90351e-08
-5.90782e-08
2.67941e-08
-2.95198e-08
3.52074e-08
-1.63495e-08
1.83457e-08
-3.70082e-08
1.75753e-08
-1.92832e-08
-1.0852e-08
6.02028e-09
-6.81634e-09
6.85994e-09
-3.84141e-09
4.34912e-09
-6.37679e-09
3.64428e-09
-4.1374e-09
8.23788e-11
1.9501e-10
-1.9006e-10
8.45813e-11
-1.83163e-10
1.908e-10
4.98051e-11
1.17961e-10
-1.15376e-10
-1.71003e-08
9.55426e-09
-9.77583e-09
1.01652e-08
-5.67675e-09
5.84813e-09
-1.01868e-08
5.77416e-09
-5.89692e-09
1.5274e-10
1.42883e-10
-5.0476e-11
1.42883e-10
-1.97591e-10
1.52558e-10
-5.04774e-11
1.52558e-10
-1.01958e-10
4.17933e-10
-2.10628e-10
2.43896e-10
-2.25136e-10
1.11148e-10
-1.292e-10
2.43521e-10
-1.22207e-10
1.4224e-10
4.96966e-11
-3.1974e-11
3.64209e-11
-3.1974e-11
1.95593e-11
-2.22953e-11
3.64209e-11
-2.22953e-11
2.53671e-11
4.17931e-10
-2.25136e-10
2.4352e-10
-2.10627e-10
1.11148e-10
-1.22207e-10
2.43895e-10
-1.29199e-10
1.4224e-10
-5.90784e-08
3.52076e-08
-3.70082e-08
2.67942e-08
-1.63496e-08
1.75753e-08
-2.95198e-08
1.83457e-08
-1.92832e-08
-1.71003e-08
1.01651e-08
-1.01868e-08
9.55422e-09
-5.67673e-09
5.77414e-09
-9.77579e-09
5.84811e-09
-5.8969e-09
8.23809e-11
8.4578e-11
4.98082e-11
1.95009e-10
-1.83161e-10
1.17959e-10
-1.90059e-10
1.90798e-10
-1.15374e-10
-1.08519e-08
6.85987e-09
-6.37672e-09
6.02022e-09
-3.84138e-09
3.64424e-09
-6.81628e-09
4.34908e-09
-4.13736e-09
0.123685
0.0909195
0.0621831
0.0528928
0.0373761
0.0245392
0.0203071
0.0138263
0.00874243
0.0384165
0.0223501
0.0120438
0.0144643
0.00811316
0.00416576
0.00494172
0.00263012
0.00129881
0.00136429
0.000725297
0.000321425
0.000407103
0.000189724
9.82095e-05
6.51408e-05
4.30836e-05
6.89339e-06
0.00653128
0.0042167
0.00259243
0.00197596
0.00128834
0.00074003
0.000546988
0.000293449
0.000175596
0.00566461
0.00258483
0.00104004
0.00190678
0.000806176
0.000331198
0.000543419
0.000239786
7.90888e-05
0.000369907
0.000132596
3.62786e-05
0.000112229
3.44346e-05
1.23042e-05
2.61217e-05
1.03993e-05
1.08318e-06
7.68933e-06
1.00597e-06
1.47342e-06
6.71508e-07
9.03095e-07
-3.97507e-07
9.84947e-07
-4.4003e-07
5.36618e-07
0.000136696
5.47543e-05
1.97984e-05
3.72136e-05
1.40784e-05
4.87251e-06
5.03129e-06
1.28435e-06
9.7565e-07
3.11142e-06
-5.8009e-07
1.17753e-06
-6.93801e-07
6.29636e-07
-5.20527e-07
1.14868e-06
-4.81102e-07
5.84375e-07
1.50351e-07
-5.11087e-08
8.06077e-08
-5.63805e-08
3.72303e-08
-4.51402e-08
5.7947e-08
-2.38116e-08
3.94468e-08
-4.07888e-08
3.64626e-08
-2.82955e-08
2.10368e-08
-1.81993e-08
1.40079e-08
-2.59052e-08
2.10385e-08
-1.66969e-08
3.73712e-07
9.72182e-08
6.81382e-08
-2.01666e-07
-3.3326e-08
-4.46982e-08
2.21373e-07
3.02823e-08
4.97909e-08
0.000115412
6.5543e-05
2.60254e-05
3.31381e-05
1.9492e-05
1.55654e-05
-1.23174e-06
7.31059e-07
-5.74942e-06
1.31269e-05
7.31934e-06
3.16357e-06
6.85557e-06
2.34878e-06
9.44193e-07
-1.24619e-06
-2.00668e-07
3.99141e-07
2.86659e-06
2.16674e-07
1.36297e-06
-1.3239e-06
-4.03344e-08
-6.82157e-07
1.43493e-06
7.58297e-09
7.54014e-07
-3.06205e-07
4.84937e-06
2.4277e-07
8.08576e-07
-2.09572e-06
2.31076e-07
-7.3631e-07
2.32597e-06
-3.1867e-07
0.123685
0.0528928
0.0203071
0.0909194
0.037376
0.0138263
0.0621831
0.0245392
0.00874243
0.00653128
0.00197596
0.000546987
0.0042167
0.00128834
0.000293449
0.00259243
0.000740031
0.000175596
0.00136429
0.000407104
6.51409e-05
0.000725299
0.000189725
4.30838e-05
0.000321427
9.82102e-05
6.89354e-06
0.0384165
0.0144643
0.00494172
0.0223501
0.00811318
0.00263013
0.0120438
0.00416578
0.00129882
0.000115412
3.31381e-05
-1.23174e-06
6.5543e-05
1.9492e-05
7.31053e-07
2.60254e-05
1.55654e-05
-5.74943e-06
-3.06212e-07
8.08581e-07
-7.36314e-07
4.84937e-06
-2.09572e-06
2.32597e-06
2.42779e-07
2.31072e-07
-3.18665e-07
2.86659e-06
-1.3239e-06
1.43493e-06
2.16675e-07
-4.03346e-08
7.58333e-09
1.36297e-06
-6.82155e-07
7.54011e-07
1.3127e-05
6.85555e-06
-1.24616e-06
7.31935e-06
2.34881e-06
-2.00688e-07
3.16364e-06
9.44179e-07
3.99161e-07
3.11144e-06
-6.93794e-07
1.14867e-06
-5.80076e-07
6.29634e-07
-4.81098e-07
1.17752e-06
-5.20521e-07
5.8437e-07
3.73706e-07
-2.01663e-07
2.2137e-07
9.72216e-08
-3.33277e-08
3.02844e-08
6.81353e-08
-4.46966e-08
4.97891e-08
-4.07883e-08
2.10366e-08
-2.59049e-08
3.64624e-08
-1.81992e-08
2.10383e-08
-2.82952e-08
1.40078e-08
-1.66968e-08
1.50345e-07
-5.6377e-08
5.7944e-08
-5.11048e-08
3.72287e-08
-2.381e-08
8.0604e-08
-4.51384e-08
3.94452e-08
0.00566464
0.00190679
0.000543423
0.00258485
0.000806184
0.000239788
0.00104005
0.000331202
7.90901e-05
0.000136698
3.72138e-05
5.03144e-06
5.4755e-05
1.40786e-05
1.28435e-06
1.97988e-05
4.87256e-06
9.75704e-07
7.68949e-06
6.71534e-07
9.84957e-07
1.00601e-06
9.03111e-07
-4.4003e-07
1.47345e-06
-3.97508e-07
5.36621e-07
0.000369913
0.00011223
2.61224e-05
0.000132599
3.44354e-05
1.03995e-05
3.62798e-05
1.23044e-05
1.08331e-06
1.30826e-05
1.43714e-06
1.94071e-06
1.43718e-06
1.36136e-06
-5.44648e-07
1.94073e-06
-5.44645e-07
7.23901e-07
5.42063e-07
-2.0628e-07
2.15713e-07
-1.84085e-07
1.24879e-07
-1.07508e-07
2.02765e-07
-1.09597e-07
9.90306e-08
-5.45121e-08
2.90523e-08
-3.41463e-08
2.90523e-08
-1.50457e-08
1.82605e-08
-3.41464e-08
1.82605e-08
-2.138e-08
5.42068e-07
-1.84084e-07
2.02765e-07
-2.06276e-07
1.24878e-07
-1.09597e-07
2.15712e-07
-1.07507e-07
9.90298e-08
-5.90793e-08
2.67948e-08
-2.95202e-08
3.52078e-08
-1.63497e-08
1.83458e-08
-3.70084e-08
1.75754e-08
-1.92833e-08
-1.08516e-08
6.02006e-09
-6.81609e-09
6.85965e-09
-3.84127e-09
4.34896e-09
-6.3765e-09
3.64414e-09
-4.13723e-09
8.24262e-11
1.94981e-10
-1.9003e-10
8.45489e-11
-1.83143e-10
1.90779e-10
4.98337e-11
1.17942e-10
-1.15357e-10
-1.70997e-08
9.55394e-09
-9.7755e-09
1.01648e-08
-5.67656e-09
5.84793e-09
-1.01864e-08
5.77395e-09
-5.8967e-09
1.52817e-10
1.42837e-10
-5.04329e-11
1.42836e-10
-1.97563e-10
1.52531e-10
-5.04316e-11
1.52531e-10
-1.01932e-10
4.17917e-10
-2.10621e-10
2.43888e-10
-2.25128e-10
1.11144e-10
-1.29195e-10
2.43511e-10
-1.22203e-10
1.42235e-10
4.96933e-11
-3.19721e-11
3.64188e-11
-3.19721e-11
1.95582e-11
-2.22941e-11
3.64187e-11
-2.22941e-11
2.53657e-11
4.17917e-10
-2.25129e-10
2.43512e-10
-2.1062e-10
1.11144e-10
-1.22203e-10
2.43887e-10
-1.29195e-10
1.42235e-10
-5.90796e-08
3.52082e-08
-3.70087e-08
2.6795e-08
-1.63499e-08
1.75756e-08
-2.95204e-08
1.8346e-08
-1.92834e-08
-1.70997e-08
1.01648e-08
-1.01864e-08
9.55391e-09
-5.67654e-09
5.77393e-09
-9.77545e-09
5.84791e-09
-5.89668e-09
8.24474e-11
8.45335e-11
4.98488e-11
1.94971e-10
-1.83135e-10
1.17935e-10
-1.90021e-10
1.90772e-10
-1.1535e-10
-1.08514e-08
6.85954e-09
-6.37639e-09
6.01997e-09
-3.84122e-09
3.64408e-09
-6.81598e-09
4.34889e-09
-4.13717e-09
0.123687
0.0909207
0.0621839
0.0528936
0.0373766
0.0245396
0.0203074
0.0138266
0.0087426
0.038417
0.0223504
0.012044
0.0144646
0.00811332
0.00416586
0.00494182
0.00263019
0.00129885
0.00136433
0.00072532
0.000321438
0.000407116
0.000189732
9.82135e-05
6.51442e-05
4.30856e-05
6.89447e-06
0.0065314
0.00421679
0.00259249
0.00197601
0.00128837
0.000740051
0.000547
0.000293458
0.000175602
0.00566471
0.00258487
0.00104006
0.00190683
0.0008062
0.000331208
0.000543438
0.000239795
7.90927e-05
0.000369917
0.0001326
3.62801e-05
0.000112233
3.44362e-05
1.23047e-05
2.61233e-05
1.03998e-05
1.08341e-06
7.6898e-06
1.0061e-06
1.47349e-06
6.71606e-07
9.03139e-07
-3.97506e-07
9.84985e-07
-4.40025e-07
5.36627e-07
0.000136703
5.47571e-05
1.97996e-05
3.72153e-05
1.40792e-05
4.87279e-06
5.03187e-06
1.28451e-06
9.75786e-07
3.11155e-06
-5.8002e-07
1.17753e-06
-6.93791e-07
6.29629e-07
-5.20519e-07
1.14869e-06
-4.81082e-07
5.84369e-07
1.50347e-07
-5.11e-08
8.0602e-08
-5.63752e-08
3.72269e-08
-4.5137e-08
5.79431e-08
-2.38079e-08
3.94438e-08
-4.07877e-08
3.64624e-08
-2.82951e-08
2.10362e-08
-1.81991e-08
1.40077e-08
-2.59045e-08
2.10382e-08
-1.66966e-08
3.73702e-07
9.72284e-08
6.81316e-08
-2.01661e-07
-3.33314e-08
-4.46946e-08
2.21367e-07
3.02886e-08
4.97868e-08
0.000115415
6.55453e-05
2.60269e-05
3.31388e-05
1.94926e-05
1.55657e-05
-1.23163e-06
7.31157e-07
-5.74934e-06
1.3128e-05
7.31981e-06
3.16395e-06
6.85566e-06
2.34889e-06
9.44171e-07
-1.24603e-06
-2.00649e-07
3.99229e-07
2.86662e-06
2.1669e-07
1.36298e-06
-1.32391e-06
-4.034e-08
-6.82159e-07
1.43494e-06
7.58994e-09
7.54016e-07
-3.06203e-07
4.84937e-06
2.42817e-07
8.08596e-07
-2.09571e-06
2.3106e-07
-7.36324e-07
2.32596e-06
-3.18649e-07
0.123687
0.0528937
0.0203075
0.0909211
0.0373768
0.0138266
0.0621844
0.0245398
0.00874268
0.00653142
0.00197601
0.000547002
0.00421682
0.00128837
0.000293461
0.00259251
0.000740059
0.000175604
0.00136435
0.000407122
6.51459e-05
0.000725334
0.000189736
4.30866e-05
0.000321446
9.82157e-05
6.89504e-06
0.0384174
0.0144647
0.00494189
0.0223507
0.00811345
0.00263024
0.0120442
0.00416594
0.00129888
0.000115415
3.3139e-05
-1.23175e-06
6.55459e-05
1.94927e-05
7.31188e-07
2.60272e-05
1.55659e-05
-5.74942e-06
-3.06232e-07
8.08612e-07
-7.36341e-07
4.84935e-06
-2.0957e-06
2.32595e-06
2.42814e-07
2.31064e-07
-3.18652e-07
2.86662e-06
-1.32391e-06
1.43495e-06
2.16685e-07
-4.03355e-08
7.58466e-09
1.36298e-06
-6.82161e-07
7.54019e-07
1.31283e-05
6.85573e-06
-1.24602e-06
7.31992e-06
2.349e-06
-2.00704e-07
3.16407e-06
9.44189e-07
3.99238e-07
3.11157e-06
-6.93767e-07
1.14868e-06
-5.80004e-07
6.29636e-07
-4.81082e-07
1.17753e-06
-5.20513e-07
5.84364e-07
3.73698e-07
-2.01658e-07
2.21364e-07
9.72332e-08
-3.33338e-08
3.02913e-08
6.81293e-08
-4.46932e-08
4.9785e-08
-4.07874e-08
2.10362e-08
-2.59045e-08
3.64627e-08
-1.81993e-08
2.10384e-08
-2.82951e-08
1.40078e-08
-1.66967e-08
1.50342e-07
-5.63708e-08
5.79393e-08
-5.10961e-08
3.72252e-08
-2.38058e-08
8.05985e-08
-4.51348e-08
3.94416e-08
0.00566484
0.00190687
0.000543453
0.00258494
0.000806223
0.000239802
0.00104009
0.000331219
7.90961e-05
0.000136707
3.72164e-05
5.03215e-06
5.4759e-05
1.40798e-05
1.28458e-06
1.98005e-05
4.87297e-06
9.75842e-07
7.69007e-06
6.71689e-07
9.84983e-07
1.00621e-06
9.03159e-07
-4.40016e-07
1.4735e-06
-3.97491e-07
5.3662e-07
0.00036993
0.000112237
2.61245e-05
0.000132605
3.44377e-05
1.04002e-05
3.62818e-05
1.23051e-05
1.08357e-06
1.30831e-05
1.43735e-06
1.94075e-06
1.43735e-06
1.3614e-06
-5.44619e-07
1.94075e-06
-5.44619e-07
7.23889e-07
5.42067e-07
-2.06269e-07
2.15706e-07
-1.84076e-07
1.24875e-07
-1.07504e-07
2.0276e-07
-1.09593e-07
9.90266e-08
-5.45121e-08
2.90524e-08
-3.41464e-08
2.90525e-08
-1.50458e-08
1.82605e-08
-3.41464e-08
1.82606e-08
-2.138e-08
5.42067e-07
-1.84075e-07
2.0276e-07
-2.06268e-07
1.24875e-07
-1.09593e-07
2.15705e-07
-1.07503e-07
9.90263e-08
-5.90795e-08
2.6795e-08
-2.95204e-08
3.5208e-08
-1.63499e-08
1.83459e-08
-3.70083e-08
1.75755e-08
-1.92832e-08
-1.0851e-08
6.01978e-09
-6.81577e-09
6.85935e-09
-3.84111e-09
4.34878e-09
-6.37619e-09
3.64397e-09
-4.13704e-09
8.24711e-11
1.94954e-10
-1.90002e-10
8.45152e-11
-1.83123e-10
1.90758e-10
4.9866e-11
1.17923e-10
-1.15337e-10
-1.70993e-08
9.55371e-09
-9.77525e-09
1.01646e-08
-5.67643e-09
5.84779e-09
-1.01862e-08
5.77381e-09
-5.89655e-09
1.52864e-10
1.42806e-10
-5.04024e-11
1.42805e-10
-1.97544e-10
1.52511e-10
-5.04013e-11
1.52511e-10
-1.01912e-10
4.17912e-10
-2.10619e-10
2.43885e-10
-2.25127e-10
1.11144e-10
-1.29194e-10
2.43509e-10
-1.22202e-10
1.42234e-10
4.9692e-11
-3.19713e-11
3.64179e-11
-3.19713e-11
1.95578e-11
-2.22936e-11
3.64178e-11
-2.22936e-11
2.53652e-11
4.17913e-10
-2.25127e-10
2.4351e-10
-2.10619e-10
1.11144e-10
-1.22203e-10
2.43886e-10
-1.29195e-10
1.42235e-10
-5.90799e-08
3.52082e-08
-3.70085e-08
2.67953e-08
-1.635e-08
1.75756e-08
-2.95206e-08
1.83461e-08
-1.92833e-08
-1.70993e-08
1.01646e-08
-1.01862e-08
9.55371e-09
-5.67643e-09
5.7738e-09
-9.77524e-09
5.84779e-09
-5.89654e-09
8.24855e-11
8.45072e-11
4.98744e-11
1.94946e-10
-1.83119e-10
1.17918e-10
-1.89992e-10
1.90753e-10
-1.1533e-10
-1.08511e-08
6.85935e-09
-6.37618e-09
6.01981e-09
-3.84112e-09
3.64397e-09
-6.8158e-09
4.34878e-09
-4.13704e-09
0.123687
0.0909211
0.0621844
0.0528937
0.0373768
0.0245398
0.0203075
0.0138266
0.00874269
0.0384174
0.0223507
0.0120442
0.0144647
0.00811345
0.00416594
0.00494189
0.00263024
0.00129888
0.00136435
0.000725335
0.000321447
0.000407122
0.000189736
9.82159e-05
6.51461e-05
4.30866e-05
6.89511e-06
0.00653142
0.00421682
0.00259252
0.00197601
0.00128838
0.00074006
0.000547002
0.000293461
0.000175604
0.00566484
0.00258494
0.00104009
0.00190687
0.000806224
0.000331219
0.000543454
0.000239802
7.90962e-05
0.00036993
0.000132605
3.62818e-05
0.000112237
3.44377e-05
1.23051e-05
2.61246e-05
1.04002e-05
1.08358e-06
7.69008e-06
1.00621e-06
1.47351e-06
6.71691e-07
9.0316e-07
-3.97492e-07
9.84985e-07
-4.40016e-07
5.36621e-07
0.000136707
5.4759e-05
1.98005e-05
3.72164e-05
1.40798e-05
4.87298e-06
5.03219e-06
1.28458e-06
9.75851e-07
3.11159e-06
-5.79995e-07
1.17753e-06
-6.93769e-07
6.29633e-07
-5.20513e-07
1.14868e-06
-4.81078e-07
5.84365e-07
1.50343e-07
-5.10955e-08
8.05985e-08
-5.63711e-08
3.7225e-08
-4.51348e-08
5.79397e-08
-2.38056e-08
3.94416e-08
-4.07873e-08
3.64626e-08
-2.82951e-08
2.10361e-08
-1.81993e-08
1.40077e-08
-2.59043e-08
2.10384e-08
-1.66966e-08
3.737e-07
9.72337e-08
6.81295e-08
-2.01659e-07
-3.3334e-08
-4.46933e-08
2.21365e-07
3.02916e-08
4.97852e-08
0.000115415
6.5546e-05
2.60274e-05
3.3139e-05
1.94927e-05
1.55659e-05
-1.23174e-06
7.3119e-07
-5.74939e-06
1.31284e-05
7.31997e-06
3.1641e-06
6.85573e-06
2.34899e-06
9.44185e-07
-1.246e-06
-2.00689e-07
3.99247e-07
2.86662e-06
2.16692e-07
1.36298e-06
-1.32391e-06
-4.0339e-08
-6.8216e-07
1.43495e-06
7.5889e-09
7.54018e-07
-3.06232e-07
4.84934e-06
2.42822e-07
8.08613e-07
-2.09569e-06
2.3106e-07
-7.36341e-07
2.32594e-06
-3.18647e-07
0.123687
0.0528937
0.0203074
0.0909208
0.0373767
0.0138266
0.0621841
0.0245397
0.00874263
0.00653141
0.00197601
0.000547
0.0042168
0.00128837
0.000293459
0.0025925
0.000740053
0.000175602
0.00136433
0.000407117
6.51446e-05
0.000725325
0.000189733
4.30858e-05
0.000321441
9.82142e-05
6.89464e-06
0.0384172
0.0144646
0.00494185
0.0223506
0.00811338
0.00263021
0.0120441
0.00416589
0.00129886
0.000115415
3.31389e-05
-1.23164e-06
6.55454e-05
1.94926e-05
7.31152e-07
2.6027e-05
1.55658e-05
-5.74937e-06
-3.06209e-07
8.08599e-07
-7.36328e-07
4.84936e-06
-2.0957e-06
2.32596e-06
2.42811e-07
2.31063e-07
-3.18652e-07
2.86661e-06
-1.3239e-06
1.43494e-06
2.16684e-07
-4.03369e-08
7.58649e-09
1.36297e-06
-6.82157e-07
7.54014e-07
1.31281e-05
6.85567e-06
-1.24604e-06
7.31981e-06
2.34893e-06
-2.00679e-07
3.16397e-06
9.44176e-07
3.99225e-07
3.11155e-06
-6.93781e-07
1.14868e-06
-5.8002e-07
6.29633e-07
-4.81086e-07
1.17753e-06
-5.20516e-07
5.84366e-07
3.73699e-07
-2.01659e-07
2.21365e-07
9.72286e-08
-3.33314e-08
3.02886e-08
6.81304e-08
-4.46939e-08
4.9786e-08
-4.0788e-08
2.10364e-08
-2.59047e-08
3.64625e-08
-1.81992e-08
2.10383e-08
-2.82953e-08
1.40078e-08
-1.66968e-08
1.50343e-07
-5.63726e-08
5.79406e-08
-5.10983e-08
3.72263e-08
-2.38072e-08
8.05996e-08
-4.51358e-08
3.94426e-08
0.00566478
0.00190685
0.000543444
0.00258492
0.000806212
0.000239798
0.00104008
0.000331214
7.90943e-05
0.000136704
3.72156e-05
5.03198e-06
5.47578e-05
1.40794e-05
1.28451e-06
1.98e-05
4.87283e-06
9.75819e-07
7.68993e-06
6.71629e-07
9.8499e-07
1.00614e-06
9.03151e-07
-4.40025e-07
1.4735e-06
-3.97505e-07
5.36628e-07
0.000369926
0.000112235
2.6124e-05
0.000132604
3.44372e-05
1.04e-05
3.62815e-05
1.2305e-05
1.08353e-06
1.30829e-05
1.43727e-06
1.94074e-06
1.43723e-06
1.36138e-06
-5.44639e-07
1.94073e-06
-5.44643e-07
7.23901e-07
5.42066e-07
-2.06273e-07
2.15709e-07
-1.8408e-07
1.24877e-07
-1.07506e-07
2.02762e-07
-1.09595e-07
9.90283e-08
-5.45121e-08
2.90524e-08
-3.41464e-08
2.90523e-08
-1.50458e-08
1.82605e-08
-3.41464e-08
1.82605e-08
-2.138e-08
5.42064e-07
-1.84082e-07
2.02763e-07
-2.06277e-07
1.24878e-07
-1.09596e-07
2.15712e-07
-1.07507e-07
9.90298e-08
-5.90799e-08
2.67952e-08
-2.95207e-08
3.52084e-08
-1.635e-08
1.83462e-08
-3.70089e-08
1.75757e-08
-1.92835e-08
-1.08513e-08
6.01994e-09
-6.81595e-09
6.85951e-09
-3.8412e-09
4.34888e-09
-6.37636e-09
3.64407e-09
-4.13715e-09
8.24605e-11
1.94962e-10
-1.9001e-10
8.45259e-11
-1.83131e-10
1.90766e-10
4.98565e-11
1.1793e-10
-1.15344e-10
-1.70996e-08
9.55387e-09
-9.77541e-09
1.01647e-08
-5.67653e-09
5.84789e-09
-1.01864e-08
5.77392e-09
-5.89666e-09
1.5282e-10
1.42833e-10
-5.04287e-11
1.42835e-10
-1.97562e-10
1.52529e-10
-5.04311e-11
1.5253e-10
-1.0193e-10
4.17917e-10
-2.1062e-10
2.43887e-10
-2.25129e-10
1.11145e-10
-1.29195e-10
2.43512e-10
-1.22203e-10
1.42235e-10
4.96933e-11
-3.1972e-11
3.64187e-11
-3.19721e-11
1.95582e-11
-2.2294e-11
3.64188e-11
-2.22941e-11
2.53657e-11
4.17916e-10
-2.25128e-10
2.43511e-10
-2.10621e-10
1.11144e-10
-1.22203e-10
2.43887e-10
-1.29195e-10
1.42235e-10
-5.90787e-08
3.52075e-08
-3.70081e-08
2.67945e-08
-1.63496e-08
1.75753e-08
-2.952e-08
1.83457e-08
-1.92831e-08
-1.70997e-08
1.01648e-08
-1.01864e-08
9.55393e-09
-5.67655e-09
5.77394e-09
-9.77549e-09
5.84792e-09
-5.89669e-09
8.24145e-11
8.45539e-11
4.98285e-11
1.94987e-10
-1.83146e-10
1.17945e-10
-1.90037e-10
1.90783e-10
-1.1536e-10
-1.08516e-08
6.85964e-09
-6.37649e-09
6.02005e-09
-3.84127e-09
3.64413e-09
-6.81608e-09
4.34895e-09
-4.13723e-09
0.123685
0.0909197
0.0621833
0.0528929
0.0373761
0.0245393
0.0203071
0.0138263
0.00874247
0.0384167
0.0223503
0.0120439
0.0144644
0.00811325
0.00416583
0.00494175
0.00263016
0.00129883
0.0013643
0.000725306
0.000321431
0.000407106
0.000189727
9.8211e-05
6.51416e-05
4.30841e-05
6.89378e-06
0.00653128
0.00421671
0.00259244
0.00197596
0.00128834
0.000740034
0.000546988
0.00029345
0.000175597
0.00566472
0.00258489
0.00104007
0.00190682
0.000806198
0.000331209
0.000543431
0.000239792
7.90919e-05
0.000369923
0.000132603
3.62812e-05
0.000112233
3.44365e-05
1.23048e-05
2.61231e-05
1.03997e-05
1.08342e-06
7.68963e-06
1.00607e-06
1.47346e-06
6.71569e-07
9.03118e-07
-3.97502e-07
9.84955e-07
-4.40026e-07
5.36619e-07
0.0001367
5.47559e-05
1.97992e-05
3.72143e-05
1.40788e-05
4.87264e-06
5.03153e-06
1.28438e-06
9.75717e-07
3.11142e-06
-5.80071e-07
1.17751e-06
-6.93773e-07
6.29636e-07
-5.20514e-07
1.14865e-06
-4.811e-07
5.84363e-07
1.50344e-07
-5.11048e-08
8.06036e-08
-5.63759e-08
3.72289e-08
-4.51381e-08
5.79431e-08
-2.38103e-08
3.9445e-08
-4.07878e-08
3.64621e-08
-2.82949e-08
2.10363e-08
-1.8199e-08
1.40076e-08
-2.59047e-08
2.10381e-08
-1.66966e-08
3.73703e-07
9.72202e-08
6.81352e-08
-2.01661e-07
-3.3327e-08
-4.46965e-08
2.21368e-07
3.02836e-08
4.97889e-08
0.000115412
6.55431e-05
2.60255e-05
3.31381e-05
1.94921e-05
1.55655e-05
-1.23178e-06
7.31002e-07
-5.74947e-06
1.31271e-05
7.31936e-06
3.16365e-06
6.8556e-06
2.34885e-06
9.44204e-07
-1.2462e-06
-2.00724e-07
3.99136e-07
2.86656e-06
2.1667e-07
1.36296e-06
-1.32388e-06
-4.03315e-08
-6.82148e-07
1.43491e-06
7.58004e-09
7.54004e-07
-3.06233e-07
4.84932e-06
2.42765e-07
8.08591e-07
-2.0957e-06
2.31078e-07
-7.36325e-07
2.32595e-06
-3.18672e-07
0.123685
0.0528928
0.0203071
0.0909195
0.0373761
0.0138263
0.0621831
0.0245392
0.00874243
0.00653128
0.00197596
0.000546987
0.0042167
0.00128834
0.00029345
0.00259243
0.00074003
0.000175596
0.00136429
0.000407103
6.51408e-05
0.000725297
0.000189724
4.30836e-05
0.000321425
9.82095e-05
6.89341e-06
0.0384165
0.0144643
0.00494172
0.0223501
0.00811316
0.00263012
0.0120438
0.00416576
0.00129881
0.000115412
3.31381e-05
-1.23173e-06
6.5543e-05
1.9492e-05
7.31044e-07
2.60254e-05
1.55654e-05
-5.74941e-06
-3.06197e-07
8.08573e-07
-7.36305e-07
4.84937e-06
-2.09572e-06
2.32597e-06
2.42772e-07
2.31074e-07
-3.18669e-07
2.86658e-06
-1.32389e-06
1.43493e-06
2.16676e-07
-4.03355e-08
7.58425e-09
1.36297e-06
-6.82155e-07
7.54012e-07
1.31269e-05
6.85557e-06
-1.2462e-06
7.31935e-06
2.34878e-06
-2.00665e-07
3.16357e-06
9.44196e-07
3.99138e-07
3.11142e-06
-6.93799e-07
1.14868e-06
-5.80087e-07
6.29634e-07
-4.81101e-07
1.17752e-06
-5.20525e-07
5.84374e-07
3.73712e-07
-2.01666e-07
2.21373e-07
9.7218e-08
-3.33259e-08
3.02823e-08
6.81384e-08
-4.46983e-08
4.9791e-08
-4.07886e-08
2.10367e-08
-2.59051e-08
3.64625e-08
-1.81992e-08
2.10384e-08
-2.82954e-08
1.40079e-08
-1.66969e-08
1.50351e-07
-5.63806e-08
5.79472e-08
-5.11088e-08
3.72303e-08
-2.38116e-08
8.06079e-08
-4.51402e-08
3.94469e-08
0.00566461
0.00190678
0.000543419
0.00258483
0.000806176
0.000239786
0.00104004
0.000331198
7.90888e-05
0.000136696
3.72136e-05
5.03128e-06
5.47543e-05
1.40784e-05
1.28435e-06
1.97984e-05
4.87252e-06
9.75646e-07
7.68933e-06
6.71511e-07
9.84944e-07
1.00598e-06
9.03093e-07
-4.40028e-07
1.47341e-06
-3.97505e-07
5.36616e-07
0.000369907
0.000112229
2.61217e-05
0.000132596
3.44346e-05
1.03993e-05
3.62786e-05
1.23042e-05
1.08318e-06
1.30821e-05
1.43706e-06
1.94065e-06
1.43706e-06
1.36131e-06
-5.44648e-07
1.94065e-06
-5.44648e-07
7.23891e-07
5.42072e-07
-2.06288e-07
2.15721e-07
-1.84095e-07
1.24883e-07
-1.07513e-07
2.02773e-07
-1.09602e-07
9.9035e-08
-5.45098e-08
2.9051e-08
-3.41453e-08
2.90511e-08
-1.50451e-08
1.82599e-08
-3.41454e-08
1.82599e-08
-2.13796e-08
5.42076e-07
-1.84097e-07
2.02774e-07
-2.0629e-07
1.24884e-07
-1.09603e-07
2.15722e-07
-1.07514e-07
9.90358e-08
-5.90782e-08
2.67941e-08
-2.95197e-08
3.52075e-08
-1.63495e-08
1.83457e-08
-3.70081e-08
1.75753e-08
-1.92832e-08
-1.08519e-08
6.02022e-09
-6.81627e-09
6.85986e-09
-3.84137e-09
4.34908e-09
-6.37671e-09
3.64424e-09
-4.13735e-09
8.23773e-11
1.9501e-10
-1.90061e-10
8.45797e-11
-1.83162e-10
1.90799e-10
4.98063e-11
1.1796e-10
-1.15375e-10
-1.71003e-08
9.55421e-09
-9.77578e-09
1.01651e-08
-5.67673e-09
5.84811e-09
-1.01868e-08
5.77413e-09
-5.8969e-09
1.52738e-10
1.42884e-10
-5.04784e-11
1.42883e-10
-1.97592e-10
1.52558e-10
-5.04766e-11
1.52558e-10
-1.01958e-10
4.17931e-10
-2.10627e-10
2.43895e-10
-2.25136e-10
1.11148e-10
-1.29199e-10
2.4352e-10
-1.22207e-10
1.4224e-10
4.96965e-11
-3.1974e-11
3.64209e-11
-3.1974e-11
1.95593e-11
-2.22953e-11
3.64209e-11
-2.22953e-11
2.53671e-11
4.17932e-10
-2.25136e-10
2.4352e-10
-2.10628e-10
1.11148e-10
-1.22207e-10
2.43896e-10
-1.29199e-10
1.4224e-10
-5.90782e-08
3.52074e-08
-3.70082e-08
2.67942e-08
-1.63495e-08
1.75753e-08
-2.95198e-08
1.83457e-08
-1.92832e-08
-1.71003e-08
1.01651e-08
-1.01868e-08
9.55425e-09
-5.67674e-09
5.77415e-09
-9.77582e-09
5.84812e-09
-5.89691e-09
8.23804e-11
8.45806e-11
4.98056e-11
1.95009e-10
-1.83162e-10
1.1796e-10
-1.90059e-10
1.90799e-10
-1.15376e-10
-1.0852e-08
6.85993e-09
-6.37679e-09
6.02028e-09
-3.84141e-09
3.64428e-09
-6.81634e-09
4.34912e-09
-4.1374e-09
0.123687
0.0909203
0.0621836
0.0528934
0.0373764
0.0245394
0.0203073
0.0138265
0.00874252
0.0384168
0.0223502
0.0120439
0.0144644
0.00811322
0.00416579
0.00494176
0.00263015
0.00129882
0.0013643
0.000725303
0.000321428
0.000407107
0.000189726
9.82103e-05
6.51418e-05
4.30841e-05
6.89355e-06
0.00653137
0.00421676
0.00259246
0.00197599
0.00128835
0.000740039
0.000546996
0.000293454
0.000175599
0.00566464
0.00258484
0.00104004
0.00190679
0.00080618
0.000331199
0.000543423
0.000239787
7.90893e-05
0.000369908
0.000132597
3.62787e-05
0.000112229
3.44346e-05
1.23042e-05
2.61218e-05
1.03994e-05
1.08318e-06
7.68937e-06
1.00598e-06
1.47342e-06
6.71513e-07
9.03097e-07
-3.97507e-07
9.84951e-07
-4.40031e-07
5.36619e-07
0.000136697
5.47548e-05
1.97984e-05
3.72138e-05
1.40784e-05
4.87256e-06
5.03131e-06
1.28439e-06
9.75634e-07
3.11143e-06
-5.80099e-07
1.17753e-06
-6.93794e-07
6.29643e-07
-5.20526e-07
1.14867e-06
-4.81111e-07
5.84376e-07
1.50352e-07
-5.11114e-08
8.06091e-08
-5.63814e-08
3.72318e-08
-4.51409e-08
5.79477e-08
-2.38131e-08
3.94475e-08
-4.07892e-08
3.64627e-08
-2.82957e-08
2.1037e-08
-1.81993e-08
1.4008e-08
-2.59055e-08
2.10385e-08
-1.66971e-08
3.73712e-07
9.72155e-08
6.81392e-08
-2.01666e-07
-3.33245e-08
-4.46987e-08
2.21373e-07
3.02807e-08
4.97914e-08
0.000115414
6.5544e-05
2.60259e-05
3.31385e-05
1.94923e-05
1.55655e-05
-1.23166e-06
7.31072e-07
-5.74945e-06
1.3127e-05
7.31943e-06
3.16356e-06
6.85566e-06
2.3488e-06
9.44225e-07
-1.24624e-06
-2.00677e-07
3.99116e-07
2.86658e-06
2.16664e-07
1.36297e-06
-1.32389e-06
-4.03288e-08
-6.82156e-07
1.43493e-06
7.57672e-09
7.54014e-07
-3.06208e-07
4.84939e-06
2.42747e-07
8.08589e-07
-2.09573e-06
2.31091e-07
-7.3632e-07
2.32598e-06
-3.18686e-07
