FiniteElementSpace
FiniteElementCollection: H1_2D_P4
VDim: 1
Ordering: 0

0.12197
9.35762e-14
9.35736e-14
7.76165e-35
9.3577e-14
7.76496e-35
9.3577e-14
7.7667e-35
9.35736e-14
7.76496e-35
7.76165e-35
0.0107114
4.87272e-21
4.87272e-21
0.0107113
4.87302e-21
4.87451e-21
0.0107115
4.87525e-21
4.87533e-21
0.0107115
4.87451e-21
4.87302e-21
0.0107113
4.87272e-21
4.87272e-21
8.81399e-07
8.81425e-07
8.81475e-07
8.81464e-07
8.81399e-07
0.253524
0.000522977
0.000522974
0.253524
0.000522976
0.000522982
0.253524
0.000522993
0.000522993
0.253524
0.000522988
0.000522983
0.253524
0.000522974
0.000522977
9.2164e-06
1.39243e-16
7.01564e-09
4.0102e-27
4.01022e-27
7.01564e-09
1.39242e-16
9.21623e-06
1.39245e-16
7.01567e-09
4.01112e-27
4.01183e-27
7.01568e-09
1.39265e-16
9.21646e-06
1.39274e-16
7.01559e-09
4.01258e-27
4.0126e-27
7.01561e-09
1.39276e-16
9.21646e-06
1.39265e-16
7.01568e-09
4.01183e-27
4.01112e-27
7.01563e-09
1.39245e-16
9.21623e-06
1.39242e-16
7.01562e-09
4.01022e-27
4.0102e-27
7.01564e-09
1.39243e-16
0.0573737
0.0573737
0.0573743
0.0573739
0.0573737
5.55367e-08
-1.71029e-10
5.55368e-08
5.55392e-08
-1.71032e-10
5.55481e-08
5.55533e-08
-1.71033e-10
5.55542e-08
5.55494e-08
-1.71033e-10
5.55408e-08
5.55371e-08
-1.71029e-10
5.55367e-08
0.248187
0.168553
0.168553
0.248187
0.0859124
0.00342145
0.00851795
3.59007e-05
3.59006e-05
0.00851793
0.00342142
0.085912
0.168553
0.168553
0.248186
0.00342141
0.00851793
3.5901e-05
3.59012e-05
0.00851797
0.00342146
0.0859126
0.168554
0.168554
0.248186
0.0034215
0.00851811
3.59024e-05
3.59024e-05
0.00851811
0.0034215
0.0859126
0.168553
0.168553
0.248187
0.00342148
0.00851803
3.5902e-05
3.59019e-05
0.008518
0.00342143
0.085912
0.168553
0.168553
0.00342142
0.00851793
3.59006e-05
3.59007e-05
0.00851795
0.00342145
0.000510173
1.7465e-06
1.27596e-05
2.02045e-07
5.76828e-15
1.64182e-08
1.31628e-18
6.13678e-10
1.44164e-08
-3.58653e-09
1.15417e-09
1.15416e-09
-3.58637e-09
7.06389e-24
-5.34118e-11
8.91529e-31
8.91533e-31
-5.34117e-11
7.06393e-24
6.13667e-10
1.27595e-05
1.74648e-06
0.000510165
1.44166e-08
1.31628e-18
1.64181e-08
5.76819e-15
2.02043e-07
1.74648e-06
1.27596e-05
5.76822e-15
1.64185e-08
1.31633e-18
6.13647e-10
1.44172e-08
-3.58499e-09
1.15411e-09
1.1541e-09
-3.58412e-09
7.0649e-24
-5.34097e-11
8.91819e-31
8.91903e-31
-5.34096e-11
7.06665e-24
6.1362e-10
1.276e-05
1.74654e-06
0.000510175
1.44178e-08
1.31662e-18
1.64187e-08
5.76872e-15
2.02045e-07
1.74656e-06
1.27604e-05
5.76887e-15
1.64193e-08
1.31675e-18
6.13592e-10
1.44184e-08
-3.58302e-09
1.15406e-09
1.15406e-09
-3.58291e-09
7.06784e-24
-5.34085e-11
8.92086e-31
8.92087e-31
-5.34085e-11
7.06791e-24
6.1359e-10
1.27604e-05
1.74657e-06
0.000510175
1.44185e-08
1.31678e-18
1.64192e-08
5.76892e-15
2.02045e-07
1.74655e-06
1.27602e-05
5.76872e-15
1.6419e-08
1.31662e-18
6.13609e-10
1.44182e-08
-3.5832e-09
1.15409e-09
1.15411e-09
-3.58426e-09
7.06665e-24
-5.34095e-11
8.91903e-31
8.91819e-31
-5.34097e-11
7.0649e-24
6.13648e-10
1.27598e-05
1.74648e-06
0.000510165
1.44172e-08
1.31633e-18
1.64186e-08
5.76822e-15
2.02042e-07
1.74648e-06
1.27595e-05
5.76819e-15
1.64181e-08
1.31628e-18
6.13668e-10
1.44166e-08
-3.58637e-09
1.15416e-09
1.15416e-09
-3.58649e-09
7.06393e-24
-5.34116e-11
8.91533e-31
8.91529e-31
-5.34118e-11
7.06389e-24
6.13677e-10
1.27596e-05
1.7465e-06
1.44164e-08
1.31628e-18
1.64182e-08
5.76828e-15
0.288627
0.0385021
0.000847094
0.0385019
0.288627
0.0385018
0.000847099
0.0385021
0.288627
0.0385024
0.000847122
0.0385024
0.288627
0.0385022
0.000847111
0.038502
0.288627
0.0385019
0.000847094
0.0385021
0.000119722
-5.08264e-09
6.65704e-09
5.05597e-07
7.65357e-09
-1.51533e-10
-2.34544e-12
-1.51533e-10
0.000119721
5.05594e-07
6.65697e-09
-5.08268e-09
0.000119721
-5.08224e-09
6.65691e-09
5.05606e-07
7.65365e-09
-1.51533e-10
-2.34519e-12
-1.51535e-10
0.000119724
5.05631e-07
6.65678e-09
-5.08156e-09
0.000119725
-5.08095e-09
6.65675e-09
5.05659e-07
7.65353e-09
-1.51534e-10
-2.345e-12
-1.51535e-10
0.000119725
5.0566e-07
6.65673e-09
-5.08085e-09
0.000119724
-5.08122e-09
6.65679e-09
5.05643e-07
7.65365e-09
-1.51536e-10
-2.34518e-12
-1.51532e-10
0.000119721
5.05621e-07
6.65689e-09
-5.08144e-09
0.000119721
-5.08246e-09
6.65696e-09
5.05595e-07
7.65356e-09
-1.51532e-10
-2.34545e-12
-1.51533e-10
0.000119722
5.05597e-07
6.65704e-09
-5.08264e-09
0.127415
0.164425
0.219929
0.257692
0.278461
0.290237
0.257692
0.278461
0.290237
0.127415
0.164425
0.219929
0.274392
0.290381
0.270921
0.24478
0.220979
0.188379
0.197566
0.247201
0.280352
0.0731463
0.10841
0.14776
0.0731463
0.10841
0.14776
0.197566
0.247201
0.280352
0.24478
0.220978
0.188379
0.274392
0.290381
0.270921
0.226708
0.168043
0.11146
0.0782308
0.0623413
0.0463597
0.139782
0.0907063
0.0531627
0.0164332
0.0342441
0.0643001
0.00924388
0.00661066
0.00438572
0.00556112
0.0129064
0.027114
0.000762513
0.00147147
0.00261156
0.00090111
0.00235898
0.00560612
0.0116827
0.0199223
0.0313171
0.0439058
0.0246409
0.012605
0.00606525
0.00297931
0.00133819
0.00606524
0.0029793
0.00133819
0.0439058
0.0246409
0.0126049
0.000347445
0.00015148
5.99952e-05
6.53552e-05
0.000194266
0.000520533
2.09298e-06
6.82591e-06
2.07091e-05
2.09298e-06
6.8259e-06
2.07091e-05
6.53551e-05
0.000194265
0.000520533
0.000347443
0.00015148
5.9995e-05
0.000901105
0.00235897
0.0056061
0.139781
0.0907061
0.0531625
0.0782304
0.062341
0.0463595
0.226708
0.168042
0.111459
0.0116826
0.0199223
0.031317
0.000762509
0.00147146
0.00261154
0.00556108
0.0129064
0.0271139
0.00924378
0.0066106
0.00438568
0.0164331
0.0342438
0.0642997
0.257692
0.278461
0.290237
0.257692
0.278461
0.290237
0.127415
0.164425
0.219929
0.24478
0.220978
0.188379
0.197565
0.247201
0.280352
0.0731462
0.10841
0.14776
0.0731462
0.10841
0.14776
0.197566
0.247201
0.280352
0.24478
0.220979
0.188379
0.274392
0.290381
0.270921
0.0782303
0.062341
0.0463594
0.139781
0.0907059
0.0531624
0.00924378
0.00661059
0.00438568
0.00556107
0.0129063
0.0271139
0.000762511
0.00147146
0.00261154
0.000901108
0.00235897
0.00560611
0.0116826
0.0199223
0.0313169
0.0439058
0.0246409
0.0126049
0.00606525
0.00297931
0.00133819
0.00606527
0.00297932
0.00133819
0.0439058
0.0246409
0.012605
0.000347445
0.000151481
5.99957e-05
6.53558e-05
0.000194267
0.000520537
2.09304e-06
6.82604e-06
2.07094e-05
2.09304e-06
6.82606e-06
2.07095e-05
6.53561e-05
0.000194268
0.000520537
0.000347448
0.000151482
5.99961e-05
0.000901116
0.00235899
0.00560613
0.139781
0.0907062
0.0531627
0.0782309
0.0623414
0.0463597
0.226709
0.168043
0.11146
0.0116827
0.0199224
0.0313171
0.000762519
0.00147148
0.00261157
0.00556114
0.0129065
0.0271141
0.00924391
0.00661069
0.00438574
0.0164333
0.0342442
0.0643002
0.257691
0.278461
0.290237
0.257691
0.278461
0.290237
0.127415
0.164425
0.219929
0.24478
0.220979
0.188379
0.197566
0.247202
0.280352
0.0731469
0.108411
0.147761
0.0731469
0.108411
0.147761
0.197566
0.247202
0.280352
0.24478
0.220979
0.188379
0.274392
0.290381
0.270921
0.078231
0.0623416
0.04636
0.139782
0.0907068
0.0531631
0.00924393
0.00661072
0.00438578
0.00556119
0.0129066
0.0271143
0.000762534
0.0014715
0.0026116
0.000901135
0.00235904
0.00560623
0.0116829
0.0199226
0.0313174
0.0439063
0.0246413
0.0126052
0.00606538
0.00297938
0.00133823
0.00606538
0.00297938
0.00133823
0.0439063
0.0246413
0.0126052
0.000347456
0.000151486
5.99979e-05
6.53582e-05
0.000194273
0.000520552
2.09312e-06
6.82632e-06
2.07102e-05
2.09312e-06
6.82632e-06
2.07102e-05
6.53582e-05
0.000194273
0.000520552
0.000347456
0.000151486
5.99979e-05
0.000901135
0.00235904
0.00560623
0.139782
0.0907068
0.0531631
0.078231
0.0623416
0.04636
0.226709
0.168043
0.11146
0.0116829
0.0199226
0.0313174
0.000762534
0.0014715
0.0026116
0.00556119
0.0129066
0.0271143
0.00924393
0.00661072
0.00438578
0.0164333
0.0342442
0.0643002
0.257692
0.278461
0.290237
0.257692
0.278461
0.290237
0.127415
0.164425
0.219929
0.24478
0.220979
0.188379
0.197566
0.247201
0.280352
0.0731464
0.10841
0.14776
0.0731464
0.10841
0.14776
0.197566
0.247201
0.280352
0.24478
0.220978
0.188379
0.274392
0.290381
0.270921
0.0782309
0.0623415
0.0463598
0.139782
0.0907064
0.0531628
0.00924392
0.0066107
0.00438575
0.00556116
0.0129065
0.0271142
0.000762527
0.00147149
0.00261158
0.000901126
0.00235901
0.00560618
0.0116828
0.0199225
0.0313172
0.043906
0.0246411
0.0126051
0.00606532
0.00297935
0.00133821
0.0060653
0.00297934
0.00133821
0.0439059
0.024641
0.012605
0.000347453
0.000151485
5.99974e-05
6.53575e-05
0.000194271
0.000520546
2.09311e-06
6.82626e-06
2.071e-05
2.09311e-06
6.82624e-06
2.071e-05
6.53573e-05
0.000194271
0.000520545
0.00034745
0.000151484
5.99971e-05
0.000901119
0.002359
0.00560616
0.139781
0.0907061
0.0531626
0.0782304
0.0623411
0.0463595
0.226708
0.168042
0.111459
0.0116827
0.0199224
0.031317
0.00076252
0.00147147
0.00261155
0.0055611
0.0129064
0.027114
0.00924378
0.00661061
0.0043857
0.0164331
0.0342438
0.0642997
0.257692
0.278461
0.290237
0.257692
0.278461
0.290237
0.24478
0.220978
0.188379
0.197566
0.247201
0.280352
0.0731463
0.10841
0.14776
0.0731463
0.10841
0.14776
0.197566
0.247201
0.280352
0.24478
0.220979
0.188379
0.0782304
0.062341
0.0463595
0.139781
0.0907061
0.0531625
0.00924378
0.0066106
0.00438568
0.00556108
0.0129064
0.0271139
0.000762509
0.00147146
0.00261154
0.000901105
0.00235897
0.0056061
0.0116826
0.0199223
0.031317
0.0439058
0.0246409
0.0126049
0.00606524
0.0029793
0.00133819
0.00606525
0.00297931
0.00133819
0.0439058
0.0246409
0.012605
0.000347443
0.00015148
5.9995e-05
6.53551e-05
0.000194265
0.000520533
2.09298e-06
6.8259e-06
2.07091e-05
2.09298e-06
6.82591e-06
2.07091e-05
6.53552e-05
0.000194266
0.000520533
0.000347445
0.00015148
5.99952e-05
0.00090111
0.00235898
0.00560612
0.139782
0.0907063
0.0531627
0.0782308
0.0623413
0.0463597
0.0116827
0.0199223
0.0313171
0.000762513
0.00147147
0.00261156
0.00556112
0.0129064
0.027114
0.00924388
0.00661066
0.00438572
0.00677246
0.00263444
0.000925478
0.000419131
0.00026997
0.000161137
0.00204877
0.000718684
0.000227447
2.05766e-05
7.82246e-05
0.000275964
7.242e-06
4.69522e-06
2.30621e-06
3.59061e-06
1.58293e-05
6.09331e-05
3.36784e-07
5.32895e-07
1.35011e-06
3.69612e-07
1.3887e-06
6.3869e-06
1.98702e-05
4.33011e-05
8.52115e-05
0.000293709
9.2302e-05
2.59986e-05
4.40595e-06
9.39812e-07
1.39396e-07
1.09351e-07
1.5745e-07
1.10584e-07
7.24392e-07
1.41775e-07
2.2168e-08
-1.70036e-08
2.16814e-08
-6.29327e-09
6.18433e-14
2.61216e-14
9.97893e-15
6.50672e-09
-4.72538e-09
1.26323e-08
2.83215e-16
1.00764e-15
3.24242e-15
-3.52737e-09
3.09584e-09
-5.78276e-09
2.48247e-08
1.97823e-08
8.53997e-08
5.53052e-08
8.58369e-09
1.70653e-10
-7.10728e-10
6.66248e-09
-3.15232e-09
-6.29753e-09
4.40136e-09
-4.3108e-09
1.26188e-07
3.45308e-08
2.07397e-08
6.65722e-17
1.52214e-17
3.14772e-18
-6.23078e-10
5.27473e-10
-8.35078e-10
1.37e-20
9.00439e-20
5.35258e-19
5.2601e-11
-4.23938e-11
1.16363e-10
-5.0925e-10
5.64221e-10
-5.58352e-10
-1.53177e-09
8.42029e-10
-8.11514e-10
-1.71422e-09
3.49556e-09
3.20145e-10
8.21565e-06
3.07929e-06
1.1796e-06
1.90842e-05
5.22959e-06
1.40111e-06
1.90786e-08
4.87149e-08
3.09307e-07
-2.89403e-09
3.70348e-09
9.7693e-10
4.71349e-08
8.37636e-08
3.70703e-07
5.83079e-07
1.08075e-07
5.20953e-08
1.63597e-09
4.22805e-09
-2.53512e-09
1.63592e-09
4.22806e-09
-2.53512e-09
5.83078e-07
1.08075e-07
5.20952e-08
-2.03792e-09
1.13492e-09
-1.03676e-09
-1.20373e-09
1.25574e-09
-2.18882e-09
1.15077e-11
1.19379e-11
-4.47275e-12
1.15078e-11
1.19379e-11
-4.47319e-12
-1.20373e-09
1.25574e-09
-2.18882e-09
-2.03791e-09
1.13491e-09
-1.03675e-09
-2.89406e-09
3.7035e-09
9.76841e-10
2.54313e-11
-2.30222e-11
3.44233e-11
6.73159e-11
-1.27875e-11
2.53194e-11
1.68532e-21
2.08594e-22
2.33506e-23
3.1683e-11
-2.74703e-11
5.35543e-11
1.55856e-26
1.89234e-25
2.07802e-24
3.92552e-12
-3.51846e-12
5.0083e-12
3.69839e-11
-3.49871e-11
5.94461e-11
7.08686e-11
-3.74549e-11
3.92344e-11
6.38397e-12
-4.22715e-12
4.10794e-12
6.38397e-12
-4.22715e-12
4.10794e-12
7.08686e-11
-3.74549e-11
3.92344e-11
1.00338e-27
6.72271e-29
4.07378e-30
-4.21438e-13
3.46482e-13
-8.82426e-13
4.16985e-34
9.35274e-33
1.89729e-31
4.16986e-34
9.35276e-33
1.8973e-31
-4.21437e-13
3.46482e-13
-8.82426e-13
1.00339e-27
6.72275e-29
4.0738e-30
3.9255e-12
-3.51844e-12
5.00826e-12
6.73172e-11
-1.27881e-11
2.532e-11
2.5433e-11
-2.30236e-11
3.44241e-11
-1.53175e-09
8.42022e-10
-8.11507e-10
3.69837e-11
-3.4987e-11
5.94458e-11
1.55857e-26
1.89235e-25
2.07803e-24
3.16827e-11
-2.74701e-11
5.35539e-11
1.68532e-21
2.08594e-22
2.33507e-23
5.26016e-11
-4.23945e-11
1.16364e-10
0.00204875
0.000718677
0.000227444
0.000419126
0.000269967
0.000161136
0.00677238
0.0026344
0.000925465
0.000293707
9.23014e-05
2.59984e-05
1.98701e-05
4.33007e-05
8.52106e-05
3.6961e-07
1.38868e-06
6.38685e-06
3.36783e-07
5.3289e-07
1.3501e-06
3.59057e-06
1.58291e-05
6.09324e-05
7.24187e-06
4.69515e-06
2.30618e-06
2.05762e-05
7.82233e-05
0.00027596
1.90841e-05
5.22957e-06
1.4011e-06
8.21559e-06
3.07927e-06
1.17959e-06
4.71347e-08
8.37633e-08
3.70701e-07
-1.71423e-09
3.49558e-09
3.2015e-10
1.90783e-08
4.87148e-08
3.09305e-07
1.26187e-07
3.45309e-08
2.07395e-08
-6.29754e-09
4.40136e-09
-4.31079e-09
-7.10838e-10
6.66242e-09
-3.15235e-09
5.53045e-08
8.58376e-09
1.70521e-10
-5.09245e-10
5.64207e-10
-5.58349e-10
1.37e-20
9.00439e-20
5.35258e-19
-6.23066e-10
5.27463e-10
-8.35056e-10
6.65718e-17
1.52214e-17
3.14771e-18
-3.52734e-09
3.09581e-09
-5.7827e-09
7.24383e-07
1.41773e-07
2.21676e-08
1.0935e-07
1.57449e-07
1.10584e-07
4.40586e-06
9.39795e-07
1.39392e-07
2.48244e-08
1.97821e-08
8.5399e-08
2.83213e-16
1.00763e-15
3.24237e-15
6.50669e-09
-4.72537e-09
1.26322e-08
6.18417e-14
2.61211e-14
9.97875e-15
-1.70034e-08
2.16811e-08
-6.29356e-09
0.000419125
0.000269967
0.000161136
0.00204875
0.000718677
0.000227444
7.24187e-06
4.69516e-06
2.30619e-06
3.59058e-06
1.58292e-05
6.09324e-05
3.36785e-07
5.32894e-07
1.3501e-06
3.69613e-07
1.3887e-06
6.3869e-06
1.98702e-05
4.33009e-05
8.52108e-05
0.000293708
9.23019e-05
2.59986e-05
1.0935e-07
1.57449e-07
1.10584e-07
7.24385e-07
1.41773e-07
2.21677e-08
6.18418e-14
2.61211e-14
9.97879e-15
6.50657e-09
-4.72526e-09
1.26321e-08
2.83217e-16
1.00764e-15
3.2424e-15
-3.52735e-09
3.09582e-09
-5.78271e-09
2.48243e-08
1.97824e-08
8.53989e-08
5.53045e-08
8.58414e-09
1.70252e-10
-7.108e-10
6.66245e-09
-3.15233e-09
-6.29751e-09
4.40137e-09
-4.31079e-09
1.26188e-07
3.45318e-08
2.07394e-08
6.65731e-17
1.52218e-17
3.14781e-18
-6.23049e-10
5.27449e-10
-8.35029e-10
1.37008e-20
9.00482e-20
5.35279e-19
5.26027e-11
-4.23955e-11
1.16366e-10
-5.09232e-10
5.64197e-10
-5.58319e-10
-1.53172e-09
8.42008e-10
-8.11493e-10
-1.71426e-09
3.49564e-09
3.20177e-10
8.21566e-06
3.07931e-06
1.17961e-06
1.90844e-05
5.22965e-06
1.40113e-06
1.90781e-08
4.87165e-08
3.0931e-07
-2.89415e-09
3.70366e-09
9.7682e-10
4.71355e-08
8.37662e-08
3.70708e-07
5.83094e-07
1.08079e-07
5.20959e-08
1.63587e-09
4.22828e-09
-2.53522e-09
1.6361e-09
4.22833e-09
-2.53523e-09
5.83098e-07
1.08082e-07
5.2097e-08
-2.03787e-09
1.13489e-09
-1.03673e-09
-1.2037e-09
1.25571e-09
-2.18876e-09
1.15138e-11
1.19313e-11
-4.46161e-12
1.15144e-11
1.19304e-11
-4.45974e-12
-1.2037e-09
1.25571e-09
-2.18877e-09
-2.03786e-09
1.13488e-09
-1.03672e-09
-2.89417e-09
3.70378e-09
9.77062e-10
2.54397e-11
-2.30264e-11
3.44264e-11
6.73241e-11
-1.27919e-11
2.53234e-11
1.68544e-21
2.08615e-22
2.33536e-23
3.1682e-11
-2.74695e-11
5.35525e-11
1.5589e-26
1.89269e-25
2.07835e-24
3.92529e-12
-3.51825e-12
5.00793e-12
3.69828e-11
-3.49862e-11
5.94446e-11
7.08666e-11
-3.74539e-11
3.92333e-11
6.38353e-12
-4.22689e-12
4.10768e-12
6.38349e-12
-4.22688e-12
4.10767e-12
7.08667e-11
-3.74539e-11
3.92333e-11
1.00363e-27
6.72458e-29
4.07504e-30
-4.21428e-13
3.46476e-13
-8.82404e-13
4.17156e-34
9.35625e-33
1.89794e-31
4.17163e-34
9.3567e-33
1.89809e-31
-4.21428e-13
3.46478e-13
-8.82409e-13
1.0038e-27
6.7255e-29
4.07549e-30
3.92524e-12
-3.5182e-12
5.00784e-12
6.73272e-11
-1.27935e-11
2.53252e-11
2.54412e-11
-2.30288e-11
3.4428e-11
-1.53169e-09
8.41994e-10
-8.11477e-10
3.69828e-11
-3.49863e-11
5.94446e-11
1.55919e-26
1.89309e-25
2.07884e-24
3.16817e-11
-2.74693e-11
5.35522e-11
1.68595e-21
2.08673e-22
2.33597e-23
5.26042e-11
-4.23972e-11
1.16369e-10
0.00204878
0.00071869
0.00022745
0.000419134
0.000269973
0.000161139
0.00677249
0.00263445
0.000925482
0.000293712
9.23037e-05
2.59992e-05
1.98708e-05
4.33021e-05
8.5213e-05
3.69628e-07
1.38876e-06
6.38711e-06
3.36798e-07
5.32919e-07
1.35015e-06
3.59071e-06
1.58296e-05
6.0934e-05
7.24207e-06
4.69529e-06
2.30628e-06
2.05767e-05
7.8225e-05
0.000275965
1.90846e-05
5.22976e-06
1.40117e-06
8.21592e-06
3.07942e-06
1.17965e-06
4.71368e-08
8.37706e-08
3.70722e-07
-1.71427e-09
3.49571e-09
3.20353e-10
1.90788e-08
4.87201e-08
3.09323e-07
1.26192e-07
3.4534e-08
2.07399e-08
-6.29736e-09
4.4014e-09
-4.31076e-09
-7.11004e-10
6.66234e-09
-3.15237e-09
5.53073e-08
8.58506e-09
1.70133e-10
-5.09223e-10
5.64173e-10
-5.58316e-10
1.37048e-20
9.00719e-20
5.35405e-19
-6.2302e-10
5.27423e-10
-8.3498e-10
6.65837e-17
1.52246e-17
3.14846e-18
-3.52733e-09
3.0958e-09
-5.78265e-09
7.24414e-07
1.41779e-07
2.2169e-08
1.09353e-07
1.5745e-07
1.10585e-07
4.40597e-06
9.39817e-07
1.39397e-07
2.48238e-08
1.97825e-08
8.53987e-08
2.83255e-16
1.00775e-15
3.24271e-15
6.50647e-09
-4.72515e-09
1.26321e-08
6.18445e-14
2.61227e-14
9.97956e-15
-1.70036e-08
2.16814e-08
-6.29317e-09
0.000419135
0.000269974
0.000161141
0.0020488
0.000718698
0.000227452
7.24208e-06
4.69532e-06
2.3063e-06
3.59076e-06
1.58299e-05
6.09348e-05
3.36804e-07
5.3293e-07
1.35017e-06
3.69638e-07
1.3888e-06
6.38729e-06
1.98713e-05
4.33029e-05
8.52142e-05
0.000293719
9.23059e-05
2.59999e-05
1.09354e-07
1.5745e-07
1.10586e-07
7.24427e-07
1.41781e-07
2.21698e-08
6.18448e-14
2.6123e-14
9.97977e-15
6.5063e-09
-4.72497e-09
1.26318e-08
2.83271e-16
1.0078e-15
3.24281e-15
-3.52739e-09
3.09586e-09
-5.78272e-09
2.48238e-08
1.97832e-08
8.53989e-08
5.53086e-08
8.58572e-09
1.69856e-10
-7.10873e-10
6.66243e-09
-3.15234e-09
-6.29729e-09
4.40144e-09
-4.31077e-09
1.26195e-07
3.45355e-08
2.07401e-08
6.65882e-17
1.52258e-17
3.14876e-18
-6.23006e-10
5.27411e-10
-8.34957e-10
1.37067e-20
9.00831e-20
5.35464e-19
5.26066e-11
-4.23993e-11
1.16372e-10
-5.09205e-10
5.64162e-10
-5.58274e-10
-1.53166e-09
8.41977e-10
-8.11458e-10
-1.71425e-09
3.49577e-09
3.20541e-10
8.21616e-06
3.07952e-06
1.1797e-06
1.90853e-05
5.22996e-06
1.40123e-06
1.90791e-08
4.87232e-08
3.09336e-07
-2.89413e-09
3.70385e-09
9.77463e-10
4.71379e-08
8.3776e-08
3.70737e-07
5.83121e-07
1.0809e-07
5.20983e-08
1.63656e-09
4.22841e-09
-2.53515e-09
1.63654e-09
4.22842e-09
-2.53515e-09
5.83121e-07
1.0809e-07
5.20983e-08
-2.0378e-09
1.13485e-09
-1.03669e-09
-1.20367e-09
1.25568e-09
-2.18872e-09
1.15173e-11
1.19273e-11
-4.45582e-12
1.15175e-11
1.19271e-11
-4.45515e-12
-1.20367e-09
1.25568e-09
-2.18872e-09
-2.0378e-09
1.13485e-09
-1.03669e-09
-2.89415e-09
3.70387e-09
9.77439e-10
2.54464e-11
-2.3031e-11
3.44298e-11
6.73297e-11
-1.27954e-11
2.53268e-11
1.6862e-21
2.08706e-22
2.33635e-23
3.16811e-11
-2.74688e-11
5.35512e-11
1.55948e-26
1.89343e-25
2.0792e-24
3.92511e-12
-3.51809e-12
5.00765e-12
3.69822e-11
-3.49857e-11
5.94436e-11
7.08655e-11
-3.74534e-11
3.92327e-11
6.38326e-12
-4.22673e-12
4.10752e-12
6.38324e-12
-4.22672e-12
4.10751e-12
7.08656e-11
-3.74534e-11
3.92328e-11
1.00399e-27
6.72681e-29
4.07631e-30
-4.21435e-13
3.46484e-13
-8.82413e-13
4.17255e-34
9.35871e-33
1.89848e-31
4.17255e-34
9.35871e-33
1.89848e-31
-4.2144e-13
3.46487e-13
-8.82418e-13
1.00399e-27
6.72683e-29
4.07632e-30
3.92508e-12
-3.51807e-12
5.00761e-12
6.73312e-11
-1.27962e-11
2.53277e-11
2.54482e-11
-2.30322e-11
3.44307e-11
-1.53166e-09
8.41977e-10
-8.11457e-10
3.69822e-11
-3.49858e-11
5.94437e-11
1.55949e-26
1.89344e-25
2.07921e-24
3.16812e-11
-2.74689e-11
5.35513e-11
1.68623e-21
2.08709e-22
2.33638e-23
5.26067e-11
-4.23995e-11
1.16373e-10
0.0020488
0.000718698
0.000227452
0.000419135
0.000269975
0.000161141
0.00677249
0.00263445
0.000925482
0.000293719
9.2306e-05
2.6e-05
1.98713e-05
4.33029e-05
8.52143e-05
3.69639e-07
1.38881e-06
6.3873e-06
3.36805e-07
5.32932e-07
1.35018e-06
3.59077e-06
1.58299e-05
6.09349e-05
7.24208e-06
4.69532e-06
2.30631e-06
2.05767e-05
7.8225e-05
0.000275965
1.90853e-05
5.22996e-06
1.40123e-06
8.21617e-06
3.07953e-06
1.1797e-06
4.71379e-08
8.37762e-08
3.70737e-07
-1.71426e-09
3.49578e-09
3.20545e-10
1.90791e-08
4.87234e-08
3.09336e-07
1.26195e-07
3.45357e-08
2.07401e-08
-6.29727e-09
4.40143e-09
-4.31076e-09
-7.10923e-10
6.66239e-09
-3.15235e-09
5.53088e-08
8.58578e-09
1.69868e-10
-5.09207e-10
5.64159e-10
-5.58281e-10
1.3707e-20
9.00847e-20
5.35473e-19
-6.23003e-10
5.27409e-10
-8.34952e-10
6.65892e-17
1.5226e-17
3.14881e-18
-3.52736e-09
3.09583e-09
-5.78268e-09
7.24428e-07
1.41782e-07
2.21698e-08
1.09354e-07
1.5745e-07
1.10586e-07
4.40597e-06
9.39817e-07
1.39398e-07
2.48237e-08
1.97831e-08
8.53987e-08
2.83274e-16
1.00781e-15
3.24284e-15
6.50629e-09
-4.72497e-09
1.26319e-08
6.18448e-14
2.61231e-14
9.97984e-15
-1.70036e-08
2.16814e-08
-6.29315e-09
0.000419134
0.000269973
0.00016114
0.00204879
0.000718693
0.00022745
7.24207e-06
4.6953e-06
2.30628e-06
3.59072e-06
1.58297e-05
6.09343e-05
3.36799e-07
5.32921e-07
1.35016e-06
3.69631e-07
1.38877e-06
6.38718e-06
1.9871e-05
4.33024e-05
8.52134e-05
0.000293716
9.23048e-05
2.59995e-05
1.09353e-07
1.5745e-07
1.10586e-07
7.24417e-07
1.4178e-07
2.21691e-08
6.18445e-14
2.61227e-14
9.97956e-15
6.50639e-09
-4.72507e-09
1.2632e-08
2.83255e-16
1.00775e-15
3.24271e-15
-3.52736e-09
3.09583e-09
-5.78269e-09
2.48238e-08
1.97828e-08
8.53988e-08
5.53075e-08
8.58524e-09
1.70008e-10
-7.10925e-10
6.6624e-09
-3.15235e-09
-6.29736e-09
4.40142e-09
-4.31078e-09
1.26193e-07
3.45344e-08
2.07398e-08
6.65837e-17
1.52246e-17
3.14846e-18
-6.23019e-10
5.27422e-10
-8.34978e-10
1.37048e-20
9.00719e-20
5.35405e-19
5.26054e-11
-4.23982e-11
1.16371e-10
-5.09217e-10
5.64174e-10
-5.58298e-10
-1.53168e-09
8.41988e-10
-8.1147e-10
-1.71431e-09
3.49575e-09
3.20326e-10
8.21602e-06
3.07946e-06
1.17967e-06
1.90851e-05
5.22987e-06
1.4012e-06
1.90787e-08
4.87214e-08
3.09328e-07
-2.8942e-09
3.70386e-09
9.77152e-10
4.71373e-08
8.37733e-08
3.70729e-07
5.83116e-07
1.08087e-07
5.20976e-08
1.63622e-09
4.2284e-09
-2.53525e-09
1.63603e-09
4.22834e-09
-2.53523e-09
5.83112e-07
1.08084e-07
5.20966e-08
-2.03784e-09
1.13487e-09
-1.03671e-09
-1.20369e-09
1.25571e-09
-2.18876e-09
1.15153e-11
1.19295e-11
-4.45812e-12
1.15143e-11
1.19307e-11
-4.46114e-12
-1.2037e-09
1.2557e-09
-2.18875e-09
-2.03786e-09
1.13488e-09
-1.03672e-09
-2.89413e-09
3.70368e-09
9.77014e-10
2.54441e-11
-2.30302e-11
3.44294e-11
6.73294e-11
-1.27949e-11
2.53265e-11
1.68595e-21
2.08673e-22
2.33597e-23
3.16817e-11
-2.74693e-11
5.35522e-11
1.55919e-26
1.89309e-25
2.07884e-24
3.92521e-12
-3.51818e-12
5.0078e-12
3.69828e-11
-3.49863e-11
5.94445e-11
7.08667e-11
-3.74539e-11
3.92333e-11
6.38346e-12
-4.22686e-12
4.10766e-12
6.38353e-12
-4.22689e-12
4.10768e-12
7.08664e-11
-3.74539e-11
3.92333e-11
1.0038e-27
6.7255e-29
4.07549e-30
-4.21431e-13
3.4648e-13
-8.82412e-13
4.17163e-34
9.3567e-33
1.89809e-31
4.17156e-34
9.35625e-33
1.89794e-31
-4.21427e-13
3.46476e-13
-8.82403e-13
1.00363e-27
6.72458e-29
4.07504e-30
3.9253e-12
-3.51826e-12
5.00794e-12
6.73232e-11
-1.27915e-11
2.53229e-11
2.54382e-11
-2.30256e-11
3.44257e-11
-1.53171e-09
8.42003e-10
-8.11488e-10
3.69828e-11
-3.49862e-11
5.94445e-11
1.5589e-26
1.89269e-25
2.07835e-24
3.16819e-11
-2.74694e-11
5.35523e-11
1.68544e-21
2.08615e-22
2.33536e-23
5.26015e-11
-4.23945e-11
1.16363e-10
0.00204876
0.000718681
0.000227446
0.000419126
0.000269968
0.000161136
0.00677238
0.0026344
0.000925465
0.000293712
9.23032e-05
2.59989e-05
1.98704e-05
4.33013e-05
8.52114e-05
3.69616e-07
1.38871e-06
6.38698e-06
3.36786e-07
5.32897e-07
1.35011e-06
3.5906e-06
1.58292e-05
6.09328e-05
7.24187e-06
4.69516e-06
2.3062e-06
2.05762e-05
7.82233e-05
0.00027596
1.90849e-05
5.22977e-06
1.40116e-06
8.21578e-06
3.07936e-06
1.17963e-06
4.71362e-08
8.3769e-08
3.70716e-07
-1.71424e-09
3.49563e-09
3.20243e-10
1.90782e-08
4.87178e-08
3.09316e-07
1.26188e-07
3.45321e-08
2.07394e-08
-6.29742e-09
4.40135e-09
-4.31076e-09
-7.10594e-10
6.66249e-09
-3.15226e-09
5.5305e-08
8.58428e-09
1.70196e-10
-5.09228e-10
5.642e-10
-5.58301e-10
1.37008e-20
9.00482e-20
5.35279e-19
-6.2305e-10
5.2745e-10
-8.35032e-10
6.65731e-17
1.52218e-17
3.14781e-18
-3.52736e-09
3.09583e-09
-5.78273e-09
7.24388e-07
1.41774e-07
2.21677e-08
1.09351e-07
1.57449e-07
1.10585e-07
4.40586e-06
9.39794e-07
1.39392e-07
2.48244e-08
1.97829e-08
8.53991e-08
2.83217e-16
1.00764e-15
3.2424e-15
6.5064e-09
-4.72511e-09
1.26318e-08
6.18418e-14
2.61211e-14
9.97879e-15
-1.70034e-08
2.16811e-08
-6.29359e-09
0.000419126
0.000269967
0.000161136
0.00204875
0.000718677
0.000227444
7.24187e-06
4.69515e-06
2.30618e-06
3.59057e-06
1.58291e-05
6.09324e-05
3.36783e-07
5.32891e-07
1.3501e-06
3.69609e-07
1.38868e-06
6.38685e-06
1.98701e-05
4.33007e-05
8.52106e-05
0.000293707
9.23014e-05
2.59984e-05
1.0935e-07
1.57449e-07
1.10584e-07
7.24382e-07
1.41773e-07
2.21675e-08
6.18417e-14
2.61211e-14
9.97875e-15
6.50667e-09
-4.72535e-09
1.26322e-08
2.83213e-16
1.00763e-15
3.24237e-15
-3.52733e-09
3.0958e-09
-5.78268e-09
2.48244e-08
1.97821e-08
8.5399e-08
5.53045e-08
8.58376e-09
1.70525e-10
-7.10816e-10
6.66241e-09
-3.15234e-09
-6.29752e-09
4.40135e-09
-4.31078e-09
1.26187e-07
3.45309e-08
2.07395e-08
6.65718e-17
1.52214e-17
3.14771e-18
-6.23065e-10
5.27462e-10
-8.35056e-10
1.37e-20
9.00439e-20
5.35258e-19
5.26013e-11
-4.23942e-11
1.16363e-10
-5.09245e-10
5.64207e-10
-5.58349e-10
-1.53175e-09
8.42021e-10
-8.11506e-10
-1.71422e-09
3.49557e-09
3.20171e-10
8.21559e-06
3.07927e-06
1.17959e-06
1.90841e-05
5.22957e-06
1.4011e-06
1.90782e-08
4.87149e-08
3.09305e-07
-2.89405e-09
3.70349e-09
9.7686e-10
4.71347e-08
8.37633e-08
3.70701e-07
5.83078e-07
1.08075e-07
5.20952e-08
1.63593e-09
4.22806e-09
-2.53512e-09
1.63596e-09
4.22805e-09
-2.53512e-09
5.83079e-07
1.08075e-07
5.20953e-08
-2.03791e-09
1.13491e-09
-1.03675e-09
-1.20373e-09
1.25573e-09
-2.18881e-09
1.15077e-11
1.1938e-11
-4.47349e-12
1.15077e-11
1.1938e-11
-4.47272e-12
-1.20373e-09
1.25574e-09
-2.18882e-09
-2.03792e-09
1.13492e-09
-1.03676e-09
-2.89404e-09
3.70348e-09
9.76927e-10
2.54324e-11
-2.30233e-11
3.44237e-11
6.73166e-11
-1.27879e-11
2.53197e-11
1.68532e-21
2.08594e-22
2.33507e-23
3.16827e-11
-2.74701e-11
5.35538e-11
1.55857e-26
1.89235e-25
2.07803e-24
3.9255e-12
-3.51844e-12
5.00827e-12
3.69837e-11
-3.4987e-11
5.94457e-11
7.08685e-11
-3.74548e-11
3.92343e-11
6.38397e-12
-4.22715e-12
4.10794e-12
6.38396e-12
-4.22715e-12
4.10794e-12
7.08685e-11
-3.74549e-11
3.92344e-11
1.00339e-27
6.72275e-29
4.0738e-30
-4.21435e-13
3.46481e-13
-8.82424e-13
4.16986e-34
9.35276e-33
1.8973e-31
4.16985e-34
9.35274e-33
1.89729e-31
-4.21437e-13
3.46482e-13
-8.82425e-13
1.00338e-27
6.72271e-29
4.07378e-30
3.92552e-12
-3.51846e-12
5.0083e-12
6.7316e-11
-1.27876e-11
2.53195e-11
2.54317e-11
-2.30224e-11
3.44234e-11
-1.53177e-09
8.42028e-10
-8.11514e-10
3.69838e-11
-3.49871e-11
5.9446e-11
1.55856e-26
1.89234e-25
2.07802e-24
3.1683e-11
-2.74703e-11
5.35543e-11
1.68532e-21
2.08594e-22
2.33506e-23
5.26011e-11
-4.23939e-11
1.16363e-10
0.00204877
0.000718684
0.000227447
0.000419131
0.00026997
0.000161137
0.000293709
9.2302e-05
2.59986e-05
1.98702e-05
4.33011e-05
8.52115e-05
3.69612e-07
1.3887e-06
6.3869e-06
3.36784e-07
5.32895e-07
1.35011e-06
3.59061e-06
1.58293e-05
6.09331e-05
7.242e-06
4.69522e-06
2.30621e-06
1.90842e-05
5.22959e-06
1.40111e-06
8.21565e-06
3.07929e-06
1.1796e-06
4.71349e-08
8.37636e-08
3.70703e-07
-1.71423e-09
3.49557e-09
3.20142e-10
1.90786e-08
4.87149e-08
3.09307e-07
1.26188e-07
3.45308e-08
2.07397e-08
-6.29754e-09
4.40136e-09
-4.3108e-09
-7.1073e-10
6.66248e-09
-3.15232e-09
5.53052e-08
8.58369e-09
1.70654e-10
-5.09251e-10
5.64221e-10
-5.58352e-10
1.37e-20
9.00439e-20
5.35258e-19
-6.23078e-10
5.27473e-10
-8.35078e-10
6.65722e-17
1.52214e-17
3.14772e-18
-3.52737e-09
3.09584e-09
-5.78276e-09
7.24392e-07
1.41775e-07
2.2168e-08
1.09351e-07
1.5745e-07
1.10584e-07
2.48247e-08
1.97823e-08
8.53997e-08
2.83215e-16
1.00764e-15
3.24242e-15
6.50672e-09
-4.72538e-09
1.26323e-08
6.18433e-14
2.61216e-14
9.97893e-15
0.136094
0.176736
0.231597
0.176736
0.216791
0.261005
0.231597
0.261005
0.285139
0.277432
0.290046
0.26791
0.288542
0.283251
0.248043
0.288148
0.26359
0.217475
0.266789
0.227025
0.175841
0.227025
0.181407
0.132686
0.175841
0.132686
0.0919738
0.277432
0.288542
0.288148
0.290046
0.283251
0.26359
0.26791
0.248043
0.217475
0.21653
0.157397
0.102461
0.19087
0.133027
0.0832707
0.158476
0.10546
0.0632648
0.0580023
0.0303462
0.0143189
0.0453268
0.0228848
0.0104308
0.0330143
0.0160465
0.00705108
0.0217937
0.0101611
0.00428847
0.0135644
0.00607238
0.00246559
0.00777729
0.00334361
0.00130461
0.120794
0.076418
0.0437459
0.0862755
0.0520186
0.0284737
0.0567137
0.0326209
0.0170758
0.0331524
0.0181684
0.0090804
0.0181684
0.00952349
0.00456005
0.00908039
0.00456004
0.00209364
0.00394631
0.00162462
0.000608434
0.0018959
0.000750086
0.000269627
0.000834016
0.000316747
0.000109723
0.000317576
0.000115677
3.84606e-05
0.000115677
4.0656e-05
1.29205e-05
3.84606e-05
1.29205e-05
4.00819e-06
0.0039463
0.0018959
0.000834015
0.00162461
0.000750085
0.000316747
0.000608432
0.000269626
0.000109722
0.216529
0.19087
0.158476
0.157397
0.133027
0.105459
0.10246
0.0832703
0.0632645
0.120794
0.0862754
0.0567136
0.0764178
0.0520185
0.0326209
0.0437458
0.0284736
0.0170758
0.0217936
0.0135643
0.00777726
0.010161
0.00607235
0.0033436
0.00428844
0.00246557
0.0013046
0.058002
0.0453266
0.0330141
0.030346
0.0228847
0.0160464
0.0143188
0.0104307
0.00705103
0.136094
0.176736
0.231597
0.176736
0.216792
0.261005
0.231597
0.261005
0.285139
0.277432
0.290046
0.26791
0.288542
0.283251
0.248043
0.288148
0.26359
0.217475
0.266789
0.227025
0.175841
0.227025
0.181406
0.132686
0.175841
0.132686
0.0919737
0.277432
0.288542
0.288148
0.290046
0.283251
0.26359
0.26791
0.248043
0.217475
0.216529
0.157397
0.10246
0.19087
0.133027
0.0832702
0.158475
0.105459
0.0632644
0.058002
0.0303459
0.0143188
0.0453265
0.0228847
0.0104307
0.0330141
0.0160464
0.00705102
0.0217936
0.010161
0.00428844
0.0135643
0.00607235
0.00246558
0.00777726
0.0033436
0.00130461
0.120793
0.0764177
0.0437457
0.0862753
0.0520184
0.0284735
0.0567136
0.0326209
0.0170758
0.0331524
0.0181684
0.00908039
0.0181685
0.00952349
0.00456005
0.00908041
0.00456006
0.00209365
0.0039463
0.00162462
0.000608434
0.0018959
0.000750088
0.000269628
0.000834019
0.000316749
0.000109723
0.000317578
0.000115678
3.84611e-05
0.000115678
4.06566e-05
1.29207e-05
3.84612e-05
1.29207e-05
4.00828e-06
0.00394632
0.00189591
0.000834021
0.00162463
0.000750092
0.00031675
0.000608439
0.00026963
0.000109724
0.21653
0.19087
0.158476
0.157397
0.133027
0.10546
0.102461
0.0832707
0.0632648
0.120794
0.0862754
0.0567136
0.076418
0.0520186
0.0326209
0.0437459
0.0284737
0.0170759
0.0217937
0.0135644
0.0077773
0.0101611
0.0060724
0.00334363
0.00428849
0.0024656
0.00130462
0.0580024
0.0453269
0.0330143
0.0303463
0.0228849
0.0160466
0.014319
0.0104308
0.00705111
0.136094
0.176736
0.231597
0.176736
0.216791
0.261005
0.231597
0.261005
0.285139
0.277432
0.290046
0.26791
0.288542
0.283252
0.248043
0.288148
0.263591
0.217476
0.266789
0.227025
0.175842
0.227025
0.181407
0.132687
0.175842
0.132687
0.0919746
0.277432
0.288542
0.288148
0.290046
0.283252
0.263591
0.26791
0.248043
0.217476
0.21653
0.157397
0.102461
0.190871
0.133028
0.083271
0.158476
0.10546
0.0632651
0.0580025
0.0303463
0.014319
0.0453271
0.022885
0.0104309
0.0330145
0.0160467
0.00705116
0.0217939
0.0101612
0.00428854
0.0135646
0.00607249
0.00246564
0.00777743
0.00334369
0.00130464
0.120794
0.0764185
0.0437463
0.0862762
0.0520191
0.028474
0.0567142
0.0326214
0.0170761
0.0331529
0.0181687
0.00908057
0.0181687
0.00952368
0.00456015
0.00908057
0.00456015
0.0020937
0.0039464
0.00162466
0.000608453
0.00189595
0.00075011
0.000269637
0.000834043
0.000316759
0.000109727
0.000317588
0.000115682
3.84625e-05
0.000115682
4.0658e-05
1.29212e-05
3.84625e-05
1.29212e-05
4.00844e-06
0.0039464
0.00189595
0.000834043
0.00162466
0.00075011
0.000316759
0.000608453
0.000269637
0.000109727
0.21653
0.190871
0.158476
0.157397
0.133028
0.10546
0.102461
0.083271
0.0632651
0.120794
0.0862762
0.0567142
0.0764185
0.0520191
0.0326214
0.0437463
0.028474
0.0170761
0.0217939
0.0135646
0.00777743
0.0101612
0.00607249
0.00334369
0.00428854
0.00246564
0.00130464
0.0580025
0.0453271
0.0330145
0.0303463
0.022885
0.0160467
0.014319
0.0104309
0.00705116
0.136094
0.176736
0.231597
0.176736
0.216792
0.261005
0.231597
0.261005
0.285139
0.277432
0.290046
0.26791
0.288542
0.283251
0.248043
0.288148
0.26359
0.217475
0.266789
0.227025
0.175841
0.227025
0.181407
0.132686
0.175841
0.132686
0.0919739
0.277432
0.288542
0.288148
0.290046
0.283251
0.26359
0.26791
0.248043
0.217475
0.21653
0.157397
0.102461
0.19087
0.133028
0.0832708
0.158476
0.10546
0.0632649
0.0580024
0.0303463
0.014319
0.0453269
0.0228849
0.0104308
0.0330144
0.0160466
0.00705113
0.0217938
0.0101612
0.00428851
0.0135645
0.00607244
0.00246562
0.00777736
0.00334365
0.00130463
0.120794
0.0764181
0.043746
0.0862756
0.0520187
0.0284738
0.0567138
0.0326211
0.0170759
0.0331525
0.0181686
0.00908048
0.0181685
0.00952357
0.0045601
0.00908046
0.0045601
0.00209367
0.00394636
0.00162465
0.000608447
0.00189593
0.000750102
0.000269634
0.000834033
0.000316755
0.000109726
0.000317584
0.000115681
3.84621e-05
0.000115681
4.06575e-05
1.29211e-05
3.8462e-05
1.29211e-05
4.00841e-06
0.00394634
0.00189592
0.000834032
0.00162464
0.000750099
0.000316754
0.000608443
0.000269632
0.000109726
0.216529
0.19087
0.158475
0.157397
0.133027
0.105459
0.10246
0.0832703
0.0632646
0.120794
0.0862755
0.0567138
0.0764179
0.0520186
0.032621
0.0437458
0.0284737
0.0170759
0.0217937
0.0135644
0.00777732
0.0101611
0.0060724
0.00334363
0.00428847
0.0024656
0.00130462
0.058002
0.0453266
0.0330142
0.030346
0.0228847
0.0160465
0.0143188
0.0104307
0.00705105
0.136094
0.176736
0.231597
0.176736
0.216791
0.261005
0.231597
0.261005
0.285139
0.277432
0.290046
0.26791
0.288542
0.283251
0.248043
0.288148
0.26359
0.217475
0.266789
0.227025
0.175841
0.227025
0.181407
0.132686
0.175841
0.132686
0.0919738
0.277432
0.288542
0.288148
0.290046
0.283251
0.26359
0.26791
0.248043
0.217475
0.216529
0.157397
0.10246
0.19087
0.133027
0.0832703
0.158476
0.105459
0.0632645
0.058002
0.030346
0.0143188
0.0453266
0.0228847
0.0104307
0.0330141
0.0160464
0.00705103
0.0217936
0.010161
0.00428844
0.0135643
0.00607235
0.00246557
0.00777726
0.0033436
0.0013046
0.120794
0.0764178
0.0437458
0.0862754
0.0520185
0.0284736
0.0567136
0.0326209
0.0170758
0.0331524
0.0181684
0.00908039
0.0181684
0.00952349
0.00456004
0.0090804
0.00456005
0.00209364
0.0039463
0.00162461
0.000608432
0.0018959
0.000750085
0.000269626
0.000834015
0.000316747
0.000109722
0.000317576
0.000115677
3.84605e-05
0.000115677
4.0656e-05
1.29205e-05
3.84606e-05
1.29205e-05
4.00819e-06
0.00394631
0.0018959
0.000834016
0.00162462
0.000750086
0.000316747
0.000608434
0.000269627
0.000109723
0.21653
0.19087
0.158476
0.157397
0.133027
0.10546
0.102461
0.0832707
0.0632648
0.120794
0.0862755
0.0567137
0.076418
0.0520186
0.0326209
0.0437459
0.0284737
0.0170758
0.0217937
0.0135644
0.00777729
0.0101611
0.00607238
0.00334361
0.00428847
0.00246559
0.00130461
0.0580023
0.0453268
0.0330143
0.0303462
0.0228848
0.0160465
0.0143189
0.0104308
0.00705108
0.00579378
0.00221704
0.000765162
0.00407356
0.00150684
0.000503854
0.00265169
0.000947908
0.000305722
0.000224193
6.27015e-05
1.60531e-05
0.000142604
3.86272e-05
9.49488e-06
8.39251e-05
2.18026e-05
5.34212e-06
4.36887e-05
1.10017e-05
2.52869e-06
2.16195e-05
5.26921e-06
1.17502e-06
9.80619e-06
2.33499e-06
4.66711e-07
0.00154892
0.00053234
0.000166012
0.000855156
0.000283761
8.49482e-05
0.00043528
0.000138748
4.03454e-05
3.45897e-06
6.8775e-07
1.3259e-07
1.83054e-06
4.70672e-07
-1.33099e-08
1.00565e-06
2.28921e-07
-5.92268e-10
-3.09687e-10
1.35708e-08
-1.01305e-08
-1.71528e-09
9.3112e-09
-7.99417e-09
-1.74885e-08
1.28928e-08
-1.31327e-08
-4.79684e-09
4.862e-09
-5.12192e-09
-1.82046e-09
1.60598e-09
-1.59651e-09
3.31062e-10
4.48921e-10
-5.10113e-10
3.93832e-07
1.43924e-07
-3.96795e-08
2.06971e-07
4.72441e-08
-2.12748e-09
5.04118e-08
3.70295e-08
-1.87699e-08
2.65172e-08
8.74085e-09
-1.86857e-09
4.40773e-09
5.25756e-09
-3.49425e-09
4.64165e-09
5.08064e-11
9.06784e-10
1.93423e-09
-8.69683e-10
1.00443e-09
-9.95332e-10
6.13937e-10
-7.21621e-10
1.01972e-09
-5.3597e-10
6.17005e-10
-3.22768e-11
1.07876e-11
-1.79249e-11
2.46542e-11
-2.32976e-12
3.33034e-12
-4.68269e-12
-4.61135e-12
2.15507e-12
2.15073e-09
-4.56944e-10
6.1031e-10
-8.74643e-10
6.10299e-10
-5.56469e-10
1.00198e-09
-4.67562e-10
4.73687e-10
0.000194315
5.96389e-05
1.65694e-05
8.27822e-05
2.44675e-05
6.57557e-06
3.22898e-05
9.21408e-06
2.35408e-06
3.84674e-06
9.18381e-07
1.50429e-07
1.50387e-06
3.18075e-07
7.15934e-08
4.93166e-07
1.23977e-07
7.8424e-09
1.52359e-07
3.3069e-08
5.12066e-09
4.58108e-08
8.87149e-09
1.32328e-09
1.0591e-08
2.85142e-09
1.23062e-10
1.07945e-05
3.00126e-06
7.11875e-07
3.55464e-06
9.18416e-07
2.34689e-07
1.00257e-06
2.80714e-07
4.49358e-08
2.56032e-07
6.5844e-08
1.27525e-08
6.5844e-08
1.49496e-08
3.41278e-09
1.27525e-08
3.41276e-09
5.40719e-10
5.55833e-09
-1.02549e-09
1.6421e-09
-9.2446e-10
9.45343e-10
-8.39126e-10
1.59326e-09
-7.93679e-10
8.23676e-10
3.10109e-10
-1.6628e-10
1.48084e-10
-1.6628e-10
1.01362e-10
-8.88936e-11
1.48084e-10
-8.88937e-11
7.55713e-11
5.55832e-09
-9.24459e-10
1.59325e-09
-1.02549e-09
9.45341e-10
-7.93676e-10
1.6421e-09
-8.39124e-10
8.23673e-10
1.67523e-10
-1.04037e-10
9.57433e-11
-8.17786e-11
5.79852e-11
-5.04353e-11
6.34862e-11
-4.64179e-11
3.94444e-11
-5.44762e-11
2.47714e-11
-2.88938e-11
3.32388e-11
-1.54396e-11
1.7906e-11
-3.32708e-11
1.58931e-11
-1.85833e-11
-9.27531e-12
5.41775e-12
-6.06951e-12
5.97146e-12
-3.44133e-12
3.8703e-12
-5.83718e-12
3.45714e-12
-3.90217e-12
-6.79433e-11
3.2217e-11
-3.49169e-11
3.74827e-11
-1.77654e-11
1.95339e-11
-4.14186e-11
2.01573e-11
-2.18525e-11
-1.17823e-11
7.09343e-12
-7.14064e-12
7.09342e-12
-4.17707e-12
4.25247e-12
-7.14064e-12
4.25247e-12
-4.30554e-12
5.16042e-13
-7.23126e-14
1.0868e-13
-1.3705e-13
-3.76605e-14
2.60904e-14
2.10786e-13
8.50662e-16
1.758e-14
2.88091e-13
-1.52568e-13
1.76379e-13
-1.52568e-13
7.75874e-14
-8.99898e-14
1.76379e-13
-8.99898e-14
1.04189e-13
5.1604e-13
-1.3705e-13
2.10787e-13
-7.23114e-14
-3.76605e-14
8.50579e-16
1.08677e-13
2.60907e-14
1.75797e-14
1.67519e-10
-8.17763e-11
6.34843e-11
-1.04035e-10
5.79839e-11
-4.64168e-11
9.57413e-11
-5.0434e-11
3.94433e-11
-6.79431e-11
3.74827e-11
-4.14186e-11
3.22168e-11
-1.77654e-11
2.01572e-11
-3.49168e-11
1.95339e-11
-2.18525e-11
-9.27524e-12
5.97142e-12
-5.83714e-12
5.41771e-12
-3.44131e-12
3.45712e-12
-6.06945e-12
3.87027e-12
-3.90214e-12
-5.4476e-11
3.32388e-11
-3.32707e-11
2.47713e-11
-1.54396e-11
1.5893e-11
-2.88937e-11
1.7906e-11
-1.85832e-11
0.00579372
0.00407352
0.00265166
0.00221701
0.00150682
0.000947898
0.000765152
0.000503848
0.000305719
0.00154891
0.00085515
0.000435277
0.000532336
0.000283759
0.000138747
0.00016601
8.49475e-05
4.0345e-05
4.36882e-05
2.16193e-05
9.80611e-06
1.10016e-05
5.26916e-06
2.33497e-06
2.52866e-06
1.175e-06
4.66706e-07
0.000224189
0.000142602
8.39241e-05
6.27005e-05
3.86267e-05
2.18023e-05
1.60528e-05
9.49474e-06
5.34205e-06
0.000194314
8.27818e-05
3.22897e-05
5.96386e-05
2.44674e-05
9.21403e-06
1.65693e-05
6.57553e-06
2.35407e-06
1.07945e-05
3.55463e-06
1.00257e-06
3.00125e-06
9.18413e-07
2.80713e-07
7.11872e-07
2.34688e-07
4.49356e-08
1.52358e-07
4.58105e-08
1.0591e-08
3.30688e-08
8.87148e-09
2.85139e-09
5.12064e-09
1.32324e-09
1.23073e-10
3.84671e-06
1.50386e-06
4.93163e-07
9.18375e-07
3.18073e-07
1.23977e-07
1.50428e-07
7.15928e-08
7.84231e-09
2.6517e-08
4.40762e-09
4.64166e-09
8.74077e-09
5.25756e-09
5.07813e-11
-1.86852e-09
-3.49425e-09
9.06807e-10
2.15072e-09
-8.74637e-10
1.00197e-09
-4.56939e-10
6.10294e-10
-4.67559e-10
6.10305e-10
-5.56463e-10
4.73684e-10
-3.22759e-11
2.46571e-11
-4.68332e-12
1.07872e-11
-2.33126e-12
-4.61098e-12
-1.79245e-11
3.33193e-12
2.15468e-12
1.93425e-09
-9.95307e-10
1.01972e-09
-8.69693e-10
6.13924e-10
-5.35971e-10
1.00444e-09
-7.21607e-10
6.17005e-10
3.45891e-06
1.83051e-06
1.00563e-06
6.87738e-07
4.70665e-07
2.28918e-07
1.32587e-07
-1.33107e-08
-5.92882e-10
3.93827e-07
2.06969e-07
5.04111e-08
1.43923e-07
4.72438e-08
3.70293e-08
-3.96795e-08
-2.12758e-09
-1.87698e-08
-4.79671e-09
-1.8204e-09
3.31131e-10
4.86191e-09
1.60594e-09
4.48883e-10
-5.12183e-09
-1.59648e-09
-5.10074e-10
-3.09906e-10
-1.71526e-09
-1.74884e-08
1.35706e-08
9.31105e-09
1.28927e-08
-1.01304e-08
-7.99405e-09
-1.31326e-08
0.00579372
0.00221701
0.000765152
0.00407351
0.00150682
0.000503847
0.00265166
0.000947898
0.000305719
0.000224189
6.27005e-05
1.60528e-05
0.000142602
3.86267e-05
9.49474e-06
8.39241e-05
2.18023e-05
5.34206e-06
4.36883e-05
1.10016e-05
2.52866e-06
2.16194e-05
5.26918e-06
1.17501e-06
9.80617e-06
2.33498e-06
4.66709e-07
0.00154891
0.000532336
0.000166011
0.000855151
0.000283759
8.49477e-05
0.000435279
0.000138747
4.03453e-05
3.45891e-06
6.87738e-07
1.32587e-07
1.83051e-06
4.70666e-07
-1.33109e-08
1.00564e-06
2.28919e-07
-5.93094e-10
-3.09942e-10
1.35706e-08
-1.01304e-08
-1.71517e-09
9.31103e-09
-7.99403e-09
-1.74884e-08
1.28927e-08
-1.31326e-08
-4.79661e-09
4.86187e-09
-5.12179e-09
-1.82046e-09
1.60598e-09
-1.59652e-09
3.31164e-10
4.48868e-10
-5.10056e-10
3.93828e-07
1.43924e-07
-3.96794e-08
2.0697e-07
4.72442e-08
-2.12768e-09
5.0412e-08
3.70294e-08
-1.87698e-08
2.65175e-08
8.74079e-09
-1.86848e-09
4.40772e-09
5.25764e-09
-3.49429e-09
4.64179e-09
5.07699e-11
9.06826e-10
1.93421e-09
-8.69676e-10
1.00443e-09
-9.95296e-10
6.1392e-10
-7.21602e-10
1.0197e-09
-5.35961e-10
6.16994e-10
-3.22812e-11
1.07901e-11
-1.79278e-11
2.46591e-11
-2.33229e-12
3.33311e-12
-4.68571e-12
-4.60973e-12
2.15329e-12
2.15071e-09
-4.56921e-10
6.1029e-10
-8.74618e-10
6.10291e-10
-5.56458e-10
1.00196e-09
-4.67553e-10
4.73677e-10
0.000194315
5.9639e-05
1.65694e-05
8.27825e-05
2.44676e-05
6.57561e-06
3.229e-05
9.21416e-06
2.3541e-06
3.84674e-06
9.18384e-07
1.5043e-07
1.50388e-06
3.18078e-07
7.15936e-08
4.93172e-07
1.23979e-07
7.84286e-09
1.52362e-07
3.30695e-08
5.12087e-09
4.58116e-08
8.87182e-09
1.32323e-09
1.05915e-08
2.85141e-09
1.23146e-10
1.07947e-05
3.0013e-06
7.11887e-07
3.55471e-06
9.18435e-07
2.34693e-07
1.0026e-06
2.80721e-07
4.49374e-08
2.56042e-07
6.58463e-08
1.27534e-08
6.58472e-08
1.49506e-08
3.41284e-09
1.27539e-08
3.4129e-09
5.4089e-10
5.55846e-09
-1.02546e-09
1.6421e-09
-9.24415e-10
9.45344e-10
-8.39115e-10
1.59326e-09
-7.93668e-10
8.23665e-10
3.1009e-10
-1.66269e-10
1.48073e-10
-1.66268e-10
1.01356e-10
-8.88872e-11
1.48072e-10
-8.8887e-11
7.55649e-11
5.55859e-09
-9.244e-10
1.59326e-09
-1.02543e-09
9.45351e-10
-7.9367e-10
1.6421e-09
-8.39114e-10
8.23665e-10
1.67506e-10
-1.04028e-10
9.57345e-11
-8.17689e-11
5.79803e-11
-5.04304e-11
6.34776e-11
-4.64134e-11
3.944e-11
-5.44756e-11
2.47712e-11
-2.88935e-11
3.32383e-11
-1.54395e-11
1.79058e-11
-3.32701e-11
1.58928e-11
-1.85829e-11
-9.27481e-12
5.4175e-12
-6.06922e-12
5.97115e-12
-3.44118e-12
3.87012e-12
-5.83686e-12
3.45697e-12
-3.90198e-12
-6.79427e-11
3.22168e-11
-3.49166e-11
3.74825e-11
-1.77653e-11
1.95338e-11
-4.14181e-11
2.01571e-11
-2.18522e-11
-1.17816e-11
7.09306e-12
-7.14026e-12
7.09304e-12
-4.17687e-12
4.25226e-12
-7.14024e-12
4.25226e-12
-4.30532e-12
5.16055e-13
-7.23265e-14
1.08693e-13
-1.37062e-13
-3.765e-14
2.60801e-14
2.10796e-13
8.41476e-16
1.75886e-14
2.88076e-13
-1.52561e-13
1.76371e-13
-1.52561e-13
7.75836e-14
-8.99854e-14
1.7637e-13
-8.99852e-14
1.04184e-13
5.16063e-13
-1.37068e-13
2.10802e-13
-7.23307e-14
-3.76471e-14
8.38742e-16
1.08695e-13
2.60777e-14
1.75907e-14
1.67503e-10
-8.17656e-11
6.34753e-11
-1.04026e-10
5.79786e-11
-4.64121e-11
9.57324e-11
-5.04286e-11
3.94386e-11
-6.7943e-11
3.74827e-11
-4.14183e-11
3.22169e-11
-1.77654e-11
2.01571e-11
-3.49168e-11
1.95339e-11
-2.18523e-11
-9.27471e-12
5.9711e-12
-5.8368e-12
5.41745e-12
-3.44115e-12
3.45694e-12
-6.06916e-12
3.87009e-12
-3.90194e-12
-5.4475e-11
3.32383e-11
-3.327e-11
2.47709e-11
-1.54395e-11
1.58927e-11
-2.8893e-11
1.79058e-11
-1.85828e-11
0.00579381
0.00407358
0.0026517
0.00221705
0.00150685
0.000947915
0.000765167
0.000503858
0.000305726
0.00154893
0.000855163
0.000435285
0.000532346
0.000283765
0.00013875
0.000166014
8.49498e-05
4.03463e-05
4.36895e-05
2.16201e-05
9.80649e-06
1.1002e-05
5.26937e-06
2.33508e-06
2.52876e-06
1.17506e-06
4.66733e-07
0.000224194
0.000142605
8.39262e-05
6.2702e-05
3.86277e-05
2.1803e-05
1.60532e-05
9.49501e-06
5.34223e-06
0.000194317
8.27835e-05
3.22904e-05
5.96401e-05
2.44681e-05
9.21435e-06
1.65698e-05
6.5758e-06
2.35418e-06
1.07948e-05
3.55474e-06
1.00261e-06
3.00136e-06
9.18455e-07
2.80727e-07
7.11912e-07
2.34702e-07
4.49398e-08
1.52369e-07
4.58139e-08
1.05922e-08
3.30714e-08
8.87243e-09
2.85154e-09
5.12134e-09
1.32334e-09
1.23209e-10
3.84688e-06
1.50394e-06
4.93194e-07
9.18424e-07
3.18094e-07
1.23985e-07
1.5044e-07
7.15973e-08
7.84432e-09
2.65197e-08
4.40847e-09
4.64213e-09
8.74113e-09
5.25781e-09
5.07886e-11
-1.8683e-09
-3.49426e-09
9.06874e-10
2.15079e-09
-8.74583e-10
1.00197e-09
-4.56902e-10
6.10288e-10
-4.67549e-10
6.1029e-10
-5.56448e-10
4.73675e-10
-3.22808e-11
2.46648e-11
-4.68807e-12
1.07902e-11
-2.33519e-12
-4.60856e-12
-1.79279e-11
3.33624e-12
2.15206e-12
1.93427e-09
-9.9524e-10
1.0197e-09
-8.69695e-10
6.13894e-10
-5.35959e-10
1.00444e-09
-7.21572e-10
6.1699e-10
3.45901e-06
1.83057e-06
1.00567e-06
6.87758e-07
4.7068e-07
2.28928e-07
1.32591e-07
-1.33084e-08
-5.91826e-10
3.93849e-07
2.0698e-07
5.04171e-08
1.43928e-07
4.72466e-08
3.70303e-08
-3.96786e-08
-2.12735e-09
-1.87694e-08
-4.79622e-09
-1.82032e-09
3.31371e-10
4.86177e-09
1.60597e-09
4.48783e-10
-5.12165e-09
-1.59649e-09
-5.09957e-10
-3.0974e-10
-1.71489e-09
-1.74881e-08
1.3571e-08
9.3112e-09
1.28928e-08
-1.01307e-08
-7.99412e-09
-1.31326e-08
0.00579382
0.00221705
0.000765168
0.0040736
0.00150686
0.000503861
0.00265173
0.000947924
0.000305729
0.000224195
6.27021e-05
1.60533e-05
0.000142606
3.86279e-05
9.49508e-06
8.39271e-05
2.18032e-05
5.34229e-06
4.36902e-05
1.10022e-05
2.5288e-06
2.16205e-05
5.26949e-06
1.17509e-06
9.80674e-06
2.33514e-06
4.66747e-07
0.00154895
0.000532353
0.000166017
0.000855177
0.00028377
8.49514e-05
0.000435293
0.000138753
4.03472e-05
3.45902e-06
6.87759e-07
1.32592e-07
1.83059e-06
4.70682e-07
-1.33069e-08
1.00569e-06
2.2893e-07
-5.91484e-10
-3.10061e-10
1.35712e-08
-1.01309e-08
-1.71495e-09
9.31128e-09
-7.99417e-09
-1.74884e-08
1.28929e-08
-1.31328e-08
-4.79624e-09
4.86181e-09
-5.12167e-09
-1.82047e-09
1.60606e-09
-1.59659e-09
3.31383e-10
4.48782e-10
-5.09949e-10
3.93859e-07
1.4393e-07
-3.96782e-08
2.06986e-07
4.72477e-08
-2.12731e-09
5.042e-08
3.70309e-08
-1.87693e-08
2.65209e-08
8.74135e-09
-1.86828e-09
4.40884e-09
5.25797e-09
-3.49432e-09
4.64232e-09
5.08144e-11
9.06882e-10
1.93423e-09
-8.69675e-10
1.00442e-09
-9.9524e-10
6.13896e-10
-7.21574e-10
1.01969e-09
-5.35953e-10
6.16983e-10
-3.22872e-11
1.07941e-11
-1.79325e-11
2.4668e-11
-2.33692e-12
3.33824e-12
-4.69146e-12
-4.60658e-12
2.14974e-12
2.15081e-09
-4.56872e-10
6.10268e-10
-8.74561e-10
6.10288e-10
-5.56444e-10
1.00195e-09
-4.6754e-10
4.73665e-10
0.000194322
5.96417e-05
1.65703e-05
8.27859e-05
2.44689e-05
6.57602e-06
3.22914e-05
9.21467e-06
2.35427e-06
3.847e-06
9.18453e-07
1.50447e-07
1.50399e-06
3.18107e-07
7.16e-08
4.93216e-07
1.23989e-07
7.84556e-09
1.52377e-07
3.30729e-08
5.12171e-09
4.58163e-08
8.87298e-09
1.32341e-09
1.0593e-08
2.85167e-09
1.23258e-10
1.07952e-05
3.00148e-06
7.11945e-07
3.55488e-06
9.18497e-07
2.34712e-07
1.00265e-06
2.8074e-07
4.49434e-08
2.56057e-07
6.58511e-08
1.27548e-08
6.58511e-08
1.49519e-08
3.41315e-09
1.27549e-08
3.41315e-09
5.40971e-10
5.55874e-09
-1.02537e-09
1.64208e-09
-9.2432e-10
9.45346e-10
-8.39095e-10
1.59325e-09
-7.93651e-10
8.23647e-10
3.10084e-10
-1.66262e-10
1.48067e-10
-1.66262e-10
1.01352e-10
-8.88835e-11
1.48067e-10
-8.88834e-11
7.55612e-11
5.55875e-09
-9.2432e-10
1.59325e-09
-1.02537e-09
9.45347e-10
-7.93651e-10
1.64209e-09
-8.39096e-10
8.23648e-10
1.67494e-10
-1.0402e-10
9.57266e-11
-8.17606e-11
5.79758e-11
-5.04257e-11
6.3471e-11
-4.64095e-11
3.94361e-11
-5.44745e-11
2.47708e-11
-2.88929e-11
3.3238e-11
-1.54393e-11
1.79056e-11
-3.32696e-11
1.58926e-11
-1.85826e-11
-9.27445e-12
5.4173e-12
-6.069e-12
5.97094e-12
-3.44106e-12
3.87e-12
-5.83664e-12
3.45685e-12
-3.90184e-12
-6.79423e-11
3.22166e-11
-3.49164e-11
3.74824e-11
-1.77653e-11
1.95337e-11
-4.14178e-11
2.0157e-11
-2.18521e-11
-1.17812e-11
7.09286e-12
-7.14005e-12
7.09285e-12
-4.17676e-12
4.25215e-12
-7.14005e-12
4.25215e-12
-4.3052e-12
5.16077e-13
-7.23424e-14
1.08708e-13
-1.37081e-13
-3.76381e-14
2.60677e-14
2.10813e-13
8.29816e-16
1.76006e-14
2.88073e-13
-1.52559e-13
1.76369e-13
-1.52559e-13
7.75832e-14
-8.99847e-14
1.76369e-13
-8.99848e-14
1.04183e-13
5.16084e-13
-1.37085e-13
2.10817e-13
-7.23474e-14
-3.76355e-14
8.27174e-16
1.08715e-13
2.60642e-14
1.76043e-14
1.67492e-10
-8.17596e-11
6.34701e-11
-1.04019e-10
5.79753e-11
-4.64089e-11
9.57258e-11
-5.04251e-11
3.94355e-11
-6.79425e-11
3.74825e-11
-4.14179e-11
3.22168e-11
-1.77654e-11
2.0157e-11
-3.49165e-11
1.95338e-11
-2.18521e-11
-9.27443e-12
5.97093e-12
-5.83662e-12
5.4173e-12
-3.44106e-12
3.45684e-12
-6.06899e-12
3.86999e-12
-3.90183e-12
-5.44749e-11
3.32382e-11
-3.32697e-11
2.4771e-11
-1.54395e-11
1.58926e-11
-2.88931e-11
1.79058e-11
-1.85827e-11
0.00579382
0.0040736
0.00265173
0.00221705
0.00150686
0.000947925
0.000765168
0.000503861
0.000305729
0.00154895
0.000855177
0.000435293
0.000532353
0.00028377
0.000138753
0.000166017
8.49514e-05
4.03473e-05
4.36902e-05
2.16205e-05
9.80675e-06
1.10022e-05
5.2695e-06
2.33515e-06
2.52881e-06
1.17509e-06
4.66748e-07
0.000224195
0.000142606
8.39272e-05
6.27022e-05
3.8628e-05
2.18033e-05
1.60533e-05
9.49509e-06
5.3423e-06
0.000194322
8.27859e-05
3.22914e-05
5.96417e-05
2.44689e-05
9.21468e-06
1.65703e-05
6.57602e-06
2.35427e-06
1.07952e-05
3.55488e-06
1.00265e-06
3.00148e-06
9.18497e-07
2.8074e-07
7.11945e-07
2.34712e-07
4.49434e-08
1.52377e-07
4.58163e-08
1.0593e-08
3.3073e-08
8.87301e-09
2.85167e-09
5.12173e-09
1.32341e-09
1.23264e-10
3.84701e-06
1.50399e-06
4.93217e-07
9.18455e-07
3.18108e-07
1.2399e-07
1.50447e-07
7.16002e-08
7.84564e-09
2.65211e-08
4.4089e-09
4.64234e-09
8.74138e-09
5.25797e-09
5.0814e-11
-1.86826e-09
-3.49431e-09
9.06888e-10
2.15081e-09
-8.74558e-10
1.00195e-09
-4.56872e-10
6.10287e-10
-4.67541e-10
6.10271e-10
-5.56442e-10
4.73666e-10
-3.22852e-11
2.46686e-11
-4.69103e-12
1.0793e-11
-2.33718e-12
-4.60685e-12
-1.79312e-11
3.33845e-12
2.15012e-12
1.93425e-09
-9.95228e-10
1.01969e-09
-8.69682e-10
6.1389e-10
-5.35954e-10
1.00443e-09
-7.21567e-10
6.16984e-10
3.45902e-06
1.83059e-06
1.00569e-06
6.8776e-07
4.70682e-07
2.28931e-07
1.32592e-07
-1.33067e-08
-5.91388e-10
3.9386e-07
2.06986e-07
5.04204e-08
1.4393e-07
4.72479e-08
3.70309e-08
-3.9678e-08
-2.12729e-09
-1.87693e-08
-4.79618e-09
-1.82041e-09
3.31408e-10
4.86179e-09
1.60603e-09
4.48772e-10
-5.12165e-09
-1.59656e-09
-5.09939e-10
-3.10015e-10
-1.71493e-09
-1.74882e-08
1.35712e-08
9.31129e-09
1.28929e-08
-1.01309e-08
-7.99417e-09
-1.31328e-08
0.00579381
0.00221705
0.000765167
0.00407358
0.00150685
0.000503859
0.00265171
0.000947919
0.000305727
0.000224194
6.2702e-05
1.60532e-05
0.000142606
3.86277e-05
9.49503e-06
8.39265e-05
2.18031e-05
5.34225e-06
4.36897e-05
1.10021e-05
2.52877e-06
2.16202e-05
5.26941e-06
1.17507e-06
9.80658e-06
2.3351e-06
4.66736e-07
0.00154894
0.000532349
0.000166015
0.00085517
0.000283767
8.49504e-05
0.000435289
0.000138751
4.03467e-05
3.45901e-06
6.87758e-07
1.32591e-07
1.83057e-06
4.7068e-07
-1.33081e-08
1.00568e-06
2.28928e-07
-5.9181e-10
-3.09743e-10
1.3571e-08
-1.01307e-08
-1.71493e-09
9.31122e-09
-7.99414e-09
-1.74882e-08
1.28928e-08
-1.31327e-08
-4.79629e-09
4.86181e-09
-5.12168e-09
-1.82042e-09
1.60602e-09
-1.59655e-09
3.31329e-10
4.48804e-10
-5.09977e-10
3.93851e-07
1.43928e-07
-3.96785e-08
2.06982e-07
4.72468e-08
-2.12737e-09
5.04179e-08
3.70304e-08
-1.87694e-08
2.65201e-08
8.74114e-09
-1.86828e-09
4.40856e-09
5.25785e-09
-3.49429e-09
4.64221e-09
5.07825e-11
9.06882e-10
1.93423e-09
-8.69677e-10
1.00443e-09
-9.95254e-10
6.13901e-10
-7.2158e-10
1.01969e-09
-5.35954e-10
6.16985e-10
-3.22858e-11
1.07927e-11
-1.79307e-11
2.46649e-11
-2.33524e-12
3.33636e-12
-4.6898e-12
-4.60768e-12
2.15106e-12
2.1508e-09
-4.56897e-10
6.10285e-10
-8.74578e-10
6.10289e-10
-5.56448e-10
1.00196e-09
-4.67548e-10
4.73673e-10
0.00019432
5.96409e-05
1.657e-05
8.27849e-05
2.44685e-05
6.5759e-06
3.22911e-05
9.21453e-06
2.35422e-06
3.84693e-06
9.18434e-07
1.50442e-07
1.50396e-06
3.18099e-07
7.15981e-08
4.93203e-07
1.23986e-07
7.84474e-09
1.52373e-07
3.30719e-08
5.12151e-09
4.58149e-08
8.87267e-09
1.32334e-09
1.05926e-08
2.85156e-09
1.23261e-10
1.07951e-05
3.00143e-06
7.11928e-07
3.55484e-06
9.18481e-07
2.34707e-07
1.00264e-06
2.80735e-07
4.49417e-08
2.56052e-07
6.58493e-08
1.27544e-08
6.58485e-08
1.49512e-08
3.41296e-09
1.27539e-08
3.4129e-09
5.40938e-10
5.55866e-09
-1.02541e-09
1.6421e-09
-9.24378e-10
9.45352e-10
-8.39111e-10
1.59326e-09
-7.93668e-10
8.23663e-10
3.10088e-10
-1.66266e-10
1.48071e-10
-1.66268e-10
1.01355e-10
-8.88862e-11
1.48072e-10
-8.88864e-11
7.55641e-11
5.55852e-09
-9.24389e-10
1.59325e-09
-1.02544e-09
9.45343e-10
-7.93664e-10
1.64209e-09
-8.39111e-10
8.23661e-10
1.67499e-10
-1.04023e-10
9.573e-11
-8.17634e-11
5.79775e-11
-5.04274e-11
6.34732e-11
-4.6411e-11
3.94375e-11
-5.44752e-11
2.47711e-11
-2.88933e-11
3.32384e-11
-1.54395e-11
1.79059e-11
-3.32701e-11
1.58928e-11
-1.85829e-11
-9.27465e-12
5.41742e-12
-6.06913e-12
5.97107e-12
-3.44114e-12
3.87008e-12
-5.83677e-12
3.45693e-12
-3.90193e-12
-6.7943e-11
3.2217e-11
-3.49168e-11
3.74828e-11
-1.77655e-11
1.95339e-11
-4.14183e-11
2.01572e-11
-2.18523e-11
-1.17816e-11
7.09302e-12
-7.14022e-12
7.09305e-12
-4.17686e-12
4.25225e-12
-7.14026e-12
4.25226e-12
-4.30531e-12
5.16068e-13
-7.23344e-14
1.087e-13
-1.37072e-13
-3.7645e-14
2.6075e-14
2.10805e-13
8.366e-16
1.75935e-14
2.88076e-13
-1.52561e-13
1.7637e-13
-1.52561e-13
7.75837e-14
-8.99853e-14
1.76371e-13
-8.99854e-14
1.04184e-13
5.16051e-13
-1.37061e-13
2.10794e-13
-7.23249e-14
-3.76507e-14
8.42161e-16
1.08691e-13
2.6081e-14
1.75877e-14
1.67506e-10
-8.17687e-11
6.34777e-11
-1.04028e-10
5.79803e-11
-4.64135e-11
9.57349e-11
-5.04305e-11
3.94402e-11
-6.79425e-11
3.74824e-11
-4.1418e-11
3.22167e-11
-1.77653e-11
2.0157e-11
-3.49166e-11
1.95338e-11
-2.18522e-11
-9.27482e-12
5.97115e-12
-5.83686e-12
5.41751e-12
-3.44118e-12
3.45698e-12
-6.06923e-12
3.87013e-12
-3.90199e-12
-5.44751e-11
3.3238e-11
-3.32699e-11
2.4771e-11
-1.54393e-11
1.58927e-11
-2.88932e-11
1.79057e-11
-1.85828e-11
0.00579372
0.00407352
0.00265168
0.00221701
0.00150683
0.000947903
0.000765152
0.000503849
0.00030572
0.00154892
0.000855159
0.000435284
0.00053234
0.000283762
0.000138749
0.000166012
8.49485e-05
4.03457e-05
4.36886e-05
2.16196e-05
9.80628e-06
1.10017e-05
5.26923e-06
2.33501e-06
2.52868e-06
1.17502e-06
4.66715e-07
0.000224189
0.000142603
8.39245e-05
6.27006e-05
3.86268e-05
2.18024e-05
1.60529e-05
9.49477e-06
5.34208e-06
0.000194318
8.27841e-05
3.22908e-05
5.96399e-05
2.44681e-05
9.21436e-06
1.65696e-05
6.57572e-06
2.35415e-06
1.0795e-05
3.55481e-06
1.00263e-06
3.00138e-06
9.18463e-07
2.8073e-07
7.11905e-07
2.347e-07
4.49394e-08
1.52366e-07
4.58128e-08
1.05919e-08
3.30701e-08
8.87204e-09
2.85146e-09
5.121e-09
1.32327e-09
1.23161e-10
3.8468e-06
1.5039e-06
4.93182e-07
9.18395e-07
3.18083e-07
1.2398e-07
1.50433e-07
7.15945e-08
7.84335e-09
2.65179e-08
4.40789e-09
4.64182e-09
8.74086e-09
5.25765e-09
5.07955e-11
-1.86852e-09
-3.49429e-09
9.06802e-10
2.15071e-09
-8.74605e-10
1.00196e-09
-4.56909e-10
6.10288e-10
-4.67548e-10
6.1028e-10
-5.56456e-10
4.73673e-10
-3.22832e-11
2.46569e-11
-4.68537e-12
1.07912e-11
-2.33124e-12
-4.60986e-12
-1.79289e-11
3.33197e-12
2.15348e-12
1.93415e-09
-9.95311e-10
1.01969e-09
-8.69644e-10
6.13928e-10
-5.35952e-10
1.00439e-09
-7.21609e-10
6.16984e-10
3.45892e-06
1.83051e-06
1.00564e-06
6.87738e-07
4.70666e-07
2.28919e-07
1.32587e-07
-1.33104e-08
-5.92953e-10
3.93831e-07
2.06971e-07
5.0413e-08
1.43924e-07
4.72444e-08
3.70294e-08
-3.96792e-08
-2.12774e-09
-1.87697e-08
-4.79678e-09
-1.82059e-09
3.31069e-10
4.86196e-09
1.60605e-09
4.48916e-10
-5.12187e-09
-1.59659e-09
-5.10105e-10
-3.10114e-10
-1.71535e-09
-1.74885e-08
1.35707e-08
9.31112e-09
1.28928e-08
-1.01305e-08
-7.99412e-09
-1.31327e-08
0.00579372
0.00221701
0.000765152
0.00407352
0.00150682
0.000503848
0.00265166
0.000947898
0.000305719
0.000224189
6.27005e-05
1.60528e-05
0.000142602
3.86267e-05
9.49474e-06
8.39241e-05
2.18023e-05
5.34205e-06
4.36882e-05
1.10016e-05
2.52866e-06
2.16193e-05
5.26916e-06
1.175e-06
9.80611e-06
2.33497e-06
4.66706e-07
0.00154891
0.000532336
0.00016601
0.00085515
0.000283759
8.49475e-05
0.000435277
0.000138747
4.0345e-05
3.45891e-06
6.87738e-07
1.32587e-07
1.83051e-06
4.70665e-07
-1.33107e-08
1.00563e-06
2.28918e-07
-5.92866e-10
-3.09877e-10
1.35706e-08
-1.01304e-08
-1.7153e-09
9.31107e-09
-7.99407e-09
-1.74883e-08
1.28927e-08
-1.31326e-08
-4.79672e-09
4.86191e-09
-5.12184e-09
-1.8204e-09
1.60594e-09
-1.59647e-09
3.31122e-10
4.48887e-10
-5.10079e-10
3.93827e-07
1.43923e-07
-3.96794e-08
2.06969e-07
4.72438e-08
-2.1276e-09
5.04111e-08
3.70292e-08
-1.87698e-08
2.6517e-08
8.74078e-09
-1.86854e-09
4.40763e-09
5.25755e-09
-3.49425e-09
4.64165e-09
5.07878e-11
9.068e-10
1.93424e-09
-8.69691e-10
1.00444e-09
-9.95305e-10
6.13923e-10
-7.21606e-10
1.01972e-09
-5.3597e-10
6.17004e-10
-3.22752e-11
1.0787e-11
-1.79242e-11
2.46568e-11
-2.33114e-12
3.33178e-12
-4.68299e-12
-4.61112e-12
2.15486e-12
2.15071e-09
-4.56937e-10
6.10303e-10
-8.74634e-10
6.10293e-10
-5.56462e-10
1.00197e-09
-4.67558e-10
4.73683e-10
0.000194314
5.96386e-05
1.65693e-05
8.27818e-05
2.44674e-05
6.57553e-06
3.22897e-05
9.21403e-06
2.35407e-06
3.84671e-06
9.18374e-07
1.50428e-07
1.50386e-06
3.18073e-07
7.15927e-08
4.93163e-07
1.23976e-07
7.84234e-09
1.52358e-07
3.30688e-08
5.12063e-09
4.58105e-08
8.87148e-09
1.32324e-09
1.0591e-08
2.8514e-09
1.23068e-10
1.07945e-05
3.00125e-06
7.11872e-07
3.55463e-06
9.18413e-07
2.34688e-07
1.00257e-06
2.80713e-07
4.49356e-08
2.56032e-07
6.5844e-08
1.27525e-08
6.5844e-08
1.49496e-08
3.41276e-09
1.27525e-08
3.41277e-09
5.4072e-10
5.55832e-09
-1.02548e-09
1.64209e-09
-9.24456e-10
9.4534e-10
-8.39123e-10
1.59325e-09
-7.93675e-10
8.23672e-10
3.10109e-10
-1.6628e-10
1.48084e-10
-1.6628e-10
1.01362e-10
-8.88936e-11
1.48084e-10
-8.88936e-11
7.55712e-11
5.55833e-09
-9.24458e-10
1.59326e-09
-1.02549e-09
9.45342e-10
-7.93678e-10
1.6421e-09
-8.39126e-10
8.23675e-10
1.67519e-10
-1.04035e-10
9.57416e-11
-8.17764e-11
5.7984e-11
-5.04341e-11
6.34845e-11
-4.64169e-11
3.94435e-11
-5.44759e-11
2.47712e-11
-2.88936e-11
3.32387e-11
-1.54396e-11
1.7906e-11
-3.32706e-11
1.5893e-11
-1.85832e-11
-9.27524e-12
5.41771e-12
-6.06945e-12
5.97142e-12
-3.44131e-12
3.87027e-12
-5.83714e-12
3.45711e-12
-3.90214e-12
-6.79429e-11
3.22167e-11
-3.49167e-11
3.74827e-11
-1.77653e-11
1.95339e-11
-4.14185e-11
2.01572e-11
-2.18524e-11
-1.17823e-11
7.09342e-12
-7.14063e-12
7.09342e-12
-4.17707e-12
4.25247e-12
-7.14063e-12
4.25247e-12
-4.30553e-12
5.16038e-13
-7.23103e-14
1.08676e-13
-1.37049e-13
-3.7661e-14
2.60913e-14
2.10785e-13
8.51142e-16
1.7579e-14
2.88091e-13
-1.52568e-13
1.76379e-13
-1.52568e-13
7.75873e-14
-8.99896e-14
1.76379e-13
-8.99897e-14
1.04189e-13
5.16041e-13
-1.37049e-13
2.10785e-13
-7.23125e-14
-3.76605e-14
8.50762e-16
1.08679e-13
2.60904e-14
1.75799e-14
1.67522e-10
-8.17784e-11
6.3486e-11
-1.04037e-10
5.79851e-11
-4.64178e-11
9.57429e-11
-5.04351e-11
3.94442e-11
-6.79432e-11
3.74827e-11
-4.14185e-11
3.22169e-11
-1.77654e-11
2.01572e-11
-3.49169e-11
1.95339e-11
-2.18525e-11
-9.2753e-12
5.97145e-12
-5.83717e-12
5.41774e-12
-3.44133e-12
3.45714e-12
-6.0695e-12
3.87029e-12
-3.90216e-12
-5.44762e-11
3.32388e-11
-3.32708e-11
2.47714e-11
-1.54397e-11
1.58931e-11
-2.88938e-11
1.79061e-11
-1.85833e-11
0.00579378
0.00407356
0.00265169
0.00221704
0.00150684
0.000947908
0.000765162
0.000503854
0.000305722
0.00154892
0.000855156
0.00043528
0.00053234
0.000283761
0.000138748
0.000166012
8.49482e-05
4.03454e-05
4.36887e-05
2.16195e-05
9.80619e-06
1.10017e-05
5.26921e-06
2.33499e-06
2.52869e-06
1.17502e-06
4.66711e-07
0.000224193
0.000142604
8.39251e-05
6.27015e-05
3.86272e-05
2.18026e-05
1.60531e-05
9.49488e-06
5.34212e-06
0.000194315
8.27822e-05
3.22898e-05
5.96389e-05
2.44675e-05
9.21408e-06
1.65694e-05
6.57557e-06
2.35408e-06
1.07945e-05
3.55464e-06
1.00257e-06
3.00126e-06
9.18416e-07
2.80714e-07
7.11875e-07
2.34689e-07
4.49358e-08
1.52359e-07
4.58108e-08
1.0591e-08
3.3069e-08
8.8715e-09
2.85142e-09
5.12066e-09
1.32327e-09
1.23064e-10
3.84674e-06
1.50387e-06
4.93166e-07
9.18381e-07
3.18075e-07
1.23977e-07
1.50429e-07
7.15934e-08
7.84239e-09
2.65172e-08
4.40773e-09
4.64165e-09
8.74085e-09
5.25756e-09
5.08065e-11
-1.86857e-09
-3.49425e-09
9.06784e-10
2.15073e-09
-8.74644e-10
1.00198e-09
-4.56945e-10
6.10299e-10
-4.67563e-10
6.10311e-10
-5.56469e-10
4.73688e-10
-3.22768e-11
2.46541e-11
-4.68271e-12
1.07876e-11
-2.32974e-12
-4.61134e-12
-1.79249e-11
3.33032e-12
2.15507e-12
1.93423e-09
-9.95332e-10
1.01972e-09
-8.69683e-10
6.13937e-10
-5.3597e-10
1.00444e-09
-7.21621e-10
6.17005e-10
3.45897e-06
1.83054e-06
1.00565e-06
6.8775e-07
4.70672e-07
2.28921e-07
1.3259e-07
-1.33099e-08
-5.92266e-10
3.93832e-07
2.06971e-07
5.04118e-08
1.43924e-07
4.72441e-08
3.70295e-08
-3.96795e-08
-2.12748e-09
-1.87699e-08
-4.79684e-09
-1.82046e-09
3.31062e-10
4.862e-09
1.60598e-09
4.48921e-10
-5.12192e-09
-1.59651e-09
-5.10113e-10
-3.09687e-10
-1.71528e-09
-1.74885e-08
1.35708e-08
9.3112e-09
1.28928e-08
-1.01305e-08
-7.99417e-09
-1.31327e-08
