E 0 N 8
0.21132486540518711 0.21132486540518711 0.21132486540518711 0.125
0.78867513459481287 0.21132486540518711 0.21132486540518711 0.125
0.21132486540518711 0.78867513459481287 0.21132486540518711 0.125
0.78867513459481287 0.78867513459481287 0.21132486540518711 0.125
0.21132486540518711 0.21132486540518711 0.78867513459481287 0.125
0.78867513459481287 0.21132486540518711 0.78867513459481287 0.125
0.21132486540518711 0.78867513459481287 0.78867513459481287 0.125
0.78867513459481287 0.78867513459481287 0.78867513459481287 0.125
E 1 N 8
0.21132486540518713 0.21132486540518711 0.21132486540518711 0.125
0.78867513459481287 0.21132486540518711 0.21132486540518711 0.125
0.21132486540518713 0.78867513459481287 0.21132486540518711 0.125
0.78867513459481287 0.78867513459481287 0.21132486540518711 0.125
0.21132486540518713 0.21132486540518711 0.78867513459481287 0.125
0.78867513459481287 0.21132486540518711 0.78867513459481287 0.125
0.21132486540518713 0.78867513459481287 0.78867513459481287 0.125
0.78867513459481287 0.78867513459481287 0.78867513459481287 0.125
E 2 N 8
0.21132486540518691 0.21132486540518711 0.21132486540518711 0.125
0.78867513459481309 0.21132486540518711 0.21132486540518711 0.125
0.21132486540518691 0.78867513459481287 0.21132486540518711 0.125
0.78867513459481309 0.78867513459481287 0.21132486540518711 0.125
0.21132486540518691 0.21132486540518711 0.78867513459481287 0.125
0.78867513459481309 0.21132486540518711 0.78867513459481287 0.125
0.21132486540518691 0.78867513459481287 0.78867513459481287 0.125
0.78867513459481309 0.78867513459481287 0.78867513459481287 0.125
E 3 N 8
0.21132486540518691 0.21132486540518711 0.21132486540518711 0.125
0.78867513459481309 0.21132486540518711 0.21132486540518711 0.125
0.21132486540518691 0.78867513459481287 0.21132486540518711 0.125
0.78867513459481309 0.78867513459481287 0.21132486540518711 0.125
0.21132486540518691 0.21132486540518711 0.78867513459481287 0.125
0.78867513459481309 0.21132486540518711 0.78867513459481287 0.125
0.21132486540518691 0.78867513459481287 0.78867513459481287 0.125
0.78867513459481309 0.78867513459481287 0.78867513459481287 0.125
E 4 N 8
0.21132486540518711 0.21132486540518711 0.21132486540518711 0.125
0.78867513459481287 0.21132486540518711 0.21132486540518711 0.125
0.21132486540518711 0.78867513459481287 0.21132486540518711 0.125
0.78867513459481287 0.78867513459481287 0.21132486540518711 0.125
0.21132486540518711 0.21132486540518711 0.78867513459481287 0.125
0.78867513459481287 0.21132486540518711 0.78867513459481287 0.125
0.21132486540518711 0.78867513459481287 0.78867513459481287 0.125
0.78867513459481287 0.78867513459481287 0.78867513459481287 0.125
E 5 N 8
0.21132486540518713 0.21132486540518711 0.21132486540518711 0.125
0.78867513459481287 0.21132486540518711 0.21132486540518711 0.125
0.21132486540518713 0.78867513459481287 0.21132486540518711 0.125
0.78867513459481287 0.78867513459481287 0.21132486540518711 0.125
0.21132486540518713 0.21132486540518711 0.78867513459481287 0.125
0.78867513459481287 0.21132486540518711 0.78867513459481287 0.125
0.21132486540518713 0.78867513459481287 0.78867513459481287 0.125
0.78867513459481287 0.78867513459481287 0.78867513459481287 0.125
E 6 N 8
0.21132486540518691 0.21132486540518711 0.21132486540518711 0.125
0.78867513459481309 0.21132486540518711 0.21132486540518711 0.125
0.21132486540518691 0.78867513459481287 0.21132486540518711 0.125
0.78867513459481309 0.78867513459481287 0.21132486540518711 0.125
0.21132486540518691 0.21132486540518711 0.78867513459481287 0.125
0.78867513459481309 0.21132486540518711 0.78867513459481287 0.125
0.21132486540518691 0.78867513459481287 0.78867513459481287 0.125
0.78867513459481309 0.78867513459481287 0.78867513459481287 0.125
E 7 N 8
0.21132486540518691 0.21132486540518711 0.21132486540518711 0.125
0.78867513459481309 0.21132486540518711 0.21132486540518711 0.125
0.21132486540518691 0.78867513459481287 0.21132486540518711 0.125
0.78867513459481309 0.78867513459481287 0.21132486540518711 0.125
0.21132486540518691 0.21132486540518711 0.78867513459481287 0.125
0.78867513459481309 0.21132486540518711 0.78867513459481287 0.125
0.21132486540518691 0.78867513459481287 0.78867513459481287 0.125
0.78867513459481309 0.78867513459481287 0.78867513459481287 0.125
