M 153 153 NNZ 2401
0 139 -0.041666666666666657
0 102 -0.041666666666666671
0 87 -0.041666666666666671
0 74 -2.5648157642860214e-18
0 80 -0.041666666666666671
0 68 -4.407959457511379e-18
0 12 -6.5763638024823878e-18
0 0 0.16666666666666666
1 146 -0.041666666666666671
1 117 -0.04166666666666665
1 110 -0.041666666666666678
1 40 -5.0486551788145317e-17
1 94 -0.083333333333333259
1 145 -0.041666666666666706
1 75 5.5440000463688466e-17
1 93 -0.041666666666666678
1 69 4.5790601128567476e-17
1 86 -0.041666666666666671
1 1 0.33333333333333326
1 18 6.1738537459471443e-17
2 124 -0.04166666666666663
2 152 -0.041666666666666692
2 76 2.1358782797964437e-17
2 123 -0.041666666666666678
2 70 2.8189256484623115e-17
2 116 -0.041666666666666671
2 2 0.16666666666666655
2 46 8.5753615580025366e-17
3 77 2.3418766925686896e-17
3 125 -0.041666666666666678
3 124 -0.04166666666666663
3 152 -0.041666666666666699
3 3 0.16666666666666663
3 47 2.2659825404947043e-17
3 70 3.4586049302287591e-17
3 116 -0.041666666666666685
4 131 -0.041666666666666678
4 146 -0.041666666666666664
4 53 -3.8163916471489756e-17
4 110 -0.041666666666666664
4 78 2.1684043449710089e-17
4 95 -0.041666666666666678
4 94 -0.083333333333333287
4 145 -0.041666666666666713
4 4 0.33333333333333337
4 19 1.4853569763051411e-17
4 69 4.4814819173330522e-17
4 86 -0.041666666666666678
5 101 -0.041666666666666678
5 79 -6.9388939039072284e-18
5 139 -0.041666666666666657
5 102 -0.041666666666666678
5 25 -8.6736173798840355e-18
5 5 0.16666666666666671
5 80 -0.041666666666666671
5 68 -6.1426829334881861e-18
6 103 -0.041666666666666664
6 71 -4.3368086899420177e-18
6 26 -3.4694469519536142e-18
6 6 0.16666666666666666
6 139 -0.041666666666666657
6 102 -0.041666666666666678
6 87 -0.041666666666666671
6 74 -6.0342627162396356e-18
7 132 -0.041666666666666678
7 54 -2.6020852139652106e-17
7 146 -0.041666666666666664
7 117 -0.041666666666666678
7 72 4.3368086899420177e-17
7 109 -0.041666666666666678
7 7 0.33333333333333326
7 32 2.5261910618912253e-17
7 94 -0.083333333333333287
7 145 -0.041666666666666699
7 75 4.8717946994278338e-17
7 93 -0.041666666666666671
8 73 1.6479873021779667e-17
8 138 -0.041666666666666678
8 8 0.16666666666666657
8 60 5.0415401020575956e-17
8 124 -0.04166666666666663
8 152 -0.041666666666666706
8 76 1.9407218887490529e-17
8 123 -0.041666666666666692
9 9 0.16666666666666663
9 61 6.3317406873153459e-17
9 73 1.3877787807814457e-17
9 138 -0.041666666666666699
9 77 1.8214596497756474e-17
9 125 -0.041666666666666692
9 124 -0.04166666666666663
9 152 -0.041666666666666706
10 67 -1.474514954580286e-17
10 132 -0.041666666666666657
10 131 -0.041666666666666664
10 146 -0.041666666666666657
10 10 0.3333333333333332
10 33 6.1582683397176652e-17
10 72 3.7296554733501353e-17
10 109 -0.041666666666666685
10 78 1.9081958235744878e-17
10 95 -0.041666666666666706
10 94 -0.083333333333333273
10 145 -0.041666666666666706
11 39 -7.8062556418956319e-18
11 11 0.16666666666666669
11 103 -0.041666666666666664
11 71 -7.8062556418956319e-18
11 101 -0.041666666666666678
11 79 -1.0408340855860843e-17
11 139 -0.041666666666666657
11 102 -0.041666666666666664
12 140 -0.041666666666666657
12 88 -0.041666666666666671
12 81 -0.041666666666666671
12 13 -8.3110872784591949e-18
12 139 -0.083333333333333343
12 102 -0.041666666666666657
12 87 -3.7574381540200763e-18
12 74 -0.041666666666666671
12 80 -8.9616085819504976e-18
12 68 -0.041666666666666671
12 12 0.33333333333333337
12 0 -6.5763638024823878e-18
13 141 -0.041666666666666664
13 89 -0.041666666666666671
13 82 -0.041666666666666671
13 14 -5.6276869015575715e-18
13 140 -0.083333333333333343
13 139 -0.041666666666666657
13 88 -8.7413800156643795e-18
13 87 -0.041666666666666671
13 81 -1.5670109524204556e-17
13 80 -0.041666666666666671
13 13 0.33333333333333337
13 12 -8.3110872784591949e-18
14 142 -0.041666666666666657
14 90 -0.041666666666666664
14 83 -0.041666666666666671
14 15 -4.0826988057657276e-18
14 141 -0.083333333333333343
14 140 -0.041666666666666657
14 89 -9.9373905371874516e-18
14 88 -0.041666666666666664
14 82 -1.0479491623430204e-17
14 81 -0.041666666666666671
14 14 0.33333333333333337
14 13 -5.6276869015575715e-18
15 143 -0.041666666666666706
15 91 -0.041666666666666685
15 84 -0.041666666666666671
15 16 4.5702509702053029e-17
15 142 -0.083333333333333315
15 141 -0.041666666666666657
15 90 2.3198538359400778e-17
15 89 -0.041666666666666664
15 83 2.2012692233244757e-17
15 82 -0.041666666666666664
15 15 0.33333333333333326
15 14 -4.0826988057657276e-18
16 144 -0.041666666666666664
16 92 -0.04166666666666665
16 85 -0.041666666666666657
16 17 2.1534965650993332e-17
16 143 -0.083333333333333343
16 142 -0.041666666666666706
16 91 8.4737176043320206e-18
16 90 -0.04166666666666665
16 84 -6.596692593216491e-18
16 83 -0.041666666666666678
16 16 0.33333333333333331
16 15 4.5702509702053029e-17
17 145 -0.041666666666666657
17 93 -0.041666666666666644
17 86 -0.041666666666666671
17 18 9.608741753652783e-18
17 144 -0.083333333333333259
17 143 -0.041666666666666657
17 92 3.9288776225443467e-17
17 91 -0.04166666666666665
17 85 3.1164036195380218e-17
17 84 -0.041666666666666664
17 17 0.3333333333333332
17 16 2.1534965650993332e-17
18 94 -0.041666666666666706
18 75 -0.041666666666666664
18 69 -0.041666666666666678
18 1 6.1738537459471443e-17
18 145 -0.08333333333333337
18 144 -0.041666666666666664
18 93 -1.6242703796548463e-17
18 92 -0.041666666666666671
18 86 -8.9785492408955836e-18
18 85 -0.04166666666666665
18 18 0.33333333333333337
18 17 9.608741753652783e-18
19 78 -0.041666666666666706
19 94 -0.041666666666666699
19 4 1.4853569763051411e-17
19 69 -0.041666666666666671
19 95 -1.7347234759768071e-18
19 96 -0.041666666666666657
19 145 -0.083333333333333356
19 144 -0.041666666666666664
19 19 0.33333333333333348
19 20 -1.3552527156068805e-17
19 86 -1.6896613231828783e-17
19 85 -0.041666666666666678
20 95 -0.041666666666666678
20 145 -0.041666666666666657
20 19 -1.3552527156068805e-17
20 86 -0.041666666666666657
20 96 1.1926223897340549e-18
20 97 -0.041666666666666664
20 144 -0.083333333333333259
20 143 -0.041666666666666657
20 20 0.33333333333333326
20 21 1.7455654977016621e-17
20 85 2.8236690329669356e-17
20 84 -0.04166666666666665
21 96 -0.041666666666666664
21 144 -0.041666666666666657
21 20 1.7455654977016621e-17
21 85 -0.041666666666666664
21 97 -2.5478751053409354e-17
21 98 -0.041666666666666692
21 143 -0.083333333333333343
21 142 -0.041666666666666692
21 21 0.33333333333333337
21 22 3.0249240612345574e-17
21 84 -6.596692593216491e-18
21 83 -0.041666666666666671
22 97 -0.041666666666666678
22 143 -0.041666666666666706
22 21 3.0249240612345574e-17
22 84 -0.041666666666666678
22 98 1.3552527156068805e-17
22 99 -0.041666666666666671
22 142 -0.083333333333333315
22 141 -0.041666666666666657
22 22 0.33333333333333331
22 23 -1.214306433183765e-17
22 83 1.9186990321204411e-17
22 82 -0.041666666666666671
23 98 -0.041666666666666678
23 142 -0.041666666666666657
23 22 -1.214306433183765e-17
23 83 -0.041666666666666664
23 99 -2.7538735181131813e-17
23 100 -0.041666666666666671
23 141 -0.083333333333333343
23 140 -0.041666666666666664
23 23 0.33333333333333337
23 24 4.9873299934333204e-18
23 82 -9.6121298854418002e-18
23 81 -0.041666666666666664
24 99 -0.041666666666666671
24 141 -0.041666666666666664
24 23 4.9873299934333204e-18
24 82 -0.041666666666666671
24 100 -2.0816681711721685e-17
24 101 -0.041666666666666678
24 140 -0.083333333333333343
24 139 -0.041666666666666657
24 24 0.33333333333333337
24 25 -8.6736173798840355e-18
24 81 -1.3935386048227749e-17
24 80 -0.041666666666666671
25 100 -0.041666666666666664
25 140 -0.04166666666666665
25 24 -8.6736173798840355e-18
25 81 -0.041666666666666671
25 101 -1.474514954580286e-17
25 79 -0.041666666666666678
25 139 -0.083333333333333343
25 102 -0.041666666666666657
25 25 0.33333333333333337
25 5 -8.6736173798840355e-18
25 80 -7.2268851059736905e-18
25 68 -0.041666666666666671
26 104 -0.041666666666666664
26 27 -5.2041704279304213e-18
26 140 -0.041666666666666657
26 88 -0.041666666666666671
26 103 -6.9388939039072284e-18
26 71 -0.041666666666666664
26 26 0.33333333333333326
26 6 -3.4694469519536142e-18
26 139 -0.083333333333333343
26 102 -0.041666666666666657
26 87 -9.3952894509446994e-18
26 74 -0.041666666666666664
27 105 -0.041666666666666664
27 28 1.1926223897340549e-18
27 141 -0.041666666666666657
27 89 -0.041666666666666664
27 104 -1.3660947373317356e-17
27 103 -0.041666666666666664
27 27 0.33333333333333326
27 26 -5.2041704279304213e-18
27 140 -0.083333333333333343
27 139 -0.041666666666666657
27 88 -1.0909784360635388e-17
27 87 -0.041666666666666664
28 106 -0.041666666666666671
28 29 -8.6736173798840355e-18
28 142 -0.041666666666666657
28 90 -0.041666666666666664
28 105 -1.0191500421363742e-17
28 104 -0.041666666666666671
28 28 0.33333333333333331
28 27 1.1926223897340549e-18
28 141 -0.083333333333333343
28 140 -0.041666666666666664
28 89 -1.3406837489141066e-17
28 88 -0.041666666666666671
29 107 -0.041666666666666678
29 30 2.7647155398380363e-17
29 143 -0.041666666666666699
29 91 -0.04166666666666665
29 106 1.6154612370034016e-17
29 105 -0.041666666666666664
29 29 0.3333333333333332
29 28 -8.6736173798840355e-18
29 142 -0.083333333333333315
29 141 -0.041666666666666657
29 90 1.5930995671958881e-17
29 89 -0.041666666666666664
30 108 -0.04166666666666665
30 31 1.5720931501039814e-17
30 144 -0.041666666666666664
30 92 -0.041666666666666657
30 107 -1.0733601507606494e-17
30 106 -0.041666666666666685
30 30 0.33333333333333337
30 29 2.7647155398380363e-17
30 143 -0.083333333333333343
30 142 -0.041666666666666706
30 91 1.2095630486791409e-18
30 90 -0.041666666666666685
31 109 -0.041666666666666678
31 32 2.927345865710862e-18
31 145 -0.041666666666666671
31 93 -0.041666666666666671
31 108 1.8539857149502126e-17
31 107 -0.041666666666666671
31 31 0.33333333333333326
31 30 1.5720931501039814e-17
31 144 -0.083333333333333259
31 143 -0.041666666666666664
31 92 2.4116722074224439e-17
31 91 -0.04166666666666665
32 72 -0.041666666666666685
32 7 2.5261910618912253e-17
32 94 -0.041666666666666706
32 75 -0.041666666666666678
32 109 0
32 108 -0.041666666666666657
32 32 0.33333333333333337
32 31 2.927345865710862e-18
32 145 -0.08333333333333337
32 144 -0.041666666666666657
32 93 -2.8063895608429479e-17
32 92 -0.041666666666666644
33 10 6.1582683397176652e-17
33 72 -0.041666666666666678
33 78 -0.041666666666666678
33 94 -0.041666666666666706
33 33 0.33333333333333337
33 34 7.8062556418956319e-18
33 109 -2.3635607360183997e-17
33 108 -0.041666666666666678
33 95 -6.2883726004159257e-18
33 96 -0.041666666666666678
33 145 -0.08333333333333337
33 144 -0.041666666666666664
34 33 7.8062556418956319e-18
34 109 -0.041666666666666657
34 95 -0.041666666666666657
34 145 -0.041666666666666664
34 34 0.33333333333333315
34 35 4.7704895589362195e-17
34 108 1.1492543028346347e-17
34 107 -0.04166666666666665
34 96 2.1684043449710089e-19
34 97 -0.041666666666666664
34 144 -0.083333333333333273
34 143 -0.041666666666666664
35 34 4.7704895589362195e-17
35 108 -0.041666666666666664
35 96 -0.041666666666666664
35 144 -0.041666666666666657
35 35 0.33333333333333331
35 36 4.8572257327350599e-17
35 107 -1.6913553890773869e-17
35 106 -0.041666666666666678
35 97 -3.2526065174565133e-17
35 98 -0.041666666666666678
35 143 -0.083333333333333343
35 142 -0.041666666666666706
36 35 4.8572257327350599e-17
36 107 -0.041666666666666685
36 97 -0.041666666666666692
36 143 -0.041666666666666706
36 36 0.33333333333333326
36 37 -4.3368086899420177e-18
36 106 1.0842021724855044e-17
36 105 -0.041666666666666671
36 98 9.1072982488782372e-18
36 99 -0.041666666666666678
36 142 -0.083333333333333315
36 141 -0.041666666666666657
37 36 -4.3368086899420177e-18
37 106 -0.041666666666666657
37 98 -0.041666666666666671
37 142 -0.041666666666666657
37 37 0.33333333333333331
37 38 -3.4694469519536142e-18
37 105 -1.3660947373317356e-17
37 104 -0.041666666666666664
37 99 -2.927345865710862e-17
37 100 -0.041666666666666671
37 141 -0.083333333333333343
37 140 -0.041666666666666664
38 37 -3.4694469519536142e-18
38 105 -0.041666666666666671
38 99 -0.041666666666666671
38 141 -0.041666666666666664
38 38 0.33333333333333326
38 39 -7.8062556418956319e-18
38 104 -1.8865117801247777e-17
38 103 -0.041666666666666664
38 100 -2.5153490401663703e-17
38 101 -0.041666666666666664
38 140 -0.083333333333333343
38 139 -0.041666666666666657
39 38 -7.8062556418956319e-18
39 104 -0.041666666666666664
39 100 -0.041666666666666678
39 140 -0.041666666666666657
39 39 0.33333333333333331
39 11 -7.8062556418956319e-18
39 103 -1.214306433183765e-17
39 71 -0.041666666666666664
39 101 -1.9949319973733282e-17
39 79 -0.041666666666666678
39 139 -0.083333333333333343
39 102 -0.041666666666666657
40 147 -0.041666666666666664
40 118 -0.041666666666666678
40 111 -0.041666666666666657
40 41 -5.0110469159564408e-17
40 146 -0.083333333333333315
40 94 -0.041666666666666657
40 117 3.2627709128235649e-17
40 75 -0.041666666666666678
40 110 2.9815559743351372e-17
40 69 -0.041666666666666664
40 40 0.33333333333333331
40 1 -5.0486551788145317e-17
41 148 -0.041666666666666692
41 119 -0.041666666666666692
41 112 -0.041666666666666685
41 42 4.2209345827576294e-17
41 147 -0.08333333333333337
41 146 -0.041666666666666671
41 118 -2.1867002566317018e-17
41 117 -0.041666666666666657
41 111 -7.9350046498782856e-18
41 110 -0.041666666666666699
41 41 0.33333333333333348
41 40 -5.0110469159564408e-17
42 149 -0.041666666666666644
42 120 -0.04166666666666663
42 113 -0.041666666666666657
42 43 -2.2541240792331441e-17
42 148 -0.08333333333333337
42 147 -0.041666666666666657
42 119 -3.7692966152816365e-17
42 118 -0.041666666666666588
42 112 -4.3005556797995337e-17
42 111 -0.04166666666666663
42 42 0.33333333333333331
42 41 4.2209345827576294e-17
43 150 -0.041666666666666706
43 121 -0.04166666666666665
43 114 -0.041666666666666664
43 44 6.0139339255055324e-17
43 149 -0.083333333333333315
43 148 -0.041666666666666685
43 120 1.1045309632196076e-18
43 119 -0.041666666666666699
43 113 3.3305335486039089e-17
43 112 -0.041666666666666692
43 43 0.33333333333333337
43 42 -2.2541240792331441e-17
44 151 -0.041666666666666671
44 122 -0.041666666666666595
44 115 -0.04166666666666663
44 45 8.797623003362065e-17
44 150 -0.083333333333333384
44 149 -0.041666666666666699
44 121 -4.4323540063923028e-17
44 120 -0.041666666666666678
44 114 -9.0781603154926893e-17
44 113 -0.041666666666666664
44 44 0.33333333333333337
44 43 6.0139339255055324e-17
45 152 -0.041666666666666644
45 123 -0.041666666666666616
45 116 -0.041666666666666644
45 46 -2.6413875427178102e-17
45 151 -0.083333333333333301
45 150 -0.041666666666666692
45 122 -1.7218485751785417e-17
45 121 -0.041666666666666699
45 115 1.2000762796698927e-17
45 114 -0.04166666666666665
45 45 0.33333333333333326
45 44 8.797623003362065e-17
46 124 -0.041666666666666706
46 76 -0.041666666666666685
46 70 -0.041666666666666678
46 2 8.5753615580025366e-17
46 152 -0.083333333333333343
46 151 -0.041666666666666685
46 123 2.4848558540652155e-17
46 122 -0.041666666666666699
46 116 4.3713676341899932e-17
46 115 -0.041666666666666685
46 46 0.33333333333333337
46 45 -2.6413875427178102e-17
47 77 -0.041666666666666692
47 124 -0.041666666666666699
47 3 2.2659825404947043e-17
47 70 -0.041666666666666671
47 125 -3.2959746043559335e-17
47 126 -0.041666666666666644
47 152 -0.083333333333333343
47 151 -0.041666666666666678
47 47 0.33333333333333337
47 48 -3.5670251474773096e-17
47 116 3.9048218868423246e-17
47 115 -0.04166666666666665
48 125 -0.041666666666666671
48 152 -0.041666666666666671
48 47 -3.5670251474773096e-17
48 116 -0.041666666666666692
48 126 -1.2468324983583301e-17
48 127 -0.04166666666666665
48 151 -0.083333333333333287
48 150 -0.041666666666666685
48 48 0.33333333333333326
48 49 8.7711955754077309e-17
48 115 2.6732359815345719e-18
48 114 -0.04166666666666663
49 126 -0.041666666666666637
49 151 -0.041666666666666664
49 48 8.7711955754077309e-17
49 115 -0.04166666666666665
49 127 -5.9847959921199845e-17
49 128 -0.041666666666666637
49 150 -0.08333333333333337
49 149 -0.041666666666666699
49 49 0.33333333333333343
49 50 3.8272336688738307e-17
49 114 -9.804914584236879e-17
49 113 -0.041666666666666664
50 127 -0.04166666666666672
50 150 -0.041666666666666706
50 49 3.8272336688738307e-17
50 114 -0.041666666666666678
50 128 3.4694469519536142e-18
50 129 -0.041666666666666692
50 149 -0.083333333333333315
50 148 -0.041666666666666671
50 50 0.33333333333333337
50 51 -3.8163916471489756e-17
50 113 3.0916702574781962e-17
50 112 -0.041666666666666657
51 128 -0.04166666666666665
51 149 -0.041666666666666657
51 50 -3.8163916471489756e-17
51 113 -0.041666666666666692
51 129 -7.0256300777060687e-17
51 130 -0.041666666666666678
51 148 -0.08333333333333337
51 147 -0.041666666666666664
51 51 0.33333333333333348
51 52 9.8337137044435252e-17
51 112 -3.8668748108053319e-17
51 111 -0.041666666666666685
52 129 -0.041666666666666616
52 148 -0.041666666666666678
52 51 9.8337137044435252e-17
52 112 -0.041666666666666637
52 130 -8.5435131191857749e-17
52 131 -0.041666666666666678
52 147 -0.083333333333333384
52 146 -0.04166666666666665
52 52 0.33333333333333337
52 53 -3.4369208867790491e-17
52 111 -9.6697281258550927e-18
52 110 -0.04166666666666665
53 130 -0.041666666666666644
53 147 -0.041666666666666671
53 52 -3.4369208867790491e-17
53 111 -0.041666666666666699
53 131 2.927345865710862e-18
53 78 -0.041666666666666664
53 146 -0.083333333333333315
53 94 -0.041666666666666664
53 53 0.33333333333333337
53 4 -3.8163916471489756e-17
53 110 2.8080836267374565e-17
53 69 -0.041666666666666678
54 133 -0.041666666666666637
54 55 -2.3960868011929648e-17
54 147 -0.04166666666666665
54 118 -0.041666666666666657
54 132 1.2468324983583301e-17
54 72 -0.041666666666666664
54 54 0.3333333333333332
54 7 -2.6020852139652106e-17
54 146 -0.083333333333333315
54 94 -0.041666666666666664
54 117 3.045930478326464e-17
54 75 -0.04166666666666665
55 134 -0.041666666666666657
55 56 6.6244752738864321e-17
55 148 -0.041666666666666657
55 119 -0.041666666666666588
55 133 -6.9172098604575183e-17
55 132 -0.041666666666666678
55 55 0.33333333333333337
55 54 -2.3960868011929648e-17
55 147 -0.08333333333333337
55 146 -0.041666666666666671
55 118 -2.2083843000814118e-17
55 117 -0.041666666666666678
56 135 -0.041666666666666644
56 57 3.4694469519536142e-18
56 149 -0.041666666666666671
56 120 -0.041666666666666699
56 134 -5.377642775528102e-17
56 133 -0.041666666666666623
56 56 0.33333333333333337
56 55 6.6244752738864321e-17
56 148 -0.08333333333333337
56 147 -0.041666666666666678
56 119 -4.0295051366781576e-17
56 118 -0.041666666666666692
57 136 -0.041666666666666678
57 58 7.2099444470286045e-17
57 150 -0.041666666666666692
57 121 -0.041666666666666685
57 135 -1.0408340855860843e-17
57 134 -0.041666666666666678
57 57 0.33333333333333326
57 56 3.4694469519536142e-18
57 149 -0.083333333333333287
57 148 -0.04166666666666665
57 120 3.7032280453958011e-18
57 119 -0.041666666666666623
58 137 -0.041666666666666664
58 59 4.8680677544599149e-17
58 151 -0.041666666666666685
58 122 -0.041666666666666699
58 136 -3.4694469519536142e-18
58 135 -0.041666666666666678
58 58 0.33333333333333337
58 57 7.2099444470286045e-17
58 150 -0.08333333333333337
58 149 -0.041666666666666699
58 121 -5.6253152093052594e-17
58 120 -0.04166666666666665
59 138 -0.04166666666666663
59 60 9.1072982488782372e-18
59 152 -0.041666666666666671
59 123 -0.041666666666666713
59 137 -4.5536491244391186e-18
59 136 -0.041666666666666664
59 59 0.3333333333333332
59 58 4.8680677544599149e-17
59 151 -0.083333333333333301
59 150 -0.041666666666666664
59 122 -2.8609384826461248e-17
59 121 -0.041666666666666595
60 73 -0.041666666666666692
60 8 5.0415401020575956e-17
60 124 -0.041666666666666699
60 76 -0.041666666666666664
60 138 -2.8622937353617317e-17
60 137 -0.041666666666666692
60 60 0.33333333333333326
60 59 9.1072982488782372e-18
60 152 -0.083333333333333343
60 151 -0.041666666666666671
60 123 9.0158186905747728e-18
60 122 -0.041666666666666616
61 9 6.3317406873153459e-17
61 73 -0.041666666666666678
61 77 -0.041666666666666678
61 124 -0.041666666666666699
61 61 0.33333333333333331
61 62 6.9388939039072284e-18
61 138 -2.2768245622195593e-17
61 137 -0.041666666666666637
61 125 -4.4452289071905682e-17
61 126 -0.041666666666666671
61 152 -0.083333333333333343
61 151 -0.04166666666666665
62 61 6.9388939039072284e-18
62 138 -0.041666666666666692
62 125 -0.041666666666666644
62 152 -0.041666666666666685
62 62 0.3333333333333332
62 63 5.6378512969246231e-17
62 137 -3.7947076036992655e-18
62 136 -0.041666666666666664
62 126 -1.8539857149502126e-17
62 127 -0.041666666666666637
62 151 -0.083333333333333315
62 150 -0.041666666666666671
63 62 5.6378512969246231e-17
63 137 -0.041666666666666664
63 126 -0.041666666666666637
63 151 -0.041666666666666692
63 63 0.33333333333333343
63 64 5.6378512969246231e-17
63 136 -1.0625181290357943e-17
63 135 -0.041666666666666678
63 127 -6.8738417735580981e-17
63 128 -0.04166666666666672
63 150 -0.08333333333333337
63 149 -0.041666666666666706
64 63 5.6378512969246231e-17
64 136 -0.041666666666666678
64 127 -0.041666666666666637
64 150 -0.041666666666666706
64 64 0.33333333333333326
64 65 -4.0766001685454967e-17
64 135 -1.7564075194265172e-17
64 134 -0.041666666666666644
64 128 6.5052130349130266e-19
64 129 -0.04166666666666665
64 149 -0.083333333333333287
64 148 -0.041666666666666637
65 64 -4.0766001685454967e-17
65 135 -0.041666666666666678
65 128 -0.041666666666666692
65 149 -0.041666666666666692
65 65 0.33333333333333337
65 66 1.2056328158038809e-16
65 134 -5.4643789493269423e-17
65 133 -0.041666666666666657
65 129 -7.3725747729014302e-17
65 130 -0.041666666666666616
65 148 -0.08333333333333337
65 147 -0.041666666666666692
66 65 1.2056328158038809e-16
66 134 -0.041666666666666623
66 129 -0.041666666666666678
66 148 -0.041666666666666657
66 66 0.33333333333333326
66 67 -1.3877787807814457e-17
66 133 -7.2641545556528797e-17
66 132 -0.041666666666666637
66 130 -8.5435131191857749e-17
66 131 -0.041666666666666644
66 147 -0.08333333333333337
66 146 -0.041666666666666664
67 66 -1.3877787807814457e-17
67 133 -0.041666666666666678
67 130 -0.041666666666666678
67 147 -0.041666666666666671
67 67 0.33333333333333331
67 10 -1.474514954580286e-17
67 132 1.0733601507606494e-17
67 72 -0.041666666666666678
67 131 -4.0115480381963664e-18
67 78 -0.041666666666666678
67 146 -0.083333333333333315
67 94 -0.041666666666666671
68 101 -0.041666666666666657
68 79 -0.041666666666666671
68 25 -0.041666666666666671
68 5 -6.1426829334881861e-18
68 139 -0.083333333333333343
68 102 -1.210579488215846e-17
68 87 -0.041666666666666657
68 74 -0.041666666666666678
68 80 -1.3515257706389616e-17
68 68 0.33333333333333337
68 12 -0.041666666666666671
68 0 -4.407959457511379e-18
69 131 -0.041666666666666671
69 53 -0.041666666666666678
69 146 -0.083333333333333343
69 117 -0.041666666666666664
69 110 -8.5181021307681459e-17
69 40 -0.041666666666666664
69 78 -0.083333333333333273
69 95 -0.041666666666666706
69 4 4.4814819173330522e-17
69 19 -0.041666666666666671
69 94 7.4413538482184793e-17
69 145 -0.08333333333333337
69 75 -0.083333333333333287
69 93 -0.041666666666666706
69 69 0.66666666666666663
69 86 5.8645173136098738e-17
69 1 4.5790601128567476e-17
69 18 -0.041666666666666678
70 77 -0.04166666666666663
70 125 -0.041666666666666699
70 3 3.4586049302287591e-17
70 47 -0.041666666666666671
70 124 4.1199682554449168e-17
70 152 -0.083333333333333343
70 76 -0.04166666666666663
70 123 -0.041666666666666699
70 70 0.3333333333333332
70 116 7.122191833693059e-17
70 2 2.8189256484623115e-17
70 46 -0.041666666666666678
71 39 -0.041666666666666664
71 11 -7.8062556418956319e-18
71 101 -0.041666666666666657
71 79 -0.041666666666666678
71 103 -1.1275702593849246e-17
71 71 0.33333333333333337
71 26 -0.041666666666666664
71 6 -4.3368086899420177e-18
71 139 -0.083333333333333343
71 102 -1.6008922703106276e-17
71 87 -0.041666666666666657
71 74 -0.041666666666666671
72 67 -0.041666666666666678
72 131 -0.041666666666666664
72 132 -3.7296554733501353e-17
72 54 -0.041666666666666664
72 146 -0.083333333333333343
72 117 -0.041666666666666657
72 10 3.7296554733501353e-17
72 33 -0.041666666666666678
72 78 -0.083333333333333287
72 95 -0.041666666666666699
72 72 0.66666666666666641
72 109 7.9038338374193273e-17
72 7 4.3368086899420177e-17
72 32 -0.041666666666666685
72 94 6.3463096540081199e-17
72 145 -0.08333333333333337
72 75 -0.083333333333333259
72 93 -0.041666666666666706
73 9 1.3877787807814457e-17
73 61 -0.041666666666666678
73 77 -0.041666666666666623
73 125 -0.041666666666666699
73 73 0.33333333333333326
73 138 9.5518211395972941e-17
73 8 1.6479873021779667e-17
73 60 -0.041666666666666692
73 124 3.5019730171281793e-17
73 152 -0.08333333333333337
73 76 -0.04166666666666663
73 123 -0.041666666666666706
74 103 -0.041666666666666657
74 71 -0.041666666666666671
74 26 -0.041666666666666664
74 6 -6.0342627162396356e-18
74 139 -0.083333333333333343
74 102 -8.7447681474533967e-18
74 87 -1.0045810754436002e-17
74 74 0.33333333333333331
74 80 -0.041666666666666657
74 68 -0.041666666666666678
74 12 -0.041666666666666671
74 0 -2.5648157642860214e-18
75 132 -0.041666666666666671
75 54 -0.04166666666666665
75 146 -0.08333333333333337
75 117 -7.6507403927797424e-17
75 110 -0.041666666666666664
75 40 -0.041666666666666678
75 72 -0.083333333333333259
75 109 -0.041666666666666706
75 7 4.8717946994278338e-17
75 32 -0.041666666666666678
75 94 8.590608151053114e-17
75 145 -0.083333333333333343
75 75 0.66666666666666641
75 93 6.281935150016793e-17
75 69 -0.083333333333333287
75 86 -0.041666666666666699
75 1 5.5440000463688466e-17
75 18 -0.041666666666666664
76 73 -0.04166666666666663
76 138 -0.041666666666666692
76 8 1.9407218887490529e-17
76 60 -0.041666666666666664
76 124 4.7488055154865094e-17
76 152 -0.083333333333333343
76 76 0.33333333333333315
76 123 8.9436514834687064e-17
76 70 -0.04166666666666663
76 116 -0.041666666666666706
76 2 2.1358782797964437e-17
76 46 -0.041666666666666685
77 9 1.8214596497756474e-17
77 61 -0.041666666666666678
77 73 -0.041666666666666623
77 138 -0.041666666666666699
77 77 0.33333333333333326
77 125 9.1181402706030923e-17
77 124 3.7404974950749903e-17
77 152 -0.083333333333333384
77 3 2.3418766925686896e-17
77 47 -0.041666666666666692
77 70 -0.04166666666666663
77 116 -0.041666666666666706
78 67 -0.041666666666666678
78 132 -0.041666666666666664
78 131 -5.2909066017292616e-17
78 146 -0.083333333333333329
78 53 -0.041666666666666664
78 110 -0.041666666666666657
78 10 1.9081958235744878e-17
78 33 -0.041666666666666678
78 72 -0.083333333333333287
78 109 -0.041666666666666713
78 78 0.66666666666666663
78 95 7.9038338374193273e-17
78 94 7.5389320437421747e-17
78 145 -0.08333333333333337
78 4 2.1684043449710089e-17
78 19 -0.041666666666666706
78 69 -0.083333333333333273
78 86 -0.041666666666666706
79 39 -0.041666666666666678
79 11 -1.0408340855860843e-17
79 103 -0.041666666666666657
79 71 -0.041666666666666678
79 101 -1.6479873021779667e-17
79 79 0.33333333333333337
79 139 -0.083333333333333343
79 102 -1.3948938575383818e-17
79 25 -0.041666666666666678
79 5 -6.9388939039072284e-18
79 80 -0.041666666666666657
79 68 -0.041666666666666671
80 100 -0.041666666666666657
80 24 -0.041666666666666671
80 101 -0.083333333333333343
80 79 -0.041666666666666657
80 25 -7.2268851059736905e-18
80 5 -0.041666666666666671
80 140 -0.083333333333333343
80 88 -0.041666666666666657
80 81 -1.3515257706389616e-17
80 13 -0.041666666666666671
80 139 -2.1538353782782349e-17
80 102 -0.083333333333333343
80 87 -0.083333333333333343
80 74 -0.041666666666666657
80 80 0.66666666666666663
80 68 -1.3515257706389616e-17
80 12 -8.9616085819504976e-18
80 0 -0.041666666666666671
81 99 -0.041666666666666664
81 23 -0.041666666666666664
81 100 -0.083333333333333343
81 101 -0.041666666666666657
81 24 -1.3935386048227749e-17
81 25 -0.041666666666666671
81 141 -0.083333333333333343
81 89 -0.041666666666666664
81 82 -1.9413995151068564e-18
81 14 -0.041666666666666671
81 140 -3.0425423465374468e-17
81 139 -0.083333333333333343
81 88 -0.083333333333333343
81 87 -0.041666666666666657
81 81 0.66666666666666674
81 80 -1.3515257706389616e-17
81 13 -1.5670109524204556e-17
81 12 -0.041666666666666671
82 98 -0.041666666666666657
82 22 -0.041666666666666671
82 99 -0.083333333333333343
82 100 -0.041666666666666664
82 23 -9.6121298854418002e-18
82 24 -0.041666666666666671
82 142 -0.083333333333333343
82 90 -0.041666666666666657
82 83 -1.3623677923638167e-17
82 15 -0.041666666666666664
82 141 -3.5741402242342457e-17
82 140 -0.083333333333333343
82 89 -0.083333333333333343
82 88 -0.041666666666666657
82 82 0.66666666666666674
82 81 -1.9413995151068564e-18
82 14 -1.0479491623430204e-17
82 13 -0.041666666666666671
83 97 -0.041666666666666706
83 21 -0.041666666666666671
83 98 -0.083333333333333315
83 99 -0.041666666666666657
83 22 1.9186990321204411e-17
83 23 -0.041666666666666664
83 143 -0.083333333333333356
83 91 -0.041666666666666706
83 84 6.5113116721332576e-17
83 16 -0.041666666666666678
83 142 3.2749681872640268e-17
83 141 -0.083333333333333343
83 90 -0.083333333333333315
83 89 -0.041666666666666657
83 83 0.66666666666666652
83 82 -1.3623677923638167e-17
83 15 2.2012692233244757e-17
83 14 -0.041666666666666671
84 96 -0.041666666666666664
84 20 -0.04166666666666665
84 97 -0.083333333333333343
84 98 -0.041666666666666706
84 21 -6.596692593216491e-18
84 22 -0.041666666666666678
84 144 -0.083333333333333329
84 92 -0.041666666666666664
84 85 3.6991622872489804e-17
84 17 -0.041666666666666664
84 143 -2.4811289090972966e-17
84 142 -0.083333333333333343
84 91 -0.083333333333333343
84 90 -0.041666666666666699
84 84 0.66666666666666674
84 83 6.5113116721332576e-17
84 16 -6.596692593216491e-18
84 15 -0.041666666666666671
85 95 -0.041666666666666664
85 19 -0.041666666666666678
85 96 -0.083333333333333273
85 97 -0.041666666666666657
85 20 2.8236690329669356e-17
85 21 -0.041666666666666664
85 145 -0.083333333333333315
85 93 -0.041666666666666657
85 86 -6.6746196243638867e-18
85 18 -0.04166666666666665
85 144 4.2876807790012683e-17
85 143 -0.083333333333333315
85 92 -0.083333333333333259
85 91 -0.041666666666666664
85 85 0.66666666666666652
85 84 3.6991622872489804e-17
85 17 3.1164036195380218e-17
85 16 -0.041666666666666657
86 78 -0.041666666666666706
86 4 -0.041666666666666678
86 95 -0.08333333333333337
86 96 -0.041666666666666664
86 19 -1.6896613231828783e-17
86 20 -0.041666666666666657
86 94 -0.08333333333333337
86 75 -0.041666666666666699
86 69 5.8645173136098738e-17
86 1 -0.041666666666666671
86 145 -3.6192023770281745e-17
86 144 -0.083333333333333343
86 93 -0.08333333333333337
86 92 -0.041666666666666671
86 86 0.66666666666666696
86 85 -6.6746196243638867e-18
86 18 -8.9785492408955836e-18
86 17 -0.041666666666666671
87 104 -0.041666666666666657
87 27 -0.041666666666666664
87 103 -0.083333333333333343
87 71 -0.041666666666666657
87 26 -9.3952894509446994e-18
87 6 -0.041666666666666671
87 140 -0.083333333333333343
87 88 -1.3515257706389616e-17
87 81 -0.041666666666666657
87 13 -0.041666666666666671
87 139 -1.6008922703106276e-17
87 102 -0.083333333333333343
87 87 0.66666666666666663
87 74 -1.0045810754436002e-17
87 80 -0.083333333333333343
87 68 -0.041666666666666657
87 12 -3.7574381540200763e-18
87 0 -0.041666666666666671
88 105 -0.041666666666666664
88 28 -0.041666666666666671
88 104 -0.083333333333333343
88 103 -0.041666666666666657
88 27 -1.0909784360635388e-17
88 26 -0.041666666666666671
88 141 -0.083333333333333343
88 89 -4.4350645118235166e-18
88 82 -0.041666666666666657
88 14 -0.041666666666666664
88 140 -2.9331056897521912e-17
88 139 -0.083333333333333343
88 88 0.66666666666666663
88 87 -1.3515257706389616e-17
88 81 -0.083333333333333343
88 80 -0.041666666666666657
88 13 -8.7413800156643795e-18
88 12 -0.041666666666666671
89 106 -0.041666666666666657
89 29 -0.041666666666666664
89 105 -0.083333333333333343
89 104 -0.041666666666666657
89 28 -1.3406837489141066e-17
89 27 -0.041666666666666664
89 142 -0.083333333333333343
89 90 -1.6225763137603377e-17
89 83 -0.041666666666666657
89 15 -0.041666666666666664
89 141 -2.0779412262042496e-17
89 140 -0.083333333333333343
89 89 0.66666666666666663
89 88 -4.4350645118235166e-18
89 82 -0.083333333333333343
89 81 -0.041666666666666664
89 14 -9.9373905371874516e-18
89 13 -0.041666666666666671
90 107 -0.041666666666666706
90 30 -0.041666666666666685
90 106 -0.083333333333333315
90 105 -0.041666666666666657
90 29 1.5930995671958881e-17
90 28 -0.041666666666666664
90 143 -0.083333333333333343
90 91 5.2427951303252174e-17
90 84 -0.041666666666666699
90 16 -0.04166666666666665
90 142 3.67544536472586e-17
90 141 -0.083333333333333329
90 90 0.66666666666666652
90 89 -1.6225763137603377e-17
90 83 -0.083333333333333315
90 82 -0.041666666666666657
90 15 2.3198538359400778e-17
90 14 -0.041666666666666664
91 108 -0.041666666666666664
91 31 -0.04166666666666665
91 107 -0.083333333333333343
91 106 -0.041666666666666706
91 30 1.2095630486791409e-18
91 29 -0.04166666666666665
91 144 -0.083333333333333315
91 92 3.0215359294455402e-17
91 85 -0.041666666666666664
91 17 -0.04166666666666665
91 143 -1.8627948576016573e-17
91 142 -0.08333333333333337
91 91 0.66666666666666674
91 90 5.2427951303252174e-17
91 84 -0.083333333333333343
91 83 -0.041666666666666706
91 16 8.4737176043320206e-18
91 15 -0.041666666666666685
92 109 -0.041666666666666657
92 32 -0.041666666666666644
92 108 -0.083333333333333259
92 107 -0.041666666666666657
92 31 2.4116722074224439e-17
92 30 -0.041666666666666657
92 145 -0.083333333333333356
92 93 7.7994793783175975e-18
92 86 -0.041666666666666671
92 18 -0.041666666666666671
92 144 3.7235568361299043e-17
92 143 -0.083333333333333343
92 92 0.66666666666666652
92 91 3.0215359294455402e-17
92 85 -0.083333333333333259
92 84 -0.041666666666666664
92 17 3.9288776225443467e-17
92 16 -0.04166666666666665
93 72 -0.041666666666666706
93 7 -0.041666666666666671
93 109 -0.08333333333333337
93 108 -0.041666666666666664
93 32 -2.8063895608429479e-17
93 31 -0.041666666666666671
93 94 -0.08333333333333337
93 75 6.281935150016793e-17
93 69 -0.041666666666666706
93 1 -0.041666666666666678
93 145 -1.2993485410880967e-17
93 144 -0.083333333333333315
93 93 0.66666666666666685
93 92 7.7994793783175975e-18
93 86 -0.08333333333333337
93 85 -0.041666666666666657
93 18 -1.6242703796548463e-17
93 17 -0.041666666666666644
94 67 -0.041666666666666671
94 132 -0.083333333333333343
94 54 -0.041666666666666664
94 131 -0.08333333333333337
94 53 -0.041666666666666664
94 146 -1.2247757604118281e-16
94 117 -0.083333333333333343
94 110 -0.083333333333333343
94 40 -0.041666666666666657
94 10 -0.083333333333333273
94 33 -0.041666666666666706
94 72 6.3463096540081199e-17
94 109 -0.08333333333333337
94 7 -0.083333333333333287
94 32 -0.041666666666666706
94 78 7.5389320437421747e-17
94 95 -0.083333333333333343
94 4 -0.083333333333333287
94 19 -0.041666666666666699
94 94 1.333333333333333
94 145 1.4277926172097388e-16
94 75 8.590608151053114e-17
94 93 -0.08333333333333337
94 69 7.4413538482184793e-17
94 86 -0.08333333333333337
94 1 -0.083333333333333259
94 18 -0.041666666666666706
95 10 -0.041666666666666706
95 72 -0.041666666666666699
95 33 -6.2883726004159257e-18
95 34 -0.041666666666666657
95 109 -0.083333333333333356
95 108 -0.041666666666666664
95 78 7.9038338374193273e-17
95 94 -0.083333333333333343
95 4 -0.041666666666666678
95 69 -0.041666666666666706
95 95 0.66666666666666685
95 96 -7.4809949901499806e-18
95 145 -4.5526326849024135e-17
95 144 -0.083333333333333356
95 19 -1.7347234759768071e-18
95 20 -0.041666666666666678
95 86 -0.08333333333333337
95 85 -0.041666666666666664
96 33 -0.041666666666666678
96 109 -0.041666666666666657
96 34 2.1684043449710089e-19
96 35 -0.041666666666666664
96 108 -0.083333333333333259
96 107 -0.041666666666666657
96 95 -7.4809949901499806e-18
96 145 -0.083333333333333315
96 19 -0.041666666666666657
96 86 -0.041666666666666664
96 96 0.66666666666666652
96 97 6.4293188828390413e-17
96 144 2.1616280813929745e-17
96 143 -0.083333333333333315
96 20 1.1926223897340549e-18
96 21 -0.041666666666666664
96 85 -0.083333333333333273
96 84 -0.041666666666666664
97 34 -0.041666666666666664
97 108 -0.041666666666666657
97 35 -3.2526065174565133e-17
97 36 -0.041666666666666692
97 107 -0.083333333333333343
97 106 -0.041666666666666692
97 96 6.4293188828390413e-17
97 144 -0.083333333333333329
97 20 -0.041666666666666664
97 85 -0.041666666666666657
97 97 0.66666666666666674
97 98 8.2290944891649787e-17
97 143 -4.2483784502486688e-17
97 142 -0.083333333333333343
97 21 -2.5478751053409354e-17
97 22 -0.041666666666666678
97 84 -0.083333333333333343
97 83 -0.041666666666666706
98 35 -0.041666666666666678
98 107 -0.041666666666666706
98 36 9.1072982488782372e-18
98 37 -0.041666666666666671
98 106 -0.083333333333333315
98 105 -0.041666666666666657
98 97 8.2290944891649787e-17
98 143 -0.08333333333333337
98 21 -0.041666666666666692
98 84 -0.041666666666666706
98 98 0.66666666666666663
98 99 -1.6479873021779667e-17
98 142 2.7752187483839896e-17
98 141 -0.083333333333333343
98 22 1.3552527156068805e-17
98 23 -0.041666666666666678
98 83 -0.083333333333333315
98 82 -0.041666666666666657
99 36 -0.041666666666666678
99 106 -0.041666666666666657
99 37 -2.927345865710862e-17
99 38 -0.041666666666666671
99 105 -0.083333333333333343
99 104 -0.041666666666666664
99 98 -1.6479873021779667e-17
99 142 -0.083333333333333315
99 22 -0.041666666666666671
99 83 -0.041666666666666657
99 99 0.66666666666666663
99 100 -1.951563910473908e-18
99 141 -2.3381497476007707e-17
99 140 -0.083333333333333343
99 23 -2.7538735181131813e-17
99 24 -0.041666666666666671
99 82 -0.083333333333333343
99 81 -0.041666666666666664
100 37 -0.041666666666666671
100 105 -0.041666666666666664
100 38 -2.5153490401663703e-17
100 39 -0.041666666666666678
100 104 -0.083333333333333343
100 103 -0.041666666666666657
100 99 -1.951563910473908e-18
100 141 -0.083333333333333343
100 23 -0.041666666666666671
100 82 -0.041666666666666664
100 100 0.66666666666666663
100 101 -1.9949319973733282e-17
100 140 -3.2800503849475526e-17
100 139 -0.083333333333333343
100 24 -2.0816681711721685e-17
100 25 -0.041666666666666664
100 81 -0.083333333333333343
100 80 -0.041666666666666657
101 38 -0.041666666666666664
101 104 -0.04166666666666665
101 39 -1.9949319973733282e-17
101 11 -0.041666666666666678
101 103 -0.083333333333333343
101 71 -0.041666666666666657
101 100 -1.9949319973733282e-17
101 140 -0.083333333333333343
101 24 -0.041666666666666678
101 81 -0.041666666666666657
101 101 0.66666666666666674
101 79 -1.6479873021779667e-17
101 139 -1.9478369655059891e-17
101 102 -0.083333333333333343
101 25 -1.474514954580286e-17
101 5 -0.041666666666666678
101 80 -0.083333333333333343
101 68 -0.041666666666666657
102 39 -0.041666666666666657
102 11 -0.041666666666666664
102 103 -0.083333333333333343
102 71 -1.6008922703106276e-17
102 26 -0.041666666666666657
102 6 -0.041666666666666678
102 101 -0.083333333333333343
102 79 -1.3948938575383818e-17
102 25 -0.041666666666666657
102 5 -0.041666666666666678
102 139 -2.4790960300238862e-17
102 102 0.66666666666666674
102 87 -0.083333333333333343
102 74 -8.7447681474533967e-18
102 80 -0.083333333333333343
102 68 -1.210579488215846e-17
102 12 -0.041666666666666657
102 0 -0.041666666666666671
103 38 -0.041666666666666664
103 100 -0.041666666666666657
103 39 -1.214306433183765e-17
103 11 -0.041666666666666664
103 101 -0.083333333333333343
103 79 -0.041666666666666657
103 104 -1.1275702593849246e-17
103 27 -0.041666666666666664
103 140 -0.083333333333333343
103 88 -0.041666666666666657
103 103 0.66666666666666663
103 71 -1.1275702593849246e-17
103 26 -6.9388939039072284e-18
103 6 -0.041666666666666664
103 139 -2.7176205079706972e-17
103 102 -0.083333333333333343
103 87 -0.083333333333333343
103 74 -0.041666666666666657
104 37 -0.041666666666666664
104 99 -0.041666666666666664
104 38 -1.8865117801247777e-17
104 39 -0.041666666666666664
104 100 -0.083333333333333343
104 101 -0.04166666666666665
104 105 -5.4210108624275222e-19
104 28 -0.041666666666666671
104 141 -0.083333333333333343
104 89 -0.041666666666666657
104 104 0.66666666666666652
104 103 -1.1275702593849246e-17
104 27 -1.3660947373317356e-17
104 26 -0.041666666666666664
104 140 -3.6496955631293293e-17
104 139 -0.083333333333333329
104 88 -0.083333333333333343
104 87 -0.041666666666666657
105 36 -0.041666666666666671
105 98 -0.041666666666666657
105 37 -1.3660947373317356e-17
105 38 -0.041666666666666671
105 99 -0.083333333333333343
105 100 -0.041666666666666664
105 106 -1.6479873021779667e-17
105 29 -0.041666666666666664
105 142 -0.083333333333333343
105 90 -0.041666666666666657
105 105 0.66666666666666663
105 104 -5.4210108624275222e-19
105 28 -1.0191500421363742e-17
105 27 -0.041666666666666664
105 141 -3.7476125718319264e-17
105 140 -0.083333333333333343
105 89 -0.083333333333333343
105 88 -0.041666666666666664
106 35 -0.041666666666666678
106 97 -0.041666666666666692
106 36 1.0842021724855044e-17
106 37 -0.041666666666666657
106 98 -0.083333333333333315
106 99 -0.041666666666666657
106 107 6.8304736866586779e-17
106 30 -0.041666666666666685
106 143 -0.083333333333333343
106 91 -0.041666666666666706
106 106 0.66666666666666652
106 105 -1.6479873021779667e-17
106 29 1.6154612370034016e-17
106 28 -0.041666666666666671
106 142 2.0596453145435567e-17
106 141 -0.083333333333333343
106 90 -0.083333333333333315
106 89 -0.041666666666666657
107 34 -0.04166666666666665
107 96 -0.041666666666666657
107 35 -1.6913553890773869e-17
107 36 -0.041666666666666685
107 97 -0.083333333333333343
107 98 -0.041666666666666706
107 108 5.9956380138448395e-17
107 31 -0.041666666666666671
107 144 -0.083333333333333315
107 92 -0.041666666666666657
107 107 0.66666666666666663
107 106 6.8304736866586779e-17
107 30 -1.0733601507606494e-17
107 29 -0.041666666666666678
107 143 -4.3141082069556025e-17
107 142 -0.08333333333333337
107 91 -0.083333333333333343
107 90 -0.041666666666666706
108 33 -0.041666666666666678
108 95 -0.041666666666666664
108 34 1.1492543028346347e-17
108 35 -0.041666666666666664
108 96 -0.083333333333333259
108 97 -0.041666666666666657
108 109 1.8539857149502126e-17
108 32 -0.041666666666666657
108 145 -0.083333333333333343
108 93 -0.041666666666666664
108 108 0.66666666666666641
108 107 5.9956380138448395e-17
108 31 1.8539857149502126e-17
108 30 -0.04166666666666665
108 144 1.565316886525947e-17
108 143 -0.083333333333333329
108 92 -0.083333333333333259
108 91 -0.041666666666666664
109 10 -0.041666666666666685
109 78 -0.041666666666666713
109 33 -2.3635607360183997e-17
109 34 -0.041666666666666657
109 95 -0.083333333333333356
109 96 -0.041666666666666657
109 72 7.9038338374193273e-17
109 7 -0.041666666666666678
109 94 -0.08333333333333337
109 75 -0.041666666666666706
109 109 0.66666666666666685
109 108 1.8539857149502126e-17
109 32 0
109 31 -0.041666666666666678
109 145 -5.0296816407960354e-17
109 144 -0.083333333333333315
109 93 -0.08333333333333337
109 92 -0.041666666666666657
110 130 -0.041666666666666664
110 52 -0.04166666666666665
110 131 -0.083333333333333315
110 78 -0.041666666666666657
110 53 2.8080836267374565e-17
110 4 -0.041666666666666664
110 147 -0.083333333333333315
110 118 -0.041666666666666671
110 111 -8.4479678027354899e-17
110 41 -0.041666666666666699
110 146 3.29529697799813e-17
110 94 -0.083333333333333343
110 117 -0.083333333333333315
110 75 -0.041666666666666664
110 110 0.66666666666666663
110 69 -8.5181021307681459e-17
110 40 2.9815559743351372e-17
110 1 -0.041666666666666678
111 129 -0.041666666666666692
111 51 -0.041666666666666685
111 130 -0.08333333333333337
111 131 -0.041666666666666671
111 52 -9.6697281258550927e-18
111 53 -0.041666666666666699
111 148 -0.083333333333333315
111 119 -0.041666666666666678
111 112 1.3881175939603474e-16
111 42 -0.04166666666666663
111 147 -1.0513372941320376e-16
111 146 -0.083333333333333329
111 118 -0.08333333333333337
111 117 -0.04166666666666665
111 111 0.66666666666666685
111 110 -8.4479678027354899e-17
111 41 -7.9350046498782856e-18
111 40 -0.041666666666666657
112 128 -0.041666666666666637
112 50 -0.041666666666666657
112 129 -0.08333333333333337
112 130 -0.041666666666666657
112 51 -3.8668748108053319e-17
112 52 -0.041666666666666637
112 149 -0.083333333333333259
112 120 -0.04166666666666665
112 113 -6.3740923346780609e-17
112 43 -0.041666666666666692
112 148 -1.0447981997792344e-16
112 147 -0.083333333333333259
112 119 -0.08333333333333337
112 118 -0.041666666666666664
112 112 0.66666666666666685
112 111 1.3881175939603474e-16
112 42 -4.3005556797995337e-17
112 41 -0.041666666666666685
113 127 -0.041666666666666706
113 49 -0.041666666666666664
113 128 -0.083333333333333315
113 129 -0.041666666666666692
113 50 3.0916702574781962e-17
113 51 -0.041666666666666692
113 150 -0.08333333333333337
113 121 -0.041666666666666699
113 114 1.001972213966057e-16
113 44 -0.041666666666666664
113 149 1.2597073991565955e-17
113 148 -0.083333333333333398
113 120 -0.083333333333333315
113 119 -0.041666666666666671
113 113 0.66666666666666674
113 112 -6.3740923346780609e-17
113 43 3.3305335486039089e-17
113 42 -0.041666666666666657
114 126 -0.041666666666666671
114 48 -0.04166666666666663
114 127 -0.08333333333333337
114 128 -0.041666666666666706
114 49 -9.804914584236879e-17
114 50 -0.041666666666666678
114 151 -0.083333333333333259
114 122 -0.041666666666666664
114 115 1.7617268863352742e-16
114 45 -0.04166666666666665
114 150 -1.0449676063686852e-16
114 149 -0.083333333333333329
114 121 -0.08333333333333337
114 120 -0.041666666666666692
114 114 0.66666666666666674
114 113 1.001972213966057e-16
114 44 -9.0781603154926893e-17
114 43 -0.041666666666666664
115 125 -0.04166666666666665
115 47 -0.04166666666666665
115 126 -0.083333333333333315
115 127 -0.041666666666666685
115 48 2.6732359815345719e-18
115 49 -0.04166666666666665
115 152 -0.083333333333333287
115 123 -0.041666666666666671
115 116 -6.2836292159113016e-17
115 46 -0.041666666666666685
115 151 -2.8714416911920781e-17
115 150 -0.083333333333333343
115 122 -0.083333333333333301
115 121 -0.041666666666666685
115 115 0.66666666666666652
115 114 1.7617268863352742e-16
115 45 1.2000762796698927e-17
115 44 -0.04166666666666663
116 77 -0.041666666666666706
116 3 -0.041666666666666685
116 125 -0.083333333333333343
116 126 -0.041666666666666685
116 47 3.9048218868423246e-17
116 48 -0.041666666666666692
116 124 -0.08333333333333337
116 76 -0.041666666666666706
116 70 7.122191833693059e-17
116 2 -0.041666666666666671
116 152 -3.0554172473357122e-17
116 151 -0.083333333333333356
116 123 -0.083333333333333343
116 122 -0.041666666666666671
116 116 0.66666666666666685
116 115 -6.2836292159113016e-17
116 46 4.3713676341899932e-17
116 45 -0.041666666666666644
117 133 -0.041666666666666664
117 55 -0.041666666666666678
117 132 -0.083333333333333315
117 72 -0.041666666666666657
117 54 3.045930478326464e-17
117 7 -0.041666666666666678
117 147 -0.083333333333333287
117 118 -6.8867166743563635e-17
117 111 -0.04166666666666665
117 41 -0.041666666666666657
117 146 4.401860820291148e-17
117 94 -0.083333333333333343
117 117 0.66666666666666652
117 75 -7.6507403927797424e-17
117 110 -0.083333333333333315
117 69 -0.041666666666666664
117 40 3.2627709128235649e-17
117 1 -0.04166666666666665
118 134 -0.041666666666666692
118 56 -0.041666666666666692
118 133 -0.08333333333333337
118 132 -0.041666666666666671
118 55 -2.2083843000814118e-17
118 54 -0.041666666666666657
118 148 -0.083333333333333343
118 119 1.0845409856644062e-16
118 112 -0.041666666666666664
118 42 -0.041666666666666588
118 147 -7.5372379778476661e-17
118 146 -0.08333333333333337
118 118 0.66666666666666685
118 117 -6.8867166743563635e-17
118 111 -0.08333333333333337
118 110 -0.041666666666666671
118 41 -2.1867002566317018e-17
118 40 -0.041666666666666678
119 135 -0.041666666666666644
119 57 -0.041666666666666623
119 134 -0.08333333333333337
119 133 -0.041666666666666657
119 56 -4.0295051366781576e-17
119 55 -0.041666666666666588
119 149 -0.083333333333333315
119 120 -2.0806517316354634e-17
119 113 -0.041666666666666671
119 43 -0.041666666666666699
119 148 -9.1577814125345935e-17
119 147 -0.083333333333333259
119 119 0.66666666666666663
119 118 1.0845409856644062e-16
119 112 -0.08333333333333337
119 111 -0.041666666666666678
119 42 -3.7692966152816365e-17
119 41 -0.041666666666666692
120 136 -0.041666666666666699
120 58 -0.04166666666666665
120 135 -0.083333333333333301
120 134 -0.041666666666666685
120 57 3.7032280453958011e-18
120 56 -0.041666666666666699
120 150 -0.083333333333333343
120 121 1.1499658105103283e-16
120 114 -0.041666666666666692
120 44 -0.041666666666666678
120 149 2.9290399316053706e-17
120 148 -0.08333333333333337
120 120 0.66666666666666663
120 119 -2.0806517316354634e-17
120 113 -0.083333333333333315
120 112 -0.04166666666666665
120 43 1.1045309632196076e-18
120 42 -0.04166666666666663
121 137 -0.041666666666666657
121 59 -0.041666666666666595
121 136 -0.08333333333333337
121 135 -0.041666666666666699
121 58 -5.6253152093052594e-17
121 57 -0.041666666666666685
121 151 -0.083333333333333301
121 122 1.2635359880781849e-16
121 115 -0.041666666666666685
121 45 -0.041666666666666699
121 150 -9.0351310417721709e-17
121 149 -0.083333333333333356
121 121 0.66666666666666674
121 120 1.1499658105103283e-16
121 114 -0.08333333333333337
121 113 -0.041666666666666699
121 44 -4.4323540063923028e-17
121 43 -0.04166666666666665
122 138 -0.041666666666666644
122 60 -0.041666666666666616
122 137 -0.083333333333333301
122 136 -0.041666666666666692
122 59 -2.8609384826461248e-17
122 58 -0.041666666666666699
122 152 -0.083333333333333273
122 123 -2.1419769170166747e-17
122 116 -0.041666666666666671
122 46 -0.041666666666666699
122 151 7.2302732377627077e-18
122 150 -0.083333333333333315
122 122 0.66666666666666641
122 121 1.2635359880781849e-16
122 115 -0.083333333333333301
122 114 -0.041666666666666664
122 45 -1.7218485751785417e-17
122 44 -0.041666666666666595
123 73 -0.041666666666666706
123 8 -0.041666666666666692
123 138 -0.083333333333333343
123 137 -0.041666666666666685
123 60 9.0158186905747728e-18
123 59 -0.041666666666666713
123 124 -0.083333333333333384
123 76 8.9436514834687064e-17
123 70 -0.041666666666666699
123 2 -0.041666666666666678
123 152 1.4545249770250845e-17
123 151 -0.083333333333333398
123 123 0.66666666666666674
123 122 -2.1419769170166747e-17
123 116 -0.083333333333333343
123 115 -0.041666666666666671
123 46 2.4848558540652155e-17
123 45 -0.041666666666666616
124 9 -0.04166666666666663
124 61 -0.041666666666666699
124 73 3.5019730171281793e-17
124 138 -0.083333333333333343
124 8 -0.04166666666666663
124 60 -0.041666666666666699
124 77 3.7404974950749903e-17
124 125 -0.083333333333333343
124 3 -0.04166666666666663
124 47 -0.041666666666666699
124 124 0.66666666666666641
124 152 1.8354526340642885e-16
124 76 4.7488055154865094e-17
124 123 -0.083333333333333384
124 70 4.1199682554449168e-17
124 116 -0.08333333333333337
124 2 -0.04166666666666663
124 46 -0.041666666666666706
125 9 -0.041666666666666692
125 73 -0.041666666666666699
125 61 -4.4452289071905682e-17
125 62 -0.041666666666666644
125 138 -0.083333333333333343
125 137 -0.041666666666666671
125 77 9.1181402706030923e-17
125 124 -0.083333333333333343
125 3 -0.041666666666666678
125 70 -0.041666666666666699
125 125 0.66666666666666674
125 126 -3.5670251474773096e-17
125 152 6.94905829927428e-18
125 151 -0.083333333333333287
125 47 -3.2959746043559335e-17
125 48 -0.041666666666666671
125 116 -0.083333333333333343
125 115 -0.04166666666666665
126 61 -0.041666666666666671
126 138 -0.041666666666666671
126 62 -1.8539857149502126e-17
126 63 -0.041666666666666637
126 137 -0.083333333333333287
126 136 -0.041666666666666685
126 125 -3.5670251474773096e-17
126 152 -0.083333333333333398
126 47 -0.041666666666666644
126 116 -0.041666666666666685
126 126 0.66666666666666652
126 127 1.4148838350935833e-16
126 151 -2.4004913725186872e-17
126 150 -0.083333333333333301
126 48 -1.2468324983583301e-17
126 49 -0.041666666666666637
126 115 -0.083333333333333315
126 114 -0.041666666666666671
127 62 -0.041666666666666637
127 137 -0.041666666666666664
127 63 -6.8738417735580981e-17
127 64 -0.041666666666666637
127 136 -0.08333333333333337
127 135 -0.041666666666666699
127 126 1.4148838350935833e-16
127 151 -0.083333333333333315
127 48 -0.04166666666666665
127 115 -0.041666666666666685
127 127 0.66666666666666685
127 128 9.291612618200773e-17
127 150 -1.0651269905133376e-16
127 149 -0.083333333333333343
127 49 -5.9847959921199845e-17
127 50 -0.04166666666666672
127 114 -0.08333333333333337
127 113 -0.041666666666666706
128 63 -0.04166666666666672
128 136 -0.041666666666666706
128 64 6.5052130349130266e-19
128 65 -0.041666666666666692
128 135 -0.083333333333333301
128 134 -0.041666666666666671
128 127 9.291612618200773e-17
128 150 -0.08333333333333337
128 49 -0.041666666666666637
128 114 -0.041666666666666706
128 128 0.66666666666666663
128 129 -7.8929918156944723e-17
128 149 1.7140558720638022e-17
128 148 -0.083333333333333301
128 50 3.4694469519536142e-18
128 51 -0.04166666666666665
128 113 -0.083333333333333315
128 112 -0.041666666666666637
129 64 -0.04166666666666665
129 135 -0.041666666666666657
129 65 -7.3725747729014302e-17
129 66 -0.041666666666666678
129 134 -0.08333333333333337
129 133 -0.041666666666666657
129 128 -7.8929918156944723e-17
129 149 -0.08333333333333337
129 50 -0.041666666666666692
129 113 -0.041666666666666692
129 129 0.66666666666666696
129 130 2.1543097167286973e-16
129 148 -9.3312537601322743e-17
129 147 -0.083333333333333343
129 51 -7.0256300777060687e-17
129 52 -0.041666666666666616
129 112 -0.08333333333333337
129 111 -0.041666666666666692
130 65 -0.041666666666666616
130 134 -0.041666666666666678
130 66 -8.5435131191857749e-17
130 67 -0.041666666666666678
130 133 -0.083333333333333384
130 132 -0.04166666666666665
130 129 2.1543097167286973e-16
130 148 -0.083333333333333259
130 51 -0.041666666666666678
130 112 -0.041666666666666657
130 130 0.66666666666666674
130 131 -5.1716443627558562e-17
130 147 -8.0576550206407083e-17
130 146 -0.083333333333333287
130 52 -8.5435131191857749e-17
130 53 -0.041666666666666644
130 111 -0.08333333333333337
130 110 -0.041666666666666664
131 66 -0.041666666666666644
131 133 -0.041666666666666671
131 67 -4.0115480381963664e-18
131 10 -0.041666666666666664
131 132 -0.083333333333333315
131 72 -0.041666666666666664
131 130 -5.1716443627558562e-17
131 147 -0.08333333333333337
131 52 -0.041666666666666678
131 111 -0.041666666666666671
131 131 0.66666666666666674
131 78 -5.2909066017292616e-17
131 146 4.401860820291148e-17
131 94 -0.08333333333333337
131 53 2.927345865710862e-18
131 4 -0.041666666666666678
131 110 -0.083333333333333315
131 69 -0.041666666666666671
132 66 -0.041666666666666637
132 130 -0.04166666666666665
132 67 1.0733601507606494e-17
132 10 -0.041666666666666657
132 131 -0.083333333333333315
132 78 -0.041666666666666664
132 133 -4.0440741033709315e-17
132 55 -0.041666666666666678
132 147 -0.083333333333333329
132 118 -0.041666666666666671
132 132 0.66666666666666652
132 72 -3.7296554733501353e-17
132 54 1.2468324983583301e-17
132 7 -0.041666666666666678
132 146 2.4929873703588568e-17
132 94 -0.083333333333333343
132 117 -0.083333333333333315
132 75 -0.041666666666666671
133 65 -0.041666666666666657
133 129 -0.041666666666666657
133 66 -7.2641545556528797e-17
133 67 -0.041666666666666678
133 130 -0.083333333333333384
133 131 -0.041666666666666671
133 134 1.8854275779522922e-16
133 56 -0.041666666666666623
133 148 -0.083333333333333259
133 119 -0.041666666666666657
133 133 0.66666666666666663
133 132 -4.0440741033709315e-17
133 55 -6.9172098604575183e-17
133 54 -0.041666666666666637
133 147 -1.0708529332367767e-16
133 146 -0.083333333333333315
133 118 -0.08333333333333337
133 117 -0.041666666666666664
134 64 -0.041666666666666644
134 128 -0.041666666666666671
134 65 -5.4643789493269423e-17
134 66 -0.041666666666666623
134 129 -0.08333333333333337
134 130 -0.041666666666666678
134 135 -4.0766001685454967e-17
134 57 -0.041666666666666678
134 149 -0.083333333333333398
134 120 -0.041666666666666685
134 134 0.66666666666666685
134 133 1.8854275779522922e-16
134 56 -5.377642775528102e-17
134 55 -0.041666666666666657
134 148 -1.1141871388183067e-16
134 147 -0.083333333333333315
134 119 -0.08333333333333337
134 118 -0.041666666666666692
135 63 -0.041666666666666678
135 127 -0.041666666666666699
135 64 -1.7564075194265172e-17
135 65 -0.041666666666666678
135 128 -0.083333333333333301
135 129 -0.041666666666666657
135 136 1.2587587222556706e-16
135 58 -0.041666666666666678
135 150 -0.083333333333333329
135 121 -0.041666666666666699
135 135 0.66666666666666652
135 134 -4.0766001685454967e-17
135 57 -1.0408340855860843e-17
135 56 -0.041666666666666644
135 149 8.7922019924996375e-18
135 148 -0.083333333333333259
135 120 -0.083333333333333301
135 119 -0.041666666666666644
136 62 -0.041666666666666664
136 126 -0.041666666666666685
136 63 -1.0625181290357943e-17
136 64 -0.041666666666666678
136 127 -0.08333333333333337
136 128 -0.041666666666666706
136 137 1.0679391398982219e-16
136 59 -0.041666666666666664
136 151 -0.083333333333333315
136 122 -0.041666666666666692
136 136 0.66666666666666685
136 135 1.2587587222556706e-16
136 58 -3.4694469519536142e-18
136 57 -0.041666666666666678
136 150 -1.2521518652670871e-16
136 149 -0.08333333333333337
136 121 -0.08333333333333337
136 120 -0.041666666666666699
137 61 -0.041666666666666637
137 125 -0.041666666666666671
137 62 -3.7947076036992655e-18
137 63 -0.041666666666666664
137 126 -0.083333333333333287
137 127 -0.041666666666666664
137 138 1.7780915628762273e-17
137 60 -0.041666666666666692
137 152 -0.083333333333333356
137 123 -0.041666666666666685
137 137 0.66666666666666652
137 136 1.0679391398982219e-16
137 59 -4.5536491244391186e-18
137 58 -0.041666666666666664
137 151 -5.6690221093835813e-17
137 150 -0.083333333333333259
137 122 -0.083333333333333301
137 121 -0.041666666666666657
138 9 -0.041666666666666699
138 77 -0.041666666666666699
138 61 -2.2768245622195593e-17
138 62 -0.041666666666666692
138 125 -0.083333333333333343
138 126 -0.041666666666666671
138 73 9.5518211395972941e-17
138 8 -0.041666666666666678
138 124 -0.083333333333333343
138 76 -0.041666666666666692
138 138 0.66666666666666663
138 137 1.7780915628762273e-17
138 60 -2.8622937353617317e-17
138 59 -0.04166666666666663
138 152 -5.3441002708168317e-17
138 151 -0.083333333333333273
138 123 -0.083333333333333343
138 122 -0.041666666666666644
139 38 -0.041666666666666657
139 39 -0.083333333333333343
139 11 -0.041666666666666657
139 104 -0.083333333333333329
139 27 -0.041666666666666657
139 103 -2.7176205079706972e-17
139 71 -0.083333333333333343
139 26 -0.083333333333333343
139 6 -0.041666666666666657
139 100 -0.083333333333333343
139 24 -0.041666666666666657
139 101 -1.9478369655059891e-17
139 79 -0.083333333333333343
139 25 -0.083333333333333343
139 5 -0.041666666666666657
139 140 -2.8260407252192477e-17
139 88 -0.083333333333333343
139 81 -0.083333333333333343
139 13 -0.041666666666666657
139 139 1.3333333333333335
139 102 -2.4790960300238862e-17
139 87 -1.6008922703106276e-17
139 74 -0.083333333333333343
139 80 -2.1538353782782349e-17
139 68 -0.083333333333333343
139 12 -0.083333333333333343
139 0 -0.041666666666666657
140 37 -0.041666666666666664
140 38 -0.083333333333333343
140 39 -0.041666666666666657
140 105 -0.083333333333333343
140 28 -0.041666666666666664
140 104 -3.6496955631293293e-17
140 103 -0.083333333333333343
140 27 -0.083333333333333343
140 26 -0.041666666666666657
140 99 -0.083333333333333343
140 23 -0.041666666666666664
140 100 -3.2800503849475526e-17
140 101 -0.083333333333333343
140 24 -0.083333333333333343
140 25 -0.04166666666666665
140 141 -7.6876710292800299e-18
140 89 -0.083333333333333343
140 82 -0.083333333333333343
140 14 -0.041666666666666657
140 140 1.3333333333333335
140 139 -2.8260407252192477e-17
140 88 -2.9331056897521912e-17
140 87 -0.083333333333333343
140 81 -3.0425423465374468e-17
140 80 -0.083333333333333343
140 13 -0.083333333333333343
140 12 -0.041666666666666657
141 36 -0.041666666666666657
141 37 -0.083333333333333343
141 38 -0.041666666666666664
141 106 -0.083333333333333343
141 29 -0.041666666666666657
141 105 -3.7476125718319264e-17
141 104 -0.083333333333333343
141 28 -0.083333333333333343
141 27 -0.041666666666666657
141 98 -0.083333333333333343
141 22 -0.041666666666666657
141 99 -2.3381497476007707e-17
141 100 -0.083333333333333343
141 23 -0.083333333333333343
141 24 -0.041666666666666664
141 142 -3.5307721373348255e-17
141 90 -0.083333333333333329
141 83 -0.083333333333333343
141 15 -0.041666666666666657
141 141 1.3333333333333335
141 140 -7.6876710292800299e-18
141 89 -2.0779412262042496e-17
141 88 -0.083333333333333343
141 82 -3.5741402242342457e-17
141 81 -0.083333333333333343
141 14 -0.083333333333333343
141 13 -0.041666666666666664
142 35 -0.041666666666666706
142 36 -0.083333333333333315
142 37 -0.041666666666666657
142 107 -0.08333333333333337
142 30 -0.041666666666666706
142 106 2.0596453145435567e-17
142 105 -0.083333333333333343
142 29 -0.083333333333333315
142 28 -0.041666666666666657
142 97 -0.083333333333333343
142 21 -0.041666666666666692
142 98 2.7752187483839896e-17
142 99 -0.083333333333333315
142 22 -0.083333333333333315
142 23 -0.041666666666666657
142 143 1.3623677923638167e-16
142 91 -0.08333333333333337
142 84 -0.083333333333333343
142 16 -0.041666666666666706
142 142 1.3333333333333333
142 141 -3.5307721373348255e-17
142 90 3.67544536472586e-17
142 89 -0.083333333333333343
142 83 3.2749681872640268e-17
142 82 -0.083333333333333343
142 15 -0.083333333333333315
142 14 -0.041666666666666657
143 34 -0.041666666666666664
143 35 -0.083333333333333343
143 36 -0.041666666666666706
143 108 -0.083333333333333329
143 31 -0.041666666666666664
143 107 -4.3141082069556025e-17
143 106 -0.083333333333333343
143 30 -0.083333333333333343
143 29 -0.041666666666666699
143 96 -0.083333333333333315
143 20 -0.041666666666666657
143 97 -4.2483784502486688e-17
143 98 -0.08333333333333337
143 21 -0.083333333333333343
143 22 -0.041666666666666706
143 144 9.0544433929695689e-17
143 92 -0.083333333333333343
143 85 -0.083333333333333315
143 17 -0.041666666666666657
143 143 1.3333333333333333
143 142 1.3623677923638167e-16
143 91 -1.8627948576016573e-17
143 90 -0.083333333333333343
143 84 -2.4811289090972966e-17
143 83 -0.083333333333333356
143 16 -0.083333333333333343
143 15 -0.041666666666666706
144 33 -0.041666666666666664
144 34 -0.083333333333333273
144 35 -0.041666666666666657
144 109 -0.083333333333333315
144 32 -0.041666666666666657
144 108 1.565316886525947e-17
144 107 -0.083333333333333315
144 31 -0.083333333333333259
144 30 -0.041666666666666664
144 95 -0.083333333333333356
144 19 -0.041666666666666664
144 96 2.1616280813929745e-17
144 97 -0.083333333333333329
144 20 -0.083333333333333259
144 21 -0.041666666666666657
144 145 1.5551524911588954e-17
144 93 -0.083333333333333315
144 86 -0.083333333333333343
144 18 -0.041666666666666664
144 144 1.3333333333333328
144 143 9.0544433929695689e-17
144 92 3.7235568361299043e-17
144 91 -0.083333333333333315
144 85 4.2876807790012683e-17
144 84 -0.083333333333333329
144 17 -0.083333333333333259
144 16 -0.041666666666666664
145 10 -0.041666666666666706
145 33 -0.08333333333333337
145 34 -0.041666666666666664
145 72 -0.08333333333333337
145 7 -0.041666666666666699
145 109 -5.0296816407960354e-17
145 108 -0.083333333333333343
145 32 -0.08333333333333337
145 31 -0.041666666666666671
145 78 -0.08333333333333337
145 4 -0.041666666666666713
145 95 -4.5526326849024135e-17
145 96 -0.083333333333333315
145 19 -0.083333333333333356
145 20 -0.041666666666666657
145 94 1.4277926172097388e-16
145 75 -0.083333333333333343
145 69 -0.08333333333333337
145 1 -0.041666666666666706
145 145 1.3333333333333335
145 144 1.5551524911588954e-17
145 93 -1.2993485410880967e-17
145 92 -0.083333333333333356
145 86 -3.6192023770281745e-17
145 85 -0.083333333333333315
145 18 -0.08333333333333337
145 17 -0.041666666666666657
146 66 -0.041666666666666664
146 67 -0.083333333333333315
146 10 -0.041666666666666657
146 133 -0.083333333333333315
146 55 -0.041666666666666671
146 132 2.4929873703588568e-17
146 72 -0.083333333333333343
146 54 -0.083333333333333315
146 7 -0.041666666666666664
146 130 -0.083333333333333287
146 52 -0.04166666666666665
146 131 4.401860820291148e-17
146 78 -0.083333333333333329
146 53 -0.083333333333333315
146 4 -0.041666666666666664
146 147 -1.2492041906106421e-16
146 118 -0.08333333333333337
146 111 -0.083333333333333329
146 41 -0.041666666666666671
146 146 1.3333333333333335
146 94 -1.2247757604118281e-16
146 117 4.401860820291148e-17
146 75 -0.08333333333333337
146 110 3.29529697799813e-17
146 69 -0.083333333333333343
146 40 -0.083333333333333315
146 1 -0.041666666666666671
147 65 -0.041666666666666692
147 66 -0.08333333333333337
147 67 -0.041666666666666671
147 134 -0.083333333333333315
147 56 -0.041666666666666678
147 133 -1.0708529332367767e-16
147 132 -0.083333333333333329
147 55 -0.08333333333333337
147 54 -0.04166666666666665
147 129 -0.083333333333333343
147 51 -0.041666666666666664
147 130 -8.0576550206407083e-17
147 131 -0.08333333333333337
147 52 -0.083333333333333384
147 53 -0.041666666666666671
147 148 3.2735451719126396e-16
147 119 -0.083333333333333259
147 112 -0.083333333333333259
147 42 -0.041666666666666657
147 147 1.3333333333333335
147 146 -1.2492041906106421e-16
147 118 -7.5372379778476661e-17
147 117 -0.083333333333333287
147 111 -1.0513372941320376e-16
147 110 -0.083333333333333315
147 41 -0.08333333333333337
147 40 -0.041666666666666664
148 64 -0.041666666666666637
148 65 -0.08333333333333337
148 66 -0.041666666666666657
148 135 -0.083333333333333259
148 57 -0.04166666666666665
148 134 -1.1141871388183067e-16
148 133 -0.083333333333333259
148 56 -0.08333333333333337
148 55 -0.041666666666666657
148 128 -0.083333333333333301
148 50 -0.041666666666666671
148 129 -9.3312537601322743e-17
148 130 -0.083333333333333259
148 51 -0.08333333333333337
148 52 -0.041666666666666678
148 149 -1.0624164850821238e-16
148 120 -0.08333333333333337
148 113 -0.083333333333333398
148 43 -0.041666666666666685
148 148 1.3333333333333337
148 147 3.2735451719126396e-16
148 119 -9.1577814125345935e-17
148 118 -0.083333333333333343
148 112 -1.0447981997792344e-16
148 111 -0.083333333333333315
148 42 -0.08333333333333337
148 41 -0.041666666666666692
149 63 -0.041666666666666706
149 64 -0.083333333333333287
149 65 -0.041666666666666692
149 136 -0.08333333333333337
149 58 -0.041666666666666699
149 135 8.7922019924996375e-18
149 134 -0.083333333333333398
149 57 -0.083333333333333287
149 56 -0.041666666666666671
149 127 -0.083333333333333343
149 49 -0.041666666666666699
149 128 1.7140558720638022e-17
149 129 -0.08333333333333337
149 50 -0.083333333333333315
149 51 -0.041666666666666657
149 150 2.1425528994208076e-16
149 121 -0.083333333333333356
149 114 -0.083333333333333329
149 44 -0.041666666666666699
149 149 1.3333333333333333
149 148 -1.0624164850821238e-16
149 120 2.9290399316053706e-17
149 119 -0.083333333333333315
149 113 1.2597073991565955e-17
149 112 -0.083333333333333259
149 43 -0.083333333333333315
149 42 -0.041666666666666644
150 62 -0.041666666666666671
150 63 -0.08333333333333337
150 64 -0.041666666666666706
150 137 -0.083333333333333259
150 59 -0.041666666666666664
150 136 -1.2521518652670871e-16
150 135 -0.083333333333333329
150 58 -0.08333333333333337
150 57 -0.041666666666666692
150 126 -0.083333333333333301
150 48 -0.041666666666666685
150 127 -1.0651269905133376e-16
150 128 -0.08333333333333337
150 49 -0.08333333333333337
150 50 -0.041666666666666706
150 151 2.6681199025331559e-16
150 122 -0.083333333333333315
150 115 -0.083333333333333343
150 45 -0.041666666666666692
150 150 1.3333333333333337
150 149 2.1425528994208076e-16
150 121 -9.0351310417721709e-17
150 120 -0.083333333333333343
150 114 -1.0449676063686852e-16
150 113 -0.08333333333333337
150 44 -0.083333333333333384
150 43 -0.041666666666666706
151 61 -0.04166666666666665
151 62 -0.083333333333333315
151 63 -0.041666666666666692
151 138 -0.083333333333333273
151 60 -0.041666666666666671
151 137 -5.6690221093835813e-17
151 136 -0.083333333333333315
151 59 -0.083333333333333301
151 58 -0.041666666666666685
151 125 -0.083333333333333287
151 47 -0.041666666666666678
151 126 -2.4004913725186872e-17
151 127 -0.083333333333333315
151 48 -0.083333333333333287
151 49 -0.041666666666666664
151 152 -4.8856860397628044e-17
151 123 -0.083333333333333398
151 116 -0.083333333333333356
151 46 -0.041666666666666685
151 151 1.333333333333333
151 150 2.6681199025331559e-16
151 122 7.2302732377627077e-18
151 121 -0.083333333333333301
151 115 -2.8714416911920781e-17
151 114 -0.083333333333333259
151 45 -0.083333333333333301
151 44 -0.041666666666666671
152 9 -0.041666666666666706
152 61 -0.083333333333333343
152 62 -0.041666666666666685
152 73 -0.08333333333333337
152 8 -0.041666666666666706
152 138 -5.3441002708168317e-17
152 137 -0.083333333333333356
152 60 -0.083333333333333343
152 59 -0.041666666666666671
152 77 -0.083333333333333384
152 3 -0.041666666666666699
152 125 6.94905829927428e-18
152 126 -0.083333333333333398
152 47 -0.083333333333333343
152 48 -0.041666666666666671
152 124 1.8354526340642885e-16
152 76 -0.083333333333333343
152 70 -0.083333333333333343
152 2 -0.041666666666666692
152 152 1.3333333333333333
152 151 -4.8856860397628044e-17
152 123 1.4545249770250845e-17
152 122 -0.083333333333333273
152 116 -3.0554172473357122e-17
152 115 -0.083333333333333287
152 46 -0.083333333333333343
152 45 -0.041666666666666644
B
0.015625000000000007
0.031250000000000014
0.01562500000000001
0.015625000000000007
0.031250000000000014
0.015625
0.015625000000000003
0.03125
0.015625000000000007
0.015625
0.03125
0.015625000000000003
0.031250000000000014
0.031250000000000028
0.031250000000000007
0.031250000000000014
0.031250000000000028
0.031250000000000007
0.031250000000000014
0.031250000000000014
0.031250000000000007
0.031250000000000035
0.031250000000000021
0.031250000000000007
0.031250000000000014
0.03125
0.031250000000000007
0.031250000000000014
0.03125
0.03125
0.031250000000000014
0.031249999999999993
0.03125
0.03125
0.03124999999999999
0.031250000000000014
0.03125
0.031249999999999993
0.031250000000000007
0.031249999999999997
0.031250000000000014
0.031250000000000021
0.03125
0.031250000000000014
0.031250000000000035
0.031249999999999997
0.031250000000000007
0.031249999999999997
0.03124999999999999
0.031250000000000042
0.031250000000000007
0.031249999999999993
0.031250000000000021
0.03125
0.03125
0.03125
0.03125
0.031249999999999997
0.031250000000000014
0.031249999999999986
0.03125
0.03125
0.03124999999999999
0.031250000000000014
0.03125
0.031249999999999993
0.031250000000000007
0.03125
0.031250000000000007
0.062500000000000028
0.031250000000000014
0.031250000000000007
0.0625
0.031250000000000007
0.031250000000000014
0.0625
0.031250000000000014
0.031250000000000007
0.0625
0.031250000000000007
0.0625
0.062500000000000042
0.062500000000000014
0.062500000000000028
0.062500000000000056
0.062500000000000014
0.062500000000000028
0.062500000000000014
0.062500000000000028
0.0625
0.0625
0.062500000000000042
0.062499999999999986
0.0625
0.125
0.0625
0.062499999999999986
0.062500000000000028
0.0625
0.062499999999999993
0.062500000000000028
0.0625
0.0625
0.0625
0.062500000000000028
0.062499999999999986
0.0625
0.062500000000000028
0.062499999999999986
0.0625
0.062500000000000014
0.062500000000000028
0.062499999999999986
0.062500000000000014
0.062500000000000069
0.062499999999999986
0.0625
0.0625
0.062500000000000014
0.062499999999999993
0.062499999999999993
0.062500000000000028
0.062499999999999986
0.0625
0.062500000000000028
0.0625
0.062499999999999986
0.062500000000000028
0.0625
0.062499999999999986
0.062500000000000014
0.0625
0.062499999999999993
0.0625
0.062499999999999986
0.062499999999999986
0.062500000000000028
0.062499999999999979
0.0625
0.125
0.12500000000000003
0.12499999999999997
0.125
0.12500000000000006
0.12499999999999997
0.125
0.125
0.12500000000000003
0.12499999999999997
0.125
0.12500000000000006
0.12499999999999997
0.125
