FiniteElementSpace
FiniteElementCollection: H1_2D_P4
VDim: 1
Ordering: 0

0.227164
0
0
0
0
0
0
0
0
0
0
-1.41493
0
0
-1.41493
0
0
-1.41493
0
0
-1.41493
0
0
-1.41493
0
0
0.724849
0.724852
0.724855
0.724855
0.724849
0.472083
-0.751133
-0.75113
0.472083
-0.751132
-0.751138
0.472083
-0.75115
-0.75115
0.472083
-0.751145
-0.75114
0.472083
-0.75113
-0.751133
0.741665
0
0.0391495
0
0
0.0391494
0
0.741666
0
0.0391501
0
0
0.0391518
0
0.741664
0
0.0391531
0
0
0.0391532
0
0.741664
0
0.0391522
0
0
0.0391505
0
0.741666
0
0.0391494
0
0
0.0391495
0
-0.284004
-0.284005
-0.283995
-0.284002
-0.284004
0.500516
-0.000791648
0.500515
0.500516
-0.000791649
0.500523
0.500527
-0.000791625
0.500527
0.500524
-0.000791649
0.500518
0.500515
-0.000791648
0.500516
0.292933
0.42411
0.42411
0.292934
0.037208
-1.52396
-1.48527
0.490586
0.490587
-1.48527
-1.52396
0.0372041
0.42411
0.42411
0.292933
-1.52396
-1.48527
0.490583
0.490581
-1.48527
-1.52396
0.0372093
0.424112
0.424112
0.292933
-1.52396
-1.48527
0.490572
0.490572
-1.48527
-1.52396
0.0372093
0.424111
0.42411
0.292934
-1.52396
-1.48527
0.490575
0.490576
-1.48527
-1.52396
0.0372041
0.42411
0.42411
-1.52396
-1.48527
0.490587
0.490586
-1.48527
-1.52396
-0.739684
0.75755
0.706629
0.429919
0
0.0864822
0
0.00195429
0.190437
0.270613
0.00343018
0.00343018
0.270613
0
-0.000284508
0
0
-0.000284505
0
0.00195429
0.706631
0.75755
-0.739676
0.190437
0
0.086482
0
0.429917
0.75755
0.70663
0
0.0864824
0
0.00195431
0.190439
0.270616
0.00343029
0.00343038
0.27062
0
-0.000284443
0
0
-0.000284428
0
0.00195449
0.706625
0.757552
-0.739687
0.190444
0
0.0864854
0
0.42992
0.757553
0.706622
0
0.0864868
0
0.00195461
0.190447
0.270625
0.00343063
0.00343062
0.270625
0
-0.000284396
0
0
-0.000284385
0
0.00195462
0.706621
0.757553
-0.739687
0.190448
0
0.086487
0
0.42992
0.757552
0.706624
0
0.0864855
0
0.0019545
0.190445
0.270623
0.00343041
0.00343033
0.270619
0
-0.000284421
0
0
-0.000284445
0
0.00195433
0.706628
0.75755
-0.739676
0.19044
0
0.0864826
0
0.429917
0.75755
0.706631
0
0.086482
0
0.00195429
0.190437
0.270613
0.00343018
0.00343018
0.270613
0
-0.000284504
0
0
-0.000284507
0
0.00195429
0.706629
0.75755
0.190437
0
0.0864822
0
0.406578
-0.615948
-1.01164
-0.615951
0.406578
-0.615953
-1.01164
-0.615947
0.406578
-0.615941
-1.01166
-0.615941
0.406578
-0.615946
-1.01165
-0.61595
0.406578
-0.615951
-1.01164
-0.615948
0.0319701
0.238828
0.019197
0.676429
0.049181
-0.000585786
0.000734575
-0.000585795
0.0319752
0.676429
0.019197
0.238827
0.0319748
0.238828
0.0191972
0.676431
0.0491828
-0.000585796
0.000734605
-0.000585804
0.0319635
0.676435
0.0191983
0.238832
0.0319576
0.238833
0.0191989
0.676439
0.0491851
-0.000585789
0.000734612
-0.00058579
0.0319572
0.676439
0.0191989
0.238833
0.0319615
0.238832
0.0191983
0.676437
0.0491833
-0.0005858
0.000734605
-0.000585794
0.0319721
0.676433
0.0191973
0.238828
0.0319752
0.238827
0.019197
0.676429
0.049181
-0.000585795
0.000734575
-0.000585786
0.0319701
0.676429
0.019197
0.238828
0.228494
0.241968
0.271244
0.302839
0.333386
0.379141
0.302839
0.333386
0.379141
0.228494
0.241969
0.271244
0.446701
0.382699
0.319813
0.477091
0.480151
0.457229
0.467097
0.475602
0.434895
-0.0859596
0.200615
0.372814
-0.0859599
0.200614
0.372814
0.467097
0.475602
0.434895
0.477091
0.480151
0.457229
0.446702
0.382699
0.319813
0.48097
0.423699
0.218631
-0.0333759
-0.215533
-0.46096
0.3468
0.0775491
-0.347064
-1.2161
-0.709977
-0.189949
-1.46259
-1.53354
-1.54914
-1.5495
-1.33832
-0.889227
-0.957073
-1.27256
-1.46851
-1.04308
-1.44079
-1.54936
-1.38067
-1.10178
-0.779757
-0.507009
-0.958715
-1.34873
-1.54338
-1.49885
-1.23108
-1.54338
-1.49885
-1.23108
-0.507009
-0.958716
-1.34873
-0.525947
-0.0826027
0.319026
0.286616
-0.208581
-0.750009
0.769537
0.767733
0.626172
0.769537
0.767733
0.626172
0.286617
-0.208581
-0.750009
-0.525944
-0.0826007
0.319027
-1.04308
-1.44079
-1.54936
0.346799
0.0775474
-0.347067
-0.0333798
-0.215537
-0.460963
0.48097
0.423698
0.218629
-1.38067
-1.10178
-0.77976
-0.95707
-1.27255
-1.4685
-1.5495
-1.33832
-0.88923
-1.46259
-1.53354
-1.54914
-1.21611
-0.709983
-0.189954
0.302839
0.333386
0.379141
0.302839
0.333386
0.379141
0.228494
0.241968
0.271244
0.477091
0.480151
0.457229
0.467097
0.475602
0.434895
-0.0859609
0.200613
0.372813
-0.0859605
0.200614
0.372814
0.467097
0.475602
0.434895
0.477091
0.480151
0.457229
0.446701
0.382699
0.319813
-0.0333802
-0.215538
-0.460965
0.346798
0.0775463
-0.347068
-1.46259
-1.53354
-1.54914
-1.5495
-1.33832
-0.889232
-0.957071
-1.27255
-1.4685
-1.04308
-1.44079
-1.54936
-1.38067
-1.10178
-0.779761
-0.50701
-0.958716
-1.34873
-1.54338
-1.49885
-1.23108
-1.54338
-1.49885
-1.23108
-0.50701
-0.958715
-1.34873
-0.525947
-0.0826044
0.319023
0.286613
-0.208585
-0.750012
0.769538
0.767732
0.626169
0.769538
0.767732
0.626168
0.286611
-0.208587
-0.750013
-0.525952
-0.0826085
0.319021
-1.04308
-1.4408
-1.54936
0.346799
0.077549
-0.347064
-0.0333748
-0.215532
-0.460959
0.48097
0.4237
0.218632
-1.38067
-1.10178
-0.779756
-0.957077
-1.27256
-1.46851
-1.5495
-1.33832
-0.889226
-1.46259
-1.53353
-1.54914
-1.2161
-0.709975
-0.189948
0.302839
0.333386
0.37914
0.302839
0.333386
0.37914
0.228494
0.241968
0.271244
0.477091
0.480151
0.45723
0.467098
0.475601
0.434895
-0.0859525
0.200619
0.372816
-0.0859525
0.200619
0.372816
0.467098
0.475601
0.434895
0.477091
0.480151
0.45723
0.446701
0.382699
0.319813
-0.0333738
-0.215529
-0.460954
0.346802
0.0775533
-0.347058
-1.46259
-1.53353
-1.54914
-1.5495
-1.33831
-0.88922
-0.957087
-1.27256
-1.46851
-1.04309
-1.4408
-1.54936
-1.38067
-1.10177
-0.779749
-0.506999
-0.958705
-1.34872
-1.54338
-1.49885
-1.23109
-1.54338
-1.49885
-1.23109
-0.506999
-0.958705
-1.34872
-0.525965
-0.0826218
0.319009
0.286599
-0.208602
-0.750028
0.76954
0.76773
0.626161
0.76954
0.76773
0.626161
0.286599
-0.208602
-0.750028
-0.525965
-0.0826218
0.319009
-1.04309
-1.4408
-1.54936
0.346802
0.0775533
-0.347058
-0.0333738
-0.215529
-0.460954
0.48097
0.4237
0.218632
-1.38067
-1.10177
-0.779749
-0.957087
-1.27256
-1.46851
-1.5495
-1.33831
-0.88922
-1.46259
-1.53353
-1.54914
-1.2161
-0.709975
-0.189948
0.302839
0.333386
0.379141
0.302839
0.333386
0.379141
0.228494
0.241969
0.271244
0.477091
0.480151
0.45723
0.467097
0.475602
0.434895
-0.0859582
0.200615
0.372814
-0.0859585
0.200614
0.372814
0.467097
0.475602
0.434895
0.477091
0.480151
0.457229
0.446702
0.382699
0.319813
-0.0333746
-0.215531
-0.460958
0.3468
0.0775501
-0.347062
-1.46259
-1.53353
-1.54914
-1.5495
-1.33832
-0.889224
-0.957082
-1.27256
-1.46851
-1.04309
-1.4408
-1.54936
-1.38067
-1.10178
-0.779754
-0.507007
-0.958711
-1.34873
-1.54338
-1.49885
-1.23109
-1.54338
-1.49885
-1.23109
-0.507007
-0.958712
-1.34873
-0.52596
-0.0826169
0.319013
0.286603
-0.208596
-0.750022
0.76954
0.76773
0.626163
0.76954
0.76773
0.626163
0.286604
-0.208595
-0.750021
-0.525955
-0.0826138
0.319015
-1.04308
-1.4408
-1.54936
0.346799
0.0775477
-0.347066
-0.0333799
-0.215537
-0.460963
0.48097
0.423698
0.218629
-1.38067
-1.10178
-0.779758
-0.957078
-1.27256
-1.46851
-1.5495
-1.33832
-0.889229
-1.46259
-1.53354
-1.54914
-1.21611
-0.709983
-0.189954
0.302839
0.333386
0.379141
0.302839
0.333386
0.379141
0.477091
0.480151
0.457229
0.467097
0.475602
0.434895
-0.0859599
0.200614
0.372814
-0.0859596
0.200615
0.372814
0.467097
0.475602
0.434895
0.477091
0.480151
0.457229
-0.0333798
-0.215537
-0.460963
0.346799
0.0775474
-0.347067
-1.46259
-1.53354
-1.54914
-1.5495
-1.33832
-0.88923
-0.95707
-1.27255
-1.4685
-1.04308
-1.44079
-1.54936
-1.38067
-1.10178
-0.77976
-0.507009
-0.958716
-1.34873
-1.54338
-1.49885
-1.23108
-1.54338
-1.49885
-1.23108
-0.507009
-0.958715
-1.34873
-0.525944
-0.0826007
0.319027
0.286617
-0.208581
-0.750009
0.769537
0.767733
0.626172
0.769537
0.767733
0.626172
0.286616
-0.208581
-0.750009
-0.525947
-0.0826027
0.319026
-1.04308
-1.44079
-1.54936
0.3468
0.0775491
-0.347064
-0.0333759
-0.215533
-0.46096
-1.38067
-1.10178
-0.779757
-0.957073
-1.27256
-1.46851
-1.5495
-1.33832
-0.889227
-1.46259
-1.53354
-1.54914
-1.53029
-1.47026
-1.05728
-0.629822
-0.387847
-0.117047
-1.39754
-0.92482
-0.294194
0.629346
0.215662
-0.395977
0.762415
0.783334
0.775197
0.784298
0.676378
0.31508
0.557228
0.655272
0.729996
0.598528
0.748885
0.772743
0.631529
0.432339
0.177384
-0.432416
0.148806
0.573582
0.783969
0.71256
0.534791
0.398394
0.335007
0.27166
0.689235
0.506533
0.319935
0.0626884
0.177569
0.332669
0
0
0
0.0212844
0.0773887
0.169437
0
0
0
0.00579914
0.0227776
0.0573637
0.10751
0.152704
0.206914
0.401897
0.240476
0.127612
0.0696654
0.0434692
0.0256255
0.137212
0.0678079
0.0302069
0.441624
0.332488
0.235017
0
0
0
0.00081322
0.00399641
0.0113824
0
0
0
-2.48279e-05
0.000450562
0.00124819
0.00356284
0.00700147
0.0136633
0.025088
0.0103731
0.00403567
0.0529064
0.093196
0.151356
0.755667
0.783248
0.729323
0.643428
0.779434
0.74338
0.256338
0.41365
0.59064
0.0570562
0.114239
0.204935
0.333794
0.472128
0.611161
0.658058
0.502391
0.342457
0.211164
0.126206
0.0681935
0.211164
0.126206
0.0681935
0.658058
0.502391
0.342457
0.0272835
0.0132536
0.00632019
0.00653843
0.0150698
0.0330574
0.000478328
0.0009201
0.0024607
0.00047833
0.000920099
0.0024607
0.00653843
0.0150698
0.0330574
0.0272835
0.0132535
0.00632018
0.0570561
0.114239
0.204935
0.0014693
0.000615174
0.000311659
0.00239629
0.000771681
0.000382078
0
0
0
0.000303549
-0.000226481
0.000410321
0
0
0
-1.61051e-05
2.286e-05
-1.5389e-06
0.00026059
-0.000188179
0.000423682
0.000508718
-0.000197049
0.00024505
-5.93974e-05
8.62271e-05
-0.000196828
-5.93984e-05
8.62276e-05
-0.000196828
0.000508719
-0.000197049
0.00024505
0
0
0
-0.000109366
9.54311e-05
-0.00021057
0
0
0
0
0
0
-0.000109367
9.54311e-05
-0.00021057
0
0
0
-1.61064e-05
2.28612e-05
-1.54049e-06
0.00239629
0.000771681
0.000382078
0.00146929
0.000615175
0.00031166
0.025088
0.010373
0.00403566
0.00026059
-0.00018818
0.000423685
0
0
0
0.000303553
-0.000226483
0.000410325
0
0
0
-2.48307e-05
0.000450562
0.00124818
-1.39754
-0.924815
-0.294189
-0.629814
-0.38784
-0.117041
-1.53029
-1.47025
-1.05727
-0.432413
0.148809
0.573584
0.631531
0.432342
0.177388
0.598527
0.748884
0.772743
0.557227
0.655271
0.729995
0.784298
0.67638
0.315084
0.762416
0.783335
0.775196
0.62935
0.215669
-0.395968
0.643428
0.779434
0.74338
0.755668
0.783248
0.729323
0.333794
0.472127
0.611161
0.0529063
0.0931959
0.151356
0.256338
0.413649
0.59064
0.441623
0.332488
0.235017
0.137212
0.0678078
0.0302068
0.0696652
0.0434691
0.0256254
0.401896
0.240475
0.127612
0.00356284
0.00700146
0.0136633
0
0
0
0.000813217
0.00399641
0.0113824
0
0
0
0.00579913
0.0227775
0.0573636
0.689234
0.506531
0.319934
0.398392
0.335005
0.271659
0.783969
0.712558
0.534788
0.107509
0.152704
0.206914
0
0
0
0.0212843
0.0773883
0.169436
0
0
0
0.0626879
0.177567
0.332667
-0.629814
-0.38784
-0.117042
-1.39754
-0.924815
-0.294189
0.762416
0.783335
0.775196
0.784298
0.67638
0.315084
0.557228
0.655272
0.729995
0.598529
0.748885
0.772743
0.631529
0.432341
0.177388
-0.432415
0.148806
0.573582
0.398392
0.335005
0.27166
0.689234
0.506532
0.319934
0
0
0
0.0212843
0.0773884
0.169437
0
0
0
0.00579917
0.0227776
0.0573639
0.10751
0.152704
0.206914
0.401897
0.240476
0.127612
0.0696656
0.0434694
0.0256257
0.137213
0.0678085
0.0302072
0.441625
0.332489
0.235018
0
0
0
0.000813231
0.00399647
0.0113825
0
0
0
-2.48211e-05
0.000450565
0.00124822
0.00356292
0.00700158
0.0136635
0.0250885
0.0103733
0.00403576
0.0529072
0.093197
0.151358
0.755667
0.783248
0.729324
0.643426
0.779433
0.743381
0.256339
0.413652
0.590642
0.0570571
0.11424
0.204937
0.333797
0.472131
0.611163
0.658061
0.502395
0.34246
0.211167
0.126209
0.0681958
0.21117
0.12621
0.068196
0.658062
0.502397
0.342464
0.0272841
0.013254
0.00632047
0.00653877
0.0150705
0.0330588
0.000478376
0.00092015
0.00246087
0.000478378
0.000920164
0.00246094
0.00653892
0.0150707
0.0330589
0.0272853
0.0132545
0.00632068
0.0570593
0.114243
0.204941
0.00146934
0.000615197
0.000311678
0.00239643
0.000771714
0.000382106
0
0
0
0.000303554
-0.00022648
0.000410327
0
0
0
-1.61252e-05
2.28754e-05
-1.56473e-06
0.000260579
-0.000188175
0.00042369
0.000508727
-0.000197044
0.000245041
-5.94225e-05
8.62421e-05
-0.000196845
-5.94265e-05
8.62443e-05
-0.000196847
0.000508727
-0.000197042
0.000245039
0
0
0
-0.000109367
9.5434e-05
-0.000210574
0
0
0
0
0
0
-0.000109367
9.54347e-05
-0.000210576
0
0
0
-1.61318e-05
2.28786e-05
-1.57004e-06
0.00239652
0.00077175
0.000382129
0.00146948
0.000615241
0.000311705
0.0250898
0.0103739
0.00403609
0.000260575
-0.000188171
0.000423696
0
0
0
0.000303562
-0.000226481
0.000410338
0
0
0
-2.48068e-05
0.0004506
0.00124836
-1.39754
-0.924824
-0.294201
-0.629826
-0.387852
-0.117053
-1.53029
-1.47026
-1.05728
-0.432423
0.148798
0.573576
0.631524
0.432332
0.177377
0.598534
0.748888
0.772741
0.557234
0.655277
0.729998
0.784298
0.676375
0.315074
0.762414
0.783334
0.775197
0.629345
0.21566
-0.39598
0.643424
0.779433
0.743383
0.755665
0.783249
0.729327
0.333801
0.472135
0.611167
0.0529095
0.0932003
0.151362
0.256345
0.413658
0.590647
0.441631
0.332496
0.235024
0.137218
0.0678113
0.0302088
0.0696682
0.0434714
0.025627
0.401903
0.240482
0.127616
0.00356322
0.00700208
0.0136644
0
0
0
0.000813308
0.00399678
0.0113832
0
0
0
0.00579947
0.0227787
0.057366
0.689238
0.506537
0.319939
0.398395
0.335009
0.271664
0.783969
0.712561
0.534791
0.107513
0.152708
0.206918
0
0
0
0.0212849
0.0773903
0.16944
0
0
0
0.0626885
0.177569
0.332669
-0.629827
-0.387855
-0.117059
-1.39754
-0.924831
-0.294208
0.762414
0.783334
0.775198
0.784298
0.676373
0.315069
0.557237
0.655279
0.73
0.598538
0.74889
0.77274
0.631519
0.432326
0.177371
-0.432435
0.148788
0.57357
0.398396
0.33501
0.271665
0.689239
0.506539
0.31994
0
0
0
0.0212851
0.0773909
0.169441
0
0
0
0.0057996
0.0227791
0.0573671
0.107515
0.152709
0.20692
0.401907
0.240485
0.127618
0.0696695
0.0434724
0.0256278
0.13722
0.0678129
0.0302096
0.441635
0.3325
0.235028
0
0
0
0.000813345
0.00399693
0.0113836
0
0
0
-2.48053e-05
0.000450623
0.00124843
0.00356339
0.00700237
0.0136649
0.0250907
0.0103744
0.00403627
0.0529111
0.0932027
0.151365
0.755662
0.783249
0.72933
0.643417
0.779432
0.743386
0.256349
0.413663
0.590652
0.0570611
0.114246
0.204946
0.333807
0.472141
0.611172
0.658067
0.502403
0.34247
0.211175
0.126214
0.068199
0.211175
0.126214
0.068199
0.658067
0.502403
0.34247
0.0272863
0.0132551
0.00632102
0.00653931
0.0150715
0.0330606
0.000478408
0.000920239
0.0024611
0.000478409
0.000920238
0.00246111
0.00653931
0.0150715
0.0330606
0.0272864
0.0132551
0.00632103
0.0570612
0.114246
0.204946
0.00146955
0.000615282
0.000311721
0.00239667
0.000771807
0.000382146
0
0
0
0.000303565
-0.000226479
0.000410342
0
0
0
-1.61403e-05
2.28851e-05
-1.58051e-06
0.000260565
-0.000188163
0.000423696
0.000508734
-0.000197036
0.000245032
-5.94338e-05
8.62482e-05
-0.00019685
-5.94379e-05
8.62506e-05
-0.000196853
0.000508734
-0.000197036
0.00024503
0
0
0
-0.000109365
9.54342e-05
-0.000210575
0
0
0
0
0
0
-0.000109366
9.5435e-05
-0.000210577
0
0
0
-1.61447e-05
2.28879e-05
-1.58479e-06
0.00239667
0.000771807
0.000382147
0.00146956
0.000615283
0.000311723
0.0250907
0.0103744
0.00403629
0.000260562
-0.000188161
0.000423696
0
0
0
0.000303567
-0.000226479
0.000410343
0
0
0
-2.48031e-05
0.000450623
0.00124844
-1.39754
-0.924831
-0.294208
-0.629827
-0.387855
-0.117059
-1.53029
-1.47026
-1.05728
-0.432435
0.148787
0.57357
0.631518
0.432326
0.17737
0.598538
0.74889
0.77274
0.557238
0.655279
0.73
0.784298
0.676372
0.315069
0.762414
0.783334
0.775198
0.629345
0.21566
-0.39598
0.643417
0.779432
0.743386
0.755662
0.783249
0.72933
0.333807
0.472141
0.611173
0.0529112
0.0932029
0.151365
0.25635
0.413664
0.590652
0.441636
0.3325
0.235028
0.137221
0.0678131
0.0302097
0.0696697
0.0434725
0.0256279
0.401908
0.240485
0.127618
0.0035634
0.00700239
0.0136649
0
0
0
0.000813349
0.00399695
0.0113837
0
0
0
0.00579963
0.0227792
0.0573672
0.68924
0.506539
0.319941
0.398396
0.33501
0.271665
0.783969
0.712561
0.534791
0.107515
0.15271
0.20692
0
0
0
0.0212852
0.0773911
0.169441
0
0
0
0.0626885
0.177569
0.332669
-0.629826
-0.387853
-0.117055
-1.39754
-0.924827
-0.294203
0.762414
0.783334
0.775198
0.784298
0.676374
0.315073
0.557235
0.655277
0.729999
0.598535
0.748888
0.772741
0.631522
0.43233
0.177375
-0.432429
0.148793
0.573573
0.398395
0.335009
0.271664
0.689238
0.506537
0.319939
0
0
0
0.0212849
0.0773903
0.16944
0
0
0
0.00579947
0.0227787
0.0573661
0.107513
0.152708
0.206918
0.401904
0.240482
0.127616
0.0696683
0.0434715
0.0256271
0.137218
0.0678116
0.0302089
0.441632
0.332497
0.235025
0
0
0
0.000813309
0.00399679
0.0113833
0
0
0
-2.48054e-05
0.0004506
0.00124837
0.00356324
0.00700212
0.0136644
0.02509
0.010374
0.00403612
0.0529099
0.093201
0.151363
0.755664
0.783249
0.729329
0.643419
0.779432
0.743385
0.256346
0.41366
0.590649
0.0570599
0.114245
0.204943
0.333804
0.472138
0.61117
0.658066
0.502401
0.342467
0.211172
0.126212
0.0681968
0.21117
0.126211
0.0681966
0.658065
0.502399
0.342464
0.0272856
0.0132546
0.00632075
0.00653899
0.0150708
0.0330593
0.000478383
0.00092017
0.00246097
0.000478379
0.000920158
0.0024609
0.00653884
0.0150706
0.0330591
0.0272844
0.0132541
0.00632054
0.0570577
0.114241
0.20494
0.00146949
0.000615245
0.000311706
0.00239655
0.000771754
0.000382132
0
0
0
0.000303562
-0.00022648
0.000410336
0
0
0
-1.61342e-05
2.28804e-05
-1.57269e-06
0.000260574
-0.00018817
0.000423695
0.000508728
-0.000197042
0.000245038
-5.94284e-05
8.62453e-05
-0.000196848
-5.94214e-05
8.62414e-05
-0.000196844
0.000508728
-0.000197044
0.000245042
0
0
0
-0.000109368
9.54351e-05
-0.000210576
0
0
0
0
0
0
-0.000109367
9.5434e-05
-0.000210574
0
0
0
-1.61237e-05
2.28742e-05
-1.56319e-06
0.00239646
0.000771721
0.000382109
0.00146935
0.000615201
0.000311679
0.0250887
0.0103734
0.0040358
0.00026058
-0.000188174
0.000423691
0
0
0
0.000303552
-0.000226479
0.000410326
0
0
0
-2.48208e-05
0.000450566
0.00124823
-1.39754
-0.924818
-0.294192
-0.629815
-0.387841
-0.117044
-1.53029
-1.47025
-1.05727
-0.432423
0.1488
0.573579
0.631527
0.432338
0.177385
0.59853
0.748886
0.772742
0.557229
0.655273
0.729996
0.784298
0.676379
0.315082
0.762416
0.783335
0.775196
0.62935
0.215669
-0.395968
0.643421
0.779433
0.743383
0.755666
0.783249
0.729326
0.3338
0.472134
0.611166
0.0529077
0.0931978
0.151359
0.256341
0.413654
0.590644
0.441626
0.33249
0.23502
0.137214
0.0678089
0.0302073
0.0696658
0.0434696
0.0256258
0.401898
0.240477
0.127612
0.00356294
0.00700162
0.0136636
0
0
0
0.000813232
0.00399648
0.0113826
0
0
0
0.00579917
0.0227777
0.057364
0.689234
0.506532
0.319934
0.398392
0.335005
0.27166
0.783969
0.712558
0.534788
0.10751
0.152704
0.206914
0
0
0
0.0212843
0.0773885
0.169437
0
0
0
0.0626879
0.177567
0.332667
-0.629814
-0.38784
-0.117041
-1.39754
-0.924815
-0.294189
0.762416
0.783335
0.775196
0.784298
0.67638
0.315084
0.557227
0.655271
0.729995
0.598527
0.748884
0.772743
0.631531
0.432342
0.177388
-0.432413
0.148809
0.573584
0.398392
0.335005
0.271659
0.689234
0.506531
0.319934
0
0
0
0.0212843
0.0773883
0.169436
0
0
0
0.00579913
0.0227775
0.0573636
0.107509
0.152704
0.206914
0.401896
0.240475
0.127612
0.0696652
0.0434691
0.0256254
0.137212
0.0678078
0.0302068
0.441623
0.332488
0.235017
0
0
0
0.000813216
0.00399641
0.0113824
0
0
0
-2.48303e-05
0.000450562
0.00124818
0.00356284
0.00700146
0.0136633
0.025088
0.010373
0.00403566
0.0529063
0.0931959
0.151356
0.755668
0.783248
0.729323
0.643428
0.779434
0.74338
0.256338
0.413649
0.59064
0.0570561
0.114239
0.204935
0.333794
0.472127
0.611161
0.658058
0.502391
0.342457
0.211164
0.126206
0.0681935
0.211164
0.126206
0.0681935
0.658058
0.502391
0.342457
0.0272835
0.0132535
0.00632018
0.00653843
0.0150698
0.0330574
0.00047833
0.000920099
0.0024607
0.000478328
0.0009201
0.0024607
0.00653843
0.0150698
0.0330574
0.0272835
0.0132536
0.00632019
0.0570562
0.114239
0.204935
0.00146929
0.000615175
0.00031166
0.00239629
0.000771681
0.000382078
0
0
0
0.000303552
-0.000226483
0.000410325
0
0
0
-1.61065e-05
2.28611e-05
-1.54052e-06
0.00026059
-0.00018818
0.000423685
0.000508718
-0.000197049
0.00024505
-5.93985e-05
8.62275e-05
-0.000196828
-5.93975e-05
8.62271e-05
-0.000196828
0.000508718
-0.000197049
0.00024505
0
0
0
-0.000109367
9.54311e-05
-0.00021057
0
0
0
0
0
0
-0.000109366
9.5431e-05
-0.00021057
0
0
0
-1.61051e-05
2.286e-05
-1.53894e-06
0.00239629
0.000771681
0.000382078
0.0014693
0.000615174
0.000311659
0.025088
0.0103731
0.00403567
0.00026059
-0.000188179
0.000423682
0
0
0
0.000303549
-0.00022648
0.000410321
0
0
0
-2.48279e-05
0.000450561
0.00124819
-1.39754
-0.92482
-0.294194
-0.629822
-0.387847
-0.117047
-0.432416
0.148806
0.573582
0.631529
0.432339
0.177384
0.598528
0.748885
0.772743
0.557228
0.655272
0.729996
0.784298
0.676378
0.31508
0.762415
0.783334
0.775197
0.643428
0.779434
0.74338
0.755667
0.783248
0.729323
0.333794
0.472128
0.611161
0.0529064
0.093196
0.151356
0.256338
0.41365
0.59064
0.441624
0.332488
0.235017
0.137212
0.0678079
0.0302069
0.0696654
0.0434692
0.0256255
0.401897
0.240476
0.127612
0.00356284
0.00700147
0.0136633
0
0
0
0.00081322
0.00399641
0.0113824
0
0
0
0.00579914
0.0227776
0.0573637
0.689235
0.506533
0.319935
0.398394
0.335007
0.27166
0.10751
0.152704
0.206914
0
0
0
0.0212844
0.0773887
0.169437
0
0
0
0.231251
0.247474
0.279043
0.247474
0.26875
0.306791
0.279043
0.306791
0.35
0.331416
0.395252
0.456935
0.364116
0.427455
0.475248
0.409112
0.462252
0.479038
0.458158
0.480814
0.438346
0.480814
0.447359
0.319913
0.438346
0.319913
0.0880177
0.331416
0.364116
0.409112
0.395252
0.427455
0.462252
0.456935
0.475248
0.479038
0.478985
0.399359
0.163478
0.459979
0.321207
0.0144512
0.402113
0.182675
-0.203565
-0.275256
-0.804174
-1.28928
-0.480627
-1.01017
-1.4236
-0.738923
-1.22952
-1.52421
-1.04343
-1.4324
-1.54854
-1.31544
-1.54328
-1.45322
-1.50605
-1.52005
-1.22033
0.267568
-0.0517406
-0.509957
0.0411014
-0.365714
-0.852822
-0.29346
-0.748177
-1.19482
-0.735457
-1.15855
-1.46775
-1.15855
-1.4535
-1.55131
-1.46775
-1.55131
-1.40431
-1.54195
-1.31253
-0.83505
-1.37048
-0.947788
-0.38511
-1.00336
-0.473291
0.0715155
-0.474581
0.0464901
0.469776
0.0464905
0.453235
0.705835
0.469776
0.705835
0.78438
-1.54195
-1.37048
-1.00336
-1.31253
-0.947786
-0.47329
-0.835047
-0.385108
0.0715167
0.478985
0.459978
0.402113
0.399358
0.321206
0.182674
0.163475
0.0144482
-0.203568
0.267568
0.0411006
-0.29346
-0.0517423
-0.365716
-0.748178
-0.509959
-0.852824
-1.19482
-1.04343
-1.31544
-1.50605
-1.4324
-1.54328
-1.52005
-1.54854
-1.45322
-1.22033
-0.275261
-0.480631
-0.738927
-0.80418
-1.01018
-1.22952
-1.28928
-1.42361
-1.52421
0.231251
0.247474
0.279043
0.247474
0.26875
0.306791
0.279043
0.306791
0.35
0.331416
0.395252
0.456935
0.364116
0.427455
0.475248
0.409112
0.462252
0.479038
0.458158
0.480814
0.438345
0.480814
0.447358
0.319912
0.438346
0.319912
0.0880167
0.331416
0.364116
0.409112
0.395252
0.427455
0.462252
0.456935
0.475248
0.479038
0.478985
0.399358
0.163475
0.459978
0.321206
0.0144474
0.402112
0.182673
-0.20357
-0.275261
-0.80418
-1.28928
-0.480632
-1.01018
-1.42361
-0.738928
-1.22952
-1.52421
-1.04343
-1.4324
-1.54854
-1.31544
-1.54328
-1.45322
-1.50605
-1.52005
-1.22033
0.267567
-0.0517435
-0.509961
0.0410995
-0.365717
-0.852825
-0.293461
-0.748179
-1.19483
-0.735458
-1.15855
-1.46775
-1.15855
-1.4535
-1.55131
-1.46775
-1.55131
-1.40431
-1.54195
-1.31253
-0.835049
-1.37048
-0.947789
-0.385112
-1.00336
-0.473294
0.0715123
-0.474585
0.0464854
0.469772
0.0464846
0.453231
0.705833
0.469771
0.705832
0.78438
-1.54195
-1.37048
-1.00336
-1.31254
-0.947792
-0.473296
-0.835054
-0.385115
0.0715098
0.478985
0.459978
0.402113
0.39936
0.321208
0.182675
0.163479
0.0144517
-0.203565
0.267568
0.0411008
-0.29346
-0.0517408
-0.365714
-0.748177
-0.509956
-0.852821
-1.19482
-1.04343
-1.31544
-1.50605
-1.4324
-1.54328
-1.52005
-1.54854
-1.45322
-1.22033
-0.275254
-0.480626
-0.738922
-0.804172
-1.01017
-1.22952
-1.28928
-1.4236
-1.52421
0.231251
0.247474
0.279043
0.247474
0.26875
0.306791
0.279043
0.306791
0.349999
0.331416
0.395252
0.456935
0.364116
0.427455
0.475247
0.409112
0.462252
0.479038
0.458158
0.480814
0.438347
0.480814
0.44736
0.319916
0.438347
0.319916
0.0880234
0.331416
0.364116
0.409112
0.395252
0.427455
0.462252
0.456935
0.475247
0.479038
0.478985
0.39936
0.163479
0.459979
0.321209
0.0144542
0.402115
0.182679
-0.20356
-0.275253
-0.804171
-1.28928
-0.480623
-1.01017
-1.4236
-0.738917
-1.22951
-1.5242
-1.04342
-1.43239
-1.54854
-1.31543
-1.54328
-1.45323
-1.50604
-1.52005
-1.22034
0.267572
-0.0517351
-0.509949
0.041107
-0.365706
-0.852813
-0.293451
-0.748167
-1.19481
-0.735447
-1.15854
-1.46774
-1.15854
-1.45349
-1.55131
-1.46774
-1.55131
-1.40432
-1.54195
-1.31254
-0.835066
-1.37049
-0.947805
-0.38513
-1.00337
-0.473312
0.0714963
-0.474602
0.0464698
0.469761
0.0464698
0.45322
0.705827
0.469761
0.705827
0.78438
-1.54195
-1.37049
-1.00337
-1.31254
-0.947805
-0.473312
-0.835066
-0.38513
0.0714963
0.478985
0.459979
0.402115
0.39936
0.321209
0.182679
0.163479
0.0144542
-0.20356
0.267572
0.041107
-0.293451
-0.0517351
-0.365706
-0.748167
-0.509949
-0.852813
-1.19481
-1.04342
-1.31543
-1.50604
-1.43239
-1.54328
-1.52005
-1.54854
-1.45323
-1.22034
-0.275253
-0.480623
-0.738917
-0.804171
-1.01017
-1.22951
-1.28928
-1.4236
-1.5242
0.231251
0.247474
0.279043
0.247474
0.26875
0.306791
0.279043
0.306791
0.35
0.331416
0.395252
0.456935
0.364116
0.427455
0.475247
0.409112
0.462252
0.479038
0.458158
0.480814
0.438346
0.480814
0.447359
0.319913
0.438346
0.319913
0.0880185
0.331416
0.364116
0.409112
0.395252
0.427455
0.462252
0.456935
0.475248
0.479038
0.478985
0.39936
0.163479
0.459979
0.321208
0.0144524
0.402114
0.182676
-0.203564
-0.275254
-0.804172
-1.28928
-0.480625
-1.01017
-1.4236
-0.738921
-1.22951
-1.52421
-1.04343
-1.4324
-1.54854
-1.31544
-1.54328
-1.45322
-1.50605
-1.52005
-1.22034
0.267569
-0.0517392
-0.509954
0.0411025
-0.365712
-0.852818
-0.293458
-0.748174
-1.19482
-0.735454
-1.15854
-1.46775
-1.15854
-1.4535
-1.55131
-1.46775
-1.55131
-1.40431
-1.54195
-1.31254
-0.835061
-1.37048
-0.947799
-0.385124
-1.00337
-0.473306
0.071501
-0.474595
0.0464752
0.469764
0.0464758
0.453223
0.705829
0.469765
0.705829
0.78438
-1.54195
-1.37048
-1.00337
-1.31254
-0.947797
-0.473304
-0.835057
-0.385121
0.0715029
0.478985
0.459978
0.402113
0.399358
0.321206
0.182674
0.163475
0.0144482
-0.203568
0.267568
0.0411014
-0.293458
-0.0517416
-0.365714
-0.748175
-0.509958
-0.852821
-1.19482
-1.04343
-1.31544
-1.50605
-1.4324
-1.54328
-1.52005
-1.54854
-1.45322
-1.22034
-0.275261
-0.480631
-0.738926
-0.80418
-1.01018
-1.22952
-1.28928
-1.42361
-1.52421
0.231251
0.247474
0.279043
0.247474
0.26875
0.306791
0.279043
0.306791
0.35
0.331416
0.395252
0.456935
0.364116
0.427455
0.475248
0.409112
0.462252
0.479038
0.458158
0.480814
0.438346
0.480814
0.447359
0.319913
0.438346
0.319913
0.0880177
0.331416
0.364116
0.409112
0.395252
0.427455
0.462252
0.456935
0.475248
0.479038
0.478985
0.399358
0.163475
0.459978
0.321206
0.0144482
0.402113
0.182674
-0.203568
-0.275261
-0.80418
-1.28928
-0.480631
-1.01018
-1.42361
-0.738927
-1.22952
-1.52421
-1.04343
-1.4324
-1.54854
-1.31544
-1.54328
-1.45322
-1.50605
-1.52005
-1.22033
0.267568
-0.0517423
-0.509959
0.0411006
-0.365716
-0.852824
-0.29346
-0.748178
-1.19482
-0.735457
-1.15855
-1.46775
-1.15855
-1.4535
-1.55131
-1.46775
-1.55131
-1.40431
-1.54195
-1.31253
-0.835047
-1.37048
-0.947786
-0.385108
-1.00336
-0.47329
0.0715167
-0.474581
0.0464905
0.469776
0.0464901
0.453235
0.705835
0.469776
0.705835
0.78438
-1.54195
-1.37048
-1.00336
-1.31253
-0.947788
-0.473291
-0.83505
-0.38511
0.0715155
0.478985
0.459979
0.402113
0.399359
0.321207
0.182675
0.163478
0.0144512
-0.203565
0.267568
0.0411014
-0.29346
-0.0517406
-0.365714
-0.748177
-0.509957
-0.852822
-1.19482
-1.04343
-1.31544
-1.50605
-1.4324
-1.54328
-1.52005
-1.54854
-1.45322
-1.22033
-0.275256
-0.480627
-0.738923
-0.804174
-1.01017
-1.22952
-1.28928
-1.4236
-1.52421
-1.54694
-1.42219
-0.959245
-1.54459
-1.28224
-0.731592
-1.47249
-1.06852
-0.454354
-0.283904
0.303358
0.673891
-0.0519617
0.467867
0.742057
0.190899
0.613506
0.779729
0.43185
0.726311
0.777488
0.617731
0.779623
0.73312
0.739477
0.774296
0.652414
-1.29346
-0.762095
-0.128312
-1.01642
-0.412401
0.18209
-0.649531
-0.0404248
0.456177
0.783862
0.687316
0.500902
0.766603
0.626176
0.432046
0.722859
0.550765
0.358775
0.303405
0.156712
0.0493113
0.248051
0.121179
0.0355244
0.195187
0.0913884
0.0255549
0.14513
0.0649747
0.0173786
0.104482
0.044692
0.0116814
0.0713399
0.0292385
0.00737502
0.649399
0.460017
0.28217
0.558842
0.370191
0.214111
0.45696
0.283135
0.154587
0.347728
0.20121
0.10345
0.252491
0.137218
0.0665925
0.172261
0.087975
0.0403787
0.0450245
0.0176379
0.00418303
0.0275097
0.0102307
0.00241864
0.0157876
0.00557097
0.00131045
0.00818776
0.00279724
0.000578655
0.00414084
0.00130022
0.000316663
0.00189615
0.000617709
8.40976e-05
0.10716
0.0513769
0.0222238
0.0637192
0.0287902
0.0118151
0.0353441
0.0150718
0.00580954
-0.209295
0.322985
0.667498
0.194244
0.589381
0.77029
0.519805
0.74554
0.77539
0.784655
0.709327
0.540204
0.749877
0.605841
0.423331
0.65598
0.481137
0.310355
0.520098
0.348088
0.207904
0.383122
0.237371
0.132017
0.26043
0.14974
0.0782474
0.728135
0.781938
0.692424
0.784326
0.713441
0.562631
0.723275
0.582396
0.416725
0.580919
0.420803
0.275795
0.420802
0.28054
0.16986
0.275794
0.16986
0.0964047
0.158412
0.0847781
0.0414043
0.0907474
0.0456259
0.0209421
0.0479816
0.0226521
0.00974636
0.022281
0.00992199
0.0040143
0.00992199
0.0041494
0.00161391
0.0040143
0.00161391
0.000563969
0.158412
0.0907473
0.0479816
0.084778
0.0456259
0.0226521
0.0414042
0.0209421
0.00974635
0.0174617
0.00707134
0.00255172
0.00838843
0.00315488
0.00112389
0.00362109
0.00135684
0.000409792
0.000847313
0.000187202
0.00012735
0.000309674
0.000111218
-2.32196e-05
9.70765e-05
5.08455e-05
3.43818e-06
-0.000114602
0.000118437
-0.000147315
0.000101296
-5.40583e-05
8.31237e-05
-7.83579e-05
4.93211e-05
-7.33025e-05
0.0014282
0.000498416
0.000101975
0.000547548
0.000161512
9.14179e-05
0.000121377
0.000103028
-5.73253e-05
-9.87404e-05
9.37622e-05
-5.11751e-05
9.37622e-05
-2.93262e-05
1.4888e-05
-5.11751e-05
1.48879e-05
2.35152e-05
6.33822e-05
-4.27268e-05
5.76119e-05
-4.58559e-05
2.78963e-05
-3.75849e-05
7.29988e-05
-3.86905e-05
4.99654e-05
5.20941e-05
-2.03592e-05
1.91404e-05
-2.03592e-05
6.796e-06
-5.10095e-06
1.91404e-05
-5.10098e-06
1.99346e-06
6.33827e-05
-4.58561e-05
7.2999e-05
-4.27272e-05
2.78964e-05
-3.86906e-05
5.76124e-05
-3.75851e-05
4.99657e-05
0.0174617
0.00838842
0.00362109
0.00707133
0.00315488
0.00135684
0.00255172
0.00112389
0.000409792
0.0014282
0.000547548
0.000121377
0.000498416
0.000161512
0.000103028
0.000101974
9.14181e-05
-5.73255e-05
-0.000114604
0.000101296
-7.83577e-05
0.000118437
-5.40584e-05
4.93209e-05
-0.000147316
8.31239e-05
-7.33024e-05
0.000847313
0.000309673
9.7076e-05
0.000187201
0.000111218
5.0846e-05
0.000127351
-2.32199e-05
3.43767e-06
-1.54694
-1.54459
-1.47249
-1.42219
-1.28224
-1.06851
-0.959238
-0.731585
-0.454348
-1.29345
-1.01642
-0.649527
-0.76209
-0.412397
-0.0404213
-0.128307
0.182094
0.45618
0.431853
0.617733
0.739478
0.726312
0.779623
0.774296
0.777487
0.733119
0.652413
-0.283896
-0.0519552
0.190904
0.303364
0.467872
0.613509
0.673894
0.742058
0.77973
-0.209293
0.194246
0.519806
0.322988
0.589382
0.74554
0.667499
0.770291
0.77539
0.728135
0.784326
0.723275
0.781938
0.713441
0.582396
0.692424
0.562631
0.416725
0.520098
0.383122
0.26043
0.348088
0.237371
0.14974
0.207904
0.132017
0.0782473
0.784655
0.749877
0.655979
0.709327
0.60584
0.481137
0.540203
0.42333
0.310354
0.347727
0.252491
0.172261
0.201209
0.137218
0.0879748
0.10345
0.0665923
0.0403786
0.10716
0.063719
0.0353441
0.0513768
0.0287902
0.0150717
0.0222237
0.0118151
0.00580953
0.00818775
0.00414084
0.00189615
0.00279723
0.00130021
0.000617708
0.000578654
0.000316664
8.40974e-05
0.0450243
0.0275096
0.0157875
0.0176379
0.0102307
0.00557096
0.00418302
0.00241864
0.00131045
0.783861
0.766602
0.722858
0.687314
0.626175
0.550763
0.500899
0.432044
0.358773
0.649397
0.558841
0.456959
0.460016
0.37019
0.283134
0.282169
0.21411
0.154587
0.145129
0.104481
0.0713397
0.0649743
0.0446918
0.0292384
0.0173785
0.0116813
0.007375
0.303403
0.24805
0.195186
0.156711
0.121178
0.091388
0.0493109
0.0355242
0.0255547
-1.54694
-1.42219
-0.959238
-1.54459
-1.28224
-0.731585
-1.47249
-1.06851
-0.454348
-0.283896
0.303364
0.673894
-0.0519552
0.467872
0.742058
0.190904
0.613508
0.77973
0.431853
0.726312
0.777487
0.617733
0.779623
0.73312
0.739477
0.774296
0.652414
-1.29345
-0.76209
-0.128307
-1.01642
-0.412398
0.182092
-0.649529
-0.0404232
0.456178
0.783861
0.687314
0.500899
0.766602
0.626175
0.432044
0.722858
0.550763
0.358773
0.303403
0.156711
0.049311
0.24805
0.121178
0.0355242
0.195186
0.0913881
0.0255548
0.14513
0.0649745
0.0173785
0.104482
0.044692
0.0116814
0.07134
0.0292386
0.00737504
0.649398
0.460016
0.282169
0.558842
0.370191
0.214111
0.45696
0.283135
0.154587
0.347728
0.20121
0.103451
0.252492
0.137219
0.0665928
0.172262
0.0879755
0.040379
0.0450246
0.017638
0.00418306
0.0275099
0.0102308
0.00241866
0.0157877
0.00557103
0.00131047
0.00818787
0.00279728
0.000578662
0.00414091
0.00130024
0.000316671
0.00189619
0.000617724
8.40999e-05
0.107161
0.0513774
0.022224
0.0637199
0.0287906
0.0118153
0.0353447
0.015072
0.00580964
-0.209295
0.322985
0.667498
0.194242
0.58938
0.77029
0.519803
0.745539
0.77539
0.784655
0.709328
0.540205
0.749878
0.605841
0.423332
0.655981
0.481139
0.310356
0.5201
0.34809
0.207906
0.383125
0.237373
0.132018
0.260433
0.149742
0.0782485
0.728133
0.781939
0.692426
0.784326
0.713443
0.562634
0.723278
0.582399
0.416728
0.580923
0.420807
0.275798
0.420809
0.280545
0.169863
0.275801
0.169864
0.0964077
0.158414
0.0847797
0.0414051
0.0907496
0.0456272
0.0209427
0.0479833
0.022653
0.00974676
0.022282
0.0099225
0.00401453
0.00992259
0.00414967
0.00161402
0.0040146
0.00161403
0.000564019
0.158417
0.0907508
0.0479836
0.0847819
0.0456282
0.0226534
0.0414067
0.0209434
0.00974702
0.0174621
0.00707152
0.00255179
0.00838871
0.003155
0.00112393
0.00362126
0.0013569
0.000409816
0.000847333
0.000187214
0.000127347
0.000309691
0.000111219
-2.32146e-05
9.70784e-05
5.08516e-05
3.43238e-06
-0.000114595
0.000118434
-0.00014731
0.000101292
-5.40544e-05
8.31191e-05
-7.83488e-05
4.93154e-05
-7.32947e-05
0.00142827
0.000498456
0.000101976
0.000547598
0.000161519
9.14277e-05
0.000121383
0.000103039
-5.73279e-05
-9.87256e-05
9.37581e-05
-5.1166e-05
9.37579e-05
-2.93214e-05
1.48824e-05
-5.1165e-05
1.48821e-05
2.35228e-05
6.33894e-05
-4.27305e-05
5.76163e-05
-4.58597e-05
2.78982e-05
-3.75869e-05
7.30026e-05
-3.86924e-05
4.9967e-05
5.20947e-05
-2.036e-05
1.91405e-05
-2.03601e-05
6.79688e-06
-5.10159e-06
1.91404e-05
-5.10152e-06
1.99389e-06
6.33906e-05
-4.58604e-05
7.30036e-05
-4.27306e-05
2.78983e-05
-3.86927e-05
5.76169e-05
-3.75871e-05
4.99672e-05
0.017463
0.00838909
0.0036214
0.00707197
0.00315519
0.00135697
0.002552
0.00112401
0.000409846
0.00142831
0.000547612
0.000121385
0.00049848
0.000161524
0.000103041
0.000101983
9.14311e-05
-5.73272e-05
-0.000114589
0.000101291
-7.83459e-05
0.000118431
-5.40519e-05
4.9313e-05
-0.000147307
8.31162e-05
-7.3291e-05
0.000847402
0.000309727
9.7082e-05
0.000187248
0.000111224
5.08607e-05
0.000127345
-2.32058e-05
3.42452e-06
-1.54694
-1.54459
-1.47249
-1.4222
-1.28224
-1.06852
-0.959248
-0.731596
-0.45436
-1.29346
-1.01642
-0.649537
-0.762101
-0.412408
-0.0404327
-0.128319
0.182082
0.45617
0.431844
0.617726
0.739474
0.726308
0.779622
0.774298
0.777489
0.733123
0.652419
-0.283907
-0.0519665
0.190893
0.303355
0.467864
0.613502
0.67389
0.742055
0.779729
-0.209302
0.194237
0.5198
0.322978
0.589375
0.745537
0.667493
0.770289
0.775391
0.728132
0.784326
0.723278
0.781939
0.713445
0.582402
0.692429
0.562638
0.416733
0.520106
0.38313
0.260437
0.348096
0.237378
0.149746
0.207911
0.132022
0.0782513
0.784655
0.74988
0.655986
0.709332
0.605847
0.481145
0.540211
0.423339
0.310363
0.347735
0.252498
0.172267
0.201216
0.137223
0.0879789
0.103454
0.0665955
0.0403809
0.107165
0.0637225
0.0353464
0.0513798
0.0287921
0.0150729
0.0222253
0.0118161
0.00581008
0.00818843
0.00414125
0.00189637
0.00279751
0.00130037
0.000617787
0.000578717
0.000316702
8.41166e-05
0.0450265
0.0275112
0.0157887
0.0176389
0.0102314
0.00557142
0.00418332
0.00241882
0.00131058
0.783862
0.766604
0.722861
0.687317
0.626179
0.550768
0.500903
0.432048
0.358778
0.649402
0.558847
0.456967
0.460022
0.370196
0.283141
0.282174
0.214115
0.154591
0.145133
0.104485
0.0713424
0.0649763
0.0446935
0.0292398
0.0173791
0.0116818
0.0073754
0.303406
0.248053
0.195189
0.156712
0.12118
0.09139
0.0493116
0.0355249
0.0255554
-1.54694
-1.4222
-0.959249
-1.54459
-1.28225
-0.731599
-1.4725
-1.06852
-0.454366
-0.283908
0.303354
0.67389
-0.0519695
0.467862
0.742055
0.190889
0.6135
0.779728
0.431839
0.726306
0.777489
0.617722
0.779621
0.733125
0.739471
0.774299
0.652422
-1.29347
-0.762108
-0.128326
-1.01643
-0.412418
0.182074
-0.649548
-0.0404432
0.456163
0.783862
0.687317
0.500903
0.766604
0.62618
0.432049
0.722862
0.55077
0.358779
0.303406
0.156713
0.0493117
0.248054
0.121181
0.035525
0.19519
0.0913906
0.0255556
0.145134
0.0649769
0.0173793
0.104486
0.0446941
0.011682
0.0713435
0.0292403
0.00737555
0.649404
0.460024
0.282176
0.55885
0.370199
0.214118
0.45697
0.283144
0.154593
0.347739
0.201218
0.103456
0.252502
0.137226
0.0665969
0.17227
0.0879808
0.040382
0.0450274
0.0176393
0.00418343
0.0275119
0.0102317
0.00241889
0.0157891
0.00557161
0.00131063
0.00818874
0.00279762
0.000578743
0.00414143
0.00130043
0.000316718
0.00189647
0.00061782
8.41248e-05
0.107167
0.0513812
0.022226
0.0637243
0.0287931
0.0118165
0.0353476
0.0150735
0.00581034
-0.209315
0.322968
0.667488
0.194226
0.589368
0.770287
0.519791
0.745534
0.775393
0.784655
0.709335
0.540215
0.749883
0.605851
0.423343
0.65599
0.48115
0.310367
0.520111
0.348101
0.207915
0.383135
0.237382
0.132025
0.260442
0.149749
0.0782535
0.728128
0.78194
0.692433
0.784327
0.713449
0.562643
0.723282
0.582407
0.416738
0.58093
0.420815
0.275806
0.420815
0.280552
0.169869
0.275806
0.169869
0.0964115
0.158421
0.0847845
0.0414081
0.090754
0.04563
0.0209443
0.0479858
0.0226545
0.00974755
0.0222833
0.00992319
0.00401487
0.0099232
0.00414998
0.00161416
0.00401487
0.00161416
0.000564076
0.158421
0.090754
0.0479858
0.0847845
0.04563
0.0226545
0.0414082
0.0209444
0.00974755
0.0174637
0.00707229
0.00255213
0.0083895
0.00315536
0.00112407
0.00362162
0.00135705
0.000409878
0.000847448
0.000187264
0.000127348
0.000309749
0.000111229
-2.32031e-05
9.70888e-05
5.08653e-05
3.42217e-06
-0.000114582
0.00011843
-0.000147304
0.000101289
-5.40494e-05
8.31138e-05
-7.83406e-05
4.93099e-05
-7.32871e-05
0.00142841
0.000498517
0.000101995
0.000547657
0.000161538
9.14354e-05
0.0001214
0.000103047
-5.73244e-05
-9.87158e-05
9.37573e-05
-5.11613e-05
9.37572e-05
-2.93191e-05
1.48802e-05
-5.11607e-05
1.488e-05
2.35256e-05
6.33924e-05
-4.27313e-05
5.76181e-05
-4.5861e-05
2.78985e-05
-3.75874e-05
7.30037e-05
-3.86926e-05
4.99669e-05
5.2095e-05
-2.03604e-05
1.91402e-05
-2.03604e-05
6.79725e-06
-5.10167e-06
1.91399e-05
-5.10153e-06
1.99361e-06
6.33938e-05
-4.5862e-05
7.3005e-05
-4.27321e-05
2.7899e-05
-3.86931e-05
5.76194e-05
-3.75881e-05
4.99676e-05
0.0174637
0.00838951
0.00362163
0.00707231
0.00315537
0.00135705
0.00255214
0.00112408
0.000409879
0.00142841
0.000547658
0.0001214
0.000498518
0.000161538
0.000103047
0.000101995
9.14355e-05
-5.73241e-05
-0.000114581
0.000101288
-7.83394e-05
0.000118429
-5.40487e-05
4.93088e-05
-0.000147304
8.31132e-05
-7.32858e-05
0.000847451
0.000309751
9.70884e-05
0.000187266
0.000111228
5.08662e-05
0.000127348
-2.32022e-05
3.42081e-06
-1.54694
-1.54459
-1.4725
-1.4222
-1.28225
-1.06852
-0.959249
-0.731599
-0.454366
-1.29347
-1.01643
-0.649548
-0.762108
-0.412418
-0.0404435
-0.128327
0.182074
0.456163
0.431839
0.617722
0.739471
0.726306
0.779621
0.774299
0.777489
0.733125
0.652422
-0.283908
-0.0519698
0.190888
0.303354
0.467862
0.6135
0.67389
0.742055
0.779728
-0.209315
0.194225
0.519791
0.322968
0.589368
0.745534
0.667488
0.770287
0.775393
0.728128
0.784327
0.723282
0.78194
0.713449
0.582407
0.692433
0.562643
0.416738
0.520112
0.383136
0.260442
0.348102
0.237383
0.14975
0.207915
0.132025
0.0782536
0.784655
0.749883
0.65599
0.709335
0.605852
0.48115
0.540216
0.423344
0.310367
0.347739
0.252502
0.17227
0.201219
0.137226
0.087981
0.103456
0.0665971
0.0403821
0.107167
0.0637244
0.0353476
0.0513813
0.0287931
0.0150736
0.0222261
0.0118166
0.00581036
0.00818877
0.00414144
0.00189648
0.00279763
0.00130044
0.000617824
0.000578747
0.00031672
8.41255e-05
0.0450276
0.027512
0.0157892
0.0176393
0.0102317
0.00557164
0.00418345
0.00241891
0.00131064
0.783862
0.766604
0.722863
0.687317
0.62618
0.55077
0.500903
0.43205
0.35878
0.649405
0.558851
0.456971
0.460025
0.3702
0.283144
0.282176
0.214118
0.154594
0.145134
0.104486
0.0713437
0.064977
0.0446942
0.0292404
0.0173794
0.011682
0.00737558
0.303406
0.248054
0.195191
0.156713
0.121181
0.0913907
0.0493117
0.0355251
0.0255557
-1.54694
-1.4222
-0.959248
-1.54459
-1.28224
-0.731597
-1.4725
-1.06852
-0.454362
-0.283907
0.303355
0.67389
-0.0519673
0.467863
0.742055
0.190892
0.613502
0.779729
0.431842
0.726307
0.777489
0.617725
0.779622
0.733124
0.739473
0.774298
0.65242
-1.29346
-0.762104
-0.128322
-1.01643
-0.412412
0.182079
-0.649542
-0.0404376
0.456167
0.783862
0.687317
0.500903
0.766604
0.626179
0.432048
0.722862
0.550768
0.358778
0.303406
0.156712
0.0493116
0.248053
0.12118
0.0355249
0.19519
0.09139
0.0255554
0.145133
0.0649763
0.0173791
0.104485
0.0446935
0.0116818
0.0713425
0.0292398
0.0073754
0.649403
0.460022
0.282174
0.558848
0.370197
0.214116
0.456968
0.283141
0.154592
0.347736
0.201216
0.103454
0.252499
0.137224
0.0665957
0.172268
0.0879792
0.0403811
0.0450266
0.0176389
0.00418332
0.0275113
0.0102314
0.00241882
0.0157887
0.00557143
0.00131058
0.00818846
0.00279751
0.000578718
0.00414126
0.00130037
0.000316702
0.00189638
0.000617789
8.4117e-05
0.107165
0.05138
0.0222254
0.063723
0.0287923
0.0118161
0.0353467
0.0150731
0.00581012
-0.209309
0.322973
0.667491
0.19423
0.589371
0.770288
0.519794
0.745535
0.775392
0.784655
0.709333
0.540212
0.749881
0.605849
0.42334
0.655988
0.481147
0.310364
0.520108
0.348098
0.207912
0.383132
0.23738
0.132023
0.26044
0.149747
0.078252
0.728129
0.781939
0.692431
0.784326
0.713447
0.562641
0.723281
0.582405
0.416736
0.580927
0.420812
0.275803
0.420811
0.280548
0.169866
0.275801
0.169865
0.0964087
0.158419
0.0847828
0.0414071
0.0907518
0.0456287
0.0209436
0.0479842
0.0226536
0.00974712
0.0222823
0.00992269
0.00401464
0.00992261
0.00414972
0.00161405
0.00401457
0.00161403
0.000564025
0.158416
0.0907506
0.0479838
0.0847806
0.0456277
0.0226533
0.0414056
0.020943
0.00974686
0.0174631
0.00707203
0.00255201
0.00838917
0.00315522
0.00112402
0.00362144
0.00135698
0.000409849
0.000847405
0.00018725
0.000127344
0.000309729
0.000111223
-2.32049e-05
9.70822e-05
5.08613e-05
3.42365e-06
-0.000114587
0.000118431
-0.000147306
0.00010129
-5.40514e-05
8.31157e-05
-7.83448e-05
4.93123e-05
-7.32901e-05
0.00142832
0.000498485
0.000101983
0.000547618
0.000161525
9.14319e-05
0.000121385
0.000103042
-5.73273e-05
-9.87247e-05
9.37577e-05
-5.11645e-05
9.3758e-05
-2.93213e-05
1.48819e-05
-5.1166e-05
1.48824e-05
2.35229e-05
6.33912e-05
-4.2731e-05
5.76176e-05
-4.58608e-05
2.78985e-05
-3.75874e-05
7.3004e-05
-3.86929e-05
4.99676e-05
5.20948e-05
-2.03602e-05
1.91404e-05
-2.03601e-05
6.79694e-06
-5.10158e-06
1.91407e-05
-5.10169e-06
1.99398e-06
6.33888e-05
-4.58593e-05
7.30022e-05
-4.273e-05
2.7898e-05
-3.86922e-05
5.76157e-05
-3.75866e-05
4.99667e-05
0.0174623
0.00838879
0.00362129
0.00707159
0.00315503
0.00135691
0.00255181
0.00112394
0.00040982
0.00142828
0.000547604
0.000121384
0.000498461
0.00016152
0.00010304
0.000101977
9.14283e-05
-5.73281e-05
-0.000114594
0.000101292
-7.8349e-05
0.000118433
-5.40543e-05
4.93155e-05
-0.00014731
8.31189e-05
-7.32949e-05
0.000847337
0.000309693
9.70793e-05
0.000187215
0.00011122
5.08514e-05
0.000127347
-2.32145e-05
3.43269e-06
-1.54694
-1.54459
-1.47249
-1.42219
-1.28224
-1.06851
-0.959238
-0.731586
-0.454351
-1.29346
-1.01642
-0.649536
-0.762094
-0.412403
-0.0404292
-0.128311
0.182088
0.456174
0.431851
0.617731
0.739476
0.726311
0.779623
0.774297
0.777487
0.733121
0.652415
-0.283896
-0.0519565
0.190902
0.303364
0.467871
0.613507
0.673894
0.742058
0.779729
-0.209304
0.194235
0.519797
0.32298
0.589375
0.745537
0.667495
0.770289
0.775391
0.72813
0.784326
0.72328
0.781939
0.713445
0.582403
0.692428
0.562637
0.416732
0.520103
0.383127
0.260435
0.348092
0.237375
0.149744
0.207907
0.132019
0.0782492
0.784655
0.749879
0.655983
0.709329
0.605843
0.481141
0.540206
0.423334
0.310358
0.347729
0.252493
0.172263
0.201211
0.137219
0.087976
0.103451
0.066593
0.0403792
0.107162
0.0637204
0.035345
0.0513777
0.0287908
0.0150722
0.0222242
0.0118154
0.00580969
0.0081879
0.00414093
0.0018962
0.00279728
0.00130025
0.000617725
0.000578665
0.00031667
8.41009e-05
0.0450247
0.0275099
0.0157878
0.017638
0.0102308
0.00557104
0.00418306
0.00241866
0.00131047
0.783861
0.766603
0.722858
0.687314
0.626175
0.550764
0.5009
0.432044
0.358774
0.649398
0.558842
0.456961
0.460017
0.370191
0.283136
0.282169
0.214111
0.154588
0.14513
0.104482
0.0713401
0.0649745
0.044692
0.0292386
0.0173786
0.0116814
0.00737505
0.303403
0.24805
0.195186
0.156711
0.121179
0.0913881
0.049311
0.0355242
0.0255548
-1.54694
-1.42219
-0.959238
-1.54459
-1.28224
-0.731585
-1.47249
-1.06851
-0.454348
-0.283896
0.303364
0.673894
-0.0519552
0.467872
0.742058
0.190904
0.613509
0.77973
0.431853
0.726312
0.777487
0.617733
0.779623
0.733119
0.739478
0.774296
0.652413
-1.29345
-0.76209
-0.128307
-1.01642
-0.412397
0.182094
-0.649527
-0.0404213
0.45618
0.783861
0.687314
0.500899
0.766602
0.626175
0.432044
0.722858
0.550763
0.358773
0.303403
0.156711
0.0493109
0.24805
0.121178
0.0355242
0.195186
0.091388
0.0255547
0.145129
0.0649743
0.0173785
0.104481
0.0446918
0.0116813
0.0713397
0.0292384
0.007375
0.649397
0.460016
0.282169
0.558841
0.37019
0.21411
0.456959
0.283134
0.154587
0.347727
0.201209
0.10345
0.252491
0.137218
0.0665923
0.172261
0.0879748
0.0403786
0.0450243
0.0176379
0.00418302
0.0275096
0.0102307
0.00241864
0.0157875
0.00557096
0.00131045
0.00818775
0.00279723
0.000578654
0.00414084
0.00130021
0.000316663
0.00189615
0.000617708
8.40977e-05
0.10716
0.0513768
0.0222237
0.063719
0.0287902
0.0118151
0.0353441
0.0150717
0.00580953
-0.209293
0.322988
0.667499
0.194246
0.589382
0.770291
0.519806
0.74554
0.77539
0.784655
0.709327
0.540203
0.749877
0.60584
0.42333
0.655979
0.481137
0.310354
0.520098
0.348088
0.207904
0.383122
0.237371
0.132017
0.26043
0.14974
0.0782473
0.728135
0.781938
0.692424
0.784326
0.713441
0.562631
0.723275
0.582396
0.416725
0.580919
0.420802
0.275794
0.420803
0.28054
0.16986
0.275795
0.16986
0.0964047
0.158412
0.084778
0.0414042
0.0907473
0.0456259
0.0209421
0.0479816
0.0226521
0.00974635
0.022281
0.00992199
0.0040143
0.00992199
0.0041494
0.00161391
0.0040143
0.00161391
0.00056397
0.158412
0.0907474
0.0479816
0.0847781
0.0456259
0.0226521
0.0414043
0.0209421
0.00974636
0.0174617
0.00707133
0.00255172
0.00838842
0.00315488
0.00112389
0.00362109
0.00135684
0.000409792
0.000847313
0.000187202
0.00012735
0.000309673
0.000111218
-2.32196e-05
9.70759e-05
5.08461e-05
3.43744e-06
-0.000114603
0.000118437
-0.000147316
0.000101296
-5.40583e-05
8.31237e-05
-7.83576e-05
4.93208e-05
-7.33022e-05
0.0014282
0.000498416
0.000101974
0.000547548
0.000161512
9.14182e-05
0.000121377
0.000103028
-5.73255e-05
-9.87402e-05
9.37621e-05
-5.1175e-05
9.37621e-05
-2.93261e-05
1.48879e-05
-5.11751e-05
1.48879e-05
2.35152e-05
6.33826e-05
-4.27271e-05
5.76123e-05
-4.58561e-05
2.78964e-05
-3.75851e-05
7.29989e-05
-3.86905e-05
4.99656e-05
5.20941e-05
-2.03592e-05
1.91404e-05
-2.03592e-05
6.79601e-06
-5.10099e-06
1.91404e-05
-5.10096e-06
1.99347e-06
6.33822e-05
-4.58558e-05
7.29987e-05
-4.27268e-05
2.78962e-05
-3.86904e-05
5.76119e-05
-3.75849e-05
4.99654e-05
0.0174617
0.00838843
0.00362109
0.00707134
0.00315488
0.00135684
0.00255172
0.00112389
0.000409792
0.0014282
0.000547548
0.000121377
0.000498416
0.000161512
0.000103028
0.000101975
9.14179e-05
-5.73253e-05
-0.000114602
0.000101296
-7.83578e-05
0.000118437
-5.40583e-05
4.9321e-05
-0.000147315
8.31236e-05
-7.33024e-05
0.000847313
0.000309674
9.70765e-05
0.000187202
0.000111218
5.08455e-05
0.00012735
-2.32196e-05
3.43815e-06
-1.54694
-1.54459
-1.47249
-1.42219
-1.28224
-1.06852
-0.959245
-0.731592
-0.454354
-1.29346
-1.01642
-0.649531
-0.762095
-0.412401
-0.0404248
-0.128312
0.18209
0.456177
0.43185
0.617731
0.739477
0.726311
0.779623
0.774296
0.777488
0.73312
0.652414
-0.283904
-0.0519617
0.190899
0.303358
0.467867
0.613506
0.673891
0.742057
0.779729
-0.209295
0.194244
0.519805
0.322985
0.589381
0.74554
0.667498
0.77029
0.77539
0.728135
0.784326
0.723275
0.781938
0.713441
0.582396
0.692424
0.562631
0.416725
0.520098
0.383122
0.26043
0.348088
0.237371
0.14974
0.207904
0.132017
0.0782474
0.784655
0.749877
0.65598
0.709327
0.605841
0.481137
0.540204
0.423331
0.310355
0.347728
0.252491
0.172261
0.20121
0.137218
0.087975
0.10345
0.0665924
0.0403787
0.10716
0.0637192
0.0353441
0.0513769
0.0287902
0.0150718
0.0222238
0.0118151
0.00580954
0.00818776
0.00414084
0.00189615
0.00279724
0.00130022
0.000617709
0.000578655
0.000316664
8.40976e-05
0.0450245
0.0275097
0.0157876
0.0176379
0.0102307
0.00557097
0.00418303
0.00241864
0.00131045
0.783862
0.766603
0.722859
0.687316
0.626176
0.550765
0.500902
0.432046
0.358775
0.649399
0.558842
0.45696
0.460017
0.370191
0.283135
0.28217
0.214111
0.154587
0.14513
0.104482
0.0713399
0.0649746
0.044692
0.0292385
0.0173786
0.0116814
0.00737502
0.303405
0.248051
0.195187
0.156712
0.121179
0.0913884
0.0493113
0.0355244
0.0255549
