FiniteElementSpace
FiniteElementCollection: H1_2D_P4
VDim: 1
Ordering: 0

-0.0550961
9.35762e-14
9.35736e-14
7.76165e-35
9.3577e-14
7.76496e-35
9.3577e-14
7.7667e-35
9.35736e-14
7.76496e-35
7.76165e-35
-0.0106868
4.87272e-21
4.87272e-21
-0.010686
4.87302e-21
4.87451e-21
-0.010687
4.87525e-21
4.87533e-21
-0.010687
4.87451e-21
4.87302e-21
-0.010686
4.87272e-21
4.87272e-21
0.0700096
0.0700101
0.070011
0.0700109
0.0700096
-0.0882833
0.148916
0.148916
-0.0882834
0.148916
0.148916
-0.0882833
0.148915
0.148915
-0.0882833
0.148915
0.148916
-0.0882834
0.148916
0.148916
0.118746
1.39243e-16
0.00162823
4.0102e-27
4.01022e-27
0.00162823
1.39242e-16
0.118745
1.39245e-16
0.00162826
4.01112e-27
4.01183e-27
0.00162835
1.39265e-16
0.118746
1.39274e-16
0.00162841
4.01258e-27
4.0126e-27
0.00162841
1.39276e-16
0.118746
1.39265e-16
0.00162836
4.01183e-27
4.01112e-27
0.00162828
1.39245e-16
0.118745
1.39242e-16
0.00162823
4.01022e-27
4.0102e-27
0.00162823
1.39243e-16
-0.104008
-0.104008
-0.104008
-0.104008
-0.104008
0.0364103
5.87234e-06
0.0364102
0.0364103
5.87239e-06
0.036411
0.0364115
5.87277e-06
0.0364115
0.0364111
5.87241e-06
0.0364105
0.0364102
5.87234e-06
0.0364103
-0.0618702
-0.106269
-0.106269
-0.0618702
-0.112029
0.0670054
0.00540285
0.146503
0.146503
0.005403
0.0670059
-0.112029
-0.106269
-0.106269
-0.0618702
0.0670059
0.005403
0.146503
0.146503
0.00540271
0.0670051
-0.112029
-0.106269
-0.106269
-0.0618702
0.0670045
0.00540152
0.146504
0.146504
0.00540152
0.0670045
-0.112029
-0.106269
-0.106269
-0.0618702
0.0670048
0.00540221
0.146503
0.146503
0.00540244
0.0670056
-0.112029
-0.106269
-0.106269
0.0670059
0.005403
0.146503
0.146503
0.00540285
0.0670054
0.149372
0.0790559
0.12566
0.0294415
5.76828e-15
0.00409541
1.31628e-18
7.60018e-05
0.0102941
0.0157849
0.000137263
0.000137263
0.0157849
7.06389e-24
-4.11017e-06
8.91529e-31
8.91533e-31
-4.11019e-06
7.06393e-24
7.60017e-05
0.12566
0.0790556
0.149372
0.0102941
1.31628e-18
0.00409539
5.76819e-15
0.0294412
0.0790557
0.12566
5.76822e-15
0.00409542
1.31633e-18
7.60035e-05
0.0102942
0.0157851
0.00013727
0.000137274
0.0157854
7.0649e-24
-4.11028e-06
8.91819e-31
8.91903e-31
-4.11033e-06
7.06665e-24
7.60105e-05
0.125661
0.0790565
0.149372
0.0102945
1.31662e-18
0.00409558
5.76872e-15
0.0294415
0.0790568
0.125661
5.76887e-15
0.00409565
1.31675e-18
7.60146e-05
0.0102947
0.0157858
0.000137283
0.000137283
0.0157858
7.06784e-24
-4.11033e-06
8.92086e-31
8.92087e-31
-4.11033e-06
7.06791e-24
7.60149e-05
0.125661
0.0790568
0.149372
0.0102948
1.31678e-18
0.00409566
5.76892e-15
0.0294415
0.0790565
0.125661
5.76872e-15
0.00409559
1.31662e-18
7.6011e-05
0.0102946
0.0157856
0.000137276
0.000137272
0.0157853
7.06665e-24
-4.11034e-06
8.91903e-31
8.91819e-31
-4.11028e-06
7.0649e-24
7.60041e-05
0.12566
0.0790558
0.149372
0.0102943
1.31633e-18
0.00409543
5.76822e-15
0.0294412
0.0790556
0.12566
5.76819e-15
0.00409539
1.31628e-18
7.60017e-05
0.0102941
0.0157849
0.000137263
0.000137263
0.0157849
7.06393e-24
-4.11019e-06
8.91533e-31
8.91529e-31
-4.11017e-06
7.06389e-24
7.60018e-05
0.12566
0.0790559
0.0102941
1.31628e-18
0.00409541
5.76828e-15
-0.0754346
-0.0889925
0.135298
-0.0889923
-0.0754347
-0.0889922
0.135298
-0.0889925
-0.0754346
-0.0889928
0.135297
-0.0889928
-0.0754347
-0.0889926
0.135298
-0.0889923
-0.0754346
-0.0889923
0.135298
-0.0889925
0.160919
0.0135765
0.000740248
0.0602156
0.00209967
4.60937e-06
-1.46771e-06
4.60936e-06
0.160919
0.0602155
0.000740246
0.0135764
0.160919
0.0135764
0.000740256
0.0602159
0.00209977
4.60935e-06
-1.46738e-06
4.6095e-06
0.16092
0.0602166
0.000740304
0.0135767
0.16092
0.0135768
0.000740329
0.0602173
0.00209988
4.60976e-06
-1.46713e-06
4.6097e-06
0.16092
0.0602174
0.000740332
0.0135768
0.16092
0.0135767
0.000740307
0.0602169
0.00209979
4.60948e-06
-1.46737e-06
4.6094e-06
0.160919
0.0602163
0.00074026
0.0135764
0.160919
0.0135764
0.000740246
0.0602155
0.00209967
4.60936e-06
-1.46771e-06
4.60937e-06
0.160919
0.0602156
0.000740248
0.0135765
-0.0552756
-0.0566572
-0.0595823
-0.0629008
-0.0662392
-0.0716502
-0.0629008
-0.0662392
-0.0716502
-0.0552756
-0.0566572
-0.0595823
-0.0821189
-0.0721274
-0.064762
-0.0905193
-0.0960561
-0.102722
-0.100941
-0.089914
-0.0798809
-0.109774
-0.112912
-0.109452
-0.109774
-0.112912
-0.109452
-0.100941
-0.089914
-0.0798809
-0.0905193
-0.0960562
-0.102722
-0.0821189
-0.0721275
-0.0647621
-0.0947813
-0.106361
-0.112819
-0.110873
-0.106277
-0.0967656
-0.110477
-0.11249
-0.10163
-0.0401346
-0.0834351
-0.10705
-0.000338005
0.0231947
0.051102
0.0351715
-0.0237447
-0.071093
0.138626
0.113166
0.083254
0.133114
0.0890694
0.034585
-0.0168032
-0.0526212
-0.0789009
-0.0946266
-0.065603
-0.0220917
0.0291804
0.0755242
0.117468
0.0291805
0.0755243
0.117468
-0.0946266
-0.0656029
-0.0220916
0.156392
0.161603
0.154644
0.155745
0.161363
0.148955
0.083838
0.111
0.135863
0.083838
0.111
0.135863
0.155745
0.161363
0.148955
0.156392
0.161603
0.154644
0.133114
0.0890696
0.0345852
-0.110477
-0.11249
-0.10163
-0.110873
-0.106277
-0.0967654
-0.0947814
-0.106361
-0.112819
-0.0168031
-0.052621
-0.0789007
0.138627
0.113166
0.0832544
0.0351721
-0.0237443
-0.0710927
-0.000337243
0.0231954
0.0511026
-0.0401339
-0.0834347
-0.10705
-0.0629008
-0.0662393
-0.0716502
-0.0629008
-0.0662392
-0.0716502
-0.0552756
-0.0566572
-0.0595823
-0.0905194
-0.0960562
-0.102722
-0.100941
-0.0899141
-0.079881
-0.109774
-0.112912
-0.109452
-0.109774
-0.112912
-0.109452
-0.100941
-0.0899141
-0.079881
-0.0905192
-0.0960561
-0.102722
-0.0821188
-0.0721274
-0.064762
-0.110873
-0.106277
-0.0967654
-0.110477
-0.11249
-0.10163
-0.000337211
0.0231955
0.0511027
0.0351721
-0.0237442
-0.0710926
0.138626
0.113166
0.0832545
0.133114
0.0890695
0.0345851
-0.016803
-0.0526209
-0.0789006
-0.0946265
-0.0656029
-0.0220916
0.0291805
0.0755242
0.117468
0.0291802
0.075524
0.117468
-0.0946265
-0.065603
-0.0220918
0.156392
0.161603
0.154645
0.155746
0.161363
0.148955
0.0838385
0.111001
0.135863
0.0838386
0.111001
0.135864
0.155746
0.161363
0.148955
0.156392
0.161603
0.154645
0.133114
0.0890691
0.0345848
-0.110477
-0.11249
-0.10163
-0.110873
-0.106277
-0.0967656
-0.0947812
-0.106361
-0.112819
-0.0168034
-0.0526212
-0.0789009
0.138626
0.113165
0.0832537
0.0351713
-0.0237448
-0.071093
-0.000338258
0.0231945
0.0511018
-0.0401348
-0.0834353
-0.10705
-0.0629008
-0.0662392
-0.0716501
-0.0629008
-0.0662392
-0.0716501
-0.0552756
-0.0566572
-0.0595823
-0.0905192
-0.096056
-0.102721
-0.10094
-0.0899139
-0.0798808
-0.109774
-0.112912
-0.109451
-0.109774
-0.112912
-0.109451
-0.10094
-0.0899139
-0.0798808
-0.0905192
-0.096056
-0.102721
-0.0821188
-0.0721274
-0.064762
-0.110874
-0.106277
-0.0967659
-0.110477
-0.11249
-0.10163
-0.000338384
0.0231941
0.0511012
0.0351706
-0.0237455
-0.0710935
0.138625
0.113165
0.083253
0.133113
0.089068
0.0345836
-0.0168044
-0.052622
-0.0789014
-0.0946271
-0.0656038
-0.0220929
0.029179
0.0755227
0.117467
0.029179
0.0755227
0.117467
-0.0946271
-0.0656038
-0.0220929
0.156391
0.161603
0.154645
0.155746
0.161363
0.148955
0.0838394
0.111001
0.135864
0.0838394
0.111001
0.135864
0.155746
0.161363
0.148955
0.156391
0.161603
0.154645
0.133113
0.089068
0.0345836
-0.110477
-0.11249
-0.10163
-0.110874
-0.106277
-0.0967659
-0.0947812
-0.106361
-0.112819
-0.0168044
-0.052622
-0.0789014
0.138625
0.113165
0.083253
0.0351706
-0.0237455
-0.0710935
-0.000338384
0.0231941
0.0511012
-0.0401348
-0.0834353
-0.10705
-0.0629008
-0.0662392
-0.0716502
-0.0629008
-0.0662393
-0.0716502
-0.0552756
-0.0566572
-0.0595823
-0.0905192
-0.0960561
-0.102722
-0.100941
-0.089914
-0.0798809
-0.109774
-0.112912
-0.109452
-0.109774
-0.112912
-0.109452
-0.100941
-0.0899141
-0.079881
-0.0905193
-0.0960562
-0.102722
-0.0821189
-0.0721275
-0.0647621
-0.110873
-0.106277
-0.0967657
-0.110477
-0.11249
-0.10163
-0.000338298
0.0231944
0.0511015
0.035171
-0.0237451
-0.0710932
0.138626
0.113165
0.0832534
0.133113
0.0890686
0.0345843
-0.0168038
-0.0526215
-0.0789011
-0.0946267
-0.0656033
-0.0220923
0.0291797
0.0755234
0.117467
0.0291799
0.0755235
0.117467
-0.0946267
-0.0656032
-0.0220921
0.156392
0.161603
0.154645
0.155746
0.161363
0.148955
0.0838393
0.111001
0.135864
0.0838393
0.111001
0.135864
0.155746
0.161363
0.148955
0.156392
0.161603
0.154645
0.133114
0.0890689
0.0345845
-0.110477
-0.11249
-0.10163
-0.110873
-0.106277
-0.0967655
-0.0947814
-0.106361
-0.112819
-0.0168035
-0.0526212
-0.0789008
0.138626
0.113166
0.083254
0.0351718
-0.0237445
-0.0710928
-0.000337273
0.0231953
0.0511024
-0.0401339
-0.0834347
-0.10705
-0.0629008
-0.0662392
-0.0716502
-0.0629008
-0.0662392
-0.0716502
-0.0905193
-0.0960562
-0.102722
-0.100941
-0.089914
-0.0798809
-0.109774
-0.112912
-0.109452
-0.109774
-0.112912
-0.109452
-0.100941
-0.089914
-0.0798809
-0.0905193
-0.0960561
-0.102722
-0.110873
-0.106277
-0.0967654
-0.110477
-0.11249
-0.10163
-0.000337243
0.0231954
0.0511026
0.0351721
-0.0237443
-0.0710927
0.138627
0.113166
0.0832544
0.133114
0.0890696
0.0345852
-0.0168031
-0.052621
-0.0789007
-0.0946266
-0.0656029
-0.0220916
0.0291805
0.0755243
0.117468
0.0291804
0.0755242
0.117468
-0.0946266
-0.065603
-0.0220917
0.156392
0.161603
0.154644
0.155745
0.161363
0.148955
0.083838
0.111
0.135863
0.083838
0.111
0.135863
0.155745
0.161363
0.148955
0.156392
0.161603
0.154644
0.133114
0.0890694
0.034585
-0.110477
-0.11249
-0.10163
-0.110873
-0.106277
-0.0967656
-0.0168032
-0.0526212
-0.0789009
0.138626
0.113166
0.083254
0.0351715
-0.0237447
-0.071093
-0.000338005
0.0231947
0.051102
0.0214843
0.0827826
0.132171
0.153385
0.159313
0.161642
0.0967357
0.140489
0.160643
0.135496
0.157756
0.159193
0.113
0.100638
0.0867599
0.0967444
0.130019
0.154789
0.0429649
0.056621
0.0712451
0.0483004
0.0763932
0.108855
0.135273
0.149804
0.158646
0.158506
0.159224
0.140642
0.100655
0.0673629
0.0403324
0.026465
0.0209724
0.0159628
0.0626339
0.0371083
0.019769
0.00314829
0.00972359
0.020846
6.18433e-14
2.61216e-14
9.97893e-15
0.00094949
0.00369898
0.00903423
2.83215e-16
1.00764e-15
3.24242e-15
0.000217564
0.000929635
0.00255006
0.00521329
0.00791244
0.0114065
0.0266791
0.0137166
0.00638843
0.00317031
0.00186588
0.00103628
0.00695244
0.0030782
0.00124162
0.0303986
0.020712
0.0133182
6.65722e-17
1.52214e-17
3.14772e-18
2.90121e-05
0.000137828
0.000430018
1.37e-20
9.00439e-20
5.35258e-19
2.04138e-06
1.18173e-05
3.93281e-05
0.000114755
0.000254503
0.000519304
0.00101057
0.00038583
0.000134077
0.00233654
0.00442166
0.00782063
0.115032
0.0932234
0.0711904
0.134011
0.105033
0.0748071
0.0148583
0.0277449
0.0472276
0.00254622
0.00559591
0.011282
0.020849
0.0334321
0.0500242
0.0571859
0.0366001
0.0215783
0.0117115
0.00628442
0.00312069
0.0117115
0.00628442
0.00312069
0.0571859
0.0366
0.0215783
0.0011062
0.000507226
0.0002144
0.000224817
0.00058102
0.00137088
9.28559e-06
3.00024e-05
7.92524e-05
9.28558e-06
3.00024e-05
7.92524e-05
0.000224817
0.00058102
0.00137088
0.0011062
0.000507225
0.0002144
0.00254621
0.0055959
0.0112819
4.68666e-05
1.86799e-05
6.527e-06
7.5523e-05
2.57887e-05
7.05488e-06
1.68532e-21
2.08594e-22
2.33506e-23
-4.52242e-07
5.53749e-07
1.93178e-06
1.55856e-26
1.89234e-25
2.07802e-24
1.48658e-06
-1.02398e-06
1.72885e-06
1.1381e-06
3.74934e-07
2.33066e-06
2.96351e-06
6.78271e-07
9.19588e-07
1.55469e-06
-8.56851e-07
9.54575e-07
1.55469e-06
-8.5685e-07
9.54573e-07
2.96351e-06
6.78269e-07
9.19593e-07
1.00338e-27
6.72271e-29
4.07378e-30
-1.09015e-07
-8.71963e-08
2.06212e-07
4.16985e-34
9.35274e-33
1.89729e-31
4.16986e-34
9.35276e-33
1.8973e-31
-1.09018e-07
-8.7194e-08
2.0621e-07
1.00339e-27
6.72275e-29
4.0738e-30
1.48658e-06
-1.02399e-06
1.72886e-06
7.55229e-05
2.57887e-05
7.05487e-06
4.68665e-05
1.86799e-05
6.52698e-06
0.00101057
0.000385829
0.000134076
1.13811e-06
3.74921e-07
2.33068e-06
1.55857e-26
1.89235e-25
2.07803e-24
-4.52237e-07
5.53742e-07
1.93179e-06
1.68532e-21
2.08594e-22
2.33507e-23
2.04137e-06
1.18173e-05
3.9328e-05
0.0967362
0.140489
0.160643
0.153385
0.159313
0.161642
0.0214851
0.0827834
0.132172
0.158506
0.159224
0.140642
0.135273
0.149804
0.158646
0.0483003
0.0763931
0.108855
0.0429647
0.0566208
0.0712449
0.0967441
0.130018
0.154789
0.113
0.100638
0.0867596
0.135495
0.157756
0.159193
0.134011
0.105033
0.074807
0.115032
0.0932232
0.0711903
0.0208489
0.0334321
0.0500241
0.00233654
0.00442165
0.00782061
0.0148583
0.0277449
0.0472275
0.0303985
0.0207119
0.0133182
0.00695243
0.0030782
0.00124162
0.00317029
0.00186587
0.00103628
0.0266791
0.0137165
0.00638841
0.000114754
0.000254503
0.000519303
1.37e-20
9.00439e-20
5.35258e-19
2.90121e-05
0.000137828
0.000430017
6.65718e-17
1.52214e-17
3.14771e-18
0.000217563
0.000929631
0.00255005
0.0626336
0.0371081
0.0197689
0.0264648
0.0209723
0.0159628
0.100655
0.0673626
0.0403321
0.00521327
0.0079124
0.0114065
2.83213e-16
1.00763e-15
3.24237e-15
0.000949484
0.00369896
0.00903418
6.18417e-14
2.61211e-14
9.97875e-15
0.00314826
0.0097235
0.0208458
0.153385
0.159313
0.161642
0.0967362
0.140489
0.160643
0.113
0.100638
0.0867597
0.0967441
0.130018
0.154789
0.0429648
0.0566209
0.071245
0.0483004
0.0763933
0.108855
0.135273
0.149804
0.158646
0.158506
0.159224
0.140642
0.0264648
0.0209723
0.0159628
0.0626337
0.0371082
0.0197689
6.18418e-14
2.61211e-14
9.97879e-15
0.000949486
0.00369897
0.00903419
2.83217e-16
1.00764e-15
3.2424e-15
0.000217565
0.000929638
0.00255007
0.00521329
0.00791243
0.0114065
0.0266792
0.0137166
0.00638845
0.00317032
0.00186589
0.00103629
0.0069525
0.00307823
0.00124163
0.0303986
0.0207121
0.0133183
6.65731e-17
1.52218e-17
3.14781e-18
2.90126e-05
0.00013783
0.000430023
1.37008e-20
9.00482e-20
5.35279e-19
2.0414e-06
1.18176e-05
3.93291e-05
0.000114757
0.000254508
0.000519311
0.00101059
0.000385838
0.00013408
0.00233658
0.00442172
0.0078207
0.115032
0.0932235
0.0711907
0.134012
0.105034
0.0748074
0.0148584
0.0277451
0.0472278
0.00254626
0.005596
0.0112821
0.0208492
0.0334324
0.0500244
0.0571864
0.0366004
0.0215785
0.0117117
0.00628459
0.00312081
0.0117119
0.00628466
0.00312082
0.0571865
0.0366007
0.0215789
0.00110623
0.000507244
0.000214411
0.000224829
0.000581048
0.00137094
9.28649e-06
3.00047e-05
7.92573e-05
9.28655e-06
3.00052e-05
7.92594e-05
0.000224835
0.000581057
0.00137094
0.00110628
0.000507265
0.000214418
0.00254637
0.00559618
0.0112824
4.6868e-05
1.86807e-05
6.52735e-06
7.55273e-05
2.57902e-05
7.05537e-06
1.68544e-21
2.08615e-22
2.33536e-23
-4.52088e-07
5.53675e-07
1.93206e-06
1.5589e-26
1.89269e-25
2.07835e-24
1.48652e-06
-1.02395e-06
1.72882e-06
1.13827e-06
3.74863e-07
2.33101e-06
2.96406e-06
6.78208e-07
9.19763e-07
1.55463e-06
-8.56787e-07
9.54466e-07
1.55463e-06
-8.56786e-07
9.54465e-07
2.96409e-06
6.78209e-07
9.19797e-07
1.00363e-27
6.72458e-29
4.07504e-30
-1.0904e-07
-8.71634e-08
2.06128e-07
4.17156e-34
9.35625e-33
1.89794e-31
4.17163e-34
9.3567e-33
1.89809e-31
-1.09037e-07
-8.71667e-08
2.06128e-07
1.0038e-27
6.7255e-29
4.07549e-30
1.4865e-06
-1.02393e-06
1.72883e-06
7.55302e-05
2.57915e-05
7.05586e-06
4.68723e-05
1.86824e-05
6.52787e-06
0.00101065
0.000385866
0.000134092
1.13833e-06
3.74853e-07
2.33126e-06
1.55919e-26
1.89309e-25
2.07884e-24
-4.51949e-07
5.53636e-07
1.93233e-06
1.68595e-21
2.08673e-22
2.33597e-23
2.0416e-06
1.1819e-05
3.93333e-05
0.0967354
0.140489
0.160643
0.153385
0.159313
0.161642
0.021484
0.0827824
0.132171
0.158506
0.159224
0.140643
0.135273
0.149804
0.158646
0.0483012
0.0763941
0.108856
0.0429656
0.0566217
0.0712458
0.0967449
0.130019
0.154789
0.113
0.100638
0.0867604
0.135496
0.157756
0.159192
0.134012
0.105034
0.074808
0.115033
0.0932243
0.0711914
0.0208495
0.0334329
0.0500251
0.00233669
0.0044219
0.00782098
0.0148588
0.0277457
0.0472285
0.0303992
0.0207126
0.0133187
0.00695276
0.00307838
0.0012417
0.00317045
0.00186598
0.00103635
0.0266798
0.013717
0.00638867
0.000114768
0.000254528
0.000519347
1.37048e-20
9.00719e-20
5.35405e-19
2.90153e-05
0.000137842
0.000430053
6.65837e-17
1.52246e-17
3.14846e-18
0.000217578
0.000929685
0.00255018
0.0626344
0.0371088
0.0197693
0.0264651
0.0209726
0.0159631
0.100655
0.0673631
0.0403324
0.00521348
0.00791266
0.0114068
2.83255e-16
1.00775e-15
3.24271e-15
0.000949517
0.00369907
0.00903441
6.18445e-14
2.61227e-14
9.97956e-15
0.0031483
0.00972361
0.020846
0.153385
0.159313
0.161642
0.0967348
0.140488
0.160643
0.113
0.100638
0.0867607
0.0967453
0.130019
0.154789
0.042966
0.0566222
0.0712461
0.0483017
0.0763948
0.108857
0.135274
0.149805
0.158646
0.158506
0.159224
0.140643
0.0264651
0.0209727
0.0159632
0.0626347
0.037109
0.0197695
6.18448e-14
2.6123e-14
9.97977e-15
0.000949527
0.0036991
0.00903448
2.83271e-16
1.0078e-15
3.24281e-15
0.000217583
0.000929706
0.00255023
0.00521356
0.00791276
0.0114069
0.0266801
0.0137172
0.00638878
0.00317052
0.00186603
0.00103638
0.00695293
0.00307846
0.00124174
0.0303996
0.0207129
0.0133189
6.65882e-17
1.52258e-17
3.14876e-18
2.90166e-05
0.000137847
0.000430069
1.37067e-20
9.00831e-20
5.35464e-19
2.0417e-06
1.18198e-05
3.93356e-05
0.000114773
0.000254539
0.000519367
0.00101069
0.000385884
0.000134098
0.00233677
0.00442203
0.00782117
0.115033
0.093225
0.0711922
0.134013
0.105035
0.0748088
0.0148591
0.0277461
0.0472291
0.00254646
0.00559635
0.0112827
0.02085
0.0334335
0.0500258
0.0571873
0.0366014
0.0215793
0.0117122
0.0062849
0.00312097
0.0117122
0.0062849
0.00312097
0.0571873
0.0366014
0.0215793
0.00110633
0.000507291
0.000214431
0.000224849
0.000581092
0.00137102
9.2875e-06
3.00077e-05
7.92652e-05
9.28751e-06
3.00077e-05
7.92653e-05
0.000224849
0.000581092
0.00137102
0.00110633
0.000507292
0.000214432
0.00254647
0.00559636
0.0112827
4.6875e-05
1.86836e-05
6.52837e-06
7.55354e-05
2.57934e-05
7.05643e-06
1.6862e-21
2.08706e-22
2.33635e-23
-4.51885e-07
5.53632e-07
1.93253e-06
1.55948e-26
1.89343e-25
2.0792e-24
1.48648e-06
-1.02391e-06
1.72881e-06
1.13839e-06
3.74888e-07
2.33147e-06
2.96448e-06
6.7825e-07
9.19858e-07
1.5546e-06
-8.56743e-07
9.54389e-07
1.55459e-06
-8.56738e-07
9.54384e-07
2.96448e-06
6.78248e-07
9.1986e-07
1.00399e-27
6.72681e-29
4.07631e-30
-1.09061e-07
-8.7144e-08
2.0607e-07
4.17255e-34
9.35871e-33
1.89848e-31
4.17255e-34
9.35871e-33
1.89848e-31
-1.09063e-07
-8.71473e-08
2.0607e-07
1.00399e-27
6.72683e-29
4.07632e-30
1.48647e-06
-1.0239e-06
1.72881e-06
7.55355e-05
2.57934e-05
7.05646e-06
4.68752e-05
1.86837e-05
6.5284e-06
0.00101069
0.000385885
0.000134099
1.13841e-06
3.7487e-07
2.33151e-06
1.55949e-26
1.89344e-25
2.07921e-24
-4.51847e-07
5.53604e-07
1.93257e-06
1.68623e-21
2.08709e-22
2.33638e-23
2.04171e-06
1.18199e-05
3.93358e-05
0.0967348
0.140488
0.160643
0.153385
0.159313
0.161642
0.021484
0.0827824
0.132171
0.158506
0.159224
0.140643
0.135274
0.149805
0.158646
0.0483018
0.0763948
0.108857
0.0429661
0.0566222
0.0712462
0.0967453
0.130019
0.154789
0.113
0.100639
0.0867607
0.135496
0.157756
0.159192
0.134013
0.105035
0.0748089
0.115033
0.0932251
0.0711922
0.02085
0.0334335
0.0500258
0.00233678
0.00442204
0.00782119
0.0148592
0.0277462
0.0472292
0.0303997
0.020713
0.013319
0.00695294
0.00307847
0.00124175
0.00317053
0.00186604
0.00103639
0.0266801
0.0137172
0.0063888
0.000114774
0.00025454
0.000519369
1.3707e-20
9.00847e-20
5.35473e-19
2.90168e-05
0.000137848
0.000430071
6.65892e-17
1.5226e-17
3.14881e-18
0.000217584
0.00092971
0.00255024
0.0626348
0.037109
0.0197695
0.0264652
0.0209727
0.0159632
0.100655
0.0673631
0.0403324
0.00521358
0.00791278
0.0114069
2.83274e-16
1.00781e-15
3.24284e-15
0.00094953
0.00369911
0.0090345
6.18448e-14
2.61231e-14
9.97984e-15
0.0031483
0.00972361
0.020846
0.153385
0.159313
0.161642
0.0967352
0.140489
0.160643
0.113
0.100638
0.0867605
0.096745
0.130019
0.154789
0.0429657
0.0566218
0.0712459
0.0483014
0.0763943
0.108856
0.135274
0.149804
0.158646
0.158506
0.159224
0.140643
0.0264651
0.0209726
0.0159631
0.0626345
0.0371088
0.0197693
6.18445e-14
2.61227e-14
9.97956e-15
0.000949517
0.00369907
0.00903441
2.83255e-16
1.00775e-15
3.24271e-15
0.000217578
0.000929686
0.00255018
0.00521349
0.00791267
0.0114068
0.0266798
0.013717
0.00638869
0.00317046
0.00186599
0.00103636
0.0069528
0.00307839
0.00124171
0.0303993
0.0207127
0.0133187
6.65837e-17
1.52246e-17
3.14846e-18
2.90153e-05
0.000137842
0.000430055
1.37048e-20
9.00719e-20
5.35405e-19
2.0416e-06
1.18191e-05
3.93335e-05
0.000114768
0.000254529
0.000519349
0.00101066
0.00038587
0.000134093
0.00233671
0.00442194
0.00782103
0.115033
0.0932246
0.0711918
0.134012
0.105035
0.0748084
0.0148589
0.0277458
0.0472287
0.0025464
0.00559625
0.0112825
0.0208498
0.0334332
0.0500254
0.0571871
0.0366012
0.0215791
0.0117121
0.00628474
0.00312086
0.0117119
0.00628467
0.00312085
0.057187
0.0366009
0.0215788
0.00110629
0.000507271
0.000214421
0.000224837
0.000581063
0.00137096
9.28664e-06
3.00055e-05
7.92603e-05
9.28658e-06
3.0005e-05
7.92582e-05
0.000224831
0.000581055
0.00137096
0.00110624
0.000507249
0.000214413
0.00254629
0.00559607
0.0112823
4.68726e-05
1.86825e-05
6.52792e-06
7.55309e-05
2.57917e-05
7.05592e-06
1.68595e-21
2.08673e-22
2.33597e-23
-4.51925e-07
5.53617e-07
1.93236e-06
1.55919e-26
1.89309e-25
2.07884e-24
1.4865e-06
-1.02393e-06
1.72883e-06
1.13834e-06
3.74847e-07
2.33129e-06
2.96413e-06
6.78207e-07
9.19804e-07
1.55463e-06
-8.56784e-07
9.54463e-07
1.55464e-06
-8.56791e-07
9.54469e-07
2.96409e-06
6.78209e-07
9.19768e-07
1.0038e-27
6.7255e-29
4.07549e-30
-1.0904e-07
-8.71656e-08
2.06126e-07
4.17163e-34
9.3567e-33
1.89809e-31
4.17156e-34
9.35625e-33
1.89794e-31
-1.09038e-07
-8.71638e-08
2.06128e-07
1.00363e-27
6.72458e-29
4.07504e-30
1.48652e-06
-1.02395e-06
1.72882e-06
7.5528e-05
2.57904e-05
7.05542e-06
4.68683e-05
1.86809e-05
6.5274e-06
0.0010106
0.000385842
0.000134081
1.13826e-06
3.74873e-07
2.33102e-06
1.5589e-26
1.89269e-25
2.07835e-24
-4.52095e-07
5.53685e-07
1.93206e-06
1.68544e-21
2.08615e-22
2.33536e-23
2.04141e-06
1.18176e-05
3.93294e-05
0.0967359
0.140489
0.160643
0.153385
0.159313
0.161642
0.0214851
0.0827834
0.132172
0.158506
0.159224
0.140643
0.135273
0.149804
0.158646
0.0483006
0.0763935
0.108855
0.042965
0.0566211
0.0712451
0.0967443
0.130019
0.154789
0.113
0.100638
0.0867597
0.135495
0.157756
0.159193
0.134012
0.105034
0.0748078
0.115032
0.0932239
0.0711911
0.0208494
0.0334327
0.0500248
0.00233661
0.00442176
0.00782076
0.0148585
0.0277453
0.0472281
0.0303987
0.0207122
0.0133184
0.00695255
0.00307825
0.00124164
0.00317033
0.0018659
0.0010363
0.0266793
0.0137166
0.00638846
0.000114758
0.000254509
0.000519314
1.37008e-20
9.00482e-20
5.35279e-19
2.90126e-05
0.000137831
0.000430025
6.65731e-17
1.52218e-17
3.14781e-18
0.000217565
0.000929639
0.00255007
0.0626338
0.0371082
0.019769
0.0264648
0.0209723
0.0159628
0.100655
0.0673626
0.0403321
0.0052133
0.00791244
0.0114065
2.83217e-16
1.00764e-15
3.2424e-15
0.000949487
0.00369897
0.0090342
6.18418e-14
2.61211e-14
9.97879e-15
0.00314826
0.0097235
0.0208458
0.153385
0.159313
0.161642
0.0967362
0.140489
0.160643
0.113
0.100638
0.0867596
0.0967441
0.130018
0.154789
0.0429647
0.0566208
0.0712449
0.0483003
0.0763931
0.108855
0.135273
0.149804
0.158646
0.158506
0.159224
0.140642
0.0264648
0.0209723
0.0159628
0.0626336
0.0371081
0.0197689
6.18417e-14
2.61211e-14
9.97875e-15
0.000949484
0.00369896
0.00903418
2.83213e-16
1.00763e-15
3.24237e-15
0.000217563
0.000929631
0.00255005
0.00521327
0.0079124
0.0114065
0.0266791
0.0137165
0.00638841
0.00317029
0.00186587
0.00103628
0.00695243
0.0030782
0.00124162
0.0303985
0.0207119
0.0133182
6.65718e-17
1.52214e-17
3.14771e-18
2.90121e-05
0.000137828
0.000430017
1.37e-20
9.00439e-20
5.35258e-19
2.04137e-06
1.18173e-05
3.9328e-05
0.000114754
0.000254503
0.000519303
0.00101057
0.000385829
0.000134076
0.00233654
0.00442165
0.00782061
0.115032
0.0932232
0.0711903
0.134011
0.105033
0.074807
0.0148583
0.0277449
0.0472275
0.00254621
0.0055959
0.0112819
0.0208489
0.0334321
0.0500241
0.0571859
0.0366
0.0215783
0.0117115
0.00628442
0.00312069
0.0117115
0.00628442
0.00312069
0.0571859
0.0366001
0.0215783
0.0011062
0.000507225
0.0002144
0.000224817
0.00058102
0.00137088
9.28558e-06
3.00024e-05
7.92524e-05
9.28559e-06
3.00024e-05
7.92524e-05
0.000224817
0.00058102
0.00137088
0.0011062
0.000507226
0.0002144
0.00254622
0.00559591
0.011282
4.68665e-05
1.86799e-05
6.52698e-06
7.55229e-05
2.57887e-05
7.05487e-06
1.68532e-21
2.08594e-22
2.33507e-23
-4.52233e-07
5.53741e-07
1.93179e-06
1.55857e-26
1.89235e-25
2.07803e-24
1.48658e-06
-1.02399e-06
1.72886e-06
1.13812e-06
3.74919e-07
2.33068e-06
2.96351e-06
6.78268e-07
9.19594e-07
1.55469e-06
-8.56849e-07
9.54572e-07
1.55469e-06
-8.5685e-07
9.54574e-07
2.96351e-06
6.7827e-07
9.19589e-07
1.00339e-27
6.72275e-29
4.0738e-30
-1.09017e-07
-8.71942e-08
2.0621e-07
4.16986e-34
9.35276e-33
1.8973e-31
4.16985e-34
9.35274e-33
1.89729e-31
-1.09014e-07
-8.71966e-08
2.06212e-07
1.00338e-27
6.72271e-29
4.07378e-30
1.48658e-06
-1.02398e-06
1.72885e-06
7.5523e-05
2.57887e-05
7.05488e-06
4.68666e-05
1.86799e-05
6.527e-06
0.00101057
0.00038583
0.000134077
1.1381e-06
3.74934e-07
2.33066e-06
1.55856e-26
1.89234e-25
2.07802e-24
-4.52241e-07
5.53749e-07
1.93178e-06
1.68532e-21
2.08594e-22
2.33506e-23
2.04138e-06
1.18173e-05
3.93281e-05
0.0967357
0.140489
0.160643
0.153385
0.159313
0.161642
0.158506
0.159224
0.140642
0.135273
0.149804
0.158646
0.0483004
0.0763932
0.108855
0.0429649
0.056621
0.0712451
0.0967444
0.130019
0.154789
0.113
0.100638
0.0867599
0.134011
0.105033
0.0748071
0.115032
0.0932234
0.0711904
0.020849
0.0334321
0.0500242
0.00233654
0.00442166
0.00782063
0.0148583
0.0277449
0.0472276
0.0303986
0.020712
0.0133182
0.00695244
0.0030782
0.00124162
0.00317031
0.00186588
0.00103628
0.0266791
0.0137166
0.00638843
0.000114755
0.000254503
0.000519304
1.37e-20
9.00439e-20
5.35258e-19
2.90121e-05
0.000137828
0.000430018
6.65722e-17
1.52214e-17
3.14772e-18
0.000217564
0.000929635
0.00255006
0.0626339
0.0371083
0.019769
0.026465
0.0209724
0.0159628
0.00521329
0.00791244
0.0114065
2.83215e-16
1.00764e-15
3.24242e-15
0.00094949
0.00369898
0.00903423
6.18433e-14
2.61216e-14
9.97893e-15
-0.0555746
-0.0571952
-0.0604217
-0.0571952
-0.0593713
-0.0633113
-0.0604217
-0.0633113
-0.0681695
-0.0660045
-0.0738218
-0.0842224
-0.0698365
-0.0786119
-0.0897025
-0.075807
-0.0855077
-0.0968159
-0.0845567
-0.0947081
-0.105013
-0.0947081
-0.104022
-0.111278
-0.105013
-0.111278
-0.112582
-0.0660045
-0.0698365
-0.075807
-0.0738219
-0.0786119
-0.0855077
-0.0842225
-0.0897026
-0.096816
-0.0970215
-0.108062
-0.112959
-0.102244
-0.111244
-0.111689
-0.107891
-0.112959
-0.106648
-0.104314
-0.0772525
-0.0308519
-0.0958945
-0.0611985
-0.00886093
-0.0816177
-0.0385452
0.0187085
-0.0582282
-0.00703241
0.0525796
-0.0271579
0.0290866
0.0865955
0.0118059
0.068472
0.118582
-0.112321
-0.110513
-0.094478
-0.11207
-0.100912
-0.0738138
-0.103661
-0.081009
-0.0426688
-0.0818358
-0.0467181
0.000892802
-0.0467181
-0.00246992
0.0485277
0.000892904
0.0485277
0.0956038
0.0579912
0.108506
0.145176
0.100796
0.139178
0.159366
0.135781
0.157644
0.160462
0.15762
0.160757
0.147767
0.160757
0.148683
0.125687
0.147767
0.125687
0.0985312
0.0579914
0.100796
0.135781
0.108506
0.139178
0.157644
0.145176
0.159366
0.160462
-0.0970216
-0.102244
-0.107891
-0.108062
-0.111244
-0.112959
-0.112959
-0.111689
-0.106648
-0.112321
-0.11207
-0.103661
-0.110513
-0.100912
-0.0810089
-0.0944779
-0.0738136
-0.0426687
-0.058228
-0.0271576
0.0118062
-0.00703202
0.029087
0.0684722
0.0525801
0.0865958
0.118582
-0.104313
-0.0958943
-0.0816174
-0.0772521
-0.0611981
-0.0385448
-0.0308513
-0.00886032
0.018709
-0.0555746
-0.0571953
-0.0604217
-0.0571952
-0.0593713
-0.0633113
-0.0604217
-0.0633113
-0.0681695
-0.0660045
-0.0738219
-0.0842225
-0.0698366
-0.0786119
-0.0897026
-0.075807
-0.0855077
-0.096816
-0.0845567
-0.0947082
-0.105013
-0.0947082
-0.104022
-0.111278
-0.105013
-0.111278
-0.112582
-0.0660045
-0.0698365
-0.075807
-0.0738218
-0.0786119
-0.0855077
-0.0842224
-0.0897025
-0.096816
-0.0970216
-0.108062
-0.112959
-0.102244
-0.111245
-0.111689
-0.107891
-0.112959
-0.106648
-0.104313
-0.077252
-0.0308512
-0.0958942
-0.061198
-0.00886024
-0.0816173
-0.0385447
0.0187091
-0.0582279
-0.00703194
0.0525801
-0.0271575
0.029087
0.0865958
0.0118062
0.0684722
0.118582
-0.112321
-0.110513
-0.0944778
-0.11207
-0.100912
-0.0738136
-0.103661
-0.0810089
-0.0426687
-0.0818358
-0.046718
0.000892877
-0.0467181
-0.00246998
0.0485276
0.000892691
0.0485275
0.0956036
0.0579913
0.108506
0.145176
0.100796
0.139178
0.159366
0.135781
0.157644
0.160462
0.15762
0.160757
0.147767
0.160757
0.148683
0.125687
0.147767
0.125687
0.0985317
0.057991
0.100796
0.135781
0.108505
0.139178
0.157644
0.145176
0.159366
0.160462
-0.0970215
-0.102244
-0.107891
-0.108062
-0.111244
-0.112959
-0.112959
-0.111689
-0.106648
-0.112321
-0.11207
-0.103661
-0.110513
-0.100912
-0.081009
-0.094478
-0.0738138
-0.0426689
-0.0582283
-0.027158
0.0118058
-0.00703258
0.0290864
0.0684717
0.0525794
0.0865952
0.118582
-0.104314
-0.0958945
-0.0816177
-0.0772526
-0.0611986
-0.0385454
-0.0308521
-0.00886115
0.0187083
-0.0555746
-0.0571952
-0.0604217
-0.0571952
-0.0593713
-0.0633113
-0.0604217
-0.0633113
-0.0681695
-0.0660044
-0.0738218
-0.0842224
-0.0698365
-0.0786118
-0.0897025
-0.0758069
-0.0855076
-0.0968158
-0.0845566
-0.094708
-0.105013
-0.094708
-0.104022
-0.111278
-0.105013
-0.111278
-0.112582
-0.0660044
-0.0698365
-0.0758069
-0.0738218
-0.0786118
-0.0855076
-0.0842224
-0.0897025
-0.0968158
-0.0970214
-0.108062
-0.112959
-0.102244
-0.111244
-0.111689
-0.107891
-0.112959
-0.106649
-0.104314
-0.0772527
-0.0308523
-0.0958947
-0.0611989
-0.00886149
-0.0816181
-0.0385458
0.0187077
-0.0582289
-0.00703334
0.0525786
-0.0271588
0.0290855
0.0865943
0.0118047
0.0684707
0.118581
-0.112321
-0.110514
-0.0944783
-0.11207
-0.100912
-0.0738144
-0.103661
-0.0810096
-0.0426699
-0.0818365
-0.0467192
0.000891445
-0.0467192
-0.00247133
0.0485261
0.000891445
0.0485261
0.0956023
0.0579898
0.108504
0.145175
0.100795
0.139177
0.159365
0.13578
0.157644
0.160462
0.15762
0.160758
0.147768
0.160758
0.148683
0.125688
0.147768
0.125688
0.0985326
0.0579898
0.100795
0.13578
0.108504
0.139177
0.157644
0.145175
0.159365
0.160462
-0.0970214
-0.102244
-0.107891
-0.108062
-0.111244
-0.112959
-0.112959
-0.111689
-0.106649
-0.112321
-0.11207
-0.103661
-0.110514
-0.100912
-0.0810096
-0.0944783
-0.0738144
-0.0426699
-0.0582289
-0.0271588
0.0118047
-0.00703334
0.0290855
0.0684707
0.0525786
0.0865943
0.118581
-0.104314
-0.0958947
-0.0816181
-0.0772527
-0.0611989
-0.0385458
-0.0308523
-0.00886149
0.0187077
-0.0555746
-0.0571952
-0.0604217
-0.0571952
-0.0593713
-0.0633113
-0.0604217
-0.0633113
-0.0681695
-0.0660045
-0.0738218
-0.0842224
-0.0698365
-0.0786119
-0.0897025
-0.075807
-0.0855077
-0.0968159
-0.0845567
-0.0947081
-0.105013
-0.0947082
-0.104022
-0.111278
-0.105013
-0.111278
-0.112582
-0.0660045
-0.0698365
-0.075807
-0.0738219
-0.0786119
-0.0855077
-0.0842225
-0.0897026
-0.096816
-0.0970215
-0.108062
-0.112959
-0.102244
-0.111244
-0.111689
-0.107891
-0.112959
-0.106648
-0.104314
-0.0772526
-0.0308522
-0.0958946
-0.0611987
-0.00886126
-0.0816178
-0.0385455
0.018708
-0.0582285
-0.00703288
0.0525791
-0.0271583
0.029086
0.0865948
0.0118053
0.0684712
0.118581
-0.112321
-0.110513
-0.0944781
-0.11207
-0.100912
-0.073814
-0.103661
-0.0810092
-0.0426693
-0.081836
-0.0467185
0.000892168
-0.0467185
-0.00247053
0.0485269
0.000892321
0.0485269
0.0956029
0.0579904
0.108505
0.145175
0.100795
0.139177
0.159365
0.13578
0.157644
0.160462
0.15762
0.160758
0.147768
0.160758
0.148683
0.125688
0.147767
0.125688
0.0985324
0.0579907
0.100795
0.13578
0.108505
0.139177
0.157644
0.145175
0.159365
0.160462
-0.0970216
-0.102244
-0.107891
-0.108062
-0.111244
-0.112959
-0.112959
-0.111689
-0.106648
-0.112321
-0.11207
-0.103661
-0.110513
-0.100912
-0.0810091
-0.0944779
-0.0738138
-0.0426691
-0.0582281
-0.0271579
0.0118056
-0.00703231
0.0290865
0.0684716
0.0525797
0.0865953
0.118582
-0.104313
-0.0958943
-0.0816175
-0.0772521
-0.0611981
-0.0385449
-0.0308513
-0.00886041
0.0187088
-0.0555746
-0.0571952
-0.0604217
-0.0571952
-0.0593713
-0.0633113
-0.0604217
-0.0633113
-0.0681695
-0.0660045
-0.0738219
-0.0842225
-0.0698365
-0.0786119
-0.0897026
-0.075807
-0.0855077
-0.096816
-0.0845567
-0.0947081
-0.105013
-0.0947081
-0.104022
-0.111278
-0.105013
-0.111278
-0.112582
-0.0660045
-0.0698365
-0.075807
-0.0738218
-0.0786119
-0.0855077
-0.0842224
-0.0897025
-0.0968159
-0.0970216
-0.108062
-0.112959
-0.102244
-0.111244
-0.111689
-0.107891
-0.112959
-0.106648
-0.104313
-0.0772521
-0.0308513
-0.0958943
-0.0611981
-0.00886032
-0.0816174
-0.0385448
0.018709
-0.058228
-0.00703202
0.0525801
-0.0271576
0.029087
0.0865958
0.0118062
0.0684722
0.118582
-0.112321
-0.110513
-0.0944779
-0.11207
-0.100912
-0.0738136
-0.103661
-0.0810089
-0.0426687
-0.0818358
-0.0467181
0.000892904
-0.0467181
-0.00246992
0.0485277
0.000892802
0.0485277
0.0956038
0.0579914
0.108506
0.145176
0.100796
0.139178
0.159366
0.135781
0.157644
0.160462
0.15762
0.160757
0.147767
0.160757
0.148683
0.125687
0.147767
0.125687
0.0985312
0.0579912
0.100796
0.135781
0.108506
0.139178
0.157644
0.145176
0.159366
0.160462
-0.0970215
-0.102244
-0.107891
-0.108062
-0.111244
-0.112959
-0.112959
-0.111689
-0.106648
-0.112321
-0.11207
-0.103661
-0.110513
-0.100912
-0.081009
-0.094478
-0.0738138
-0.0426688
-0.0582282
-0.0271579
0.0118059
-0.00703241
0.0290866
0.068472
0.0525796
0.0865955
0.118582
-0.104314
-0.0958945
-0.0816177
-0.0772525
-0.0611985
-0.0385452
-0.0308519
-0.00886093
0.0187085
0.0322963
0.0925084
0.138538
0.0559155
0.112082
0.149721
0.0823774
0.131327
0.15806
0.16075
0.155191
0.130341
0.16151
0.14789
0.118678
0.15835
0.137106
0.104783
0.14983
0.122054
0.0883692
0.136682
0.104987
0.0720946
0.119284
0.0863622
0.0561921
0.110806
0.14845
0.161643
0.134917
0.15888
0.158549
0.152721
0.161454
0.148548
0.0947839
0.0622394
0.0365902
0.0826279
0.0522039
0.0295731
0.0696125
0.0421956
0.0229738
0.018518
0.00842714
0.00243397
0.01439
0.0062435
0.00168564
0.0107281
0.00448419
0.00116388
0.00750787
0.0030147
0.000763008
0.00509355
0.00197023
0.000484535
0.00328515
0.00122207
0.000291218
0.0557217
0.0322476
0.0168014
0.043182
0.0238714
0.0119077
0.0319282
0.0168348
0.00803164
0.0219688
0.0110105
0.00500388
0.0145733
0.00695563
0.00301692
0.00912294
0.00414418
0.00171561
0.00194938
0.000696262
0.000159327
0.00112231
0.000383515
8.65984e-05
0.000607277
0.000200285
4.2333e-05
0.000297953
9.36011e-05
1.98223e-05
0.000141722
4.27749e-05
8.41266e-06
6.32249e-05
1.83579e-05
3.4209e-06
0.00520772
0.00224605
0.000884364
0.00286599
0.00117681
0.000441358
0.00147612
0.000576757
0.000206887
0.161361
0.154501
0.131175
0.158267
0.139303
0.110055
0.144654
0.117843
0.086922
0.0979071
0.0666053
0.0409225
0.0767753
0.0492622
0.028658
0.0567738
0.0343793
0.0189403
0.0385876
0.0220017
0.0114518
0.0250107
0.0134836
0.00665242
0.015134
0.00772155
0.00361487
0.121647
0.0918463
0.0632107
0.0956612
0.0674877
0.0436118
0.0697112
0.0461141
0.0280397
0.0458848
0.0284458
0.0162616
0.0284458
0.0166253
0.00898005
0.0162616
0.00898005
0.00459256
0.00824522
0.0039735
0.00176159
0.00429714
0.00196563
0.000826619
0.0020788
0.000901299
0.000362205
0.00088677
0.000365539
0.00013845
0.000365539
0.000142781
5.21157e-05
0.000138449
5.21157e-05
1.75045e-05
0.00824521
0.00429713
0.0020788
0.0039735
0.00196562
0.000901299
0.00176159
0.000826618
0.000362205
0.000679616
0.000252705
8.55994e-05
0.000303378
0.000107069
3.5135e-05
0.000125275
4.2711e-05
1.28348e-05
2.55429e-05
6.44217e-06
1.70644e-06
9.23415e-06
2.96249e-06
-1.05537e-08
4.00386e-06
4.22486e-07
8.09552e-07
5.91892e-07
6.74523e-07
-3.48716e-07
7.64865e-07
-2.51387e-07
4.01785e-07
-5.53559e-07
4.92594e-07
-6.09244e-07
4.6697e-05
1.41378e-05
4.85708e-06
1.56172e-05
5.37694e-06
1.09202e-06
5.94082e-06
1.21368e-06
6.14937e-07
1.01913e-06
7.64039e-07
-3.9867e-07
7.6404e-07
-1.12221e-07
3.48034e-07
-3.98671e-07
3.48034e-07
-4.0484e-07
-3.79617e-07
1.98889e-07
-2.85582e-07
2.24723e-07
-9.43116e-08
1.19663e-07
-2.09358e-07
8.53475e-08
-7.11755e-08
-1.50696e-08
2.49032e-08
4.98568e-08
2.49029e-08
-3.16635e-08
-1.54449e-09
4.98571e-08
-1.54455e-09
3.25221e-08
-3.79616e-07
2.24723e-07
-2.09357e-07
1.98887e-07
-9.43106e-08
8.53462e-08
-2.8558e-07
1.19662e-07
-7.1174e-08
0.000679615
0.000303378
0.000125275
0.000252704
0.000107069
4.2711e-05
8.55992e-05
3.5135e-05
1.28348e-05
4.6697e-05
1.56172e-05
5.94082e-06
1.41378e-05
5.37695e-06
1.21368e-06
4.85708e-06
1.09202e-06
6.14937e-07
5.91881e-07
7.64873e-07
-5.53566e-07
6.74533e-07
-2.51393e-07
4.92599e-07
-3.48727e-07
4.01792e-07
-6.0925e-07
2.55428e-05
9.23413e-06
4.00387e-06
6.44215e-06
2.9625e-06
4.22479e-07
1.70646e-06
-1.05652e-08
8.09564e-07
0.0322971
0.0559161
0.082378
0.0925091
0.112083
0.131328
0.138538
0.149721
0.15806
0.110807
0.134918
0.152721
0.14845
0.15888
0.161454
0.161643
0.158549
0.148548
0.14983
0.136682
0.119284
0.122053
0.104986
0.086362
0.0883689
0.0720944
0.056192
0.16075
0.16151
0.15835
0.155191
0.14789
0.137106
0.13034
0.118677
0.104782
0.161361
0.158267
0.144654
0.154501
0.139303
0.117842
0.131175
0.110055
0.0869218
0.121647
0.0956611
0.0697111
0.0918462
0.0674877
0.046114
0.0632106
0.0436117
0.0280397
0.0385875
0.0250106
0.015134
0.0220017
0.0134836
0.00772154
0.0114518
0.00665241
0.00361486
0.097907
0.0767751
0.0567737
0.0666051
0.0492621
0.0343793
0.0409224
0.0286579
0.0189403
0.0219688
0.0145732
0.00912292
0.0110105
0.00695561
0.00414417
0.00500386
0.00301691
0.0017156
0.0052077
0.00286598
0.00147612
0.00224604
0.00117681
0.000576756
0.000884362
0.000441357
0.000206887
0.000297952
0.000141722
6.32248e-05
9.36009e-05
4.27748e-05
1.83579e-05
1.98222e-05
8.41266e-06
3.42088e-06
0.00194937
0.00112231
0.000607275
0.00069626
0.000383514
0.000200285
0.000159327
8.65982e-05
4.2333e-05
0.0947835
0.0826276
0.0696123
0.062239
0.0522036
0.0421954
0.03659
0.0295729
0.0229737
0.0557215
0.0431818
0.0319281
0.0322475
0.0238713
0.0168347
0.0168013
0.0119077
0.00803161
0.00750783
0.00509352
0.00328514
0.00301468
0.00197022
0.00122207
0.000763005
0.000484532
0.000291217
0.0185178
0.0143899
0.010728
0.00842707
0.00624345
0.00448416
0.00243395
0.00168563
0.00116387
0.0322971
0.0925091
0.138538
0.0559162
0.112083
0.149721
0.082378
0.131328
0.15806
0.16075
0.155191
0.13034
0.16151
0.14789
0.118677
0.15835
0.137106
0.104782
0.14983
0.122053
0.088369
0.136682
0.104986
0.0720945
0.119284
0.0863622
0.0561921
0.110807
0.14845
0.161643
0.134918
0.15888
0.158549
0.152721
0.161454
0.148548
0.0947835
0.062239
0.03659
0.0826276
0.0522036
0.0295729
0.0696123
0.0421954
0.0229737
0.0185178
0.00842707
0.00243395
0.01439
0.00624346
0.00168563
0.010728
0.00448417
0.00116388
0.00750784
0.00301469
0.000763007
0.00509354
0.00197023
0.000484535
0.00328515
0.00122208
0.000291219
0.0557215
0.0322475
0.0168013
0.0431819
0.0238714
0.0119077
0.0319282
0.0168348
0.00803164
0.0219689
0.0110105
0.00500389
0.0145733
0.00695566
0.00301693
0.009123
0.00414422
0.00171562
0.00194939
0.000696266
0.000159328
0.00112232
0.000383518
8.65992e-05
0.000607283
0.000200288
4.23336e-05
0.000297957
9.36025e-05
1.98226e-05
0.000141725
4.27757e-05
8.41286e-06
6.32263e-05
1.83584e-05
3.42097e-06
0.00520777
0.00224607
0.000884375
0.00286603
0.00117683
0.000441366
0.00147615
0.000576768
0.000206891
0.161361
0.154501
0.131175
0.158267
0.139303
0.110055
0.144654
0.117843
0.0869222
0.0979072
0.0666053
0.0409225
0.0767754
0.0492623
0.028658
0.056774
0.0343795
0.0189404
0.0385878
0.0220019
0.0114519
0.0250109
0.0134837
0.0066525
0.0151342
0.00772166
0.00361492
0.121648
0.0918467
0.063211
0.0956616
0.0674881
0.0436121
0.0697117
0.0461145
0.02804
0.0458854
0.0284462
0.0162619
0.0284463
0.0166257
0.00898028
0.0162621
0.00898034
0.00459272
0.00824538
0.00397358
0.00176163
0.00429726
0.00196569
0.000826647
0.00207888
0.000901337
0.000362222
0.000886816
0.00036556
0.000138458
0.000365563
0.000142791
5.21195e-05
0.000138461
5.21201e-05
1.75061e-05
0.00824555
0.00429732
0.0020789
0.00397371
0.00196574
0.000901354
0.0017617
0.000826677
0.000362232
0.000679633
0.000252711
8.56019e-05
0.000303389
0.000107073
3.51365e-05
0.000125281
4.27132e-05
1.28356e-05
2.55437e-05
6.44237e-06
1.70654e-06
9.23455e-06
2.96263e-06
-1.05552e-08
4.00407e-06
4.2254e-07
8.09567e-07
5.91887e-07
6.74599e-07
-3.4879e-07
7.64947e-07
-2.51409e-07
4.01827e-07
-5.53591e-07
4.92618e-07
-6.09272e-07
4.67e-05
1.41387e-05
4.85737e-06
1.56185e-05
5.37735e-06
1.09216e-06
5.94128e-06
1.21386e-06
6.14934e-07
1.01919e-06
7.64139e-07
-3.98692e-07
7.64147e-07
-1.12229e-07
3.48048e-07
-3.98693e-07
3.48049e-07
-4.04831e-07
-3.79563e-07
1.98857e-07
-2.85537e-07
2.24689e-07
-9.42916e-08
1.19637e-07
-2.09313e-07
8.53245e-08
-7.11474e-08
-1.50595e-08
2.49026e-08
4.98499e-08
2.49041e-08
-3.16664e-08
-1.53694e-09
4.9846e-08
-1.53554e-09
3.25071e-08
-3.79557e-07
2.24688e-07
-2.09312e-07
1.98851e-07
-9.42895e-08
8.53237e-08
-2.85521e-07
1.1963e-07
-7.11421e-08
0.000679671
0.000303404
0.000125286
0.000252729
0.00010708
4.27156e-05
8.56091e-05
3.51392e-05
1.28365e-05
4.67015e-05
1.56188e-05
5.94135e-06
1.41394e-05
5.37753e-06
1.2139e-06
4.85763e-06
1.09224e-06
6.1494e-07
5.91928e-07
7.64992e-07
-5.53604e-07
6.74657e-07
-2.51416e-07
4.92628e-07
-3.48843e-07
4.01855e-07
-6.09289e-07
2.55463e-05
9.23546e-06
4.00437e-06
6.44316e-06
2.96293e-06
4.22638e-07
1.70678e-06
-1.05291e-08
8.09589e-07
0.0322961
0.0559152
0.0823771
0.0925081
0.112082
0.131327
0.138537
0.14972
0.158059
0.110806
0.134917
0.152721
0.148449
0.15888
0.161454
0.161643
0.158549
0.148549
0.14983
0.136683
0.119285
0.122054
0.104987
0.0863631
0.0883698
0.0720953
0.056193
0.16075
0.16151
0.15835
0.155191
0.147891
0.137106
0.130341
0.118678
0.104783
0.161361
0.158267
0.144654
0.154501
0.139304
0.117843
0.131176
0.110056
0.0869229
0.121648
0.0956618
0.0697118
0.0918471
0.0674886
0.0461148
0.0632116
0.0436126
0.0280404
0.0385884
0.0250114
0.0151345
0.0220024
0.0134841
0.00772189
0.0114523
0.00665274
0.00361507
0.097908
0.0767762
0.0567747
0.0666062
0.0492631
0.0343802
0.0409233
0.0286587
0.0189409
0.0219694
0.0145738
0.00912331
0.0110109
0.00695592
0.0041444
0.00500409
0.00301707
0.00171571
0.00520798
0.00286616
0.00147623
0.00224619
0.00117689
0.000576807
0.00088443
0.000441397
0.000206908
0.000297979
0.000141737
6.32325e-05
9.36108e-05
4.278e-05
1.83605e-05
1.98245e-05
8.4139e-06
3.4214e-06
0.00194948
0.00112238
0.000607322
0.000696304
0.000383543
0.000200303
0.000159338
8.66056e-05
4.23374e-05
0.0947842
0.0826283
0.069613
0.0622396
0.0522042
0.042196
0.0365904
0.0295733
0.0229741
0.0557223
0.0431826
0.0319288
0.0322481
0.0238719
0.0168352
0.0168017
0.011908
0.0080319
0.00750804
0.0050937
0.00328528
0.00301478
0.00197031
0.00122213
0.000763034
0.000484556
0.000291234
0.018518
0.0143902
0.0107282
0.00842719
0.00624358
0.00448428
0.00243399
0.00168567
0.00116391
0.0322959
0.092508
0.138537
0.0559148
0.112082
0.14972
0.0823766
0.131327
0.158059
0.16075
0.155191
0.130341
0.16151
0.147891
0.118678
0.15835
0.137107
0.104783
0.149831
0.122054
0.0883702
0.136683
0.104988
0.0720958
0.119286
0.0863636
0.0561935
0.110805
0.148449
0.161643
0.134917
0.15888
0.158549
0.15272
0.161454
0.148549
0.0947842
0.0622396
0.0365904
0.0826284
0.0522043
0.0295734
0.0696133
0.0421962
0.0229742
0.0185181
0.0084272
0.00243399
0.0143902
0.0062436
0.00168568
0.0107283
0.00448431
0.00116392
0.00750812
0.00301481
0.000763044
0.00509377
0.00197034
0.000484564
0.00328534
0.00122216
0.000291241
0.0557226
0.0322483
0.0168018
0.043183
0.0238721
0.0119082
0.0319291
0.0168355
0.00803202
0.0219697
0.0110111
0.00500419
0.014574
0.00695606
0.00301714
0.00912351
0.0041445
0.00171576
0.00194952
0.000696322
0.000159343
0.00112241
0.000383555
8.66085e-05
0.000607342
0.00020031
4.23392e-05
0.000297991
9.3615e-05
1.98254e-05
0.000141743
4.27822e-05
8.41441e-06
6.32359e-05
1.83616e-05
3.42161e-06
0.00520812
0.00224626
0.000884461
0.00286625
0.00117694
0.000441415
0.00147628
0.000576831
0.000206918
0.161361
0.154501
0.131177
0.158267
0.139304
0.110057
0.144655
0.117844
0.0869237
0.0979087
0.0666068
0.0409238
0.0767769
0.0492637
0.0286591
0.0567754
0.0343807
0.0189413
0.038589
0.0220028
0.0114525
0.0250119
0.0134844
0.00665292
0.0151349
0.00772211
0.00361519
0.121649
0.091848
0.0632124
0.0956627
0.0674894
0.0436133
0.0697127
0.0461155
0.0280409
0.0458862
0.028447
0.0162625
0.028447
0.0166262
0.00898066
0.0162625
0.00898066
0.00459294
0.0082458
0.00397384
0.00176177
0.00429749
0.00196582
0.000826717
0.00207901
0.000901403
0.000362253
0.000886873
0.000365587
0.00013847
0.000365588
0.000142803
5.21244e-05
0.00013847
5.21244e-05
1.75078e-05
0.0082458
0.0042975
0.00207901
0.00397385
0.00196582
0.000901404
0.00176177
0.000826718
0.000362254
0.000679701
0.000252742
8.56139e-05
0.00030342
0.000107086
3.51414e-05
0.000125294
4.27184e-05
1.28374e-05
2.55478e-05
6.4436e-06
1.70692e-06
9.23611e-06
2.96313e-06
-1.05124e-08
4.00463e-06
4.2271e-07
8.09607e-07
5.92e-07
6.74696e-07
-3.48866e-07
7.65033e-07
-2.51415e-07
4.01868e-07
-5.53601e-07
4.92632e-07
-6.09295e-07
4.67049e-05
1.41406e-05
4.85798e-06
1.56202e-05
5.37797e-06
1.09237e-06
5.94186e-06
1.21407e-06
6.14966e-07
1.01933e-06
7.64206e-07
-3.98682e-07
7.64206e-07
-1.12217e-07
3.48046e-07
-3.98681e-07
3.48046e-07
-4.04811e-07
-3.79535e-07
1.98838e-07
-2.85503e-07
2.24675e-07
-9.42814e-08
1.19619e-07
-2.0929e-07
8.53134e-08
-7.11288e-08
-1.50471e-08
2.49002e-08
4.98485e-08
2.4902e-08
-3.16673e-08
-1.53362e-09
4.98471e-08
-1.53364e-09
3.25021e-08
-3.79531e-07
2.24673e-07
-2.09289e-07
1.98834e-07
-9.42796e-08
8.53123e-08
-2.85496e-07
1.19615e-07
-7.11252e-08
0.000679702
0.000303421
0.000125294
0.000252742
0.000107087
4.27185e-05
8.56142e-05
3.51415e-05
1.28375e-05
4.6705e-05
1.56202e-05
5.94186e-06
1.41406e-05
5.37797e-06
1.21407e-06
4.85798e-06
1.09238e-06
6.14964e-07
5.91988e-07
7.65042e-07
-5.53607e-07
6.74709e-07
-2.51421e-07
4.92635e-07
-3.48886e-07
4.01879e-07
-6.09304e-07
2.55479e-05
9.23615e-06
4.00464e-06
6.44363e-06
2.96314e-06
4.22716e-07
1.70693e-06
-1.05157e-08
8.09607e-07
0.0322959
0.0559148
0.0823766
0.092508
0.112082
0.131327
0.138537
0.14972
0.158059
0.110805
0.134917
0.15272
0.148449
0.15888
0.161454
0.161643
0.158549
0.148549
0.149831
0.136683
0.119286
0.122054
0.104988
0.0863637
0.0883703
0.0720958
0.0561935
0.16075
0.16151
0.15835
0.155191
0.147891
0.137107
0.130341
0.118678
0.104783
0.161361
0.158267
0.144655
0.154501
0.139304
0.117844
0.131177
0.110057
0.0869237
0.121649
0.0956627
0.0697127
0.091848
0.0674894
0.0461155
0.0632124
0.0436133
0.0280409
0.038589
0.0250119
0.0151349
0.0220028
0.0134844
0.00772212
0.0114525
0.00665293
0.00361519
0.0979088
0.076777
0.0567754
0.0666069
0.0492637
0.0343807
0.0409238
0.0286591
0.0189413
0.0219698
0.0145741
0.00912353
0.0110111
0.00695608
0.00414451
0.0050042
0.00301715
0.00171577
0.00520813
0.00286626
0.00147628
0.00224626
0.00117694
0.000576833
0.000884464
0.000441417
0.000206919
0.000297992
0.000141744
6.32362e-05
9.36156e-05
4.27824e-05
1.83617e-05
1.98256e-05
8.41447e-06
3.42163e-06
0.00194953
0.00112241
0.000607345
0.000696325
0.000383557
0.000200311
0.000159343
8.6609e-05
4.23395e-05
0.0947842
0.0826284
0.0696133
0.0622396
0.0522043
0.0421962
0.0365904
0.0295734
0.0229742
0.0557226
0.043183
0.0319292
0.0322483
0.0238722
0.0168355
0.0168018
0.0119082
0.00803204
0.00750813
0.00509379
0.00328535
0.00301482
0.00197034
0.00122216
0.000763046
0.000484566
0.000291242
0.0185181
0.0143903
0.0107283
0.0084272
0.00624361
0.00448432
0.00243399
0.00168568
0.00116392
0.032296
0.0925081
0.138537
0.0559151
0.112082
0.14972
0.0823769
0.131327
0.158059
0.16075
0.155191
0.130341
0.16151
0.147891
0.118678
0.15835
0.137106
0.104783
0.14983
0.122054
0.0883699
0.136683
0.104987
0.0720954
0.119285
0.0863632
0.0561931
0.110806
0.148449
0.161643
0.134917
0.15888
0.158549
0.152721
0.161454
0.148549
0.0947842
0.0622396
0.0365904
0.0826283
0.0522042
0.0295733
0.0696131
0.042196
0.0229741
0.018518
0.00842719
0.00243399
0.0143902
0.00624358
0.00168567
0.0107282
0.00448428
0.00116391
0.00750805
0.00301478
0.000763034
0.00509371
0.00197031
0.000484556
0.00328529
0.00122213
0.000291234
0.0557223
0.0322481
0.0168017
0.0431827
0.0238719
0.011908
0.0319289
0.0168353
0.00803191
0.0219695
0.0110109
0.0050041
0.0145738
0.00695594
0.00301708
0.00912336
0.00414442
0.00171572
0.00194948
0.000696305
0.000159338
0.00112238
0.000383544
8.66057e-05
0.000607324
0.000200303
4.23375e-05
0.00029798
9.36111e-05
1.98245e-05
0.000141737
4.27801e-05
8.41391e-06
6.32328e-05
1.83606e-05
3.4214e-06
0.00520801
0.0022462
0.000884434
0.00286618
0.0011769
0.0004414
0.00147624
0.000576812
0.00020691
0.161361
0.154501
0.131176
0.158267
0.139304
0.110057
0.144654
0.117844
0.0869233
0.0979083
0.0666064
0.0409234
0.0767765
0.0492633
0.0286588
0.056775
0.0343803
0.018941
0.0385887
0.0220025
0.0114523
0.0250116
0.0134842
0.0066528
0.0151347
0.00772198
0.00361511
0.121648
0.0918477
0.063212
0.0956625
0.0674891
0.043613
0.0697125
0.0461153
0.0280407
0.0458859
0.0284467
0.0162623
0.0284465
0.0166259
0.00898046
0.0162621
0.0089804
0.00459278
0.00824565
0.00397375
0.00176172
0.00429738
0.00196576
0.000826686
0.00207893
0.000901365
0.000362236
0.000886827
0.000365567
0.000138462
0.000365564
0.000142793
5.21206e-05
0.000138459
5.212e-05
1.75063e-05
0.00824548
0.00429731
0.00207891
0.00397363
0.00196571
0.000901349
0.00176165
0.000826657
0.000362226
0.000679678
0.000252731
8.56098e-05
0.000303407
0.000107081
3.51395e-05
0.000125287
4.27159e-05
1.28366e-05
2.55464e-05
6.44318e-06
1.70679e-06
9.23551e-06
2.96294e-06
-1.05301e-08
4.00439e-06
4.22646e-07
8.09586e-07
5.91926e-07
6.74664e-07
-3.48852e-07
7.64997e-07
-2.51419e-07
4.0186e-07
-5.53606e-07
4.92629e-07
-6.09293e-07
4.67019e-05
1.41396e-05
4.85766e-06
1.5619e-05
5.37757e-06
1.09225e-06
5.94139e-06
1.21392e-06
6.1494e-07
1.0192e-06
7.64152e-07
-3.98693e-07
7.64144e-07
-1.12229e-07
3.4805e-07
-3.98693e-07
3.48049e-07
-4.04832e-07
-3.79554e-07
1.98848e-07
-2.85518e-07
2.24687e-07
-9.42884e-08
1.19628e-07
-2.09311e-07
8.53226e-08
-7.11403e-08
-1.50589e-08
2.4904e-08
4.98464e-08
2.4902e-08
-3.16662e-08
-1.53594e-09
4.98503e-08
-1.53715e-09
3.25075e-08
-3.79565e-07
2.24691e-07
-2.09315e-07
1.98859e-07
-9.42929e-08
8.53258e-08
-2.8554e-07
1.19639e-07
-7.11494e-08
0.000679641
0.000303392
0.000125282
0.000252714
0.000107074
4.27136e-05
8.56026e-05
3.51368e-05
1.28357e-05
4.67004e-05
1.56186e-05
5.94133e-06
1.41389e-05
5.37739e-06
1.21387e-06
4.8574e-06
1.09217e-06
6.14936e-07
5.919e-07
7.64944e-07
-5.53586e-07
6.74594e-07
-2.51405e-07
4.92614e-07
-3.48782e-07
4.01822e-07
-6.09267e-07
2.55438e-05
9.23462e-06
4.00409e-06
6.44241e-06
2.96264e-06
4.22546e-07
1.70653e-06
-1.05493e-08
8.09563e-07
0.0322971
0.055916
0.0823777
0.0925091
0.112083
0.131328
0.138538
0.149721
0.15806
0.110806
0.134917
0.152721
0.14845
0.15888
0.161454
0.161643
0.158549
0.148549
0.14983
0.136682
0.119285
0.122053
0.104987
0.0863624
0.0883691
0.0720946
0.0561923
0.16075
0.16151
0.15835
0.155191
0.14789
0.137106
0.13034
0.118677
0.104782
0.161361
0.158267
0.144654
0.154501
0.139303
0.117843
0.131176
0.110056
0.0869226
0.121648
0.0956623
0.0697123
0.0918472
0.0674887
0.0461149
0.0632114
0.0436125
0.0280403
0.0385881
0.0250111
0.0151344
0.022002
0.0134839
0.00772175
0.011452
0.00665256
0.00361496
0.0979075
0.0767757
0.0567743
0.0666056
0.0492625
0.0343797
0.0409227
0.0286582
0.0189405
0.021969
0.0145734
0.00912306
0.0110106
0.00695569
0.00414424
0.00500391
0.00301695
0.00171563
0.00520781
0.00286605
0.00147616
0.00224609
0.00117683
0.000576774
0.00088438
0.000441369
0.000206893
0.000297958
0.000141725
6.32267e-05
9.36028e-05
4.27759e-05
1.83584e-05
1.98226e-05
8.41288e-06
3.42098e-06
0.00194939
0.00112232
0.000607285
0.000696267
0.000383519
0.000200288
0.000159328
8.65993e-05
4.23337e-05
0.0947836
0.0826276
0.0696124
0.062239
0.0522036
0.0421955
0.03659
0.0295729
0.0229737
0.0557216
0.043182
0.0319283
0.0322476
0.0238714
0.0168349
0.0168013
0.0119077
0.00803166
0.00750785
0.00509355
0.00328516
0.00301469
0.00197023
0.00122208
0.000763007
0.000484535
0.000291219
0.0185178
0.01439
0.010728
0.00842707
0.00624346
0.00448417
0.00243395
0.00168563
0.00116388
0.0322971
0.0925091
0.138538
0.0559161
0.112083
0.149721
0.082378
0.131328
0.15806
0.16075
0.155191
0.13034
0.16151
0.14789
0.118677
0.15835
0.137106
0.104782
0.14983
0.122053
0.0883689
0.136682
0.104986
0.0720944
0.119284
0.086362
0.056192
0.110807
0.14845
0.161643
0.134918
0.15888
0.158549
0.152721
0.161454
0.148548
0.0947835
0.062239
0.03659
0.0826276
0.0522036
0.0295729
0.0696123
0.0421954
0.0229737
0.0185178
0.00842707
0.00243395
0.0143899
0.00624345
0.00168563
0.010728
0.00448416
0.00116387
0.00750783
0.00301468
0.000763005
0.00509352
0.00197022
0.000484532
0.00328514
0.00122207
0.000291217
0.0557215
0.0322475
0.0168013
0.0431818
0.0238713
0.0119077
0.0319281
0.0168347
0.00803161
0.0219688
0.0110105
0.00500386
0.0145732
0.00695561
0.00301691
0.00912292
0.00414417
0.0017156
0.00194937
0.00069626
0.000159327
0.00112231
0.000383514
8.65982e-05
0.000607275
0.000200285
4.2333e-05
0.000297952
9.36009e-05
1.98222e-05
0.000141722
4.27748e-05
8.41266e-06
6.32248e-05
1.83579e-05
3.42089e-06
0.0052077
0.00224604
0.000884362
0.00286598
0.00117681
0.000441357
0.00147612
0.000576756
0.000206887
0.161361
0.154501
0.131175
0.158267
0.139303
0.110055
0.144654
0.117842
0.0869218
0.097907
0.0666051
0.0409224
0.0767751
0.0492621
0.0286579
0.0567737
0.0343793
0.0189403
0.0385875
0.0220017
0.0114518
0.0250106
0.0134836
0.00665241
0.015134
0.00772154
0.00361486
0.121647
0.0918462
0.0632106
0.0956611
0.0674877
0.0436117
0.0697111
0.046114
0.0280397
0.0458848
0.0284458
0.0162616
0.0284458
0.0166253
0.00898005
0.0162616
0.00898005
0.00459256
0.00824521
0.0039735
0.00176159
0.00429713
0.00196562
0.000826618
0.0020788
0.000901299
0.000362205
0.00088677
0.000365539
0.000138449
0.000365539
0.000142781
5.21157e-05
0.00013845
5.21157e-05
1.75045e-05
0.00824522
0.00429714
0.0020788
0.0039735
0.00196563
0.000901299
0.00176159
0.000826619
0.000362205
0.000679615
0.000252704
8.55992e-05
0.000303378
0.000107069
3.5135e-05
0.000125275
4.2711e-05
1.28348e-05
2.55428e-05
6.44215e-06
1.70646e-06
9.23413e-06
2.9625e-06
-1.05648e-08
4.00387e-06
4.2248e-07
8.09562e-07
5.91881e-07
6.74533e-07
-3.48728e-07
7.64873e-07
-2.51392e-07
4.01792e-07
-5.53566e-07
4.92599e-07
-6.0925e-07
4.6697e-05
1.41378e-05
4.85708e-06
1.56172e-05
5.37695e-06
1.09202e-06
5.94082e-06
1.21368e-06
6.14937e-07
1.01912e-06
7.6404e-07
-3.98671e-07
7.64039e-07
-1.12221e-07
3.48034e-07
-3.9867e-07
3.48034e-07
-4.0484e-07
-3.79615e-07
1.98887e-07
-2.85579e-07
2.24722e-07
-9.43104e-08
1.19662e-07
-2.09357e-07
8.5346e-08
-7.11737e-08
-1.50698e-08
2.49031e-08
4.98567e-08
2.49033e-08
-3.16636e-08
-1.54432e-09
4.98565e-08
-1.54432e-09
3.25218e-08
-3.79617e-07
2.24723e-07
-2.09358e-07
1.98888e-07
-9.43115e-08
8.53474e-08
-2.85582e-07
1.19663e-07
-7.11754e-08
0.000679616
0.000303378
0.000125275
0.000252705
0.000107069
4.2711e-05
8.55994e-05
3.5135e-05
1.28348e-05
4.6697e-05
1.56172e-05
5.94081e-06
1.41378e-05
5.37694e-06
1.21368e-06
4.85708e-06
1.09202e-06
6.14937e-07
5.91892e-07
7.64865e-07
-5.53559e-07
6.74524e-07
-2.51387e-07
4.92594e-07
-3.48717e-07
4.01785e-07
-6.09243e-07
2.55429e-05
9.23415e-06
4.00385e-06
6.44217e-06
2.96249e-06
4.22486e-07
1.70644e-06
-1.05537e-08
8.09552e-07
0.0322963
0.0559155
0.0823774
0.0925084
0.112082
0.131327
0.138538
0.149721
0.15806
0.110806
0.134917
0.152721
0.14845
0.15888
0.161454
0.161643
0.158549
0.148548
0.14983
0.136682
0.119284
0.122054
0.104987
0.0863622
0.0883692
0.0720946
0.0561921
0.16075
0.16151
0.15835
0.155191
0.14789
0.137106
0.130341
0.118678
0.104783
0.161361
0.158267
0.144654
0.154501
0.139303
0.117843
0.131175
0.110055
0.086922
0.121647
0.0956612
0.0697112
0.0918463
0.0674877
0.0461141
0.0632107
0.0436118
0.0280397
0.0385876
0.0250107
0.015134
0.0220017
0.0134836
0.00772155
0.0114518
0.00665242
0.00361487
0.0979071
0.0767753
0.0567738
0.0666053
0.0492622
0.0343793
0.0409225
0.028658
0.0189403
0.0219688
0.0145733
0.00912294
0.0110105
0.00695563
0.00414418
0.00500388
0.00301692
0.00171561
0.00520772
0.00286599
0.00147612
0.00224605
0.00117681
0.000576757
0.000884364
0.000441358
0.000206887
0.000297953
0.000141722
6.32249e-05
9.36011e-05
4.27749e-05
1.83579e-05
1.98223e-05
8.41266e-06
3.4209e-06
0.00194938
0.00112231
0.000607277
0.000696262
0.000383515
0.000200285
0.000159327
8.65984e-05
4.2333e-05
0.0947839
0.0826279
0.0696125
0.0622394
0.0522039
0.0421956
0.0365902
0.0295731
0.0229738
0.0557217
0.043182
0.0319282
0.0322476
0.0238714
0.0168348
0.0168014
0.0119077
0.00803164
0.00750787
0.00509355
0.00328515
0.0030147
0.00197023
0.00122207
0.000763008
0.000484535
0.000291218
0.018518
0.01439
0.0107281
0.00842714
0.0062435
0.00448419
0.00243397
0.00168564
0.00116388
