RT0_HexAFF 6 6
 0.3333333333333332 3.5821638119167492e-19 -1.1869255330809657e-18 -6.6926060029969418e-19 5.1299639168025731e-19 -0.16666666666666663
 3.5821638119167492e-19 0.33333333333333337 0 -0.16666666666666666 0 -6.6926060029969418e-19
 -1.1869255330809657e-18 0 0.33333333333333337 0 -0.16666666666666666 1.1869255330809657e-18
 -6.6926060029969418e-19 -0.16666666666666666 0 0.33333333333333331 0 9.8030481940771344e-19
 5.1299639168025731e-19 0 -0.16666666666666666 0 0.33333333333333337 -5.1299639168025731e-19
 -0.16666666666666663 -6.6926060029969418e-19 1.1869255330809657e-18 9.8030481940771344e-19 -5.1299639168025731e-19 0.33333333333333337
RT0_RULE 27
RT1_HexAFF 36 36
 0.033333333333333326 -3.5643146420460958e-18 -3.1880731947875763e-18 3.186961464044305e-19 -4.1700242539239499e-21 -7.7569353071929488e-21 1.6212628264488857e-21 5.6822294771789289e-21 -3.4217626255377279e-20 2.292654637167096e-19 9.1685853220383218e-21 -6.1431495855239182e-20 9.6002735471113295e-20 -3.0219939177102675e-20 -1.2274421638759144e-20 9.9780192846283246e-21 1.5990947626098639e-20 1.4923916837888778e-20 -4.2847615026215083e-21 -3.9988514646215309e-21 -8.2162195883667133e-19 7.453889935837843e-20 0.0083333333333333315 -7.8604657505199071e-19 -9.1029620091120707e-20 8.0226362532455232e-20 2.4391313190727689e-20 -2.1496589052257863e-20 -2.8373030763818487e-20 -4.9467129973705756e-20 1.035593626321706e-20 3.2946015280396316e-20 1.7868160022329466e-18 -8.2162195883667133e-20 -0.016666666666666666 1.7753810574450135e-18
 -3.5643146420460958e-18 0.033333333333333319 4.3283383604694747e-19 -2.8595832299305179e-18 -7.7569353071929488e-21 -7.234545554672215e-20 5.6822294771789289e-21 2.4915915587241527e-20 1.9675187959518262e-19 -1.1864452883529361e-18 -5.2719507246834649e-20 3.1790705687787989e-19 -7.0760390657551958e-19 9.6002735471113271e-20 2.1024390266997863e-19 -1.2274421638759144e-20 -9.2926354663791833e-20 1.4503029526835843e-20 2.4899541687731118e-20 -3.886075049520394e-21 9.4867690092481638e-20 -7.7249404789592191e-19 -8.1315162936412833e-19 0.0083333333333333332 1.0066537717388133e-20 -4.0412030982787941e-19 -2.697320651951585e-21 1.0828371066339536e-19 -4.946712997370578e-20 -4.9622974682889917e-19 3.2946015280396316e-20 1.6318635621215389e-19 -2.0244087439377778e-19 1.5043305143236374e-18 1.7753810574450135e-18 -0.016666666666666666
 -3.1880731947875763e-18 4.3283383604694747e-19 0.033333333333333312 -3.4762232155316486e-18 8.5442066324063786e-21 -2.1244693604272347e-20 -4.1700242539239491e-21 -7.7569353071929473e-21 -9.2193789764786059e-20 -3.4217626255377267e-20 2.4703251514639122e-20 9.1685853220383218e-21 -3.9173289242567865e-20 6.2167973110162897e-21 6.8926862915407263e-21 -2.1696940141865589e-21 1.4923916837888772e-20 -4.9770460196134698e-20 -3.9988514646215309e-21 1.3335954616479635e-20 0.0083333333333333332 -7.9790503631355092e-19 -8.6397360619938635e-19 1.0164395367051604e-19 1.8973088577357901e-19 -9.1029620091120695e-20 -5.0838237622272074e-20 2.4391313190727686e-20 -1.809718123336591e-20 2.4021942985968155e-20 7.6025306799885636e-21 1.3254677528339837e-20 -0.016666666666666663 1.7319706188982306e-18 2.0040799532036746e-18 -2.591920818598159e-19
 3.186961464044305e-19 -2.8595832299305179e-18 -3.4762232155316486e-18 0.033333333333333319 -2.1244693604272347e-20 1.9295989562667624e-19 -7.7569353071929473e-21 -7.2345455546722162e-20 -3.7130311170244221e-20 1.9675187959518262e-19 9.9490368927832332e-21 -5.2719507246834643e-20 1.6895988798605763e-19 -3.9173289242567865e-20 -5.0803674736552708e-20 6.8926862915407263e-21 1.4503029526835843e-20 -8.880687204108961e-20 -3.8860750495203947e-21 2.379572964574401e-20 -8.1061053052236542e-19 0.0083333333333333332 7.453889935837843e-20 -7.589415207398531e-19 -3.6838789834078098e-19 1.0066537717388117e-20 9.87092398618108e-20 -2.6973206519515828e-21 2.4021942985968155e-20 -3.8343972117200697e-19 1.3254677528339848e-20 1.3296435992310399e-19 1.6875013891673799e-18 -0.016666666666666663 -8.2162195883667133e-20 1.7211709488207383e-18
 -4.1700242539239499e-21 -7.7569353071929488e-21 8.5442066324063786e-21 -2.1244693604272347e-20 0.033333333333333319 -2.2729070348385082e-18 -3.3261395651900273e-18 2.1006417091906648e-19 0 0 0 0 -6.4967427054404836e-19 0.0083333333333333367 2.0328790734103208e-20 -7.420008617947671e-19 0 0 0 0 6.2167973110162897e-21 -3.9173289242567871e-20 -2.1696940141865593e-21 6.8926862915407278e-21 0 0 0 0 -0.016666666666666656 1.1538706323971706e-18 2.2717423645360335e-18 -1.6855955650360577e-19 -1.809718123336591e-20 2.4021942985968161e-20 7.6025306799885621e-21 1.3254677528339843e-20
 -7.7569353071929488e-21 -7.234545554672215e-20 -2.1244693604272347e-20 1.9295989562667624e-19 -2.2729070348385082e-18 0.033333333333333333 2.1324054447127011e-19 -2.9087111408712674e-18 0 0 0 0 0.0083333333333333384 -7.0303734622106928e-19 -7.7249404789592191e-19 -6.7762635780344027e-21 0 0 0 0 -3.9173289242567865e-20 1.6895988798605753e-19 6.8926862915407278e-21 -5.080367473655272e-20 0 0 0 0 1.2824078821430107e-18 -0.016666666666666656 -5.7598240413292423e-20 1.2807138162485021e-18 2.4021942985968164e-20 -3.8343972117200711e-19 1.3254677528339837e-20 1.3296435992310395e-19
 1.6212628264488857e-21 5.6822294771789289e-21 -4.1700242539239491e-21 -7.7569353071929473e-21 -3.3261395651900273e-18 2.1324054447127011e-19 0.033333333333333326 -2.3530575274724463e-18 0 0 0 0 3.3881317890172014e-21 -6.4798020464953976e-19 -6.5052130349130266e-19 0.008333333333333328 0 0 0 0 -3.0219939177102669e-20 9.6002735471113307e-20 9.9780192846283231e-21 -1.2274421638759143e-20 0 0 0 0 2.216685222964504e-18 -1.1350241493207625e-19 -0.016666666666666663 1.1451885446878141e-18 -2.8373030763818487e-20 -4.9467129973705774e-20 1.035593626321706e-20 3.2946015280396328e-20
 5.6822294771789289e-21 2.4915915587241527e-20 -7.7569353071929473e-21 -7.2345455546722162e-20 2.1006417091906648e-19 -2.9087111408712674e-18 -2.3530575274724463e-18 0.033333333333333326 0 0 0 0 -7.8604657505199071e-19 2.3716922523120409e-20 0.0083333333333333297 -7.0473141211557788e-19 0 0 0 0 9.6002735471113283e-20 -7.0760390657551958e-19 -1.2274421638759141e-20 2.1024390266997866e-19 0 0 0 0 -1.1265538198482195e-19 1.6059744679941534e-18 1.3010426069826053e-18 -0.016666666666666663 -4.9467129973705774e-20 -4.9622974682889927e-19 3.2946015280396328e-20 1.6318635621215387e-19
 -3.4217626255377279e-20 1.9675187959518262e-19 -9.2193789764786059e-20 -3.7130311170244221e-20 0 0 0 0 0.033333333333333319 -4.0657581468206416e-18 -2.0057740190981832e-18 0 0 0 0 0 -6.3358064454621665e-19 0.0083333333333333384 4.7433845046240819e-20 -8.2585712357294283e-19 -2.470325151463914e-20 -9.9490368927832362e-21 -9.1685853220383279e-21 5.2719507246834673e-20 0.016666666666666659 -1.6805133673525319e-18 -1.4501204056993622e-18 0 0 0 0 0 1.349810765002938e-19 5.4362548554921957e-20 5.0098081866677889e-20 -2.880647446966957e-19
 2.292654637167096e-19 -1.1864452883529361e-18 -3.4217626255377267e-20 1.9675187959518262e-19 0 0 0 0 -4.0657581468206416e-18 0.033333333333333319 5.4210108624275222e-20 -3.0357660829594124e-18 0 0 0 0 0.0083333333333333384 -6.8863778611774618e-19 -1.043544591017298e-18 -1.6940658945086007e-20 -9.1685853220383248e-21 5.2719507246834661e-20 6.1431495855239206e-20 -3.1790705687787989e-19 -2.2429432443293873e-18 0.016666666666666653 -1.0842021724855044e-19 -1.4094628242311558e-18 0 0 0 0 5.0098081866677895e-20 -2.880647446966957e-19 -3.3566793572294066e-19 1.7370764629501131e-18
 9.1685853220383218e-21 -5.2719507246834649e-20 2.4703251514639122e-20 9.9490368927832332e-21 0 0 0 0 -2.0057740190981832e-18 5.4210108624275222e-20 0.033333333333333326 -3.903127820947816e-18 0 0 0 0 -2.0328790734103208e-20 -6.0901668907584194e-19 -6.0986372202309624e-19 0.0083333333333333297 9.2193789764786047e-20 3.7130311170244233e-20 3.4217626255377279e-20 -1.9675187959518255e-19 -1.9380113833178392e-18 -5.4210108624275222e-20 0.016666666666666653 -2.0599841277224584e-18 0 0 0 0 1.349810765002938e-19 5.4362548554921957e-20 5.0098081866677889e-20 -2.8806474469669575e-19
 -6.1431495855239182e-20 3.1790705687787989e-19 9.1685853220383218e-21 -5.2719507246834643e-20 0 0 0 0 0 -3.0357660829594124e-18 -3.903127820947816e-18 0.03333333333333334 0 0 0 0 -9.7578195523695399e-19 3.0493186101154812e-20 0.008333333333333328 -6.7762635780344027e-19 3.4217626255377279e-20 -1.9675187959518257e-19 -2.292654637167096e-19 1.1864452883529365e-18 -4.0657581468206416e-20 -1.3010426069826053e-18 -2.1684043449710089e-18 0.016666666666666653 0 0 0 0 5.0098081866677902e-20 -2.8806474469669575e-19 -3.3566793572294071e-19 1.7370764629501131e-18
 9.6002735471113295e-20 -7.0760390657551958e-19 -3.9173289242567865e-20 1.6895988798605763e-19 -6.4967427054404836e-19 0.0083333333333333384 3.3881317890172014e-21 -7.8604657505199071e-19 0 0 0 0 0.033333333333333319 -4.0928632011327792e-18 -3.4694469519536142e-18 5.4210108624275222e-20 0 0 0 0 -1.9467602060260392e-20 7.6691433885863913e-20 5.9204646188519968e-20 -3.068583351093141e-19 0 0 0 0 -1.9278469879507876e-18 0.016666666666666653 -4.0657581468206416e-20 -1.3010426069826053e-18 5.5455940033742458e-20 -2.7441770650315249e-19 -1.3347531282774582e-19 1.1369308488231812e-18
 -3.0219939177102675e-20 9.6002735471113271e-20 6.2167973110162897e-21 -3.9173289242567865e-20 0.0083333333333333367 -7.0303734622106928e-19 -6.4798020464953976e-19 2.3716922523120409e-20 0 0 0 0 -4.0928632011327792e-18 0.033333333333333326 1.6263032587282567e-19 -4.6756218688437379e-18 0 0 0 0 2.7181252019242323e-21 -1.9467602060260392e-20 -1.2024792341720667e-20 5.9204646188519968e-20 0 0 0 0 0.016666666666666656 -1.531435568635775e-18 -1.5246593050577406e-18 6.7762635780344027e-20 -1.0599214418697899e-20 5.5455940033742458e-20 4.9832656261349727e-20 -1.3347531282774582e-19
 -1.2274421638759144e-20 2.1024390266997863e-19 6.8926862915407263e-21 -5.0803674736552708e-20 2.0328790734103208e-20 -7.7249404789592191e-19 -6.5052130349130266e-19 0.0083333333333333297 0 0 0 0 -3.4694469519536142e-18 1.6263032587282567e-19 0.033333333333333333 -4.1199682554449168e-18 0 0 0 0 5.920464618851998e-20 -3.068583351093141e-19 -1.7076077733795424e-19 1.2222479175243632e-18 0 0 0 0 6.7762635780344027e-20 -1.1926223897340549e-18 -1.951563910473908e-18 0.016666666666666656 3.5764602281685971e-20 -3.0463970279220224e-19 -5.9986239868071903e-20 1.2497208744800731e-18
 9.9780192846283246e-21 -1.2274421638759144e-20 -2.1696940141865589e-21 6.8926862915407263e-21 -7.420008617947671e-19 -6.7762635780344027e-21 0.008333333333333328 -7.0473141211557788e-19 0 0 0 0 5.4210108624275222e-20 -4.6756218688437379e-18 -4.1199682554449168e-18 0.033333333333333333 0 0 0 0 -1.2024792341720666e-20 5.9204646188519968e-20 5.1895671721798962e-20 -1.7076077733795424e-19 0 0 0 0 -1.5754812818929986e-18 5.4210108624275222e-20 0.016666666666666656 -1.6263032587282567e-18 -1.3352620001926398e-20 3.5764602281685965e-20 6.010850579180231e-20 -5.9986239868071891e-20
 1.5990947626098639e-20 -9.2926354663791833e-20 1.4923916837888772e-20 1.4503029526835843e-20 0 0 0 0 -6.3358064454621665e-19 0.0083333333333333384 -2.0328790734103208e-20 -9.7578195523695399e-19 0 0 0 0 0.033333333333333326 -2.4169555754309426e-18 -3.0408482806429382e-18 2.9010878443459787e-19 3.998851464621534e-21 3.886075049520397e-21 4.2847615026215113e-21 -2.4899541687731127e-20 1.5221182062159777e-18 -0.016666666666666659 -7.3691866411124129e-20 1.3552527156068805e-18 0 0 0 0 -2.1850130746534484e-20 -2.1233908954630908e-20 -2.3412372246954249e-20 1.3605362595212146e-19
 1.4923916837888778e-20 1.4503029526835843e-20 -4.9770460196134698e-20 -8.880687204108961e-20 0 0 0 0 0.0083333333333333384 -6.8863778611774618e-19 -6.0901668907584194e-19 3.0493186101154812e-20 0 0 0 0 -2.4169555754309426e-18 0.033333333333333312 2.2234614865425384e-19 -3.4596531335009863e-18 -1.3335954616479646e-20 -2.3795729645744028e-20 3.9988514646215347e-21 3.8860750495203947e-21 -0.016666666666666656 1.4984012836928573e-18 1.7897806175483366e-18 -1.4230153513872246e-19 0 0 0 0 7.2869011159310183e-20 1.3002228479069127e-19 -2.1850130746534481e-20 -2.1233908954630908e-20
 -4.2847615026215083e-21 2.4899541687731118e-20 -3.9988514646215309e-21 -3.8860750495203947e-21 0 0 0 0 4.7433845046240819e-20 -1.043544591017298e-18 -6.0986372202309624e-19 0.008333333333333328 0 0 0 0 -3.0408482806429382e-18 2.2234614865425384e-19 0.033333333333333326 -2.3767744499955668e-18 -1.4923916837888775e-20 -1.4503029526835855e-20 -1.5990947626098639e-20 9.2926354663791845e-20 -2.2276966512788099e-19 1.463672932855431e-18 1.1384122811097797e-18 -0.016666666666666659 0 0 0 0 -2.1850130746534478e-20 -2.1233908954630908e-20 -2.3412372246954249e-20 1.3605362595212141e-19
 -3.9988514646215309e-21 -3.886075049520394e-21 1.3335954616479635e-20 2.379572964574401e-20 0 0 0 0 -8.2585712357294283e-19 -1.6940658945086007e-20 0.0083333333333333297 -6.7762635780344027e-19 0 0 0 0 2.9010878443459787e-19 -3.4596531335009863e-18 -2.3767744499955668e-18 0.033333333333333326 4.9770460196134716e-20 8.8806872041089647e-20 -1.4923916837888778e-20 -1.4503029526835849e-20 1.5831045784182873e-18 -4.6586812098986519e-20 -0.016666666666666659 1.1926223897340549e-18 0 0 0 0 7.2869011159310171e-20 1.3002228479069125e-19 -2.1850130746534484e-20 -2.1233908954630914e-20
 -8.2162195883667133e-19 9.4867690092481638e-20 0.0083333333333333332 -8.1061053052236542e-19 6.2167973110162897e-21 -3.9173289242567865e-20 -3.0219939177102669e-20 9.6002735471113283e-20 -2.470325151463914e-20 -9.1685853220383248e-21 9.2193789764786047e-20 3.4217626255377279e-20 -1.9467602060260392e-20 2.7181252019242323e-21 5.920464618851998e-20 -1.2024792341720666e-20 3.998851464621534e-21 -1.3335954616479646e-20 -1.4923916837888775e-20 4.9770460196134716e-20 0.03333333333333334 -3.1983964088322381e-18 -3.3474742075489949e-18 5.4210108624275222e-19 5.0838237622272092e-20 -2.4391313190727698e-20 -1.8973088577357901e-19 9.1029620091120695e-20 -1.0599214418697899e-20 5.5455940033742458e-20 4.9832656261349733e-20 -1.334753128277458e-19 0.016666666666666656 -1.7313353441877899e-18 -1.514494909690689e-18 2.1684043449710089e-19
 7.453889935837843e-20 -7.7249404789592191e-19 -7.9790503631355092e-19 0.0083333333333333332 -3.9173289242567871e-20 1.6895988798605753e-19 9.6002735471113307e-20 -7.0760390657551958e-19 -9.9490368927832362e-21 5.2719507246834661e-20 3.7130311170244233e-20 -1.9675187959518257e-19 7.6691433885863913e-20 -1.9467602060260392e-20 -3.068583351093141e-19 5.9204646188519968e-20 3.886075049520397e-21 -2.3795729645744028e-20 -1.4503029526835855e-20 8.8806872041089647e-20 -3.1983964088322381e-18 0.03333333333333334 2.7105054312137611e-19 -3.0357660829594124e-18 -9.8709239861810848e-20 2.697320651951585e-21 3.6838789834078107e-19 -1.0066537717388132e-20 5.5455940033742458e-20 -2.7441770650315244e-19 -1.3347531282774582e-19 1.1369308488231812e-18 -1.8871894064825812e-18 0.016666666666666656 4.0657581468206416e-20 -1.3010426069826053e-18
 0.0083333333333333315 -8.1315162936412833e-19 -8.6397360619938635e-19 7.453889935837843e-20 -2.1696940141865593e-21 6.8926862915407278e-21 9.9780192846283231e-21 -1.2274421638759141e-20 -9.1685853220383279e-21 6.1431495855239206e-20 3.4217626255377279e-20 -2.292654637167096e-19 5.9204646188519968e-20 -1.2024792341720667e-20 -1.7076077733795424e-19 5.1895671721798962e-20 4.2847615026215113e-21 3.9988514646215347e-21 -1.5990947626098639e-20 -1.4923916837888778e-20 -3.3474742075489949e-18 2.7105054312137611e-19 0.033333333333333333 -3.2526065174565133e-18 -2.4391313190727698e-20 2.1496589052257875e-20 9.1029620091120707e-20 -8.0226362532455256e-20 -1.3352620001926398e-20 3.5764602281685965e-20 6.010850579180231e-20 -5.9986239868071903e-20 -1.6805133673525319e-18 4.0657581468206416e-20 0.016666666666666656 -1.6263032587282567e-18
 -7.8604657505199071e-19 0.0083333333333333332 1.0164395367051604e-19 -7.589415207398531e-19 6.8926862915407278e-21 -5.080367473655272e-20 -1.2274421638759143e-20 2.1024390266997866e-19 5.2719507246834673e-20 -3.1790705687787989e-19 -1.9675187959518255e-19 1.1864452883529365e-18 -3.068583351093141e-19 5.9204646188519968e-20 1.2222479175243632e-18 -1.7076077733795424e-19 -2.4899541687731127e-20 3.8860750495203947e-21 9.2926354663791845e-20 -1.4503029526835849e-20 5.4210108624275222e-19 -3.0357660829594124e-18 -3.2526065174565133e-18 0.033333333333333333 2.6973206519515835e-21 -1.0828371066339542e-19 -1.006653771738812e-20 4.0412030982787941e-19 3.5764602281685965e-20 -3.0463970279220219e-19 -5.9986239868071903e-20 1.2497208744800731e-18 2.7105054312137611e-19 -1.5178830414797062e-18 -1.7347234759768071e-18 0.016666666666666659
 -9.1029620091120707e-20 1.0066537717388133e-20 1.8973088577357901e-19 -3.6838789834078098e-19 0 0 0 0 0.016666666666666659 -2.2429432443293873e-18 -1.9380113833178392e-18 -4.0657581468206416e-20 0 0 0 0 1.5221182062159777e-18 -0.016666666666666656 -2.2276966512788099e-19 1.5831045784182873e-18 5.0838237622272092e-20 -9.8709239861810848e-20 -2.4391313190727698e-20 2.6973206519515835e-21 0.13333333333333319 -1.1744958846628129e-17 -8.0044613515531382e-18 -1.9651164376299768e-18 0 0 0 0 -2.7778529630261387e-19 5.3935731695794054e-19 1.3327661380078591e-19 -1.4738434130873081e-20
 8.0226362532455232e-20 -4.0412030982787941e-19 -9.1029620091120695e-20 1.0066537717388117e-20 0 0 0 0 -1.6805133673525319e-18 0.016666666666666653 -5.4210108624275222e-20 -1.3010426069826053e-18 0 0 0 0 -0.016666666666666659 1.4984012836928573e-18 1.463672932855431e-18 -4.6586812098986519e-20 -2.4391313190727698e-20 2.697320651951585e-21 2.1496589052257875e-20 -1.0828371066339542e-19 -1.1744958846628129e-17 0.13333333333333316 -8.7413800156643795e-19 -6.4238978719766138e-18 0 0 0 0 1.3327661380078591e-19 -1.4738434130873087e-20 -1.1745954696039476e-19 5.9167319832896789e-19
 2.4391313190727689e-20 -2.697320651951585e-21 -5.0838237622272074e-20 9.87092398618108e-20 0 0 0 0 -1.4501204056993622e-18 -1.0842021724855044e-19 0.016666666666666653 -2.1684043449710089e-18 0 0 0 0 -7.3691866411124129e-20 1.7897806175483366e-18 1.1384122811097797e-18 -0.016666666666666659 -1.8973088577357901e-19 3.6838789834078107e-19 9.1029620091120707e-20 -1.006653771738812e-20 -8.0044613515531382e-18 -8.7413800156643795e-19 0.13333333333333322 -1.2495430037895439e-17 0 0 0 0 -2.7778529630261392e-19 5.3935731695794035e-19 1.33276613800786e-19 -1.4738434130873066e-20
 -2.1496589052257863e-20 1.0828371066339536e-19 2.4391313190727686e-20 -2.6973206519515828e-21 0 0 0 0 0 -1.4094628242311558e-18 -2.0599841277224584e-18 0.016666666666666653 0 0 0 0 1.3552527156068805e-18 -1.4230153513872246e-19 -0.016666666666666659 1.1926223897340549e-18 9.1029620091120695e-20 -1.0066537717388132e-20 -8.0226362532455256e-20 4.0412030982787941e-19 -1.9651164376299768e-18 -6.4238978719766138e-18 -1.2495430037895439e-17 0.1333333333333333 0 0 0 0 1.33276613800786e-19 -1.4738434130873069e-20 -1.1745954696039476e-19 5.9167319832896799e-19
 -2.8373030763818487e-20 -4.946712997370578e-20 -1.809718123336591e-20 2.4021942985968155e-20 -0.016666666666666656 1.2824078821430107e-18 2.216685222964504e-18 -1.1265538198482195e-19 0 0 0 0 -1.9278469879507876e-18 0.016666666666666656 6.7762635780344027e-20 -1.5754812818929986e-18 0 0 0 0 -1.0599214418697899e-20 5.5455940033742458e-20 -1.3352620001926398e-20 3.5764602281685965e-20 0 0 0 0 0.13333333333333319 -1.0905549195899117e-17 -9.0835813263551168e-18 -1.5856456772600502e-18 3.4676918409479951e-20 -2.480114309131477e-20 4.9721806303928082e-20 8.2794327323920085e-20
 -4.9467129973705756e-20 -4.9622974682889917e-19 2.4021942985968155e-20 -3.8343972117200697e-19 1.1538706323971706e-18 -0.016666666666666656 -1.1350241493207625e-19 1.6059744679941534e-18 0 0 0 0 0.016666666666666653 -1.531435568635775e-18 -1.1926223897340549e-18 5.4210108624275222e-20 0 0 0 0 5.5455940033742458e-20 -2.7441770650315244e-19 3.5764602281685965e-20 -3.0463970279220219e-19 0 0 0 0 -1.0905549195899117e-17 0.13333333333333319 -9.2834811019071317e-19 -1.0408340855860843e-17 -2.4801143091314752e-20 7.091618445137187e-19 8.2794327323920073e-20 8.7429790324940341e-19
 1.035593626321706e-20 3.2946015280396316e-20 7.6025306799885636e-21 1.3254677528339848e-20 2.2717423645360335e-18 -5.7598240413292423e-20 -0.016666666666666663 1.3010426069826053e-18 0 0 0 0 -4.0657581468206416e-20 -1.5246593050577406e-18 -1.951563910473908e-18 0.016666666666666656 0 0 0 0 4.9832656261349733e-20 -1.3347531282774582e-19 6.010850579180231e-20 -5.9986239868071903e-20 0 0 0 0 -9.0835813263551168e-18 -9.2834811019071317e-19 0.13333333333333325 -1.100465205072787e-17 4.9721806303928088e-20 8.2794327323920109e-20 6.4766694198376231e-20 1.9038979773915488e-19
 3.2946015280396316e-20 1.6318635621215389e-19 1.3254677528339837e-20 1.3296435992310399e-19 -1.6855955650360577e-19 1.2807138162485021e-18 1.1451885446878141e-18 -0.016666666666666663 0 0 0 0 -1.3010426069826053e-18 6.7762635780344027e-20 0.016666666666666656 -1.6263032587282567e-18 0 0 0 0 -1.334753128277458e-19 1.1369308488231812e-18 -5.9986239868071903e-20 1.2497208744800731e-18 0 0 0 0 -1.5856456772600502e-18 -1.0408340855860843e-17 -1.100465205072787e-17 0.1333333333333333 8.2794327323920133e-20 8.7429790324940341e-19 1.9038979773915488e-19 1.0394339619850878e-18
 1.7868160022329466e-18 -2.0244087439377778e-19 -0.016666666666666663 1.6875013891673799e-18 -1.809718123336591e-20 2.4021942985968164e-20 -2.8373030763818487e-20 -4.9467129973705774e-20 1.349810765002938e-19 5.0098081866677895e-20 1.349810765002938e-19 5.0098081866677902e-20 5.5455940033742458e-20 -1.0599214418697899e-20 3.5764602281685971e-20 -1.3352620001926398e-20 -2.1850130746534484e-20 7.2869011159310183e-20 -2.1850130746534478e-20 7.2869011159310171e-20 0.016666666666666656 -1.8871894064825812e-18 -1.6805133673525319e-18 2.7105054312137611e-19 -2.7778529630261387e-19 1.3327661380078591e-19 -2.7778529630261392e-19 1.33276613800786e-19 3.4676918409479951e-20 -2.4801143091314752e-20 4.9721806303928088e-20 8.2794327323920133e-20 0.13333333333333328 -1.0988558424730038e-17 -1.0219452508623134e-17 -1.7550522667109103e-18
 -8.2162195883667133e-20 1.5043305143236374e-18 1.7319706188982306e-18 -0.016666666666666663 2.4021942985968161e-20 -3.8343972117200711e-19 -4.9467129973705774e-20 -4.9622974682889927e-19 5.4362548554921957e-20 -2.880647446966957e-19 5.4362548554921957e-20 -2.8806474469669575e-19 -2.7441770650315249e-19 5.5455940033742458e-20 -3.0463970279220224e-19 3.5764602281685965e-20 -2.1233908954630908e-20 1.3002228479069127e-19 -2.1233908954630908e-20 1.3002228479069125e-19 -1.7313353441877899e-18 0.016666666666666656 4.0657581468206416e-20 -1.5178830414797062e-18 5.3935731695794054e-19 -1.4738434130873087e-20 5.3935731695794035e-19 -1.4738434130873069e-20 -2.480114309131477e-20 7.091618445137187e-19 8.2794327323920109e-20 8.7429790324940341e-19 -1.0988558424730038e-17 0.13333333333333328 -6.9795514853754348e-19 -1.0733601507606494e-17
 -0.016666666666666666 1.7753810574450135e-18 2.0040799532036746e-18 -8.2162195883667133e-20 7.6025306799885621e-21 1.3254677528339837e-20 1.035593626321706e-20 3.2946015280396328e-20 5.0098081866677889e-20 -3.3566793572294066e-19 5.0098081866677889e-20 -3.3566793572294071e-19 -1.3347531282774582e-19 4.9832656261349727e-20 -5.9986239868071903e-20 6.010850579180231e-20 -2.3412372246954249e-20 -2.1850130746534481e-20 -2.3412372246954249e-20 -2.1850130746534484e-20 -1.514494909690689e-18 4.0657581468206416e-20 0.016666666666666656 -1.7347234759768071e-18 1.3327661380078591e-19 -1.1745954696039476e-19 1.33276613800786e-19 -1.1745954696039476e-19 4.9721806303928082e-20 8.2794327323920073e-20 6.4766694198376231e-20 1.9038979773915488e-19 -1.0219452508623134e-17 -6.9795514853754348e-19 0.13333333333333328 -1.0679391398982219e-17
 1.7753810574450135e-18 -0.016666666666666666 -2.591920818598159e-19 1.7211709488207383e-18 1.3254677528339843e-20 1.3296435992310395e-19 3.2946015280396328e-20 1.6318635621215387e-19 -2.880647446966957e-19 1.7370764629501131e-18 -2.8806474469669575e-19 1.7370764629501131e-18 1.1369308488231812e-18 -1.3347531282774582e-19 1.2497208744800731e-18 -5.9986239868071891e-20 1.3605362595212146e-19 -2.1233908954630908e-20 1.3605362595212141e-19 -2.1233908954630914e-20 2.1684043449710089e-19 -1.3010426069826053e-18 -1.6263032587282567e-18 0.016666666666666659 -1.4738434130873081e-20 5.9167319832896789e-19 -1.4738434130873066e-20 5.9167319832896799e-19 8.2794327323920085e-20 8.7429790324940341e-19 1.9038979773915488e-19 1.0394339619850878e-18 -1.7550522667109103e-18 -1.0733601507606494e-17 -1.0679391398982219e-17 0.1333333333333333
RT1_RULE 64
ND1_HexAFF 12 12
 0.11111111111111108 3.3118363918426298e-36 0.055555555555555566 4.2065837640035294e-37 0.055555555555555552 1.7874545413167841e-36 0.027777777777777776 2.270364946444144e-37 -4.0388120483631638e-19 -9.3446449551348044e-19 -1.1869255330809662e-19 -5.1299639168025734e-20
 3.3118363918426298e-36 0.11111111111111109 4.2065837640035294e-37 0.055555555555555566 1.7874545413167841e-36 0.055555555555555552 2.270364946444144e-37 0.027777777777777776 -3.5821638119167482e-20 -2.8202316034607439e-19 -5.2690775604322721e-19 -6.6926060029969406e-20
 0.055555555555555566 4.2065837640035294e-37 0.11111111111111109 5.3430619360193739e-38 0.027777777777777776 2.270364946444144e-37 0.055555555555555566 2.8837415838531228e-38 -5.129963916802574e-20 -1.1869255330809662e-19 -1.5075930951292219e-20 -6.5159085078895611e-21
 4.2065837640035294e-37 0.055555555555555566 5.3430619360193739e-38 0.11111111111111109 2.270364946444144e-37 0.027777777777777776 2.8837415838531228e-38 0.055555555555555566 -4.5499446072654942e-21 -3.5821638119167482e-20 -6.6926060029969406e-20 -8.5007241965282597e-21
 0.055555555555555552 1.7874545413167841e-36 0.027777777777777776 2.270364946444144e-37 0.11111111111111112 7.0878991212732073e-36 0.055555555555555552 9.0028122880351289e-37 -4.0388120483631633e-19 -9.3446449551348063e-19 -1.1869255330809659e-19 -5.1299639168025734e-20
 1.7874545413167841e-36 0.055555555555555552 2.270364946444144e-37 0.027777777777777776 7.0878991212732073e-36 0.11111111111111113 9.0028122880351306e-37 0.055555555555555552 -6.6926060029969418e-20 -5.2690775604322721e-19 -7.7179235174037985e-19 -9.8030481940771353e-20
 0.027777777777777776 2.270364946444144e-37 0.055555555555555566 2.8837415838531228e-38 0.055555555555555552 9.0028122880351306e-37 0.11111111111111112 1.1435070915489709e-37 -5.1299639168025734e-20 -1.1869255330809659e-19 -1.5075930951292219e-20 -6.5159085078895611e-21
 2.270364946444144e-37 0.027777777777777776 2.8837415838531228e-38 0.055555555555555566 9.0028122880351289e-37 0.055555555555555552 1.1435070915489709e-37 0.11111111111111113 -8.5007241965282582e-21 -6.6926060029969418e-20 -9.8030481940771353e-20 -1.2451503785791025e-20
 -4.0388120483631638e-19 -3.5821638119167482e-20 -5.129963916802574e-20 -4.5499446072654942e-21 -4.0388120483631633e-19 -6.6926060029969418e-20 -5.1299639168025734e-20 -8.5007241965282582e-21 0.1111111111111111 0.055555555555555566 0.027777777777777776 0.055555555555555559
 -9.3446449551348044e-19 -2.8202316034607439e-19 -1.1869255330809662e-19 -3.5821638119167482e-20 -9.3446449551348063e-19 -5.2690775604322721e-19 -1.1869255330809659e-19 -6.6926060029969418e-20 0.055555555555555566 0.1111111111111111 0.055555555555555559 0.027777777777777776
 -1.1869255330809662e-19 -5.2690775604322721e-19 -1.5075930951292219e-20 -6.6926060029969406e-20 -1.1869255330809659e-19 -7.7179235174037985e-19 -1.5075930951292219e-20 -9.8030481940771353e-20 0.027777777777777776 0.055555555555555559 0.11111111111111112 0.055555555555555559
 -5.1299639168025734e-20 -6.6926060029969406e-20 -6.5159085078895611e-21 -8.5007241965282597e-21 -5.1299639168025734e-20 -9.8030481940771353e-20 -6.5159085078895611e-21 -1.2451503785791025e-20 0.055555555555555559 0.027777777777777776 0.055555555555555559 0.1111111111111111
ND1_RULE 27
