FiniteElementSpace
FiniteElementCollection: H1_2D_P4
VDim: 1
Ordering: 0

0.036907
0
0
0
0
0
0
0
0
0
0
0.11546
0
0
0.11546
0
0
0.11546
0
0
0.11546
0
0
0.11546
0
0
-0.261235
-0.261228
-0.261218
-0.261219
-0.261235
0.0465408
0.247555
0.247555
0.0465408
0.247555
0.247554
0.0465408
0.247553
0.247553
0.0465408
0.247554
0.247554
0.0465408
0.247555
0.247555
-0.108516
0
-0.65553
0
0
-0.655529
0
-0.108518
0
-0.655539
0
0
-0.655566
0
-0.108518
0
-0.655586
0
0
-0.655587
0
-0.108518
0
-0.655572
0
0
-0.655544
0
-0.108518
0
-0.655529
0
0
-0.65553
0
0.0725887
0.0725888
0.0725886
0.0725887
0.0725887
-1.03449
0.576054
-1.0345
-1.03449
0.576062
-1.03448
-1.03448
0.57607
-1.03448
-1.03448
0.576062
-1.03449
-1.0345
0.576054
-1.03449
0.0387841
0.054505
0.054505
0.0387842
0.065271
0.158433
0.125203
0.265402
0.265402
0.125203
0.158433
0.0652711
0.054505
0.054505
0.0387841
0.158434
0.125203
0.265402
0.265402
0.125203
0.158433
0.0652709
0.0545049
0.0545049
0.0387841
0.158432
0.125202
0.265404
0.265404
0.125202
0.158432
0.0652709
0.0545049
0.054505
0.0387842
0.158433
0.125202
0.265404
0.265403
0.125203
0.158433
0.0652711
0.054505
0.054505
0.158433
0.125203
0.265402
0.265402
0.125203
0.158433
0.215663
-0.482021
0.133965
-1.34023
0
-1.5966
0
0.33427
-1.33512
-1.13874
0.412659
0.41266
-1.13874
0
0.206285
0
0
0.206285
0
0.33427
0.133964
-0.482024
0.215664
-1.33512
0
-1.5966
0
-1.34024
-0.482022
0.133966
0
-1.5966
0
0.334265
-1.33512
-1.13873
0.412646
0.412638
-1.13873
0
0.206293
0
0
0.206295
0
0.33424
0.133968
-0.482017
0.215662
-1.33512
0
-1.59661
0
-1.34023
-0.482014
0.13397
0
-1.59662
0
0.334227
-1.33512
-1.13872
0.412621
0.41262
-1.13872
0
0.206302
0
0
0.206302
0
0.334226
0.13397
-0.482014
0.215662
-1.33512
0
-1.59662
0
-1.34023
-0.482016
0.133969
0
-1.59661
0
0.334239
-1.33512
-1.13873
0.412635
0.412644
-1.13873
0
0.206296
0
0
0.206293
0
0.334264
0.133967
-0.482021
0.215664
-1.33512
0
-1.5966
0
-1.34024
-0.482024
0.133964
0
-1.5966
0
0.33427
-1.33512
-1.13874
0.41266
0.412659
-1.13874
0
0.206285
0
0
0.206285
0
0.33427
0.133965
-0.482021
-1.33512
0
-1.5966
0
0.0426399
0.0809998
0.229339
0.0809998
0.0426399
0.0809999
0.229338
0.0809997
0.0426398
0.0809996
0.229337
0.0809996
0.0426399
0.0809996
0.229338
0.0809998
0.0426399
0.0809998
0.229339
0.0809998
0.233941
-1.64964
-0.663659
-0.41022
-0.725402
0.495726
0.038195
0.495726
0.233942
-0.410222
-0.663658
-1.64965
0.233942
-1.64965
-0.663665
-0.410217
-0.725423
0.495731
0.038198
0.495734
0.233941
-0.410209
-0.663704
-1.64964
0.233941
-1.64964
-0.663725
-0.410199
-0.725449
0.495739
0.0382002
0.495739
0.23394
-0.410198
-0.663727
-1.64964
0.233941
-1.64964
-0.663706
-0.410204
-0.725429
0.495735
0.0381981
0.495732
0.233942
-0.410211
-0.663667
-1.64965
0.233942
-1.64965
-0.663658
-0.410222
-0.725402
0.495726
0.038195
0.495726
0.233941
-0.41022
-0.663659
-1.64964
0.0370714
0.0374502
0.0383074
0.0399869
0.0403256
0.0421868
0.0399869
0.0403256
0.0421868
0.0370714
0.0374502
0.0383074
0.0444195
0.041169
0.0394491
0.0475918
0.0494311
0.052358
0.0515272
0.0473073
0.0440718
0.0683951
0.0618116
0.056767
0.0683951
0.0618116
0.056767
0.0515272
0.0473073
0.0440718
0.0475918
0.0494311
0.052358
0.0444195
0.041169
0.0394491
0.0490559
0.0539069
0.0609446
0.0671041
0.0715713
0.0774446
0.0569029
0.0644289
0.0747769
0.102649
0.0840294
0.0707278
0.120211
0.132067
0.148546
0.139974
0.110549
0.0898589
0.230522
0.198147
0.171159
0.224557
0.179351
0.141488
0.114574
0.0977686
0.0863966
0.0785891
0.0923776
0.112076
0.138622
0.169031
0.207672
0.138622
0.169031
0.207672
0.0785891
0.0923776
0.112077
0.264474
0.287161
0.284614
0.287726
0.285211
0.252034
-0.11356
0.101787
0.229199
-0.113561
0.101787
0.229199
0.287726
0.285211
0.252034
0.264474
0.287162
0.284614
0.224557
0.179351
0.141488
0.0569029
0.0644289
0.0747769
0.0671042
0.0715714
0.0774447
0.049056
0.0539069
0.0609447
0.114574
0.0977687
0.0863967
0.230523
0.198147
0.171159
0.139975
0.110549
0.089859
0.120211
0.132068
0.148547
0.10265
0.0840296
0.0707279
0.0399869
0.0403256
0.0421868
0.0399869
0.0403256
0.0421868
0.0370714
0.0374502
0.0383074
0.0475918
0.0494311
0.0523581
0.0515272
0.0473072
0.0440718
0.0683951
0.0618117
0.0567671
0.0683951
0.0618116
0.056767
0.0515272
0.0473073
0.0440718
0.0475918
0.0494311
0.0523581
0.0444195
0.041169
0.0394491
0.0671043
0.0715714
0.0774448
0.0569029
0.0644289
0.074777
0.120211
0.132068
0.148547
0.139975
0.110549
0.0898591
0.230523
0.198147
0.171159
0.224557
0.179351
0.141488
0.114574
0.0977687
0.0863968
0.0785891
0.0923776
0.112077
0.138622
0.169031
0.207672
0.138622
0.169031
0.207672
0.0785891
0.0923776
0.112076
0.264474
0.287161
0.284614
0.287726
0.285211
0.252034
-0.113555
0.10179
0.2292
-0.113555
0.10179
0.229201
0.287726
0.285211
0.252034
0.264474
0.287161
0.284614
0.224557
0.179351
0.141488
0.0569029
0.0644289
0.0747769
0.0671041
0.0715713
0.0774447
0.0490559
0.0539068
0.0609446
0.114574
0.0977686
0.0863966
0.230522
0.198146
0.171158
0.139974
0.110549
0.0898589
0.120211
0.132067
0.148546
0.102649
0.0840294
0.0707278
0.0399869
0.0403256
0.0421868
0.0399869
0.0403256
0.0421868
0.0370714
0.0374502
0.0383074
0.0475918
0.0494311
0.052358
0.0515271
0.0473072
0.0440718
0.0683949
0.0618115
0.056767
0.0683949
0.0618115
0.056767
0.0515271
0.0473072
0.0440718
0.0475918
0.0494311
0.052358
0.0444195
0.041169
0.0394491
0.0671041
0.0715712
0.0774445
0.0569028
0.0644288
0.0747767
0.120211
0.132067
0.148546
0.139974
0.110549
0.0898587
0.230521
0.198146
0.171158
0.224556
0.17935
0.141487
0.114573
0.0977683
0.0863964
0.0785889
0.0923772
0.112076
0.138621
0.16903
0.20767
0.138621
0.16903
0.20767
0.0785888
0.0923772
0.112076
0.264473
0.287161
0.284615
0.287726
0.28521
0.252033
-0.113546
0.101796
0.229203
-0.113546
0.101796
0.229203
0.287726
0.28521
0.252033
0.264473
0.287161
0.284615
0.224556
0.17935
0.141487
0.0569028
0.0644288
0.0747767
0.0671041
0.0715712
0.0774445
0.0490559
0.0539068
0.0609446
0.114573
0.0977683
0.0863964
0.230521
0.198146
0.171158
0.139974
0.110549
0.0898587
0.120211
0.132067
0.148546
0.102649
0.0840294
0.0707278
0.0399869
0.0403256
0.0421868
0.0399869
0.0403256
0.0421868
0.0370714
0.0374502
0.0383074
0.0475918
0.0494311
0.0523581
0.0515272
0.0473073
0.0440719
0.0683951
0.0618116
0.056767
0.0683951
0.0618116
0.056767
0.0515272
0.0473072
0.0440718
0.0475918
0.0494311
0.0523581
0.0444195
0.041169
0.0394491
0.0671041
0.0715713
0.0774446
0.0569029
0.0644289
0.0747768
0.120211
0.132067
0.148546
0.139974
0.110549
0.0898588
0.230521
0.198146
0.171158
0.224556
0.17935
0.141487
0.114574
0.0977685
0.0863966
0.078589
0.0923774
0.112076
0.138621
0.16903
0.207671
0.138622
0.16903
0.207671
0.0785891
0.0923775
0.112076
0.264473
0.287161
0.284615
0.287726
0.28521
0.252033
-0.113548
0.101795
0.229203
-0.113548
0.101794
0.229202
0.287726
0.28521
0.252033
0.264474
0.287161
0.284615
0.224557
0.179351
0.141488
0.0569029
0.0644289
0.0747769
0.0671042
0.0715714
0.0774447
0.049056
0.0539069
0.0609447
0.114574
0.0977686
0.0863967
0.230522
0.198147
0.171159
0.139974
0.110549
0.089859
0.120211
0.132068
0.148547
0.10265
0.0840296
0.0707279
0.0399869
0.0403256
0.0421868
0.0399869
0.0403256
0.0421868
0.0475918
0.0494311
0.052358
0.0515272
0.0473073
0.0440718
0.0683951
0.0618116
0.056767
0.0683951
0.0618116
0.056767
0.0515272
0.0473073
0.0440718
0.0475918
0.0494311
0.052358
0.0671042
0.0715714
0.0774447
0.0569029
0.0644289
0.0747769
0.120211
0.132068
0.148547
0.139975
0.110549
0.089859
0.230523
0.198147
0.171159
0.224557
0.179351
0.141488
0.114574
0.0977687
0.0863967
0.0785891
0.0923776
0.112077
0.138622
0.169031
0.207672
0.138622
0.169031
0.207672
0.0785891
0.0923776
0.112076
0.264474
0.287162
0.284614
0.287726
0.285211
0.252034
-0.113561
0.101787
0.229199
-0.11356
0.101787
0.229199
0.287726
0.285211
0.252034
0.264474
0.287161
0.284614
0.224557
0.179351
0.141488
0.0569029
0.0644289
0.0747769
0.0671041
0.0715713
0.0774446
0.114574
0.0977686
0.0863966
0.230522
0.198147
0.171159
0.139974
0.110549
0.0898589
0.120211
0.132067
0.148546
0.130932
0.165234
0.20196
0.219219
0.226635
0.233361
0.180387
0.220506
0.243084
0.0294858
0.179727
0.220539
-0.16015
-0.270943
-0.402441
-0.257088
0.0497114
0.203443
-0.935813
-0.746076
-0.567576
-0.777786
-0.322358
0.0160481
0.173919
0.217452
0.233112
0.267567
0.277213
0.213313
-0.289806
-0.723442
-1.16873
-1.38813
-1.48455
-1.59724
-0.736397
-1.23149
-1.58587
-0.615064
-1.27381
-1.43447
0
0
0
-0.454747
-1.19441
-1.60448
0
0
0
-0.312935
-0.921098
-1.42438
-1.6713
-1.72799
-1.69484
-1.27689
-1.61395
-1.68721
-1.49332
-1.21817
-0.866507
-1.34144
-1.18381
-0.860895
-1.12753
-1.26998
-1.33872
0
0
0
-0.0285958
-0.182411
-0.473022
0
0
0
0.117162
0.298622
0.364899
0.211306
-0.0909885
-0.459148
-0.437488
-0.0372769
0.250292
-0.842377
-1.1282
-1.29689
0.0799607
-0.0675921
-0.27732
0.220084
0.0547414
-0.223642
-1.26403
-0.988788
-0.611835
-0.8539
-1.12115
-1.18749
-1.05703
-0.827259
-0.552352
-0.426104
-0.756453
-1.03906
-1.1798
-1.12895
-0.902727
-1.1798
-1.12895
-0.902727
-0.426104
-0.756453
-1.03906
-0.45346
-0.0659398
0.273112
0.264758
-0.103794
-0.519453
0.616127
0.624678
0.519777
0.616127
0.624678
0.519777
0.264759
-0.103794
-0.519452
-0.453459
-0.0659393
0.273113
-0.853899
-1.12115
-1.18749
0.425873
0.521343
0.522648
0.520526
0.606545
0.559274
0
0
0
0.0783246
0.244745
0.414851
0
0
0
0.0207317
0.0740848
0.151887
0.252916
0.356101
0.454053
0.519711
0.392758
0.263172
0.160008
0.096009
0.0512599
0.160008
0.096009
0.0512599
0.519711
0.392758
0.263172
0
0
0
0.00185241
0.0106288
0.0239063
0
0
0
0
0
0
0.00185241
0.0106288
0.0239063
0
0
0
0.0207317
0.0740849
0.151887
0.520526
0.606545
0.559274
0.425873
0.521343
0.522648
-0.437487
-0.0372761
0.250292
0.252916
0.356101
0.454053
0
0
0
0.0783246
0.244745
0.414851
0
0
0
0.117162
0.298621
0.364899
0.180387
0.220507
0.243085
0.21922
0.226635
0.233362
0.130933
0.165235
0.201961
0.267567
0.277213
0.213313
0.173918
0.217452
0.233112
-0.777788
-0.32236
0.016047
-0.935815
-0.746078
-0.567579
-0.25709
0.0497105
0.203443
-0.160152
-0.270946
-0.402443
0.0294847
0.179727
0.220539
0.220084
0.0547408
-0.223643
0.0799597
-0.0675932
-0.277322
-1.05703
-0.82726
-0.552353
-0.842376
-1.1282
-1.29689
-1.26403
-0.988789
-0.611837
-1.12753
-1.26998
-1.33872
-1.34143
-1.18381
-0.860894
-1.49332
-1.21817
-0.866506
-1.27689
-1.61395
-1.68721
0.211307
-0.0909878
-0.459146
0
0
0
-0.0285957
-0.18241
-0.473021
0
0
0
-0.312934
-0.921097
-1.42438
-0.7364
-1.23149
-1.58587
-1.38814
-1.48455
-1.59724
-0.289809
-0.723446
-1.16873
-1.6713
-1.72799
-1.69484
0
0
0
-0.454747
-1.19441
-1.60449
0
0
0
-0.615065
-1.27381
-1.43447
0.21922
0.226636
0.233362
0.180387
0.220507
0.243085
-0.160152
-0.270945
-0.402442
-0.257089
0.0497113
0.203444
-0.935813
-0.746076
-0.567577
-0.777785
-0.322358
0.0160486
0.173919
0.217452
0.233112
0.267567
0.277213
0.213314
-1.38814
-1.48455
-1.59724
-0.736398
-1.23149
-1.58587
0
0
0
-0.454748
-1.19442
-1.60449
0
0
0
-0.312936
-0.9211
-1.42438
-1.6713
-1.72799
-1.69484
-1.27689
-1.61395
-1.68721
-1.49332
-1.21817
-0.866512
-1.34144
-1.18382
-0.860901
-1.12753
-1.26997
-1.33872
0
0
0
-0.0285974
-0.182415
-0.473028
0
0
0
0.117161
0.29862
0.364895
0.2113
-0.0909957
-0.459154
-0.437498
-0.0372862
0.250285
-0.842385
-1.1282
-1.29689
0.0799613
-0.0675906
-0.277317
0.220085
0.0547434
-0.223639
-1.26403
-0.988785
-0.611832
-0.853908
-1.12115
-1.18749
-1.05703
-0.827254
-0.552348
-0.426097
-0.756446
-1.03905
-1.1798
-1.12896
-0.902742
-1.1798
-1.12896
-0.902744
-0.426095
-0.756441
-1.03905
-0.453472
-0.0659553
0.273097
0.264741
-0.103817
-0.519475
0.616132
0.624674
0.519767
0.616132
0.624673
0.519762
0.264732
-0.103823
-0.519478
-0.453499
-0.0659758
0.273085
-0.85393
-1.12116
-1.18749
0.425869
0.521342
0.522651
0.520517
0.606544
0.559278
0
0
0
0.0783265
0.244749
0.414856
0
0
0
0.0207329
0.0740885
0.151893
0.252924
0.35611
0.454059
0.519721
0.392769
0.263181
0.160015
0.0960144
0.0512634
0.160017
0.0960151
0.0512636
0.519721
0.39277
0.263184
0
0
0
0.00185262
0.0106297
0.0239082
0
0
0
0
0
0
0.00185264
0.0106298
0.0239083
0
0
0
0.0207334
0.07409
0.151895
0.52051
0.606541
0.559279
0.425852
0.521336
0.522652
-0.43753
-0.0373208
0.250256
0.252927
0.356114
0.454063
0
0
0
0.078328
0.244753
0.41486
0
0
0
0.11716
0.298612
0.364877
0.180386
0.220506
0.243084
0.219218
0.226634
0.233361
0.130932
0.165234
0.20196
0.267566
0.277213
0.213315
0.173921
0.217452
0.233111
-0.777776
-0.32235
0.0160525
-0.935804
-0.746068
-0.567571
-0.257085
0.0497123
0.203443
-0.160151
-0.270943
-0.402438
0.029484
0.179726
0.220538
0.220086
0.0547466
-0.223633
0.0799646
-0.0675852
-0.27731
-1.05702
-0.827245
-0.552339
-0.84241
-1.12822
-1.2969
-1.26403
-0.988776
-0.611822
-1.12752
-1.26997
-1.33872
-1.34145
-1.18384
-0.860938
-1.49334
-1.2182
-0.866549
-1.27688
-1.61395
-1.68722
0.21127
-0.091033
-0.459194
0
0
0
-0.0286081
-0.182444
-0.473066
0
0
0
-0.312944
-0.921119
-1.4244
-0.736392
-1.23148
-1.58587
-1.38813
-1.48455
-1.59723
-0.289808
-0.723443
-1.16873
-1.67131
-1.72799
-1.69484
0
0
0
-0.454749
-1.19442
-1.60448
0
0
0
-0.61506
-1.2738
-1.43447
0.219218
0.226634
0.23336
0.180386
0.220505
0.243083
-0.160151
-0.270942
-0.402436
-0.257083
0.0497133
0.203443
-0.935798
-0.746063
-0.567568
-0.777769
-0.322345
0.0160562
0.173922
0.217453
0.233111
0.267566
0.277213
0.213316
-1.38813
-1.48455
-1.59723
-0.736389
-1.23148
-1.58586
0
0
0
-0.454749
-1.19442
-1.60448
0
0
0
-0.312948
-0.921127
-1.42441
-1.67131
-1.728
-1.69484
-1.27688
-1.61395
-1.68722
-1.49335
-1.21822
-0.866568
-1.34145
-1.18386
-0.860958
-1.12751
-1.26996
-1.33872
0
0
0
-0.028613
-0.182457
-0.473085
0
0
0
0.117159
0.298608
0.364867
0.211254
-0.091053
-0.459216
-0.437552
-0.0373419
0.250239
-0.842427
-1.12823
-1.2969
0.0799683
-0.0675791
-0.277301
0.220089
0.0547525
-0.223624
-1.26403
-0.988768
-0.611812
-0.853946
-1.12117
-1.18749
-1.05701
-0.827235
-0.552328
-0.426084
-0.75643
-1.03904
-1.1798
-1.12897
-0.902764
-1.1798
-1.12897
-0.902764
-0.426084
-0.75643
-1.03904
-0.453521
-0.0659991
0.273065
0.264711
-0.103851
-0.519506
0.616137
0.62467
0.519749
0.616137
0.62467
0.519749
0.264711
-0.103851
-0.519506
-0.453522
-0.0659999
0.273064
-0.853947
-1.12117
-1.18749
0.425842
0.521332
0.522654
0.520498
0.606538
0.559282
0
0
0
0.0783297
0.244757
0.414866
0
0
0
0.0207343
0.0740929
0.151901
0.252935
0.356122
0.45407
0.519731
0.392781
0.263192
0.160023
0.0960196
0.0512664
0.160023
0.0960196
0.0512664
0.519731
0.392781
0.263192
0
0
0
0.00185277
0.0106304
0.0239097
0
0
0
0
0
0
0.00185276
0.0106304
0.0239097
0
0
0
0.0207342
0.0740928
0.151901
0.520498
0.606537
0.559282
0.425841
0.521332
0.522654
-0.437553
-0.0373436
0.250238
0.252935
0.356122
0.45407
0
0
0
0.0783296
0.244757
0.414865
0
0
0
0.117159
0.298608
0.364866
0.180386
0.220505
0.243083
0.219218
0.226634
0.23336
0.130932
0.165234
0.20196
0.267565
0.277213
0.213316
0.173922
0.217453
0.233111
-0.777769
-0.322344
0.0160563
-0.935798
-0.746063
-0.567567
-0.257083
0.0497132
0.203443
-0.160151
-0.270942
-0.402436
0.0294838
0.179725
0.220538
0.220089
0.0547525
-0.223624
0.0799683
-0.0675789
-0.277301
-1.05701
-0.827235
-0.552328
-0.842428
-1.12823
-1.2969
-1.26403
-0.988767
-0.611812
-1.12751
-1.26996
-1.33872
-1.34146
-1.18386
-0.86096
-1.49336
-1.21822
-0.866571
-1.27688
-1.61395
-1.68723
0.211252
-0.0910553
-0.459218
0
0
0
-0.0286138
-0.182459
-0.473088
0
0
0
-0.312949
-0.921129
-1.42441
-0.736388
-1.23148
-1.58586
-1.38813
-1.48455
-1.59723
-0.289809
-0.723444
-1.16873
-1.67131
-1.728
-1.69484
0
0
0
-0.454749
-1.19442
-1.60448
0
0
0
-0.61506
-1.2738
-1.43447
0.219218
0.226634
0.233361
0.180386
0.220506
0.243084
-0.160152
-0.270943
-0.402438
-0.257084
0.0497127
0.203443
-0.935802
-0.746066
-0.56757
-0.777774
-0.322348
0.0160541
0.173922
0.217453
0.233112
0.267566
0.277213
0.213315
-1.38813
-1.48455
-1.59723
-0.736391
-1.23148
-1.58587
0
0
0
-0.454749
-1.19442
-1.60448
0
0
0
-0.312945
-0.921119
-1.4244
-1.67131
-1.72799
-1.69484
-1.27688
-1.61395
-1.68722
-1.49335
-1.2182
-0.866551
-1.34145
-1.18385
-0.860941
-1.12752
-1.26997
-1.33872
0
0
0
-0.0286081
-0.182444
-0.473067
0
0
0
0.11716
0.298612
0.364876
0.211269
-0.091035
-0.459197
-0.437536
-0.0373247
0.250254
-0.842414
-1.12822
-1.2969
0.0799663
-0.0675824
-0.277306
0.220088
0.0547501
-0.223628
-1.26403
-0.988773
-0.611817
-0.853935
-1.12116
-1.18749
-1.05702
-0.82724
-0.552334
-0.426086
-0.756433
-1.03904
-1.1798
-1.12896
-0.902749
-1.1798
-1.12896
-0.902748
-0.426088
-0.756438
-1.03905
-0.453504
-0.0659806
0.273081
0.264729
-0.103829
-0.519484
0.616133
0.624673
0.51976
0.616132
0.624674
0.519765
0.264738
-0.103822
-0.519481
-0.453478
-0.0659603
0.273094
-0.853913
-1.12115
-1.18749
0.425851
0.521335
0.522652
0.520508
0.60654
0.559279
0
0
0
0.0783281
0.244753
0.414861
0
0
0
0.0207334
0.0740901
0.151895
0.252928
0.356114
0.454064
0.519722
0.392771
0.263184
0.160017
0.0960153
0.0512637
0.160015
0.0960145
0.0512635
0.519721
0.392769
0.263182
0
0
0
0.00185264
0.0106298
0.0239083
0
0
0
0
0
0
0.00185262
0.0106297
0.0239082
0
0
0
0.0207329
0.0740886
0.151893
0.520515
0.606544
0.559278
0.425868
0.521342
0.522652
-0.437504
-0.0372901
0.250283
0.252924
0.35611
0.45406
0
0
0
0.0783266
0.24475
0.414857
0
0
0
0.117162
0.29862
0.364895
0.180387
0.220507
0.243085
0.21922
0.226636
0.233362
0.130933
0.165235
0.201961
0.267567
0.277213
0.213315
0.173921
0.217453
0.233113
-0.777782
-0.322354
0.0160509
-0.93581
-0.746073
-0.567576
-0.257087
0.0497121
0.203444
-0.160152
-0.270944
-0.402441
0.0294847
0.179727
0.220539
0.220088
0.0547474
-0.223634
0.0799636
-0.0675871
-0.277313
-1.05702
-0.827248
-0.552342
-0.84239
-1.12821
-1.29689
-1.26403
-0.98878
-0.611826
-1.12752
-1.26997
-1.33871
-1.34144
-1.18382
-0.860903
-1.49332
-1.21817
-0.866514
-1.27689
-1.61395
-1.68721
0.211299
-0.0909975
-0.459156
0
0
0
-0.0285975
-0.182416
-0.473029
0
0
0
-0.312936
-0.921101
-1.42439
-0.736397
-1.23149
-1.58587
-1.38814
-1.48455
-1.59724
-0.289809
-0.723446
-1.16873
-1.6713
-1.72799
-1.69484
0
0
0
-0.454748
-1.19442
-1.60449
0
0
0
-0.615065
-1.27381
-1.43447
0.21922
0.226635
0.233362
0.180387
0.220507
0.243085
-0.160152
-0.270946
-0.402443
-0.25709
0.0497105
0.203443
-0.935815
-0.746078
-0.567579
-0.777788
-0.32236
0.016047
0.173918
0.217452
0.233112
0.267567
0.277213
0.213313
-1.38814
-1.48455
-1.59724
-0.7364
-1.23149
-1.58587
0
0
0
-0.454747
-1.19441
-1.60449
0
0
0
-0.312934
-0.921097
-1.42438
-1.6713
-1.72799
-1.69484
-1.27689
-1.61395
-1.68721
-1.49332
-1.21817
-0.866506
-1.34143
-1.18381
-0.860894
-1.12753
-1.26998
-1.33872
0
0
0
-0.0285957
-0.18241
-0.473021
0
0
0
0.117162
0.298621
0.364899
0.211307
-0.0909878
-0.459146
-0.437487
-0.0372761
0.250292
-0.842376
-1.1282
-1.29689
0.0799597
-0.0675932
-0.277322
0.220084
0.0547408
-0.223643
-1.26403
-0.988789
-0.611837
-0.853899
-1.12115
-1.18749
-1.05703
-0.82726
-0.552353
-0.426104
-0.756453
-1.03906
-1.1798
-1.12895
-0.902727
-1.1798
-1.12895
-0.902727
-0.426104
-0.756453
-1.03906
-0.453459
-0.0659393
0.273113
0.264759
-0.103794
-0.519452
0.616127
0.624678
0.519777
0.616127
0.624678
0.519777
0.264758
-0.103794
-0.519453
-0.45346
-0.0659398
0.273112
-0.8539
-1.12115
-1.18749
0.425873
0.521343
0.522648
0.520526
0.606545
0.559274
0
0
0
0.0783246
0.244745
0.414851
0
0
0
0.0207317
0.0740849
0.151887
0.252916
0.356101
0.454053
0.519711
0.392758
0.263172
0.160008
0.096009
0.0512599
0.160008
0.0960089
0.0512599
0.519711
0.392758
0.263172
0
0
0
0.00185241
0.0106288
0.0239063
0
0
0
0
0
0
0.00185241
0.0106288
0.0239063
0
0
0
0.0207317
0.0740848
0.151887
0.520526
0.606545
0.559274
0.425873
0.521343
0.522648
-0.437488
-0.0372769
0.250292
0.252916
0.356101
0.454053
0
0
0
0.0783246
0.244745
0.414851
0
0
0
0.117162
0.298622
0.364899
0.180387
0.220506
0.243084
0.219219
0.226635
0.233361
0.267567
0.277213
0.213313
0.173919
0.217452
0.233112
-0.777786
-0.322358
0.0160481
-0.935813
-0.746076
-0.567576
-0.257088
0.0497114
0.203443
-0.16015
-0.270943
-0.402441
0.220084
0.0547414
-0.223642
0.0799607
-0.0675921
-0.27732
-1.05703
-0.827259
-0.552352
-0.842377
-1.1282
-1.29689
-1.26403
-0.988788
-0.611835
-1.12753
-1.26998
-1.33872
-1.34144
-1.18381
-0.860895
-1.49332
-1.21817
-0.866507
-1.27689
-1.61395
-1.68721
0.211306
-0.0909885
-0.459148
0
0
0
-0.0285958
-0.182411
-0.473022
0
0
0
-0.312935
-0.921098
-1.42438
-0.736397
-1.23149
-1.58587
-1.38813
-1.48455
-1.59724
-1.6713
-1.72799
-1.69484
0
0
0
-0.454747
-1.19441
-1.60448
0
0
0
0.0372427
0.0378433
0.0389582
0.0378433
0.0384884
0.0397572
0.0389582
0.0397572
0.0413649
0.0406648
0.0430926
0.0456227
0.0415671
0.0438174
0.047322
0.0434888
0.0463186
0.0497015
0.0458681
0.0489588
0.0531278
0.0489587
0.0530733
0.0578176
0.0531279
0.0578176
0.0640242
0.0406648
0.0415671
0.0434888
0.0430927
0.0438174
0.0463185
0.0456227
0.047322
0.0497015
0.0498092
0.0550846
0.062361
0.0519379
0.0579069
0.0659571
0.0549853
0.0619065
0.0710903
0.0726715
0.0868184
0.10669
0.0777165
0.0939335
0.116624
0.0849059
0.103915
0.130519
0.0954572
0.118638
0.150499
0.109519
0.137666
0.175637
0.128637
0.163209
0.206356
0.0593923
0.0676368
0.0785939
0.0652058
0.0750412
0.0887156
0.0732775
0.0852585
0.102587
0.0849276
0.100756
0.123258
0.100756
0.121489
0.150299
0.123258
0.150299
0.185734
0.156295
0.197365
0.243014
0.190419
0.234869
0.275212
0.230318
0.271091
0.291698
0.271302
0.292568
0.269886
0.292568
0.273085
0.185063
0.269885
0.185063
0.0142119
0.156295
0.190419
0.230318
0.197365
0.234869
0.271091
0.243014
0.275212
0.291698
0.0498093
0.051938
0.0549853
0.0550847
0.057907
0.0619065
0.0623611
0.0659572
0.0710903
0.0593923
0.0652058
0.0732775
0.0676368
0.0750412
0.0852585
0.0785939
0.0887157
0.102587
0.0954574
0.109519
0.128637
0.118639
0.137667
0.16321
0.150499
0.175637
0.206357
0.0726716
0.0777166
0.084906
0.0868186
0.0939336
0.103915
0.106691
0.116624
0.13052
0.0372427
0.0378433
0.0389582
0.0378433
0.0384884
0.0397572
0.0389582
0.0397572
0.0413649
0.0406648
0.0430927
0.0456227
0.0415671
0.0438174
0.047322
0.0434888
0.0463186
0.0497015
0.0458681
0.0489588
0.0531279
0.0489588
0.0530733
0.0578176
0.0531279
0.0578176
0.0640243
0.0406648
0.0415671
0.0434888
0.0430926
0.0438174
0.0463186
0.0456227
0.047322
0.0497015
0.0498093
0.0550847
0.0623611
0.051938
0.057907
0.0659572
0.0549853
0.0619065
0.0710904
0.0726716
0.0868186
0.106691
0.0777166
0.0939337
0.116625
0.0849061
0.103915
0.13052
0.0954574
0.118639
0.150499
0.109519
0.137667
0.175637
0.128637
0.163209
0.206357
0.0593924
0.0676369
0.078594
0.0652058
0.0750412
0.0887157
0.0732775
0.0852585
0.102587
0.0849276
0.100756
0.123258
0.100756
0.121489
0.150299
0.123258
0.150299
0.185734
0.156295
0.197365
0.243014
0.190419
0.234868
0.275212
0.230317
0.271091
0.291698
0.271302
0.292568
0.269886
0.292568
0.273085
0.185065
0.269886
0.185065
0.014216
0.156295
0.190419
0.230317
0.197365
0.234868
0.271091
0.243013
0.275211
0.291698
0.0498092
0.051938
0.0549853
0.0550846
0.0579069
0.0619065
0.062361
0.0659571
0.0710902
0.0593923
0.0652058
0.0732775
0.0676368
0.0750412
0.0852585
0.0785939
0.0887156
0.102587
0.0954572
0.109519
0.128637
0.118638
0.137666
0.163209
0.150499
0.175637
0.206356
0.0726714
0.0777165
0.0849059
0.0868184
0.0939334
0.103915
0.10669
0.116624
0.130519
0.0372427
0.0378433
0.0389582
0.0378433
0.0384884
0.0397572
0.0389582
0.0397572
0.0413649
0.0406648
0.0430926
0.0456227
0.0415671
0.0438174
0.047322
0.0434888
0.0463185
0.0497015
0.045868
0.0489587
0.0531278
0.0489587
0.0530732
0.0578175
0.0531278
0.0578175
0.0640241
0.0406648
0.0415671
0.0434888
0.0430926
0.0438174
0.0463185
0.0456227
0.047322
0.0497015
0.0498092
0.0550846
0.062361
0.0519379
0.0579069
0.065957
0.0549852
0.0619064
0.0710901
0.0726714
0.0868183
0.10669
0.0777164
0.0939333
0.116624
0.0849057
0.103915
0.130519
0.0954569
0.118638
0.150498
0.109518
0.137666
0.175636
0.128636
0.163208
0.206355
0.0593922
0.0676367
0.0785937
0.0652056
0.075041
0.0887153
0.0732773
0.0852582
0.102586
0.0849273
0.100755
0.123257
0.100755
0.121488
0.150298
0.123257
0.150298
0.185733
0.156294
0.197364
0.243012
0.190418
0.234867
0.275211
0.230316
0.27109
0.291698
0.271301
0.292568
0.269888
0.292568
0.273087
0.185069
0.269888
0.185069
0.0142231
0.156294
0.190418
0.230316
0.197364
0.234867
0.27109
0.243012
0.275211
0.291698
0.0498092
0.0519379
0.0549852
0.0550846
0.0579069
0.0619064
0.062361
0.065957
0.0710901
0.0593922
0.0652056
0.0732773
0.0676367
0.075041
0.0852582
0.0785937
0.0887153
0.102586
0.0954569
0.109518
0.128636
0.118638
0.137666
0.163208
0.150498
0.175636
0.206355
0.0726714
0.0777164
0.0849057
0.0868183
0.0939333
0.103915
0.10669
0.116624
0.130519
0.0372427
0.0378433
0.0389582
0.0378433
0.0384884
0.0397572
0.0389582
0.0397572
0.0413649
0.0406648
0.0430926
0.0456227
0.0415671
0.0438174
0.047322
0.0434888
0.0463186
0.0497015
0.0458681
0.0489587
0.0531278
0.0489588
0.0530733
0.0578176
0.0531279
0.0578176
0.0640242
0.0406648
0.0415671
0.0434888
0.0430927
0.0438174
0.0463186
0.0456227
0.047322
0.0497015
0.0498092
0.0550846
0.062361
0.0519379
0.0579069
0.0659571
0.0549853
0.0619065
0.0710902
0.0726714
0.0868183
0.10669
0.0777164
0.0939334
0.116624
0.0849058
0.103915
0.130519
0.0954571
0.118638
0.150499
0.109519
0.137666
0.175637
0.128636
0.163209
0.206355
0.0593923
0.0676368
0.0785938
0.0652058
0.0750411
0.0887155
0.0732774
0.0852584
0.102586
0.0849275
0.100756
0.123258
0.100756
0.121489
0.150299
0.123258
0.150299
0.185733
0.156295
0.197364
0.243013
0.190419
0.234868
0.275211
0.230317
0.27109
0.291698
0.271302
0.292568
0.269887
0.292568
0.273086
0.185068
0.269887
0.185068
0.0142217
0.156295
0.190419
0.230317
0.197365
0.234868
0.27109
0.243013
0.275211
0.291698
0.0498093
0.051938
0.0549853
0.0550847
0.057907
0.0619065
0.0623611
0.0659572
0.0710903
0.0593923
0.0652058
0.0732775
0.0676368
0.0750411
0.0852584
0.0785939
0.0887156
0.102586
0.0954573
0.109519
0.128637
0.118638
0.137666
0.163209
0.150499
0.175637
0.206356
0.0726716
0.0777166
0.084906
0.0868186
0.0939336
0.103915
0.106691
0.116624
0.130519
0.0372427
0.0378433
0.0389582
0.0378433
0.0384884
0.0397572
0.0389582
0.0397572
0.0413649
0.0406648
0.0430927
0.0456227
0.0415671
0.0438174
0.047322
0.0434888
0.0463185
0.0497015
0.0458681
0.0489587
0.0531279
0.0489588
0.0530733
0.0578176
0.0531278
0.0578176
0.0640242
0.0406648
0.0415671
0.0434888
0.0430926
0.0438174
0.0463186
0.0456227
0.047322
0.0497015
0.0498093
0.0550847
0.0623611
0.051938
0.057907
0.0659572
0.0549853
0.0619065
0.0710903
0.0726716
0.0868186
0.106691
0.0777166
0.0939336
0.116624
0.084906
0.103915
0.13052
0.0954574
0.118639
0.150499
0.109519
0.137667
0.175637
0.128637
0.16321
0.206357
0.0593923
0.0676368
0.0785939
0.0652058
0.0750412
0.0887157
0.0732775
0.0852585
0.102587
0.0849276
0.100756
0.123258
0.100756
0.121489
0.150299
0.123258
0.150299
0.185734
0.156295
0.197365
0.243014
0.190419
0.234869
0.275212
0.230318
0.271091
0.291698
0.271302
0.292568
0.269885
0.292568
0.273085
0.185063
0.269886
0.185063
0.0142119
0.156295
0.190419
0.230318
0.197365
0.234869
0.271091
0.243014
0.275212
0.291698
0.0498092
0.0519379
0.0549853
0.0550846
0.0579069
0.0619065
0.062361
0.0659571
0.0710903
0.0593923
0.0652058
0.0732775
0.0676368
0.0750412
0.0852585
0.0785939
0.0887156
0.102587
0.0954572
0.109519
0.128637
0.118638
0.137666
0.163209
0.150499
0.175637
0.206356
0.0726715
0.0777165
0.0849059
0.0868184
0.0939335
0.103915
0.10669
0.116624
0.130519
0.136342
0.172077
0.207446
0.150079
0.187942
0.220598
0.168281
0.208439
0.235285
0.219985
0.164663
-0.00822858
0.21763
0.130138
-0.0909765
0.210746
0.0827284
-0.193436
0.191237
0.00993584
-0.329205
0.150563
-0.0908193
-0.487707
0.0745478
-0.230875
-0.673086
0.193589
0.233535
0.249105
0.222334
0.25759
0.252699
0.252744
0.274765
0.235663
-0.35388
-0.801758
-1.23362
-0.489605
-0.961724
-1.36803
-0.645837
-1.13666
-1.51234
-1.44558
-1.22191
-0.51091
-1.49905
-1.1807
-0.463997
-1.56947
-1.19161
-0.457293
-1.62641
-1.18908
-0.445905
-1.61764
-1.13547
-0.41255
-1.51763
-1.01343
-0.353437
-0.831164
-1.32469
-1.65065
-1.017
-1.48205
-1.7321
-1.19456
-1.5888
-1.72996
-1.3448
-1.6134
-1.61189
-1.41991
-1.5295
-1.38395
-1.3991
-1.33147
-1.05954
-1.30341
-0.812178
-0.266712
-1.01094
-0.571959
-0.170708
-0.663551
-0.314036
-0.0748559
-0.2862
-0.0603481
0.0129043
0.031979
0.132137
0.0739589
0.274695
0.259383
0.10898
-1.25072
-1.01047
-0.652313
-0.991005
-0.63354
-0.255969
-0.641561
-0.23625
0.0974012
0.279576
0.271975
0.178673
0.287019
0.231665
0.0699786
0.257869
0.134661
-0.104605
-0.0577576
-0.425118
-0.884145
-0.240862
-0.645132
-1.07428
-0.474994
-0.875865
-1.21943
-0.750879
-1.08623
-1.2794
-0.992368
-1.20175
-1.21186
-1.15445
-1.18873
-1.00992
0.162457
-0.0465913
-0.359177
-0.00975792
-0.295121
-0.643236
-0.265009
-0.594814
-0.919231
-0.596699
-0.906824
-1.12776
-0.906824
-1.11985
-1.17697
-1.12776
-1.17697
-1.04429
-1.17662
-1.01101
-0.672237
-1.02565
-0.703136
-0.286536
-0.722244
-0.314831
0.0920194
-0.303066
0.0955362
0.408287
0.0955363
0.403921
0.585223
0.408287
0.585223
0.633966
-1.17662
-1.02565
-0.722244
-1.01101
-0.703136
-0.31483
-0.672236
-0.286535
0.0920197
-0.230442
0.143003
0.375677
0.13452
0.413729
0.5273
0.416945
0.570897
0.571872
0.428054
0.319457
0.119446
0.476334
0.317067
0.11051
0.450153
0.275192
0.0908289
0.372107
0.21116
0.0661344
0.279685
0.149232
0.0446695
0.192028
0.0965141
0.0277073
0.589228
0.613222
0.527107
0.629392
0.561361
0.432559
0.574464
0.456257
0.321276
0.456602
0.327792
0.212208
0.327792
0.217211
0.130251
0.212208
0.130251
0.0735302
0.117549
0.055721
0.0152859
0.067468
0.0303483
0.00802235
0.0357965
0.0151504
0.00388074
0.016465
0.00642876
0.00191636
0.00642876
0.00265411
0.000386201
0.00191637
0.000386202
0.000424402
0.117549
0.067468
0.0357966
0.055721
0.0303484
0.0151504
0.0152859
0.00802236
0.00388074
-0.230442
0.134521
0.416946
0.143004
0.41373
0.570897
0.375678
0.5273
0.571872
0.589228
0.629392
0.574464
0.613222
0.561361
0.456257
0.527107
0.432559
0.321277
0.372107
0.279685
0.192028
0.21116
0.149232
0.0965142
0.0661344
0.0446695
0.0277073
0.428054
0.476334
0.450153
0.319457
0.317067
0.275192
0.119446
0.11051
0.090829
0.136342
0.150079
0.168282
0.172077
0.187942
0.208439
0.207446
0.220598
0.235286
0.193589
0.222334
0.252744
0.233535
0.25759
0.274766
0.249105
0.252699
0.235663
0.191237
0.150562
0.0745468
0.00993476
-0.0908206
-0.230876
-0.329207
-0.487709
-0.673088
0.219986
0.21763
0.210746
0.164663
0.130137
0.0827277
-0.00822987
-0.0909781
-0.193438
0.279576
0.287019
0.257869
0.271975
0.231665
0.134661
0.178672
0.0699776
-0.104606
0.162457
-0.00975829
-0.265009
-0.0465921
-0.295122
-0.594814
-0.359178
-0.643237
-0.919232
-0.75088
-0.992369
-1.15445
-1.08624
-1.20175
-1.18873
-1.2794
-1.21186
-1.00991
-0.0577589
-0.240863
-0.474995
-0.42512
-0.645134
-0.875866
-0.884147
-1.07428
-1.21943
-1.34481
-1.41991
-1.3991
-1.6134
-1.5295
-1.33147
-1.61189
-1.38394
-1.05954
-1.25072
-0.991004
-0.64156
-1.01047
-0.633539
-0.236249
-0.652312
-0.255968
0.0974018
-0.286199
0.0319795
0.274695
-0.0603477
0.132137
0.259383
0.0129044
0.0739589
0.108979
-1.30341
-1.01094
-0.663549
-0.812177
-0.571958
-0.314035
-0.266712
-0.170708
-0.0748558
-0.353883
-0.489608
-0.64584
-0.801763
-0.961728
-1.13666
-1.23363
-1.36803
-1.51234
-0.831166
-1.017
-1.19456
-1.3247
-1.48205
-1.5888
-1.65065
-1.7321
-1.72996
-1.62641
-1.61764
-1.51763
-1.18908
-1.13547
-1.01343
-0.445905
-0.41255
-0.353437
-1.44559
-1.49906
-1.56948
-1.22192
-1.18071
-1.19161
-0.510911
-0.463998
-0.457294
0.136342
0.172077
0.207447
0.150079
0.187942
0.220599
0.168282
0.208439
0.235286
0.219986
0.164663
-0.00822971
0.217631
0.130138
-0.0909776
0.210746
0.0827283
-0.193437
0.191238
0.00993573
-0.329206
0.150563
-0.0908192
-0.487707
0.0745481
-0.230874
-0.673085
0.193589
0.233535
0.249105
0.222334
0.25759
0.252699
0.252744
0.274766
0.235663
-0.353883
-0.801763
-1.23363
-0.489608
-0.961728
-1.36803
-0.645839
-1.13666
-1.51234
-1.44559
-1.22192
-0.510911
-1.49906
-1.18071
-0.463999
-1.56948
-1.19161
-0.457294
-1.62641
-1.18908
-0.445906
-1.61764
-1.13547
-0.412551
-1.51763
-1.01343
-0.353438
-0.831165
-1.3247
-1.65065
-1.017
-1.48205
-1.7321
-1.19456
-1.5888
-1.72996
-1.3448
-1.6134
-1.61189
-1.41991
-1.52951
-1.38395
-1.3991
-1.33147
-1.05954
-1.30342
-0.81218
-0.266713
-1.01095
-0.571963
-0.17071
-0.663556
-0.31404
-0.0748576
-0.286206
-0.0603524
0.0129028
0.0319728
0.132134
0.0739577
0.27469
0.259381
0.108979
-1.25072
-1.01047
-0.65232
-0.991011
-0.633548
-0.255977
-0.64157
-0.236259
0.0973935
0.279576
0.271975
0.178673
0.287019
0.231665
0.0699796
0.25787
0.134663
-0.104603
-0.0577568
-0.425117
-0.884144
-0.24086
-0.64513
-1.07428
-0.474991
-0.875862
-1.21943
-0.750874
-1.08623
-1.2794
-0.992364
-1.20175
-1.21187
-1.15445
-1.18873
-1.00992
0.162459
-0.0465884
-0.359173
-0.00975433
-0.295117
-0.643231
-0.265003
-0.594807
-0.919226
-0.59669
-0.906816
-1.12776
-0.906813
-1.11985
-1.17697
-1.12776
-1.17697
-1.0443
-1.17662
-1.01101
-0.672248
-1.02566
-0.703151
-0.286552
-0.722262
-0.314851
0.0920013
-0.303092
0.0955139
0.408272
0.0955098
0.403903
0.585215
0.408267
0.585214
0.633967
-1.17663
-1.02566
-0.722267
-1.01103
-0.703164
-0.314861
-0.67227
-0.286571
0.0919888
-0.230454
0.142993
0.375671
0.134506
0.413721
0.527296
0.416934
0.570893
0.571873
0.428051
0.319457
0.119446
0.476335
0.31707
0.110511
0.450157
0.275196
0.0908307
0.372114
0.211165
0.0661363
0.279692
0.149237
0.0446712
0.192035
0.0965183
0.0277086
0.589222
0.613223
0.527112
0.629393
0.561367
0.432568
0.574471
0.456267
0.321286
0.456614
0.327803
0.212217
0.327804
0.217221
0.130258
0.212218
0.130258
0.0735351
0.117554
0.0557241
0.0152868
0.067472
0.0303504
0.00802296
0.0357992
0.0151517
0.00388108
0.0164665
0.00642938
0.00191654
0.00642941
0.00265438
0.000386276
0.00191655
0.000386281
0.000424398
0.117556
0.0674728
0.0357994
0.0557251
0.0303509
0.0151518
0.0152871
0.00802312
0.00388114
-0.230483
0.134486
0.416922
0.142965
0.413704
0.570886
0.375649
0.527286
0.571871
0.589218
0.629393
0.574472
0.613222
0.56137
0.456269
0.527115
0.432572
0.321289
0.372118
0.279696
0.192038
0.211169
0.14924
0.0965203
0.0661377
0.0446723
0.0277093
0.428039
0.476332
0.45016
0.319453
0.31707
0.275199
0.119446
0.110512
0.0908323
0.136342
0.150078
0.168281
0.172076
0.187941
0.208438
0.207445
0.220597
0.235284
0.193588
0.222333
0.252743
0.233534
0.257589
0.274765
0.249104
0.252699
0.235664
0.191237
0.150564
0.0745509
0.00993752
-0.0908155
-0.230868
-0.329201
-0.4877
-0.673077
0.219984
0.217629
0.210745
0.164662
0.130137
0.0827286
-0.00822992
-0.0909766
-0.193434
0.279576
0.287019
0.25787
0.271975
0.231667
0.134665
0.178675
0.0699833
-0.104597
0.16246
-0.0097527
-0.265001
-0.0465846
-0.295112
-0.594802
-0.359166
-0.643223
-0.919219
-0.750865
-0.992356
-1.15445
-1.08622
-1.20174
-1.18874
-1.2794
-1.21188
-1.00994
-0.0577517
-0.240853
-0.474982
-0.425109
-0.64512
-0.875852
-0.884134
-1.07427
-1.21942
-1.3448
-1.41991
-1.3991
-1.6134
-1.52952
-1.33149
-1.6119
-1.38397
-1.05958
-1.25074
-0.991036
-0.6416
-1.0105
-0.633584
-0.236296
-0.652359
-0.256016
0.0973596
-0.286244
0.0319397
0.274666
-0.060379
0.132113
0.259368
0.0128932
0.0739509
0.108976
-1.30344
-1.01098
-0.663593
-0.812203
-0.57199
-0.314069
-0.266723
-0.170721
-0.0748688
-0.353881
-0.489604
-0.645833
-0.801759
-0.961722
-1.13665
-1.23362
-1.36802
-1.51234
-0.831157
-1.01699
-1.19455
-1.32469
-1.48204
-1.5888
-1.65065
-1.7321
-1.72997
-1.62641
-1.61764
-1.51764
-1.18908
-1.13547
-1.01345
-0.445908
-0.412555
-0.353445
-1.44558
-1.49905
-1.56947
-1.22191
-1.1807
-1.19161
-0.510909
-0.463998
-0.457294
0.136341
0.172076
0.207445
0.150078
0.187941
0.220597
0.16828
0.208438
0.235284
0.219984
0.164662
-0.00822975
0.217629
0.130137
-0.0909759
0.210745
0.0827292
-0.193433
0.191238
0.00993902
-0.329199
0.150565
-0.0908126
-0.487695
0.0745536
-0.230863
-0.673071
0.193588
0.233533
0.249104
0.222333
0.257588
0.252699
0.252743
0.274765
0.235664
-0.353881
-0.801758
-1.23362
-0.489603
-0.96172
-1.36802
-0.64583
-1.13665
-1.51233
-1.44558
-1.22191
-0.510909
-1.49905
-1.1807
-0.463998
-1.56947
-1.19161
-0.457295
-1.62641
-1.18909
-0.445909
-1.61764
-1.13548
-0.412557
-1.51765
-1.01345
-0.353448
-0.831154
-1.32468
-1.65064
-1.01699
-1.48204
-1.7321
-1.19454
-1.58879
-1.72997
-1.34479
-1.6134
-1.61191
-1.41991
-1.52952
-1.38399
-1.39911
-1.3315
-1.0596
-1.30345
-0.812213
-0.266727
-1.01099
-0.572002
-0.170726
-0.663612
-0.314082
-0.074874
-0.286263
-0.0603919
0.0128887
0.0319226
0.132103
0.0739477
0.274653
0.259362
0.108974
-1.25075
-1.01052
-0.65238
-0.991052
-0.633605
-0.256038
-0.641621
-0.236318
0.0973406
0.279575
0.271976
0.178677
0.287019
0.231669
0.069988
0.257872
0.13467
-0.10459
-0.0577468
-0.425102
-0.884127
-0.240845
-0.645112
-1.07427
-0.474972
-0.875843
-1.21942
-0.750854
-1.08622
-1.2794
-0.992347
-1.20174
-1.21188
-1.15444
-1.18874
-1.00995
0.162464
-0.0465771
-0.359156
-0.00974541
-0.295102
-0.643212
-0.264991
-0.59479
-0.919209
-0.596676
-0.906802
-1.12775
-0.906802
-1.11984
-1.17697
-1.12775
-1.17697
-1.04432
-1.17663
-1.01104
-0.67229
-1.02568
-0.703185
-0.286595
-0.722291
-0.314888
0.0919651
-0.303123
0.0954829
0.408249
0.0954828
0.403882
0.585205
0.408249
0.585204
0.633967
-1.17663
-1.02568
-0.722291
-1.01104
-0.703185
-0.314888
-0.672291
-0.286596
0.0919646
-0.230506
0.142945
0.375636
0.134465
0.41369
0.52728
0.416907
0.570879
0.571872
0.428033
0.319451
0.119446
0.476331
0.317072
0.110513
0.450163
0.275203
0.0908339
0.372125
0.211173
0.0661394
0.279703
0.149244
0.0446737
0.192044
0.0965238
0.0277104
0.589211
0.613223
0.527121
0.629394
0.561376
0.43258
0.57448
0.456279
0.321298
0.456625
0.327814
0.212226
0.327814
0.21723
0.130264
0.212226
0.130264
0.073539
0.117561
0.0557276
0.0152878
0.067476
0.0303524
0.00802353
0.0358013
0.0151527
0.00388135
0.0164675
0.00642982
0.00191666
0.00642982
0.00265454
0.000386317
0.00191666
0.000386316
0.000424405
0.117561
0.067476
0.0358013
0.0557275
0.0303524
0.0151527
0.0152878
0.00802352
0.00388135
-0.230507
0.134464
0.416906
0.142944
0.413689
0.570878
0.375634
0.527279
0.571871
0.589211
0.629394
0.57448
0.613223
0.561376
0.456279
0.527121
0.43258
0.321298
0.372125
0.279703
0.192044
0.211173
0.149244
0.0965237
0.0661393
0.0446737
0.0277104
0.428032
0.476331
0.450163
0.319451
0.317072
0.275203
0.119446
0.110513
0.0908337
0.136341
0.150078
0.16828
0.172076
0.187941
0.208438
0.207445
0.220597
0.235284
0.193588
0.222333
0.252743
0.233533
0.257588
0.274765
0.249103
0.252699
0.235664
0.191238
0.150565
0.0745536
0.00993898
-0.0908126
-0.230863
-0.329198
-0.487695
-0.673071
0.219984
0.217629
0.210745
0.164661
0.130137
0.0827291
-0.00822997
-0.090976
-0.193433
0.279575
0.287019
0.257872
0.271976
0.231669
0.13467
0.178677
0.069988
-0.10459
0.162464
-0.00974541
-0.264991
-0.046577
-0.295101
-0.59479
-0.359155
-0.643211
-0.919209
-0.750854
-0.992347
-1.15444
-1.08622
-1.20174
-1.18874
-1.2794
-1.21188
-1.00995
-0.0577467
-0.240845
-0.474972
-0.425102
-0.645111
-0.875843
-0.884127
-1.07427
-1.21942
-1.34479
-1.41991
-1.39911
-1.6134
-1.52953
-1.33151
-1.61191
-1.38399
-1.0596
-1.25075
-0.991053
-0.641622
-1.01052
-0.633607
-0.23632
-0.652383
-0.25604
0.0973387
-0.286266
0.0319205
0.274652
-0.0603938
0.132101
0.259361
0.012888
0.0739472
0.108974
-1.30345
-1.011
-0.663614
-0.812215
-0.572005
-0.314085
-0.266728
-0.170727
-0.0748749
-0.353881
-0.489603
-0.64583
-0.801759
-0.96172
-1.13665
-1.23362
-1.36802
-1.51233
-0.831153
-1.01699
-1.19454
-1.32468
-1.48204
-1.58879
-1.65064
-1.7321
-1.72997
-1.62641
-1.61765
-1.51765
-1.18909
-1.13548
-1.01346
-0.445909
-0.412558
-0.353449
-1.44558
-1.49905
-1.56947
-1.22191
-1.1807
-1.19161
-0.510909
-0.463998
-0.457295
0.136342
0.172076
0.207445
0.150078
0.187941
0.220597
0.168281
0.208438
0.235284
0.219984
0.164661
-0.00823007
0.217629
0.130137
-0.0909765
0.210745
0.0827288
-0.193434
0.191238
0.00993813
-0.329201
0.150564
-0.0908144
-0.487698
0.0745521
-0.230866
-0.673075
0.193588
0.233534
0.249104
0.222333
0.257589
0.252699
0.252743
0.274765
0.235664
-0.353881
-0.801759
-1.23362
-0.489604
-0.961722
-1.36802
-0.645832
-1.13665
-1.51234
-1.44558
-1.22191
-0.510909
-1.49905
-1.1807
-0.463998
-1.56947
-1.19161
-0.457295
-1.62641
-1.18908
-0.445908
-1.61764
-1.13548
-0.412555
-1.51765
-1.01345
-0.353445
-0.831157
-1.32469
-1.65065
-1.01699
-1.48204
-1.7321
-1.19455
-1.5888
-1.72997
-1.3448
-1.6134
-1.61191
-1.41991
-1.52952
-1.38397
-1.3991
-1.33149
-1.05958
-1.30344
-0.812203
-0.266723
-1.01098
-0.57199
-0.170721
-0.663595
-0.314069
-0.0748689
-0.286246
-0.0603795
0.0128932
0.0319384
0.132112
0.0739509
0.274665
0.259368
0.108976
-1.25074
-1.01051
-0.652362
-0.991039
-0.633588
-0.256019
-0.641605
-0.2363
0.0973572
0.279575
0.271976
0.178676
0.287019
0.231668
0.0699856
0.257871
0.134668
-0.104593
-0.0577496
-0.425106
-0.884132
-0.24085
-0.645117
-1.07427
-0.474978
-0.875849
-1.21942
-0.75086
-1.08622
-1.2794
-0.992352
-1.20174
-1.21188
-1.15445
-1.18874
-1.00994
0.162463
-0.04658
-0.35916
-0.00974737
-0.295105
-0.643217
-0.264993
-0.594794
-0.919213
-0.596681
-0.906807
-1.12775
-0.90681
-1.11985
-1.17697
-1.12776
-1.17697
-1.04431
-1.17663
-1.01103
-0.672276
-1.02567
-0.703169
-0.286577
-0.722272
-0.314867
0.0919844
-0.303098
0.0955053
0.408264
0.0955092
0.4039
0.585213
0.40827
0.585214
0.633967
-1.17662
-1.02566
-0.722268
-1.01102
-0.703157
-0.314857
-0.672254
-0.286558
0.0919967
-0.230488
0.142961
0.375647
0.134482
0.413702
0.527286
0.41692
0.570885
0.571872
0.428039
0.319453
0.119446
0.476332
0.317071
0.110512
0.45016
0.2752
0.0908323
0.372119
0.211169
0.0661378
0.279697
0.14924
0.0446723
0.192038
0.0965204
0.0277094
0.589217
0.613223
0.527116
0.629393
0.56137
0.432572
0.574473
0.45627
0.32129
0.456615
0.327804
0.212219
0.327803
0.217221
0.130259
0.212217
0.130258
0.0735352
0.117556
0.0557252
0.0152871
0.0674729
0.0303509
0.00802312
0.0357994
0.0151518
0.00388114
0.0164665
0.00642942
0.00191656
0.00642938
0.00265438
0.000386281
0.00191654
0.000386277
0.000424399
0.117555
0.0674721
0.0357992
0.0557241
0.0303504
0.0151517
0.0152868
0.00802296
0.00388108
-0.23046
0.134502
0.416931
0.14299
0.413719
0.570892
0.37567
0.527296
0.571873
0.589221
0.629393
0.574472
0.613223
0.561368
0.456268
0.527113
0.432568
0.321286
0.372115
0.279693
0.192035
0.211165
0.149237
0.0965184
0.0661364
0.0446713
0.0277087
0.428051
0.476335
0.450158
0.319457
0.31707
0.275196
0.119446
0.110511
0.0908308
0.136342
0.150079
0.168282
0.172077
0.187942
0.208439
0.207447
0.220599
0.235286
0.193589
0.222334
0.252744
0.233535
0.25759
0.274766
0.249105
0.2527
0.235664
0.191238
0.150564
0.0745499
0.00993683
-0.0908174
-0.230871
-0.329205
-0.487704
-0.673082
0.219986
0.217631
0.210747
0.164663
0.130138
0.0827289
-0.00822958
-0.0909771
-0.193436
0.279576
0.287019
0.257871
0.271976
0.231667
0.134666
0.178675
0.0699825
-0.104598
0.162462
-0.00974875
-0.264995
-0.0465834
-0.29511
-0.594799
-0.359167
-0.643224
-0.91922
-0.750869
-0.99236
-1.15445
-1.08623
-1.20174
-1.18874
-1.2794
-1.21187
-1.00993
-0.0577539
-0.240856
-0.474986
-0.425113
-0.645126
-0.875858
-0.88414
-1.07428
-1.21943
-1.3448
-1.41991
-1.3991
-1.6134
-1.52951
-1.33147
-1.61189
-1.38395
-1.05955
-1.25072
-0.991015
-0.641575
-1.01048
-0.633552
-0.236263
-0.652322
-0.255979
0.0973913
-0.286208
0.0319717
0.27469
-0.0603529
0.132133
0.259381
0.0129028
0.0739578
0.108979
-1.30342
-1.01095
-0.663557
-0.812181
-0.571964
-0.31404
-0.266713
-0.17071
-0.0748577
-0.353883
-0.489607
-0.645837
-0.801763
-0.961727
-1.13666
-1.23363
-1.36803
-1.51234
-0.831163
-1.017
-1.19455
-1.32469
-1.48205
-1.5888
-1.65065
-1.7321
-1.72996
-1.62641
-1.61764
-1.51763
-1.18908
-1.13547
-1.01343
-0.445906
-0.412551
-0.353438
-1.44559
-1.49906
-1.56948
-1.22192
-1.18071
-1.19161
-0.510911
-0.463999
-0.457294
0.136342
0.172077
0.207446
0.150079
0.187942
0.220598
0.168282
0.208439
0.235286
0.219986
0.164663
-0.00822987
0.21763
0.130137
-0.0909781
0.210746
0.0827277
-0.193438
0.191237
0.00993476
-0.329207
0.150562
-0.0908206
-0.487709
0.0745468
-0.230876
-0.673088
0.193589
0.233535
0.249105
0.222334
0.25759
0.252699
0.252744
0.274766
0.235663
-0.353883
-0.801763
-1.23363
-0.489608
-0.961728
-1.36803
-0.64584
-1.13666
-1.51234
-1.44559
-1.22192
-0.510911
-1.49906
-1.18071
-0.463998
-1.56948
-1.19161
-0.457294
-1.62641
-1.18908
-0.445905
-1.61764
-1.13547
-0.41255
-1.51763
-1.01343
-0.353437
-0.831166
-1.3247
-1.65065
-1.017
-1.48205
-1.7321
-1.19456
-1.5888
-1.72996
-1.34481
-1.6134
-1.61189
-1.41991
-1.5295
-1.38394
-1.3991
-1.33147
-1.05954
-1.30341
-0.812177
-0.266712
-1.01094
-0.571958
-0.170708
-0.663549
-0.314035
-0.0748558
-0.286199
-0.0603477
0.0129044
0.0319795
0.132137
0.0739589
0.274695
0.259383
0.108979
-1.25072
-1.01047
-0.652312
-0.991004
-0.633539
-0.255968
-0.64156
-0.236249
0.0974018
0.279576
0.271975
0.178672
0.287019
0.231665
0.0699776
0.257869
0.134661
-0.104606
-0.0577589
-0.42512
-0.884147
-0.240863
-0.645134
-1.07428
-0.474995
-0.875866
-1.21943
-0.75088
-1.08624
-1.2794
-0.992369
-1.20175
-1.21186
-1.15445
-1.18873
-1.00991
0.162457
-0.0465921
-0.359178
-0.00975829
-0.295122
-0.643237
-0.265009
-0.594814
-0.919232
-0.596699
-0.906824
-1.12776
-0.906824
-1.11985
-1.17697
-1.12776
-1.17697
-1.04429
-1.17662
-1.01101
-0.672236
-1.02565
-0.703136
-0.286535
-0.722244
-0.31483
0.0920197
-0.303066
0.0955363
0.408287
0.0955362
0.403921
0.585223
0.408287
0.585223
0.633966
-1.17662
-1.02565
-0.722244
-1.01101
-0.703136
-0.314831
-0.672237
-0.286536
0.0920194
-0.230442
0.143004
0.375678
0.134521
0.41373
0.5273
0.416946
0.570897
0.571872
0.428054
0.319457
0.119446
0.476334
0.317067
0.11051
0.450153
0.275192
0.090829
0.372107
0.21116
0.0661344
0.279685
0.149232
0.0446695
0.192028
0.0965142
0.0277073
0.589228
0.613222
0.527107
0.629392
0.561361
0.432559
0.574464
0.456257
0.321277
0.456602
0.327792
0.212208
0.327792
0.217211
0.130251
0.212208
0.130251
0.0735302
0.117549
0.055721
0.0152859
0.067468
0.0303484
0.00802236
0.0357966
0.0151504
0.00388074
0.016465
0.00642876
0.00191637
0.00642876
0.00265411
0.000386202
0.00191636
0.000386202
0.000424401
0.117549
0.067468
0.0357965
0.055721
0.0303483
0.0151504
0.0152859
0.00802235
0.00388074
-0.230442
0.13452
0.416945
0.143003
0.413729
0.570897
0.375677
0.5273
0.571872
0.589228
0.629392
0.574464
0.613222
0.561361
0.456257
0.527107
0.432559
0.321276
0.372107
0.279685
0.192028
0.21116
0.149232
0.0965141
0.0661344
0.0446695
0.0277073
0.428054
0.476334
0.450153
0.319457
0.317067
0.275192
0.119446
0.11051
0.0908289
0.136342
0.150079
0.168281
0.172077
0.187942
0.208439
0.207446
0.220598
0.235285
0.193589
0.222334
0.252744
0.233535
0.25759
0.274765
0.249105
0.252699
0.235663
0.191237
0.150563
0.0745478
0.00993584
-0.0908193
-0.230875
-0.329205
-0.487707
-0.673086
0.219985
0.21763
0.210746
0.164663
0.130138
0.0827284
-0.00822858
-0.0909765
-0.193436
0.279576
0.287019
0.257869
0.271975
0.231665
0.134661
0.178673
0.0699786
-0.104605
0.162457
-0.00975792
-0.265009
-0.0465913
-0.295121
-0.594814
-0.359177
-0.643236
-0.919231
-0.750879
-0.992368
-1.15445
-1.08623
-1.20175
-1.18873
-1.2794
-1.21186
-1.00992
-0.0577576
-0.240862
-0.474994
-0.425118
-0.645132
-0.875865
-0.884145
-1.07428
-1.21943
-1.3448
-1.41991
-1.3991
-1.6134
-1.5295
-1.33147
-1.61189
-1.38395
-1.05954
-1.25072
-0.991005
-0.641561
-1.01047
-0.63354
-0.23625
-0.652313
-0.255969
0.0974012
-0.2862
0.031979
0.274695
-0.0603481
0.132137
0.259383
0.0129043
0.0739589
0.10898
-1.30341
-1.01094
-0.663551
-0.812178
-0.571959
-0.314036
-0.266712
-0.170708
-0.0748559
-0.35388
-0.489605
-0.645837
-0.801758
-0.961724
-1.13666
-1.23362
-1.36803
-1.51234
-0.831164
-1.017
-1.19456
-1.32469
-1.48205
-1.5888
-1.65065
-1.7321
-1.72996
-1.62641
-1.61764
-1.51763
-1.18908
-1.13547
-1.01343
-0.445905
-0.41255
-0.353437
-1.44558
-1.49905
-1.56947
-1.22191
-1.1807
-1.19161
-0.51091
-0.463997
-0.457293
