FiniteElementSpace
FiniteElementCollection: H1_2D_P4
VDim: 1
Ordering: 0

-0.0175774
9.35762e-14
9.35736e-14
7.76165e-35
9.3577e-14
7.76496e-35
9.3577e-14
7.7667e-35
9.35736e-14
7.76496e-35
7.76165e-35
-0.0302903
4.87272e-21
4.87272e-21
-0.0302903
4.87302e-21
4.87451e-21
-0.0302902
4.87525e-21
4.87533e-21
-0.0302902
4.87451e-21
4.87302e-21
-0.0302903
4.87272e-21
4.87272e-21
-0.0698967
-0.0698969
-0.0698972
-0.0698972
-0.0698967
-0.0196545
-0.0481867
-0.0481867
-0.0196545
-0.0481867
-0.0481866
-0.0196545
-0.0481864
-0.0481865
-0.0196545
-0.0481865
-0.0481866
-0.0196545
-0.0481867
-0.0481867
-0.0932367
1.39243e-16
0.114326
4.0102e-27
4.01022e-27
0.114326
1.39242e-16
-0.0932367
1.39245e-16
0.114325
4.01112e-27
4.01183e-27
0.114324
1.39265e-16
-0.0932369
1.39274e-16
0.114323
4.01258e-27
4.0126e-27
0.114323
1.39276e-16
-0.0932369
1.39265e-16
0.114324
4.01183e-27
4.01112e-27
0.114325
1.39245e-16
-0.0932367
1.39242e-16
0.114326
4.01022e-27
4.0102e-27
0.114326
1.39243e-16
-0.0242249
-0.0242249
-0.0242249
-0.0242249
-0.0242249
-0.0602474
0.0544228
-0.0602472
-0.0602473
0.0544245
-0.0602487
-0.0602495
0.0544263
-0.0602496
-0.0602489
0.0544246
-0.0602475
-0.0602472
0.0544228
-0.0602474
-0.0180565
-0.0210276
-0.0210276
-0.0180565
-0.0230075
-0.0358705
-0.0312177
-0.0686028
-0.0686028
-0.0312177
-0.0358706
-0.0230075
-0.0210276
-0.0210276
-0.0180565
-0.0358706
-0.0312177
-0.0686027
-0.0686027
-0.0312177
-0.0358705
-0.0230075
-0.0210276
-0.0210276
-0.0180565
-0.0358705
-0.0312177
-0.0686024
-0.0686024
-0.0312177
-0.0358705
-0.0230075
-0.0210276
-0.0210276
-0.0180565
-0.0358705
-0.0312177
-0.0686025
-0.0686025
-0.0312177
-0.0358706
-0.0230075
-0.0210276
-0.0210276
-0.0358706
-0.0312177
-0.0686028
-0.0686028
-0.0312177
-0.0358705
-0.0499085
-0.0972634
-0.0763167
-0.107508
5.76828e-15
0.0190877
1.31628e-18
0.0937675
0.0280275
0.00945963
0.115659
0.115659
0.00945971
7.06389e-24
0.0121215
8.91529e-31
8.91533e-31
0.0121215
7.06393e-24
0.0937675
-0.0763167
-0.0972633
-0.0499086
0.0280276
1.31628e-18
0.0190879
5.76819e-15
-0.107507
-0.0972632
-0.0763166
5.76822e-15
0.0190877
1.31633e-18
0.0937679
0.028027
0.00945879
0.11566
0.11566
0.00945757
7.0649e-24
0.0121221
8.91819e-31
8.91903e-31
0.0121223
7.06665e-24
0.093769
-0.0763166
-0.0972637
-0.0499085
0.0280247
1.31662e-18
0.0190849
5.76872e-15
-0.107509
-0.0972639
-0.0763165
5.76887e-15
0.0190837
1.31675e-18
0.0937697
0.0280232
0.00945606
0.115661
0.115661
0.00945604
7.06784e-24
0.0121228
8.92086e-31
8.92087e-31
0.0121228
7.06791e-24
0.0937698
-0.0763165
-0.0972639
-0.0499085
0.0280231
1.31678e-18
0.0190835
5.76892e-15
-0.107509
-0.0972638
-0.0763165
5.76872e-15
0.0190848
1.31662e-18
0.0937691
0.0280244
0.00945679
0.115661
0.11566
0.00945797
7.06665e-24
0.0121223
8.91903e-31
8.91819e-31
0.0121221
7.0649e-24
0.093768
-0.0763166
-0.0972632
-0.0499086
0.0280266
1.31633e-18
0.0190876
5.76822e-15
-0.107507
-0.0972633
-0.0763167
5.76819e-15
0.0190879
1.31628e-18
0.0937675
0.0280276
0.00945971
0.115659
0.115659
0.00945963
7.06393e-24
0.0121215
8.91533e-31
8.91529e-31
0.0121215
7.06389e-24
0.0937675
-0.0763167
-0.0972634
0.0280275
1.31628e-18
0.0190877
5.76828e-15
-0.0188868
-0.0254849
-0.0445159
-0.0254849
-0.0188868
-0.0254849
-0.0445159
-0.0254849
-0.0188868
-0.0254849
-0.0445157
-0.0254849
-0.0188868
-0.0254849
-0.0445158
-0.0254849
-0.0188868
-0.0254849
-0.0445159
-0.0254849
-0.0625276
-0.0674338
0.0929182
-0.0661452
0.110324
0.0467025
0.00158111
0.0467025
-0.0625277
-0.0661451
0.0929182
-0.0674334
-0.0625276
-0.0674334
0.0929181
-0.0661453
0.110323
0.0467035
0.00158125
0.0467045
-0.0625275
-0.0661458
0.0929166
-0.0674353
-0.0625274
-0.0674359
0.0929159
-0.0661462
0.110321
0.0467056
0.00158135
0.0467057
-0.0625274
-0.0661463
0.0929158
-0.0674361
-0.0625275
-0.0674354
0.0929165
-0.066146
0.110322
0.0467046
0.00158125
0.0467036
-0.0625276
-0.0661455
0.0929181
-0.0674334
-0.0625277
-0.0674334
0.0929182
-0.0661451
0.110324
0.0467025
0.00158111
0.0467025
-0.0625276
-0.0661452
0.0929182
-0.0674338
-0.0175877
-0.0176926
-0.0179025
-0.0181231
-0.0183351
-0.0186637
-0.0181231
-0.0183351
-0.0186637
-0.0175877
-0.0176926
-0.0179025
-0.0192771
-0.0186928
-0.0182452
-0.0197989
-0.0201686
-0.0206884
-0.0205388
-0.0197543
-0.0191478
-0.0234897
-0.0223326
-0.021423
-0.0234897
-0.0223326
-0.021423
-0.0205388
-0.0197543
-0.0191478
-0.0197989
-0.0201686
-0.0206884
-0.0192771
-0.0186928
-0.0182452
-0.0200774
-0.0210395
-0.0222471
-0.0232865
-0.0239694
-0.0248908
-0.0215883
-0.0228495
-0.0244582
-0.0285296
-0.0258782
-0.0238743
-0.0309378
-0.032487
-0.0345396
-0.0332891
-0.0294715
-0.0266705
-0.0453912
-0.0409115
-0.0373954
-0.0441414
-0.0378642
-0.033175
-0.0298599
-0.0277711
-0.0261736
-0.0250595
-0.0269999
-0.0295486
-0.0327916
-0.0364941
-0.041381
-0.0327916
-0.0364942
-0.041381
-0.0250595
-0.0269999
-0.0295486
-0.0512796
-0.0578794
-0.0649909
-0.0643078
-0.0558061
-0.0480582
-0.0739505
-0.0755807
-0.0718113
-0.0739505
-0.0755807
-0.0718113
-0.0643078
-0.0558061
-0.0480582
-0.0512797
-0.0578795
-0.0649909
-0.0441415
-0.0378642
-0.033175
-0.0215884
-0.0228495
-0.0244582
-0.0232865
-0.0239694
-0.0248908
-0.0200774
-0.0210395
-0.0222471
-0.0298599
-0.0277711
-0.0261736
-0.0453913
-0.0409116
-0.0373955
-0.0332891
-0.0294715
-0.0266705
-0.0309378
-0.0324871
-0.0345396
-0.0285296
-0.0258782
-0.0238744
-0.0181231
-0.0183351
-0.0186637
-0.0181231
-0.0183351
-0.0186637
-0.0175877
-0.0176926
-0.0179025
-0.0197989
-0.0201686
-0.0206884
-0.0205388
-0.0197543
-0.0191478
-0.0234897
-0.0223326
-0.021423
-0.0234897
-0.0223326
-0.021423
-0.0205388
-0.0197543
-0.0191478
-0.0197989
-0.0201686
-0.0206884
-0.0192771
-0.0186928
-0.0182452
-0.0232865
-0.0239694
-0.0248908
-0.0215884
-0.0228495
-0.0244583
-0.0309378
-0.0324871
-0.0345396
-0.0332891
-0.0294715
-0.0266705
-0.0453913
-0.0409116
-0.0373955
-0.0441414
-0.0378642
-0.033175
-0.0298599
-0.0277711
-0.0261736
-0.0250595
-0.0269999
-0.0295486
-0.0327916
-0.0364941
-0.041381
-0.0327916
-0.0364941
-0.041381
-0.0250595
-0.0269999
-0.0295486
-0.0512796
-0.0578794
-0.0649908
-0.0643077
-0.055806
-0.0480582
-0.0739506
-0.0755806
-0.0718112
-0.0739506
-0.0755806
-0.0718112
-0.0643077
-0.055806
-0.0480582
-0.0512796
-0.0578793
-0.0649908
-0.0441414
-0.0378642
-0.033175
-0.0215883
-0.0228495
-0.0244582
-0.0232865
-0.0239694
-0.0248908
-0.0200774
-0.0210395
-0.0222471
-0.0298599
-0.0277711
-0.0261736
-0.0453912
-0.0409115
-0.0373954
-0.0332891
-0.0294715
-0.0266705
-0.0309378
-0.032487
-0.0345396
-0.0285296
-0.0258782
-0.0238743
-0.0181231
-0.0183351
-0.0186637
-0.0181231
-0.0183351
-0.0186637
-0.0175877
-0.0176926
-0.0179025
-0.0197989
-0.0201686
-0.0206884
-0.0205388
-0.0197543
-0.0191478
-0.0234896
-0.0223326
-0.021423
-0.0234896
-0.0223326
-0.021423
-0.0205388
-0.0197543
-0.0191478
-0.0197989
-0.0201686
-0.0206884
-0.0192771
-0.0186928
-0.0182452
-0.0232865
-0.0239694
-0.0248908
-0.0215883
-0.0228495
-0.0244582
-0.0309378
-0.032487
-0.0345395
-0.033289
-0.0294715
-0.0266704
-0.045391
-0.0409114
-0.0373953
-0.0441412
-0.0378641
-0.0331749
-0.0298598
-0.027771
-0.0261736
-0.0250595
-0.0269998
-0.0295485
-0.0327915
-0.036494
-0.0413808
-0.0327915
-0.036494
-0.0413808
-0.0250595
-0.0269998
-0.0295485
-0.0512794
-0.0578791
-0.0649906
-0.0643074
-0.0558058
-0.048058
-0.0739508
-0.0755806
-0.071811
-0.0739508
-0.0755806
-0.071811
-0.0643074
-0.0558058
-0.048058
-0.0512794
-0.0578791
-0.0649906
-0.0441412
-0.0378641
-0.0331749
-0.0215883
-0.0228495
-0.0244582
-0.0232865
-0.0239694
-0.0248908
-0.0200774
-0.0210395
-0.0222471
-0.0298598
-0.027771
-0.0261736
-0.045391
-0.0409114
-0.0373953
-0.033289
-0.0294715
-0.0266704
-0.0309378
-0.032487
-0.0345395
-0.0285296
-0.0258782
-0.0238743
-0.0181231
-0.0183351
-0.0186637
-0.0181231
-0.0183351
-0.0186637
-0.0175877
-0.0176926
-0.0179025
-0.0197989
-0.0201686
-0.0206884
-0.0205388
-0.0197543
-0.0191478
-0.0234897
-0.0223326
-0.021423
-0.0234897
-0.0223326
-0.021423
-0.0205388
-0.0197543
-0.0191478
-0.0197989
-0.0201686
-0.0206884
-0.0192771
-0.0186928
-0.0182452
-0.0232865
-0.0239694
-0.0248908
-0.0215883
-0.0228495
-0.0244582
-0.0309378
-0.032487
-0.0345395
-0.0332891
-0.0294715
-0.0266705
-0.0453911
-0.0409114
-0.0373954
-0.0441413
-0.0378641
-0.033175
-0.0298599
-0.027771
-0.0261736
-0.0250595
-0.0269999
-0.0295486
-0.0327916
-0.0364941
-0.0413809
-0.0327916
-0.0364941
-0.0413809
-0.0250595
-0.0269999
-0.0295486
-0.0512795
-0.0578792
-0.0649906
-0.0643075
-0.0558059
-0.0480581
-0.0739508
-0.0755806
-0.071811
-0.0739508
-0.0755806
-0.0718111
-0.0643075
-0.0558059
-0.0480581
-0.0512795
-0.0578792
-0.0649907
-0.0441414
-0.0378641
-0.033175
-0.0215884
-0.0228495
-0.0244582
-0.0232865
-0.0239694
-0.0248908
-0.0200774
-0.0210395
-0.0222471
-0.0298599
-0.0277711
-0.0261736
-0.0453912
-0.0409115
-0.0373954
-0.0332891
-0.0294715
-0.0266705
-0.0309378
-0.0324871
-0.0345396
-0.0285296
-0.0258782
-0.0238744
-0.0181231
-0.0183351
-0.0186637
-0.0181231
-0.0183351
-0.0186637
-0.0197989
-0.0201686
-0.0206884
-0.0205388
-0.0197543
-0.0191478
-0.0234897
-0.0223326
-0.021423
-0.0234897
-0.0223326
-0.021423
-0.0205388
-0.0197543
-0.0191478
-0.0197989
-0.0201686
-0.0206884
-0.0232865
-0.0239694
-0.0248908
-0.0215884
-0.0228495
-0.0244582
-0.0309378
-0.0324871
-0.0345396
-0.0332891
-0.0294715
-0.0266705
-0.0453913
-0.0409116
-0.0373955
-0.0441415
-0.0378642
-0.033175
-0.0298599
-0.0277711
-0.0261736
-0.0250595
-0.0269999
-0.0295486
-0.0327916
-0.0364942
-0.041381
-0.0327916
-0.0364941
-0.041381
-0.0250595
-0.0269999
-0.0295486
-0.0512797
-0.0578795
-0.0649909
-0.0643078
-0.0558061
-0.0480582
-0.0739505
-0.0755807
-0.0718113
-0.0739505
-0.0755807
-0.0718113
-0.0643078
-0.0558061
-0.0480582
-0.0512796
-0.0578794
-0.0649909
-0.0441414
-0.0378642
-0.033175
-0.0215883
-0.0228495
-0.0244582
-0.0232865
-0.0239694
-0.0248908
-0.0298599
-0.0277711
-0.0261736
-0.0453912
-0.0409115
-0.0373954
-0.0332891
-0.0294715
-0.0266705
-0.0309378
-0.032487
-0.0345396
-0.0323882
-0.0375716
-0.0449216
-0.0516787
-0.055539
-0.0599938
-0.0389336
-0.0463902
-0.0563196
-0.0848707
-0.0692046
-0.0557644
-0.0955743
-0.0985635
-0.0987116
-0.0935221
-0.0824078
-0.0692465
-0.0705755
-0.0854594
-0.0945504
-0.069805
-0.0795161
-0.079323
-0.074529
-0.0701108
-0.0651473
-0.0527226
-0.0623553
-0.0720466
-0.100971
-0.111451
-0.112326
-0.104762
-0.0945796
-0.0784342
-0.0987769
-0.0940595
-0.0789159
-0.0305917
-0.0713831
-0.0990138
6.18433e-14
2.61216e-14
9.97893e-15
-0.00815186
-0.0292772
-0.0545455
2.83215e-16
1.00764e-15
3.24242e-15
0.0129063
0.0279751
0.0265813
0.00274317
-0.0276183
-0.0549459
-0.0479471
-0.0198348
0.0077954
0.0350765
0.0627499
0.0845574
0.0480887
0.0789598
0.0935068
-0.0482183
-0.021104
0.0104134
6.65722e-17
1.52214e-17
3.14772e-18
0.0222734
0.0605433
0.0865362
1.37e-20
9.00439e-20
5.35258e-19
0.0153551
0.0468309
0.0785862
0.0988799
0.103107
0.0988386
0.121592
0.122077
0.106736
0.103882
0.0775665
0.0457296
-0.0774732
-0.0770715
-0.0716708
-0.0723199
-0.0760686
-0.0723338
0.00725353
-0.029294
-0.0565988
0.102529
0.0701592
0.030581
-0.00845631
-0.0374917
-0.0584612
-0.0631219
-0.0420111
-0.010442
0.0284806
0.0649295
0.0970373
0.0284807
0.0649296
0.0970373
-0.0631219
-0.042011
-0.0104419
0.121901
0.127622
0.122293
0.123183
0.12856
0.120255
0.0652903
0.08689
0.106972
0.0652903
0.08689
0.106972
0.123183
0.12856
0.120255
0.121901
0.127622
0.122293
0.102529
0.0701593
0.0305811
0.0871395
0.071814
0.0551859
0.105701
0.0827929
0.0586382
1.68532e-21
2.08594e-22
2.33506e-23
0.00544047
0.0184678
0.0357941
1.55856e-26
1.89234e-25
2.07802e-24
0.00100792
0.00381764
0.00852719
0.0160344
0.025825
0.0387669
0.0443889
0.0283771
0.0166721
0.00897936
0.00480648
0.00238729
0.00897937
0.00480649
0.00238729
0.0443889
0.0283771
0.0166721
1.00338e-27
6.72271e-29
4.07378e-30
9.73376e-05
0.000401071
0.00103475
4.16985e-34
9.35274e-33
1.89729e-31
4.16986e-34
9.35276e-33
1.8973e-31
9.73377e-05
0.000401071
0.00103475
1.00339e-27
6.72275e-29
4.0738e-30
0.00100793
0.00381764
0.0085272
0.105701
0.0827929
0.0586382
0.0871394
0.0718139
0.0551859
0.121592
0.122077
0.106736
0.0160344
0.025825
0.0387669
1.55857e-26
1.89235e-25
2.07803e-24
0.00544047
0.0184678
0.0357941
1.68532e-21
2.08594e-22
2.33507e-23
0.015355
0.0468309
0.0785862
-0.0389337
-0.0463903
-0.0563196
-0.0516788
-0.0555391
-0.0599939
-0.0323882
-0.0375717
-0.0449217
-0.0527227
-0.0623554
-0.0720467
-0.074529
-0.0701108
-0.0651474
-0.0698049
-0.079516
-0.079323
-0.0705753
-0.0854592
-0.0945502
-0.093522
-0.0824078
-0.0692465
-0.0955743
-0.0985635
-0.0987115
-0.0848708
-0.0692047
-0.0557645
-0.0723199
-0.0760686
-0.0723338
-0.0774732
-0.0770715
-0.0716708
-0.00845622
-0.0374917
-0.0584612
0.103882
0.0775666
0.0457297
0.00725369
-0.0292939
-0.0565987
-0.0482181
-0.0211038
0.0104135
0.0480888
0.07896
0.0935069
0.0350767
0.06275
0.0845575
-0.0479469
-0.0198345
0.00779569
0.0988798
0.103107
0.0988386
1.37e-20
9.00439e-20
5.35258e-19
0.0222734
0.0605433
0.0865362
6.65718e-17
1.52214e-17
3.14771e-18
0.0129063
0.0279752
0.0265815
-0.0987767
-0.0940592
-0.0789155
-0.104761
-0.0945791
-0.0784338
-0.100971
-0.11145
-0.112326
0.00274347
-0.027618
-0.0549455
2.83213e-16
1.00763e-15
3.24237e-15
-0.00815177
-0.0292769
-0.0545451
6.18417e-14
2.61211e-14
9.97875e-15
-0.0305915
-0.0713826
-0.0990133
-0.0516788
-0.0555391
-0.0599938
-0.0389337
-0.0463903
-0.0563196
-0.0955743
-0.0985634
-0.0987114
-0.0935219
-0.0824077
-0.0692465
-0.0705754
-0.0854592
-0.0945502
-0.069805
-0.079516
-0.0793229
-0.074529
-0.0701108
-0.0651473
-0.0527226
-0.0623554
-0.0720466
-0.104761
-0.0945791
-0.0784338
-0.0987766
-0.0940591
-0.0789155
6.18418e-14
2.61211e-14
9.97879e-15
-0.00815179
-0.0292769
-0.0545451
2.83217e-16
1.00764e-15
3.2424e-15
0.0129063
0.0279751
0.0265813
0.00274326
-0.0276181
-0.0549455
-0.047947
-0.0198348
0.00779542
0.0350764
0.0627497
0.0845573
0.0480883
0.0789595
0.0935066
-0.0482183
-0.0211041
0.010413
6.65731e-17
1.52218e-17
3.14781e-18
0.0222735
0.0605433
0.0865361
1.37008e-20
9.00482e-20
5.35279e-19
0.0153552
0.0468312
0.0785866
0.0988801
0.103107
0.0988385
0.121592
0.122077
0.106736
0.103882
0.077566
0.0457291
-0.0774731
-0.0770715
-0.0716709
-0.0723198
-0.0760686
-0.0723339
0.00725311
-0.0292944
-0.056599
0.102529
0.0701584
0.0305801
-0.00845701
-0.0374922
-0.0584615
-0.0631222
-0.0420116
-0.0104428
0.0284795
0.0649281
0.0970359
0.0284785
0.0649275
0.0970357
-0.0631223
-0.0420121
-0.0104437
0.121901
0.127622
0.122294
0.123184
0.12856
0.120255
0.065292
0.0868916
0.106973
0.0652921
0.0868919
0.106974
0.123184
0.12856
0.120255
0.1219
0.127622
0.122294
0.102527
0.0701566
0.0305786
0.08714
0.0718148
0.0551869
0.105702
0.0827941
0.0586393
1.68544e-21
2.08615e-22
2.33536e-23
0.00544065
0.0184683
0.0357949
1.5589e-26
1.89269e-25
2.07835e-24
0.00100799
0.00381786
0.00852763
0.0160351
0.0258259
0.0387679
0.0443904
0.0283783
0.0166729
0.00897985
0.0048068
0.00238748
0.00897998
0.00480685
0.00238749
0.0443905
0.0283785
0.0166731
1.00363e-27
6.72458e-29
4.07504e-30
9.73469e-05
0.00040111
0.00103484
4.17156e-34
9.35625e-33
1.89794e-31
4.17163e-34
9.3567e-33
1.89809e-31
9.73483e-05
0.000401114
0.00103484
1.0038e-27
6.7255e-29
4.07549e-30
0.00100802
0.00381796
0.00852781
0.105702
0.0827951
0.0586403
0.0871413
0.0718161
0.055188
0.121591
0.122077
0.106737
0.0160354
0.0258264
0.0387687
1.55919e-26
1.89309e-25
2.07884e-24
0.00544084
0.0184688
0.0357958
1.68595e-21
2.08673e-22
2.33597e-23
0.0153557
0.0468324
0.0785879
-0.0389336
-0.0463902
-0.0563195
-0.0516787
-0.055539
-0.0599937
-0.0323882
-0.0375716
-0.0449216
-0.0527225
-0.0623552
-0.0720465
-0.0745289
-0.0701106
-0.0651472
-0.069806
-0.0795164
-0.079323
-0.0705766
-0.0854601
-0.0945508
-0.0935222
-0.0824078
-0.0692464
-0.0955745
-0.0985637
-0.0987119
-0.0848709
-0.0692046
-0.0557644
-0.0723198
-0.0760686
-0.0723341
-0.0774731
-0.0770716
-0.0716712
-0.00845814
-0.0374931
-0.0584621
0.10388
0.0775639
0.0457268
0.00725109
-0.0292957
-0.0565997
-0.0482199
-0.0211061
0.0104108
0.0480858
0.0789571
0.0935048
0.0350737
0.0627473
0.0845554
-0.0479488
-0.0198372
0.00779265
0.0988809
0.103107
0.0988374
1.37048e-20
9.00719e-20
5.35405e-19
0.0222734
0.0605429
0.0865351
6.65837e-17
1.52246e-17
3.14846e-18
0.0129056
0.0279733
0.0265787
-0.0987774
-0.0940605
-0.0789173
-0.104762
-0.0945806
-0.0784355
-0.100971
-0.111451
-0.112327
0.00274058
-0.0276206
-0.0549476
2.83255e-16
1.00775e-15
3.24271e-15
-0.00815243
-0.0292785
-0.054547
6.18445e-14
2.61227e-14
9.97956e-15
-0.030592
-0.0713837
-0.0990145
-0.0516787
-0.0555389
-0.0599936
-0.0389335
-0.0463901
-0.0563194
-0.0955745
-0.0985638
-0.098712
-0.0935223
-0.0824077
-0.0692463
-0.0705773
-0.0854605
-0.094551
-0.0698066
-0.0795167
-0.079323
-0.0745288
-0.0701105
-0.0651471
-0.0527224
-0.062355
-0.0720464
-0.104762
-0.0945808
-0.078436
-0.0987776
-0.0940609
-0.0789178
6.18448e-14
2.6123e-14
9.97977e-15
-0.00815262
-0.029279
-0.0545476
2.83271e-16
1.0078e-15
3.24281e-15
0.0129054
0.0279726
0.0265776
0.0027394
-0.0276216
-0.0549484
-0.0479498
-0.0198385
0.00779136
0.0350725
0.0627461
0.0845545
0.0480843
0.0789558
0.0935038
-0.0482208
-0.0211073
0.0104094
6.65882e-17
1.52258e-17
3.14876e-18
0.0222734
0.0605427
0.0865346
1.37067e-20
9.00831e-20
5.35464e-19
0.0153559
0.046833
0.0785887
0.0988814
0.103107
0.0988369
0.121591
0.122077
0.106737
0.103879
0.0775624
0.0457252
-0.0774731
-0.0770717
-0.0716715
-0.0723196
-0.0760686
-0.0723344
0.00724966
-0.0292968
-0.0566004
0.102526
0.0701551
0.030577
-0.00845951
-0.0374941
-0.0584627
-0.0631228
-0.042013
-0.0104451
0.0284767
0.0649255
0.0970339
0.0284767
0.0649255
0.0970339
-0.0631228
-0.042013
-0.0104451
0.121899
0.127622
0.122295
0.123185
0.12856
0.120253
0.0652939
0.0868936
0.106975
0.0652939
0.0868936
0.106975
0.123185
0.12856
0.120253
0.121899
0.127622
0.122295
0.102526
0.070155
0.030577
0.0871422
0.0718172
0.0551892
0.105704
0.0827965
0.0586416
1.6862e-21
2.08706e-22
2.33635e-23
0.00544101
0.0184694
0.0357968
1.55948e-26
1.89343e-25
2.0792e-24
0.00100807
0.00381814
0.00852819
0.016036
0.0258273
0.0387698
0.0443921
0.0283796
0.0166738
0.00898041
0.00480712
0.00238764
0.00898041
0.00480712
0.00238764
0.0443921
0.0283796
0.0166738
1.00399e-27
6.72681e-29
4.07631e-30
9.73542e-05
0.000401141
0.00103491
4.17255e-34
9.35871e-33
1.89848e-31
4.17255e-34
9.35871e-33
1.89848e-31
9.73541e-05
0.000401141
0.00103491
1.00399e-27
6.72683e-29
4.07632e-30
0.00100807
0.00381814
0.0085282
0.105704
0.0827965
0.0586416
0.0871422
0.0718172
0.0551892
0.121591
0.122077
0.106737
0.016036
0.0258273
0.0387698
1.55949e-26
1.89344e-25
2.07921e-24
0.00544101
0.0184694
0.0357968
1.68623e-21
2.08709e-22
2.33638e-23
0.015356
0.0468331
0.0785887
-0.0389335
-0.0463901
-0.0563194
-0.0516787
-0.0555389
-0.0599936
-0.0323882
-0.0375716
-0.0449216
-0.0527224
-0.062355
-0.0720464
-0.0745288
-0.0701105
-0.0651471
-0.0698066
-0.0795167
-0.079323
-0.0705773
-0.0854605
-0.094551
-0.0935223
-0.0824077
-0.0692463
-0.0955746
-0.0985638
-0.098712
-0.0848709
-0.0692047
-0.0557644
-0.0723196
-0.0760686
-0.0723344
-0.0774731
-0.0770717
-0.0716715
-0.00845954
-0.0374941
-0.0584627
0.103879
0.0775623
0.0457251
0.00724955
-0.0292969
-0.0566004
-0.0482209
-0.0211074
0.0104092
0.0480841
0.0789556
0.0935037
0.0350723
0.0627459
0.0845543
-0.0479499
-0.0198386
0.00779114
0.0988814
0.103107
0.0988369
1.3707e-20
9.00847e-20
5.35473e-19
0.0222734
0.0605427
0.0865345
6.65892e-17
1.5226e-17
3.14881e-18
0.0129053
0.0279724
0.0265774
-0.0987777
-0.094061
-0.078918
-0.104762
-0.0945809
-0.0784362
-0.100971
-0.111451
-0.112327
0.00273918
-0.0276218
-0.0549486
2.83274e-16
1.00781e-15
3.24284e-15
-0.00815269
-0.0292791
-0.0545478
6.18448e-14
2.61231e-14
9.97984e-15
-0.030592
-0.0713837
-0.0990146
-0.0516787
-0.055539
-0.0599937
-0.0389336
-0.0463901
-0.0563194
-0.0955745
-0.0985637
-0.0987119
-0.0935222
-0.0824077
-0.0692463
-0.0705767
-0.0854601
-0.0945508
-0.0698061
-0.0795165
-0.079323
-0.0745288
-0.0701106
-0.0651472
-0.0527224
-0.0623551
-0.0720464
-0.104762
-0.0945806
-0.0784356
-0.0987774
-0.0940605
-0.0789173
6.18445e-14
2.61227e-14
9.97956e-15
-0.00815243
-0.0292785
-0.0545471
2.83255e-16
1.00775e-15
3.24271e-15
0.0129056
0.0279733
0.0265787
0.00274048
-0.0276206
-0.0549477
-0.047949
-0.0198374
0.00779252
0.0350736
0.0627472
0.0845553
0.0480855
0.0789569
0.0935047
-0.0482201
-0.0211064
0.0104104
6.65837e-17
1.52246e-17
3.14846e-18
0.0222734
0.0605429
0.0865351
1.37048e-20
9.00719e-20
5.35405e-19
0.0153557
0.0468324
0.078588
0.098881
0.103107
0.0988374
0.121591
0.122077
0.106737
0.10388
0.0775635
0.0457264
-0.0774731
-0.0770716
-0.0716713
-0.0723197
-0.0760686
-0.0723343
0.00725068
-0.0292961
-0.0566
0.102527
0.070156
0.0305779
-0.00845884
-0.0374936
-0.0584624
-0.0631227
-0.0420127
-0.0104445
0.0284777
0.0649269
0.0970352
0.0284787
0.0649274
0.0970354
-0.0631226
-0.0420123
-0.0104436
0.1219
0.127622
0.122294
0.123184
0.12856
0.120254
0.0652923
0.0868921
0.106974
0.0652921
0.0868918
0.106974
0.123184
0.12856
0.120254
0.1219
0.127622
0.122294
0.102528
0.0701577
0.0305793
0.0871414
0.0718162
0.0551881
0.105703
0.0827953
0.0586404
1.68595e-21
2.08673e-22
2.33597e-23
0.00544084
0.0184689
0.0357959
1.55919e-26
1.89309e-25
2.07884e-24
0.00100802
0.00381796
0.00852782
0.0160354
0.0258264
0.0387688
0.0443906
0.0283785
0.0166731
0.00898
0.00480686
0.00238749
0.00897987
0.00480681
0.00238748
0.0443906
0.0283783
0.0166729
1.0038e-27
6.7255e-29
4.07549e-30
9.73484e-05
0.000401115
0.00103484
4.17163e-34
9.3567e-33
1.89809e-31
4.17156e-34
9.35625e-33
1.89794e-31
9.7347e-05
0.000401111
0.00103484
1.00363e-27
6.72458e-29
4.07504e-30
0.00100799
0.00381787
0.00852765
0.105702
0.0827943
0.0586394
0.0871402
0.0718149
0.055187
0.121592
0.122077
0.106736
0.0160351
0.0258259
0.038768
1.5589e-26
1.89269e-25
2.07835e-24
0.00544066
0.0184683
0.035795
1.68544e-21
2.08615e-22
2.33536e-23
0.0153552
0.0468313
0.0785867
-0.0389336
-0.0463902
-0.0563196
-0.0516788
-0.0555391
-0.0599938
-0.0323882
-0.0375717
-0.0449217
-0.0527225
-0.0623552
-0.0720465
-0.0745289
-0.0701107
-0.0651473
-0.0698051
-0.0795161
-0.0793229
-0.0705755
-0.0854593
-0.0945502
-0.0935219
-0.0824077
-0.0692464
-0.0955743
-0.0985634
-0.0987114
-0.0848708
-0.0692047
-0.0557645
-0.0723197
-0.0760686
-0.072334
-0.0774731
-0.0770715
-0.071671
-0.00845775
-0.0374927
-0.0584618
0.103881
0.0775656
0.0457287
0.00725268
-0.0292948
-0.0565993
-0.0482185
-0.0211044
0.0104126
0.0480879
0.0789593
0.0935066
0.0350763
0.0627496
0.0845572
-0.0479472
-0.0198349
0.00779531
0.0988803
0.103107
0.0988385
1.37008e-20
9.00482e-20
5.35279e-19
0.0222735
0.0605433
0.0865362
6.65731e-17
1.52218e-17
3.14781e-18
0.0129063
0.0279751
0.0265812
-0.0987766
-0.0940592
-0.0789155
-0.104761
-0.0945791
-0.0784338
-0.100971
-0.11145
-0.112326
0.00274318
-0.0276182
-0.0549456
2.83217e-16
1.00764e-15
3.2424e-15
-0.0081518
-0.0292769
-0.0545451
6.18418e-14
2.61211e-14
9.97879e-15
-0.0305915
-0.0713826
-0.0990133
-0.0516788
-0.0555391
-0.0599939
-0.0389337
-0.0463903
-0.0563196
-0.0955743
-0.0985635
-0.0987115
-0.093522
-0.0824078
-0.0692465
-0.0705753
-0.0854592
-0.0945502
-0.0698049
-0.079516
-0.079323
-0.074529
-0.0701108
-0.0651474
-0.0527227
-0.0623554
-0.0720467
-0.104761
-0.0945791
-0.0784338
-0.0987767
-0.0940592
-0.0789155
6.18417e-14
2.61211e-14
9.97875e-15
-0.00815177
-0.0292769
-0.0545451
2.83213e-16
1.00763e-15
3.24237e-15
0.0129063
0.0279752
0.0265815
0.00274347
-0.027618
-0.0549455
-0.0479469
-0.0198345
0.00779569
0.0350767
0.06275
0.0845575
0.0480888
0.07896
0.0935069
-0.0482181
-0.0211038
0.0104135
6.65718e-17
1.52214e-17
3.14771e-18
0.0222734
0.0605433
0.0865362
1.37e-20
9.00439e-20
5.35258e-19
0.015355
0.0468309
0.0785862
0.0988798
0.103107
0.0988386
0.121592
0.122077
0.106736
0.103882
0.0775666
0.0457297
-0.0774732
-0.0770715
-0.0716708
-0.0723199
-0.0760686
-0.0723338
0.00725369
-0.0292939
-0.0565987
0.102529
0.0701593
0.0305811
-0.00845622
-0.0374917
-0.0584612
-0.0631219
-0.042011
-0.0104419
0.0284807
0.0649296
0.0970373
0.0284806
0.0649295
0.0970373
-0.0631219
-0.0420111
-0.010442
0.121901
0.127622
0.122293
0.123183
0.12856
0.120255
0.0652903
0.08689
0.106972
0.0652903
0.08689
0.106972
0.123183
0.12856
0.120255
0.121901
0.127622
0.122293
0.102529
0.0701592
0.030581
0.0871394
0.0718139
0.0551859
0.105701
0.0827929
0.0586382
1.68532e-21
2.08594e-22
2.33507e-23
0.00544047
0.0184678
0.0357941
1.55857e-26
1.89235e-25
2.07803e-24
0.00100793
0.00381764
0.0085272
0.0160344
0.025825
0.0387669
0.0443889
0.0283771
0.0166721
0.00897937
0.00480649
0.00238729
0.00897936
0.00480648
0.00238729
0.0443889
0.0283771
0.0166721
1.00339e-27
6.72275e-29
4.0738e-30
9.73377e-05
0.000401071
0.00103475
4.16986e-34
9.35276e-33
1.8973e-31
4.16985e-34
9.35274e-33
1.89729e-31
9.73376e-05
0.000401071
0.00103475
1.00338e-27
6.72271e-29
4.07378e-30
0.00100792
0.00381764
0.00852719
0.105701
0.0827929
0.0586382
0.0871395
0.071814
0.0551859
0.121592
0.122077
0.106736
0.0160344
0.025825
0.0387669
1.55856e-26
1.89234e-25
2.07802e-24
0.00544047
0.0184678
0.0357941
1.68532e-21
2.08594e-22
2.33506e-23
0.0153551
0.0468309
0.0785862
-0.0389336
-0.0463902
-0.0563196
-0.0516787
-0.055539
-0.0599938
-0.0527226
-0.0623553
-0.0720466
-0.074529
-0.0701108
-0.0651473
-0.069805
-0.0795161
-0.079323
-0.0705755
-0.0854594
-0.0945504
-0.0935221
-0.0824078
-0.0692465
-0.0955743
-0.0985635
-0.0987116
-0.0723199
-0.0760686
-0.0723338
-0.0774732
-0.0770715
-0.0716708
-0.00845631
-0.0374917
-0.0584612
0.103882
0.0775665
0.0457296
0.00725353
-0.029294
-0.0565988
-0.0482183
-0.021104
0.0104134
0.0480887
0.0789598
0.0935068
0.0350765
0.0627499
0.0845574
-0.0479471
-0.0198348
0.0077954
0.0988799
0.103107
0.0988386
1.37e-20
9.00439e-20
5.35258e-19
0.0222734
0.0605433
0.0865362
6.65722e-17
1.52214e-17
3.14772e-18
0.0129063
0.0279751
0.0265813
-0.0987769
-0.0940595
-0.0789159
-0.104762
-0.0945796
-0.0784342
0.00274317
-0.0276183
-0.0549459
2.83215e-16
1.00764e-15
3.24242e-15
-0.00815186
-0.0292772
-0.0545455
6.18433e-14
2.61216e-14
9.97893e-15
-0.0176096
-0.0177321
-0.0179581
-0.0177321
-0.017887
-0.0181506
-0.0179581
-0.0181506
-0.0184528
-0.0183213
-0.0187942
-0.0194104
-0.0185563
-0.0190742
-0.0197447
-0.018909
-0.0194846
-0.0202248
-0.0194271
-0.0200738
-0.020901
-0.0200738
-0.0208056
-0.0217404
-0.020901
-0.0217404
-0.0228069
-0.0183213
-0.0185563
-0.018909
-0.0187942
-0.0190742
-0.0194846
-0.0194104
-0.0197447
-0.0202248
-0.0202387
-0.0212372
-0.0224927
-0.0206479
-0.0217327
-0.0231016
-0.0212148
-0.0224106
-0.0239228
-0.0241903
-0.0262871
-0.0290757
-0.0249611
-0.0272795
-0.0303914
-0.0259968
-0.0286072
-0.0321486
-0.0274455
-0.0304712
-0.0346038
-0.0292564
-0.0328076
-0.0376651
-0.031632
-0.0358773
-0.0416275
-0.0220129
-0.0233574
-0.0250713
-0.0229965
-0.0245266
-0.0264954
-0.0242569
-0.0260326
-0.0283481
-0.0259773
-0.0281125
-0.0309345
-0.0281125
-0.0307251
-0.0342069
-0.0309345
-0.0342069
-0.0385547
-0.0349644
-0.0401459
-0.0469753
-0.0391598
-0.0453898
-0.0532196
-0.0446182
-0.0519067
-0.0603857
-0.051877
-0.0599192
-0.0680933
-0.0599192
-0.0677132
-0.0738896
-0.0680933
-0.0738897
-0.0756732
-0.0349644
-0.0391598
-0.0446183
-0.0401459
-0.0453899
-0.0519067
-0.0469754
-0.0532197
-0.0603857
-0.0202387
-0.0206479
-0.0212148
-0.0212372
-0.0217327
-0.0224106
-0.0224927
-0.0231016
-0.0239228
-0.0220129
-0.0229965
-0.0242569
-0.0233574
-0.0245266
-0.0260326
-0.0250713
-0.0264954
-0.0283481
-0.0274455
-0.0292564
-0.031632
-0.0304713
-0.0328076
-0.0358773
-0.0346038
-0.0376651
-0.0416275
-0.0241903
-0.0249611
-0.0259969
-0.0262871
-0.0272795
-0.0286072
-0.0290757
-0.0303914
-0.0321487
-0.0176096
-0.0177321
-0.0179581
-0.0177321
-0.017887
-0.0181506
-0.0179581
-0.0181506
-0.0184528
-0.0183213
-0.0187942
-0.0194104
-0.0185563
-0.0190742
-0.0197447
-0.018909
-0.0194846
-0.0202248
-0.0194271
-0.0200738
-0.020901
-0.0200738
-0.0208056
-0.0217404
-0.020901
-0.0217404
-0.022807
-0.0183213
-0.0185563
-0.018909
-0.0187942
-0.0190742
-0.0194846
-0.0194104
-0.0197447
-0.0202248
-0.0202387
-0.0212372
-0.0224927
-0.0206479
-0.0217327
-0.0231016
-0.0212148
-0.0224106
-0.0239228
-0.0241903
-0.0262871
-0.0290757
-0.0249611
-0.0272795
-0.0303914
-0.0259969
-0.0286072
-0.0321487
-0.0274455
-0.0304713
-0.0346038
-0.0292564
-0.0328076
-0.0376651
-0.031632
-0.0358773
-0.0416275
-0.0220129
-0.0233574
-0.0250713
-0.0229965
-0.0245266
-0.0264954
-0.024257
-0.0260326
-0.0283481
-0.0259773
-0.0281125
-0.0309345
-0.0281125
-0.0307251
-0.0342069
-0.0309345
-0.0342069
-0.0385546
-0.0349644
-0.0401459
-0.0469753
-0.0391598
-0.0453898
-0.0532196
-0.0446182
-0.0519066
-0.0603856
-0.051877
-0.0599191
-0.0680932
-0.0599191
-0.0677131
-0.0738896
-0.0680932
-0.0738896
-0.0756733
-0.0349644
-0.0391598
-0.0446182
-0.0401458
-0.0453898
-0.0519066
-0.0469753
-0.0532196
-0.0603856
-0.0202387
-0.0206479
-0.0212148
-0.0212372
-0.0217327
-0.0224106
-0.0224927
-0.0231016
-0.0239228
-0.0220129
-0.0229965
-0.0242569
-0.0233574
-0.0245266
-0.0260326
-0.0250713
-0.0264954
-0.0283481
-0.0274455
-0.0292564
-0.031632
-0.0304712
-0.0328076
-0.0358773
-0.0346038
-0.0376651
-0.0416274
-0.0241903
-0.0249611
-0.0259968
-0.0262871
-0.0272795
-0.0286072
-0.0290756
-0.0303914
-0.0321486
-0.0176096
-0.0177321
-0.0179581
-0.0177321
-0.017887
-0.0181506
-0.0179581
-0.0181506
-0.0184528
-0.0183213
-0.0187942
-0.0194104
-0.0185563
-0.0190742
-0.0197447
-0.018909
-0.0194846
-0.0202248
-0.019427
-0.0200738
-0.0209009
-0.0200738
-0.0208056
-0.0217404
-0.0209009
-0.0217404
-0.0228069
-0.0183213
-0.0185563
-0.018909
-0.0187942
-0.0190742
-0.0194846
-0.0194104
-0.0197447
-0.0202248
-0.0202387
-0.0212372
-0.0224927
-0.0206479
-0.0217327
-0.0231016
-0.0212148
-0.0224106
-0.0239228
-0.0241903
-0.0262871
-0.0290756
-0.0249611
-0.0272795
-0.0303914
-0.0259968
-0.0286072
-0.0321486
-0.0274455
-0.0304712
-0.0346037
-0.0292563
-0.0328075
-0.037665
-0.0316319
-0.0358772
-0.0416273
-0.0220129
-0.0233574
-0.0250713
-0.0229965
-0.0245266
-0.0264954
-0.0242569
-0.0260326
-0.028348
-0.0259772
-0.0281125
-0.0309345
-0.0281125
-0.030725
-0.0342068
-0.0309345
-0.0342068
-0.0385545
-0.0349643
-0.0401457
-0.0469751
-0.0391596
-0.0453896
-0.0532194
-0.044618
-0.0519064
-0.0603853
-0.0518767
-0.0599188
-0.068093
-0.0599188
-0.0677128
-0.0738894
-0.068093
-0.0738894
-0.0756733
-0.0349643
-0.0391596
-0.044618
-0.0401457
-0.0453896
-0.0519064
-0.0469751
-0.0532194
-0.0603853
-0.0202387
-0.0206479
-0.0212148
-0.0212372
-0.0217327
-0.0224106
-0.0224927
-0.0231016
-0.0239228
-0.0220129
-0.0229965
-0.0242569
-0.0233574
-0.0245266
-0.0260326
-0.0250713
-0.0264954
-0.028348
-0.0274455
-0.0292563
-0.0316319
-0.0304712
-0.0328075
-0.0358772
-0.0346037
-0.037665
-0.0416273
-0.0241903
-0.0249611
-0.0259968
-0.0262871
-0.0272795
-0.0286072
-0.0290756
-0.0303914
-0.0321486
-0.0176096
-0.0177321
-0.0179581
-0.0177321
-0.017887
-0.0181506
-0.0179581
-0.0181506
-0.0184528
-0.0183213
-0.0187942
-0.0194104
-0.0185563
-0.0190742
-0.0197447
-0.018909
-0.0194846
-0.0202248
-0.0194271
-0.0200738
-0.020901
-0.0200738
-0.0208056
-0.0217404
-0.020901
-0.0217404
-0.0228069
-0.0183213
-0.0185563
-0.018909
-0.0187942
-0.0190742
-0.0194846
-0.0194104
-0.0197447
-0.0202248
-0.0202387
-0.0212372
-0.0224927
-0.0206479
-0.0217327
-0.0231016
-0.0212148
-0.0224106
-0.0239228
-0.0241903
-0.0262871
-0.0290756
-0.0249611
-0.0272795
-0.0303914
-0.0259968
-0.0286072
-0.0321486
-0.0274455
-0.0304712
-0.0346037
-0.0292563
-0.0328076
-0.037665
-0.0316319
-0.0358772
-0.0416274
-0.0220129
-0.0233574
-0.0250713
-0.0229965
-0.0245266
-0.0264954
-0.0242569
-0.0260326
-0.0283481
-0.0259773
-0.0281125
-0.0309345
-0.0281125
-0.0307251
-0.0342069
-0.0309345
-0.0342069
-0.0385546
-0.0349643
-0.0401458
-0.0469752
-0.0391597
-0.0453897
-0.0532194
-0.0446181
-0.0519064
-0.0603854
-0.0518768
-0.0599189
-0.068093
-0.0599189
-0.0677129
-0.0738895
-0.0680931
-0.0738895
-0.0756733
-0.0349643
-0.0391597
-0.0446181
-0.0401458
-0.0453897
-0.0519065
-0.0469752
-0.0532195
-0.0603854
-0.0202387
-0.0206479
-0.0212148
-0.0212372
-0.0217327
-0.0224106
-0.0224927
-0.0231016
-0.0239228
-0.0220129
-0.0229965
-0.0242569
-0.0233574
-0.0245266
-0.0260326
-0.0250713
-0.0264954
-0.0283481
-0.0274455
-0.0292564
-0.0316319
-0.0304713
-0.0328076
-0.0358772
-0.0346038
-0.0376651
-0.0416274
-0.0241903
-0.0249611
-0.0259969
-0.0262871
-0.0272795
-0.0286072
-0.0290757
-0.0303914
-0.0321487
-0.0176096
-0.0177321
-0.0179581
-0.0177321
-0.017887
-0.0181506
-0.0179581
-0.0181506
-0.0184528
-0.0183213
-0.0187942
-0.0194104
-0.0185563
-0.0190742
-0.0197447
-0.018909
-0.0194846
-0.0202248
-0.0194271
-0.0200738
-0.020901
-0.0200738
-0.0208056
-0.0217404
-0.020901
-0.0217404
-0.0228069
-0.0183213
-0.0185563
-0.018909
-0.0187942
-0.0190742
-0.0194846
-0.0194104
-0.0197447
-0.0202248
-0.0202387
-0.0212372
-0.0224927
-0.0206479
-0.0217327
-0.0231016
-0.0212148
-0.0224106
-0.0239228
-0.0241903
-0.0262871
-0.0290757
-0.0249611
-0.0272795
-0.0303914
-0.0259969
-0.0286072
-0.0321487
-0.0274455
-0.0304713
-0.0346038
-0.0292564
-0.0328076
-0.0376651
-0.031632
-0.0358773
-0.0416275
-0.0220129
-0.0233574
-0.0250713
-0.0229965
-0.0245266
-0.0264954
-0.0242569
-0.0260326
-0.0283481
-0.0259773
-0.0281125
-0.0309345
-0.0281125
-0.0307251
-0.0342069
-0.0309345
-0.0342069
-0.0385547
-0.0349644
-0.0401459
-0.0469754
-0.0391598
-0.0453899
-0.0532197
-0.0446183
-0.0519067
-0.0603857
-0.051877
-0.0599192
-0.0680933
-0.0599192
-0.0677132
-0.0738897
-0.0680933
-0.0738896
-0.0756732
-0.0349644
-0.0391598
-0.0446182
-0.0401459
-0.0453898
-0.0519067
-0.0469753
-0.0532196
-0.0603857
-0.0202387
-0.0206479
-0.0212148
-0.0212372
-0.0217327
-0.0224106
-0.0224927
-0.0231016
-0.0239228
-0.0220129
-0.0229965
-0.0242569
-0.0233574
-0.0245266
-0.0260326
-0.0250713
-0.0264954
-0.0283481
-0.0274455
-0.0292564
-0.031632
-0.0304712
-0.0328076
-0.0358773
-0.0346038
-0.0376651
-0.0416275
-0.0241903
-0.0249611
-0.0259968
-0.0262871
-0.0272795
-0.0286072
-0.0290757
-0.0303914
-0.0321486
-0.0331567
-0.0386525
-0.046431
-0.0349856
-0.0411725
-0.049816
-0.0373906
-0.0443852
-0.0538964
-0.0577949
-0.0716616
-0.0874044
-0.0620768
-0.0763407
-0.091396
-0.0667393
-0.080579
-0.093512
-0.0717045
-0.0837969
-0.0925704
-0.0758997
-0.0847227
-0.0875501
-0.0787531
-0.0824441
-0.0774634
-0.0406942
-0.0486263
-0.0589055
-0.044705
-0.053507
-0.0641466
-0.0496911
-0.0591579
-0.0694596
-0.102894
-0.111942
-0.110699
-0.104379
-0.109279
-0.103025
-0.101983
-0.100984
-0.0889617
-0.0947071
-0.0655546
-0.0243992
-0.0828108
-0.052746
-0.0177945
-0.0655829
-0.0380996
-0.0116142
-0.0421897
-0.0198506
-0.0044618
-0.0160304
-0.000769788
0.00273072
0.0119646
0.0184501
0.00963245
-0.0940418
-0.0853031
-0.0670988
-0.0805245
-0.0637098
-0.0403742
-0.0607951
-0.0362212
-0.00941983
-0.0335625
-0.0025559
0.0250546
-0.0028542
0.0312071
0.0561846
0.0304613
0.0635891
0.0825161
0.0405412
0.0366977
0.0157954
0.0637425
0.0501231
0.0199185
0.0806885
0.0584307
0.022009
0.0900977
0.0611039
0.0219958
0.0907003
0.058295
0.0201967
0.0842168
0.0514897
0.0171983
0.065082
0.0925272
0.102079
0.0936379
0.111855
0.111072
0.114545
0.121298
0.110509
-0.0560083
-0.0655929
-0.0742799
-0.0627124
-0.0713371
-0.0767628
-0.0693293
-0.0753331
-0.0753598
-0.0789686
-0.075138
-0.0604205
-0.0748711
-0.0622093
-0.0378365
-0.064817
-0.0424926
-0.00950171
-0.0461855
-0.0143159
0.0247844
-0.0204586
0.0179246
0.0583563
0.011874
0.0524611
0.0889767
-0.0745824
-0.0754024
-0.0673211
-0.0755532
-0.0689625
-0.051485
-0.0697864
-0.0538879
-0.0267854
-0.0535917
-0.0274547
0.00770712
-0.0274547
0.00637945
0.0448153
0.00770717
0.0448153
0.0806942
0.0495846
0.086575
0.113573
0.083622
0.111741
0.126239
0.110511
0.126062
0.127179
0.126362
0.127568
0.116539
0.127568
0.117155
0.0985393
0.116539
0.0985393
0.0768681
0.0495847
0.083622
0.110511
0.086575
0.111741
0.126062
0.113573
0.126239
0.127179
0.125595
0.120086
0.100957
0.124809
0.109699
0.0859544
0.114277
0.0930151
0.0681669
0.0718743
0.0417659
0.0134418
0.0575111
0.0318782
0.00990721
0.0429369
0.022708
0.00681379
0.02927
0.0147358
0.00426114
0.0189559
0.00910857
0.00254297
0.0114488
0.00525088
0.0014143
0.0957069
0.0722255
0.0494665
0.0748199
0.0527599
0.0339623
0.0542327
0.0358395
0.0217221
0.0355627
0.0220106
0.0125416
0.0220106
0.0128324
0.00691056
0.0125416
0.00691056
0.00352099
0.00622654
0.00271957
0.000706833
0.00324508
0.00135394
0.000338232
0.00156783
0.000624787
0.000150936
0.000659047
0.000251684
5.7296e-05
0.000251684
9.17932e-05
1.99255e-05
5.7296e-05
1.99255e-05
4.60382e-06
0.00622655
0.00324508
0.00156783
0.00271958
0.00135394
0.000624788
0.000706834
0.000338233
0.000150936
0.125595
0.124809
0.114277
0.120086
0.109699
0.0930151
0.100957
0.0859544
0.0681669
0.0957069
0.0748199
0.0542327
0.0722255
0.0527599
0.0358395
0.0494665
0.0339623
0.0217221
0.02927
0.0189559
0.0114488
0.0147359
0.00910857
0.00525089
0.00426114
0.00254298
0.0014143
0.0718743
0.0575111
0.0429369
0.0417659
0.0318782
0.022708
0.0134418
0.00990722
0.00681379
-0.0331567
-0.0349857
-0.0373906
-0.0386525
-0.0411726
-0.0443852
-0.0464311
-0.0498161
-0.0538964
-0.0406942
-0.044705
-0.0496911
-0.0486264
-0.053507
-0.059158
-0.0589055
-0.0641466
-0.0694597
-0.0717046
-0.0758997
-0.0787531
-0.0837969
-0.0847227
-0.082444
-0.0925703
-0.08755
-0.0774633
-0.057795
-0.0620769
-0.0667393
-0.0716616
-0.0763408
-0.080579
-0.0874045
-0.091396
-0.0935119
-0.0560084
-0.0627124
-0.0693293
-0.065593
-0.0713372
-0.0753331
-0.07428
-0.0767628
-0.0753598
-0.0745824
-0.0755532
-0.0697864
-0.0754024
-0.0689625
-0.0538878
-0.0673211
-0.051485
-0.0267854
-0.0461854
-0.0204585
0.0118741
-0.0143158
0.0179247
0.0524612
0.0247845
0.0583564
0.0889768
-0.0789686
-0.0748711
-0.064817
-0.075138
-0.0622092
-0.0424925
-0.0604204
-0.0378363
-0.00950155
-0.0335622
-0.00285399
0.0304615
-0.00255563
0.0312073
0.0635893
0.0250548
0.0561847
0.0825162
0.0650821
0.093638
0.114545
0.0925272
0.111855
0.121298
0.102079
0.111072
0.110509
0.0900977
0.0907002
0.0842167
0.0611039
0.058295
0.0514897
0.0219958
0.0201967
0.0171983
0.0405413
0.0637426
0.0806886
0.0366978
0.0501231
0.0584308
0.0157954
0.0199186
0.022009
-0.102894
-0.104379
-0.101983
-0.111941
-0.109278
-0.100983
-0.110698
-0.103025
-0.0889613
-0.0940416
-0.0805242
-0.0607948
-0.0853027
-0.0637095
-0.0362209
-0.0670984
-0.0403739
-0.00941951
-0.0421894
-0.0160301
0.0119649
-0.0198503
-0.000769581
0.0184502
-0.00446172
0.00273079
0.0096325
-0.0947066
-0.0828103
-0.0655825
-0.0655542
-0.0527456
-0.0380993
-0.024399
-0.0177944
-0.0116141
-0.0331567
-0.0386525
-0.0464311
-0.0349857
-0.0411726
-0.0498161
-0.0373906
-0.0443852
-0.0538964
-0.057795
-0.0716616
-0.0874044
-0.0620768
-0.0763407
-0.091396
-0.0667393
-0.080579
-0.0935119
-0.0717046
-0.0837969
-0.0925703
-0.0758997
-0.0847226
-0.0875499
-0.0787531
-0.082444
-0.0774633
-0.0406942
-0.0486263
-0.0589055
-0.044705
-0.053507
-0.0641466
-0.0496911
-0.0591579
-0.0694596
-0.102894
-0.111941
-0.110698
-0.104379
-0.109278
-0.103025
-0.101983
-0.100983
-0.0889612
-0.0947066
-0.0655542
-0.024399
-0.0828103
-0.0527456
-0.0177944
-0.0655825
-0.0380993
-0.0116141
-0.0421894
-0.0198504
-0.00446175
-0.0160302
-0.000769692
0.00273074
0.0119647
0.0184501
0.00963244
-0.0940416
-0.0853027
-0.0670984
-0.0805242
-0.0637095
-0.040374
-0.060795
-0.036221
-0.00941973
-0.0335625
-0.00255595
0.0250545
-0.00285439
0.0312069
0.0561844
0.0304609
0.0635888
0.0825159
0.0405411
0.0366976
0.0157954
0.0637423
0.050123
0.0199185
0.0806884
0.0584307
0.022009
0.0900977
0.061104
0.0219958
0.0907004
0.0582951
0.0201968
0.084217
0.05149
0.0171984
0.0650815
0.0925268
0.102079
0.0936374
0.111855
0.111072
0.114544
0.121298
0.110509
-0.0560083
-0.0655929
-0.0742799
-0.0627123
-0.0713371
-0.0767627
-0.0693292
-0.0753331
-0.0753598
-0.0789686
-0.075138
-0.0604205
-0.0748712
-0.0622094
-0.0378366
-0.0648171
-0.0424929
-0.00950203
-0.0461858
-0.0143163
0.0247839
-0.0204591
0.0179239
0.0583557
0.0118733
0.0524603
0.088976
-0.0745824
-0.0754024
-0.0673213
-0.0755532
-0.0689627
-0.0514854
-0.0697867
-0.0538883
-0.0267861
-0.0535923
-0.0274556
0.00770607
-0.0274559
0.00637798
0.0448138
0.00770527
0.0448134
0.0806925
0.0495835
0.0865741
0.113573
0.0836207
0.11174
0.126239
0.11051
0.126061
0.127179
0.126361
0.127569
0.11654
0.127569
0.117156
0.0985408
0.116541
0.098541
0.0768699
0.0495823
0.08362
0.11051
0.0865727
0.111739
0.126061
0.113571
0.126238
0.127179
0.125595
0.120086
0.100957
0.124809
0.1097
0.0859552
0.114277
0.0930162
0.068168
0.0718748
0.0417663
0.013442
0.0575119
0.0318787
0.00990741
0.0429378
0.0227085
0.00681398
0.0292708
0.0147363
0.0042613
0.0189566
0.00910895
0.00254309
0.0114494
0.00525116
0.00141438
0.0957082
0.0722268
0.0494676
0.0748214
0.0527612
0.0339634
0.0542342
0.0358408
0.021723
0.0355641
0.0220116
0.0125423
0.0220117
0.0128331
0.006911
0.0125424
0.00691104
0.00352126
0.0062269
0.00271975
0.000706883
0.0032453
0.00135404
0.00033826
0.00156795
0.000624843
0.00015095
0.00065911
0.00025171
5.73027e-05
0.000251711
9.18039e-05
1.99278e-05
5.73034e-05
1.99279e-05
4.60467e-06
0.00622701
0.00324535
0.00156797
0.00271981
0.00135407
0.000624851
0.000706903
0.000338268
0.000150953
0.125594
0.12481
0.114278
0.120087
0.109701
0.0930172
0.100958
0.0859565
0.0681692
0.0957088
0.0748219
0.0542345
0.0722276
0.0527618
0.0358411
0.0494685
0.033964
0.0217233
0.0292715
0.0189571
0.0114496
0.0147368
0.00910922
0.0052513
0.00426145
0.00254318
0.00141442
0.0718762
0.0575132
0.0429388
0.0417674
0.0318796
0.0227092
0.0134424
0.00990774
0.00681422
-0.0331566
-0.0349856
-0.0373905
-0.0386524
-0.0411725
-0.0443851
-0.046431
-0.049816
-0.0538963
-0.0406941
-0.0447049
-0.049691
-0.0486262
-0.0535069
-0.0591578
-0.0589054
-0.0641465
-0.0694595
-0.0717044
-0.0758996
-0.0787531
-0.0837969
-0.0847228
-0.0824443
-0.0925706
-0.0875505
-0.0774642
-0.0577948
-0.0620767
-0.0667392
-0.0716616
-0.0763407
-0.080579
-0.0874045
-0.0913961
-0.0935121
-0.0560082
-0.0627122
-0.0693291
-0.0655928
-0.071337
-0.075333
-0.0742798
-0.0767627
-0.07536
-0.0745824
-0.0755532
-0.0697867
-0.0754025
-0.0689629
-0.0538886
-0.0673217
-0.051486
-0.0267869
-0.0461867
-0.0204603
0.0118719
-0.0143179
0.0179222
0.0524585
0.0247818
0.0583536
0.0889742
-0.0789687
-0.0748715
-0.0648177
-0.0751386
-0.0622102
-0.0424941
-0.0604217
-0.0378382
-0.00950393
-0.0335645
-0.00285669
0.0304585
-0.00255854
0.0312042
0.0635862
0.0250517
0.0561817
0.0825137
0.0650792
0.0936354
0.114543
0.0925247
0.111853
0.121298
0.102078
0.111071
0.110509
0.0900971
0.0907006
0.084218
0.0611039
0.0582957
0.051491
0.0219959
0.0201971
0.0171989
0.0405387
0.0637403
0.080687
0.036696
0.0501217
0.05843
0.0157948
0.0199181
0.0220088
-0.102894
-0.104379
-0.101983
-0.111942
-0.109279
-0.100985
-0.110699
-0.103026
-0.0889628
-0.0940425
-0.0805255
-0.0607965
-0.0853042
-0.0637114
-0.0362233
-0.0671004
-0.0403764
-0.0094224
-0.0421915
-0.0160326
0.0119622
-0.019852
-0.000771491
0.0184482
-0.00446242
0.00273003
0.00963177
-0.0947079
-0.0828118
-0.0655842
-0.0655553
-0.0527469
-0.0381008
-0.0243995
-0.017795
-0.0116147
-0.0331566
-0.0386524
-0.046431
-0.0349856
-0.0411724
-0.049816
-0.0373905
-0.044385
-0.0538962
-0.0577948
-0.0716616
-0.0874045
-0.0620767
-0.0763407
-0.0913961
-0.0667391
-0.0805789
-0.0935121
-0.0717044
-0.0837969
-0.0925708
-0.0758995
-0.0847228
-0.0875507
-0.078753
-0.0824445
-0.0774646
-0.0406941
-0.0486261
-0.0589053
-0.0447048
-0.0535068
-0.0641463
-0.0496909
-0.0591576
-0.0694593
-0.102894
-0.111942
-0.1107
-0.104379
-0.109279
-0.103026
-0.101983
-0.100985
-0.0889633
-0.0947079
-0.0655554
-0.0243995
-0.0828121
-0.0527471
-0.0177951
-0.0655847
-0.0381012
-0.0116149
-0.0421923
-0.0198526
-0.00446264
-0.0160335
-0.00077218
0.00272977
0.0119611
0.0184475
0.00963149
-0.0940428
-0.0853047
-0.0671011
-0.080526
-0.0637123
-0.0403773
-0.0607974
-0.0362244
-0.00942361
-0.0335656
-0.00255987
0.0250504
-0.00285804
0.0312027
0.0561804
0.030457
0.0635848
0.0825125
0.0405376
0.0366953
0.0157946
0.0637393
0.0501212
0.019918
0.0806863
0.0584297
0.0220088
0.0900968
0.061104
0.021996
0.0907008
0.058296
0.0201972
0.0842186
0.0514915
0.0171992
0.0650777
0.0925235
0.102077
0.0936341
0.111853
0.111071
0.114542
0.121298
0.11051
-0.056008
-0.0655926
-0.0742797
-0.062712
-0.0713369
-0.0767627
-0.069329
-0.075333
-0.0753601
-0.0789688
-0.0751389
-0.0604224
-0.0748717
-0.0622108
-0.0378392
-0.0648182
-0.042495
-0.00950523
-0.0461876
-0.0143191
0.0247803
-0.0204615
0.0179206
0.058352
0.0118703
0.0524569
0.0889728
-0.0745822
-0.0754026
-0.0673221
-0.0755533
-0.0689632
-0.0514868
-0.0697871
-0.0538894
-0.0267881
-0.0535932
-0.0274572
0.00770362
-0.0274572
0.00637598
0.0448113
0.0077036
0.0448113
0.0806903
0.0495805
0.0865712
0.11357
0.0836182
0.111738
0.126238
0.110508
0.126061
0.127179
0.12636
0.127569
0.116542
0.127569
0.117157
0.0985426
0.116542
0.0985426
0.0768718
0.0495805
0.0836182
0.110508
0.0865711
0.111738
0.126061
0.11357
0.126238
0.127179
0.125594
0.120087
0.100959
0.12481
0.109702
0.0859576
0.114279
0.0930185
0.0681704
0.0718771
0.0417681
0.0134427
0.0575142
0.0318803
0.00990798
0.0429398
0.0227098
0.00681442
0.0292724
0.0147373
0.0042616
0.0189578
0.00910957
0.00254328
0.0114501
0.00525153
0.00141449
0.0957103
0.0722291
0.0494698
0.0748235
0.0527633
0.0339651
0.0542361
0.0358423
0.0217241
0.0355655
0.0220127
0.012543
0.0220127
0.0128338
0.00691142
0.012543
0.00691142
0.00352148
0.00622732
0.00271995
0.000706939
0.00324553
0.00135415
0.000338288
0.00156807
0.000624891
0.000150962
0.000659157
0.000251728
5.73075e-05
0.000251728
9.18107e-05
1.99292e-05
5.73074e-05
1.99292e-05
4.60511e-06
0.00622732
0.00324553
0.00156807
0.00271995
0.00135415
0.000624891
0.000706938
0.000338287
0.000150962
0.125594
0.12481
0.114279
0.120087
0.109702
0.0930185
0.100959
0.0859577
0.0681705
0.0957103
0.0748236
0.0542361
0.0722291
0.0527633
0.0358423
0.0494698
0.0339651
0.0217241
0.0292724
0.0189578
0.0114501
0.0147373
0.00910957
0.00525153
0.00426159
0.00254328
0.00141449
0.0718771
0.0575142
0.0429398
0.0417681
0.0318803
0.0227098
0.0134427
0.00990798
0.00681441
-0.0331566
-0.0349856
-0.0373905
-0.0386524
-0.0411724
-0.044385
-0.046431
-0.049816
-0.0538962
-0.0406941
-0.0447048
-0.0496909
-0.0486261
-0.0535067
-0.0591576
-0.0589053
-0.0641463
-0.0694593
-0.0717044
-0.0758995
-0.0787531
-0.0837969
-0.0847228
-0.0824445
-0.0925708
-0.0875508
-0.0774647
-0.0577948
-0.0620767
-0.0667391
-0.0716616
-0.0763407
-0.080579
-0.0874046
-0.0913962
-0.0935122
-0.056008
-0.062712
-0.069329
-0.0655926
-0.0713369
-0.075333
-0.0742797
-0.0767627
-0.0753601
-0.0745822
-0.0755533
-0.0697871
-0.0754026
-0.0689632
-0.0538894
-0.0673221
-0.0514868
-0.0267881
-0.0461876
-0.0204616
0.0118703
-0.0143192
0.0179206
0.0524568
0.0247801
0.0583519
0.0889727
-0.0789688
-0.0748717
-0.0648183
-0.075139
-0.0622109
-0.0424951
-0.0604225
-0.0378393
-0.00950534
-0.0335657
-0.00285819
0.0304568
-0.00256006
0.0312026
0.0635846
0.0250502
0.0561802
0.0825124
0.0650775
0.093634
0.114542
0.0925234
0.111853
0.121298
0.102077
0.111071
0.11051
0.0900968
0.0907008
0.0842187
0.0611039
0.058296
0.0514916
0.021996
0.0201973
0.0171992
0.0405374
0.0637391
0.0806862
0.0366952
0.0501211
0.0584297
0.0157945
0.0199179
0.0220087
-0.102894
-0.104379
-0.101983
-0.111942
-0.109279
-0.100985
-0.1107
-0.103026
-0.0889634
-0.0940429
-0.0805261
-0.0607975
-0.0853049
-0.0637124
-0.0362246
-0.0671013
-0.0403775
-0.00942382
-0.0421924
-0.0160337
0.0119609
-0.0198528
-0.000772346
0.0184473
-0.00446271
0.0027297
0.00963143
-0.094708
-0.0828122
-0.0655849
-0.0655554
-0.0527472
-0.0381013
-0.0243995
-0.0177951
-0.011615
-0.0331566
-0.0386524
-0.046431
-0.0349856
-0.0411725
-0.049816
-0.0373905
-0.0443851
-0.0538963
-0.0577948
-0.0716616
-0.0874046
-0.0620767
-0.0763407
-0.0913961
-0.0667392
-0.080579
-0.0935121
-0.0717044
-0.0837969
-0.0925706
-0.0758995
-0.0847228
-0.0875505
-0.0787531
-0.0824444
-0.0774642
-0.0406941
-0.0486262
-0.0589053
-0.0447049
-0.0535068
-0.0641464
-0.0496909
-0.0591577
-0.0694594
-0.102894
-0.111942
-0.1107
-0.104379
-0.109279
-0.103026
-0.101983
-0.100985
-0.0889629
-0.0947079
-0.0655553
-0.0243995
-0.0828118
-0.0527469
-0.017795
-0.0655843
-0.0381008
-0.0116148
-0.0421916
-0.0198521
-0.00446242
-0.0160327
-0.000771518
0.00273003
0.0119621
0.0184482
0.00963176
-0.0940425
-0.0853043
-0.0671005
-0.0805256
-0.0637115
-0.0403764
-0.0607967
-0.0362235
-0.00942252
-0.0335647
-0.00255874
0.0250516
-0.00285697
0.031204
0.0561816
0.0304582
0.063586
0.0825135
0.0405386
0.036696
0.0157948
0.0637402
0.0501217
0.0199181
0.0806869
0.05843
0.0220088
0.0900971
0.061104
0.0219959
0.0907007
0.0582957
0.0201971
0.0842181
0.051491
0.0171989
0.0650788
0.0925245
0.102077
0.0936351
0.111853
0.111071
0.114543
0.121298
0.110509
-0.0560081
-0.0655927
-0.0742798
-0.0627121
-0.0713369
-0.0767627
-0.069329
-0.075333
-0.0753601
-0.0789687
-0.0751387
-0.0604219
-0.0748716
-0.0622104
-0.0378384
-0.0648179
-0.0424944
-0.00950429
-0.0461871
-0.0143183
0.0247813
-0.0204608
0.0179216
0.0583531
0.0118711
0.0524578
0.0889738
-0.0745823
-0.0754025
-0.0673219
-0.0755532
-0.0689631
-0.0514864
-0.069787
-0.0538891
-0.0267875
-0.0535928
-0.0274566
0.00770447
-0.0274563
0.00637717
0.0448126
0.00770524
0.044813
0.0806919
0.0495816
0.0865722
0.113571
0.0836194
0.111739
0.126238
0.110509
0.126061
0.127179
0.126361
0.127569
0.116541
0.127569
0.117156
0.0985412
0.116541
0.098541
0.0768701
0.0495828
0.0836201
0.110509
0.0865735
0.111739
0.126061
0.113572
0.126238
0.127179
0.125594
0.120087
0.100959
0.12481
0.109701
0.0859567
0.114278
0.0930174
0.0681693
0.0718763
0.0417674
0.0134424
0.0575133
0.0318797
0.00990775
0.0429389
0.0227093
0.00681422
0.0292716
0.0147368
0.00426145
0.0189571
0.00910923
0.00254318
0.0114496
0.00525131
0.00141442
0.095709
0.0722278
0.0494686
0.074822
0.052762
0.0339641
0.0542346
0.0358412
0.0217233
0.0355642
0.0220118
0.0125424
0.0220117
0.0128331
0.00691105
0.0125423
0.00691101
0.00352126
0.00622703
0.00271982
0.000706903
0.00324535
0.00135407
0.000338269
0.00156797
0.000624852
0.000150953
0.000659111
0.000251711
5.73034e-05
0.00025171
9.1804e-05
1.99279e-05
5.73028e-05
1.99278e-05
4.60467e-06
0.00622691
0.00324531
0.00156796
0.00271975
0.00135404
0.000624844
0.000706884
0.00033826
0.00015095
0.125595
0.12481
0.114278
0.120086
0.1097
0.0930164
0.100957
0.0859554
0.0681681
0.0957084
0.0748216
0.0542344
0.072227
0.0527614
0.0358409
0.0494677
0.0339635
0.021723
0.0292709
0.0189567
0.0114494
0.0147364
0.00910896
0.00525116
0.00426131
0.0025431
0.00141438
0.0718749
0.057512
0.0429379
0.0417664
0.0318788
0.0227086
0.013442
0.00990743
0.00681399
-0.0331567
-0.0349857
-0.0373906
-0.0386525
-0.0411726
-0.0443852
-0.0464311
-0.0498161
-0.0538964
-0.0406942
-0.044705
-0.049691
-0.0486263
-0.0535069
-0.0591578
-0.0589055
-0.0641465
-0.0694595
-0.0717045
-0.0758996
-0.078753
-0.0837968
-0.0847226
-0.082444
-0.0925703
-0.0875499
-0.0774634
-0.0577949
-0.0620768
-0.0667393
-0.0716616
-0.0763407
-0.080579
-0.0874044
-0.091396
-0.0935118
-0.0560082
-0.0627122
-0.0693291
-0.0655928
-0.071337
-0.075333
-0.0742798
-0.0767627
-0.0753599
-0.0745823
-0.0755532
-0.0697869
-0.0754025
-0.0689629
-0.0538888
-0.0673215
-0.0514858
-0.0267867
-0.0461862
-0.0204597
0.0118725
-0.0143168
0.0179233
0.0524596
0.0247834
0.0583552
0.0889756
-0.0789686
-0.0748712
-0.0648174
-0.0751381
-0.0622096
-0.0424932
-0.0604207
-0.0378369
-0.00950242
-0.0335627
-0.00285468
0.0304606
-0.00255613
0.0312067
0.0635886
0.0250544
0.0561843
0.0825158
0.0650812
0.0936371
0.114544
0.0925266
0.111855
0.121298
0.102079
0.111072
0.110509
0.0900978
0.0907005
0.0842172
0.0611041
0.0582952
0.0514901
0.0219959
0.0201968
0.0171985
0.0405411
0.0637423
0.0806884
0.0366976
0.050123
0.0584308
0.0157954
0.0199185
0.022009
-0.102894
-0.104379
-0.101983
-0.111941
-0.109278
-0.100983
-0.110698
-0.103025
-0.0889613
-0.0940416
-0.0805243
-0.0607951
-0.0853027
-0.0637096
-0.0362212
-0.0670984
-0.0403741
-0.00941983
-0.0421895
-0.0160303
0.0119647
-0.0198504
-0.000769708
0.0184501
-0.00446175
0.00273074
0.00963245
-0.0947066
-0.0828103
-0.0655825
-0.0655542
-0.0527456
-0.0380994
-0.024399
-0.0177944
-0.0116142
-0.0331567
-0.0386525
-0.0464311
-0.0349857
-0.0411726
-0.0498161
-0.0373906
-0.0443852
-0.0538964
-0.057795
-0.0716616
-0.0874045
-0.0620769
-0.0763408
-0.091396
-0.0667393
-0.080579
-0.0935119
-0.0717046
-0.0837969
-0.0925703
-0.0758997
-0.0847227
-0.08755
-0.0787531
-0.082444
-0.0774633
-0.0406942
-0.0486264
-0.0589055
-0.044705
-0.053507
-0.0641466
-0.0496911
-0.059158
-0.0694597
-0.102894
-0.111941
-0.110698
-0.104379
-0.109278
-0.103025
-0.101983
-0.100983
-0.0889613
-0.0947066
-0.0655542
-0.024399
-0.0828103
-0.0527456
-0.0177944
-0.0655825
-0.0380993
-0.0116141
-0.0421894
-0.0198503
-0.00446172
-0.0160301
-0.000769581
0.00273079
0.0119649
0.0184502
0.0096325
-0.0940416
-0.0853027
-0.0670984
-0.0805242
-0.0637095
-0.0403739
-0.0607948
-0.0362209
-0.00941951
-0.0335622
-0.00255563
0.0250548
-0.00285399
0.0312073
0.0561847
0.0304615
0.0635893
0.0825162
0.0405413
0.0366978
0.0157954
0.0637426
0.0501231
0.0199186
0.0806886
0.0584308
0.022009
0.0900977
0.0611039
0.0219958
0.0907002
0.058295
0.0201967
0.0842167
0.0514897
0.0171983
0.0650821
0.0925272
0.102079
0.093638
0.111855
0.111072
0.114545
0.121298
0.110509
-0.0560084
-0.065593
-0.07428
-0.0627124
-0.0713372
-0.0767628
-0.0693293
-0.0753331
-0.0753598
-0.0789686
-0.075138
-0.0604204
-0.0748711
-0.0622092
-0.0378363
-0.064817
-0.0424925
-0.00950155
-0.0461854
-0.0143158
0.0247845
-0.0204585
0.0179247
0.0583564
0.0118741
0.0524612
0.0889768
-0.0745824
-0.0754024
-0.0673211
-0.0755532
-0.0689625
-0.051485
-0.0697864
-0.0538878
-0.0267854
-0.0535917
-0.0274547
0.00770717
-0.0274547
0.00637945
0.0448153
0.00770712
0.0448153
0.0806942
0.0495847
0.086575
0.113573
0.083622
0.111741
0.126239
0.110511
0.126062
0.127179
0.126362
0.127568
0.116539
0.127568
0.117155
0.0985393
0.116539
0.0985393
0.0768681
0.0495846
0.083622
0.110511
0.086575
0.111741
0.126062
0.113573
0.126239
0.127179
0.125595
0.120086
0.100957
0.124809
0.109699
0.0859544
0.114277
0.0930151
0.0681669
0.0718743
0.0417659
0.0134418
0.0575111
0.0318782
0.00990722
0.0429369
0.022708
0.00681379
0.02927
0.0147359
0.00426114
0.0189559
0.00910857
0.00254298
0.0114488
0.00525089
0.0014143
0.0957069
0.0722255
0.0494665
0.0748199
0.0527599
0.0339623
0.0542327
0.0358395
0.0217221
0.0355627
0.0220106
0.0125416
0.0220106
0.0128324
0.00691056
0.0125416
0.00691056
0.00352099
0.00622655
0.00271958
0.000706834
0.00324508
0.00135394
0.000338233
0.00156783
0.000624788
0.000150936
0.000659047
0.000251684
5.7296e-05
0.000251684
9.17932e-05
1.99255e-05
5.7296e-05
1.99255e-05
4.60382e-06
0.00622654
0.00324508
0.00156783
0.00271957
0.00135394
0.000624787
0.000706833
0.000338232
0.000150936
0.125595
0.124809
0.114277
0.120086
0.109699
0.0930151
0.100957
0.0859544
0.0681669
0.0957069
0.0748199
0.0542327
0.0722255
0.0527599
0.0358395
0.0494665
0.0339623
0.0217221
0.02927
0.0189559
0.0114488
0.0147358
0.00910857
0.00525088
0.00426114
0.00254297
0.0014143
0.0718743
0.0575111
0.0429369
0.0417659
0.0318782
0.022708
0.0134418
0.00990721
0.00681379
-0.0331567
-0.0349856
-0.0373906
-0.0386525
-0.0411725
-0.0443852
-0.046431
-0.049816
-0.0538964
-0.0406942
-0.044705
-0.0496911
-0.0486263
-0.053507
-0.0591579
-0.0589055
-0.0641466
-0.0694596
-0.0717045
-0.0758997
-0.0787531
-0.0837969
-0.0847227
-0.0824441
-0.0925704
-0.0875501
-0.0774634
-0.0577949
-0.0620768
-0.0667393
-0.0716616
-0.0763407
-0.080579
-0.0874044
-0.091396
-0.093512
-0.0560083
-0.0627124
-0.0693293
-0.0655929
-0.0713371
-0.0753331
-0.0742799
-0.0767628
-0.0753598
-0.0745824
-0.0755532
-0.0697864
-0.0754024
-0.0689625
-0.0538879
-0.0673211
-0.051485
-0.0267854
-0.0461855
-0.0204586
0.011874
-0.0143159
0.0179246
0.0524611
0.0247844
0.0583563
0.0889767
-0.0789686
-0.0748711
-0.064817
-0.075138
-0.0622093
-0.0424926
-0.0604205
-0.0378365
-0.00950171
-0.0335625
-0.0028542
0.0304613
-0.0025559
0.0312071
0.0635891
0.0250546
0.0561846
0.0825161
0.065082
0.0936379
0.114545
0.0925272
0.111855
0.121298
0.102079
0.111072
0.110509
0.0900977
0.0907003
0.0842168
0.0611039
0.058295
0.0514897
0.0219958
0.0201967
0.0171983
0.0405412
0.0637425
0.0806885
0.0366977
0.0501231
0.0584307
0.0157954
0.0199185
0.022009
-0.102894
-0.104379
-0.101983
-0.111942
-0.109279
-0.100984
-0.110699
-0.103025
-0.0889617
-0.0940418
-0.0805245
-0.0607951
-0.0853031
-0.0637098
-0.0362212
-0.0670988
-0.0403742
-0.00941983
-0.0421897
-0.0160304
0.0119646
-0.0198506
-0.000769788
0.0184501
-0.0044618
0.00273072
0.00963245
-0.0947071
-0.0828108
-0.0655829
-0.0655546
-0.052746
-0.0380996
-0.0243992
-0.0177945
-0.0116142
