FiniteElementSpace
FiniteElementCollection: H1_2D_P4
VDim: 1
Ordering: 0

0.0147293
0
0
0
0
0
0
0
0
0
0
-0.328059
0
0
-0.32806
0
0
-0.328062
0
0
-0.328063
0
0
-0.32806
0
0
-0.7613
-0.761304
-0.761315
-0.761303
-0.7613
-0.00165613
-0.36302
-0.363021
-0.00165597
-0.363022
-0.363022
-0.00165648
-0.363023
-0.363023
-0.00165651
-0.363022
-0.363023
-0.00165597
-0.363021
-0.36302
0.682156
0
0.39596
0
0
0.395961
0
0.682158
0
0.395958
0
0
0.395989
0
0.682161
0
0.395992
0
0
0.395995
0
0.682162
0
0.395991
0
0
0.395955
0
0.682158
0
0.395961
0
0
0.39596
0
-0.0623199
-0.0623207
-0.0623219
-0.0623205
-0.0623199
0.886981
-1.75916
0.886983
0.886982
-1.75914
0.886983
0.886982
-1.75912
0.886984
0.886983
-1.75914
0.886982
0.886983
-1.75916
0.886981
0.013806
-0.0172614
-0.0172612
0.013806
-0.123451
-0.324229
-0.238565
-0.531337
-0.531337
-0.238565
-0.32423
-0.123451
-0.0172612
-0.017262
0.0138059
-0.324231
-0.238566
-0.531341
-0.531339
-0.238568
-0.324231
-0.123453
-0.017262
-0.0172621
0.0138059
-0.324231
-0.23857
-0.531345
-0.531345
-0.238571
-0.324232
-0.123453
-0.0172619
-0.0172611
0.013806
-0.324232
-0.238568
-0.531338
-0.531341
-0.238565
-0.324231
-0.123451
-0.0172612
-0.0172614
-0.32423
-0.238565
-0.531337
-0.531337
-0.238565
-0.324229
0.0944996
0.725781
0.250462
0.283385
0
0.59711
0
0.861428
0.919722
-0.542014
-0.653716
-0.653716
-0.542012
0
-1.6973
0
0
-1.6973
0
0.861428
0.250462
0.725784
0.0944983
0.919723
0
0.597112
0
0.283387
0.725784
0.250458
0
0.597111
0
0.861434
0.91972
-0.54202
-0.653716
-0.65368
-0.542005
0
-1.69732
0
0
-1.6973
0
0.861468
0.250467
0.725785
0.0945038
0.919731
0
0.597098
0
0.283382
0.725784
0.25047
0
0.597092
0
0.861482
0.919732
-0.542015
-0.653675
-0.65367
-0.542012
0
-1.69732
0
0
-1.69731
0
0.861484
0.250471
0.725785
0.0945042
0.919735
0
0.597091
0
0.283382
0.725785
0.250467
0
0.597098
0
0.86147
0.919731
-0.542004
-0.653677
-0.653715
-0.542023
0
-1.6973
0
0
-1.69732
0
0.861435
0.250456
0.725784
0.0944983
0.919718
0
0.597111
0
0.283387
0.725784
0.250462
0
0.597112
0
0.861428
0.919723
-0.542012
-0.653716
-0.653716
-0.542014
0
-1.6973
0
0
-1.6973
0
0.861428
0.250462
0.725781
0.919722
0
0.59711
0
0.0117432
-0.182135
-0.387235
-0.182135
0.0117432
-0.182135
-0.387238
-0.182138
0.0117431
-0.182138
-0.387244
-0.182138
0.0117431
-0.182138
-0.387237
-0.182134
0.0117432
-0.182135
-0.387235
-0.182135
0.266201
0.267551
1.09769
-0.0372186
-0.81007
-0.600695
-1.00023
-0.600695
0.266201
-0.0372181
1.09769
0.267553
0.266199
0.267554
1.09769
-0.0372236
-0.810074
-0.600679
-1.00028
-0.600622
0.266205
-0.0372094
1.09768
0.267548
0.266206
0.267546
1.09767
-0.0372092
-0.810081
-0.600597
-1.00032
-0.600591
0.266207
-0.037207
1.09767
0.267546
0.266205
0.267548
1.09768
-0.0372091
-0.810074
-0.60062
-1.00028
-0.600679
0.266197
-0.0372264
1.09769
0.267554
0.266201
0.267553
1.09769
-0.0372181
-0.81007
-0.600695
-1.00023
-0.600695
0.266201
-0.0372186
1.09769
0.267551
0.0144837
0.014161
0.0140455
0.0138324
0.0134168
0.0122953
0.0138325
0.0134168
0.0122953
0.0144836
0.014161
0.0140455
0.00399352
0.0108712
0.0129292
-0.00370569
-0.00863977
-0.0144511
-0.00691835
0.00496425
0.0100732
-0.0482204
-0.0315573
-0.0212387
-0.0482204
-0.0315572
-0.0212385
-0.00691819
0.00496428
0.0100732
-0.00370551
-0.00863954
-0.0144509
0.00399362
0.0108713
0.0129292
-0.0109051
-0.0393773
-0.0890593
-0.13538
-0.155429
-0.173548
-0.0325058
-0.0757397
-0.140769
-0.31299
-0.246799
-0.163811
-0.328942
-0.327438
-0.324752
-0.337109
-0.302558
-0.226776
-0.349017
-0.331856
-0.325338
-0.380479
-0.353617
-0.282618
-0.225583
-0.206383
-0.190693
-0.0797122
-0.127966
-0.196702
-0.254659
-0.295685
-0.352111
-0.254659
-0.295685
-0.352111
-0.0797121
-0.127966
-0.196702
-0.381749
-0.428696
-0.492564
-0.5344
-0.493605
-0.426645
-0.734259
-0.660143
-0.576055
-0.734259
-0.660143
-0.576055
-0.534401
-0.493606
-0.426645
-0.38175
-0.428696
-0.492564
-0.38048
-0.353618
-0.282618
-0.0325055
-0.0757395
-0.140769
-0.13538
-0.155429
-0.173548
-0.0109049
-0.039377
-0.0890589
-0.225584
-0.206384
-0.190693
-0.349018
-0.331857
-0.325339
-0.33711
-0.302559
-0.226776
-0.328943
-0.327439
-0.324753
-0.31299
-0.246799
-0.163811
0.0138325
0.0134168
0.0122953
0.0138324
0.0134167
0.0122953
0.0144836
0.014161
0.0140455
-0.00370552
-0.00863956
-0.0144509
-0.00691837
0.00496422
0.0100731
-0.048221
-0.0315574
-0.0212386
-0.0482213
-0.0315581
-0.0212394
-0.00691877
0.00496404
0.010073
-0.00370603
-0.00864015
-0.0144517
0.00399332
0.0108711
0.0129292
-0.13538
-0.155429
-0.173548
-0.0325055
-0.0757394
-0.140769
-0.328943
-0.32744
-0.324753
-0.33711
-0.302559
-0.226776
-0.349019
-0.331858
-0.325339
-0.380481
-0.353618
-0.282619
-0.225584
-0.206383
-0.190693
-0.079713
-0.127966
-0.196703
-0.254659
-0.295686
-0.352114
-0.254662
-0.295688
-0.352114
-0.0797133
-0.127967
-0.196705
-0.381752
-0.428699
-0.492568
-0.534404
-0.493609
-0.426648
-0.734264
-0.660148
-0.57606
-0.734263
-0.660146
-0.576058
-0.534404
-0.493609
-0.426649
-0.381751
-0.428698
-0.492566
-0.380482
-0.353621
-0.282621
-0.0325066
-0.0757412
-0.140771
-0.135382
-0.155432
-0.173551
-0.0109056
-0.0393782
-0.0890609
-0.225587
-0.206386
-0.190696
-0.349019
-0.331858
-0.32534
-0.337112
-0.302562
-0.226779
-0.328945
-0.327441
-0.324755
-0.312993
-0.246802
-0.163813
0.0138325
0.0134167
0.0122953
0.0138325
0.0134167
0.0122953
0.0144836
0.014161
0.0140455
-0.00370604
-0.00864016
-0.0144517
-0.00691891
0.00496398
0.010073
-0.048222
-0.0315584
-0.0212395
-0.048222
-0.0315585
-0.0212396
-0.00691895
0.00496396
0.0100729
-0.00370607
-0.0086402
-0.0144518
0.00399331
0.0108711
0.0129292
-0.135382
-0.155432
-0.173551
-0.0325066
-0.0757413
-0.140771
-0.328945
-0.327441
-0.324754
-0.337112
-0.302562
-0.22678
-0.349019
-0.331858
-0.32534
-0.380483
-0.353622
-0.282623
-0.225588
-0.206387
-0.190696
-0.0797145
-0.127969
-0.196706
-0.254664
-0.295692
-0.352119
-0.254664
-0.295692
-0.35212
-0.0797146
-0.127969
-0.196707
-0.381753
-0.4287
-0.492571
-0.53441
-0.493616
-0.426655
-0.734274
-0.660156
-0.576065
-0.734274
-0.660155
-0.576065
-0.53441
-0.493616
-0.426655
-0.381753
-0.4287
-0.49257
-0.380484
-0.353623
-0.282624
-0.0325067
-0.0757415
-0.140772
-0.135382
-0.155432
-0.173551
-0.0109057
-0.0393783
-0.0890611
-0.225588
-0.206388
-0.190697
-0.349019
-0.331858
-0.32534
-0.337113
-0.302563
-0.22678
-0.328945
-0.327441
-0.324755
-0.312994
-0.246802
-0.163814
0.0138324
0.0134167
0.0122953
0.0138325
0.0134168
0.0122953
0.0144836
0.014161
0.0140455
-0.00370606
-0.00864017
-0.0144517
-0.00691876
0.00496404
0.010073
-0.0482211
-0.031558
-0.0212394
-0.0482208
-0.0315573
-0.0212386
-0.00691832
0.00496424
0.0100731
-0.00370551
-0.00863954
-0.0144509
0.00399362
0.0108713
0.0129292
-0.135382
-0.155432
-0.173551
-0.0325066
-0.0757412
-0.140771
-0.328945
-0.327441
-0.324755
-0.337112
-0.302562
-0.226779
-0.349019
-0.331858
-0.32534
-0.380482
-0.35362
-0.282621
-0.225586
-0.206386
-0.190696
-0.0797131
-0.127967
-0.196705
-0.254661
-0.295687
-0.352113
-0.254659
-0.295686
-0.352113
-0.0797128
-0.127966
-0.196702
-0.381751
-0.428697
-0.492565
-0.534403
-0.493608
-0.426648
-0.734262
-0.660145
-0.576057
-0.734263
-0.660147
-0.57606
-0.534404
-0.493607
-0.426647
-0.381752
-0.428699
-0.492568
-0.380481
-0.353617
-0.282618
-0.0325054
-0.0757392
-0.140768
-0.13538
-0.155429
-0.173548
-0.0109049
-0.039377
-0.0890589
-0.225583
-0.206383
-0.190693
-0.34902
-0.331858
-0.32534
-0.33711
-0.302558
-0.226776
-0.328943
-0.32744
-0.324754
-0.31299
-0.246799
-0.163811
0.0138325
0.0134168
0.0122953
0.0138324
0.0134168
0.0122953
-0.00370551
-0.00863955
-0.0144509
-0.00691819
0.00496428
0.0100732
-0.0482204
-0.0315572
-0.0212385
-0.0482205
-0.0315573
-0.0212387
-0.00691835
0.00496425
0.0100732
-0.00370569
-0.00863977
-0.0144511
-0.13538
-0.155429
-0.173548
-0.0325055
-0.0757395
-0.140769
-0.328943
-0.327439
-0.324753
-0.33711
-0.302559
-0.226776
-0.349018
-0.331857
-0.325339
-0.38048
-0.353618
-0.282618
-0.225584
-0.206384
-0.190693
-0.0797121
-0.127966
-0.196702
-0.254659
-0.295685
-0.352111
-0.254659
-0.295685
-0.352111
-0.0797122
-0.127966
-0.196702
-0.38175
-0.428696
-0.492564
-0.534401
-0.493606
-0.426645
-0.734259
-0.660143
-0.576055
-0.734259
-0.660143
-0.576055
-0.5344
-0.493605
-0.426645
-0.381749
-0.428696
-0.492564
-0.380479
-0.353617
-0.282618
-0.0325058
-0.0757397
-0.140769
-0.13538
-0.155429
-0.173548
-0.225583
-0.206383
-0.190693
-0.349017
-0.331856
-0.325338
-0.337109
-0.302558
-0.226776
-0.328942
-0.327438
-0.324752
-0.321679
-0.232053
-0.0386532
0.136449
0.201261
0.248682
-0.283593
-0.126075
0.120154
0.651954
0.49062
0.238176
0.684808
0.692082
0.710026
0.72924
0.628495
0.409424
0.855886
0.796233
0.746441
0.844801
0.671842
0.40691
0.269951
0.285715
0.278232
-0.320068
-0.156888
0.0955913
0.672103
0.561166
0.381174
0.258249
0.236817
0.247064
0.687099
0.542011
0.357575
0.0153908
0.0728581
0.194202
0
0
0
0.0241607
0.0826316
0.187626
0
0
0
0.121381
0.321505
0.503392
0.51343
0.384984
0.296692
0.895141
0.826974
0.685918
0.687041
0.8678
1.03121
1.0345
1.16392
1.15805
0.9153
0.950732
0.94485
0
0
0
0.260061
0.690236
0.994711
0
0
0
0.17041
0.514058
0.781293
0.997553
1.1388
1.14018
0.56229
0.801244
0.888937
0.532241
0.739451
0.876119
0.222721
0.145454
0.0337554
-0.510039
-0.396444
-0.184532
0.778279
0.46173
0.126656
0.217603
-0.123997
-0.41756
-0.454671
-0.283066
-0.11701
-0.774365
-0.748788
-0.637647
-0.619351
-0.737123
-0.799831
-0.61935
-0.737123
-0.79983
-0.774365
-0.748787
-0.637645
0.244656
-0.0826981
-0.449487
-0.686212
-0.754429
-0.8012
-1.60694
-1.25363
-0.862299
-1.60694
-1.25363
-0.862299
-0.686212
-0.754428
-0.801199
0.244657
-0.0826977
-0.449487
0.217604
-0.123995
-0.417559
0.68081
0.234233
-0.305441
-0.628997
-0.606572
-0.606946
0
0
0
-0.199491
-0.460684
-0.579864
0
0
0
-0.334721
-0.958539
-1.48725
-1.63615
-1.34902
-0.887066
-1.8761
-1.96793
-1.85027
-1.6953
-1.52802
-1.20477
-1.6953
-1.52802
-1.20477
-1.8761
-1.96793
-1.85027
0
0
0
-0.123488
-0.421864
-0.792217
0
0
0
0
0
0
-0.123489
-0.421865
-0.792217
0
0
0
-0.334721
-0.95854
-1.48725
-0.628997
-0.606572
-0.606946
0.68081
0.234233
-0.305441
0.562291
0.801245
0.888937
-1.63615
-1.34902
-0.887066
0
0
0
-0.199491
-0.460684
-0.579864
0
0
0
0.17041
0.514057
0.781293
-0.283595
-0.126077
0.120153
0.136448
0.20126
0.248681
-0.321681
-0.232055
-0.0386547
-0.320069
-0.156888
0.0955909
0.269951
0.285715
0.278231
0.844803
0.671843
0.406911
0.855889
0.796236
0.746444
0.729242
0.628496
0.409424
0.68481
0.692084
0.710028
0.651956
0.49062
0.238175
-0.510039
-0.396444
-0.184532
0.222721
0.145454
0.0337558
-0.45467
-0.283066
-0.117009
0.532242
0.739452
0.87612
0.77828
0.461731
0.126657
0.915302
0.950734
0.944851
1.03451
1.16393
1.15805
0.687043
0.867802
1.03122
0.895143
0.826977
0.68592
0.997553
1.1388
1.14018
0
0
0
0.260062
0.690237
0.994712
0
0
0
0.121382
0.321506
0.503395
0.687102
0.542013
0.357577
0.258251
0.236819
0.247066
0.672105
0.561169
0.381176
0.513433
0.384986
0.296694
0
0
0
0.024161
0.0826324
0.187627
0
0
0
0.0153911
0.0728589
0.194204
0.136448
0.201259
0.248679
-0.283596
-0.126078
0.120151
0.68481
0.692084
0.710028
0.729241
0.628494
0.409422
0.855888
0.796235
0.746444
0.844801
0.671841
0.406907
0.269948
0.285712
0.278229
-0.320071
-0.156892
0.0955871
0.258251
0.236819
0.247066
0.687103
0.542014
0.357578
0
0
0
0.024161
0.0826326
0.187628
0
0
0
0.121381
0.321505
0.503393
0.513432
0.384986
0.296695
0.895142
0.826976
0.685919
0.687042
0.8678
1.03121
1.0345
1.16392
1.15805
0.915301
0.950732
0.944848
0
0
0
0.260061
0.690236
0.99471
0
0
0
0.170413
0.514064
0.7813
0.997557
1.1388
1.14018
0.562289
0.801246
0.888942
0.532238
0.739448
0.876117
0.222717
0.14545
0.0337505
-0.510044
-0.396449
-0.184537
0.778277
0.461726
0.126652
0.217599
-0.124002
-0.417567
-0.454678
-0.283072
-0.117015
-0.77437
-0.748794
-0.637653
-0.619359
-0.737131
-0.799837
-0.619345
-0.737121
-0.799833
-0.774368
-0.748788
-0.637641
0.244653
-0.0827019
-0.449489
-0.686215
-0.754434
-0.801205
-1.60692
-1.25362
-0.862296
-1.60691
-1.2536
-0.862265
-0.686186
-0.754418
-0.8012
0.244688
-0.0826632
-0.449451
0.217629
-0.123977
-0.417548
0.680819
0.234247
-0.305425
-0.628994
-0.606562
-0.606931
0
0
0
-0.199487
-0.460672
-0.579849
0
0
0
-0.33473
-0.958559
-1.48728
-1.63616
-1.34902
-0.887052
-1.87609
-1.96793
-1.85028
-1.69533
-1.52806
-1.20482
-1.69532
-1.52806
-1.20482
-1.87609
-1.96792
-1.85026
0
0
0
-0.1235
-0.421897
-0.792265
0
0
0
0
0
0
-0.123501
-0.421898
-0.792265
0
0
0
-0.334727
-0.95855
-1.48726
-0.628952
-0.606509
-0.606873
0.680861
0.234301
-0.305366
0.562323
0.801281
0.888977
-1.63614
-1.34897
-0.886999
0
0
0
-0.199473
-0.460635
-0.579795
0
0
0
0.170425
0.514091
0.781333
-0.283595
-0.126075
0.120157
0.136453
0.201265
0.248685
-0.321682
-0.232054
-0.0386506
-0.320069
-0.156886
0.0955955
0.269956
0.285719
0.278236
0.844805
0.671849
0.406917
0.855889
0.796236
0.746445
0.729244
0.6285
0.409429
0.684813
0.692086
0.71003
0.651961
0.490627
0.238181
-0.51004
-0.396441
-0.184525
0.222727
0.145461
0.0337639
-0.454662
-0.283056
-0.117
0.532266
0.739469
0.876131
0.778291
0.461743
0.126668
0.915303
0.950736
0.944857
1.03451
1.16392
1.15804
0.687027
0.867785
1.0312
0.895141
0.826969
0.685908
0.997581
1.13881
1.14018
0
0
0
0.260058
0.690226
0.994699
0
0
0
0.121377
0.321494
0.50338
0.687102
0.542011
0.357572
0.258247
0.236815
0.247062
0.672107
0.561167
0.381172
0.513421
0.384977
0.296688
0
0
0
0.0241592
0.0826284
0.187622
0
0
0
0.0153896
0.0728555
0.194199
0.136453
0.201265
0.248686
-0.283595
-0.126074
0.120158
0.684813
0.692086
0.710029
0.729244
0.628501
0.40943
0.855888
0.796235
0.746444
0.844805
0.67185
0.406919
0.269958
0.285721
0.278237
-0.320069
-0.156885
0.0955976
0.258247
0.236815
0.24706
0.687101
0.542009
0.357571
0
0
0
0.0241587
0.0826271
0.18762
0
0
0
0.121375
0.321489
0.503374
0.513415
0.384974
0.296686
0.895139
0.826964
0.685902
0.68702
0.867777
1.03119
1.03451
1.16392
1.15804
0.915302
0.950736
0.944858
0
0
0
0.260056
0.690222
0.994693
0
0
0
0.17043
0.514103
0.781348
0.997591
1.13881
1.14017
0.562327
0.80129
0.88899
0.532269
0.739472
0.876133
0.22273
0.145463
0.0337649
-0.510045
-0.396444
-0.184526
0.778293
0.461745
0.126669
0.217629
-0.123982
-0.417557
-0.45467
-0.28306
-0.117001
-0.77438
-0.7488
-0.637652
-0.619356
-0.737133
-0.799842
-0.619354
-0.737131
-0.799842
-0.77438
-0.748799
-0.63765
0.24469
-0.0826603
-0.449447
-0.686185
-0.754423
-0.801207
-1.6069
-1.25359
-0.862257
-1.6069
-1.25359
-0.862253
-0.686182
-0.754421
-0.801206
0.244695
-0.0826556
-0.449442
0.217633
-0.123978
-0.417554
0.680879
0.234326
-0.305339
-0.628941
-0.606489
-0.606848
0
0
0
-0.199468
-0.460618
-0.579771
0
0
0
-0.334734
-0.958566
-1.48728
-1.63614
-1.34896
-0.886976
-1.87607
-1.96792
-1.85027
-1.69534
-1.5281
-1.20486
-1.69534
-1.5281
-1.20486
-1.87607
-1.96792
-1.85027
0
0
0
-0.12351
-0.421924
-0.792305
0
0
0
0
0
0
-0.123509
-0.421924
-0.792305
0
0
0
-0.334733
-0.958564
-1.48727
-0.628936
-0.606483
-0.606842
0.680882
0.234329
-0.305334
0.562331
0.801293
0.888992
-1.63614
-1.34896
-0.886971
0
0
0
-0.199467
-0.460615
-0.579767
0
0
0
0.170431
0.514104
0.781349
-0.283595
-0.126074
0.120158
0.136454
0.201266
0.248687
-0.321682
-0.232054
-0.0386503
-0.320069
-0.156884
0.0955988
0.26996
0.285722
0.278238
0.844807
0.671852
0.406921
0.855889
0.796236
0.746445
0.729245
0.628502
0.409431
0.684814
0.692087
0.71003
0.651961
0.490628
0.238182
-0.510045
-0.396443
-0.184524
0.222731
0.145465
0.033767
-0.454667
-0.283058
-0.116999
0.532272
0.739475
0.876136
0.778295
0.461748
0.126671
0.915304
0.950738
0.94486
1.03451
1.16392
1.15804
0.68702
0.867777
1.03119
0.89514
0.826965
0.685902
0.997592
1.13881
1.14017
0
0
0
0.260056
0.690221
0.994693
0
0
0
0.121374
0.321488
0.503373
0.687102
0.542009
0.35757
0.258247
0.236814
0.24706
0.672107
0.561167
0.381172
0.513415
0.384973
0.296686
0
0
0
0.0241585
0.0826267
0.18762
0
0
0
0.0153895
0.0728552
0.194199
0.136453
0.201265
0.248685
-0.283595
-0.126075
0.120156
0.684814
0.692087
0.71003
0.729245
0.6285
0.409429
0.855889
0.796236
0.746445
0.844805
0.671848
0.406916
0.269956
0.285719
0.278235
-0.320069
-0.156886
0.095595
0.258247
0.236815
0.247062
0.687102
0.542011
0.357573
0
0
0
0.0241592
0.0826284
0.187622
0
0
0
0.121377
0.321493
0.50338
0.513421
0.384977
0.296688
0.895141
0.826969
0.685908
0.687027
0.867785
1.0312
1.03451
1.16392
1.15804
0.915303
0.950736
0.944857
0
0
0
0.260058
0.690227
0.994699
0
0
0
0.170425
0.514092
0.781335
0.997583
1.13881
1.14018
0.562324
0.801283
0.888979
0.532267
0.73947
0.876131
0.222727
0.145461
0.033764
-0.510039
-0.39644
-0.184525
0.778291
0.461743
0.126668
0.217631
-0.123976
-0.417547
-0.45466
-0.283055
-0.116999
-0.774367
-0.748787
-0.63764
-0.619344
-0.73712
-0.799832
-0.619361
-0.737133
-0.799837
-0.77437
-0.748795
-0.637655
0.24469
-0.0826608
-0.449448
-0.686184
-0.754417
-0.801199
-1.60691
-1.2536
-0.862262
-1.60692
-1.25362
-0.862295
-0.686214
-0.754434
-0.801205
0.244651
-0.0827028
-0.449489
0.217597
-0.124005
-0.41757
0.680863
0.234303
-0.305364
-0.628949
-0.606506
-0.60687
0
0
0
-0.199473
-0.460634
-0.579794
0
0
0
-0.334727
-0.95855
-1.48726
-1.63614
-1.34897
-0.886997
-1.87608
-1.96792
-1.85026
-1.69532
-1.52806
-1.20482
-1.69533
-1.52806
-1.20482
-1.87609
-1.96793
-1.85028
0
0
0
-0.123501
-0.421898
-0.792265
0
0
0
0
0
0
-0.1235
-0.421898
-0.792265
0
0
0
-0.33473
-0.95856
-1.48728
-0.628993
-0.606561
-0.60693
0.68082
0.234248
-0.305424
0.562288
0.801246
0.888943
-1.63616
-1.34902
-0.887052
0
0
0
-0.199487
-0.460672
-0.579848
0
0
0
0.170413
0.514065
0.781301
-0.283596
-0.126079
0.12015
0.136447
0.201258
0.248678
-0.321681
-0.232055
-0.0386547
-0.320072
-0.156893
0.0955849
0.269945
0.28571
0.278228
0.8448
0.671839
0.406905
0.855888
0.796235
0.746444
0.729241
0.628494
0.409421
0.68481
0.692084
0.710028
0.651956
0.49062
0.238175
-0.510044
-0.39645
-0.18454
0.222715
0.145447
0.0337477
-0.45468
-0.283075
-0.117018
0.532235
0.739446
0.876115
0.778274
0.461723
0.126649
0.9153
0.950731
0.944847
1.0345
1.16392
1.15805
0.687042
0.8678
1.03121
0.895142
0.826976
0.68592
0.997558
1.1388
1.14018
0
0
0
0.260062
0.690236
0.994711
0
0
0
0.121381
0.321505
0.503394
0.687103
0.542014
0.357578
0.258251
0.236819
0.247067
0.672105
0.561169
0.381176
0.513432
0.384986
0.296695
0
0
0
0.024161
0.0826327
0.187628
0
0
0
0.0153911
0.0728589
0.194204
0.136448
0.20126
0.248681
-0.283595
-0.126077
0.120153
0.68481
0.692084
0.710028
0.729242
0.628496
0.409424
0.855889
0.796236
0.746444
0.844803
0.671843
0.406911
0.269951
0.285715
0.278231
-0.320069
-0.156888
0.0955909
0.258251
0.236819
0.247066
0.687102
0.542013
0.357577
0
0
0
0.024161
0.0826324
0.187627
0
0
0
0.121382
0.321506
0.503395
0.513433
0.384986
0.296694
0.895143
0.826977
0.68592
0.687043
0.867802
1.03122
1.03451
1.16393
1.15805
0.915302
0.950734
0.944851
0
0
0
0.260062
0.690237
0.994712
0
0
0
0.17041
0.514057
0.781293
0.997553
1.1388
1.14018
0.562291
0.801245
0.888937
0.532242
0.739452
0.87612
0.222721
0.145454
0.0337558
-0.510039
-0.396444
-0.184532
0.77828
0.461731
0.126657
0.217604
-0.123995
-0.417559
-0.45467
-0.283066
-0.117009
-0.774365
-0.748787
-0.637645
-0.61935
-0.737123
-0.79983
-0.619351
-0.737123
-0.799831
-0.774365
-0.748788
-0.637647
0.244657
-0.0826977
-0.449487
-0.686212
-0.754428
-0.801199
-1.60694
-1.25363
-0.862299
-1.60694
-1.25363
-0.862299
-0.686212
-0.754429
-0.8012
0.244656
-0.0826981
-0.449487
0.217603
-0.123997
-0.41756
0.68081
0.234233
-0.305441
-0.628997
-0.606572
-0.606946
0
0
0
-0.199491
-0.460684
-0.579864
0
0
0
-0.334721
-0.95854
-1.48725
-1.63615
-1.34902
-0.887066
-1.8761
-1.96793
-1.85027
-1.6953
-1.52802
-1.20477
-1.6953
-1.52802
-1.20477
-1.8761
-1.96793
-1.85027
0
0
0
-0.123489
-0.421865
-0.792217
0
0
0
0
0
0
-0.123488
-0.421864
-0.792217
0
0
0
-0.334721
-0.958539
-1.48725
-0.628997
-0.606572
-0.606946
0.68081
0.234233
-0.305441
0.56229
0.801244
0.888937
-1.63615
-1.34902
-0.887066
0
0
0
-0.199491
-0.460684
-0.579864
0
0
0
0.17041
0.514058
0.781293
-0.283593
-0.126075
0.120154
0.136449
0.201261
0.248682
-0.320068
-0.156888
0.0955913
0.269951
0.285715
0.278232
0.844801
0.671842
0.40691
0.855886
0.796233
0.746441
0.72924
0.628495
0.409424
0.684808
0.692082
0.710026
-0.510039
-0.396444
-0.184532
0.222721
0.145454
0.0337554
-0.454671
-0.283066
-0.11701
0.532241
0.739451
0.876119
0.778279
0.46173
0.126656
0.9153
0.950732
0.94485
1.0345
1.16392
1.15805
0.687041
0.8678
1.03121
0.895141
0.826974
0.685918
0.997553
1.1388
1.14018
0
0
0
0.260061
0.690236
0.994711
0
0
0
0.121381
0.321505
0.503392
0.687099
0.542011
0.357575
0.258249
0.236817
0.247064
0.51343
0.384984
0.296692
0
0
0
0.0241607
0.0826316
0.187626
0
0
0
0.0142457
0.0142844
0.0140975
0.0142844
0.0141718
0.0137829
0.0140975
0.0137829
0.0131632
0.0131103
0.0104349
0.00327296
0.0124146
0.00884993
-0.000360404
0.0114427
0.00651787
-0.00417342
0.00881293
0.00279855
-0.0100611
0.00279861
-0.00462007
-0.0189981
-0.010061
-0.018998
-0.0352937
0.0131103
0.0124146
0.0114427
0.010435
0.00885001
0.00651794
0.00327307
-0.000360275
-0.00417329
-0.013954
-0.0459456
-0.0985073
-0.0208678
-0.0578014
-0.116287
-0.0283344
-0.0695551
-0.132547
-0.176658
-0.259217
-0.31975
-0.19875
-0.279219
-0.328291
-0.217594
-0.295198
-0.333832
-0.235134
-0.309943
-0.340359
-0.251159
-0.32361
-0.350532
-0.270118
-0.341424
-0.367359
-0.037043
-0.0819579
-0.148553
-0.0483532
-0.0955867
-0.16402
-0.0661014
-0.114614
-0.183465
-0.0974922
-0.145585
-0.212905
-0.145585
-0.19179
-0.255681
-0.212905
-0.255681
-0.31563
-0.297524
-0.368734
-0.396851
-0.336817
-0.406929
-0.438912
-0.391588
-0.460426
-0.49711
-0.462216
-0.530441
-0.573051
-0.530441
-0.598869
-0.650129
-0.573051
-0.650129
-0.713819
-0.297525
-0.336818
-0.391588
-0.368734
-0.40693
-0.460426
-0.396852
-0.438913
-0.497111
-0.0139538
-0.0208675
-0.0283342
-0.0459453
-0.0578011
-0.0695548
-0.0985069
-0.116286
-0.132547
-0.0370428
-0.048353
-0.0661013
-0.0819577
-0.0955865
-0.114614
-0.148553
-0.16402
-0.183465
-0.235134
-0.251159
-0.270119
-0.309944
-0.323611
-0.341424
-0.340359
-0.350533
-0.36736
-0.176657
-0.19875
-0.217594
-0.259217
-0.27922
-0.295198
-0.31975
-0.328292
-0.333833
0.0142457
0.0142844
0.0140975
0.0142844
0.0141718
0.0137829
0.0140975
0.0137829
0.0131632
0.0131103
0.010435
0.0032731
0.0124146
0.00884999
-0.000360289
0.0114427
0.0065179
-0.00417329
0.00881287
0.00279849
-0.0100611
0.00279831
-0.00462033
-0.0189983
-0.0100616
-0.0189986
-0.0352943
0.0131103
0.0124145
0.0114426
0.0104348
0.0088498
0.00651769
0.00327272
-0.000360721
-0.00417379
-0.0139538
-0.0459452
-0.0985068
-0.0208675
-0.057801
-0.116286
-0.0283342
-0.0695547
-0.132547
-0.176657
-0.259217
-0.31975
-0.19875
-0.279219
-0.328292
-0.217594
-0.295198
-0.333833
-0.235134
-0.309943
-0.34036
-0.251159
-0.323611
-0.350533
-0.270119
-0.341424
-0.367361
-0.0370428
-0.0819576
-0.148553
-0.0483533
-0.0955866
-0.16402
-0.0661019
-0.114614
-0.183465
-0.0974933
-0.145586
-0.212906
-0.145586
-0.191792
-0.255683
-0.212907
-0.255684
-0.315633
-0.297525
-0.368735
-0.396853
-0.336819
-0.406931
-0.438915
-0.39159
-0.460428
-0.497114
-0.462219
-0.530445
-0.573055
-0.530445
-0.598874
-0.650133
-0.573054
-0.650132
-0.713823
-0.297528
-0.336821
-0.391591
-0.368737
-0.406933
-0.460429
-0.396854
-0.438915
-0.497113
-0.0139545
-0.0208684
-0.0283352
-0.0459466
-0.0578025
-0.0695565
-0.098509
-0.116288
-0.132549
-0.0370439
-0.0483542
-0.0661025
-0.0819594
-0.0955884
-0.114616
-0.148555
-0.164022
-0.183468
-0.235137
-0.251162
-0.270122
-0.309947
-0.323614
-0.341427
-0.340361
-0.350534
-0.367362
-0.17666
-0.198753
-0.217597
-0.25922
-0.279223
-0.295201
-0.319753
-0.328294
-0.333835
0.0142457
0.0142844
0.0140975
0.0142844
0.0141718
0.0137829
0.0140975
0.0137829
0.0131631
0.0131103
0.0104348
0.00327273
0.0124145
0.00884979
-0.000360745
0.0114426
0.00651766
-0.0041738
0.00881276
0.0027982
-0.0100617
0.00279819
-0.00462064
-0.018999
-0.0100617
-0.018999
-0.0352951
0.0131103
0.0124145
0.0114426
0.0104348
0.00884978
0.00651765
0.00327271
-0.000360777
-0.00417384
-0.0139545
-0.0459466
-0.098509
-0.0208684
-0.0578026
-0.116289
-0.0283352
-0.0695565
-0.13255
-0.17666
-0.25922
-0.319753
-0.198753
-0.279223
-0.328294
-0.217597
-0.295201
-0.333835
-0.235138
-0.309947
-0.340362
-0.251163
-0.323615
-0.350535
-0.270123
-0.341428
-0.367363
-0.037044
-0.0819596
-0.148556
-0.0483546
-0.0955888
-0.164023
-0.0661033
-0.114616
-0.183469
-0.0974949
-0.145588
-0.212909
-0.145588
-0.191795
-0.255687
-0.21291
-0.255687
-0.315638
-0.29753
-0.368739
-0.396856
-0.336825
-0.406936
-0.438918
-0.391597
-0.460435
-0.497119
-0.462227
-0.530453
-0.573062
-0.530453
-0.598883
-0.650142
-0.573062
-0.650142
-0.713834
-0.29753
-0.336825
-0.391597
-0.36874
-0.406937
-0.460435
-0.396856
-0.438919
-0.497119
-0.0139546
-0.0208685
-0.0283353
-0.0459467
-0.0578027
-0.0695567
-0.0985092
-0.116289
-0.13255
-0.0370441
-0.0483547
-0.0661034
-0.0819598
-0.0955891
-0.114617
-0.148556
-0.164023
-0.183469
-0.235138
-0.251163
-0.270124
-0.309948
-0.323615
-0.341429
-0.340362
-0.350535
-0.367363
-0.17666
-0.198753
-0.217598
-0.25922
-0.279223
-0.295202
-0.319753
-0.328294
-0.333836
0.0142457
0.0142844
0.0140975
0.0142844
0.0141718
0.0137829
0.0140975
0.0137829
0.0131632
0.0131103
0.0104348
0.0032727
0.0124145
0.0088498
-0.000360733
0.0114426
0.00651769
-0.0041738
0.00881287
0.00279832
-0.0100616
0.00279851
-0.0046203
-0.0189986
-0.010061
-0.0189982
-0.0352942
0.0131103
0.0124146
0.0114427
0.010435
0.00884999
0.00651791
0.00327311
-0.000360273
-0.00417326
-0.0139546
-0.0459466
-0.0985091
-0.0208685
-0.0578026
-0.116289
-0.0283352
-0.0695565
-0.132549
-0.17666
-0.25922
-0.319753
-0.198753
-0.279223
-0.328294
-0.217597
-0.295201
-0.333835
-0.235137
-0.309947
-0.340362
-0.251162
-0.323614
-0.350535
-0.270122
-0.341427
-0.367362
-0.0370439
-0.0819594
-0.148555
-0.0483541
-0.0955883
-0.164022
-0.0661024
-0.114615
-0.183467
-0.097493
-0.145586
-0.212907
-0.145585
-0.191791
-0.255683
-0.212905
-0.255682
-0.315632
-0.297527
-0.368737
-0.396854
-0.33682
-0.406932
-0.438915
-0.39159
-0.460428
-0.497113
-0.462218
-0.530444
-0.573053
-0.530444
-0.598872
-0.650131
-0.573054
-0.650132
-0.713822
-0.297524
-0.336818
-0.391589
-0.368734
-0.40693
-0.460427
-0.396853
-0.438915
-0.497113
-0.0139538
-0.0208675
-0.0283341
-0.0459452
-0.0578009
-0.0695546
-0.0985068
-0.116286
-0.132547
-0.0370427
-0.0483531
-0.0661017
-0.0819574
-0.0955863
-0.114614
-0.148552
-0.164019
-0.183465
-0.235133
-0.251158
-0.270118
-0.309943
-0.32361
-0.341424
-0.34036
-0.350533
-0.367361
-0.176657
-0.198749
-0.217594
-0.259217
-0.279219
-0.295198
-0.31975
-0.328292
-0.333833
0.0142457
0.0142844
0.0140975
0.0142844
0.0141718
0.0137829
0.0140975
0.0137829
0.0131632
0.0131103
0.010435
0.00327307
0.0124146
0.00885001
-0.000360275
0.0114427
0.00651794
-0.00417329
0.00881293
0.00279861
-0.010061
0.00279855
-0.00462007
-0.018998
-0.0100611
-0.0189981
-0.0352937
0.0131103
0.0124146
0.0114427
0.0104349
0.00884993
0.00651787
0.00327297
-0.000360404
-0.00417341
-0.0139538
-0.0459452
-0.0985069
-0.0208675
-0.0578011
-0.116286
-0.0283342
-0.0695548
-0.132547
-0.176657
-0.259217
-0.31975
-0.19875
-0.27922
-0.328292
-0.217594
-0.295198
-0.333833
-0.235134
-0.309944
-0.340359
-0.251159
-0.323611
-0.350533
-0.270119
-0.341424
-0.36736
-0.0370428
-0.0819577
-0.148553
-0.048353
-0.0955865
-0.16402
-0.0661013
-0.114614
-0.183465
-0.0974922
-0.145585
-0.212905
-0.145585
-0.19179
-0.255681
-0.212905
-0.255681
-0.31563
-0.297525
-0.368734
-0.396852
-0.336818
-0.40693
-0.438913
-0.391588
-0.460426
-0.497111
-0.462216
-0.530441
-0.573051
-0.530441
-0.598869
-0.650129
-0.573051
-0.650129
-0.713819
-0.297524
-0.336817
-0.391588
-0.368734
-0.406929
-0.460426
-0.396851
-0.438912
-0.49711
-0.013954
-0.0208678
-0.0283344
-0.0459456
-0.0578014
-0.0695551
-0.0985073
-0.116287
-0.132547
-0.037043
-0.0483532
-0.0661014
-0.0819579
-0.0955867
-0.114614
-0.148553
-0.16402
-0.183465
-0.235134
-0.251159
-0.270118
-0.309943
-0.32361
-0.341424
-0.340359
-0.350532
-0.367359
-0.176658
-0.19875
-0.217594
-0.259217
-0.279219
-0.295198
-0.31975
-0.328291
-0.333832
-0.314841
-0.208945
-0.00149867
-0.300508
-0.168569
0.0591471
-0.288096
-0.137338
0.103782
0.279697
0.523595
0.665791
0.344641
0.573198
0.688434
0.391497
0.611529
0.713267
0.422636
0.643562
0.747286
0.433629
0.665589
0.786676
0.422973
0.674873
0.826943
-0.281903
-0.118758
0.130966
-0.286433
-0.118585
0.13543
-0.30417
-0.137935
0.116206
0.664238
0.538562
0.354706
0.658045
0.516108
0.329463
0.671083
0.524061
0.338553
0.173838
0.0616461
0.0118224
0.15693
0.0553941
0.0113984
0.169018
0.0675406
0.0176984
0.216337
0.104538
0.0335867
0.299789
0.167762
0.059654
0.423628
0.2609
0.0976101
0.709947
0.569627
0.387841
0.771233
0.648592
0.47601
0.849981
0.759314
0.604465
0.938904
0.898245
0.774088
1.00851
1.0299
0.946757
1.04075
1.13232
1.0994
0.59131
0.38764
0.147757
0.767143
0.520514
0.19882
0.928777
0.64148
0.243455
1.03942
0.721838
0.269535
1.04235
0.719081
0.261489
0.911169
0.613892
0.212909
1.00909
1.17312
1.19469
0.898606
1.11646
1.17992
0.701246
0.943376
1.02966
-0.34048
-0.182633
0.0672447
-0.393572
-0.249625
-0.00971055
-0.465173
-0.340242
-0.116821
0.382458
0.66115
0.858024
0.30979
0.615048
0.86052
0.200018
0.526841
0.820873
0.0446969
0.383356
0.719228
-0.131454
0.203694
0.56121
-0.320242
-0.00637983
0.348067
-0.558171
-0.457216
-0.258732
-0.653315
-0.579278
-0.410625
-0.739842
-0.695956
-0.563941
-0.796685
-0.7906
-0.702962
-0.790599
-0.827359
-0.790537
-0.702961
-0.790537
-0.815362
-0.510584
-0.241526
0.0759423
-0.659994
-0.458491
-0.21265
-0.765688
-0.657147
-0.519983
-0.825855
-0.846389
-0.855033
-0.846389
-1.01333
-1.17355
-0.855033
-1.17355
-1.47117
-0.510583
-0.659994
-0.765688
-0.241525
-0.458491
-0.657147
0.0759433
-0.21265
-0.519983
0.400292
0.624215
0.705775
0.0361533
0.200301
0.252888
-0.388479
-0.314609
-0.298958
0.610948
0.384581
0.117637
0.189973
0.0745411
-0.00389527
-0.310536
-0.278758
-0.135061
-0.835012
-0.626333
-0.254794
-1.23215
-0.863247
-0.326895
-1.45419
-0.964438
-0.346108
-0.873234
-0.901049
-0.908637
-1.3267
-1.42261
-1.41505
-1.71764
-1.82758
-1.75796
-1.98862
-2.04622
-1.87512
-2.04622
-2.00967
-1.74344
-1.87512
-1.74344
-1.4222
-1.46176
-0.915272
-0.31075
-1.2772
-0.753381
-0.242163
-0.971951
-0.537561
-0.162708
-0.614402
-0.314777
-0.0885431
-0.314778
-0.148896
-0.0384663
-0.0885432
-0.0384664
-0.00873204
-1.46176
-1.2772
-0.971951
-0.915273
-0.753381
-0.537561
-0.31075
-0.242163
-0.162709
0.400293
0.0361535
-0.388479
0.624215
0.200301
-0.314609
0.705775
0.252888
-0.298958
-0.873235
-1.3267
-1.71764
-0.901049
-1.42261
-1.82758
-0.908637
-1.41505
-1.75796
-0.835012
-1.23215
-1.45419
-0.626333
-0.863247
-0.964438
-0.254794
-0.326895
-0.346108
0.610948
0.189973
-0.310536
0.384581
0.0745412
-0.278758
0.117637
-0.00389512
-0.135061
-0.314843
-0.300509
-0.288097
-0.208947
-0.168571
-0.137339
-0.00150011
0.0591459
0.103781
-0.281904
-0.286434
-0.304171
-0.118759
-0.118586
-0.137936
0.130965
0.135429
0.116205
0.422636
0.433629
0.422973
0.643563
0.66559
0.674874
0.747288
0.786678
0.826945
0.279696
0.344641
0.391497
0.523595
0.573199
0.61153
0.665793
0.688436
0.713269
-0.340481
-0.393573
-0.465173
-0.182634
-0.249626
-0.340242
0.0672444
-0.00971059
-0.116821
-0.558171
-0.653314
-0.739842
-0.457216
-0.579277
-0.695955
-0.258731
-0.410624
-0.56394
0.0446976
-0.131453
-0.32024
0.383357
0.203695
-0.00637852
0.719229
0.561211
0.348068
0.382458
0.30979
0.200018
0.661151
0.615049
0.526842
0.858026
0.860522
0.820874
0.938907
1.00852
1.04075
0.898248
1.0299
1.13233
0.774091
0.946759
1.0994
1.00909
0.898607
0.701246
1.17312
1.11646
0.943376
1.19469
1.17992
1.02966
1.03942
1.04235
0.911169
0.721838
0.719081
0.613891
0.269535
0.261489
0.212909
0.591312
0.767145
0.928778
0.387641
0.520516
0.641481
0.147758
0.19882
0.243456
0.66424
0.658047
0.671086
0.538565
0.51611
0.524064
0.354708
0.329465
0.338555
0.709949
0.771236
0.849983
0.56963
0.648595
0.759317
0.387843
0.476012
0.604468
0.216339
0.299791
0.42363
0.104539
0.167763
0.260901
0.033587
0.0596544
0.0976105
0.173839
0.156932
0.16902
0.0616469
0.0553948
0.0675414
0.0118227
0.0113987
0.0176986
-0.314843
-0.208947
-0.00150051
-0.30051
-0.168571
0.0591447
-0.288098
-0.13734
0.103779
0.279696
0.523595
0.665793
0.34464
0.573198
0.688436
0.391495
0.611529
0.713269
0.422634
0.643561
0.747288
0.433626
0.665588
0.786677
0.422969
0.674871
0.826943
-0.281905
-0.118761
0.130962
-0.286436
-0.118588
0.135426
-0.304173
-0.137939
0.116202
0.66424
0.538565
0.354708
0.658048
0.516111
0.329466
0.671086
0.524065
0.338556
0.173839
0.061647
0.0118227
0.156932
0.055395
0.0113987
0.16902
0.0675417
0.0176987
0.216339
0.104539
0.033587
0.299791
0.167763
0.0596542
0.423629
0.2609
0.0976101
0.70995
0.56963
0.387844
0.771236
0.648595
0.476012
0.849983
0.759317
0.604468
0.938905
0.898247
0.774089
1.00851
1.0299
0.946757
1.04075
1.13232
1.0994
0.59131
0.38764
0.147757
0.767142
0.520514
0.198819
0.928776
0.641479
0.243455
1.03942
0.721838
0.269535
1.04235
0.719083
0.26149
0.911174
0.613896
0.212912
1.00909
1.17312
1.19469
0.898604
1.11646
1.17992
0.701244
0.943377
1.02967
-0.340483
-0.182637
0.0672403
-0.393576
-0.24963
-0.00971524
-0.465177
-0.340247
-0.116826
0.382454
0.661148
0.858024
0.309786
0.615045
0.860519
0.200013
0.526838
0.820871
0.0446919
0.383352
0.719225
-0.13146
0.20369
0.561206
-0.320248
-0.00638509
0.348064
-0.558176
-0.457222
-0.258737
-0.65332
-0.579284
-0.410631
-0.739848
-0.695962
-0.563948
-0.796689
-0.790606
-0.70297
-0.790601
-0.827364
-0.790545
-0.702959
-0.790538
-0.815366
-0.510592
-0.241533
0.0759374
-0.660003
-0.4585
-0.212656
-0.765695
-0.657155
-0.519988
-0.825857
-0.846391
-0.855033
-0.84638
-1.01332
-1.17354
-0.855009
-1.17353
-1.47115
-0.510573
-0.659988
-0.765686
-0.241508
-0.458476
-0.657135
0.0759694
-0.212622
-0.519957
0.400291
0.624217
0.705782
0.0361524
0.200306
0.252899
-0.388477
-0.314601
-0.298944
0.610958
0.38459
0.117642
0.189988
0.0745539
-0.00388959
-0.31052
-0.278745
-0.135055
-0.834999
-0.626325
-0.254791
-1.23215
-0.863248
-0.326897
-1.4542
-0.964451
-0.346115
-0.873229
-0.901038
-0.908623
-1.32669
-1.4226
-1.41504
-1.71763
-1.82758
-1.75797
-1.98861
-2.04623
-1.87514
-2.04622
-2.00969
-1.74348
-1.87513
-1.74347
-1.42225
-1.46179
-0.915298
-0.310761
-1.27724
-0.753415
-0.242176
-0.972
-0.537596
-0.162721
-0.614446
-0.314807
-0.088553
-0.314807
-0.148914
-0.038472
-0.0885534
-0.0384721
-0.00873357
-1.46178
-1.27724
-0.972
-0.915293
-0.753414
-0.537597
-0.31076
-0.242176
-0.162722
0.400329
0.0361958
-0.388433
0.624259
0.200357
-0.314546
0.705825
0.252954
-0.298885
-0.87319
-1.32666
-1.71762
-0.900988
-1.42256
-1.82755
-0.908569
-1.415
-1.75794
-0.83495
-1.23211
-1.45417
-0.626291
-0.863223
-0.964437
-0.254779
-0.326888
-0.34611
0.610999
0.190039
-0.310465
0.384622
0.0745923
-0.278705
0.117655
-0.00387448
-0.135041
-0.314844
-0.30051
-0.288097
-0.208945
-0.168569
-0.137337
-0.00149603
0.0591498
0.103785
-0.281904
-0.286435
-0.304171
-0.118757
-0.118584
-0.137933
0.130969
0.135433
0.116209
0.422641
0.433634
0.422978
0.643567
0.665594
0.674879
0.747291
0.78668
0.826947
0.279702
0.344646
0.391502
0.523602
0.573204
0.611535
0.665797
0.68844
0.713272
-0.340481
-0.393573
-0.465174
-0.182631
-0.249623
-0.34024
0.0672493
-0.00970495
-0.116814
-0.558172
-0.653316
-0.739845
-0.457214
-0.579276
-0.695955
-0.258724
-0.410618
-0.563935
0.0447088
-0.131441
-0.320229
0.38337
0.203712
-0.00636081
0.719242
0.561229
0.348091
0.382464
0.309798
0.200028
0.661157
0.615057
0.526852
0.858029
0.860527
0.820882
0.938904
1.00852
1.04076
0.89824
1.02989
1.13232
0.774077
0.946744
1.09939
1.0091
0.898624
0.701272
1.17312
1.11647
0.943404
1.19469
1.17993
1.02969
1.03941
1.04235
0.911197
0.721832
0.719087
0.613915
0.269534
0.261493
0.21292
0.591296
0.767126
0.928762
0.387628
0.5205
0.641468
0.147752
0.198814
0.243451
0.664241
0.658048
0.671086
0.538563
0.516109
0.524062
0.354704
0.329462
0.338551
0.709949
0.771235
0.849981
0.569626
0.64859
0.75931
0.387838
0.476004
0.604457
0.216333
0.299782
0.423617
0.104534
0.167756
0.260891
0.0335849
0.0596511
0.0976058
0.173835
0.156928
0.169015
0.0616439
0.0553921
0.0675381
0.0118216
0.0113976
0.0176972
-0.314844
-0.208945
-0.00149588
-0.30051
-0.168569
0.0591503
-0.288097
-0.137337
0.103786
0.279702
0.523602
0.665797
0.344647
0.573205
0.68844
0.391503
0.611535
0.713272
0.422642
0.643568
0.747291
0.433636
0.665595
0.78668
0.42298
0.67488
0.826947
-0.281904
-0.118756
0.13097
-0.286434
-0.118583
0.135435
-0.304171
-0.137932
0.116211
0.664241
0.538563
0.354704
0.658048
0.516108
0.329461
0.671085
0.524061
0.33855
0.173835
0.0616438
0.0118215
0.156928
0.0553917
0.0113974
0.169014
0.0675371
0.0176968
0.216331
0.104532
0.0335841
0.299778
0.167753
0.0596499
0.423612
0.260886
0.0976041
0.709948
0.569624
0.387836
0.771233
0.648587
0.476001
0.849979
0.759306
0.604452
0.938902
0.898235
0.77407
1.00851
1.02989
0.946737
1.04076
1.13232
1.09938
0.591289
0.387622
0.147749
0.767119
0.520494
0.198811
0.928755
0.641462
0.243448
1.03941
0.721829
0.269533
1.04236
0.71909
0.261494
0.911207
0.613924
0.212925
1.0091
1.17312
1.19468
0.898626
1.11648
1.17993
0.701277
0.943411
1.0297
-0.340482
-0.182631
0.0672513
-0.393575
-0.249623
-0.00970355
-0.465177
-0.340242
-0.116814
0.382467
0.661159
0.858029
0.3098
0.615059
0.860528
0.200029
0.526855
0.820884
0.0447089
0.383372
0.719244
-0.131444
0.203712
0.561231
-0.320235
-0.00636351
0.348092
-0.558179
-0.457219
-0.258727
-0.653326
-0.579284
-0.410624
-0.739856
-0.695966
-0.563944
-0.7967
-0.790613
-0.702971
-0.790613
-0.827374
-0.79055
-0.702969
-0.790549
-0.815375
-0.510583
-0.241514
0.0759687
-0.66
-0.458484
-0.212624
-0.765696
-0.657143
-0.519957
-0.82586
-0.846381
-0.855005
-0.84638
-1.01331
-1.17352
-0.855002
-1.17352
-1.47113
-0.51058
-0.659998
-0.765695
-0.24151
-0.45848
-0.65714
0.0759728
-0.21262
-0.519953
0.400334
0.624271
0.705842
0.0362034
0.200374
0.252977
-0.388424
-0.314527
-0.298859
0.611017
0.384637
0.117661
0.190064
0.0746114
-0.00386692
-0.310439
-0.278687
-0.135034
-0.83493
-0.626278
-0.254775
-1.2321
-0.863221
-0.326889
-1.45418
-0.964447
-0.346115
-0.873178
-0.900969
-0.908546
-1.32665
-1.42255
-1.41498
-1.7176
-1.82755
-1.75794
-1.9886
-2.04623
-1.87515
-2.04623
-2.00971
-1.74351
-1.87515
-1.74351
-1.4223
-1.46181
-0.915315
-0.310769
-1.27728
-0.753442
-0.242187
-0.972042
-0.537625
-0.162732
-0.614482
-0.31483
-0.0885607
-0.31483
-0.148928
-0.0384761
-0.0885606
-0.0384761
-0.00873456
-1.4618
-1.27728
-0.972042
-0.915313
-0.753441
-0.537625
-0.310768
-0.242187
-0.162732
0.400338
0.0362083
-0.388418
0.624274
0.200379
-0.314521
0.705844
0.252982
-0.298853
-0.873174
-1.32665
-1.7176
-0.900964
-1.42255
-1.82755
-0.90854
-1.41498
-1.75794
-0.834925
-1.2321
-1.45418
-0.626275
-0.863218
-0.964444
-0.254774
-0.326888
-0.346114
0.611019
0.190067
-0.310435
0.384638
0.074613
-0.278684
0.117662
-0.00386654
-0.135033
-0.314844
-0.30051
-0.288097
-0.208945
-0.168569
-0.137337
-0.00149556
0.0591507
0.103787
-0.281904
-0.286434
-0.304171
-0.118756
-0.118582
-0.137932
0.130971
0.135436
0.116213
0.422643
0.433637
0.422982
0.643569
0.665597
0.674882
0.747292
0.786681
0.826948
0.279703
0.344648
0.391504
0.523602
0.573205
0.611536
0.665798
0.688441
0.713273
-0.340482
-0.393575
-0.465177
-0.18263
-0.249622
-0.340241
0.0672526
-0.00970199
-0.116813
-0.558178
-0.653325
-0.739856
-0.457217
-0.579282
-0.695964
-0.258725
-0.410621
-0.563942
0.0447115
-0.131441
-0.320232
0.383375
0.203715
-0.00636008
0.719247
0.561234
0.348095
0.382469
0.309802
0.200032
0.66116
0.615061
0.526857
0.858031
0.860529
0.820886
0.938903
1.00851
1.04076
0.898235
1.02989
1.13232
0.77407
0.946737
1.09938
1.0091
0.898629
0.70128
1.17312
1.11648
0.943413
1.19468
1.17993
1.0297
1.03941
1.04236
0.911208
0.721829
0.71909
0.613924
0.269533
0.261494
0.212925
0.591288
0.767118
0.928754
0.387621
0.520493
0.641462
0.147749
0.198811
0.243448
0.664242
0.658048
0.671086
0.538563
0.516108
0.524061
0.354704
0.329461
0.33855
0.709949
0.771234
0.84998
0.569624
0.648587
0.759307
0.387835
0.476
0.604452
0.21633
0.299777
0.423611
0.104532
0.167752
0.260886
0.0335839
0.0596496
0.0976038
0.173835
0.156927
0.169014
0.0616435
0.0553913
0.0675367
0.0118214
0.0113973
0.0176967
-0.314844
-0.208946
-0.00149589
-0.30051
-0.168569
0.0591497
-0.288098
-0.137338
0.103785
0.279703
0.523602
0.665798
0.344646
0.573205
0.68844
0.391502
0.611535
0.713272
0.422641
0.643567
0.747291
0.433633
0.665594
0.78668
0.422978
0.674879
0.826947
-0.281905
-0.118758
0.130968
-0.286435
-0.118584
0.135432
-0.304172
-0.137934
0.116209
0.664242
0.538563
0.354704
0.658049
0.516109
0.329462
0.671086
0.524062
0.338551
0.173835
0.0616438
0.0118215
0.156928
0.055392
0.0113976
0.169015
0.0675381
0.0176972
0.216333
0.104534
0.0335849
0.299782
0.167756
0.0596511
0.423617
0.260891
0.0976059
0.709949
0.569626
0.387838
0.771235
0.64859
0.476004
0.849981
0.75931
0.604457
0.938904
0.898239
0.774076
1.00851
1.02989
0.946743
1.04076
1.13232
1.09939
0.591296
0.387628
0.147752
0.767126
0.5205
0.198814
0.928762
0.641468
0.243451
1.03941
0.721832
0.269534
1.04235
0.719088
0.261493
0.911198
0.613916
0.212921
1.0091
1.17312
1.19469
0.898624
1.11647
1.17993
0.701274
0.943406
1.02969
-0.340481
-0.182632
0.0672489
-0.393573
-0.249623
-0.00970516
-0.465173
-0.34024
-0.116814
0.382464
0.661156
0.858029
0.309798
0.615057
0.860526
0.200028
0.526852
0.820882
0.0447092
0.383371
0.719242
-0.13144
0.203712
0.561229
-0.320228
-0.00635977
0.348092
-0.558171
-0.457213
-0.258724
-0.653315
-0.579275
-0.410617
-0.739843
-0.695954
-0.563934
-0.796689
-0.7906
-0.702958
-0.790606
-0.827364
-0.790538
-0.702971
-0.790546
-0.815367
-0.510572
-0.241506
0.075971
-0.659988
-0.458474
-0.21262
-0.765686
-0.657134
-0.519954
-0.825856
-0.846378
-0.855006
-0.84639
-1.01332
-1.17353
-0.855032
-1.17354
-1.47115
-0.510594
-0.660005
-0.765696
-0.241536
-0.458502
-0.657156
0.075935
-0.212657
-0.519988
0.400331
0.624261
0.705827
0.0361985
0.20036
0.252957
-0.38843
-0.314543
-0.298882
0.611001
0.384623
0.117655
0.190041
0.0745931
-0.00387437
-0.310463
-0.278705
-0.135041
-0.834949
-0.62629
-0.254779
-1.23211
-0.863223
-0.326889
-1.45417
-0.964437
-0.34611
-0.873187
-0.900985
-0.908566
-1.32666
-1.42256
-1.41499
-1.71761
-1.82755
-1.75794
-1.98861
-2.04622
-1.87513
-2.04623
-2.00969
-1.74347
-1.87515
-1.74348
-1.42225
-1.46178
-0.915293
-0.31076
-1.27724
-0.753414
-0.242177
-0.972001
-0.537597
-0.162722
-0.614446
-0.314807
-0.0885534
-0.314807
-0.148914
-0.0384721
-0.0885531
-0.038472
-0.00873357
-1.46179
-1.27725
-0.972001
-0.915299
-0.753415
-0.537596
-0.310761
-0.242176
-0.162722
0.40029
0.0361519
-0.388477
0.624217
0.200307
-0.3146
0.705783
0.252901
-0.298943
-0.873228
-1.32669
-1.71763
-0.901037
-1.4226
-1.82758
-0.908622
-1.41504
-1.75797
-0.834999
-1.23215
-1.4542
-0.626325
-0.863248
-0.964452
-0.254792
-0.326897
-0.346115
0.610959
0.189989
-0.310519
0.384591
0.0745545
-0.278745
0.117642
-0.00388952
-0.135056
-0.314843
-0.30051
-0.288098
-0.208947
-0.168572
-0.137341
-0.00150071
0.0591442
0.103778
-0.281906
-0.286437
-0.304174
-0.118762
-0.11859
-0.13794
0.130961
0.135424
0.1162
0.422633
0.433625
0.422968
0.643561
0.665587
0.67487
0.747288
0.786677
0.826943
0.279696
0.344639
0.391495
0.523595
0.573198
0.611528
0.665793
0.688436
0.713269
-0.340484
-0.393577
-0.465178
-0.182639
-0.249632
-0.340249
0.067238
-0.00971776
-0.116829
-0.558176
-0.65332
-0.739847
-0.457223
-0.579285
-0.695963
-0.25874
-0.410633
-0.56395
0.0446888
-0.131463
-0.320251
0.383349
0.203687
-0.00638831
0.719223
0.561204
0.348061
0.382452
0.309783
0.20001
0.661146
0.615043
0.526835
0.858023
0.860517
0.820869
0.938905
1.00851
1.04075
0.898247
1.0299
1.13232
0.77409
0.946757
1.0994
1.00909
0.898602
0.701242
1.17312
1.11646
0.943376
1.19469
1.17992
1.02967
1.03942
1.04235
0.911175
0.721838
0.719083
0.613897
0.269536
0.26149
0.212912
0.591311
0.767143
0.928776
0.38764
0.520514
0.64148
0.147757
0.19882
0.243455
0.66424
0.658048
0.671086
0.538565
0.516111
0.524065
0.354708
0.329466
0.338556
0.70995
0.771236
0.849983
0.569631
0.648596
0.759317
0.387844
0.476013
0.604468
0.216339
0.299791
0.423629
0.104539
0.167763
0.2609
0.033587
0.0596542
0.0976101
0.173839
0.156932
0.16902
0.061647
0.0553951
0.0675417
0.0118227
0.0113987
0.0176987
-0.314843
-0.208947
-0.00150011
-0.300509
-0.168571
0.0591459
-0.288097
-0.137339
0.103781
0.279696
0.523595
0.665793
0.344641
0.573199
0.688436
0.391497
0.61153
0.713269
0.422636
0.643563
0.747288
0.433629
0.66559
0.786678
0.422973
0.674874
0.826945
-0.281904
-0.118759
0.130965
-0.286434
-0.118586
0.135429
-0.304171
-0.137936
0.116205
0.66424
0.538565
0.354708
0.658047
0.51611
0.329465
0.671086
0.524064
0.338555
0.173839
0.0616469
0.0118227
0.156932
0.0553948
0.0113987
0.16902
0.0675414
0.0176986
0.216339
0.104539
0.033587
0.299791
0.167763
0.0596544
0.42363
0.260901
0.0976105
0.709949
0.56963
0.387843
0.771236
0.648595
0.476012
0.849983
0.759317
0.604468
0.938907
0.898248
0.774091
1.00852
1.0299
0.946759
1.04075
1.13233
1.0994
0.591312
0.387641
0.147758
0.767145
0.520516
0.19882
0.928778
0.641481
0.243456
1.03942
0.721838
0.269535
1.04235
0.719081
0.261489
0.911169
0.613891
0.212909
1.00909
1.17312
1.19469
0.898607
1.11646
1.17992
0.701246
0.943376
1.02966
-0.340481
-0.182634
0.0672444
-0.393573
-0.249626
-0.00971059
-0.465173
-0.340242
-0.116821
0.382458
0.661151
0.858026
0.30979
0.615049
0.860522
0.200018
0.526842
0.820874
0.0446976
0.383357
0.719229
-0.131453
0.203695
0.561211
-0.32024
-0.00637852
0.348068
-0.558171
-0.457216
-0.258731
-0.653314
-0.579277
-0.410624
-0.739842
-0.695955
-0.56394
-0.796685
-0.790599
-0.702961
-0.7906
-0.827359
-0.790537
-0.702962
-0.790537
-0.815362
-0.510583
-0.241525
0.0759433
-0.659994
-0.458491
-0.21265
-0.765688
-0.657147
-0.519983
-0.825855
-0.846389
-0.855033
-0.846389
-1.01333
-1.17355
-0.855033
-1.17355
-1.47117
-0.510584
-0.659994
-0.765688
-0.241526
-0.458491
-0.657147
0.0759423
-0.21265
-0.519983
0.400293
0.624215
0.705775
0.0361535
0.200301
0.252888
-0.388479
-0.314609
-0.298958
0.610948
0.384581
0.117637
0.189973
0.0745412
-0.00389512
-0.310536
-0.278758
-0.135061
-0.835012
-0.626333
-0.254794
-1.23215
-0.863247
-0.326895
-1.45419
-0.964438
-0.346108
-0.873235
-0.901049
-0.908637
-1.3267
-1.42261
-1.41505
-1.71764
-1.82758
-1.75796
-1.98862
-2.04622
-1.87512
-2.04622
-2.00967
-1.74344
-1.87512
-1.74344
-1.4222
-1.46176
-0.915273
-0.31075
-1.2772
-0.753381
-0.242163
-0.971951
-0.537561
-0.162709
-0.614402
-0.314778
-0.0885432
-0.314777
-0.148896
-0.0384664
-0.0885431
-0.0384663
-0.00873204
-1.46176
-1.2772
-0.971951
-0.915272
-0.753381
-0.537561
-0.31075
-0.242163
-0.162708
0.400292
0.0361533
-0.388479
0.624215
0.200301
-0.314609
0.705775
0.252888
-0.298958
-0.873234
-1.3267
-1.71764
-0.901049
-1.42261
-1.82758
-0.908637
-1.41505
-1.75796
-0.835012
-1.23215
-1.45419
-0.626333
-0.863247
-0.964438
-0.254794
-0.326895
-0.346108
0.610948
0.189973
-0.310536
0.384581
0.0745411
-0.278758
0.117637
-0.00389527
-0.135061
-0.314841
-0.300508
-0.288096
-0.208945
-0.168569
-0.137338
-0.00149867
0.0591471
0.103782
-0.281903
-0.286433
-0.30417
-0.118758
-0.118585
-0.137935
0.130966
0.13543
0.116206
0.422636
0.433629
0.422973
0.643562
0.665589
0.674873
0.747286
0.786676
0.826943
0.279697
0.344641
0.391497
0.523595
0.573198
0.611529
0.665791
0.688434
0.713267
-0.34048
-0.393572
-0.465173
-0.182633
-0.249625
-0.340242
0.0672447
-0.00971055
-0.116821
-0.558171
-0.653315
-0.739842
-0.457216
-0.579278
-0.695956
-0.258732
-0.410625
-0.563941
0.0446969
-0.131454
-0.320242
0.383356
0.203694
-0.00637983
0.719228
0.56121
0.348067
0.382458
0.30979
0.200018
0.66115
0.615048
0.526841
0.858024
0.86052
0.820873
0.938904
1.00851
1.04075
0.898245
1.0299
1.13232
0.774088
0.946757
1.0994
1.00909
0.898606
0.701246
1.17312
1.11646
0.943376
1.19469
1.17992
1.02966
1.03942
1.04235
0.911169
0.721838
0.719081
0.613892
0.269535
0.261489
0.212909
0.59131
0.767143
0.928777
0.38764
0.520514
0.64148
0.147757
0.19882
0.243455
0.664238
0.658045
0.671083
0.538562
0.516108
0.524061
0.354706
0.329463
0.338553
0.709947
0.771233
0.849981
0.569627
0.648592
0.759314
0.387841
0.47601
0.604465
0.216337
0.299789
0.423628
0.104538
0.167762
0.2609
0.0335867
0.059654
0.0976101
0.173838
0.15693
0.169018
0.0616461
0.0553941
0.0675406
0.0118224
0.0113984
0.0176984
