FiniteElementSpace
FiniteElementCollection: H1_2D_P4
VDim: 1
Ordering: 0

-0.00940356
9.35762e-14
9.35736e-14
7.76165e-35
9.3577e-14
7.76496e-35
9.3577e-14
7.7667e-35
9.35736e-14
7.76496e-35
7.76165e-35
-0.0557267
4.87272e-21
4.87272e-21
-0.0557267
4.87302e-21
4.87451e-21
-0.0557272
4.87525e-21
4.87533e-21
-0.0557272
4.87451e-21
4.87302e-21
-0.0557267
4.87272e-21
4.87272e-21
-0.097469
-0.0974697
-0.0974714
-0.0974694
-0.097469
-0.010717
-0.0737253
-0.0737254
-0.010717
-0.0737252
-0.0737259
-0.010717
-0.0737261
-0.0737263
-0.010717
-0.0737259
-0.0737251
-0.010717
-0.0737254
-0.0737253
-0.0467225
1.39243e-16
-0.157772
4.0102e-27
4.01022e-27
-0.157772
1.39242e-16
-0.0467227
1.39245e-16
-0.157772
4.01112e-27
4.01183e-27
-0.15777
1.39265e-16
-0.0467221
1.39274e-16
-0.15777
4.01258e-27
4.0126e-27
-0.15777
1.39276e-16
-0.0467221
1.39265e-16
-0.15777
4.01183e-27
4.01112e-27
-0.157772
1.39245e-16
-0.0467227
1.39242e-16
-0.157772
4.01022e-27
4.0102e-27
-0.157772
1.39243e-16
-0.0149224
-0.0149225
-0.0149225
-0.0149225
-0.0149224
-0.0514567
-0.151575
-0.0514569
-0.051457
-0.151579
-0.0514561
-0.0514556
-0.151586
-0.0514555
-0.0514561
-0.15158
-0.0514571
-0.0514569
-0.151575
-0.0514567
-0.009564
-0.0118956
-0.0118956
-0.009564
-0.0198213
-0.0677129
-0.0303836
-0.0787875
-0.0787877
-0.0303836
-0.0677129
-0.0198212
-0.0118956
-0.0118956
-0.009564
-0.0677128
-0.0303836
-0.0787877
-0.0787882
-0.0303839
-0.0677134
-0.0198214
-0.0118956
-0.0118956
-0.009564
-0.0677135
-0.030384
-0.0787889
-0.078789
-0.030384
-0.0677136
-0.0198214
-0.0118956
-0.0118956
-0.009564
-0.0677134
-0.0303838
-0.0787881
-0.0787874
-0.0303835
-0.0677127
-0.0198212
-0.0118956
-0.0118956
-0.0677129
-0.0303836
-0.0787877
-0.0787875
-0.0303836
-0.0677129
-0.0910978
-0.0353695
-0.101157
0.0115404
5.76828e-15
0.00420504
1.31628e-18
-0.12355
-0.0990436
-0.135148
-0.18746
-0.18746
-0.135148
7.06389e-24
-0.054916
8.91529e-31
8.91533e-31
-0.054916
7.06393e-24
-0.12355
-0.101158
-0.0353697
-0.091098
-0.0990438
1.31628e-18
0.00420499
5.76819e-15
0.0115404
-0.0353698
-0.101158
5.76822e-15
0.00420499
1.31633e-18
-0.12355
-0.0990437
-0.135149
-0.187462
-0.187461
-0.135149
7.0649e-24
-0.0549205
8.91819e-31
8.91903e-31
-0.0549218
7.06665e-24
-0.123547
-0.101158
-0.0353692
-0.0910983
-0.0990422
1.31662e-18
0.00420601
5.76872e-15
0.0115409
-0.0353691
-0.101158
5.76887e-15
0.00420644
1.31675e-18
-0.123546
-0.0990415
-0.13515
-0.187464
-0.187464
-0.13515
7.06784e-24
-0.0549268
8.92086e-31
8.92087e-31
-0.0549268
7.06791e-24
-0.123546
-0.101158
-0.035369
-0.0910984
-0.0990414
1.31678e-18
0.00420657
5.76892e-15
0.0115409
-0.0353693
-0.101158
5.76872e-15
0.00420602
1.31662e-18
-0.123547
-0.0990421
-0.135149
-0.187461
-0.187462
-0.135149
7.06665e-24
-0.0549219
8.91903e-31
8.91819e-31
-0.0549206
7.0649e-24
-0.12355
-0.101158
-0.0353699
-0.091098
-0.0990438
1.31633e-18
0.00420498
5.76822e-15
0.0115404
-0.0353697
-0.101158
5.76819e-15
0.00420499
1.31628e-18
-0.12355
-0.0990438
-0.135148
-0.18746
-0.18746
-0.135148
7.06393e-24
-0.054916
8.91533e-31
8.91529e-31
-0.054916
7.06389e-24
-0.12355
-0.101157
-0.0353695
-0.0990436
1.31628e-18
0.00420504
5.76828e-15
-0.00989359
-0.0255956
-0.0422532
-0.0255956
-0.00989359
-0.0255956
-0.0422535
-0.0255958
-0.00989359
-0.0255958
-0.042254
-0.0255959
-0.00989359
-0.0255958
-0.0422534
-0.0255955
-0.00989359
-0.0255956
-0.0422532
-0.0255956
-0.0920397
0.0151359
-0.0460281
-0.117784
-0.160311
-0.142344
0.0217789
-0.142344
-0.0920399
-0.117785
-0.0460282
0.015136
-0.09204
0.0151359
-0.046028
-0.117785
-0.160312
-0.142346
0.0217758
-0.142346
-0.0920401
-0.117785
-0.0460253
0.0151363
-0.0920401
0.0151364
-0.0460241
-0.117785
-0.160314
-0.142347
0.0217723
-0.142347
-0.0920401
-0.117785
-0.0460239
0.0151365
-0.0920401
0.0151363
-0.0460253
-0.117785
-0.160312
-0.142346
0.0217757
-0.142346
-0.09204
-0.117785
-0.046028
0.0151359
-0.0920399
0.015136
-0.0460282
-0.117785
-0.160311
-0.142344
0.0217789
-0.142344
-0.0920397
-0.117784
-0.0460281
0.0151359
-0.00941516
-0.00944483
-0.00951095
-0.0095903
-0.0096687
-0.00979407
-0.0095903
-0.0096687
-0.00979407
-0.00941516
-0.00944483
-0.00951095
-0.0103171
-0.00986893
-0.00964238
-0.0108785
-0.0112294
-0.0116401
-0.0112028
-0.0104195
-0.0100213
-0.0140225
-0.0128879
-0.0121806
-0.0140225
-0.0128879
-0.0121806
-0.0112027
-0.0104195
-0.0100213
-0.0108785
-0.0112294
-0.0116401
-0.0103171
-0.00986893
-0.00964238
-0.0113053
-0.013229
-0.0168779
-0.0208639
-0.0228259
-0.0246816
-0.0128832
-0.0159738
-0.0214385
-0.0474099
-0.0337045
-0.0236456
-0.0582687
-0.0625584
-0.0661185
-0.0590477
-0.0434442
-0.0307756
-0.0729944
-0.0713164
-0.0691183
-0.0649478
-0.0490496
-0.0358848
-0.0294834
-0.0279726
-0.0264574
-0.0161506
-0.0197851
-0.0258804
-0.0314467
-0.0342591
-0.0388413
-0.0314467
-0.0342591
-0.0388413
-0.0161506
-0.0197851
-0.0258804
-0.0743998
-0.0756995
-0.0774586
-0.0707055
-0.0570652
-0.0465059
-0.0925683
-0.0853339
-0.0805257
-0.0925683
-0.085334
-0.0805258
-0.0707056
-0.0570653
-0.046506
-0.0743999
-0.0756996
-0.0774587
-0.0649479
-0.0490497
-0.0358848
-0.0128832
-0.0159738
-0.0214385
-0.0208639
-0.0228259
-0.0246816
-0.0113053
-0.0132289
-0.0168779
-0.0294833
-0.0279725
-0.0264574
-0.0729946
-0.0713165
-0.0691184
-0.0590478
-0.0434442
-0.0307756
-0.0582688
-0.0625585
-0.0661186
-0.0474099
-0.0337045
-0.0236455
-0.0095903
-0.0096687
-0.00979407
-0.0095903
-0.0096687
-0.00979407
-0.00941516
-0.00944483
-0.00951096
-0.0108785
-0.0112294
-0.0116401
-0.0112027
-0.0104195
-0.0100213
-0.0140225
-0.0128879
-0.0121806
-0.0140225
-0.012888
-0.0121807
-0.0112028
-0.0104195
-0.0100213
-0.0108785
-0.0112294
-0.0116401
-0.0103171
-0.00986893
-0.00964238
-0.0208639
-0.0228258
-0.0246815
-0.0128832
-0.0159738
-0.0214384
-0.0582687
-0.0625584
-0.0661185
-0.0590477
-0.0434441
-0.0307755
-0.0729944
-0.0713163
-0.0691182
-0.0649477
-0.0490496
-0.0358848
-0.0294833
-0.0279725
-0.0264573
-0.0161507
-0.0197852
-0.0258804
-0.0314467
-0.0342592
-0.0388415
-0.031447
-0.0342594
-0.0388416
-0.0161507
-0.0197853
-0.0258806
-0.0743997
-0.0756995
-0.0774587
-0.0707056
-0.0570654
-0.0465062
-0.0925688
-0.0853343
-0.0805259
-0.092569
-0.0853346
-0.0805264
-0.0707061
-0.0570657
-0.0465063
-0.0744004
-0.0757001
-0.0774593
-0.0649484
-0.0490501
-0.0358851
-0.0128833
-0.0159739
-0.0214386
-0.0208641
-0.0228261
-0.0246818
-0.0113054
-0.013229
-0.016878
-0.0294836
-0.0279728
-0.0264576
-0.072995
-0.0713169
-0.0691188
-0.0590482
-0.0434445
-0.0307759
-0.0582692
-0.0625589
-0.066119
-0.0474103
-0.0337048
-0.0236458
-0.0095903
-0.0096687
-0.00979407
-0.0095903
-0.0096687
-0.00979407
-0.00941516
-0.00944483
-0.00951096
-0.0108785
-0.0112294
-0.0116401
-0.0112028
-0.0104195
-0.0100213
-0.0140226
-0.012888
-0.0121807
-0.0140226
-0.012888
-0.0121807
-0.0112028
-0.0104195
-0.0100213
-0.0108785
-0.0112294
-0.0116401
-0.0103171
-0.00986894
-0.00964238
-0.0208641
-0.0228261
-0.0246818
-0.0128833
-0.0159739
-0.0214387
-0.0582692
-0.062559
-0.0661191
-0.0590483
-0.0434446
-0.0307759
-0.0729952
-0.071317
-0.0691189
-0.0649486
-0.0490502
-0.0358852
-0.0294837
-0.0279728
-0.0264576
-0.0161507
-0.0197853
-0.0258807
-0.0314471
-0.0342596
-0.0388419
-0.0314471
-0.0342596
-0.038842
-0.0161507
-0.0197853
-0.0258807
-0.0744006
-0.0757005
-0.0774598
-0.0707067
-0.0570663
-0.0465068
-0.0925705
-0.0853357
-0.0805272
-0.0925705
-0.0853358
-0.0805273
-0.0707069
-0.0570663
-0.0465068
-0.0744008
-0.0757006
-0.0774599
-0.0649487
-0.0490503
-0.0358853
-0.0128833
-0.0159739
-0.0214387
-0.0208641
-0.0228261
-0.0246818
-0.0113054
-0.013229
-0.0168781
-0.0294837
-0.0279729
-0.0264577
-0.0729953
-0.0713172
-0.0691191
-0.0590484
-0.0434446
-0.0307759
-0.0582693
-0.062559
-0.0661192
-0.0474104
-0.0337048
-0.0236458
-0.0095903
-0.0096687
-0.00979407
-0.0095903
-0.0096687
-0.00979407
-0.00941516
-0.00944483
-0.00951095
-0.0108785
-0.0112294
-0.0116401
-0.0112028
-0.0104195
-0.0100213
-0.0140225
-0.012888
-0.0121807
-0.0140225
-0.0128879
-0.0121806
-0.0112027
-0.0104195
-0.0100213
-0.0108785
-0.0112293
-0.0116401
-0.0103171
-0.00986893
-0.00964238
-0.0208641
-0.0228261
-0.0246818
-0.0128833
-0.0159739
-0.0214386
-0.0582693
-0.0625589
-0.066119
-0.0590482
-0.0434445
-0.0307759
-0.072995
-0.0713169
-0.0691188
-0.0649483
-0.0490501
-0.0358851
-0.0294836
-0.0279728
-0.0264576
-0.0161507
-0.0197853
-0.0258806
-0.0314469
-0.0342593
-0.0388415
-0.0314466
-0.0342591
-0.0388414
-0.0161507
-0.0197851
-0.0258803
-0.0744003
-0.0757
-0.0774592
-0.070706
-0.0570656
-0.0465061
-0.0925687
-0.0853344
-0.0805263
-0.0925686
-0.085334
-0.0805257
-0.0707054
-0.0570652
-0.046506
-0.0743995
-0.0756992
-0.0774584
-0.0649476
-0.0490494
-0.0358847
-0.0128832
-0.0159738
-0.0214384
-0.0208639
-0.0228258
-0.0246815
-0.0113053
-0.0132289
-0.0168779
-0.0294832
-0.0279724
-0.0264573
-0.0729942
-0.0713162
-0.0691181
-0.0590476
-0.043444
-0.0307755
-0.0582687
-0.0625583
-0.0661184
-0.0474099
-0.0337045
-0.0236455
-0.0095903
-0.0096687
-0.00979407
-0.0095903
-0.0096687
-0.00979407
-0.0108785
-0.0112294
-0.0116401
-0.0112027
-0.0104195
-0.0100213
-0.0140225
-0.0128879
-0.0121806
-0.0140225
-0.0128879
-0.0121806
-0.0112028
-0.0104195
-0.0100213
-0.0108785
-0.0112294
-0.0116401
-0.0208639
-0.0228259
-0.0246816
-0.0128832
-0.0159738
-0.0214385
-0.0582688
-0.0625585
-0.0661186
-0.0590478
-0.0434442
-0.0307756
-0.0729946
-0.0713165
-0.0691184
-0.0649479
-0.0490497
-0.0358848
-0.0294833
-0.0279725
-0.0264574
-0.0161506
-0.0197851
-0.0258804
-0.0314467
-0.0342591
-0.0388413
-0.0314467
-0.0342591
-0.0388413
-0.0161506
-0.0197851
-0.0258804
-0.0743999
-0.0756996
-0.0774587
-0.0707056
-0.0570653
-0.046506
-0.0925683
-0.085334
-0.0805258
-0.0925683
-0.0853339
-0.0805257
-0.0707055
-0.0570652
-0.0465059
-0.0743998
-0.0756995
-0.0774586
-0.0649478
-0.0490496
-0.0358848
-0.0128832
-0.0159738
-0.0214385
-0.0208639
-0.0228259
-0.0246816
-0.0294834
-0.0279726
-0.0264574
-0.0729944
-0.0713164
-0.0691183
-0.0590477
-0.0434442
-0.0307756
-0.0582687
-0.0625584
-0.0661185
-0.0643239
-0.0794634
-0.0893691
-0.0911256
-0.0911145
-0.0915113
-0.0760293
-0.0885982
-0.0935352
-0.0593672
-0.0791778
-0.0898705
-0.0430526
-0.037999
-0.0355605
-0.0484787
-0.0714071
-0.0875279
-0.0463893
-0.0395072
-0.0359882
-0.0639036
-0.0845663
-0.0979456
-0.0988436
-0.0952697
-0.0928563
-0.0821749
-0.0953045
-0.101572
-0.0336768
-0.0107611
0.00603806
0.0127272
0.0142073
0.0150455
-0.0226253
-0.00193902
0.0114762
0.0069303
0.0142432
0.0146805
6.18433e-14
2.61216e-14
9.97893e-15
0.00532459
0.0134872
0.0164879
2.83215e-16
1.00764e-15
3.24242e-15
0.00283301
0.00743803
0.00725324
0.00823292
0.0129659
0.014884
-0.0388792
-0.0170805
-0.00110048
-0.00107792
-0.014956
-0.034043
-0.0901328
-0.0718914
-0.0543589
-0.0575463
-0.0717637
-0.0890276
6.65722e-17
1.52214e-17
3.14772e-18
-0.00982178
-0.0248217
-0.0383695
1.37e-20
9.00439e-20
5.35258e-19
-0.0274123
-0.073382
-0.109095
-0.111367
-0.0854523
-0.059067
-0.156912
-0.150025
-0.135148
-0.14859
-0.129484
-0.109457
-0.103719
-0.10907
-0.114758
-0.0871157
-0.102227
-0.113933
-0.106836
-0.117
-0.119606
-0.156945
-0.151314
-0.141482
-0.131993
-0.126356
-0.120773
-0.103052
-0.115208
-0.128358
-0.138535
-0.145932
-0.154938
-0.138535
-0.145932
-0.154938
-0.103052
-0.115208
-0.128358
-0.166075
-0.178678
-0.186092
-0.185116
-0.176685
-0.165991
-0.163529
-0.179527
-0.186844
-0.163529
-0.179527
-0.186845
-0.185116
-0.176685
-0.165991
-0.166075
-0.178679
-0.186092
-0.156945
-0.151314
-0.141482
-0.133933
-0.146568
-0.147334
-0.187613
-0.179785
-0.158938
1.68532e-21
2.08594e-22
2.33506e-23
-0.0258596
-0.0762805
-0.122159
1.55856e-26
1.89234e-25
2.07802e-24
-0.00276123
-0.0157992
-0.0392013
-0.0741152
-0.10801
-0.133623
-0.137455
-0.106068
-0.0721254
-0.0361078
-0.00495747
0.0159184
-0.0361078
-0.00495749
0.0159184
-0.137455
-0.106068
-0.0721254
1.00338e-27
6.72271e-29
4.07378e-30
0.00746762
0.0195398
0.0240067
4.16985e-34
9.35274e-33
1.89729e-31
4.16986e-34
9.35276e-33
1.8973e-31
0.00746762
0.0195398
0.0240067
1.00339e-27
6.72275e-29
4.0738e-30
-0.00276126
-0.0157992
-0.0392013
-0.187614
-0.179785
-0.158938
-0.133933
-0.146568
-0.147334
-0.156912
-0.150025
-0.135148
-0.0741152
-0.10801
-0.133623
1.55857e-26
1.89235e-25
2.07803e-24
-0.0258597
-0.0762806
-0.122159
1.68532e-21
2.08594e-22
2.33507e-23
-0.0274123
-0.073382
-0.109095
-0.0760294
-0.0885984
-0.0935354
-0.0911258
-0.0911147
-0.0915115
-0.064324
-0.0794634
-0.0893692
-0.082175
-0.0953047
-0.101572
-0.0988438
-0.0952699
-0.0928566
-0.0639038
-0.0845665
-0.0979458
-0.0463894
-0.0395074
-0.0359884
-0.0484788
-0.0714073
-0.0875281
-0.0430528
-0.0379992
-0.0355607
-0.0593675
-0.079178
-0.0898707
-0.0871159
-0.102227
-0.113933
-0.103719
-0.10907
-0.114758
-0.131994
-0.126356
-0.120773
-0.14859
-0.129484
-0.109457
-0.106837
-0.117
-0.119606
-0.0575464
-0.0717639
-0.0890278
-0.090133
-0.0718916
-0.054359
-0.00107798
-0.0149561
-0.0340431
-0.0388794
-0.0170806
-0.00110055
-0.111367
-0.0854524
-0.0590671
1.37e-20
9.00439e-20
5.35258e-19
-0.0098218
-0.0248218
-0.0383696
6.65718e-17
1.52214e-17
3.14771e-18
0.002833
0.00743802
0.00725321
-0.0226254
-0.00193907
0.0114762
0.0127272
0.0142074
0.0150455
-0.033677
-0.0107612
0.00603805
0.00823289
0.0129659
0.014884
2.83213e-16
1.00763e-15
3.24237e-15
0.0053246
0.0134873
0.0164879
6.18417e-14
2.61211e-14
9.97875e-15
0.00693031
0.0142432
0.0146805
-0.0911258
-0.0911147
-0.0915115
-0.0760293
-0.0885983
-0.0935354
-0.0430528
-0.0379993
-0.0355608
-0.048479
-0.0714075
-0.0875282
-0.0463896
-0.0395075
-0.0359885
-0.063904
-0.0845667
-0.0979459
-0.0988439
-0.09527
-0.0928566
-0.0821748
-0.0953046
-0.101572
0.0127272
0.0142073
0.0150455
-0.0226255
-0.00193918
0.0114761
6.18418e-14
2.61211e-14
9.97879e-15
0.0053246
0.0134873
0.0164879
2.83217e-16
1.00764e-15
3.2424e-15
0.00283302
0.00743805
0.00725322
0.00823286
0.0129659
0.014884
-0.0388795
-0.0170807
-0.00110058
-0.00107796
-0.0149559
-0.0340429
-0.0901329
-0.0718914
-0.0543588
-0.0575466
-0.071764
-0.0890278
6.65731e-17
1.52218e-17
3.14781e-18
-0.0098217
-0.0248216
-0.0383693
1.37008e-20
9.00482e-20
5.35279e-19
-0.0274122
-0.0733818
-0.109095
-0.111366
-0.085452
-0.0590668
-0.156912
-0.150025
-0.135148
-0.14859
-0.129484
-0.109457
-0.103719
-0.10907
-0.114758
-0.0871159
-0.102227
-0.113933
-0.106837
-0.117
-0.119606
-0.156945
-0.151314
-0.141483
-0.131994
-0.126356
-0.120773
-0.103052
-0.115208
-0.128359
-0.138536
-0.145932
-0.154939
-0.138536
-0.145933
-0.154939
-0.103052
-0.115208
-0.128359
-0.166075
-0.178679
-0.186093
-0.185117
-0.176686
-0.165992
-0.163532
-0.17953
-0.186846
-0.163532
-0.17953
-0.186846
-0.185117
-0.176686
-0.165992
-0.166074
-0.178678
-0.186092
-0.156944
-0.151314
-0.141483
-0.133933
-0.146568
-0.147335
-0.187615
-0.179786
-0.15894
1.68544e-21
2.08615e-22
2.33536e-23
-0.0258603
-0.076282
-0.122161
1.5589e-26
1.89269e-25
2.07835e-24
-0.00276219
-0.0158018
-0.0392053
-0.0741194
-0.108014
-0.133625
-0.13746
-0.106073
-0.0721303
-0.0361124
-0.00496192
0.0159147
-0.0361135
-0.00496255
0.0159145
-0.13746
-0.106074
-0.0721314
1.00363e-27
6.72458e-29
4.07504e-30
0.00746728
0.0195385
0.0240043
4.17156e-34
9.35625e-33
1.89794e-31
4.17163e-34
9.3567e-33
1.89809e-31
0.00746723
0.0195384
0.0240042
1.0038e-27
6.7255e-29
4.07549e-30
-0.00276258
-0.0158029
-0.0392066
-0.187615
-0.179786
-0.15894
-0.133931
-0.146567
-0.147335
-0.156911
-0.150023
-0.135145
-0.0741208
-0.108015
-0.133626
1.55919e-26
1.89309e-25
2.07884e-24
-0.0258604
-0.0762822
-0.122161
1.68595e-21
2.08673e-22
2.33597e-23
-0.0274116
-0.07338
-0.109093
-0.0760298
-0.0885988
-0.0935357
-0.0911261
-0.0911149
-0.0915117
-0.0643245
-0.079464
-0.0893697
-0.0821755
-0.0953051
-0.101573
-0.0988439
-0.0952701
-0.0928567
-0.0639032
-0.0845661
-0.0979458
-0.0463887
-0.0395068
-0.0359879
-0.0484785
-0.0714072
-0.0875282
-0.0430523
-0.0379987
-0.0355603
-0.059367
-0.0791779
-0.0898709
-0.0871165
-0.102228
-0.113933
-0.103719
-0.10907
-0.114758
-0.131994
-0.126356
-0.120774
-0.148588
-0.129482
-0.109456
-0.106835
-0.116999
-0.119606
-0.0575455
-0.0717627
-0.0890263
-0.0901311
-0.071889
-0.0543562
-0.00107672
-0.0149542
-0.0340406
-0.0388785
-0.0170796
-0.00109948
-0.111363
-0.0854488
-0.0590639
1.37048e-20
9.00719e-20
5.35405e-19
-0.00982092
-0.0248197
-0.0383668
6.65837e-17
1.52246e-17
3.14846e-18
0.00283329
0.00743871
0.00725414
-0.0226249
-0.00193858
0.0114766
0.0127276
0.0142077
0.0150459
-0.0336764
-0.0107606
0.00603861
0.0082337
0.0129664
0.0148844
2.83255e-16
1.00775e-15
3.24271e-15
0.00532466
0.0134874
0.0164882
6.18445e-14
2.61227e-14
9.97956e-15
0.00693037
0.0142434
0.0146809
-0.0911261
-0.0911149
-0.0915117
-0.0760299
-0.0885989
-0.0935357
-0.0430522
-0.0379987
-0.0355602
-0.0484784
-0.0714071
-0.0875281
-0.0463883
-0.0395065
-0.0359877
-0.0639028
-0.0845659
-0.0979457
-0.0988439
-0.09527
-0.0928567
-0.0821757
-0.0953052
-0.101573
0.0127276
0.0142078
0.0150459
-0.0226248
-0.00193845
0.0114767
6.18448e-14
2.6123e-14
9.97977e-15
0.00532468
0.0134875
0.0164883
2.83271e-16
1.0078e-15
3.24281e-15
0.0028334
0.00743898
0.00725453
0.00823403
0.0129666
0.0148845
-0.038878
-0.0170791
-0.00109901
-0.00107617
-0.0149534
-0.0340395
-0.0901302
-0.0718879
-0.0543549
-0.057545
-0.0717621
-0.0890256
6.65882e-17
1.52258e-17
3.14876e-18
-0.00982058
-0.0248188
-0.0383656
1.37067e-20
9.00831e-20
5.35464e-19
-0.0274114
-0.0733793
-0.109091
-0.111362
-0.0854474
-0.0590626
-0.15691
-0.150022
-0.135144
-0.148588
-0.129482
-0.109455
-0.103719
-0.10907
-0.114758
-0.0871171
-0.102228
-0.113934
-0.106835
-0.116999
-0.119606
-0.156944
-0.151315
-0.141484
-0.131995
-0.126357
-0.120774
-0.103054
-0.11521
-0.128361
-0.138538
-0.145935
-0.154942
-0.138538
-0.145935
-0.154942
-0.103054
-0.11521
-0.128361
-0.166074
-0.178679
-0.186094
-0.185119
-0.176689
-0.165995
-0.163538
-0.179534
-0.186849
-0.163538
-0.179534
-0.186849
-0.185119
-0.176689
-0.165995
-0.166074
-0.178679
-0.186094
-0.156944
-0.151315
-0.141484
-0.13393
-0.146567
-0.147336
-0.187617
-0.179788
-0.158942
1.6862e-21
2.08706e-22
2.33635e-23
-0.025861
-0.0762835
-0.122163
1.55948e-26
1.89343e-25
2.0792e-24
-0.00276349
-0.0158055
-0.0392109
-0.0741255
-0.108019
-0.133628
-0.137466
-0.10608
-0.072137
-0.0361186
-0.0049674
0.0159105
-0.0361187
-0.00496743
0.0159105
-0.137466
-0.10608
-0.0721371
1.00399e-27
6.72681e-29
4.07631e-30
0.0074668
0.019537
0.0240015
4.17255e-34
9.35871e-33
1.89848e-31
4.17255e-34
9.35871e-33
1.89848e-31
0.0074668
0.019537
0.0240015
1.00399e-27
6.72683e-29
4.07632e-30
-0.00276348
-0.0158055
-0.0392109
-0.187617
-0.179788
-0.158942
-0.13393
-0.146567
-0.147335
-0.15691
-0.150022
-0.135143
-0.0741255
-0.108019
-0.133628
1.55949e-26
1.89344e-25
2.07921e-24
-0.0258609
-0.0762834
-0.122162
1.68623e-21
2.08709e-22
2.33638e-23
-0.0274113
-0.0733791
-0.109091
-0.07603
-0.088599
-0.0935358
-0.0911262
-0.091115
-0.0915118
-0.0643245
-0.0794641
-0.0893697
-0.0821758
-0.0953053
-0.101573
-0.098844
-0.0952701
-0.0928568
-0.0639027
-0.0845659
-0.0979457
-0.0463883
-0.0395065
-0.0359876
-0.0484783
-0.0714071
-0.0875282
-0.0430522
-0.0379986
-0.0355601
-0.059367
-0.0791779
-0.089871
-0.0871172
-0.102229
-0.113934
-0.103719
-0.10907
-0.114759
-0.131995
-0.126357
-0.120774
-0.148588
-0.129481
-0.109455
-0.106835
-0.116999
-0.119606
-0.0575449
-0.071762
-0.0890255
-0.0901301
-0.0718878
-0.0543547
-0.00107604
-0.0149532
-0.0340393
-0.0388779
-0.0170789
-0.00109888
-0.111362
-0.0854471
-0.0590624
1.3707e-20
9.00847e-20
5.35473e-19
-0.00982052
-0.0248187
-0.0383654
6.65892e-17
1.5226e-17
3.14881e-18
0.00283344
0.00743907
0.00725464
-0.0226247
-0.00193836
0.0114768
0.0127277
0.0142078
0.015046
-0.0336763
-0.0107605
0.00603867
0.00823415
0.0129667
0.0148846
2.83274e-16
1.00781e-15
3.24284e-15
0.0053247
0.0134875
0.0164884
6.18448e-14
2.61231e-14
9.97984e-15
0.00693038
0.0142434
0.0146809
-0.0911262
-0.091115
-0.0915118
-0.0760298
-0.0885988
-0.0935358
-0.0430522
-0.0379987
-0.0355603
-0.0484785
-0.0714072
-0.0875282
-0.0463887
-0.0395068
-0.0359879
-0.0639032
-0.0845662
-0.0979458
-0.098844
-0.0952701
-0.0928568
-0.0821754
-0.0953051
-0.101573
0.0127277
0.0142077
0.0150459
-0.0226249
-0.00193858
0.0114766
6.18445e-14
2.61227e-14
9.97956e-15
0.00532467
0.0134875
0.0164882
2.83255e-16
1.00775e-15
3.24271e-15
0.0028333
0.00743872
0.00725415
0.00823371
0.0129664
0.0148844
-0.0388785
-0.0170795
-0.00109947
-0.0010767
-0.0149542
-0.0340405
-0.090131
-0.0718889
-0.0543561
-0.0575455
-0.0717626
-0.0890262
6.65837e-17
1.52246e-17
3.14846e-18
-0.00982092
-0.0248197
-0.0383667
1.37048e-20
9.00719e-20
5.35405e-19
-0.0274116
-0.07338
-0.109092
-0.111363
-0.0854487
-0.0590638
-0.15691
-0.150022
-0.135145
-0.148588
-0.129482
-0.109455
-0.103719
-0.10907
-0.114758
-0.0871164
-0.102228
-0.113933
-0.106835
-0.116999
-0.119606
-0.156944
-0.151314
-0.141483
-0.131994
-0.126356
-0.120774
-0.103052
-0.115208
-0.128359
-0.138536
-0.145932
-0.154939
-0.138536
-0.145932
-0.154939
-0.103052
-0.115208
-0.128359
-0.166074
-0.178678
-0.186092
-0.185117
-0.176686
-0.165992
-0.163533
-0.17953
-0.186846
-0.163532
-0.17953
-0.186846
-0.185117
-0.176686
-0.165992
-0.166075
-0.178679
-0.186093
-0.156945
-0.151314
-0.141482
-0.133931
-0.146567
-0.147335
-0.187615
-0.179786
-0.15894
1.68595e-21
2.08673e-22
2.33597e-23
-0.0258605
-0.0762823
-0.122161
1.55919e-26
1.89309e-25
2.07884e-24
-0.00276259
-0.0158029
-0.0392067
-0.0741209
-0.108015
-0.133626
-0.13746
-0.106074
-0.0721316
-0.0361136
-0.00496261
0.0159145
-0.0361125
-0.00496198
0.0159147
-0.13746
-0.106073
-0.0721304
1.0038e-27
6.7255e-29
4.07549e-30
0.00746723
0.0195384
0.0240042
4.17163e-34
9.3567e-33
1.89809e-31
4.17156e-34
9.35625e-33
1.89794e-31
0.00746728
0.0195386
0.0240043
1.00363e-27
6.72458e-29
4.07504e-30
-0.00276219
-0.0158019
-0.0392054
-0.187615
-0.179786
-0.15894
-0.133933
-0.146569
-0.147335
-0.156912
-0.150025
-0.135148
-0.0741195
-0.108014
-0.133625
1.5589e-26
1.89269e-25
2.07835e-24
-0.0258603
-0.0762821
-0.122161
1.68544e-21
2.08615e-22
2.33536e-23
-0.0274122
-0.0733819
-0.109095
-0.0760292
-0.0885983
-0.0935354
-0.0911258
-0.0911147
-0.0915116
-0.064324
-0.0794634
-0.0893692
-0.0821747
-0.0953045
-0.101572
-0.0988439
-0.09527
-0.0928566
-0.0639041
-0.0845667
-0.097946
-0.0463897
-0.0395076
-0.0359886
-0.0484791
-0.0714075
-0.0875282
-0.0430528
-0.0379993
-0.0355609
-0.0593675
-0.079178
-0.0898707
-0.0871156
-0.102227
-0.113933
-0.103719
-0.10907
-0.114758
-0.131994
-0.126356
-0.120773
-0.14859
-0.129484
-0.109457
-0.106837
-0.117
-0.119606
-0.0575467
-0.0717641
-0.0890279
-0.090133
-0.0718915
-0.0543588
-0.00107797
-0.014956
-0.0340429
-0.0388796
-0.0170808
-0.0011006
-0.111366
-0.0854521
-0.0590668
1.37008e-20
9.00482e-20
5.35279e-19
-0.00982171
-0.0248216
-0.0383693
6.65731e-17
1.52218e-17
3.14781e-18
0.00283302
0.00743806
0.00725322
-0.0226256
-0.00193921
0.0114761
0.0127272
0.0142073
0.0150455
-0.033677
-0.0107612
0.00603805
0.00823285
0.0129658
0.014884
2.83217e-16
1.00764e-15
3.2424e-15
0.0053246
0.0134873
0.0164879
6.18418e-14
2.61211e-14
9.97879e-15
0.00693031
0.0142432
0.0146805
-0.0911258
-0.0911147
-0.0915115
-0.0760294
-0.0885984
-0.0935354
-0.0430528
-0.0379992
-0.0355607
-0.0484788
-0.0714073
-0.0875281
-0.0463894
-0.0395074
-0.0359884
-0.0639038
-0.0845665
-0.0979458
-0.0988438
-0.0952699
-0.0928566
-0.082175
-0.0953047
-0.101572
0.0127272
0.0142074
0.0150455
-0.0226254
-0.00193907
0.0114762
6.18417e-14
2.61211e-14
9.97875e-15
0.0053246
0.0134873
0.0164879
2.83213e-16
1.00763e-15
3.24237e-15
0.002833
0.00743802
0.00725321
0.00823289
0.0129659
0.014884
-0.0388794
-0.0170806
-0.00110055
-0.00107798
-0.0149561
-0.0340431
-0.090133
-0.0718916
-0.054359
-0.0575464
-0.0717639
-0.0890278
6.65718e-17
1.52214e-17
3.14771e-18
-0.0098218
-0.0248218
-0.0383696
1.37e-20
9.00439e-20
5.35258e-19
-0.0274123
-0.073382
-0.109095
-0.111367
-0.0854524
-0.0590671
-0.156912
-0.150025
-0.135148
-0.14859
-0.129484
-0.109457
-0.103719
-0.10907
-0.114758
-0.0871159
-0.102227
-0.113933
-0.106837
-0.117
-0.119606
-0.156945
-0.151314
-0.141482
-0.131994
-0.126356
-0.120773
-0.103052
-0.115208
-0.128358
-0.138535
-0.145932
-0.154938
-0.138535
-0.145932
-0.154938
-0.103052
-0.115208
-0.128358
-0.166075
-0.178679
-0.186092
-0.185116
-0.176685
-0.165991
-0.163529
-0.179527
-0.186845
-0.163529
-0.179527
-0.186844
-0.185116
-0.176685
-0.165991
-0.166075
-0.178678
-0.186092
-0.156945
-0.151314
-0.141482
-0.133933
-0.146568
-0.147334
-0.187614
-0.179785
-0.158938
1.68532e-21
2.08594e-22
2.33507e-23
-0.0258597
-0.0762806
-0.122159
1.55857e-26
1.89235e-25
2.07803e-24
-0.00276126
-0.0157992
-0.0392013
-0.0741152
-0.10801
-0.133623
-0.137455
-0.106068
-0.0721254
-0.0361078
-0.00495749
0.0159184
-0.0361078
-0.00495747
0.0159184
-0.137455
-0.106068
-0.0721254
1.00339e-27
6.72275e-29
4.0738e-30
0.00746762
0.0195398
0.0240067
4.16986e-34
9.35276e-33
1.8973e-31
4.16985e-34
9.35274e-33
1.89729e-31
0.00746762
0.0195398
0.0240067
1.00338e-27
6.72271e-29
4.07378e-30
-0.00276123
-0.0157992
-0.0392013
-0.187613
-0.179785
-0.158938
-0.133933
-0.146568
-0.147334
-0.156912
-0.150025
-0.135148
-0.0741152
-0.10801
-0.133623
1.55856e-26
1.89234e-25
2.07802e-24
-0.0258596
-0.0762805
-0.122159
1.68532e-21
2.08594e-22
2.33506e-23
-0.0274123
-0.073382
-0.109095
-0.0760293
-0.0885982
-0.0935352
-0.0911256
-0.0911145
-0.0915113
-0.0821749
-0.0953045
-0.101572
-0.0988436
-0.0952697
-0.0928563
-0.0639036
-0.0845663
-0.0979456
-0.0463893
-0.0395072
-0.0359882
-0.0484787
-0.0714071
-0.0875279
-0.0430526
-0.037999
-0.0355605
-0.0871157
-0.102227
-0.113933
-0.103719
-0.10907
-0.114758
-0.131993
-0.126356
-0.120773
-0.14859
-0.129484
-0.109457
-0.106836
-0.117
-0.119606
-0.0575463
-0.0717637
-0.0890276
-0.0901328
-0.0718914
-0.0543589
-0.00107792
-0.014956
-0.034043
-0.0388792
-0.0170805
-0.00110048
-0.111367
-0.0854523
-0.059067
1.37e-20
9.00439e-20
5.35258e-19
-0.00982178
-0.0248217
-0.0383695
6.65722e-17
1.52214e-17
3.14772e-18
0.00283301
0.00743803
0.00725324
-0.0226253
-0.00193902
0.0114762
0.0127272
0.0142073
0.0150455
0.00823292
0.0129659
0.014884
2.83215e-16
1.00764e-15
3.24242e-15
0.00532459
0.0134872
0.0164879
6.18433e-14
2.61216e-14
9.97893e-15
-0.00942297
-0.00945794
-0.00953027
-0.00945794
-0.0095073
-0.00959501
-0.00953027
-0.00959501
-0.00970336
-0.00967356
-0.00992428
-0.0104284
-0.00976678
-0.0100714
-0.0106813
-0.00991084
-0.0102742
-0.0109989
-0.0101676
-0.0106006
-0.0114455
-0.0106006
-0.0111174
-0.0120733
-0.0114455
-0.0120733
-0.013145
-0.00967356
-0.00976678
-0.00991084
-0.00992427
-0.0100714
-0.0102742
-0.0104284
-0.0106813
-0.0109989
-0.0115376
-0.0136735
-0.0176745
-0.0120215
-0.01456
-0.0192032
-0.0125648
-0.0154772
-0.0206877
-0.024978
-0.0356277
-0.0498224
-0.0274337
-0.0390472
-0.0539665
-0.0296914
-0.0420543
-0.0574711
-0.0317797
-0.0446898
-0.0604406
-0.033472
-0.0466752
-0.0626021
-0.0350222
-0.0482745
-0.0642307
-0.0132285
-0.016479
-0.0221651
-0.0140303
-0.0175147
-0.0235042
-0.0152297
-0.0188437
-0.024956
-0.0173879
-0.0209955
-0.0270103
-0.0209955
-0.0244308
-0.030091
-0.0270103
-0.030091
-0.0351148
-0.0368623
-0.0498554
-0.0656233
-0.0393796
-0.0517488
-0.0670304
-0.0434427
-0.0547538
-0.0690975
-0.050347
-0.0600349
-0.0728165
-0.060035
-0.0678014
-0.0785644
-0.0728166
-0.0785644
-0.0870092
-0.0368623
-0.0393796
-0.0434427
-0.0498554
-0.0517488
-0.0547538
-0.0656234
-0.0670305
-0.0690976
-0.0115376
-0.0120215
-0.0125648
-0.0136735
-0.01456
-0.0154771
-0.0176745
-0.0192032
-0.0206877
-0.0132285
-0.0140303
-0.0152297
-0.016479
-0.0175147
-0.0188436
-0.0221651
-0.0235041
-0.024956
-0.0317796
-0.033472
-0.0350222
-0.0446898
-0.0466752
-0.0482745
-0.0604407
-0.0626021
-0.0642308
-0.0249779
-0.0274337
-0.0296913
-0.0356276
-0.0390472
-0.0420543
-0.0498224
-0.0539665
-0.0574711
-0.00942297
-0.00945794
-0.00953027
-0.00945794
-0.0095073
-0.00959501
-0.00953027
-0.00959501
-0.00970336
-0.00967356
-0.00992427
-0.0104284
-0.00976678
-0.0100714
-0.0106813
-0.00991084
-0.0102742
-0.0109989
-0.0101676
-0.0106006
-0.0114455
-0.0106006
-0.0111174
-0.0120733
-0.0114455
-0.0120734
-0.0131451
-0.00967356
-0.00976678
-0.00991085
-0.00992428
-0.0100714
-0.0102743
-0.0104284
-0.0106813
-0.0109989
-0.0115376
-0.0136735
-0.0176745
-0.0120215
-0.01456
-0.0192032
-0.0125648
-0.0154771
-0.0206876
-0.0249779
-0.0356276
-0.0498224
-0.0274337
-0.0390471
-0.0539665
-0.0296913
-0.0420542
-0.057471
-0.0317796
-0.0446897
-0.0604405
-0.0334719
-0.0466751
-0.062602
-0.0350221
-0.0482744
-0.0642306
-0.0132285
-0.016479
-0.0221651
-0.0140303
-0.0175147
-0.0235041
-0.0152297
-0.0188437
-0.0249559
-0.017388
-0.0209956
-0.0270103
-0.0209957
-0.0244309
-0.0300911
-0.0270105
-0.0300912
-0.035115
-0.0368623
-0.0498553
-0.0656232
-0.0393796
-0.0517488
-0.0670304
-0.0434429
-0.0547539
-0.0690976
-0.0503473
-0.0600352
-0.0728167
-0.0600354
-0.0678018
-0.0785648
-0.0728171
-0.078565
-0.0870098
-0.0368626
-0.0393799
-0.043443
-0.0498558
-0.0517493
-0.0547543
-0.0656238
-0.067031
-0.0690981
-0.0115376
-0.0120215
-0.0125648
-0.0136735
-0.0145601
-0.0154772
-0.0176746
-0.0192033
-0.0206878
-0.0132285
-0.0140303
-0.0152298
-0.0164791
-0.0175148
-0.0188438
-0.0221653
-0.0235043
-0.0249562
-0.0317799
-0.0334723
-0.0350225
-0.0446902
-0.0466756
-0.0482749
-0.0604411
-0.0626026
-0.0642312
-0.0249782
-0.0274339
-0.0296916
-0.035628
-0.0390475
-0.0420547
-0.0498229
-0.053967
-0.0574715
-0.00942297
-0.00945794
-0.00953027
-0.00945794
-0.0095073
-0.00959501
-0.00953027
-0.00959501
-0.00970336
-0.00967356
-0.00992428
-0.0104284
-0.00976678
-0.0100714
-0.0106813
-0.00991085
-0.0102743
-0.0109989
-0.0101676
-0.0106006
-0.0114455
-0.0106006
-0.0111174
-0.0120734
-0.0114455
-0.0120734
-0.0131451
-0.00967356
-0.00976678
-0.00991085
-0.00992428
-0.0100714
-0.0102743
-0.0104284
-0.0106813
-0.0109989
-0.0115376
-0.0136735
-0.0176746
-0.0120215
-0.0145601
-0.0192033
-0.0125648
-0.0154772
-0.0206878
-0.0249782
-0.035628
-0.0498229
-0.027434
-0.0390476
-0.053967
-0.0296916
-0.0420547
-0.0574716
-0.03178
-0.0446902
-0.0604412
-0.0334723
-0.0466757
-0.0626027
-0.0350226
-0.048275
-0.0642314
-0.0132285
-0.0164791
-0.0221653
-0.0140304
-0.0175148
-0.0235044
-0.0152298
-0.0188438
-0.0249562
-0.0173881
-0.0209957
-0.0270106
-0.0209958
-0.0244311
-0.0300914
-0.0270106
-0.0300914
-0.0351154
-0.0368627
-0.049856
-0.0656241
-0.0393801
-0.0517495
-0.0670313
-0.0434434
-0.0547547
-0.0690986
-0.0503479
-0.0600361
-0.0728179
-0.0600362
-0.0678029
-0.0785661
-0.072818
-0.0785661
-0.0870112
-0.0368628
-0.0393802
-0.0434435
-0.0498561
-0.0517496
-0.0547548
-0.0656242
-0.0670315
-0.0690987
-0.0115376
-0.0120215
-0.0125648
-0.0136736
-0.0145601
-0.0154772
-0.0176746
-0.0192033
-0.0206879
-0.0132285
-0.0140304
-0.0152298
-0.0164792
-0.0175148
-0.0188438
-0.0221653
-0.0235044
-0.0249562
-0.03178
-0.0334724
-0.0350226
-0.0446903
-0.0466758
-0.0482751
-0.0604413
-0.0626028
-0.0642315
-0.0249782
-0.027434
-0.0296917
-0.035628
-0.0390476
-0.0420548
-0.0498229
-0.0539671
-0.0574717
-0.00942297
-0.00945794
-0.00953027
-0.00945794
-0.0095073
-0.00959501
-0.00953027
-0.00959501
-0.00970336
-0.00967356
-0.00992428
-0.0104284
-0.00976678
-0.0100714
-0.0106813
-0.00991085
-0.0102743
-0.0109989
-0.0101676
-0.0106006
-0.0114455
-0.0106006
-0.0111174
-0.0120734
-0.0114455
-0.0120733
-0.0131451
-0.00967356
-0.00976678
-0.00991084
-0.00992427
-0.0100714
-0.0102742
-0.0104284
-0.0106813
-0.0109989
-0.0115376
-0.0136735
-0.0176746
-0.0120215
-0.0145601
-0.0192033
-0.0125648
-0.0154772
-0.0206878
-0.0249782
-0.035628
-0.0498229
-0.027434
-0.0390476
-0.053967
-0.0296916
-0.0420547
-0.0574715
-0.0317799
-0.0446902
-0.0604411
-0.0334723
-0.0466756
-0.0626025
-0.0350225
-0.0482749
-0.0642312
-0.0132285
-0.0164791
-0.0221653
-0.0140303
-0.0175148
-0.0235043
-0.0152297
-0.0188438
-0.0249561
-0.017388
-0.0209956
-0.0270104
-0.0209955
-0.0244309
-0.0300912
-0.0270102
-0.030091
-0.0351149
-0.0368626
-0.0498558
-0.0656238
-0.0393798
-0.0517492
-0.0670309
-0.0434429
-0.0547542
-0.069098
-0.0503471
-0.0600353
-0.072817
-0.060035
-0.0678016
-0.0785648
-0.0728165
-0.0785645
-0.0870095
-0.0368622
-0.0393795
-0.0434427
-0.0498552
-0.0517486
-0.0547537
-0.065623
-0.0670302
-0.0690973
-0.0115376
-0.0120215
-0.0125648
-0.0136735
-0.01456
-0.0154771
-0.0176745
-0.0192031
-0.0206876
-0.0132284
-0.0140303
-0.0152297
-0.016479
-0.0175147
-0.0188436
-0.022165
-0.0235041
-0.0249559
-0.0317795
-0.0334718
-0.035022
-0.0446896
-0.046675
-0.0482743
-0.0604404
-0.0626018
-0.0642305
-0.0249779
-0.0274336
-0.0296913
-0.0356276
-0.0390471
-0.0420542
-0.0498224
-0.0539664
-0.0574709
-0.00942297
-0.00945794
-0.00953027
-0.00945794
-0.0095073
-0.00959501
-0.00953027
-0.00959501
-0.00970336
-0.00967356
-0.00992427
-0.0104284
-0.00976678
-0.0100714
-0.0106813
-0.00991084
-0.0102742
-0.0109989
-0.0101676
-0.0106006
-0.0114455
-0.0106006
-0.0111174
-0.0120733
-0.0114455
-0.0120733
-0.013145
-0.00967356
-0.00976678
-0.00991084
-0.00992428
-0.0100714
-0.0102742
-0.0104284
-0.0106813
-0.0109989
-0.0115376
-0.0136735
-0.0176745
-0.0120215
-0.01456
-0.0192032
-0.0125648
-0.0154771
-0.0206877
-0.0249779
-0.0356276
-0.0498224
-0.0274337
-0.0390472
-0.0539665
-0.0296913
-0.0420543
-0.0574711
-0.0317796
-0.0446898
-0.0604407
-0.033472
-0.0466752
-0.0626021
-0.0350222
-0.0482745
-0.0642308
-0.0132285
-0.016479
-0.0221651
-0.0140303
-0.0175147
-0.0235041
-0.0152297
-0.0188436
-0.024956
-0.0173879
-0.0209955
-0.0270103
-0.0209955
-0.0244308
-0.030091
-0.0270103
-0.030091
-0.0351148
-0.0368623
-0.0498554
-0.0656234
-0.0393796
-0.0517488
-0.0670305
-0.0434427
-0.0547538
-0.0690976
-0.050347
-0.060035
-0.0728166
-0.0600349
-0.0678014
-0.0785644
-0.0728165
-0.0785644
-0.0870092
-0.0368623
-0.0393796
-0.0434427
-0.0498554
-0.0517488
-0.0547538
-0.0656233
-0.0670304
-0.0690975
-0.0115376
-0.0120215
-0.0125648
-0.0136735
-0.01456
-0.0154772
-0.0176745
-0.0192032
-0.0206877
-0.0132285
-0.0140303
-0.0152297
-0.016479
-0.0175147
-0.0188437
-0.0221651
-0.0235042
-0.024956
-0.0317797
-0.033472
-0.0350222
-0.0446898
-0.0466752
-0.0482745
-0.0604406
-0.0626021
-0.0642307
-0.024978
-0.0274337
-0.0296914
-0.0356277
-0.0390472
-0.0420543
-0.0498224
-0.0539665
-0.0574711
-0.0668635
-0.0814895
-0.0902255
-0.0710531
-0.0847077
-0.0914965
-0.0744908
-0.0873463
-0.0927447
-0.0890124
-0.076743
-0.0558979
-0.0876745
-0.073178
-0.0510358
-0.0872343
-0.0714484
-0.0486545
-0.0882409
-0.0720234
-0.0490851
-0.0908425
-0.075076
-0.0525225
-0.0950899
-0.0806457
-0.0591174
-0.0774034
-0.0897929
-0.0944769
-0.0796088
-0.0919879
-0.096764
-0.081376
-0.094161
-0.0997447
-0.0300352
-0.00778055
0.00786976
-0.0251284
-0.00388747
0.0102172
-0.0227954
-0.00206248
0.0113784
0.0151345
0.0136974
0.00575763
0.0158589
0.0132427
0.00525821
0.0163808
0.0134137
0.00528222
0.0163225
0.0134347
0.00529572
0.0148065
0.0125346
0.00491653
0.0107809
0.00986053
0.00381831
-0.0232316
-0.00246209
0.0111247
-0.0267185
-0.00554317
0.00877897
-0.0336659
-0.0120197
0.0033662
-0.0452136
-0.023413
-0.00686793
-0.0603009
-0.0390974
-0.0217304
-0.0790587
-0.0594902
-0.0418402
0.00255267
0.0041621
0.00151516
-0.00996196
-0.00466869
-0.00199496
-0.0273785
-0.0170298
-0.00682408
-0.0503447
-0.0332786
-0.0130351
-0.074562
-0.0501937
-0.0193147
-0.0981542
-0.0662316
-0.0250145
-0.101766
-0.0851577
-0.0679261
-0.124462
-0.111607
-0.0953192
-0.146366
-0.137559
-0.122313
-0.0829146
-0.0964494
-0.103539
-0.084292
-0.0986319
-0.10754
-0.0859527
-0.100911
-0.111714
-0.101172
-0.0891148
-0.069576
-0.108077
-0.0992102
-0.0825916
-0.115581
-0.110675
-0.0980293
-0.12359
-0.123358
-0.115878
-0.130888
-0.135105
-0.133025
-0.137852
-0.145999
-0.149177
-0.0886023
-0.103687
-0.116169
-0.0926489
-0.107127
-0.120533
-0.0988119
-0.11193
-0.125401
-0.107995
-0.119085
-0.131703
-0.119086
-0.128183
-0.139395
-0.131703
-0.139396
-0.149086
-0.145182
-0.156331
-0.164032
-0.152672
-0.165111
-0.175216
-0.161137
-0.172988
-0.182836
-0.170965
-0.179904
-0.185961
-0.179904
-0.183812
-0.182889
-0.185961
-0.182889
-0.172414
-0.145182
-0.152672
-0.161138
-0.156331
-0.165111
-0.172988
-0.164032
-0.175217
-0.182836
-0.166361
-0.161039
-0.146238
-0.180246
-0.176249
-0.160456
-0.187256
-0.181641
-0.163007
-0.118237
-0.0790722
-0.029185
-0.128677
-0.0845023
-0.0303614
-0.127724
-0.0814623
-0.0282695
-0.113197
-0.068821
-0.0226711
-0.0882154
-0.0497665
-0.0151056
-0.0565798
-0.0274199
-0.00683643
-0.185394
-0.174464
-0.151037
-0.173698
-0.154996
-0.12637
-0.152255
-0.124929
-0.09215
-0.120768
-0.0861533
-0.0520299
-0.0861533
-0.0488207
-0.0173681
-0.0520299
-0.0173681
0.00781168
-0.0225614
-0.00513542
0.00082336
0.00390841
0.0105682
0.00568432
0.020197
0.0185707
0.00759757
0.0246213
0.0185064
0.0066848
0.0185064
0.0124539
0.00404337
0.0066848
0.00404337
0.00110136
-0.0225614
0.00390838
0.020197
-0.00513546
0.0105682
0.0185707
0.000823342
0.00568431
0.00759757
-0.166361
-0.180246
-0.187256
-0.161039
-0.176249
-0.181641
-0.146238
-0.160456
-0.163007
-0.185394
-0.173698
-0.152255
-0.174464
-0.154996
-0.124929
-0.151037
-0.12637
-0.0921501
-0.113197
-0.0882155
-0.0565799
-0.068821
-0.0497665
-0.02742
-0.0226711
-0.0151056
-0.00683646
-0.118237
-0.128677
-0.127724
-0.0790722
-0.0845024
-0.0814623
-0.029185
-0.0303614
-0.0282695
-0.0668636
-0.0710531
-0.0744909
-0.0814896
-0.0847078
-0.0873464
-0.0902256
-0.0914967
-0.0927449
-0.0774035
-0.0796089
-0.0813761
-0.089793
-0.091988
-0.0941612
-0.0944771
-0.0967641
-0.0997449
-0.0882411
-0.0908427
-0.0950901
-0.0720237
-0.0750762
-0.0806459
-0.0490853
-0.0525227
-0.0591176
-0.0890126
-0.0876747
-0.0872345
-0.0767432
-0.0731782
-0.0714486
-0.0558981
-0.051036
-0.0486547
-0.0829148
-0.0842921
-0.0859529
-0.0964496
-0.0986321
-0.100911
-0.103539
-0.10754
-0.111715
-0.0886024
-0.092649
-0.098812
-0.103687
-0.107127
-0.11193
-0.116169
-0.120533
-0.125401
-0.12359
-0.130888
-0.137852
-0.123358
-0.135106
-0.145999
-0.115879
-0.133025
-0.149177
-0.101172
-0.108077
-0.115581
-0.089115
-0.0992104
-0.110675
-0.0695761
-0.0825917
-0.0980295
-0.0452138
-0.0603011
-0.0790589
-0.0234131
-0.0390975
-0.0594904
-0.00686801
-0.0217305
-0.0418403
-0.101766
-0.124462
-0.146366
-0.0851578
-0.111607
-0.137559
-0.0679262
-0.0953193
-0.122313
-0.0503448
-0.0745621
-0.0981542
-0.0332787
-0.0501937
-0.0662316
-0.0130351
-0.0193147
-0.0250145
0.00255262
-0.00996203
-0.0273786
0.00416208
-0.00466873
-0.0170299
0.00151516
-0.00199497
-0.0068241
-0.0300353
-0.0251285
-0.0227956
-0.00778062
-0.00388753
-0.00206254
0.00786975
0.0102172
0.0113784
-0.0232317
-0.0267187
-0.033666
-0.00246215
-0.00554324
-0.0120198
0.0111247
0.00877894
0.00336616
0.0163225
0.0148065
0.0107809
0.0134348
0.0125346
0.00986053
0.00529574
0.00491654
0.00381832
0.0151345
0.015859
0.0163808
0.0136975
0.0132428
0.0134137
0.00575764
0.00525823
0.00528224
-0.0668635
-0.0814896
-0.0902256
-0.0710531
-0.0847078
-0.0914967
-0.0744908
-0.0873463
-0.0927449
-0.0890126
-0.0767432
-0.0558982
-0.0876747
-0.0731783
-0.0510361
-0.0872346
-0.0714487
-0.0486549
-0.0882412
-0.0720238
-0.0490855
-0.0908428
-0.0750764
-0.0525228
-0.0950902
-0.080646
-0.0591177
-0.0774034
-0.089793
-0.0944771
-0.0796088
-0.0919879
-0.0967642
-0.0813759
-0.0941611
-0.0997449
-0.0300354
-0.00778065
0.00786973
-0.0251286
-0.0038876
0.0102171
-0.0227957
-0.00206264
0.0113784
0.0151345
0.0136975
0.00575764
0.015859
0.0132428
0.00525823
0.0163808
0.0134137
0.00528224
0.0163225
0.0134348
0.00529573
0.0148064
0.0125346
0.00491654
0.0107809
0.00986054
0.00381832
-0.0232318
-0.00246227
0.0111246
-0.0267188
-0.00554336
0.00877887
-0.0336662
-0.0120199
0.00336611
-0.0452139
-0.0234131
-0.00686801
-0.0603011
-0.0390975
-0.0217304
-0.0790589
-0.0594903
-0.0418401
0.00255267
0.00416213
0.00151518
-0.0099619
-0.00466862
-0.00199491
-0.0273784
-0.0170297
-0.00682401
-0.0503445
-0.0332784
-0.013035
-0.0745617
-0.0501934
-0.0193145
-0.0981539
-0.0662313
-0.0250144
-0.101766
-0.0851576
-0.0679259
-0.124462
-0.111607
-0.0953189
-0.146366
-0.137559
-0.122313
-0.0829146
-0.0964495
-0.103539
-0.084292
-0.098632
-0.10754
-0.0859528
-0.100911
-0.111715
-0.101172
-0.0891152
-0.0695763
-0.108077
-0.0992105
-0.0825918
-0.115581
-0.110675
-0.0980295
-0.12359
-0.123358
-0.115879
-0.130888
-0.135106
-0.133025
-0.137852
-0.145999
-0.149177
-0.0886025
-0.103687
-0.116169
-0.0926493
-0.107127
-0.120533
-0.0988125
-0.111931
-0.125401
-0.107996
-0.119086
-0.131703
-0.119086
-0.128183
-0.139396
-0.131703
-0.139396
-0.149087
-0.145183
-0.156331
-0.164032
-0.152673
-0.165112
-0.175217
-0.161138
-0.172989
-0.182837
-0.170966
-0.179905
-0.185962
-0.179905
-0.183814
-0.182891
-0.185962
-0.182891
-0.172417
-0.145183
-0.152673
-0.161138
-0.156331
-0.165111
-0.172989
-0.164031
-0.175216
-0.182837
-0.166361
-0.161039
-0.146238
-0.180246
-0.176249
-0.160457
-0.187257
-0.181642
-0.163008
-0.118237
-0.0790722
-0.029185
-0.128678
-0.0845028
-0.0303616
-0.127726
-0.0814634
-0.02827
-0.113199
-0.0688227
-0.0226719
-0.0882186
-0.0497688
-0.0151065
-0.0565837
-0.0274226
-0.00683741
-0.185396
-0.174466
-0.151039
-0.173701
-0.154999
-0.126374
-0.152259
-0.124934
-0.0921545
-0.120773
-0.0861588
-0.052035
-0.0861593
-0.0488266
-0.0173732
-0.052036
-0.0173736
0.00780724
-0.0225654
-0.00513799
0.000822467
0.0039047
0.010566
0.00568362
0.0201941
0.0185691
0.00759711
0.0246194
0.0185055
0.00668457
0.0185054
0.0124536
0.0040433
0.00668455
0.0040433
0.00110136
-0.0225665
0.00390402
0.0201938
-0.00513888
0.0105655
0.0185689
0.000822132
0.00568341
0.00759702
-0.16636
-0.180245
-0.187256
-0.161037
-0.176248
-0.181641
-0.146236
-0.160455
-0.163008
-0.185396
-0.173702
-0.152259
-0.174466
-0.155
-0.124935
-0.15104
-0.126375
-0.0921557
-0.1132
-0.0882198
-0.056585
-0.0688234
-0.0497698
-0.0274236
-0.0226722
-0.0151069
-0.00683784
-0.118234
-0.128676
-0.127725
-0.0790706
-0.0845019
-0.0814633
-0.0291845
-0.0303613
-0.02827
-0.0668641
-0.0710536
-0.0744913
-0.0814902
-0.0847083
-0.0873468
-0.090226
-0.091497
-0.0927452
-0.077404
-0.0796094
-0.0813766
-0.0897935
-0.0919884
-0.0941616
-0.0944773
-0.0967644
-0.0997452
-0.0882412
-0.0908427
-0.0950901
-0.0720235
-0.075076
-0.0806456
-0.0490849
-0.0525222
-0.059117
-0.0890128
-0.0876748
-0.0872346
-0.0767431
-0.0731781
-0.0714485
-0.0558977
-0.0510357
-0.0486544
-0.0829153
-0.0842927
-0.0859534
-0.09645
-0.0986326
-0.100912
-0.103539
-0.10754
-0.111715
-0.088603
-0.0926497
-0.0988127
-0.103688
-0.107128
-0.111931
-0.11617
-0.120533
-0.125402
-0.12359
-0.130888
-0.137852
-0.123358
-0.135105
-0.145999
-0.115877
-0.133024
-0.149176
-0.101172
-0.108077
-0.115581
-0.0891146
-0.0992099
-0.110674
-0.0695754
-0.0825908
-0.0980283
-0.0452127
-0.0602997
-0.0790571
-0.0234118
-0.0390957
-0.0594881
-0.0068667
-0.0217286
-0.0418378
-0.101764
-0.12446
-0.146364
-0.085155
-0.111604
-0.137556
-0.0679231
-0.0953157
-0.122309
-0.0503417
-0.0745586
-0.0981509
-0.0332763
-0.0501912
-0.0662292
-0.0130342
-0.0193137
-0.0250136
0.0025538
-0.00996027
-0.0273762
0.00416296
-0.00466739
-0.017028
0.00151553
-0.0019944
-0.00682332
-0.0300348
-0.025128
-0.0227951
-0.00778004
-0.00388704
-0.00206207
0.00787024
0.0102176
0.0113788
-0.0232312
-0.0267181
-0.0336652
-0.00246163
-0.00554258
-0.0120189
0.0111251
0.00877954
0.00336702
0.0163228
0.0148069
0.0107816
0.013435
0.0125349
0.00986105
0.00529581
0.00491666
0.00381853
0.0151349
0.0158593
0.0163811
0.0136977
0.0132429
0.0134139
0.00575771
0.00525829
0.00528229
-0.0668641
-0.0814902
-0.090226
-0.0710537
-0.0847083
-0.0914971
-0.0744914
-0.0873469
-0.0927452
-0.0890128
-0.0767431
-0.0558977
-0.0876748
-0.073178
-0.0510356
-0.0872346
-0.0714484
-0.0486543
-0.0882411
-0.0720234
-0.0490848
-0.0908426
-0.0750758
-0.0525219
-0.0950899
-0.0806453
-0.0591166
-0.0774041
-0.0897935
-0.0944773
-0.0796095
-0.0919885
-0.0967644
-0.0813767
-0.0941617
-0.0997452
-0.0300348
-0.00778003
0.00787025
-0.025128
-0.00388699
0.0102176
-0.022795
-0.00206196
0.0113789
0.0151349
0.0136977
0.00575771
0.0158593
0.013243
0.00525829
0.0163811
0.0134139
0.0052823
0.0163229
0.013435
0.00529583
0.0148071
0.012535
0.00491671
0.0107819
0.00986126
0.00381862
-0.023231
-0.00246145
0.0111253
-0.0267178
-0.00554231
0.00877977
-0.0336648
-0.0120185
0.00336739
-0.0452121
-0.0234112
-0.00686612
-0.060299
-0.0390949
-0.0217278
-0.0790563
-0.0594871
-0.0418367
0.0025543
0.00416332
0.00151568
-0.00995953
-0.00466684
-0.00199418
-0.0273751
-0.0170273
-0.00682301
-0.0503404
-0.0332754
-0.0130338
-0.0745573
-0.0501901
-0.0193133
-0.0981497
-0.0662283
-0.0250133
-0.101764
-0.0851539
-0.0679218
-0.124459
-0.111603
-0.0953143
-0.146363
-0.137555
-0.122308
-0.0829155
-0.0964502
-0.103539
-0.084293
-0.0986328
-0.10754
-0.0859539
-0.100912
-0.111715
-0.101172
-0.0891143
-0.0695749
-0.108077
-0.0992096
-0.0825903
-0.115581
-0.110674
-0.0980278
-0.12359
-0.123358
-0.115877
-0.130888
-0.135105
-0.133024
-0.137853
-0.145999
-0.149176
-0.0886038
-0.103688
-0.11617
-0.0926508
-0.107129
-0.120534
-0.0988142
-0.111932
-0.125403
-0.107998
-0.119088
-0.131705
-0.119088
-0.128186
-0.139399
-0.131705
-0.139399
-0.14909
-0.145184
-0.156332
-0.164032
-0.152675
-0.165113
-0.175218
-0.161141
-0.172991
-0.182839
-0.170969
-0.179908
-0.185965
-0.179908
-0.183817
-0.182895
-0.185965
-0.182895
-0.172422
-0.145184
-0.152675
-0.161141
-0.156332
-0.165113
-0.172991
-0.164032
-0.175218
-0.182839
-0.16636
-0.161036
-0.146235
-0.180246
-0.176248
-0.160455
-0.187258
-0.181643
-0.163009
-0.118233
-0.0790701
-0.0291843
-0.128676
-0.084502
-0.0303614
-0.127726
-0.0814641
-0.0282704
-0.113202
-0.068825
-0.0226728
-0.0882233
-0.0497721
-0.0151078
-0.0565892
-0.0274263
-0.00683876
-0.185399
-0.174469
-0.151042
-0.173706
-0.155005
-0.126379
-0.152265
-0.12494
-0.092161
-0.12078
-0.086166
-0.0520418
-0.086166
-0.0488334
-0.0173793
-0.0520418
-0.0173793
0.00780239
-0.0225709
-0.00514148
0.000821271
0.00390005
0.0105632
0.0056827
0.0201906
0.0185671
0.00759649
0.0246173
0.0185043
0.00668421
0.0185043
0.012453
0.00404312
0.00668421
0.00404312
0.00110131
-0.0225709
0.00390002
0.0201906
-0.00514149
0.0105632
0.0185671
0.000821271
0.00568269
0.00759648
-0.16636
-0.180246
-0.187258
-0.161036
-0.176248
-0.181643
-0.146235
-0.160455
-0.163009
-0.185399
-0.173706
-0.152265
-0.174469
-0.155004
-0.12494
-0.151042
-0.126379
-0.092161
-0.113202
-0.0882232
-0.0565892
-0.0688249
-0.0497721
-0.0274262
-0.0226728
-0.0151077
-0.00683875
-0.118233
-0.128676
-0.127726
-0.0790699
-0.0845018
-0.0814639
-0.0291843
-0.0303614
-0.0282703
-0.0668642
-0.0710537
-0.0744915
-0.0814902
-0.0847084
-0.087347
-0.0902261
-0.0914971
-0.0927453
-0.0774042
-0.0796096
-0.0813769
-0.0897936
-0.0919886
-0.0941618
-0.0944774
-0.0967645
-0.0997453
-0.0882412
-0.0908427
-0.09509
-0.0720234
-0.0750758
-0.0806453
-0.0490847
-0.0525219
-0.0591166
-0.0890128
-0.0876748
-0.0872346
-0.0767431
-0.0731781
-0.0714484
-0.0558977
-0.0510356
-0.0486542
-0.0829156
-0.0842932
-0.0859541
-0.0964503
-0.098633
-0.100912
-0.103539
-0.107541
-0.111715
-0.088604
-0.0926509
-0.0988142
-0.103689
-0.107129
-0.111933
-0.11617
-0.120534
-0.125403
-0.12359
-0.130888
-0.137853
-0.123358
-0.135105
-0.145999
-0.115877
-0.133024
-0.149176
-0.101172
-0.108077
-0.115581
-0.0891143
-0.0992096
-0.110674
-0.0695749
-0.0825902
-0.0980278
-0.045212
-0.0602989
-0.0790562
-0.0234111
-0.0390948
-0.0594869
-0.00686598
-0.0217276
-0.0418365
-0.101763
-0.124459
-0.146363
-0.0851537
-0.111603
-0.137555
-0.0679215
-0.0953141
-0.122308
-0.0503402
-0.074557
-0.0981495
-0.0332752
-0.05019
-0.0662282
-0.0130338
-0.0193132
-0.0250133
0.00255442
-0.00995937
-0.027375
0.00416341
-0.00466672
-0.0170271
0.00151572
-0.00199413
-0.00682296
-0.0300347
-0.0251279
-0.0227949
-0.00777996
-0.00388691
-0.00206188
0.00787032
0.0102177
0.011379
-0.0232309
-0.0267177
-0.0336647
-0.00246136
-0.00554221
-0.0120184
0.0111254
0.00877988
0.00336751
0.016323
0.0148072
0.010782
0.0134351
0.0125351
0.00986133
0.00529585
0.00491673
0.00381865
0.0151349
0.0158593
0.0163812
0.0136977
0.013243
0.0134139
0.00575772
0.0052583
0.00528232
-0.0668641
-0.0814902
-0.0902261
-0.0710537
-0.0847084
-0.0914971
-0.0744913
-0.0873469
-0.0927453
-0.0890128
-0.0767431
-0.0558977
-0.0876749
-0.0731781
-0.0510357
-0.0872347
-0.0714485
-0.0486544
-0.0882412
-0.0720235
-0.049085
-0.0908428
-0.075076
-0.0525222
-0.0950901
-0.0806456
-0.059117
-0.077404
-0.0897935
-0.0944774
-0.0796094
-0.0919884
-0.0967644
-0.0813765
-0.0941616
-0.0997452
-0.0300347
-0.00778
0.00787029
-0.025128
-0.00388701
0.0102176
-0.0227951
-0.00206205
0.0113789
0.0151349
0.0136977
0.00575771
0.0158593
0.013243
0.00525829
0.0163811
0.0134139
0.0052823
0.0163228
0.013435
0.00529581
0.0148069
0.0125349
0.00491666
0.0107816
0.00986106
0.00381854
-0.0232312
-0.00246163
0.0111252
-0.0267181
-0.00554259
0.00877955
-0.0336652
-0.0120189
0.00336703
-0.0452127
-0.0234118
-0.00686668
-0.0602996
-0.0390957
-0.0217286
-0.079057
-0.059488
-0.0418377
0.00255382
0.00416297
0.00151553
-0.00996024
-0.00466738
-0.0019944
-0.0273761
-0.017028
-0.00682332
-0.0503417
-0.0332763
-0.0130342
-0.0745586
-0.0501911
-0.0193137
-0.0981509
-0.0662292
-0.0250136
-0.101764
-0.0851549
-0.067923
-0.12446
-0.111604
-0.0953156
-0.146363
-0.137556
-0.122309
-0.0829152
-0.09645
-0.103539
-0.0842926
-0.0986325
-0.10754
-0.0859533
-0.100912
-0.111715
-0.101172
-0.0891146
-0.0695754
-0.108077
-0.0992099
-0.0825907
-0.115581
-0.110674
-0.0980283
-0.12359
-0.123358
-0.115877
-0.130888
-0.135105
-0.133024
-0.137852
-0.145999
-0.149176
-0.0886029
-0.103688
-0.11617
-0.0926495
-0.107127
-0.120533
-0.0988124
-0.111931
-0.125401
-0.107995
-0.119086
-0.131703
-0.119086
-0.128183
-0.139396
-0.131703
-0.139396
-0.149087
-0.145183
-0.156331
-0.164031
-0.152672
-0.165111
-0.175216
-0.161138
-0.172989
-0.182837
-0.170966
-0.179905
-0.185962
-0.179905
-0.183814
-0.182891
-0.185962
-0.182891
-0.172417
-0.145182
-0.152672
-0.161138
-0.156331
-0.165111
-0.172989
-0.164032
-0.175217
-0.182837
-0.16636
-0.161037
-0.146236
-0.180245
-0.176248
-0.160455
-0.187256
-0.181641
-0.163008
-0.118234
-0.0790706
-0.0291845
-0.128676
-0.084502
-0.0303614
-0.127725
-0.0814633
-0.02827
-0.1132
-0.0688234
-0.0226722
-0.0882199
-0.0497699
-0.0151069
-0.0565851
-0.0274237
-0.00683785
-0.185396
-0.174467
-0.15104
-0.173702
-0.155
-0.126375
-0.15226
-0.124935
-0.0921559
-0.120773
-0.0861595
-0.0520361
-0.0861589
-0.0488267
-0.0173737
-0.0520351
-0.0173733
0.0078072
-0.0225666
-0.0051389
0.000822129
0.00390397
0.0105655
0.00568341
0.0201938
0.0185689
0.00759702
0.0246194
0.0185054
0.00668455
0.0185055
0.0124536
0.0040433
0.00668457
0.0040433
0.00110136
-0.0225655
0.00390467
0.020194
-0.00513802
0.010566
0.0185691
0.000822466
0.00568362
0.00759711
-0.166361
-0.180246
-0.187257
-0.161039
-0.176249
-0.181642
-0.146238
-0.160457
-0.163008
-0.185396
-0.173701
-0.152259
-0.174466
-0.154999
-0.124934
-0.151039
-0.126374
-0.0921547
-0.1132
-0.0882188
-0.0565838
-0.0688228
-0.0497689
-0.0274226
-0.0226719
-0.0151065
-0.00683742
-0.118237
-0.128678
-0.127726
-0.0790723
-0.0845029
-0.0814635
-0.029185
-0.0303616
-0.02827
-0.0668635
-0.071053
-0.0744907
-0.0814896
-0.0847078
-0.0873463
-0.0902256
-0.0914967
-0.0927449
-0.0774033
-0.0796086
-0.0813758
-0.0897929
-0.0919879
-0.094161
-0.0944771
-0.0967642
-0.0997449
-0.0882413
-0.0908429
-0.0950902
-0.0720239
-0.0750765
-0.0806461
-0.0490856
-0.0525229
-0.0591179
-0.0890127
-0.0876748
-0.0872346
-0.0767432
-0.0731783
-0.0714488
-0.0558982
-0.0510362
-0.0486549
-0.0829144
-0.0842918
-0.0859526
-0.0964494
-0.0986319
-0.100911
-0.103539
-0.10754
-0.111714
-0.0886022
-0.092649
-0.0988122
-0.103687
-0.107127
-0.11193
-0.116169
-0.120533
-0.125401
-0.12359
-0.130888
-0.137852
-0.123358
-0.135106
-0.145999
-0.115879
-0.133025
-0.149177
-0.101172
-0.108077
-0.115581
-0.0891152
-0.0992106
-0.110675
-0.0695764
-0.0825919
-0.0980296
-0.045214
-0.0603012
-0.0790589
-0.0234132
-0.0390975
-0.0594903
-0.00686804
-0.0217304
-0.0418402
-0.101766
-0.124462
-0.146366
-0.0851576
-0.111607
-0.137559
-0.067926
-0.0953189
-0.122313
-0.0503445
-0.0745617
-0.098154
-0.0332784
-0.0501935
-0.0662314
-0.0130351
-0.0193146
-0.0250144
0.00255266
-0.00996191
-0.0273784
0.00416214
-0.00466862
-0.0170297
0.00151519
-0.00199492
-0.00682402
-0.0300354
-0.0251286
-0.0227957
-0.00778066
-0.00388762
-0.00206266
0.00786973
0.0102171
0.0113784
-0.0232319
-0.0267189
-0.0336662
-0.00246231
-0.00554341
-0.01202
0.0111246
0.00877885
0.00336608
0.0163225
0.0148064
0.0107809
0.0134348
0.0125346
0.00986055
0.00529574
0.00491654
0.00381833
0.0151345
0.015859
0.0163808
0.0136975
0.0132428
0.0134137
0.00575764
0.00525823
0.00528224
-0.0668636
-0.0814896
-0.0902256
-0.0710531
-0.0847078
-0.0914967
-0.0744909
-0.0873464
-0.0927449
-0.0890126
-0.0767432
-0.0558981
-0.0876747
-0.0731782
-0.051036
-0.0872345
-0.0714486
-0.0486547
-0.0882411
-0.0720237
-0.0490853
-0.0908427
-0.0750762
-0.0525227
-0.0950901
-0.0806459
-0.0591176
-0.0774035
-0.089793
-0.0944771
-0.0796089
-0.091988
-0.0967641
-0.0813761
-0.0941612
-0.0997449
-0.0300353
-0.00778062
0.00786975
-0.0251285
-0.00388753
0.0102172
-0.0227956
-0.00206254
0.0113784
0.0151345
0.0136975
0.00575764
0.015859
0.0132428
0.00525823
0.0163808
0.0134137
0.00528224
0.0163225
0.0134348
0.00529574
0.0148065
0.0125346
0.00491654
0.0107809
0.00986053
0.00381832
-0.0232317
-0.00246215
0.0111247
-0.0267187
-0.00554324
0.00877894
-0.033666
-0.0120198
0.00336616
-0.0452138
-0.0234131
-0.00686801
-0.0603011
-0.0390975
-0.0217305
-0.0790589
-0.0594904
-0.0418403
0.00255262
0.00416208
0.00151516
-0.00996203
-0.00466873
-0.00199497
-0.0273786
-0.0170299
-0.0068241
-0.0503448
-0.0332787
-0.0130351
-0.0745621
-0.0501937
-0.0193147
-0.0981542
-0.0662316
-0.0250145
-0.101766
-0.0851578
-0.0679262
-0.124462
-0.111607
-0.0953193
-0.146366
-0.137559
-0.122313
-0.0829148
-0.0964496
-0.103539
-0.0842921
-0.0986321
-0.10754
-0.0859529
-0.100911
-0.111715
-0.101172
-0.089115
-0.0695761
-0.108077
-0.0992104
-0.0825917
-0.115581
-0.110675
-0.0980295
-0.12359
-0.123358
-0.115879
-0.130888
-0.135106
-0.133025
-0.137852
-0.145999
-0.149177
-0.0886024
-0.103687
-0.116169
-0.092649
-0.107127
-0.120533
-0.098812
-0.11193
-0.125401
-0.107995
-0.119086
-0.131703
-0.119085
-0.128183
-0.139396
-0.131703
-0.139395
-0.149086
-0.145182
-0.156331
-0.164032
-0.152672
-0.165111
-0.175217
-0.161138
-0.172988
-0.182836
-0.170965
-0.179904
-0.185961
-0.179904
-0.183812
-0.182889
-0.185961
-0.182889
-0.172414
-0.145182
-0.152672
-0.161137
-0.156331
-0.165111
-0.172988
-0.164032
-0.175216
-0.182836
-0.166361
-0.161039
-0.146238
-0.180246
-0.176249
-0.160456
-0.187256
-0.181641
-0.163007
-0.118237
-0.0790722
-0.029185
-0.128677
-0.0845024
-0.0303614
-0.127724
-0.0814623
-0.0282695
-0.113197
-0.068821
-0.0226711
-0.0882155
-0.0497665
-0.0151056
-0.0565799
-0.02742
-0.00683646
-0.185394
-0.174464
-0.151037
-0.173698
-0.154996
-0.12637
-0.152255
-0.124929
-0.0921501
-0.120768
-0.0861533
-0.0520299
-0.0861533
-0.0488207
-0.0173681
-0.0520299
-0.0173681
0.00781168
-0.0225614
-0.00513546
0.000823342
0.00390838
0.0105682
0.00568431
0.020197
0.0185707
0.00759757
0.0246213
0.0185064
0.0066848
0.0185064
0.0124539
0.00404337
0.0066848
0.00404337
0.00110136
-0.0225614
0.00390841
0.020197
-0.00513542
0.0105682
0.0185707
0.00082336
0.00568432
0.00759757
-0.166361
-0.180246
-0.187256
-0.161039
-0.176249
-0.181641
-0.146238
-0.160456
-0.163007
-0.185394
-0.173698
-0.152255
-0.174464
-0.154996
-0.124929
-0.151037
-0.12637
-0.09215
-0.113197
-0.0882154
-0.0565798
-0.068821
-0.0497665
-0.0274199
-0.0226711
-0.0151056
-0.00683643
-0.118237
-0.128677
-0.127724
-0.0790722
-0.0845023
-0.0814623
-0.029185
-0.0303614
-0.0282695
-0.0668635
-0.0710531
-0.0744908
-0.0814895
-0.0847077
-0.0873463
-0.0902255
-0.0914965
-0.0927447
-0.0774034
-0.0796088
-0.081376
-0.0897929
-0.0919879
-0.094161
-0.0944769
-0.096764
-0.0997447
-0.0882409
-0.0908425
-0.0950899
-0.0720234
-0.075076
-0.0806457
-0.0490851
-0.0525225
-0.0591174
-0.0890124
-0.0876745
-0.0872343
-0.076743
-0.073178
-0.0714484
-0.0558979
-0.0510358
-0.0486545
-0.0829146
-0.084292
-0.0859527
-0.0964494
-0.0986319
-0.100911
-0.103539
-0.10754
-0.111714
-0.0886023
-0.0926489
-0.0988119
-0.103687
-0.107127
-0.11193
-0.116169
-0.120533
-0.125401
-0.12359
-0.130888
-0.137852
-0.123358
-0.135105
-0.145999
-0.115878
-0.133025
-0.149177
-0.101172
-0.108077
-0.115581
-0.0891148
-0.0992102
-0.110675
-0.069576
-0.0825916
-0.0980293
-0.0452136
-0.0603009
-0.0790587
-0.023413
-0.0390974
-0.0594902
-0.00686793
-0.0217304
-0.0418402
-0.101766
-0.124462
-0.146366
-0.0851577
-0.111607
-0.137559
-0.0679261
-0.0953192
-0.122313
-0.0503447
-0.074562
-0.0981542
-0.0332786
-0.0501937
-0.0662316
-0.0130351
-0.0193147
-0.0250145
0.00255267
-0.00996196
-0.0273785
0.0041621
-0.00466869
-0.0170298
0.00151516
-0.00199496
-0.00682408
-0.0300352
-0.0251284
-0.0227954
-0.00778055
-0.00388747
-0.00206248
0.00786976
0.0102172
0.0113784
-0.0232316
-0.0267185
-0.0336659
-0.00246209
-0.00554317
-0.0120197
0.0111247
0.00877897
0.0033662
0.0163225
0.0148065
0.0107809
0.0134347
0.0125346
0.00986053
0.00529572
0.00491653
0.00381831
0.0151345
0.0158589
0.0163808
0.0136974
0.0132427
0.0134137
0.00575763
0.00525821
0.00528222
