M 36 36 NNZ 400
0 23 -0.083333333333333315
0 11 -0.083333333333333343
0 18 -0.083333333333333343
0 6 -5.1296315285720429e-18
0 17 -0.083333333333333343
0 5 -8.8159189150227579e-18
0 12 -1.3152727604964776e-17
0 0 0.33333333333333331
1 35 -0.083333333333333356
1 30 -0.083333333333333329
1 29 -0.083333333333333343
1 24 -8.5360592292499371e-17
1 10 -0.16666666666666669
1 21 -0.083333333333333315
1 7 2.8480635818478595e-17
1 20 -0.083333333333333329
1 4 3.4985848853391621e-17
1 15 -0.083333333333333329
1 1 0.66666666666666663
1 14 -8.1653976115314553e-18
2 9 -0.083333333333333301
2 33 -0.083333333333333329
2 8 3.4043948216044839e-17
2 32 -0.083333333333333343
2 3 3.187554387107383e-17
2 27 -0.083333333333333343
2 2 0.33333333333333331
2 26 -5.7632121731182595e-17
3 9 -3.4694469519536142e-18
3 33 -0.08333333333333337
3 8 -0.083333333333333301
3 32 -0.083333333333333329
3 3 0.33333333333333348
3 27 -9.302454639925628e-17
3 2 3.187554387107383e-17
3 26 -0.083333333333333343
4 35 -0.083333333333333356
4 30 -0.083333333333333329
4 29 -8.6736173798840355e-17
4 24 -0.083333333333333343
4 10 3.4694469519536142e-18
4 21 -0.083333333333333343
4 7 -0.16666666666666669
4 20 -0.083333333333333315
4 4 0.66666666666666674
4 15 -1.7347234759768071e-17
4 1 3.4985848853391621e-17
4 14 -0.083333333333333343
5 23 -0.083333333333333356
5 11 -1.3877787807814457e-17
5 18 -0.083333333333333315
5 6 -0.083333333333333356
5 17 -1.7347234759768071e-17
5 5 0.33333333333333343
5 12 -0.083333333333333343
5 0 -8.8159189150227579e-18
6 23 -0.083333333333333329
6 11 -8.6736173798840355e-18
6 18 -6.9388939039072284e-18
6 6 0.33333333333333331
6 17 -0.083333333333333315
6 5 -0.083333333333333356
6 12 -0.083333333333333343
6 0 -5.1296315285720429e-18
7 35 -0.083333333333333343
7 30 -3.6429192995512949e-17
7 29 -0.083333333333333329
7 24 -0.083333333333333343
7 10 3.4694469519536142e-18
7 21 -0.083333333333333329
7 7 0.66666666666666652
7 20 -1.7347234759768071e-17
7 4 -0.16666666666666669
7 15 -0.083333333333333315
7 1 2.8480635818478595e-17
7 14 -0.083333333333333329
8 9 1.9081958235744878e-17
8 33 -0.083333333333333343
8 8 0.33333333333333326
8 32 -6.9388939039072284e-17
8 3 -0.083333333333333301
8 27 -0.083333333333333315
8 2 3.4043948216044839e-17
8 26 -0.083333333333333329
9 9 0.33333333333333326
9 33 -2.7755575615628914e-17
9 8 1.9081958235744878e-17
9 32 -0.083333333333333343
9 3 -3.4694469519536142e-18
9 27 -0.083333333333333315
9 2 -0.083333333333333301
9 26 -0.083333333333333301
10 35 -4.6837533851373792e-17
10 30 -0.083333333333333343
10 29 -0.083333333333333356
10 24 -0.083333333333333315
10 10 0.66666666666666663
10 21 -1.5612511283791264e-17
10 7 3.4694469519536142e-18
10 20 -0.083333333333333343
10 4 3.4694469519536142e-18
10 15 -0.083333333333333356
10 1 -0.16666666666666669
10 14 -0.083333333333333315
11 23 -1.5612511283791264e-17
11 11 0.33333333333333337
11 18 -0.083333333333333329
11 6 -8.6736173798840355e-18
11 17 -0.083333333333333356
11 5 -1.3877787807814457e-17
11 12 -0.083333333333333315
11 0 -0.083333333333333343
12 22 -0.083333333333333315
12 19 -0.083333333333333343
12 16 -0.083333333333333343
12 13 -1.662217455691839e-17
12 23 -0.16666666666666669
12 11 -0.083333333333333315
12 18 -7.5148763080401526e-18
12 6 -0.083333333333333343
12 17 -1.7923217163900995e-17
12 5 -0.083333333333333343
12 12 0.66666666666666674
12 0 -1.3152727604964776e-17
13 21 -0.083333333333333329
13 20 -0.083333333333333343
13 15 -0.083333333333333343
13 14 -1.1255373803115143e-17
13 22 -0.16666666666666669
13 23 -0.083333333333333315
13 19 -1.7482760031328759e-17
13 18 -0.083333333333333343
13 16 -3.1340219048409113e-17
13 17 -0.083333333333333343
13 13 0.66666666666666674
13 12 -1.662217455691839e-17
14 10 -0.083333333333333315
14 7 -0.083333333333333329
14 4 -0.083333333333333343
14 1 -8.1653976115314553e-18
14 21 -0.16666666666666669
14 22 -0.083333333333333315
14 20 -1.9874781074374903e-17
14 19 -0.083333333333333329
14 15 -2.0958983246860408e-17
14 16 -0.083333333333333343
14 14 0.66666666666666674
14 13 -1.1255373803115143e-17
15 10 -0.083333333333333356
15 7 -0.083333333333333315
15 4 -1.7347234759768071e-17
15 1 -0.083333333333333329
15 21 -5.5077470362263625e-17
15 22 -0.083333333333333343
15 20 -0.16666666666666669
15 19 -0.083333333333333315
15 15 0.66666666666666674
15 16 1.6913553890773869e-17
15 14 -2.0958983246860408e-17
15 13 -0.083333333333333343
16 21 -0.083333333333333343
16 20 -0.083333333333333329
16 15 1.6913553890773869e-17
16 14 -0.083333333333333343
16 22 -4.3368086899420177e-17
16 23 -0.083333333333333356
16 19 -0.16666666666666669
16 18 -0.083333333333333315
16 16 0.66666666666666674
16 17 -1.7347234759768071e-17
16 13 -3.1340219048409113e-17
16 12 -0.083333333333333343
17 22 -0.083333333333333329
17 19 -0.083333333333333315
17 16 -1.7347234759768071e-17
17 13 -0.083333333333333343
17 23 -2.9490299091605721e-17
17 11 -0.083333333333333356
17 18 -0.16666666666666669
17 6 -0.083333333333333315
17 17 0.66666666666666674
17 5 -1.7347234759768071e-17
17 12 -1.7923217163900995e-17
17 0 -0.083333333333333343
18 22 -0.083333333333333329
18 19 -1.0408340855860843e-17
18 16 -0.083333333333333315
18 13 -0.083333333333333343
18 23 -1.3877787807814457e-17
18 11 -0.083333333333333329
18 18 0.66666666666666652
18 6 -6.9388939039072284e-18
18 17 -0.16666666666666669
18 5 -0.083333333333333315
18 12 -7.5148763080401526e-18
18 0 -0.083333333333333343
19 21 -0.083333333333333329
19 20 2.3852447794681098e-18
19 15 -0.083333333333333315
19 14 -0.083333333333333329
19 22 -2.7321894746634712e-17
19 23 -0.083333333333333329
19 19 0.66666666666666652
19 18 -1.0408340855860843e-17
19 16 -0.16666666666666669
19 17 -0.083333333333333315
19 13 -1.7482760031328759e-17
19 12 -0.083333333333333343
20 10 -0.083333333333333343
20 7 -1.7347234759768071e-17
20 4 -0.083333333333333315
20 1 -0.083333333333333329
20 21 -2.0383000842727483e-17
20 22 -0.083333333333333343
20 20 0.66666666666666663
20 19 2.3852447794681098e-18
20 15 -0.16666666666666669
20 16 -0.083333333333333329
20 14 -1.9874781074374903e-17
20 13 -0.083333333333333343
21 10 -1.5612511283791264e-17
21 7 -0.083333333333333329
21 4 -0.083333333333333343
21 1 -0.083333333333333315
21 21 0.66666666666666663
21 22 -1.0408340855860843e-17
21 20 -2.0383000842727483e-17
21 19 -0.083333333333333329
21 15 -5.5077470362263625e-17
21 16 -0.083333333333333343
21 14 -0.16666666666666669
21 13 -0.083333333333333329
22 21 -1.0408340855860843e-17
22 20 -0.083333333333333343
22 15 -0.083333333333333343
22 14 -0.083333333333333315
22 22 0.66666666666666652
22 23 -2.2551405187698492e-17
22 19 -2.7321894746634712e-17
22 18 -0.083333333333333329
22 16 -4.3368086899420177e-17
22 17 -0.083333333333333329
22 13 -0.16666666666666669
22 12 -0.083333333333333315
23 22 -2.2551405187698492e-17
23 19 -0.083333333333333329
23 16 -0.083333333333333356
23 13 -0.083333333333333315
23 23 0.66666666666666663
23 11 -1.5612511283791264e-17
23 18 -1.3877787807814457e-17
23 6 -0.083333333333333329
23 17 -2.9490299091605721e-17
23 5 -0.083333333333333356
23 12 -0.16666666666666669
23 0 -0.083333333333333315
24 34 -0.083333333333333301
24 31 -0.083333333333333356
24 28 -0.083333333333333301
24 25 5.6866403946864708e-17
24 35 -0.16666666666666669
24 10 -0.083333333333333315
24 30 -8.6194072712597603e-18
24 7 -0.083333333333333343
24 29 -6.1731761195893409e-17
24 4 -0.083333333333333343
24 24 0.66666666666666685
24 1 -8.5360592292499371e-17
25 33 -0.083333333333333329
25 32 -0.083333333333333343
25 27 -0.08333333333333337
25 26 2.0240699307588761e-17
25 34 -0.16666666666666674
25 35 -0.083333333333333343
25 31 -2.898207932325314e-17
25 30 -0.083333333333333301
25 28 -2.0742142812363307e-17
25 29 -0.083333333333333315
25 25 0.66666666666666663
25 24 5.6866403946864708e-17
26 9 -0.083333333333333301
26 8 -0.083333333333333329
26 3 -0.083333333333333343
26 2 -5.7632121731182595e-17
26 33 -0.16666666666666666
26 34 -0.083333333333333301
26 32 -5.3735770173812814e-18
26 31 -0.083333333333333315
26 27 2.3432319452842965e-17
26 28 -0.083333333333333315
26 26 0.66666666666666652
26 25 2.0240699307588761e-17
27 9 -0.083333333333333315
27 8 -0.083333333333333315
27 3 -9.302454639925628e-17
27 2 -0.083333333333333343
27 33 -3.2526065174565133e-18
27 34 -0.083333333333333315
27 32 -0.16666666666666666
27 31 -0.083333333333333329
27 27 0.66666666666666674
27 28 -3.1225022567582528e-17
27 26 2.3432319452842965e-17
27 25 -0.08333333333333337
28 33 -0.083333333333333356
28 32 -0.083333333333333301
28 27 -3.1225022567582528e-17
28 26 -0.083333333333333315
28 34 -1.0451708942760263e-16
28 35 -0.083333333333333398
28 31 -0.16666666666666674
28 30 -0.083333333333333356
28 28 0.66666666666666685
28 29 1.1579279202145187e-16
28 25 -2.0742142812363307e-17
28 24 -0.083333333333333301
29 34 -0.083333333333333273
29 31 -0.083333333333333329
29 28 1.1579279202145187e-16
29 25 -0.083333333333333315
29 35 -4.4452289071905682e-17
29 10 -0.083333333333333356
29 30 -0.16666666666666669
29 7 -0.083333333333333329
29 29 0.66666666666666674
29 4 -8.6736173798840355e-17
29 24 -6.1731761195893409e-17
29 1 -0.083333333333333343
30 34 -0.083333333333333315
30 31 2.0383000842727483e-17
30 28 -0.083333333333333356
30 25 -0.083333333333333301
30 35 -4.5536491244391186e-18
30 10 -0.083333333333333343
30 30 0.66666666666666652
30 7 -3.6429192995512949e-17
30 29 -0.16666666666666669
30 4 -0.083333333333333329
30 24 -8.6194072712597603e-18
30 1 -0.083333333333333329
31 33 -0.083333333333333356
31 32 3.4694469519536142e-18
31 27 -0.083333333333333329
31 26 -0.083333333333333315
31 34 -6.8087896432089678e-17
31 35 -0.083333333333333356
31 31 0.66666666666666674
31 30 2.0383000842727483e-17
31 28 -0.16666666666666674
31 29 -0.083333333333333329
31 25 -2.898207932325314e-17
31 24 -0.083333333333333356
32 9 -0.083333333333333343
32 8 -6.9388939039072284e-17
32 3 -0.083333333333333329
32 2 -0.083333333333333343
32 33 -4.7704895589362195e-18
32 34 -0.083333333333333301
32 32 0.66666666666666652
32 31 3.4694469519536142e-18
32 27 -0.16666666666666666
32 28 -0.083333333333333301
32 26 -5.3735770173812814e-18
32 25 -0.083333333333333343
33 9 -2.7755575615628914e-17
33 8 -0.083333333333333343
33 3 -0.08333333333333337
33 2 -0.083333333333333329
33 33 0.66666666666666674
33 34 1.5612511283791264e-17
33 32 -4.7704895589362195e-18
33 31 -0.083333333333333356
33 27 -3.2526065174565133e-18
33 28 -0.083333333333333356
33 26 -0.16666666666666666
33 25 -0.083333333333333329
34 33 1.5612511283791264e-17
34 32 -0.083333333333333301
34 27 -0.083333333333333315
34 26 -0.083333333333333301
34 34 0.66666666666666652
34 35 5.8980598183211441e-17
34 31 -6.8087896432089678e-17
34 30 -0.083333333333333315
34 28 -1.0451708942760263e-16
34 29 -0.083333333333333273
34 25 -0.16666666666666674
34 24 -0.083333333333333301
35 34 5.8980598183211441e-17
35 31 -0.083333333333333356
35 28 -0.083333333333333398
35 25 -0.083333333333333343
35 35 0.66666666666666674
35 10 -4.6837533851373792e-17
35 30 -4.5536491244391186e-18
35 7 -0.083333333333333343
35 29 -4.4452289071905682e-17
35 4 -0.083333333333333356
35 24 -0.16666666666666669
35 1 -0.083333333333333356
B
0.12500000000000006
0.25000000000000011
0.12500000000000003
0.12500000000000006
0.25000000000000006
0.125
0.12500000000000003
0.25
0.125
0.125
0.25
0.125
0.25000000000000011
0.25000000000000022
0.25000000000000006
0.25000000000000006
0.25000000000000011
0.24999999999999997
0.25
0.25000000000000011
0.25
0.24999999999999994
0.25000000000000006
0.24999999999999994
0.25000000000000011
0.25000000000000022
0.25
0.25
0.25000000000000011
0.25
0.25000000000000006
0.25000000000000011
0.24999999999999994
0.24999999999999994
0.25000000000000006
0.25
