FiniteElementSpace
FiniteElementCollection: H1_2D_P4
VDim: 1
Ordering: 0

0.0961461
0
0
0
0
0
0
0
0
0
0
0.19176
0
0
0.191757
0
0
0.191761
0
0
0.191761
0
0
0.191757
0
0
-0.171439
-0.171449
-0.171465
-0.171463
-0.171439
0.170901
-1.03016
-1.03017
0.170902
-1.03017
-1.03016
0.170901
-1.03015
-1.03015
0.170901
-1.03016
-1.03016
0.170902
-1.03017
-1.03016
-0.982046
0
0.412432
0
0
0.412432
0
-0.98204
0
0.412435
0
0
0.412444
0
-0.982048
0
0.412451
0
0
0.412451
0
-0.982048
0
0.412446
0
0
0.412437
0
-0.98204
0
0.412432
0
0
0.412432
0
0.366772
0.366773
0.366772
0.366772
0.366772
0.441721
0.0137043
0.441723
0.441721
0.0137051
0.441709
0.441702
0.013706
0.441701
0.441707
0.0137052
0.441719
0.441723
0.0137043
0.441721
0.110389
0.241041
0.241041
0.110389
0.333364
-0.224653
0.123853
-1.30871
-1.30871
0.123852
-0.224657
0.333364
0.241041
0.241041
0.110389
-0.224657
0.123852
-1.30871
-1.30871
0.123853
-0.224652
0.333364
0.24104
0.24104
0.110389
-0.224647
0.123859
-1.30872
-1.30872
0.123859
-0.224647
0.333364
0.241041
0.241041
0.110389
-0.22465
0.123856
-1.30872
-1.30872
0.123854
-0.224655
0.333364
0.241041
0.241041
-0.224657
0.123852
-1.30871
-1.30871
0.123853
-0.224653
-1.03568
-0.338505
-1.07335
0.500762
0
0.562398
0
0.0769018
0.712745
0.710483
0.111525
0.111525
0.710483
0
-0.000519261
0
0
-0.000519268
0
0.0769017
-1.07335
-0.3385
-1.03569
0.712745
0
0.562397
0
0.500766
-0.338501
-1.07335
0
0.562398
0
0.0769029
0.712745
0.710482
0.111529
0.111531
0.710481
0
-0.000519228
0
0
-0.000519248
0
0.0769075
-1.07336
-0.338515
-1.03568
0.712747
0
0.562404
0
0.50076
-0.338521
-1.07337
0
0.562408
0
0.0769101
0.712748
0.710479
0.111535
0.111535
0.710479
0
-0.000519172
0
0
-0.000519181
0
0.0769103
-1.07337
-0.338522
-1.03568
0.712748
0
0.562408
0
0.50076
-0.338516
-1.07336
0
0.562405
0
0.0769078
0.712747
0.71048
0.111531
0.111529
0.710481
0
-0.000519247
0
0
-0.000519224
0
0.0769033
-1.07335
-0.338503
-1.03569
0.712746
0
0.562399
0
0.500766
-0.3385
-1.07335
0
0.562397
0
0.0769017
0.712745
0.710483
0.111525
0.111525
0.710483
0
-0.000519267
0
0
-0.000519261
0
0.0769018
-1.07335
-0.338505
0.712745
0
0.562398
0
0.139136
0.376016
-0.843829
0.376016
0.139136
0.376016
-0.843827
0.376016
0.139136
0.376016
-0.843815
0.376016
0.139136
0.376016
-0.843821
0.376016
0.139136
0.376016
-0.843829
0.376016
-1.35899
0.659008
0.2792
0.0107394
0.459775
0.0111087
-0.00121778
0.0111088
-1.35899
0.0107412
0.2792
0.659008
-1.35899
0.659008
0.279202
0.0107349
0.459783
0.0111092
-0.00121761
0.0111097
-1.35899
0.0107221
0.27921
0.659007
-1.35899
0.659006
0.279215
0.0107079
0.459793
0.0111103
-0.00121748
0.0111103
-1.35899
0.0107074
0.279216
0.659006
-1.35899
0.659007
0.279211
0.0107156
0.459785
0.0111097
-0.00121761
0.0111092
-1.35899
0.0107275
0.279202
0.659008
-1.35899
0.659008
0.2792
0.0107412
0.459775
0.0111088
-0.00121778
0.0111087
-1.35899
0.0107394
0.2792
0.659008
0.0978132
0.100103
0.106492
0.112844
0.119392
0.130487
0.112844
0.119392
0.130487
0.0978132
0.100103
0.106492
0.154984
0.131482
0.116704
0.178287
0.196369
0.223207
0.215197
0.176537
0.149489
0.349559
0.305436
0.261688
0.349559
0.305436
0.261689
0.215197
0.176537
0.149489
0.178287
0.19637
0.223208
0.154985
0.131482
0.116704
0.192163
0.241046
0.301815
0.342979
0.361858
0.375287
0.269507
0.327347
0.370714
0.290687
0.372892
0.359619
0.149388
0.0388973
-0.118858
-0.0251544
0.239583
0.358697
-0.885517
-0.603238
-0.343042
-0.817167
-0.389198
-0.0215956
0.214989
0.323439
0.369272
0.375923
0.349896
0.233947
0.00798803
-0.284587
-0.645645
0.00798734
-0.284587
-0.645645
0.375923
0.349896
0.233946
-1.15973
-1.33479
-1.36502
-1.36951
-1.29693
-1.03034
-0.419664
-0.866055
-1.20003
-0.419664
-0.866055
-1.20003
-1.36951
-1.29693
-1.03034
-1.15973
-1.33479
-1.36502
-0.817169
-0.389199
-0.0215967
0.269508
0.327348
0.370714
0.34298
0.361858
0.375287
0.192163
0.241047
0.301815
0.214989
0.323438
0.369272
-0.88552
-0.603241
-0.343046
-0.0251573
0.239581
0.358696
0.149385
0.0388938
-0.118862
0.290685
0.372892
0.35962
0.112844
0.119392
0.130487
0.112844
0.119392
0.130487
0.0978132
0.100103
0.106492
0.178288
0.19637
0.223208
0.215198
0.176537
0.149489
0.349559
0.305437
0.261689
0.349559
0.305436
0.261689
0.215197
0.176537
0.149489
0.178287
0.196369
0.223207
0.154984
0.131482
0.116704
0.34298
0.361858
0.375287
0.269508
0.327348
0.370714
0.149385
0.0388934
-0.118862
-0.0251576
0.239581
0.358696
-0.885519
-0.60324
-0.343046
-0.817168
-0.389199
-0.0215965
0.214989
0.323438
0.369272
0.375923
0.349896
0.233946
0.00798764
-0.284586
-0.645643
0.00798894
-0.284585
-0.645643
0.375923
0.349896
0.233947
-1.15973
-1.33479
-1.36502
-1.36951
-1.29693
-1.03034
-0.419673
-0.866062
-1.20003
-0.419674
-0.866063
-1.20003
-1.36951
-1.29693
-1.03034
-1.15972
-1.33479
-1.36502
-0.817164
-0.389196
-0.0215946
0.269508
0.327347
0.370714
0.342979
0.361858
0.375287
0.192163
0.241046
0.301815
0.21499
0.323439
0.369272
-0.885514
-0.603235
-0.34304
-0.0251531
0.239583
0.358697
0.149389
0.0388985
-0.118857
0.290688
0.372892
0.359619
0.112844
0.119392
0.130487
0.112844
0.119392
0.130487
0.0978132
0.100103
0.106492
0.178287
0.196369
0.223207
0.215197
0.176536
0.149489
0.349558
0.305435
0.261688
0.349558
0.305435
0.261688
0.215197
0.176536
0.149489
0.178287
0.196369
0.223207
0.154984
0.131482
0.116704
0.342979
0.361857
0.375287
0.269507
0.327347
0.370714
0.14939
0.0389004
-0.118853
-0.0251493
0.239585
0.358697
-0.885506
-0.603228
-0.343035
-0.817156
-0.389187
-0.0215879
0.214994
0.323441
0.369272
0.375923
0.349898
0.233951
0.0079958
-0.284575
-0.645631
0.0079958
-0.284575
-0.645631
0.375923
0.349898
0.233951
-1.15972
-1.33479
-1.36502
-1.36951
-1.29693
-1.03033
-0.41969
-0.866076
-1.20004
-0.41969
-0.866076
-1.20004
-1.36951
-1.29693
-1.03033
-1.15972
-1.33479
-1.36502
-0.817156
-0.389187
-0.0215879
0.269507
0.327347
0.370714
0.342979
0.361857
0.375287
0.192163
0.241046
0.301815
0.214994
0.323441
0.369272
-0.885506
-0.603228
-0.343035
-0.0251493
0.239585
0.358697
0.14939
0.0389004
-0.118853
0.290688
0.372892
0.359619
0.112844
0.119392
0.130487
0.112844
0.119392
0.130487
0.0978132
0.100103
0.106492
0.178287
0.196369
0.223207
0.215197
0.176537
0.149489
0.349559
0.305436
0.261688
0.349559
0.305436
0.261689
0.215197
0.176537
0.149489
0.178288
0.19637
0.223208
0.154985
0.131482
0.116704
0.342979
0.361858
0.375287
0.269507
0.327347
0.370714
0.149389
0.0388992
-0.118855
-0.0251515
0.239584
0.358697
-0.88551
-0.603231
-0.343038
-0.81716
-0.389191
-0.0215916
0.214991
0.32344
0.369272
0.375923
0.349897
0.233948
0.00799197
-0.28458
-0.645637
0.00799091
-0.284581
-0.645637
0.375923
0.349897
0.233948
-1.15972
-1.33479
-1.36502
-1.36951
-1.29693
-1.03034
-0.419687
-0.866074
-1.20004
-0.419687
-0.866073
-1.20004
-1.36951
-1.29693
-1.03034
-1.15972
-1.33479
-1.36502
-0.817163
-0.389194
-0.0215932
0.269508
0.327348
0.370714
0.34298
0.361858
0.375287
0.192163
0.241047
0.301815
0.21499
0.323439
0.369272
-0.885514
-0.603236
-0.343043
-0.0251556
0.239582
0.358696
0.149385
0.0388944
-0.11886
0.290685
0.372892
0.35962
0.112844
0.119392
0.130487
0.112844
0.119392
0.130487
0.178287
0.19637
0.223208
0.215197
0.176537
0.149489
0.349559
0.305436
0.261689
0.349559
0.305436
0.261688
0.215197
0.176537
0.149489
0.178287
0.196369
0.223207
0.34298
0.361858
0.375287
0.269508
0.327348
0.370714
0.149385
0.0388938
-0.118862
-0.0251573
0.239581
0.358696
-0.88552
-0.603241
-0.343046
-0.817169
-0.389199
-0.0215967
0.214989
0.323438
0.369272
0.375923
0.349896
0.233946
0.00798734
-0.284587
-0.645645
0.00798803
-0.284587
-0.645645
0.375923
0.349896
0.233947
-1.15973
-1.33479
-1.36502
-1.36951
-1.29693
-1.03034
-0.419664
-0.866055
-1.20003
-0.419664
-0.866055
-1.20003
-1.36951
-1.29693
-1.03034
-1.15973
-1.33479
-1.36502
-0.817167
-0.389198
-0.0215956
0.269507
0.327347
0.370714
0.342979
0.361858
0.375287
0.214989
0.323439
0.369272
-0.885517
-0.603238
-0.343042
-0.0251544
0.239583
0.358697
0.149388
0.0388973
-0.118858
0.047641
-0.33945
-0.806213
-1.10313
-1.22648
-1.32628
-0.452394
-0.910089
-1.26544
-1.19747
-1.37384
-1.22325
-0.899532
-0.707807
-0.474891
-0.642519
-1.13084
-1.36587
0.325582
0.0741293
-0.197042
0.22955
-0.287465
-0.833757
-1.19374
-1.33539
-1.37383
-1.20595
-1.37242
-1.2526
-0.708882
-0.135
0.341136
0.539246
0.600385
0.646083
-0.0416372
0.413854
0.640031
0.25436
0.535983
0.586848
0
0
0
0.150027
0.424581
0.619798
0
0
0
0.0840658
0.265193
0.463576
0.599679
0.648805
0.664841
0.592286
0.710168
0.644061
0.518667
0.425483
0.328839
0.671848
0.530088
0.362035
0.539093
0.668741
0.717913
0
0
0
0.0282455
0.100525
0.207315
0
0
0
0.00544257
0.0213596
0.0518667
0.100959
0.158288
0.234076
0.33187
0.202289
0.110719
0.479084
0.599542
0.686893
-0.926084
-0.581342
-0.192824
-1.17853
-0.773924
-0.258695
0.713723
0.58037
0.250614
0.495716
0.640048
0.716697
0.668177
0.49236
0.199295
0.0668556
0.439298
0.66037
0.717715
0.658361
0.53427
0.717715
0.658361
0.53427
0.0668558
0.439298
0.66037
0.346753
0.234245
0.146395
0.150172
0.251789
0.38237
0.0209081
0.0434708
0.0810752
0.0209081
0.0434708
0.0810752
0.150172
0.251789
0.38237
0.346752
0.234244
0.146395
0.495715
0.640047
0.716697
0.0575747
0.0321519
0.0160981
0.0788388
0.0393045
0.0175697
0
0
0
0.000566289
0.00240804
0.00696629
0
0
0
0.000359789
-6.30743e-05
0.000833933
0.00173132
0.00306765
0.00780256
0.00932331
0.0035304
0.00183221
0.0010257
-0.000217111
0.000581972
0.00102571
-0.000217113
0.000581974
0.00932332
0.0035304
0.00183221
0
0
0
1.86826e-05
-0.0001729
0.000335182
0
0
0
0
0
0
1.86828e-05
-0.000172902
0.000335185
0
0
0
0.000359789
-6.30727e-05
0.000833932
0.0788388
0.0393045
0.0175697
0.0575746
0.0321518
0.0160981
0.33187
0.202289
0.110718
0.00173132
0.00306766
0.00780256
0
0
0
0.000566289
0.00240804
0.00696629
0
0
0
0.00544256
0.0213595
0.0518666
-0.452398
-0.910093
-1.26545
-1.10314
-1.22649
-1.32628
0.0476368
-0.339456
-0.806219
-1.20595
-1.37242
-1.2526
-1.19374
-1.33539
-1.37383
0.229552
-0.287462
-0.833754
0.325584
0.0741326
-0.197037
-0.642514
-1.13084
-1.36587
-0.899526
-0.707801
-0.474886
-1.19746
-1.37384
-1.22325
-1.17853
-0.773922
-0.258694
-0.926082
-0.581339
-0.192822
0.668177
0.49236
0.199296
0.479083
0.599541
0.686892
0.713723
0.580371
0.250615
0.539094
0.668742
0.717913
0.671847
0.530088
0.362035
0.518666
0.425483
0.328839
0.592287
0.710168
0.644061
0.100959
0.158287
0.234076
0
0
0
0.0282455
0.100525
0.207315
0
0
0
0.0840657
0.265192
0.463576
-0.0416327
0.413857
0.640032
0.539249
0.600386
0.646084
-0.708875
-0.134993
0.341141
0.599679
0.648804
0.664841
0
0
0
0.150026
0.424581
0.619798
0
0
0
0.25436
0.535983
0.58685
-1.10314
-1.22649
-1.32628
-0.452399
-0.910093
-1.26545
-0.899526
-0.707801
-0.474887
-0.642515
-1.13084
-1.36587
0.325582
0.0741309
-0.197039
0.229549
-0.287465
-0.833757
-1.19374
-1.33539
-1.37383
-1.20595
-1.37242
-1.2526
0.539249
0.600386
0.646084
-0.0416336
0.413856
0.640032
0
0
0
0.150027
0.424581
0.619798
0
0
0
0.084066
0.265193
0.463577
0.599679
0.648805
0.664841
0.592286
0.710168
0.644062
0.518668
0.425484
0.328841
0.671849
0.53009
0.362037
0.539092
0.668741
0.717913
0
0
0
0.0282458
0.100526
0.207317
0
0
0
0.00544267
0.02136
0.0518675
0.10096
0.158289
0.234078
0.331873
0.202291
0.11072
0.479087
0.599544
0.686894
-0.926085
-0.581344
-0.192828
-1.17854
-0.773928
-0.2587
0.713723
0.580368
0.25061
0.495719
0.64005
0.716697
0.668174
0.492355
0.19929
0.0668461
0.439291
0.660367
0.717716
0.658365
0.534277
0.717716
0.658367
0.534278
0.0668437
0.439286
0.660363
0.346756
0.234249
0.146399
0.150177
0.251795
0.382378
0.0209095
0.0434729
0.0810783
0.0209095
0.0434734
0.0810797
0.150179
0.251797
0.382379
0.346764
0.234254
0.146402
0.495727
0.640056
0.716698
0.0575758
0.0321528
0.0160987
0.0788415
0.039306
0.0175705
0
0
0
0.000566346
0.00240814
0.00696665
0
0
0
0.000359774
-6.3051e-05
0.00083397
0.00173147
0.00306783
0.00780298
0.00932402
0.00353066
0.00183236
0.00102572
-0.000217062
0.000581923
0.00102574
-0.000217059
0.000581922
0.00932407
0.0035307
0.00183241
0
0
0
1.86916e-05
-0.000172895
0.000335153
0
0
0
0
0
0
1.86947e-05
-0.000172898
0.000335154
0
0
0
0.000359772
-6.30437e-05
0.000833996
0.0788434
0.0393073
0.0175713
0.0575792
0.0321546
0.0160996
0.331882
0.202299
0.110726
0.00173154
0.00306796
0.00780337
0
0
0
0.000566401
0.00240829
0.00696707
0
0
0
0.00544318
0.0213617
0.0518709
-0.452392
-0.910085
-1.26544
-1.10313
-1.22648
-1.32628
0.0476424
-0.339448
-0.806211
-1.20595
-1.37242
-1.25261
-1.19375
-1.3354
-1.37383
0.229535
-0.287481
-0.833769
0.325569
0.0741159
-0.197054
-0.642528
-1.13085
-1.36587
-0.899535
-0.707813
-0.4749
-1.19747
-1.37384
-1.22325
-1.17854
-0.773936
-0.258712
-0.926096
-0.581357
-0.192841
0.668171
0.492347
0.199278
0.479096
0.599552
0.686898
0.713721
0.580359
0.250597
0.539082
0.668735
0.717912
0.671854
0.530099
0.362047
0.518675
0.425493
0.32885
0.592277
0.710167
0.644066
0.100966
0.158296
0.234086
0
0
0
0.0282474
0.100531
0.207324
0
0
0
0.0840683
0.265199
0.463584
-0.0416475
0.413846
0.640027
0.539244
0.600382
0.646081
-0.708885
-0.135003
0.341134
0.599684
0.648807
0.664841
0
0
0
0.150028
0.424584
0.619799
0
0
0
0.254359
0.535982
0.586847
-1.10313
-1.22648
-1.32628
-0.452387
-0.910081
-1.26544
-0.899536
-0.707815
-0.474905
-0.642534
-1.13085
-1.36587
0.325561
0.0741082
-0.19706
0.229526
-0.287492
-0.833779
-1.19375
-1.3354
-1.37383
-1.20594
-1.37242
-1.25261
0.539243
0.600381
0.646081
-0.0416529
0.413842
0.640026
0
0
0
0.150028
0.424585
0.619799
0
0
0
0.0840693
0.265202
0.463587
0.599687
0.648808
0.664841
0.592273
0.710166
0.644069
0.518679
0.425498
0.328854
0.671857
0.530104
0.362052
0.539076
0.668731
0.717912
0
0
0
0.0282482
0.100533
0.207328
0
0
0
0.00544343
0.0213626
0.0518727
0.100969
0.1583
0.234091
0.331889
0.202304
0.110729
0.479102
0.599557
0.686901
-0.926106
-0.58137
-0.192856
-1.17855
-0.77395
-0.258727
0.71372
0.580352
0.250585
0.495734
0.64006
0.716699
0.668166
0.492337
0.199265
0.066829
0.439276
0.660358
0.717717
0.658372
0.534287
0.717717
0.658372
0.534287
0.066829
0.439276
0.660358
0.346771
0.23426
0.146408
0.150185
0.251805
0.382389
0.0209109
0.0434757
0.0810833
0.0209109
0.0434757
0.0810833
0.150185
0.251805
0.382389
0.346771
0.234261
0.146408
0.495734
0.640061
0.716699
0.0575813
0.0321559
0.0161004
0.0788467
0.0393091
0.0175722
0
0
0
0.000566436
0.00240843
0.00696746
0
0
0
0.000359765
-6.30231e-05
0.000834025
0.00173166
0.00306816
0.00780381
0.00932473
0.00353098
0.00183252
0.00102575
-0.000217018
0.000581883
0.00102575
-0.000217018
0.000581883
0.00932473
0.00353099
0.00183252
0
0
0
1.86867e-05
-0.000172888
0.000335126
0
0
0
0
0
0
1.86923e-05
-0.000172894
0.000335129
0
0
0
0.000359764
-6.30211e-05
0.000834028
0.0788468
0.0393092
0.0175722
0.0575814
0.032156
0.0161004
0.331889
0.202305
0.110729
0.00173166
0.00306816
0.00780384
0
0
0
0.000566442
0.00240843
0.00696748
0
0
0
0.00544345
0.0213627
0.0518729
-0.452387
-0.910081
-1.26544
-1.10313
-1.22648
-1.32628
0.0476424
-0.339448
-0.806211
-1.20594
-1.37242
-1.25261
-1.19375
-1.3354
-1.37383
0.229525
-0.287493
-0.83378
0.32556
0.0741072
-0.197061
-0.642534
-1.13085
-1.36587
-0.899536
-0.707816
-0.474906
-1.19747
-1.37384
-1.22325
-1.17855
-0.77395
-0.258728
-0.926106
-0.581371
-0.192856
0.668166
0.492337
0.199265
0.479102
0.599557
0.686901
0.71372
0.580352
0.250584
0.539075
0.668731
0.717912
0.671857
0.530105
0.362052
0.518679
0.425498
0.328855
0.592272
0.710166
0.644069
0.100969
0.1583
0.234091
0
0
0
0.0282483
0.100533
0.207329
0
0
0
0.0840695
0.265202
0.463587
-0.0416537
0.413841
0.640026
0.539243
0.600381
0.64608
-0.708885
-0.135003
0.341134
0.599687
0.648808
0.664841
0
0
0
0.150029
0.424585
0.619799
0
0
0
0.254359
0.535982
0.586847
-1.10313
-1.22648
-1.32628
-0.45239
-0.910084
-1.26544
-0.899535
-0.707813
-0.474901
-0.642529
-1.13085
-1.36587
0.325567
0.0741141
-0.197055
0.229532
-0.287485
-0.833773
-1.19375
-1.3354
-1.37383
-1.20595
-1.37242
-1.25261
0.539244
0.600382
0.646081
-0.0416485
0.413845
0.640027
0
0
0
0.150028
0.424584
0.619799
0
0
0
0.0840684
0.265199
0.463584
0.599685
0.648807
0.664841
0.592276
0.710167
0.644067
0.518676
0.425494
0.32885
0.671855
0.5301
0.362047
0.53908
0.668734
0.717912
0
0
0
0.0282475
0.100531
0.207325
0
0
0
0.00544319
0.0213617
0.0518711
0.100966
0.158297
0.234087
0.331884
0.2023
0.110726
0.479097
0.599553
0.686899
-0.9261
-0.581363
-0.192848
-1.17854
-0.773944
-0.25872
0.71372
0.580357
0.250592
0.49573
0.640058
0.716699
0.668168
0.492342
0.199272
0.066832
0.439279
0.66036
0.717716
0.658369
0.53428
0.717716
0.658367
0.534279
0.0668343
0.439284
0.660364
0.346766
0.234255
0.146403
0.15018
0.251799
0.382381
0.0209097
0.0434736
0.0810802
0.0209096
0.0434732
0.0810789
0.150178
0.251797
0.38238
0.346758
0.23425
0.1464
0.495721
0.640052
0.716698
0.0575794
0.0321547
0.0160997
0.0788439
0.0393075
0.0175713
0
0
0
0.000566406
0.0024083
0.00696711
0
0
0
0.000359771
-6.30423e-05
0.000833998
0.00173155
0.00306797
0.00780341
0.00932412
0.00353072
0.00183242
0.00102574
-0.000217058
0.000581922
0.00102572
-0.000217062
0.000581923
0.00932407
0.00353067
0.00183236
0
0
0
1.8696e-05
-0.0001729
0.000335155
0
0
0
0
0
0
1.86906e-05
-0.000172894
0.000335152
0
0
0
0.000359775
-6.30515e-05
0.000833972
0.078842
0.0393062
0.0175705
0.0575761
0.0321529
0.0160988
0.331875
0.202293
0.110721
0.00173147
0.00306785
0.00780301
0
0
0
0.000566344
0.00240815
0.00696668
0
0
0
0.00544269
0.02136
0.0518677
-0.452396
-0.91009
-1.26544
-1.10314
-1.22649
-1.32628
0.0476368
-0.339456
-0.806219
-1.20595
-1.37242
-1.25261
-1.19374
-1.33539
-1.37383
0.229546
-0.28747
-0.833761
0.32558
0.0741285
-0.197041
-0.642517
-1.13084
-1.36587
-0.899526
-0.707802
-0.474888
-1.19746
-1.37384
-1.22325
-1.17854
-0.773937
-0.258709
-0.92609
-0.581351
-0.192835
0.668172
0.49235
0.199283
0.479089
0.599546
0.686895
0.713722
0.580365
0.250604
0.53909
0.66874
0.717913
0.67185
0.530091
0.362038
0.518668
0.425485
0.328841
0.592284
0.710168
0.644062
0.100961
0.15829
0.234078
0
0
0
0.0282459
0.100526
0.207317
0
0
0
0.0840661
0.265193
0.463577
-0.0416351
0.413855
0.640031
0.539249
0.600386
0.646084
-0.708875
-0.134993
0.341141
0.59968
0.648805
0.664842
0
0
0
0.150027
0.424582
0.619798
0
0
0
0.25436
0.535983
0.58685
-1.10314
-1.22649
-1.32628
-0.452398
-0.910093
-1.26545
-0.899526
-0.707801
-0.474886
-0.642514
-1.13084
-1.36587
0.325584
0.0741326
-0.197037
0.229552
-0.287462
-0.833754
-1.19374
-1.33539
-1.37383
-1.20595
-1.37242
-1.2526
0.539249
0.600386
0.646084
-0.0416327
0.413857
0.640032
0
0
0
0.150026
0.424581
0.619798
0
0
0
0.0840657
0.265192
0.463576
0.599679
0.648804
0.664841
0.592287
0.710168
0.644061
0.518666
0.425483
0.328839
0.671847
0.530088
0.362035
0.539094
0.668742
0.717913
0
0
0
0.0282455
0.100525
0.207315
0
0
0
0.00544256
0.0213595
0.0518666
0.100959
0.158287
0.234076
0.33187
0.202289
0.110718
0.479083
0.599541
0.686892
-0.926082
-0.581339
-0.192822
-1.17853
-0.773922
-0.258694
0.713723
0.580371
0.250615
0.495715
0.640047
0.716697
0.668177
0.49236
0.199296
0.0668558
0.439298
0.66037
0.717715
0.658361
0.53427
0.717715
0.658361
0.53427
0.0668556
0.439298
0.66037
0.346752
0.234244
0.146395
0.150172
0.251789
0.38237
0.0209081
0.0434708
0.0810752
0.0209081
0.0434708
0.0810752
0.150172
0.251789
0.38237
0.346753
0.234245
0.146395
0.495716
0.640048
0.716697
0.0575746
0.0321518
0.0160981
0.0788388
0.0393045
0.0175697
0
0
0
0.000566289
0.00240804
0.00696629
0
0
0
0.000359788
-6.30723e-05
0.000833932
0.00173132
0.00306766
0.00780256
0.00932332
0.0035304
0.00183221
0.00102571
-0.000217113
0.000581974
0.0010257
-0.000217111
0.000581972
0.00932331
0.0035304
0.00183221
0
0
0
1.86834e-05
-0.000172902
0.000335185
0
0
0
0
0
0
1.86828e-05
-0.0001729
0.000335182
0
0
0
0.000359789
-6.30742e-05
0.000833933
0.0788388
0.0393045
0.0175697
0.0575747
0.0321519
0.0160981
0.33187
0.202289
0.110719
0.00173132
0.00306765
0.00780256
0
0
0
0.000566289
0.00240804
0.00696629
0
0
0
0.00544257
0.0213596
0.0518667
-0.452394
-0.910089
-1.26544
-1.10313
-1.22648
-1.32628
-1.20595
-1.37242
-1.2526
-1.19374
-1.33539
-1.37383
0.22955
-0.287465
-0.833757
0.325582
0.0741293
-0.197042
-0.642519
-1.13084
-1.36587
-0.899532
-0.707807
-0.474891
-1.17853
-0.773924
-0.258695
-0.926084
-0.581342
-0.192824
0.668177
0.49236
0.199295
0.479084
0.599542
0.686893
0.713723
0.58037
0.250614
0.539093
0.668741
0.717913
0.671848
0.530088
0.362035
0.518667
0.425483
0.328839
0.592286
0.710168
0.644061
0.100959
0.158288
0.234076
0
0
0
0.0282455
0.100525
0.207315
0
0
0
0.0840658
0.265193
0.463576
-0.0416372
0.413854
0.640031
0.539246
0.600385
0.646083
0.599679
0.648805
0.664841
0
0
0
0.150027
0.424581
0.619798
0
0
0
0.098211
0.101461
0.107645
0.101461
0.1057
0.113481
0.107645
0.113481
0.123297
0.118597
0.135327
0.160166
0.126738
0.146301
0.175707
0.13974
0.16389
0.199011
0.161199
0.191759
0.233953
0.191759
0.229203
0.277209
0.233953
0.277209
0.325428
0.118597
0.126738
0.13974
0.135327
0.146301
0.163891
0.160166
0.175707
0.199011
0.199778
0.251473
0.31263
0.220811
0.276842
0.336691
0.250393
0.308938
0.360917
0.36636
0.366997
0.262838
0.375486
0.341745
0.18436
0.37109
0.2866
0.0611666
0.335561
0.177213
-0.128563
0.251199
0.00799232
-0.369099
0.0948833
-0.233939
-0.657044
0.290378
0.345448
0.375667
0.33277
0.371653
0.362531
0.367396
0.370758
0.29793
0.371249
0.3088
0.144001
0.3088
0.15836
-0.103146
0.144001
-0.103147
-0.443169
-0.163008
-0.558273
-0.97412
-0.487978
-0.892913
-1.22745
-0.849827
-1.18633
-1.36511
-1.18577
-1.36148
-1.31937
-1.36148
-1.32664
-1.07426
-1.31937
-1.07426
-0.669704
-0.163009
-0.487979
-0.849828
-0.558274
-0.892914
-1.18633
-0.974121
-1.22745
-1.36511
0.199778
0.220811
0.250393
0.251474
0.276842
0.308938
0.31263
0.336692
0.360917
0.290378
0.332771
0.367396
0.345448
0.371654
0.370758
0.375667
0.362531
0.29793
0.335561
0.251198
0.0948822
0.177211
0.00799052
-0.233941
-0.128566
-0.369102
-0.657047
0.36636
0.375486
0.37109
0.366996
0.341744
0.286598
0.262836
0.184357
0.0611638
0.098211
0.101461
0.107645
0.101461
0.1057
0.113481
0.107645
0.113481
0.123297
0.118597
0.135327
0.160166
0.126738
0.146301
0.175707
0.13974
0.163891
0.199011
0.161199
0.191759
0.233954
0.191759
0.229203
0.27721
0.233953
0.27721
0.325428
0.118597
0.126738
0.13974
0.135327
0.146301
0.163891
0.160166
0.175707
0.199011
0.199778
0.251474
0.31263
0.220812
0.276843
0.336692
0.250393
0.308938
0.360917
0.36636
0.366996
0.262836
0.375486
0.341744
0.184357
0.37109
0.286598
0.0611635
0.33556
0.177211
-0.128566
0.251198
0.00799035
-0.369102
0.0948822
-0.233941
-0.657046
0.290378
0.345448
0.375667
0.332771
0.371654
0.362531
0.367396
0.370758
0.29793
0.371249
0.3088
0.144001
0.3088
0.15836
-0.103146
0.144001
-0.103145
-0.443167
-0.163008
-0.558273
-0.97412
-0.487977
-0.892912
-1.22745
-0.849825
-1.18632
-1.36511
-1.18577
-1.36148
-1.31937
-1.36148
-1.32664
-1.07426
-1.31937
-1.07426
-0.669712
-0.163006
-0.487976
-0.849825
-0.55827
-0.89291
-1.18632
-0.974117
-1.22745
-1.3651
0.199778
0.220811
0.250393
0.251473
0.276842
0.308938
0.31263
0.336691
0.360917
0.290378
0.33277
0.367396
0.345448
0.371653
0.370758
0.375667
0.362531
0.297931
0.335561
0.251199
0.094884
0.177213
0.00799346
-0.233937
-0.128561
-0.369097
-0.657042
0.36636
0.375485
0.37109
0.366997
0.341745
0.2866
0.262839
0.184361
0.0611677
0.098211
0.101461
0.107645
0.101461
0.1057
0.113481
0.107645
0.113481
0.123297
0.118597
0.135327
0.160166
0.126738
0.146301
0.175706
0.13974
0.16389
0.19901
0.161199
0.191759
0.233953
0.191759
0.229202
0.277209
0.233953
0.277209
0.325427
0.118597
0.126738
0.13974
0.135327
0.146301
0.16389
0.160166
0.175706
0.19901
0.199778
0.251473
0.31263
0.220811
0.276842
0.336691
0.250393
0.308937
0.360916
0.36636
0.366997
0.262839
0.375485
0.341746
0.184362
0.37109
0.286601
0.0611706
0.335563
0.177216
-0.128556
0.251202
0.00799864
-0.36909
0.0948893
-0.23393
-0.657033
0.290377
0.345447
0.375667
0.33277
0.371653
0.362532
0.367396
0.370758
0.297933
0.371249
0.308803
0.144007
0.308803
0.158366
-0.103137
0.144007
-0.103137
-0.443156
-0.162998
-0.558261
-0.974108
-0.487965
-0.8929
-1.22744
-0.849814
-1.18632
-1.3651
-1.18576
-1.36148
-1.31938
-1.36148
-1.32665
-1.07427
-1.31938
-1.07427
-0.669728
-0.162998
-0.487965
-0.849814
-0.558261
-0.8929
-1.18632
-0.974108
-1.22744
-1.3651
0.199778
0.220811
0.250393
0.251473
0.276842
0.308937
0.31263
0.336691
0.360916
0.290377
0.33277
0.367396
0.345447
0.371653
0.370758
0.375667
0.362532
0.297933
0.335563
0.251202
0.0948893
0.177216
0.00799865
-0.23393
-0.128556
-0.36909
-0.657033
0.36636
0.375485
0.37109
0.366997
0.341746
0.286601
0.262839
0.184362
0.0611706
0.098211
0.101461
0.107645
0.101461
0.1057
0.113481
0.107645
0.113481
0.123297
0.118597
0.135327
0.160166
0.126738
0.146301
0.175707
0.13974
0.16389
0.199011
0.161199
0.191759
0.233953
0.191759
0.229203
0.277209
0.233953
0.277209
0.325428
0.118597
0.126738
0.13974
0.135327
0.146301
0.163891
0.160166
0.175707
0.199011
0.199778
0.251473
0.31263
0.220811
0.276842
0.336691
0.250393
0.308938
0.360917
0.36636
0.366997
0.262839
0.375485
0.341745
0.184361
0.37109
0.2866
0.0611688
0.335562
0.177214
-0.128559
0.2512
0.00799568
-0.369094
0.0948863
-0.233934
-0.657037
0.290378
0.345447
0.375667
0.33277
0.371653
0.362531
0.367396
0.370758
0.297931
0.371249
0.308801
0.144004
0.308801
0.158363
-0.103141
0.144003
-0.103142
-0.443162
-0.163002
-0.558265
-0.974112
-0.487971
-0.892905
-1.22744
-0.849819
-1.18632
-1.3651
-1.18576
-1.36148
-1.31937
-1.36148
-1.32665
-1.07427
-1.31937
-1.07427
-0.669724
-0.163004
-0.487972
-0.849819
-0.558268
-0.892906
-1.18632
-0.974114
-1.22745
-1.3651
0.199778
0.220811
0.250393
0.251474
0.276842
0.308938
0.31263
0.336692
0.360917
0.290378
0.33277
0.367396
0.345448
0.371653
0.370758
0.375667
0.362531
0.297931
0.335561
0.251199
0.0948848
0.177212
0.00799304
-0.233936
-0.128563
-0.369098
-0.657041
0.36636
0.375486
0.37109
0.366996
0.341744
0.286599
0.262836
0.184358
0.0611649
0.098211
0.101461
0.107645
0.101461
0.1057
0.113481
0.107645
0.113481
0.123297
0.118597
0.135327
0.160166
0.126738
0.146301
0.175707
0.13974
0.163891
0.199011
0.161199
0.191759
0.233953
0.191759
0.229203
0.277209
0.233953
0.277209
0.325428
0.118597
0.126738
0.13974
0.135327
0.146301
0.16389
0.160166
0.175707
0.199011
0.199778
0.251474
0.31263
0.220811
0.276842
0.336692
0.250393
0.308938
0.360917
0.36636
0.366996
0.262836
0.375486
0.341744
0.184357
0.37109
0.286598
0.0611638
0.335561
0.177211
-0.128566
0.251198
0.00799052
-0.369102
0.0948822
-0.233941
-0.657047
0.290378
0.345448
0.375667
0.332771
0.371654
0.362531
0.367396
0.370758
0.29793
0.371249
0.3088
0.144001
0.3088
0.15836
-0.103147
0.144001
-0.103146
-0.443169
-0.163009
-0.558274
-0.974121
-0.487979
-0.892914
-1.22745
-0.849828
-1.18633
-1.36511
-1.18577
-1.36148
-1.31937
-1.36148
-1.32664
-1.07426
-1.31937
-1.07426
-0.669704
-0.163008
-0.487978
-0.849827
-0.558273
-0.892913
-1.18633
-0.97412
-1.22745
-1.36511
0.199778
0.220811
0.250393
0.251473
0.276842
0.308938
0.31263
0.336691
0.360917
0.290378
0.33277
0.367396
0.345448
0.371653
0.370758
0.375667
0.362531
0.29793
0.335561
0.251199
0.0948833
0.177213
0.00799232
-0.233939
-0.128563
-0.369099
-0.657044
0.36636
0.375486
0.37109
0.366997
0.341745
0.2866
0.262838
0.18436
0.0611666
-0.00919032
-0.417447
-0.884163
-0.14964
-0.592504
-1.04195
-0.336114
-0.796436
-1.19531
-1.26964
-1.36762
-1.13574
-1.34224
-1.32082
-0.980765
-1.37374
-1.21508
-0.772287
-1.33588
-1.02626
-0.500804
-1.20985
-0.773775
-0.211149
-0.986936
-0.464525
0.0835742
-0.579849
-1.02271
-1.32195
-0.839068
-1.21531
-1.37375
-1.09172
-1.3447
-1.32587
-0.612978
-0.0421576
0.401591
-0.40476
0.141595
0.510352
-0.170569
0.32399
0.602269
0.597963
0.510772
0.208561
0.617532
0.472559
0.177342
0.623676
0.443093
0.158936
0.608558
0.403519
0.13983
0.568219
0.354625
0.118923
0.504331
0.297308
0.0960374
0.0871176
0.495946
0.667902
0.318788
0.620587
0.690584
0.512893
0.694147
0.670888
0.653411
0.709895
0.608
0.713598
0.668832
0.519688
0.70258
0.585395
0.41704
0.419449
0.233148
0.0722822
0.332194
0.174755
0.0523724
0.24785
0.123502
0.0357927
0.170212
0.0803773
0.0221442
0.111929
0.0499731
0.0134251
0.0686467
0.0292721
0.00744162
0.627509
0.470783
0.308287
0.517923
0.355995
0.216458
0.395251
0.250505
0.142073
-1.29666
-1.36442
-1.14446
-1.37409
-1.2381
-0.85174
-1.29199
-0.966433
-0.473747
-0.659349
-0.108807
0.363509
-0.294198
0.213185
0.566428
0.0743237
0.47652
0.686725
0.405363
0.655473
0.71739
0.618257
0.718195
0.666243
0.71317
0.686063
0.562341
-1.01988
-0.558132
-0.0454076
-0.622177
-0.124529
0.316345
-0.165483
0.271069
0.576061
0.275294
0.570015
0.707299
0.570015
0.704942
0.702135
0.707299
0.702135
0.606371
0.693666
0.579999
0.426797
0.594284
0.447125
0.30108
0.457485
0.314112
0.19547
0.311662
0.19662
0.113366
0.19662
0.11534
0.0619426
0.113366
0.0619426
0.0313949
0.693665
0.594284
0.457484
0.579998
0.447125
0.314112
0.426797
0.30108
0.19547
0.272761
0.160071
0.0845839
0.177518
0.0970165
0.0480988
0.106716
0.054642
0.0255358
0.0384152
0.0153924
0.00380577
0.0203986
0.00785699
0.00185504
0.0103095
0.00369061
0.000854642
0.00440442
0.00162305
0.000294506
0.00204822
0.000585999
0.000195101
0.00063892
0.000330601
-7.1265e-05
0.0575227
0.0274339
0.0120275
0.0293206
0.0132487
0.00550674
0.0138994
0.00593183
0.00223124
0.00563881
0.00241808
0.000668863
0.00241808
0.000801526
0.000444313
0.000668862
0.000444314
-0.000108352
0.000151444
0.000128101
-5.26154e-05
0.000178
-1.98115e-06
2.80055e-05
-8.01355e-05
4.50876e-05
-1.31468e-06
-0.000117978
9.57007e-05
-4.73409e-05
9.57008e-05
-7.26149e-05
5.55561e-05
-4.7341e-05
5.55561e-05
-4.24073e-05
0.000151444
0.000178001
-8.01365e-05
0.000128101
-1.98103e-06
4.50877e-05
-5.26149e-05
2.80052e-05
-1.31436e-06
0.272761
0.177518
0.106715
0.160071
0.0970164
0.054642
0.0845838
0.0480987
0.0255358
0.0575227
0.0293206
0.0138994
0.0274339
0.0132487
0.00593183
0.0120275
0.00550675
0.00223124
0.00440442
0.00204822
0.000638921
0.00162306
0.000586
0.000330601
0.000294507
0.000195101
-7.12651e-05
0.0384151
0.0203986
0.0103095
0.0153923
0.00785699
0.00369061
0.00380577
0.00185504
0.000854642
-0.00919461
-0.149644
-0.336119
-0.417453
-0.592509
-0.79644
-0.884168
-1.04195
-1.19531
-0.579852
-0.839071
-1.09173
-1.02271
-1.21531
-1.34471
-1.32195
-1.37375
-1.32587
-1.33588
-1.20984
-0.986934
-1.02626
-0.773771
-0.464521
-0.5008
-0.211145
0.0835771
-1.26964
-1.34224
-1.37374
-1.36762
-1.32082
-1.21508
-1.13574
-0.98076
-0.772283
-1.29666
-1.37409
-1.29199
-1.36442
-1.2381
-0.966431
-1.14446
-0.851738
-0.473745
-1.01988
-0.622176
-0.165482
-0.55813
-0.124528
0.27107
-0.045406
0.316346
0.576061
0.405364
0.618257
0.71317
0.655473
0.718195
0.686062
0.71739
0.666242
0.56234
-0.659347
-0.294196
0.0743255
-0.108804
0.213187
0.476522
0.363511
0.566429
0.686725
0.653412
0.713598
0.70258
0.709895
0.668832
0.585394
0.607999
0.519687
0.41704
0.627508
0.517922
0.39525
0.470782
0.355995
0.250504
0.308287
0.216458
0.142072
0.170211
0.111929
0.0686466
0.0803772
0.049973
0.029272
0.0221442
0.0134251
0.00744162
0.419448
0.332193
0.24785
0.233147
0.174755
0.123502
0.0722821
0.0523724
0.0357926
-0.612971
-0.404754
-0.170564
-0.0421513
0.1416
0.323994
0.401595
0.510355
0.602271
0.0871215
0.318791
0.512895
0.495949
0.620588
0.694148
0.667902
0.690584
0.670888
0.608558
0.568218
0.50433
0.403518
0.354624
0.297308
0.13983
0.118923
0.0960372
0.597964
0.617533
0.623676
0.510772
0.472559
0.443093
0.208561
0.177341
0.158936
-0.00919476
-0.417453
-0.884168
-0.149644
-0.592509
-1.04196
-0.336119
-0.79644
-1.19531
-1.26964
-1.36762
-1.13574
-1.34224
-1.32082
-0.980761
-1.37374
-1.21508
-0.772283
-1.33588
-1.02626
-0.500801
-1.20985
-0.773773
-0.211147
-0.986936
-0.464524
0.0835746
-0.579852
-1.02271
-1.32195
-0.839071
-1.21531
-1.37375
-1.09172
-1.3447
-1.32587
-0.612971
-0.0421514
0.401595
-0.404754
0.1416
0.510355
-0.170564
0.323994
0.602271
0.597964
0.510773
0.208561
0.617533
0.47256
0.177342
0.623677
0.443093
0.158936
0.608558
0.403519
0.13983
0.568219
0.354625
0.118923
0.504331
0.297308
0.0960376
0.0871204
0.495948
0.667902
0.318789
0.620588
0.690584
0.512893
0.694147
0.670889
0.653411
0.709895
0.608
0.713598
0.668833
0.519689
0.70258
0.585396
0.417042
0.41945
0.233148
0.0722825
0.332195
0.174756
0.0523727
0.247852
0.123503
0.035793
0.170213
0.080378
0.0221444
0.111931
0.0499737
0.0134253
0.0686477
0.0292725
0.00744176
0.62751
0.470785
0.308289
0.517925
0.355997
0.21646
0.395254
0.250507
0.142074
-1.29666
-1.36442
-1.14446
-1.37409
-1.2381
-0.851742
-1.29199
-0.966436
-0.473751
-0.65935
-0.108808
0.363509
-0.2942
0.213183
0.566427
0.07432
0.476518
0.686724
0.405359
0.655471
0.717391
0.618254
0.718195
0.666244
0.713169
0.686064
0.562344
-1.01988
-0.558138
-0.0454131
-0.622184
-0.124536
0.316339
-0.165492
0.271062
0.576057
0.275284
0.570009
0.707297
0.570007
0.704939
0.702137
0.707296
0.702138
0.606377
0.693668
0.580002
0.426801
0.594289
0.447131
0.301085
0.457492
0.314118
0.195475
0.31167
0.196626
0.11337
0.196627
0.115345
0.0619454
0.113371
0.0619459
0.0313967
0.69367
0.594292
0.457494
0.580008
0.447135
0.314121
0.426809
0.301091
0.195478
0.272764
0.160073
0.0845854
0.177522
0.0970187
0.0481001
0.106719
0.0546438
0.0255368
0.0384159
0.0153927
0.00380587
0.0203993
0.00785725
0.00185512
0.0103099
0.00369078
0.000854679
0.00440465
0.00162316
0.000294516
0.00204836
0.000586038
0.00019512
0.000638969
0.000330629
-7.12687e-05
0.057525
0.0274352
0.0120281
0.0293221
0.0132495
0.00550709
0.0139003
0.00593225
0.0022314
0.00563925
0.00241829
0.000668936
0.00241831
0.000801611
0.000444344
0.000668953
0.000444347
-0.000108328
0.000151486
0.000128097
-5.25968e-05
0.000177997
-1.9698e-06
2.7995e-05
-8.01133e-05
4.50799e-05
-1.30457e-06
-0.000117976
9.57052e-05
-4.73528e-05
9.57065e-05
-7.26198e-05
5.55657e-05
-4.73558e-05
5.55668e-05
-4.24239e-05
0.000151496
0.000177998
-8.01127e-05
0.000128098
-1.96734e-06
4.50793e-05
-5.2589e-05
2.79915e-05
-1.30164e-06
0.272772
0.177527
0.106721
0.160079
0.0970224
0.0546458
0.0845898
0.0481025
0.025538
0.0575262
0.0293226
0.0139004
0.027436
0.0132498
0.00593237
0.0120286
0.00550729
0.00223146
0.00440489
0.00204847
0.000638993
0.00162327
0.000586071
0.000330648
0.000294531
0.000195138
-7.1273e-05
0.0384185
0.0204006
0.0103105
0.0153939
0.00785785
0.00369105
0.00380621
0.00185528
0.000854748
-0.00918881
-0.149638
-0.336112
-0.417445
-0.592501
-0.796433
-0.884161
-1.04195
-1.1953
-0.579846
-0.839065
-1.09172
-1.02271
-1.2153
-1.3447
-1.32194
-1.37375
-1.32588
-1.33588
-1.20985
-0.986946
-1.02627
-0.773786
-0.46454
-0.500816
-0.211163
0.0835591
-1.26964
-1.34224
-1.37374
-1.36762
-1.32082
-1.21509
-1.13575
-0.98077
-0.772295
-1.29665
-1.37409
-1.29199
-1.36443
-1.2381
-0.966443
-1.14446
-0.851752
-0.473763
-1.01989
-0.622187
-0.165495
-0.558146
-0.124544
0.271056
-0.0454245
0.31633
0.576051
0.405349
0.618248
0.713168
0.655465
0.718194
0.686068
0.717392
0.666249
0.562351
-0.659364
-0.294215
0.0743062
-0.108824
0.213168
0.476507
0.363495
0.566417
0.686719
0.653404
0.713596
0.702583
0.709896
0.668838
0.585404
0.608006
0.519697
0.417051
0.627517
0.517934
0.395263
0.470794
0.356007
0.250516
0.308298
0.216468
0.142081
0.17022
0.111936
0.0686518
0.0803822
0.0499768
0.0292747
0.0221458
0.0134263
0.00744241
0.419457
0.332203
0.24786
0.233154
0.174762
0.123508
0.0722848
0.0523748
0.0357947
-0.612982
-0.404766
-0.170578
-0.0421614
0.141589
0.323983
0.401588
0.510348
0.602265
0.0871065
0.318777
0.512883
0.495939
0.620581
0.694144
0.667899
0.690584
0.670892
0.60856
0.568223
0.504338
0.403522
0.354629
0.297314
0.139832
0.118925
0.0960398
0.597961
0.617531
0.623676
0.510772
0.47256
0.443095
0.208561
0.177342
0.158937
-0.00918813
-0.417444
-0.88416
-0.149636
-0.592499
-1.04195
-0.336108
-0.796429
-1.1953
-1.26964
-1.36762
-1.13575
-1.34224
-1.32083
-0.980772
-1.37374
-1.21509
-0.772299
-1.33588
-1.02628
-0.500822
-1.20986
-0.773794
-0.211171
-0.986954
-0.46455
0.0835499
-0.57984
-1.0227
-1.32194
-0.839058
-1.2153
-1.37374
-1.09171
-1.3447
-1.32588
-0.612983
-0.0421623
0.401588
-0.404769
0.141587
0.510347
-0.170582
0.323979
0.602264
0.597961
0.510772
0.208561
0.617531
0.47256
0.177343
0.623676
0.443096
0.158938
0.60856
0.403523
0.139833
0.568225
0.354631
0.118926
0.50434
0.297316
0.0960408
0.0871004
0.495935
0.667898
0.31877
0.620578
0.690584
0.512877
0.694143
0.670893
0.653401
0.709897
0.60801
0.713595
0.668841
0.519702
0.702585
0.585409
0.417056
0.419461
0.233157
0.0722858
0.332207
0.174765
0.0523757
0.247864
0.123511
0.0357956
0.170224
0.0803843
0.0221464
0.111939
0.0499784
0.0134268
0.0686541
0.0292758
0.00744274
0.627522
0.4708
0.308303
0.51794
0.356013
0.216473
0.39527
0.250521
0.142085
-1.29665
-1.36443
-1.14447
-1.37409
-1.23811
-0.851764
-1.292
-0.966454
-0.473777
-0.659375
-0.108836
0.363487
-0.294229
0.213157
0.566411
0.0742929
0.476498
0.686716
0.405338
0.65546
0.717392
0.618241
0.718194
0.666253
0.713166
0.686071
0.562357
-1.0199
-0.558161
-0.0454393
-0.622202
-0.12456
0.316318
-0.165511
0.271043
0.576043
0.275269
0.569998
0.707294
0.569998
0.704936
0.702141
0.707294
0.702141
0.606385
0.693673
0.580014
0.426816
0.594299
0.447144
0.301098
0.457503
0.314129
0.195484
0.31168
0.196634
0.113376
0.196634
0.11535
0.0619491
0.113376
0.0619491
0.0313987
0.693673
0.594299
0.457503
0.580015
0.447144
0.314129
0.426817
0.301098
0.195484
0.272778
0.160084
0.0845926
0.177532
0.0970258
0.0481044
0.106725
0.0546481
0.0255392
0.03842
0.0153946
0.0038064
0.0204015
0.00785825
0.00185538
0.010311
0.00369126
0.000854801
0.00440515
0.00162337
0.000294548
0.0020486
0.000586112
0.000195152
0.000639046
0.000330669
-7.12739e-05
0.0575289
0.0274374
0.0120293
0.0293242
0.0132506
0.00550765
0.0139013
0.00593278
0.00223162
0.0056397
0.00241849
0.000669029
0.0024185
0.000801695
0.000444368
0.00066903
0.000444368
-0.000108304
0.00015153
0.000128096
-5.25777e-05
0.000177998
-1.95955e-06
2.79851e-05
-8.00977e-05
4.50742e-05
-1.29426e-06
-0.00011797
9.57066e-05
-4.73572e-05
9.57084e-05
-7.26225e-05
5.55705e-05
-4.73598e-05
5.55711e-05
-4.24309e-05
0.00015153
0.000177999
-8.00984e-05
0.000128095
-1.95948e-06
4.5075e-05
-5.25758e-05
2.79842e-05
-1.29417e-06
0.272778
0.177532
0.106725
0.160084
0.097026
0.0546482
0.0845928
0.0481045
0.0255392
0.0575289
0.0293243
0.0139013
0.0274375
0.0132506
0.00593278
0.0120293
0.00550765
0.00223162
0.00440516
0.00204861
0.000639044
0.00162338
0.000586111
0.00033067
0.000294546
0.000195154
-7.12759e-05
0.0384201
0.0204015
0.0103111
0.0153947
0.00785827
0.00369127
0.00380641
0.00185538
0.000854802
-0.00918812
-0.149636
-0.336108
-0.417444
-0.592499
-0.796429
-0.88416
-1.04195
-1.1953
-0.57984
-0.839058
-1.09171
-1.0227
-1.2153
-1.3447
-1.32194
-1.37374
-1.32588
-1.33589
-1.20986
-0.986955
-1.02628
-0.773794
-0.464551
-0.500823
-0.211172
0.0835489
-1.26964
-1.34224
-1.37374
-1.36762
-1.32083
-1.21509
-1.13575
-0.980773
-0.7723
-1.29665
-1.37409
-1.292
-1.36443
-1.23811
-0.966454
-1.14447
-0.851764
-0.473778
-1.0199
-0.622202
-0.165511
-0.558161
-0.12456
0.271043
-0.0454396
0.316317
0.576043
0.405338
0.618241
0.713166
0.65546
0.718194
0.686071
0.717392
0.666254
0.562358
-0.659376
-0.294229
0.0742923
-0.108837
0.213157
0.476498
0.363486
0.56641
0.686716
0.6534
0.713595
0.702585
0.709897
0.668841
0.585409
0.60801
0.519702
0.417057
0.627522
0.517941
0.39527
0.470801
0.356014
0.250522
0.308304
0.216474
0.142085
0.170224
0.11194
0.0686543
0.0803845
0.0499786
0.0292759
0.0221465
0.0134268
0.00744277
0.419462
0.332208
0.247864
0.233157
0.174765
0.123511
0.072286
0.0523759
0.0357957
-0.612983
-0.40477
-0.170583
-0.0421625
0.141586
0.323979
0.401587
0.510346
0.602263
0.0870995
0.318769
0.512877
0.495934
0.620577
0.694142
0.667898
0.690584
0.670893
0.608561
0.568225
0.504341
0.403524
0.354632
0.297317
0.139833
0.118926
0.096041
0.597961
0.617531
0.623676
0.510772
0.472561
0.443096
0.208561
0.177343
0.158938
-0.0091886
-0.417445
-0.88416
-0.149637
-0.5925
-1.04195
-0.336111
-0.796431
-1.1953
-1.26964
-1.36762
-1.13575
-1.34224
-1.32082
-0.98077
-1.37374
-1.21509
-0.772296
-1.33588
-1.02627
-0.500817
-1.20985
-0.773788
-0.211165
-0.986949
-0.464543
0.0835567
-0.579843
-1.0227
-1.32194
-0.839062
-1.2153
-1.37374
-1.09172
-1.3447
-1.32588
-0.612982
-0.0421615
0.401588
-0.404767
0.141589
0.510348
-0.170579
0.323982
0.602265
0.597961
0.510772
0.208561
0.617531
0.47256
0.177342
0.623676
0.443095
0.158937
0.60856
0.403522
0.139832
0.568223
0.354629
0.118925
0.504338
0.297314
0.0960399
0.0871052
0.495938
0.667899
0.318775
0.62058
0.690584
0.512882
0.694144
0.670892
0.653404
0.709896
0.608007
0.713596
0.668838
0.519698
0.702584
0.585405
0.417052
0.419458
0.233154
0.0722848
0.332203
0.174762
0.0523748
0.24786
0.123508
0.0357948
0.17022
0.0803823
0.0221458
0.111937
0.0499769
0.0134263
0.068652
0.0292748
0.00744242
0.627518
0.470796
0.308299
0.517936
0.356008
0.216469
0.395265
0.250517
0.142081
-1.29665
-1.36443
-1.14447
-1.37409
-1.23811
-0.851757
-1.292
-0.966449
-0.47377
-0.659368
-0.108828
0.363493
-0.294221
0.213165
0.566416
0.0743007
0.476504
0.686718
0.405344
0.655463
0.717392
0.618245
0.718194
0.666251
0.713167
0.686069
0.562353
-1.01989
-0.558155
-0.0454321
-0.622198
-0.124554
0.316323
-0.165507
0.271047
0.576047
0.275274
0.570002
0.707295
0.570004
0.704938
0.702139
0.707296
0.702139
0.606379
0.693671
0.58001
0.426811
0.594294
0.447138
0.301092
0.457496
0.314123
0.195479
0.311672
0.196628
0.113372
0.196627
0.115346
0.0619463
0.113371
0.0619458
0.0313969
0.693669
0.594292
0.457494
0.580005
0.447133
0.31412
0.426804
0.301087
0.195476
0.272773
0.16008
0.0845901
0.177528
0.0970229
0.0481027
0.106722
0.0546461
0.0255381
0.0384186
0.015394
0.00380621
0.0204006
0.00785787
0.00185528
0.0103106
0.00369106
0.000854749
0.0044049
0.00162328
0.000294529
0.00204848
0.000586071
0.000195139
0.000638995
0.000330649
-7.12738e-05
0.0575265
0.0274362
0.0120287
0.0293228
0.0132499
0.00550732
0.0139005
0.0059324
0.00223147
0.00563928
0.00241832
0.000668956
0.0024183
0.000801615
0.000444348
0.00066894
0.000444345
-0.000108328
0.000151498
0.000128097
-5.2588e-05
0.000177999
-1.96717e-06
2.79911e-05
-8.01129e-05
4.50796e-05
-1.30151e-06
-0.000117975
9.57069e-05
-4.73563e-05
9.57046e-05
-7.26198e-05
5.55668e-05
-4.73522e-05
5.55656e-05
-4.24238e-05
0.000151487
0.000177997
-8.01132e-05
0.000128098
-1.97003e-06
4.508e-05
-5.25976e-05
2.79956e-05
-1.30495e-06
0.272766
0.177523
0.106719
0.160074
0.0970193
0.0546442
0.0845858
0.0481003
0.0255369
0.0575253
0.0293223
0.0139004
0.0274353
0.0132495
0.00593228
0.0120282
0.00550711
0.00223141
0.00440467
0.00204837
0.000638972
0.00162316
0.00058604
0.000330629
0.000294518
0.00019512
-7.12678e-05
0.0384161
0.0203993
0.0103099
0.0153928
0.00785728
0.0036908
0.00380588
0.00185512
0.000854681
-0.00919443
-0.149643
-0.336117
-0.417453
-0.592508
-0.796438
-0.884168
-1.04195
-1.19531
-0.579849
-0.839067
-1.09172
-1.02271
-1.2153
-1.3447
-1.32195
-1.37375
-1.32587
-1.33588
-1.20985
-0.986939
-1.02626
-0.773776
-0.464528
-0.500803
-0.21115
0.0835714
-1.26964
-1.34224
-1.37374
-1.36762
-1.32082
-1.21508
-1.13574
-0.980761
-0.772285
-1.29665
-1.37409
-1.29199
-1.36442
-1.2381
-0.966443
-1.14446
-0.851748
-0.473759
-1.01989
-0.622195
-0.165504
-0.558147
-0.124547
0.271053
-0.0454215
0.316332
0.576052
0.405354
0.61825
0.713169
0.655469
0.718194
0.686066
0.717391
0.666246
0.562346
-0.659355
-0.294207
0.0743136
-0.108813
0.213178
0.476514
0.363506
0.566425
0.686723
0.65341
0.713598
0.702581
0.709895
0.668834
0.585397
0.608001
0.51969
0.417043
0.627512
0.517927
0.395256
0.470786
0.355999
0.250508
0.30829
0.216461
0.142075
0.170213
0.111931
0.0686479
0.0803782
0.0499738
0.0292726
0.0221445
0.0134254
0.00744178
0.41945
0.332195
0.247852
0.233149
0.174756
0.123503
0.0722825
0.0523728
0.035793
-0.612972
-0.404755
-0.170566
-0.0421516
0.1416
0.323993
0.401595
0.510355
0.602271
0.0871187
0.318788
0.512892
0.495947
0.620587
0.694147
0.667902
0.690584
0.670889
0.608558
0.568219
0.504332
0.403519
0.354625
0.297309
0.13983
0.118923
0.0960376
0.597964
0.617533
0.623677
0.510773
0.47256
0.443094
0.208561
0.177342
0.158936
-0.00919461
-0.417453
-0.884168
-0.149644
-0.592509
-1.04195
-0.336119
-0.79644
-1.19531
-1.26964
-1.36762
-1.13574
-1.34224
-1.32082
-0.98076
-1.37374
-1.21508
-0.772283
-1.33588
-1.02626
-0.5008
-1.20984
-0.773771
-0.211145
-0.986934
-0.464521
0.0835771
-0.579852
-1.02271
-1.32195
-0.839071
-1.21531
-1.37375
-1.09173
-1.34471
-1.32587
-0.612971
-0.0421514
0.401595
-0.404754
0.1416
0.510355
-0.170564
0.323994
0.602271
0.597964
0.510772
0.208561
0.617533
0.472559
0.177341
0.623676
0.443093
0.158936
0.608558
0.403518
0.13983
0.568218
0.354624
0.118923
0.50433
0.297308
0.0960372
0.0871215
0.495949
0.667902
0.318791
0.620588
0.690584
0.512895
0.694148
0.670888
0.653412
0.709895
0.607999
0.713598
0.668832
0.519687
0.70258
0.585394
0.41704
0.419448
0.233147
0.0722821
0.332193
0.174755
0.0523724
0.24785
0.123502
0.0357926
0.170211
0.0803772
0.0221442
0.111929
0.049973
0.0134251
0.0686466
0.029272
0.00744162
0.627508
0.470782
0.308287
0.517922
0.355995
0.216458
0.39525
0.250504
0.142072
-1.29666
-1.36442
-1.14446
-1.37409
-1.2381
-0.851738
-1.29199
-0.966431
-0.473745
-0.659347
-0.108804
0.363511
-0.294196
0.213187
0.566429
0.0743255
0.476522
0.686725
0.405364
0.655473
0.71739
0.618257
0.718195
0.666242
0.71317
0.686062
0.56234
-1.01988
-0.55813
-0.045406
-0.622176
-0.124528
0.316346
-0.165482
0.27107
0.576061
0.275294
0.570015
0.707299
0.570015
0.704942
0.702135
0.707299
0.702135
0.606371
0.693665
0.579998
0.426797
0.594284
0.447125
0.30108
0.457484
0.314112
0.19547
0.311662
0.19662
0.113366
0.19662
0.11534
0.0619426
0.113366
0.0619426
0.0313949
0.693666
0.594284
0.457485
0.579999
0.447125
0.314112
0.426797
0.30108
0.19547
0.272761
0.160071
0.0845838
0.177518
0.0970164
0.0480987
0.106715
0.054642
0.0255358
0.0384151
0.0153923
0.00380577
0.0203986
0.00785699
0.00185504
0.0103095
0.00369061
0.000854642
0.00440442
0.00162306
0.000294507
0.00204822
0.000586
0.000195101
0.000638921
0.000330601
-7.1265e-05
0.0575227
0.0274339
0.0120275
0.0293206
0.0132487
0.00550675
0.0138994
0.00593183
0.00223124
0.00563881
0.00241808
0.000668862
0.00241808
0.000801526
0.000444314
0.000668863
0.000444313
-0.000108352
0.000151444
0.000128101
-5.26146e-05
0.000178
-1.98099e-06
2.80051e-05
-8.01364e-05
4.50877e-05
-1.31433e-06
-0.000117978
9.57009e-05
-4.73413e-05
9.57007e-05
-7.2615e-05
5.55562e-05
-4.7341e-05
5.55562e-05
-4.24076e-05
0.000151444
0.000178
-8.01354e-05
0.000128101
-1.98105e-06
4.50875e-05
-5.26152e-05
2.80054e-05
-1.31461e-06
0.272761
0.177518
0.106716
0.160071
0.0970165
0.054642
0.0845839
0.0480988
0.0255358
0.0575227
0.0293206
0.0138994
0.0274339
0.0132487
0.00593183
0.0120275
0.00550674
0.00223124
0.00440442
0.00204822
0.000638919
0.00162305
0.000585999
0.000330601
0.000294506
0.000195101
-7.12651e-05
0.0384152
0.0203986
0.0103095
0.0153924
0.00785699
0.00369061
0.00380577
0.00185504
0.000854642
-0.00919032
-0.14964
-0.336114
-0.417447
-0.592504
-0.796436
-0.884163
-1.04195
-1.19531
-0.579849
-0.839068
-1.09172
-1.02271
-1.21531
-1.3447
-1.32195
-1.37375
-1.32587
-1.33588
-1.20985
-0.986936
-1.02626
-0.773775
-0.464525
-0.500804
-0.211149
0.0835742
-1.26964
-1.34224
-1.37374
-1.36762
-1.32082
-1.21508
-1.13574
-0.980765
-0.772287
-1.29666
-1.37409
-1.29199
-1.36442
-1.2381
-0.966433
-1.14446
-0.85174
-0.473747
-1.01988
-0.622177
-0.165483
-0.558132
-0.124529
0.271069
-0.0454076
0.316345
0.576061
0.405363
0.618257
0.71317
0.655473
0.718195
0.686063
0.71739
0.666243
0.562341
-0.659349
-0.294198
0.0743237
-0.108807
0.213185
0.47652
0.363509
0.566428
0.686725
0.653411
0.713598
0.70258
0.709895
0.668832
0.585395
0.608
0.519688
0.41704
0.627509
0.517923
0.395251
0.470783
0.355995
0.250505
0.308287
0.216458
0.142073
0.170212
0.111929
0.0686467
0.0803773
0.0499731
0.0292721
0.0221442
0.0134251
0.00744162
0.419449
0.332194
0.24785
0.233148
0.174755
0.123502
0.0722822
0.0523724
0.0357927
-0.612978
-0.40476
-0.170569
-0.0421576
0.141595
0.32399
0.401591
0.510352
0.602269
0.0871176
0.318788
0.512893
0.495946
0.620587
0.694147
0.667902
0.690584
0.670888
0.608558
0.568219
0.504331
0.403519
0.354625
0.297308
0.13983
0.118923
0.0960374
0.597963
0.617532
0.623676
0.510772
0.472559
0.443093
0.208561
0.177342
0.158936
