FiniteElementSpace
FiniteElementCollection: H1_2D_P4
VDim: 1
Ordering: 0

-0.0327513
9.35762e-14
9.35736e-14
7.76165e-35
9.3577e-14
7.76496e-35
9.3577e-14
7.7667e-35
9.35736e-14
7.76496e-35
7.76165e-35
-0.0929573
4.87272e-21
4.87272e-21
-0.0929574
4.87302e-21
4.87451e-21
-0.0929573
4.87525e-21
4.87533e-21
-0.0929573
4.87451e-21
4.87302e-21
-0.0929574
4.87272e-21
4.87272e-21
0.146367
0.146367
0.146367
0.146367
0.146367
-0.0421083
-0.037633
-0.0376328
-0.0421083
-0.0376329
-0.0376333
-0.0421083
-0.0376341
-0.0376341
-0.0421083
-0.0376338
-0.0376335
-0.0421083
-0.0376328
-0.037633
0.116441
1.39243e-16
0.028596
4.0102e-27
4.01022e-27
0.0285959
1.39242e-16
0.116441
1.39245e-16
0.0285963
4.01112e-27
4.01183e-27
0.0285972
1.39265e-16
0.116441
1.39274e-16
0.0285979
4.01258e-27
4.0126e-27
0.0285979
1.39276e-16
0.116441
1.39265e-16
0.0285974
4.01183e-27
4.01112e-27
0.0285965
1.39245e-16
0.116441
1.39242e-16
0.0285959
4.01022e-27
4.0102e-27
0.028596
1.39243e-16
-0.0706985
-0.0706986
-0.0706983
-0.0706985
-0.0706985
0.13383
0.000544414
0.13383
0.13383
0.000544454
0.13383
0.133831
0.000544495
0.133831
0.133831
0.000544457
0.13383
0.13383
0.000544414
0.13383
-0.0346434
-0.0500529
-0.0500529
-0.0346434
-0.0629465
-0.0881935
-0.0935942
0.0741715
0.0741716
-0.0935942
-0.0881934
-0.0629466
-0.0500529
-0.0500529
-0.0346434
-0.0881934
-0.0935942
0.0741711
0.0741708
-0.0935942
-0.0881936
-0.0629465
-0.0500528
-0.0500528
-0.0346434
-0.0881937
-0.0935942
0.0741696
0.0741696
-0.0935942
-0.0881937
-0.0629465
-0.0500529
-0.0500529
-0.0346434
-0.0881936
-0.0935942
0.07417
0.0741701
-0.0935942
-0.0881935
-0.0629466
-0.0500529
-0.0500529
-0.0881934
-0.0935942
0.0741716
0.0741715
-0.0935942
-0.0881935
-0.036881
0.14433
0.10829
0.123154
5.76828e-15
0.0486023
1.31628e-18
0.0036251
0.0807826
0.0986298
0.00548444
0.00548443
0.0986297
7.06389e-24
2.78509e-05
8.91529e-31
8.91533e-31
2.7851e-05
7.06393e-24
0.00362509
0.108291
0.14433
-0.0368804
0.0807825
1.31628e-18
0.0486022
5.76819e-15
0.123154
0.14433
0.10829
5.76822e-15
0.0486024
1.31633e-18
0.00362516
0.0807828
0.0986303
0.00548464
0.00548476
0.0986311
7.0649e-24
2.78527e-05
8.91819e-31
8.91903e-31
2.78533e-05
7.06665e-24
0.0036254
0.108289
0.144329
-0.0368811
0.0807841
1.31662e-18
0.0486034
5.76872e-15
0.123154
0.144329
0.108289
5.76887e-15
0.0486039
1.31675e-18
0.00362554
0.080785
0.0986321
0.00548501
0.00548502
0.0986322
7.06784e-24
2.78553e-05
8.92086e-31
8.92087e-31
2.78552e-05
7.06791e-24
0.00362555
0.108289
0.144329
-0.0368811
0.0807851
1.31678e-18
0.048604
5.76892e-15
0.123154
0.144329
0.108289
5.76872e-15
0.0486035
1.31662e-18
0.00362542
0.0807844
0.0986317
0.0054848
0.00548468
0.0986309
7.06665e-24
2.78533e-05
8.91903e-31
8.91819e-31
2.78528e-05
7.0649e-24
0.00362518
0.10829
0.14433
-0.0368804
0.0807831
1.31633e-18
0.0486024
5.76822e-15
0.123154
0.14433
0.108291
5.76819e-15
0.0486022
1.31628e-18
0.00362509
0.0807825
0.0986297
0.00548443
0.00548444
0.0986298
7.06393e-24
2.7851e-05
8.91533e-31
8.91529e-31
2.78509e-05
7.06389e-24
0.0036251
0.10829
0.14433
0.0807826
1.31628e-18
0.0486023
5.76828e-15
-0.0382746
-0.0779331
-0.0549237
-0.0779332
-0.0382746
-0.0779332
-0.0549239
-0.0779331
-0.0382746
-0.077933
-0.0549248
-0.077933
-0.0382746
-0.077933
-0.0549244
-0.0779331
-0.0382746
-0.0779332
-0.0549237
-0.0779331
0.0242863
0.0896225
0.0172228
0.146282
0.0333782
0.000427269
-9.74821e-06
0.000427269
0.0242867
0.146282
0.0172227
0.0896223
0.0242867
0.0896224
0.0172229
0.146282
0.0333791
0.00042729
-9.74865e-06
0.000427313
0.0242856
0.146282
0.0172236
0.0896232
0.0242851
0.0896235
0.017224
0.146282
0.0333802
0.000427338
-9.74872e-06
0.000427339
0.0242851
0.146282
0.017224
0.0896236
0.0242855
0.0896233
0.0172237
0.146282
0.0333793
0.000427315
-9.74864e-06
0.000427292
0.0242864
0.146282
0.017223
0.0896224
0.0242867
0.0896223
0.0172227
0.146282
0.0333782
0.000427269
-9.74821e-06
0.000427269
0.0242863
0.146282
0.0172228
0.0896225
-0.0328018
-0.0331993
-0.0340194
-0.034921
-0.0358105
-0.0372501
-0.034921
-0.0358106
-0.0372501
-0.0328018
-0.0331993
-0.0340194
-0.0401793
-0.0373839
-0.0354162
-0.0428595
-0.0449173
-0.0479625
-0.0470634
-0.042649
-0.0395257
-0.0660591
-0.0584501
-0.0525366
-0.0660591
-0.0584501
-0.0525367
-0.0470634
-0.042649
-0.0395257
-0.0428596
-0.0449173
-0.0479626
-0.0401793
-0.0373839
-0.0354162
-0.0444167
-0.0501116
-0.0579151
-0.0647582
-0.0691255
-0.0746474
-0.0535888
-0.0618964
-0.0721298
-0.089846
-0.0799204
-0.0685324
-0.0934488
-0.0934052
-0.0909719
-0.0927005
-0.0918881
-0.0835883
-0.051452
-0.0714602
-0.0840405
-0.0570117
-0.0821647
-0.0927493
-0.0925131
-0.087741
-0.0813704
-0.0756277
-0.0849674
-0.0920475
-0.0931151
-0.0862048
-0.0689014
-0.0931151
-0.0862048
-0.0689014
-0.0756277
-0.0849674
-0.0920475
-0.0215931
0.0139674
0.0534336
0.0498407
0.00321888
-0.0375753
0.14275
0.12446
0.093733
0.14275
0.12446
0.0937331
0.0498408
0.00321894
-0.0375753
-0.0215929
0.0139676
0.0534338
-0.0570115
-0.0821647
-0.0927493
-0.0535888
-0.0618965
-0.0721299
-0.0647583
-0.0691256
-0.0746475
-0.0444167
-0.0501117
-0.0579151
-0.0925131
-0.087741
-0.0813705
-0.0514518
-0.07146
-0.0840404
-0.0927005
-0.0918881
-0.0835884
-0.0934489
-0.0934052
-0.0909718
-0.0898461
-0.0799206
-0.0685325
-0.034921
-0.0358106
-0.0372501
-0.034921
-0.0358106
-0.0372501
-0.0328018
-0.0331993
-0.0340194
-0.0428596
-0.0449173
-0.0479626
-0.0470635
-0.042649
-0.0395257
-0.0660591
-0.0584501
-0.0525367
-0.0660591
-0.0584501
-0.0525366
-0.0470634
-0.042649
-0.0395257
-0.0428595
-0.0449173
-0.0479626
-0.0401793
-0.0373839
-0.0354162
-0.0647583
-0.0691256
-0.0746475
-0.0535889
-0.0618965
-0.0721299
-0.0934489
-0.0934052
-0.0909718
-0.0927005
-0.0918881
-0.0835884
-0.0514519
-0.07146
-0.0840404
-0.0570116
-0.0821647
-0.0927493
-0.0925131
-0.087741
-0.0813705
-0.0756278
-0.0849674
-0.0920475
-0.0931151
-0.0862049
-0.0689016
-0.0931151
-0.0862049
-0.0689016
-0.0756277
-0.0849674
-0.0920474
-0.0215931
0.0139673
0.0534333
0.0498403
0.00321855
-0.0375756
0.14275
0.12446
0.0937326
0.14275
0.12446
0.0937324
0.0498401
0.00321843
-0.0375756
-0.0215934
0.0139669
0.053433
-0.0570119
-0.0821648
-0.0927493
-0.0535888
-0.0618964
-0.0721298
-0.0647582
-0.0691255
-0.0746474
-0.0444167
-0.0501116
-0.057915
-0.0925131
-0.087741
-0.0813704
-0.0514523
-0.0714603
-0.0840406
-0.0927005
-0.091888
-0.0835883
-0.0934488
-0.0934052
-0.0909719
-0.089846
-0.0799204
-0.0685324
-0.034921
-0.0358105
-0.0372501
-0.034921
-0.0358105
-0.0372501
-0.0328018
-0.0331993
-0.0340194
-0.0428595
-0.0449173
-0.0479625
-0.0470634
-0.042649
-0.0395257
-0.0660589
-0.05845
-0.0525365
-0.0660589
-0.05845
-0.0525365
-0.0470634
-0.042649
-0.0395257
-0.0428595
-0.0449173
-0.0479625
-0.0401793
-0.0373839
-0.0354162
-0.0647582
-0.0691254
-0.0746473
-0.0535887
-0.0618963
-0.0721297
-0.0934488
-0.0934052
-0.090972
-0.0927006
-0.091888
-0.0835882
-0.0514529
-0.0714607
-0.0840408
-0.0570126
-0.0821652
-0.0927494
-0.092513
-0.0877408
-0.0813703
-0.0756275
-0.0849672
-0.0920473
-0.0931151
-0.0862052
-0.0689023
-0.0931151
-0.0862052
-0.0689023
-0.0756275
-0.0849672
-0.0920473
-0.0215944
0.0139657
0.0534318
0.0498388
0.00321713
-0.0375767
0.14275
0.124459
0.0937312
0.14275
0.124459
0.0937312
0.0498388
0.00321713
-0.0375767
-0.0215944
0.0139657
0.0534318
-0.0570126
-0.0821652
-0.0927494
-0.0535887
-0.0618963
-0.0721297
-0.0647582
-0.0691254
-0.0746473
-0.0444167
-0.0501116
-0.057915
-0.092513
-0.0877408
-0.0813703
-0.0514529
-0.0714607
-0.0840408
-0.0927006
-0.091888
-0.0835882
-0.0934488
-0.0934052
-0.090972
-0.089846
-0.0799204
-0.0685324
-0.034921
-0.0358106
-0.0372501
-0.034921
-0.0358106
-0.0372501
-0.0328018
-0.0331993
-0.0340194
-0.0428595
-0.0449173
-0.0479625
-0.0470634
-0.042649
-0.0395257
-0.066059
-0.0584501
-0.0525366
-0.066059
-0.0584501
-0.0525367
-0.0470634
-0.042649
-0.0395257
-0.0428596
-0.0449173
-0.0479626
-0.0401793
-0.0373839
-0.0354162
-0.0647582
-0.0691255
-0.0746473
-0.0535888
-0.0618964
-0.0721298
-0.0934488
-0.0934052
-0.0909719
-0.0927006
-0.091888
-0.0835882
-0.0514526
-0.0714605
-0.0840407
-0.0570123
-0.082165
-0.0927493
-0.0925131
-0.0877409
-0.0813704
-0.0756277
-0.0849673
-0.0920474
-0.0931151
-0.0862051
-0.0689019
-0.0931151
-0.086205
-0.0689019
-0.0756277
-0.0849673
-0.0920474
-0.021594
0.0139662
0.0534322
0.0498392
0.00321763
-0.0375762
0.14275
0.124459
0.0937315
0.14275
0.124459
0.0937317
0.0498394
0.00321772
-0.0375762
-0.0215937
0.0139664
0.0534324
-0.057012
-0.0821649
-0.0927493
-0.0535888
-0.0618965
-0.0721299
-0.0647583
-0.0691256
-0.0746474
-0.0444167
-0.0501117
-0.0579151
-0.0925131
-0.087741
-0.0813705
-0.0514523
-0.0714602
-0.0840405
-0.0927005
-0.0918881
-0.0835883
-0.0934489
-0.0934052
-0.0909718
-0.0898461
-0.0799206
-0.0685325
-0.034921
-0.0358106
-0.0372501
-0.034921
-0.0358105
-0.0372501
-0.0428596
-0.0449173
-0.0479626
-0.0470634
-0.042649
-0.0395257
-0.0660591
-0.0584501
-0.0525367
-0.0660591
-0.0584501
-0.0525366
-0.0470634
-0.042649
-0.0395257
-0.0428595
-0.0449173
-0.0479625
-0.0647583
-0.0691256
-0.0746475
-0.0535888
-0.0618965
-0.0721299
-0.0934489
-0.0934052
-0.0909718
-0.0927005
-0.0918881
-0.0835884
-0.0514518
-0.07146
-0.0840404
-0.0570115
-0.0821647
-0.0927493
-0.0925131
-0.087741
-0.0813705
-0.0756277
-0.0849674
-0.0920475
-0.0931151
-0.0862048
-0.0689014
-0.0931151
-0.0862048
-0.0689014
-0.0756277
-0.0849674
-0.0920475
-0.0215929
0.0139676
0.0534338
0.0498408
0.00321894
-0.0375753
0.14275
0.12446
0.0937331
0.14275
0.12446
0.093733
0.0498407
0.00321888
-0.0375753
-0.0215931
0.0139674
0.0534336
-0.0570117
-0.0821647
-0.0927493
-0.0535888
-0.0618964
-0.0721298
-0.0647582
-0.0691255
-0.0746474
-0.0925131
-0.087741
-0.0813704
-0.051452
-0.0714602
-0.0840405
-0.0927005
-0.0918881
-0.0835883
-0.0934488
-0.0934052
-0.0909719
-0.0934623
-0.0841854
-0.0578632
-0.0291388
-0.0112005
0.0110125
-0.0793239
-0.0493352
-0.00375198
0.0942642
0.0422936
-0.0117868
0.122434
0.133016
0.141344
0.135779
0.102437
0.0529748
0.13934
0.145516
0.146094
0.142571
0.145192
0.12643
0.0946683
0.066669
0.0384295
-0.0145773
0.0355407
0.0856505
0.132972
0.14607
0.135997
0.118486
0.108052
0.0963458
0.146286
0.133905
0.106825
0.0282608
0.0700076
0.107037
6.18433e-14
2.61216e-14
9.97893e-15
0.0127297
0.0401937
0.0720279
2.83215e-16
1.00764e-15
3.24242e-15
0.00524174
0.0180257
0.0363229
0.0555125
0.0691129
0.0827088
0.121404
0.0923316
0.0626011
0.0420102
0.0307134
0.0213305
0.06611
0.0419288
0.024072
0.126887
0.110498
0.0913302
6.65722e-17
1.52214e-17
3.14772e-18
0.00137121
0.00520037
0.0119142
1.37e-20
9.00439e-20
5.35258e-19
0.000210306
0.000882237
0.00231997
0.00494135
0.00847654
0.0136863
0.0212455
0.0113137
0.00550608
0.0356723
0.051662
0.0703182
0.120498
0.138052
0.146225
0.0966261
0.129713
0.145584
0.0960019
0.123173
0.14204
0.0375516
0.0588607
0.0844794
0.110819
0.130703
0.143409
0.145748
0.134084
0.112328
0.086006
0.0626695
0.0423395
0.0860059
0.0626695
0.0423395
0.145748
0.134084
0.112327
0.0225026
0.0135741
0.00763848
0.00789669
0.0148391
0.0257552
0.000841782
0.0018723
0.00385596
0.000841782
0.0018723
0.00385596
0.00789668
0.0148391
0.0257552
0.0225026
0.0135741
0.00763848
0.0375515
0.0588606
0.0844793
0.00261515
0.0013372
0.000639861
0.00372093
0.00167758
0.000694753
1.68532e-21
2.08594e-22
2.33506e-23
1.62728e-05
8.43664e-05
0.000247004
1.55856e-26
1.89234e-25
2.07802e-24
2.06636e-06
3.16416e-06
1.44253e-05
4.0738e-05
0.00011556
0.000270199
0.000332291
0.000130316
4.42878e-05
1.68627e-05
2.78461e-06
5.36407e-06
1.68627e-05
2.78462e-06
5.36407e-06
0.000332292
0.000130316
4.42878e-05
1.00338e-27
6.72271e-29
4.07378e-30
-4.30611e-07
2.89012e-08
2.367e-06
4.16985e-34
9.35274e-33
1.89729e-31
4.16986e-34
9.35276e-33
1.8973e-31
-4.3062e-07
2.89146e-08
2.36699e-06
1.00339e-27
6.72275e-29
4.0738e-30
2.06637e-06
3.16417e-06
1.44253e-05
0.00372093
0.00167758
0.000694753
0.00261514
0.0013372
0.000639861
0.0212455
0.0113137
0.00550607
4.0738e-05
0.000115561
0.000270199
1.55857e-26
1.89235e-25
2.07803e-24
1.62729e-05
8.43665e-05
0.000247004
1.68532e-21
2.08594e-22
2.33507e-23
0.000210306
0.000882236
0.00231997
-0.0793237
-0.0493349
-0.00375153
-0.0291382
-0.0112
0.011013
-0.0934623
-0.0841852
-0.0578628
-0.014577
0.035541
0.0856508
0.0946686
0.0666694
0.0384299
0.142571
0.145192
0.12643
0.13934
0.145516
0.146094
0.135779
0.102438
0.0529753
0.122435
0.133016
0.141344
0.0942648
0.0422943
-0.0117862
0.0966262
0.129713
0.145584
0.120498
0.138052
0.146225
0.110819
0.130703
0.143409
0.0356723
0.0516619
0.0703181
0.0960018
0.123173
0.14204
0.126887
0.110498
0.0913301
0.06611
0.0419287
0.0240719
0.0420102
0.0307133
0.0213305
0.121404
0.0923314
0.062601
0.00494134
0.00847653
0.0136863
1.37e-20
9.00439e-20
5.35258e-19
0.00137121
0.00520036
0.0119141
6.65718e-17
1.52214e-17
3.14771e-18
0.00524173
0.0180256
0.0363229
0.146286
0.133905
0.106824
0.118486
0.108052
0.0963456
0.132972
0.14607
0.135997
0.0555124
0.0691127
0.0827086
2.83213e-16
1.00763e-15
3.24237e-15
0.0127297
0.0401936
0.0720277
6.18417e-14
2.61211e-14
9.97875e-15
0.0282606
0.0700073
0.107036
-0.0291382
-0.0112
0.011013
-0.0793237
-0.0493349
-0.00375156
0.122435
0.133016
0.141344
0.135779
0.102438
0.0529753
0.13934
0.145516
0.146094
0.142571
0.145192
0.12643
0.0946684
0.0666692
0.0384299
-0.0145772
0.0355407
0.0856506
0.118486
0.108052
0.0963456
0.146286
0.133905
0.106824
6.18418e-14
2.61211e-14
9.97879e-15
0.0127297
0.0401937
0.0720278
2.83217e-16
1.00764e-15
3.2424e-15
0.00524176
0.0180257
0.036323
0.0555125
0.0691129
0.0827086
0.121404
0.0923316
0.0626012
0.0420103
0.0307135
0.0213306
0.0661103
0.041929
0.0240721
0.126887
0.110498
0.0913304
6.65731e-17
1.52218e-17
3.14781e-18
0.00137123
0.00520042
0.0119142
1.37008e-20
9.00482e-20
5.35279e-19
0.00021031
0.000882255
0.00232001
0.00494142
0.00847664
0.0136864
0.0212458
0.0113138
0.00550616
0.0356727
0.0516623
0.0703185
0.120498
0.138052
0.146225
0.0966257
0.129713
0.145584
0.0960022
0.123173
0.14204
0.0375519
0.0588612
0.0844799
0.110819
0.130703
0.143409
0.145748
0.134084
0.112328
0.0860067
0.0626704
0.0423404
0.0860074
0.0626708
0.0423405
0.145748
0.134084
0.112329
0.022503
0.0135744
0.00763873
0.00789697
0.0148396
0.0257559
0.000841839
0.0018724
0.00385613
0.000841843
0.00187243
0.0038562
0.0078971
0.0148397
0.025756
0.0225036
0.0135748
0.00763891
0.0375529
0.0588622
0.0844809
0.0026152
0.00133724
0.000639888
0.00372108
0.00167766
0.000694786
1.68544e-21
2.08615e-22
2.33536e-23
1.6274e-05
8.43709e-05
0.000247016
1.5589e-26
1.89269e-25
2.07835e-24
2.06659e-06
3.1645e-06
1.44267e-05
4.07418e-05
0.000115568
0.000270214
0.000332318
0.000130326
4.42919e-05
1.68644e-05
2.785e-06
5.36451e-06
1.68649e-05
2.78505e-06
5.36456e-06
0.000332319
0.000130328
4.42932e-05
1.00363e-27
6.72458e-29
4.07504e-30
-4.30601e-07
2.8815e-08
2.36717e-06
4.17156e-34
9.35625e-33
1.89794e-31
4.17163e-34
9.3567e-33
1.89809e-31
-4.30619e-07
2.881e-08
2.3672e-06
1.0038e-27
6.7255e-29
4.07549e-30
2.06672e-06
3.16468e-06
1.44273e-05
0.00372118
0.00167772
0.00069482
0.00261538
0.00133733
0.000639925
0.0212466
0.0113144
0.0055065
4.07435e-05
0.000115573
0.000270228
1.55919e-26
1.89309e-25
2.07884e-24
1.62754e-05
8.43771e-05
0.000247032
1.68595e-21
2.08673e-22
2.33597e-23
0.000210332
0.000882333
0.00232018
-0.079324
-0.0493355
-0.00375251
-0.029139
-0.0112009
0.011012
-0.0934624
-0.0841855
-0.0578634
-0.0145778
0.0355399
0.0856496
0.0946674
0.0666682
0.0384288
0.142572
0.145192
0.126429
0.139341
0.145516
0.146094
0.135779
0.102437
0.0529742
0.122434
0.133015
0.141344
0.094264
0.0422934
-0.011787
0.0966253
0.129712
0.145584
0.120497
0.138051
0.146225
0.11082
0.130704
0.14341
0.0356737
0.0516635
0.0703198
0.0960034
0.123174
0.142041
0.126888
0.110499
0.0913317
0.0661116
0.0419302
0.024073
0.0420114
0.0307144
0.0213314
0.121405
0.0923328
0.0626023
0.00494173
0.00847709
0.013687
1.37048e-20
9.00719e-20
5.35405e-19
0.00137132
0.00520071
0.0119148
6.65837e-17
1.52246e-17
3.14846e-18
0.00524195
0.0180263
0.0363239
0.146286
0.133906
0.106825
0.118487
0.108053
0.0963464
0.132972
0.14607
0.135997
0.0555136
0.0691139
0.0827096
2.83255e-16
1.00775e-15
3.24271e-15
0.0127299
0.0401943
0.0720286
6.18445e-14
2.61227e-14
9.97956e-15
0.0282607
0.0700076
0.107037
-0.0291391
-0.0112012
0.0110115
-0.0793242
-0.0493359
-0.00375303
0.122434
0.133015
0.141344
0.135778
0.102436
0.0529736
0.139341
0.145516
0.146094
0.142572
0.145192
0.126429
0.0946666
0.0666674
0.0384281
-0.0145787
0.0355389
0.0856487
0.118487
0.108053
0.0963467
0.146286
0.133906
0.106826
6.18448e-14
2.6123e-14
9.97977e-15
0.01273
0.0401945
0.0720289
2.83271e-16
1.0078e-15
3.24281e-15
0.00524203
0.0180265
0.0363243
0.0555141
0.0691143
0.0827099
0.121406
0.0923335
0.0626029
0.0420119
0.0307149
0.0213318
0.0661125
0.0419308
0.0240735
0.126888
0.1105
0.0913326
6.65882e-17
1.52258e-17
3.14876e-18
0.00137136
0.00520085
0.0119151
1.37067e-20
9.00831e-20
5.35464e-19
0.000210343
0.000882375
0.00232028
0.00494191
0.00847734
0.0136874
0.0212471
0.0113147
0.00550669
0.0356744
0.0516644
0.0703207
0.120496
0.138051
0.146225
0.0966242
0.129712
0.145584
0.0960043
0.123175
0.142041
0.0375537
0.0588632
0.0844819
0.110821
0.130705
0.14341
0.145748
0.134085
0.11233
0.0860085
0.062672
0.0423417
0.0860085
0.062672
0.0423417
0.145748
0.134085
0.11233
0.0225042
0.0135752
0.00763923
0.00789745
0.0148403
0.0257569
0.000841903
0.00187254
0.0038564
0.000841903
0.00187254
0.0038564
0.00789746
0.0148403
0.0257569
0.0225043
0.0135752
0.00763924
0.0375537
0.0588632
0.0844819
0.00261548
0.00133739
0.00063996
0.00372136
0.00167781
0.000694859
1.6862e-21
2.08706e-22
2.33635e-23
1.62766e-05
8.43824e-05
0.000247047
1.55948e-26
1.89343e-25
2.0792e-24
2.06685e-06
3.165e-06
1.44285e-05
4.07469e-05
0.000115581
0.000270245
0.000332346
0.000130339
4.42971e-05
1.68663e-05
2.78544e-06
5.36481e-06
1.68663e-05
2.7854e-06
5.36485e-06
0.000332346
0.000130339
4.42971e-05
1.00399e-27
6.72681e-29
4.07631e-30
-4.3068e-07
2.88232e-08
2.36724e-06
4.17255e-34
9.35871e-33
1.89848e-31
4.17255e-34
9.35871e-33
1.89848e-31
-4.3069e-07
2.87984e-08
2.36729e-06
1.00399e-27
6.72683e-29
4.07632e-30
2.06689e-06
3.16499e-06
1.44286e-05
0.00372136
0.00167781
0.00069486
0.00261549
0.0013374
0.000639962
0.0212471
0.0113148
0.00550671
4.0747e-05
0.000115581
0.000270246
1.55949e-26
1.89344e-25
2.07921e-24
1.62766e-05
8.43826e-05
0.000247048
1.68623e-21
2.08709e-22
2.33638e-23
0.000210344
0.000882379
0.00232029
-0.0793242
-0.049336
-0.00375306
-0.0291391
-0.0112012
0.0110115
-0.0934624
-0.0841855
-0.0578634
-0.0145787
0.0355389
0.0856487
0.0946666
0.0666673
0.0384281
0.142572
0.145192
0.126429
0.139341
0.145516
0.146094
0.135778
0.102436
0.0529736
0.122434
0.133015
0.141344
0.094264
0.0422934
-0.011787
0.0966242
0.129712
0.145584
0.120496
0.138051
0.146225
0.110821
0.130705
0.14341
0.0356745
0.0516644
0.0703208
0.0960044
0.123175
0.142041
0.126888
0.1105
0.0913326
0.0661125
0.0419309
0.0240735
0.042012
0.030715
0.0213319
0.121406
0.0923335
0.062603
0.00494192
0.00847737
0.0136874
1.3707e-20
9.00847e-20
5.35473e-19
0.00137137
0.00520087
0.0119151
6.65892e-17
1.5226e-17
3.14881e-18
0.00524205
0.0180266
0.0363244
0.146286
0.133906
0.106826
0.118487
0.108053
0.0963467
0.132972
0.14607
0.135997
0.0555141
0.0691144
0.08271
2.83274e-16
1.00781e-15
3.24284e-15
0.01273
0.0401945
0.072029
6.18448e-14
2.61231e-14
9.97984e-15
0.0282607
0.0700076
0.107037
-0.029139
-0.011201
0.0110118
-0.0793241
-0.0493357
-0.00375269
0.122434
0.133015
0.141344
0.135779
0.102437
0.052974
0.139341
0.145516
0.146094
0.142572
0.145192
0.126429
0.0946671
0.0666679
0.0384286
-0.0145783
0.0355394
0.0856492
0.118487
0.108053
0.0963464
0.146286
0.133906
0.106825
6.18445e-14
2.61227e-14
9.97956e-15
0.0127299
0.0401943
0.0720286
2.83255e-16
1.00775e-15
3.24271e-15
0.00524195
0.0180263
0.0363239
0.0555136
0.0691139
0.0827096
0.121405
0.0923329
0.0626024
0.0420114
0.0307145
0.0213315
0.0661118
0.0419303
0.0240731
0.126888
0.110499
0.0913319
6.65837e-17
1.52246e-17
3.14846e-18
0.00137132
0.00520072
0.0119148
1.37048e-20
9.00719e-20
5.35405e-19
0.000210333
0.000882336
0.00232019
0.00494175
0.00847712
0.0136871
0.0212467
0.0113145
0.00550653
0.0356739
0.0516638
0.0703201
0.120497
0.138051
0.146225
0.0966246
0.129712
0.145584
0.0960037
0.123174
0.142041
0.0375532
0.0588626
0.0844814
0.110821
0.130704
0.14341
0.145748
0.134085
0.112329
0.0860079
0.0626712
0.0423408
0.0860072
0.0626708
0.0423407
0.145748
0.134085
0.112329
0.0225038
0.0135749
0.00763897
0.00789716
0.0148398
0.0257562
0.000841848
0.00187244
0.00385623
0.000841844
0.00187242
0.00385616
0.00789703
0.0148397
0.0257561
0.0225031
0.0135745
0.00763879
0.0375522
0.0588616
0.0844804
0.00261539
0.00133733
0.000639928
0.00372121
0.00167773
0.000694824
1.68595e-21
2.08673e-22
2.33597e-23
1.62755e-05
8.43773e-05
0.000247033
1.55919e-26
1.89309e-25
2.07884e-24
2.06674e-06
3.16467e-06
1.44274e-05
4.07437e-05
0.000115574
0.00027023
0.000332321
0.000130329
4.42935e-05
1.6865e-05
2.78505e-06
5.36458e-06
1.68644e-05
2.78502e-06
5.3645e-06
0.00033232
0.000130327
4.42921e-05
1.0038e-27
6.7255e-29
4.07549e-30
-4.30623e-07
2.88049e-08
2.36722e-06
4.17163e-34
9.3567e-33
1.89809e-31
4.17156e-34
9.35625e-33
1.89794e-31
-4.30596e-07
2.8817e-08
2.36716e-06
1.00363e-27
6.72458e-29
4.07504e-30
2.06658e-06
3.16452e-06
1.44268e-05
0.00372111
0.00167767
0.00069479
0.00261522
0.00133725
0.000639891
0.0212459
0.0113139
0.0055062
4.07419e-05
0.000115569
0.000270215
1.5589e-26
1.89269e-25
2.07835e-24
1.6274e-05
8.43711e-05
0.000247018
1.68544e-21
2.08615e-22
2.33536e-23
0.000210311
0.000882258
0.00232002
-0.0793238
-0.0493351
-0.00375181
-0.0291382
-0.0112001
0.0110128
-0.0934623
-0.0841852
-0.0578628
-0.0145778
0.0355402
0.0856501
0.094668
0.0666689
0.0384296
0.142571
0.145192
0.12643
0.13934
0.145516
0.146094
0.135779
0.102438
0.052975
0.122435
0.133016
0.141344
0.0942648
0.0422943
-0.0117862
0.0966249
0.129712
0.145584
0.120497
0.138051
0.146225
0.11082
0.130704
0.14341
0.0356729
0.0516626
0.0703188
0.0960025
0.123173
0.14204
0.126887
0.110498
0.0913307
0.0661106
0.0419292
0.0240722
0.0420104
0.0307136
0.0213307
0.121404
0.0923318
0.0626013
0.00494145
0.00847668
0.0136865
1.37008e-20
9.00482e-20
5.35279e-19
0.00137123
0.00520043
0.0119143
6.65731e-17
1.52218e-17
3.14781e-18
0.00524176
0.0180257
0.0363231
0.146286
0.133905
0.106824
0.118486
0.108052
0.0963457
0.132972
0.14607
0.135997
0.0555126
0.0691129
0.0827087
2.83217e-16
1.00764e-15
3.2424e-15
0.0127297
0.0401937
0.0720278
6.18418e-14
2.61211e-14
9.97879e-15
0.0282606
0.0700073
0.107036
-0.0291382
-0.0112
0.011013
-0.0793237
-0.0493349
-0.00375153
0.122435
0.133016
0.141344
0.135779
0.102438
0.0529753
0.13934
0.145516
0.146094
0.142571
0.145192
0.12643
0.0946686
0.0666694
0.0384299
-0.014577
0.035541
0.0856508
0.118486
0.108052
0.0963456
0.146286
0.133905
0.106824
6.18417e-14
2.61211e-14
9.97875e-15
0.0127297
0.0401936
0.0720277
2.83213e-16
1.00763e-15
3.24237e-15
0.00524173
0.0180256
0.0363229
0.0555124
0.0691127
0.0827086
0.121404
0.0923314
0.062601
0.0420102
0.0307133
0.0213305
0.06611
0.0419287
0.0240719
0.126887
0.110498
0.0913301
6.65718e-17
1.52214e-17
3.14771e-18
0.00137121
0.00520036
0.0119141
1.37e-20
9.00439e-20
5.35258e-19
0.000210306
0.000882236
0.00231997
0.00494134
0.00847653
0.0136863
0.0212455
0.0113137
0.00550607
0.0356723
0.0516619
0.0703181
0.120498
0.138052
0.146225
0.0966262
0.129713
0.145584
0.0960018
0.123173
0.14204
0.0375515
0.0588606
0.0844793
0.110819
0.130703
0.143409
0.145748
0.134084
0.112327
0.0860059
0.0626695
0.0423395
0.086006
0.0626695
0.0423395
0.145748
0.134084
0.112328
0.0225026
0.0135741
0.00763848
0.00789668
0.0148391
0.0257552
0.000841782
0.0018723
0.00385596
0.000841782
0.0018723
0.00385596
0.00789669
0.0148391
0.0257552
0.0225026
0.0135741
0.00763848
0.0375516
0.0588607
0.0844794
0.00261514
0.0013372
0.000639861
0.00372093
0.00167758
0.000694753
1.68532e-21
2.08594e-22
2.33507e-23
1.62729e-05
8.43664e-05
0.000247004
1.55857e-26
1.89235e-25
2.07803e-24
2.06636e-06
3.16417e-06
1.44253e-05
4.0738e-05
0.000115561
0.000270199
0.000332292
0.000130316
4.42878e-05
1.68627e-05
2.78462e-06
5.36407e-06
1.68627e-05
2.78461e-06
5.36407e-06
0.000332291
0.000130316
4.42878e-05
1.00339e-27
6.72275e-29
4.0738e-30
-4.3062e-07
2.89127e-08
2.36699e-06
4.16986e-34
9.35276e-33
1.8973e-31
4.16985e-34
9.35274e-33
1.89729e-31
-4.30612e-07
2.89014e-08
2.36699e-06
1.00338e-27
6.72271e-29
4.07378e-30
2.06636e-06
3.16416e-06
1.44253e-05
0.00372093
0.00167758
0.000694753
0.00261515
0.0013372
0.000639861
0.0212455
0.0113137
0.00550608
4.0738e-05
0.00011556
0.000270199
1.55856e-26
1.89234e-25
2.07802e-24
1.62728e-05
8.43664e-05
0.000247004
1.68532e-21
2.08594e-22
2.33506e-23
0.000210306
0.000882237
0.00231997
-0.0793239
-0.0493352
-0.00375198
-0.0291388
-0.0112005
0.0110125
-0.0145773
0.0355407
0.0856505
0.0946683
0.066669
0.0384295
0.142571
0.145192
0.12643
0.13934
0.145516
0.146094
0.135779
0.102437
0.0529748
0.122434
0.133016
0.141344
0.0966261
0.129713
0.145584
0.120498
0.138052
0.146225
0.110819
0.130703
0.143409
0.0356723
0.051662
0.0703182
0.0960019
0.123173
0.14204
0.126887
0.110498
0.0913302
0.06611
0.0419288
0.024072
0.0420102
0.0307134
0.0213305
0.121404
0.0923316
0.0626011
0.00494135
0.00847654
0.0136863
1.37e-20
9.00439e-20
5.35258e-19
0.00137121
0.00520037
0.0119142
6.65722e-17
1.52214e-17
3.14772e-18
0.00524174
0.0180257
0.0363229
0.146286
0.133905
0.106825
0.118486
0.108052
0.0963458
0.0555125
0.0691129
0.0827088
2.83215e-16
1.00764e-15
3.24242e-15
0.0127297
0.0401937
0.0720279
6.18433e-14
2.61216e-14
9.97893e-15
-0.0328872
-0.0333552
-0.0342504
-0.0333552
-0.0339618
-0.0350311
-0.0342504
-0.0350311
-0.0363232
-0.0357485
-0.0378385
-0.0408158
-0.0367664
-0.0391666
-0.0425784
-0.0383822
-0.0412121
-0.0452281
-0.0409197
-0.0443864
-0.04926
-0.0443865
-0.0486736
-0.0545784
-0.0492601
-0.0545784
-0.0616273
-0.0357485
-0.0367664
-0.0383822
-0.0378385
-0.0391666
-0.0412121
-0.0408158
-0.0425785
-0.0452281
-0.0453124
-0.0513447
-0.0595367
-0.0477163
-0.0545297
-0.0635519
-0.0512164
-0.0589822
-0.0688458
-0.0704943
-0.0818663
-0.0910995
-0.0750547
-0.0859817
-0.0930626
-0.080517
-0.0900822
-0.0935434
-0.0866182
-0.0931668
-0.0907551
-0.0915263
-0.0931224
-0.0829879
-0.0936377
-0.087877
-0.068194
-0.0563721
-0.065216
-0.075693
-0.0628668
-0.0725354
-0.0828507
-0.0709163
-0.0807121
-0.0894597
-0.0804452
-0.0887995
-0.0934882
-0.0887995
-0.0933752
-0.0913187
-0.0934882
-0.0913187
-0.0797704
-0.0899111
-0.0739728
-0.0433524
-0.0776279
-0.0508327
-0.0109433
-0.054446
-0.0176724
0.0280328
-0.017779
0.0256757
0.0714143
0.0256758
0.0693245
0.108261
0.0714143
0.108262
0.134643
-0.0899111
-0.0776278
-0.054446
-0.0739727
-0.0508326
-0.0176723
-0.0433523
-0.0109432
0.0280329
-0.0453125
-0.0477163
-0.0512165
-0.0513448
-0.0545298
-0.0589822
-0.0595368
-0.063552
-0.0688459
-0.0563721
-0.0628668
-0.0709163
-0.065216
-0.0725354
-0.0807121
-0.0756931
-0.0828507
-0.0894597
-0.0866182
-0.0915263
-0.0936377
-0.0931668
-0.0931224
-0.087877
-0.090755
-0.0829878
-0.0681939
-0.0704944
-0.0750548
-0.080517
-0.0818664
-0.0859818
-0.0900823
-0.0910996
-0.0930627
-0.0935434
-0.0328872
-0.0333552
-0.0342504
-0.0333552
-0.0339618
-0.0350311
-0.0342504
-0.0350311
-0.0363232
-0.0357485
-0.0378385
-0.0408158
-0.0367664
-0.0391666
-0.0425785
-0.0383823
-0.0412122
-0.0452282
-0.0409197
-0.0443865
-0.0492601
-0.0443865
-0.0486736
-0.0545784
-0.0492601
-0.0545784
-0.0616274
-0.0357485
-0.0367664
-0.0383823
-0.0378385
-0.0391666
-0.0412121
-0.0408158
-0.0425784
-0.0452281
-0.0453125
-0.0513448
-0.0595368
-0.0477163
-0.0545298
-0.063552
-0.0512165
-0.0589823
-0.0688459
-0.0704944
-0.0818664
-0.0910996
-0.0750548
-0.0859818
-0.0930627
-0.0805171
-0.0900823
-0.0935434
-0.0866183
-0.0931668
-0.090755
-0.0915263
-0.0931224
-0.0829878
-0.0936377
-0.087877
-0.0681939
-0.0563721
-0.0652161
-0.0756931
-0.0628668
-0.0725354
-0.0828507
-0.0709164
-0.0807121
-0.0894597
-0.0804452
-0.0887995
-0.0934882
-0.0887995
-0.0933752
-0.0913187
-0.0934882
-0.0913187
-0.0797705
-0.0899111
-0.0739727
-0.0433524
-0.0776279
-0.0508328
-0.0109434
-0.0544461
-0.0176726
0.0280325
-0.0177794
0.0256753
0.0714138
0.0256752
0.0693239
0.108261
0.0714137
0.108261
0.134642
-0.0899111
-0.077628
-0.0544462
-0.0739729
-0.050833
-0.0176728
-0.0433527
-0.0109437
0.0280322
-0.0453124
-0.0477163
-0.0512164
-0.0513447
-0.0545297
-0.0589822
-0.0595367
-0.0635519
-0.0688458
-0.0563721
-0.0628668
-0.0709164
-0.065216
-0.0725354
-0.0807121
-0.075693
-0.0828507
-0.0894597
-0.0866182
-0.0915263
-0.0936377
-0.0931668
-0.0931224
-0.0878771
-0.0907551
-0.082988
-0.0681942
-0.0704943
-0.0750546
-0.0805169
-0.0818662
-0.0859817
-0.0900822
-0.0910995
-0.0930626
-0.0935434
-0.0328872
-0.0333552
-0.0342504
-0.0333552
-0.0339618
-0.0350311
-0.0342504
-0.0350311
-0.0363231
-0.0357485
-0.0378385
-0.0408158
-0.0367664
-0.0391665
-0.0425784
-0.0383822
-0.0412121
-0.0452281
-0.0409197
-0.0443864
-0.04926
-0.0443864
-0.0486735
-0.0545783
-0.04926
-0.0545783
-0.0616272
-0.0357485
-0.0367664
-0.0383822
-0.0378385
-0.0391665
-0.0412121
-0.0408158
-0.0425784
-0.0452281
-0.0453124
-0.0513447
-0.0595367
-0.0477162
-0.0545297
-0.0635518
-0.0512164
-0.0589821
-0.0688457
-0.0704942
-0.0818662
-0.0910995
-0.0750546
-0.0859816
-0.0930626
-0.0805168
-0.0900821
-0.0935434
-0.086618
-0.0931668
-0.0907552
-0.0915262
-0.0931225
-0.0829883
-0.0936377
-0.0878773
-0.0681947
-0.056372
-0.0652158
-0.0756928
-0.0628666
-0.0725352
-0.0828505
-0.0709161
-0.0807119
-0.0894595
-0.080445
-0.0887993
-0.0934882
-0.0887993
-0.0933751
-0.0913189
-0.0934882
-0.0913189
-0.079771
-0.0899113
-0.0739734
-0.0433535
-0.0776285
-0.0508338
-0.0109448
-0.0544471
-0.0176739
0.0280309
-0.0177806
0.0256738
0.0714124
0.0256738
0.0693226
0.10826
0.0714124
0.10826
0.134642
-0.0899113
-0.0776285
-0.0544471
-0.0739734
-0.0508338
-0.0176739
-0.0433535
-0.0109448
0.0280309
-0.0453124
-0.0477162
-0.0512164
-0.0513447
-0.0545297
-0.0589821
-0.0595367
-0.0635518
-0.0688457
-0.056372
-0.0628666
-0.0709161
-0.0652158
-0.0725352
-0.0807119
-0.0756928
-0.0828505
-0.0894595
-0.086618
-0.0915262
-0.0936377
-0.0931668
-0.0931225
-0.0878773
-0.0907552
-0.0829883
-0.0681947
-0.0704942
-0.0750546
-0.0805168
-0.0818662
-0.0859816
-0.0900821
-0.0910995
-0.0930626
-0.0935434
-0.0328872
-0.0333552
-0.0342504
-0.0333552
-0.0339618
-0.0350311
-0.0342504
-0.0350311
-0.0363232
-0.0357485
-0.0378385
-0.0408158
-0.0367664
-0.0391666
-0.0425784
-0.0383822
-0.0412121
-0.0452281
-0.0409197
-0.0443865
-0.04926
-0.0443865
-0.0486736
-0.0545784
-0.0492601
-0.0545784
-0.0616273
-0.0357485
-0.0367664
-0.0383823
-0.0378385
-0.0391666
-0.0412121
-0.0408158
-0.0425785
-0.0452282
-0.0453124
-0.0513447
-0.0595367
-0.0477163
-0.0545297
-0.0635519
-0.0512164
-0.0589822
-0.0688458
-0.0704943
-0.0818662
-0.0910995
-0.0750546
-0.0859817
-0.0930626
-0.0805169
-0.0900822
-0.0935434
-0.0866181
-0.0931668
-0.0907551
-0.0915262
-0.0931225
-0.0829881
-0.0936377
-0.0878772
-0.0681945
-0.056372
-0.0652159
-0.0756929
-0.0628667
-0.0725353
-0.0828506
-0.0709163
-0.080712
-0.0894596
-0.0804451
-0.0887994
-0.0934882
-0.0887994
-0.0933751
-0.0913188
-0.0934882
-0.0913188
-0.0797707
-0.0899112
-0.0739732
-0.0433532
-0.0776282
-0.0508334
-0.0109444
-0.0544467
-0.0176735
0.0280314
-0.0177801
0.0256743
0.0714128
0.0256744
0.069323
0.10826
0.0714129
0.10826
0.134642
-0.0899112
-0.0776282
-0.0544466
-0.073973
-0.0508333
-0.0176733
-0.0433529
-0.0109442
0.0280316
-0.0453125
-0.0477163
-0.0512165
-0.0513448
-0.0545298
-0.0589822
-0.0595368
-0.063552
-0.0688459
-0.0563721
-0.0628668
-0.0709163
-0.065216
-0.0725354
-0.0807121
-0.075693
-0.0828507
-0.0894597
-0.0866182
-0.0915263
-0.0936377
-0.0931668
-0.0931224
-0.0878771
-0.090755
-0.082988
-0.0681942
-0.0704944
-0.0750547
-0.080517
-0.0818664
-0.0859818
-0.0900823
-0.0910996
-0.0930627
-0.0935434
-0.0328872
-0.0333552
-0.0342504
-0.0333552
-0.0339618
-0.0350311
-0.0342504
-0.0350311
-0.0363232
-0.0357485
-0.0378385
-0.0408158
-0.0367664
-0.0391666
-0.0425785
-0.0383822
-0.0412121
-0.0452281
-0.0409197
-0.0443865
-0.0492601
-0.0443864
-0.0486736
-0.0545784
-0.04926
-0.0545784
-0.0616273
-0.0357485
-0.0367664
-0.0383822
-0.0378385
-0.0391666
-0.0412121
-0.0408158
-0.0425784
-0.0452281
-0.0453125
-0.0513448
-0.0595368
-0.0477163
-0.0545298
-0.063552
-0.0512165
-0.0589822
-0.0688459
-0.0704944
-0.0818664
-0.0910996
-0.0750548
-0.0859818
-0.0930627
-0.080517
-0.0900823
-0.0935434
-0.0866182
-0.0931668
-0.090755
-0.0915263
-0.0931224
-0.0829878
-0.0936377
-0.087877
-0.0681939
-0.0563721
-0.065216
-0.0756931
-0.0628668
-0.0725354
-0.0828507
-0.0709163
-0.0807121
-0.0894597
-0.0804452
-0.0887995
-0.0934882
-0.0887995
-0.0933752
-0.0913187
-0.0934882
-0.0913187
-0.0797704
-0.0899111
-0.0739727
-0.0433523
-0.0776278
-0.0508326
-0.0109432
-0.054446
-0.0176723
0.0280329
-0.017779
0.0256758
0.0714143
0.0256757
0.0693245
0.108262
0.0714143
0.108261
0.134643
-0.0899111
-0.0776279
-0.054446
-0.0739728
-0.0508327
-0.0176724
-0.0433524
-0.0109433
0.0280328
-0.0453124
-0.0477163
-0.0512164
-0.0513447
-0.0545297
-0.0589822
-0.0595367
-0.0635519
-0.0688458
-0.0563721
-0.0628668
-0.0709163
-0.065216
-0.0725354
-0.0807121
-0.075693
-0.0828507
-0.0894597
-0.0866182
-0.0915263
-0.0936377
-0.0931668
-0.0931224
-0.087877
-0.0907551
-0.0829879
-0.068194
-0.0704943
-0.0750547
-0.080517
-0.0818663
-0.0859817
-0.0900822
-0.0910995
-0.0930626
-0.0935434
-0.0929182
-0.0809396
-0.0515547
-0.090252
-0.0720597
-0.0362797
-0.0843046
-0.0586189
-0.0162593
-0.00295893
0.0516652
0.101952
0.0166939
0.0711135
0.116536
0.0397658
0.0916925
0.129848
0.0665972
0.112716
0.140628
0.0924063
0.129732
0.146034
0.11593
0.141638
0.145478
-0.0727706
-0.0383946
0.0100038
-0.0553017
-0.0130407
0.0388756
-0.0305456
0.0177331
0.0696409
0.13692
0.145912
0.132435
0.142992
0.143593
0.123951
0.146159
0.13816
0.113275
0.101241
0.0639087
0.0226201
0.0900654
0.053482
0.0176597
0.0783112
0.0446451
0.0142694
0.0656351
0.0359262
0.0112153
0.0535778
0.0282414
0.00858119
0.0420232
0.021302
0.0062902
0.14517
0.128684
0.099859
0.139383
0.11626
0.0855735
0.128769
0.101096
0.0705285
0.113027
0.0832738
0.0548699
0.0951266
0.06602
0.0411981
0.0760465
0.0497457
0.0293945
0.0309903
0.0150526
0.0043082
0.0220961
0.0102923
0.00285883
0.0149605
0.00667802
0.00179384
0.00934491
0.00398298
0.00103467
0.00563706
0.0022992
0.000577351
0.00320273
0.0012497
0.000302394
0.0565715
0.0347936
0.0194095
0.0402558
0.0233687
0.0123492
0.0269421
0.0147749
0.00739965
0.00314286
0.0538777
0.100825
0.0401224
0.088011
0.125341
0.0780193
0.117525
0.141398
0.135067
0.146598
0.137874
0.145108
0.143057
0.124505
0.145655
0.131767
0.10659
0.135942
0.113184
0.0850739
0.118755
0.0918773
0.0646023
0.0968046
0.069872
0.0460713
0.113219
0.13885
0.146568
0.136555
0.146569
0.139859
0.146403
0.141422
0.123619
0.141287
0.124212
0.0999198
0.124212
0.100888
0.0754852
0.0999198
0.0754852
0.052773
0.072267
0.0486478
0.0300428
0.0508525
0.032131
0.0186839
0.0332293
0.0197526
0.0108367
0.0195432
0.0109188
0.00564059
0.0109188
0.00576119
0.00281746
0.00564059
0.00281745
0.00130518
0.0722669
0.0508525
0.0332293
0.0486477
0.032131
0.0197526
0.0300428
0.0186839
0.0108367
0.0164561
0.00850727
0.00402709
0.00963293
0.00471276
0.00211682
0.00526454
0.00244095
0.0010401
0.00164788
0.000613465
0.000143445
0.000821818
0.000292281
6.56708e-05
0.000383555
0.000130366
2.83083e-05
0.000160422
5.06596e-05
1.1838e-05
6.34965e-05
2.06705e-05
3.17912e-06
2.52761e-05
6.59456e-06
2.17772e-06
0.0025794
0.00112945
0.000457222
0.00121612
0.000506764
0.000193664
0.000534257
0.000210305
7.78676e-05
0.000206526
7.69719e-05
2.67002e-05
7.69719e-05
2.76019e-05
9.42319e-06
2.67002e-05
9.42319e-06
1.92146e-06
6.81458e-06
3.24835e-06
-9.55646e-07
3.49126e-06
1.05179e-07
9.94495e-07
-3.9873e-07
7.75049e-07
-7.49688e-07
1.92937e-07
-3.42937e-07
8.34976e-07
-3.4294e-07
4.27584e-07
-6.91111e-07
8.34978e-07
-6.9111e-07
1.05384e-06
6.8146e-06
3.49126e-06
-3.98726e-07
3.24835e-06
1.05182e-07
7.75045e-07
-9.55648e-07
9.94496e-07
-7.49687e-07
0.0164561
0.00963292
0.00526453
0.00850726
0.00471276
0.00244095
0.00402708
0.00211682
0.0010401
0.0025794
0.00121612
0.000534257
0.00112945
0.000506764
0.000210305
0.000457222
0.000193664
7.78677e-05
0.000160422
6.34965e-05
2.52762e-05
5.06597e-05
2.06705e-05
6.59457e-06
1.1838e-05
3.17912e-06
2.17772e-06
0.00164788
0.000821817
0.000383555
0.000613465
0.000292281
0.000130367
0.000143445
6.56708e-05
2.83083e-05
-0.0929181
-0.0902519
-0.0843044
-0.0809394
-0.0720594
-0.0586186
-0.0515543
-0.0362792
-0.0162589
-0.0727703
-0.0553014
-0.0305454
-0.0383943
-0.0130404
0.0177334
0.0100042
0.038876
0.0696412
0.0665976
0.0924066
0.11593
0.112716
0.129732
0.141638
0.140628
0.146034
0.145478
-0.0029583
0.0166945
0.0397663
0.0516659
0.071114
0.091693
0.101953
0.116537
0.129848
0.0031431
0.0401226
0.0780195
0.053878
0.0880112
0.117525
0.100825
0.125341
0.141398
0.113219
0.136555
0.146403
0.13885
0.146569
0.141422
0.146568
0.139859
0.123619
0.135942
0.118755
0.0968046
0.113183
0.0918772
0.069872
0.0850738
0.0646023
0.0460712
0.135067
0.145108
0.145655
0.146598
0.143057
0.131767
0.137874
0.124505
0.10659
0.113027
0.0951264
0.0760464
0.0832736
0.0660199
0.0497456
0.0548698
0.041198
0.0293944
0.0565714
0.0402558
0.0269421
0.0347935
0.0233686
0.0147749
0.0194095
0.0123491
0.00739964
0.00934489
0.00563705
0.00320272
0.00398298
0.00229919
0.0012497
0.00103467
0.00057735
0.000302394
0.0309902
0.022096
0.0149604
0.0150526
0.0102923
0.00667801
0.00430819
0.00285883
0.00179384
0.13692
0.142992
0.146159
0.145912
0.143593
0.13816
0.132435
0.123951
0.113275
0.145169
0.139383
0.128769
0.128684
0.11626
0.101096
0.0998588
0.0855734
0.0705284
0.0656349
0.0535777
0.0420231
0.0359261
0.0282413
0.021302
0.0112153
0.00858117
0.00629018
0.10124
0.0900651
0.078311
0.0639085
0.0534818
0.0446449
0.0226199
0.0176596
0.0142694
-0.0929181
-0.0809393
-0.0515543
-0.0902519
-0.0720594
-0.0362792
-0.0843044
-0.0586186
-0.0162589
-0.00295829
0.0516659
0.101953
0.0166945
0.071114
0.116537
0.0397662
0.0916929
0.129848
0.0665975
0.112716
0.140628
0.0924065
0.129732
0.146034
0.11593
0.141638
0.145478
-0.0727703
-0.0383943
0.0100042
-0.0553015
-0.0130404
0.0388759
-0.0305455
0.0177332
0.069641
0.13692
0.145912
0.132435
0.142992
0.143593
0.123951
0.146159
0.13816
0.113275
0.10124
0.0639085
0.02262
0.0900651
0.0534818
0.0176597
0.078311
0.044645
0.0142694
0.065635
0.0359261
0.0112153
0.0535778
0.0282414
0.0085812
0.0420232
0.0213021
0.00629021
0.145169
0.128684
0.0998588
0.139383
0.11626
0.0855735
0.128769
0.101096
0.0705285
0.113027
0.0832739
0.05487
0.0951267
0.0660201
0.0411982
0.0760468
0.0497459
0.0293946
0.0309903
0.0150527
0.00430822
0.0220962
0.0102924
0.00285885
0.0149606
0.00667807
0.00179386
0.00934499
0.00398303
0.00103468
0.00563713
0.00229923
0.00057736
0.00320278
0.00124973
0.0003024
0.0565718
0.0347938
0.0194097
0.0402561
0.0233689
0.0123493
0.0269424
0.0147751
0.00739975
0.00314287
0.0538777
0.100825
0.0401223
0.0880108
0.12534
0.078019
0.117525
0.141398
0.135067
0.146598
0.137874
0.145108
0.143057
0.124505
0.145655
0.131767
0.10659
0.135942
0.113184
0.0850742
0.118756
0.0918778
0.0646027
0.0968051
0.0698725
0.0460717
0.113219
0.13885
0.146568
0.136555
0.146569
0.139859
0.146403
0.141422
0.123619
0.141288
0.124213
0.0999205
0.124213
0.100889
0.0754862
0.0999211
0.0754864
0.052774
0.0722676
0.0486484
0.0300432
0.0508533
0.0321316
0.0186843
0.03323
0.0197532
0.010837
0.0195439
0.0109192
0.00564083
0.0109193
0.00576147
0.0028176
0.00564091
0.00281763
0.00130527
0.0722684
0.0508538
0.0332302
0.0486492
0.0321321
0.0197534
0.030044
0.0186847
0.0108372
0.0164564
0.00850743
0.00402717
0.00963316
0.00471289
0.00211689
0.00526471
0.00244104
0.00104015
0.00164792
0.000613481
0.000143449
0.000821845
0.000292291
6.56735e-05
0.000383572
0.000130373
2.83098e-05
0.000160431
5.06628e-05
1.18387e-05
6.3501e-05
2.06719e-05
3.17948e-06
2.52781e-05
6.59525e-06
2.17778e-06
0.00257951
0.0011295
0.000457246
0.00121619
0.000506795
0.000193677
0.000534295
0.000210321
7.78737e-05
0.000206543
7.69789e-05
2.67026e-05
7.69798e-05
2.76047e-05
9.42426e-06
2.67032e-05
9.42437e-06
1.92172e-06
6.81535e-06
3.24859e-06
-9.55604e-07
3.49159e-06
1.05265e-07
9.94498e-07
-3.98662e-07
7.75082e-07
-7.49653e-07
1.92895e-07
-3.42855e-07
8.34916e-07
-3.42849e-07
4.27516e-07
-6.91039e-07
8.34915e-07
-6.91039e-07
1.05376e-06
6.81562e-06
3.49166e-06
-3.98662e-07
3.24869e-06
1.053e-07
7.7508e-07
-9.55579e-07
9.94495e-07
-7.49636e-07
0.016457
0.00963348
0.00526487
0.00850783
0.0047131
0.00244114
0.00402741
0.00211701
0.0010402
0.00257957
0.00121621
0.0005343
0.00112954
0.000506809
0.000210325
0.000457268
0.000193685
7.78762e-05
0.00016044
6.35045e-05
2.52792e-05
5.06666e-05
2.06732e-05
6.59569e-06
1.18396e-05
3.1798e-06
2.17784e-06
0.00164804
0.000821902
0.000383598
0.000613534
0.000292316
0.000130383
0.000143463
6.56796e-05
2.83122e-05
-0.0929182
-0.0902521
-0.0843047
-0.0809397
-0.0720599
-0.0586192
-0.0515549
-0.03628
-0.0162598
-0.0727707
-0.0553019
-0.0305461
-0.038395
-0.0130412
0.0177324
0.0100032
0.0388749
0.06964
0.0665964
0.0924054
0.115929
0.112715
0.129732
0.141637
0.140628
0.146034
0.145478
-0.00295921
0.0166935
0.0397652
0.0516649
0.071113
0.091692
0.101952
0.116536
0.129847
0.0031423
0.0401217
0.0780186
0.0538769
0.0880101
0.117524
0.100824
0.12534
0.141398
0.113218
0.136555
0.146403
0.13885
0.146569
0.141422
0.146568
0.139859
0.12362
0.135943
0.118756
0.0968061
0.113185
0.0918789
0.0698737
0.0850755
0.064604
0.0460728
0.135067
0.145107
0.145656
0.146598
0.143057
0.131768
0.137875
0.124506
0.106592
0.113028
0.095128
0.0760481
0.0832751
0.0660214
0.0497471
0.0548712
0.0411993
0.0293956
0.056573
0.0402572
0.0269433
0.0347949
0.0233697
0.0147757
0.0194104
0.0123499
0.00740016
0.00934546
0.00563746
0.003203
0.00398327
0.00229939
0.00124983
0.00103475
0.000577408
0.000302429
0.0309912
0.0220969
0.0149612
0.0150532
0.0102928
0.00667841
0.00430839
0.00285899
0.00179396
0.13692
0.142992
0.146159
0.145912
0.143593
0.13816
0.132435
0.123951
0.113275
0.14517
0.139384
0.12877
0.128684
0.116261
0.101097
0.0998597
0.0855746
0.0705297
0.0656359
0.0535787
0.0420242
0.0359267
0.028242
0.0213027
0.0112156
0.00858142
0.00629042
0.101241
0.0900658
0.0783118
0.0639089
0.0534823
0.0446456
0.0226201
0.0176599
0.0142696
-0.0929182
-0.0809397
-0.051555
-0.0902521
-0.07206
-0.0362802
-0.0843048
-0.0586195
-0.0162602
-0.0029593
0.0516648
0.101952
0.0166932
0.0711128
0.116536
0.0397647
0.0916916
0.129847
0.0665958
0.112715
0.140628
0.0924048
0.129731
0.146033
0.115928
0.141637
0.145478
-0.072771
-0.0383955
0.0100026
-0.0553025
-0.013042
0.038874
-0.0305469
0.0177314
0.0696391
0.13692
0.145912
0.132435
0.142992
0.143593
0.123951
0.146159
0.13816
0.113276
0.101241
0.0639089
0.0226202
0.0900659
0.0534824
0.0176599
0.078312
0.0446457
0.0142697
0.0656362
0.035927
0.0112156
0.0535791
0.0282423
0.00858151
0.0420246
0.0213029
0.0062905
0.14517
0.128685
0.0998601
0.139384
0.116261
0.085575
0.128771
0.101097
0.0705302
0.113028
0.0832758
0.0548718
0.0951287
0.0660221
0.0411999
0.0760489
0.0497478
0.0293961
0.0309916
0.0150534
0.00430847
0.0220973
0.010293
0.00285906
0.0149615
0.00667858
0.00179401
0.00934571
0.00398339
0.00103479
0.00563764
0.00229948
0.000577431
0.00320312
0.00124988
0.000302443
0.0565739
0.0347955
0.0194109
0.040258
0.0233703
0.0123502
0.0269439
0.0147762
0.00740041
0.00314126
0.0538758
0.100823
0.0401205
0.088009
0.125339
0.0780174
0.117523
0.141397
0.135066
0.146597
0.137875
0.145107
0.143057
0.124507
0.145656
0.131769
0.106592
0.135944
0.113186
0.0850764
0.118757
0.0918799
0.0646049
0.0968071
0.0698747
0.0460736
0.113217
0.138849
0.146568
0.136554
0.146569
0.13986
0.146403
0.141422
0.12362
0.141288
0.124214
0.0999222
0.124214
0.100891
0.0754878
0.0999222
0.0754878
0.0527754
0.0722695
0.0486502
0.0300447
0.0508549
0.032133
0.0186853
0.0332312
0.0197541
0.0108377
0.0195447
0.0109197
0.00564118
0.0109197
0.00576179
0.00281779
0.00564118
0.00281779
0.00130536
0.0722696
0.0508549
0.0332312
0.0486502
0.032133
0.0197541
0.0300447
0.0186853
0.0108377
0.0164574
0.00850812
0.00402757
0.00963383
0.00471329
0.0021171
0.0052651
0.00244125
0.00104026
0.00164811
0.000613564
0.000143471
0.000821944
0.000292332
6.56835e-05
0.000383619
0.000130391
2.8314e-05
0.00016045
5.067e-05
1.18404e-05
6.35091e-05
2.06747e-05
3.1801e-06
2.52811e-05
6.59629e-06
2.17792e-06
0.00257971
0.00112961
0.000457295
0.00121629
0.000506843
0.000193698
0.000534339
0.000210341
7.78821e-05
0.000206561
7.69864e-05
2.67055e-05
7.69864e-05
2.76074e-05
9.42529e-06
2.67055e-05
9.4253e-06
1.92196e-06
6.81632e-06
3.24888e-06
-9.55545e-07
3.49191e-06
1.05374e-07
9.94496e-07
-3.9857e-07
7.75083e-07
-7.49603e-07
1.92876e-07
-3.42809e-07
8.34898e-07
-3.42805e-07
4.27481e-07
-6.91009e-07
8.34906e-07
-6.91016e-07
1.05374e-06
6.81631e-06
3.49192e-06
-3.98588e-07
3.24888e-06
1.05373e-07
7.75088e-07
-9.55555e-07
9.94498e-07
-7.49602e-07
0.0164575
0.00963384
0.0052651
0.00850813
0.0047133
0.00244126
0.00402758
0.00211711
0.00104026
0.00257971
0.00121629
0.000534339
0.00112961
0.000506843
0.000210341
0.000457296
0.000193698
7.78821e-05
0.000160451
6.35092e-05
2.52811e-05
5.06701e-05
2.06747e-05
6.5963e-06
1.18404e-05
3.18011e-06
2.17791e-06
0.00164812
0.000821946
0.00038362
0.000613567
0.000292333
0.000130391
0.000143471
6.56837e-05
2.83141e-05
-0.0929182
-0.0902521
-0.0843048
-0.0809397
-0.07206
-0.0586195
-0.051555
-0.0362802
-0.0162602
-0.072771
-0.0553025
-0.0305469
-0.0383955
-0.013042
0.0177314
0.0100025
0.038874
0.0696391
0.0665958
0.0924047
0.115928
0.112715
0.129731
0.141637
0.140628
0.146033
0.145478
-0.00295931
0.0166932
0.0397647
0.0516648
0.0711127
0.0916915
0.101952
0.116536
0.129847
0.00314125
0.0401205
0.0780174
0.0538758
0.088009
0.117523
0.100823
0.125339
0.141397
0.113217
0.136554
0.146403
0.138849
0.146569
0.141422
0.146568
0.13986
0.12362
0.135944
0.118757
0.0968071
0.113186
0.0918799
0.0698747
0.0850765
0.0646049
0.0460737
0.135066
0.145107
0.145656
0.146597
0.143057
0.131769
0.137875
0.124507
0.106593
0.113029
0.0951288
0.076049
0.0832759
0.0660222
0.0497479
0.0548719
0.0411999
0.0293962
0.0565739
0.040258
0.026944
0.0347956
0.0233703
0.0147762
0.0194109
0.0123502
0.00740043
0.00934574
0.00563766
0.00320314
0.00398341
0.00229949
0.00124989
0.00103479
0.000577434
0.000302445
0.0309917
0.0220974
0.0149616
0.0150535
0.010293
0.0066786
0.00430849
0.00285907
0.00179402
0.13692
0.142992
0.146159
0.145912
0.143593
0.13816
0.132435
0.123951
0.113276
0.14517
0.139384
0.128771
0.128685
0.116261
0.101097
0.0998602
0.0855751
0.0705303
0.0656363
0.0535792
0.0420247
0.035927
0.0282423
0.021303
0.0112157
0.00858153
0.00629052
0.101241
0.0900659
0.0783121
0.0639089
0.0534825
0.0446458
0.0226202
0.0176599
0.0142697
-0.0929182
-0.0809397
-0.0515549
-0.0902521
-0.0720599
-0.03628
-0.0843047
-0.0586193
-0.0162599
-0.00295923
0.0516649
0.101952
0.0166934
0.071113
0.116536
0.039765
0.0916919
0.129847
0.0665962
0.112715
0.140628
0.0924052
0.129732
0.146034
0.115929
0.141637
0.145478
-0.0727709
-0.0383952
0.010003
-0.0553022
-0.0130416
0.0388745
-0.0305465
0.017732
0.0696396
0.13692
0.145912
0.132435
0.142992
0.143593
0.123951
0.146159
0.13816
0.113275
0.101241
0.0639089
0.0226201
0.0900658
0.0534823
0.0176599
0.0783118
0.0446456
0.0142696
0.0656359
0.0359268
0.0112156
0.0535787
0.028242
0.00858143
0.0420242
0.0213027
0.00629042
0.14517
0.128684
0.0998598
0.139384
0.116261
0.0855746
0.12877
0.101097
0.0705298
0.113028
0.0832752
0.0548713
0.0951281
0.0660215
0.0411994
0.0760483
0.0497472
0.0293957
0.0309912
0.0150532
0.0043084
0.022097
0.0102928
0.002859
0.0149612
0.00667842
0.00179396
0.00934549
0.00398328
0.00103475
0.00563748
0.0022994
0.000577408
0.00320301
0.00124983
0.000302429
0.0565732
0.034795
0.0194105
0.0402574
0.0233698
0.0123499
0.0269435
0.0147758
0.0074002
0.00314172
0.0538764
0.100823
0.040121
0.0880095
0.125339
0.0780178
0.117523
0.141397
0.135066
0.146597
0.137875
0.145107
0.143057
0.124506
0.145656
0.131768
0.106592
0.135943
0.113185
0.0850758
0.118757
0.0918793
0.0646043
0.0968066
0.069874
0.046073
0.113218
0.13885
0.146568
0.136554
0.146569
0.13986
0.146403
0.141422
0.12362
0.141288
0.124213
0.0999216
0.124213
0.10089
0.0754869
0.0999211
0.0754867
0.0527744
0.0722689
0.0486495
0.0300442
0.0508541
0.0321323
0.0186849
0.0332305
0.0197536
0.0108373
0.019544
0.0109193
0.00564095
0.0109193
0.00576152
0.00281765
0.00564087
0.00281762
0.00130528
0.0722681
0.0508537
0.0332303
0.0486487
0.0321319
0.0197533
0.0300434
0.0186844
0.0108371
0.0164571
0.00850788
0.00402743
0.00963355
0.00471313
0.00211702
0.00526491
0.00244115
0.00104021
0.00164805
0.000613536
0.000143463
0.000821906
0.000292316
6.56797e-05
0.000383599
0.000130383
2.83123e-05
0.000160441
5.06667e-05
1.18396e-05
6.35047e-05
2.06733e-05
3.17981e-06
2.52793e-05
6.59572e-06
2.17783e-06
0.00257959
0.00112955
0.00045727
0.00121622
0.000506812
0.000193686
0.000534303
0.000210326
7.78765e-05
0.000206544
7.69801e-05
2.67033e-05
7.69793e-05
2.76049e-05
9.42441e-06
2.67028e-05
9.42429e-06
1.92173e-06
6.81564e-06
3.24869e-06
-9.55583e-07
3.49167e-06
1.05301e-07
9.94496e-07
-3.98667e-07
7.75081e-07
-7.49636e-07
1.92893e-07
-3.42848e-07
8.34917e-07
-3.42853e-07
4.27514e-07
-6.9104e-07
8.34911e-07
-6.91036e-07
1.05376e-06
6.81538e-06
3.4916e-06
-3.98654e-07
3.24859e-06
1.05268e-07
7.75081e-07
-9.55599e-07
9.94496e-07
-7.49652e-07
0.0164565
0.00963323
0.00526475
0.00850749
0.00471292
0.00244106
0.0040272
0.0021169
0.00104015
0.00257953
0.0012162
0.000534298
0.00112951
0.000506798
0.000210322
0.000457249
0.000193678
7.78741e-05
0.000160431
6.35013e-05
2.52782e-05
5.0663e-05
2.0672e-05
6.59527e-06
1.18387e-05
3.17949e-06
2.17778e-06
0.00164793
0.000821849
0.000383574
0.000613483
0.000292292
0.000130373
0.000143449
6.56737e-05
2.83099e-05
-0.0929181
-0.0902519
-0.0843045
-0.0809394
-0.0720595
-0.0586187
-0.0515543
-0.0362793
-0.0162591
-0.0727705
-0.0553018
-0.030546
-0.0383946
-0.0130408
0.0177327
0.0100039
0.0388755
0.0696405
0.0665972
0.0924061
0.115929
0.112716
0.129732
0.141638
0.140628
0.146034
0.145478
-0.00295833
0.0166944
0.039766
0.0516658
0.0711139
0.0916928
0.101953
0.116537
0.129848
0.00314219
0.0401215
0.0780182
0.0538771
0.0880102
0.117524
0.100824
0.12534
0.141398
0.113218
0.136554
0.146403
0.13885
0.146569
0.141422
0.146568
0.139859
0.12362
0.135943
0.118756
0.0968056
0.113184
0.0918782
0.069873
0.0850745
0.0646031
0.046072
0.135067
0.145108
0.145655
0.146598
0.143057
0.131768
0.137874
0.124505
0.106591
0.113027
0.0951269
0.076047
0.083274
0.0660203
0.049746
0.0548701
0.0411983
0.0293947
0.056572
0.0402563
0.0269426
0.034794
0.023369
0.0147752
0.0194097
0.0123493
0.00739979
0.00934502
0.00563715
0.00320279
0.00398304
0.00229924
0.00124973
0.00103468
0.000577361
0.000302401
0.0309904
0.0220962
0.0149606
0.0150527
0.0102924
0.00667808
0.00430822
0.00285885
0.00179386
0.13692
0.142992
0.146159
0.145912
0.143593
0.13816
0.132435
0.123951
0.113275
0.145169
0.139383
0.12877
0.128684
0.11626
0.101096
0.0998589
0.0855736
0.0705286
0.0656351
0.0535778
0.0420233
0.0359262
0.0282414
0.0213021
0.0112153
0.0085812
0.00629022
0.10124
0.0900652
0.0783111
0.0639085
0.0534818
0.044645
0.02262
0.0176597
0.0142694
-0.0929181
-0.0809394
-0.0515543
-0.0902519
-0.0720594
-0.0362792
-0.0843044
-0.0586186
-0.0162589
-0.0029583
0.0516659
0.101953
0.0166945
0.071114
0.116537
0.0397663
0.091693
0.129848
0.0665976
0.112716
0.140628
0.0924066
0.129732
0.146034
0.11593
0.141638
0.145478
-0.0727703
-0.0383943
0.0100042
-0.0553014
-0.0130404
0.038876
-0.0305454
0.0177334
0.0696412
0.13692
0.145912
0.132435
0.142992
0.143593
0.123951
0.146159
0.13816
0.113275
0.10124
0.0639085
0.0226199
0.0900651
0.0534818
0.0176596
0.078311
0.0446449
0.0142694
0.0656349
0.0359261
0.0112153
0.0535777
0.0282413
0.00858117
0.0420231
0.021302
0.00629018
0.145169
0.128684
0.0998588
0.139383
0.11626
0.0855734
0.128769
0.101096
0.0705284
0.113027
0.0832736
0.0548698
0.0951264
0.0660199
0.041198
0.0760464
0.0497456
0.0293944
0.0309902
0.0150526
0.00430819
0.022096
0.0102923
0.00285883
0.0149604
0.00667801
0.00179384
0.00934489
0.00398298
0.00103467
0.00563705
0.00229919
0.00057735
0.00320272
0.0012497
0.000302394
0.0565714
0.0347935
0.0194095
0.0402558
0.0233686
0.0123491
0.0269421
0.0147749
0.00739964
0.0031431
0.053878
0.100825
0.0401226
0.0880112
0.125341
0.0780195
0.117525
0.141398
0.135067
0.146598
0.137874
0.145108
0.143057
0.124505
0.145655
0.131767
0.10659
0.135942
0.113183
0.0850738
0.118755
0.0918772
0.0646023
0.0968046
0.069872
0.0460712
0.113219
0.13885
0.146568
0.136555
0.146569
0.139859
0.146403
0.141422
0.123619
0.141287
0.124212
0.0999198
0.124212
0.100888
0.0754852
0.0999198
0.0754852
0.052773
0.0722669
0.0486477
0.0300428
0.0508525
0.032131
0.0186839
0.0332293
0.0197526
0.0108367
0.0195432
0.0109188
0.00564059
0.0109188
0.00576119
0.00281745
0.00564059
0.00281746
0.00130518
0.072267
0.0508525
0.0332293
0.0486478
0.032131
0.0197526
0.0300428
0.0186839
0.0108367
0.0164561
0.00850726
0.00402708
0.00963292
0.00471276
0.00211682
0.00526453
0.00244095
0.0010401
0.00164788
0.000613465
0.000143445
0.000821817
0.000292281
6.56708e-05
0.000383555
0.000130367
2.83083e-05
0.000160422
5.06597e-05
1.1838e-05
6.34965e-05
2.06705e-05
3.17913e-06
2.52762e-05
6.59457e-06
2.17772e-06
0.0025794
0.00112945
0.000457222
0.00121612
0.000506764
0.000193664
0.000534257
0.000210305
7.78677e-05
0.000206526
7.69719e-05
2.67002e-05
7.69719e-05
2.76019e-05
9.42319e-06
2.67002e-05
9.42319e-06
1.92146e-06
6.8146e-06
3.24834e-06
-9.55646e-07
3.49126e-06
1.05183e-07
9.94495e-07
-3.98726e-07
7.75045e-07
-7.49685e-07
1.92936e-07
-3.42939e-07
8.34976e-07
-3.42937e-07
4.27583e-07
-6.91109e-07
8.34975e-07
-6.9111e-07
1.05384e-06
6.81458e-06
3.49126e-06
-3.9873e-07
3.24834e-06
1.0518e-07
7.75049e-07
-9.55646e-07
9.94495e-07
-7.49688e-07
0.0164561
0.00963293
0.00526454
0.00850727
0.00471276
0.00244095
0.00402709
0.00211682
0.0010401
0.0025794
0.00121612
0.000534257
0.00112945
0.000506764
0.000210305
0.000457222
0.000193664
7.78676e-05
0.000160422
6.34965e-05
2.52761e-05
5.06596e-05
2.06705e-05
6.59456e-06
1.1838e-05
3.17912e-06
2.17772e-06
0.00164788
0.000821818
0.000383555
0.000613465
0.000292281
0.000130366
0.000143445
6.56708e-05
2.83083e-05
-0.0929182
-0.090252
-0.0843046
-0.0809396
-0.0720597
-0.0586189
-0.0515547
-0.0362797
-0.0162593
-0.0727706
-0.0553017
-0.0305456
-0.0383946
-0.0130407
0.0177331
0.0100038
0.0388756
0.0696409
0.0665972
0.0924063
0.11593
0.112716
0.129732
0.141638
0.140628
0.146034
0.145478
-0.00295893
0.0166939
0.0397658
0.0516652
0.0711135
0.0916925
0.101952
0.116536
0.129848
0.00314286
0.0401224
0.0780193
0.0538777
0.088011
0.117525
0.100825
0.125341
0.141398
0.113219
0.136555
0.146403
0.13885
0.146569
0.141422
0.146568
0.139859
0.123619
0.135942
0.118755
0.0968046
0.113184
0.0918773
0.069872
0.0850739
0.0646023
0.0460713
0.135067
0.145108
0.145655
0.146598
0.143057
0.131767
0.137874
0.124505
0.10659
0.113027
0.0951266
0.0760465
0.0832738
0.06602
0.0497457
0.0548699
0.0411981
0.0293945
0.0565715
0.0402558
0.0269421
0.0347936
0.0233687
0.0147749
0.0194095
0.0123492
0.00739965
0.00934491
0.00563706
0.00320273
0.00398298
0.0022992
0.0012497
0.00103467
0.000577351
0.000302394
0.0309903
0.0220961
0.0149605
0.0150526
0.0102923
0.00667802
0.0043082
0.00285883
0.00179384
0.13692
0.142992
0.146159
0.145912
0.143593
0.13816
0.132435
0.123951
0.113275
0.14517
0.139383
0.128769
0.128684
0.11626
0.101096
0.099859
0.0855735
0.0705285
0.0656351
0.0535778
0.0420232
0.0359262
0.0282414
0.021302
0.0112153
0.00858119
0.0062902
0.101241
0.0900654
0.0783112
0.0639087
0.053482
0.0446451
0.0226201
0.0176597
0.0142694
