FiniteElementSpace
FiniteElementCollection: H1_2D_P4
VDim: 1
Ordering: 0

0.0444953
0
0
0
0
0
0
0
0
0
0
0.16966
0
0
0.16966
0
0
0.169659
0
0
0.169659
0
0
0.16966
0
0
-0.76198
-0.761973
-0.761963
-0.761964
-0.76198
0.0569535
0.303811
0.303811
0.0569535
0.303811
0.303811
0.0569535
0.303811
0.30381
0.0569535
0.303811
0.303811
0.0569535
0.303811
0.303811
-0.329561
0
-0.00852581
0
0
-0.00852475
0
-0.329565
0
-0.00853492
0
0
-0.00856104
0
-0.329562
0
-0.0085799
0
0
-0.00858087
0
-0.329562
0
-0.00856643
0
0
-0.00854068
0
-0.329565
0
-0.00852476
0
0
-0.00852581
0
0.0975402
0.0975403
0.0975399
0.0975402
0.0975402
-1.29829
0.408076
-1.29829
-1.29829
0.408087
-1.29828
-1.29828
0.408099
-1.29828
-1.29828
0.408088
-1.29829
-1.29829
0.408076
-1.29829
0.0463655
0.0684945
0.0684945
0.0463655
0.0853431
0.232772
0.182241
0.0945095
0.0945091
0.182241
0.232772
0.0853432
0.0684945
0.0684945
0.0463655
0.232773
0.182241
0.0945113
0.0945123
0.18224
0.232772
0.085343
0.0684944
0.0684944
0.0463655
0.232771
0.18224
0.0945178
0.0945178
0.18224
0.232771
0.085343
0.0684944
0.0684945
0.0463655
0.232771
0.18224
0.0945162
0.0945155
0.18224
0.232772
0.0853432
0.0684945
0.0684944
0.232772
0.182241
0.0945091
0.0945095
0.182241
0.232772
0.292338
-0.839074
-0.131739
-1.68818
0
-0.978095
0
0.551811
-1.06053
-1.1498
0.642574
0.642574
-1.1498
0
0.0964842
0
0
0.0964842
0
0.551811
-0.131741
-0.839077
0.292338
-1.06053
0
-0.978092
0
-1.68819
-0.839076
-0.131739
0
-0.978096
0
0.55181
-1.06053
-1.1498
0.642571
0.64257
-1.14981
0
0.096489
0
0
0.0964905
0
0.551808
-0.131732
-0.839068
0.292338
-1.06055
0
-0.978124
0
-1.68819
-0.839065
-0.131726
0
-0.978137
0
0.551806
-1.06056
-1.14981
0.642567
0.642567
-1.14981
0
0.096495
0
0
0.096495
0
0.551806
-0.131726
-0.839064
0.292338
-1.06056
0
-0.978139
0
-1.68819
-0.839067
-0.13173
0
-0.978125
0
0.551808
-1.06055
-1.14981
0.642569
0.642571
-1.1498
0
0.0964907
0
0
0.0964892
0
0.551811
-0.131736
-0.839074
0.292338
-1.06053
0
-0.978097
0
-1.68819
-0.839077
-0.131741
0
-0.978092
0
0.551811
-1.06053
-1.1498
0.642574
0.642574
-1.1498
0
0.0964842
0
0
0.0964842
0
0.551811
-0.131739
-0.839074
-1.06053
0
-0.978095
0
0.0520739
0.112106
0.297089
0.112106
0.0520739
0.112106
0.297089
0.112106
0.0520739
0.112106
0.297088
0.112106
0.0520739
0.112106
0.297089
0.112106
0.0520739
0.112106
0.297089
0.112106
0.228004
-1.6492
0.0666991
-0.893403
-0.118446
0.353756
0.00957347
0.353756
0.228003
-0.893404
0.0667001
-1.6492
0.228003
-1.6492
0.0666947
-0.8934
-0.118469
0.353763
0.00957484
0.353769
0.228005
-0.893392
0.0666648
-1.64921
0.228006
-1.64922
0.0666495
-0.893382
-0.118498
0.353777
0.00957584
0.353777
0.228006
-0.893382
0.0666475
-1.64922
0.228005
-1.64921
0.0666633
-0.893387
-0.118476
0.35377
0.00957486
0.353763
0.228004
-0.893395
0.0666933
-1.6492
0.228003
-1.6492
0.0667001
-0.893404
-0.118446
0.353756
0.00957348
0.353756
0.228004
-0.893403
0.0666991
-1.6492
0.0438705
0.0446582
0.0454383
0.0473857
0.0483053
0.050527
0.0473857
0.0483053
0.050527
0.0438705
0.0446582
0.0454383
0.0543937
0.0498729
0.0473687
0.0584248
0.0609995
0.0649168
0.0640044
0.0580347
0.0533832
0.0899965
0.0795493
0.07133
0.0899965
0.0795493
0.0713301
0.0640044
0.0580347
0.0533832
0.0584248
0.0609996
0.0649168
0.0543936
0.0498729
0.0473687
0.0601318
0.0678609
0.0779625
0.0879035
0.0951784
0.10463
0.0720256
0.0839602
0.0997464
0.147732
0.115892
0.0939854
0.1771
0.195536
0.218722
0.205683
0.159864
0.12533
0.298594
0.275714
0.247375
0.294709
0.25401
0.205722
0.165059
0.138691
0.11924
0.106533
0.129684
0.161134
0.201162
0.241541
0.280973
0.201162
0.241541
0.280973
0.106533
0.129684
0.161134
0.302234
0.26819
0.174265
0.186186
0.283765
0.304967
-0.588977
-0.269946
-0.00999975
-0.588977
-0.269946
-0.0100002
0.186186
0.283765
0.304967
0.302234
0.26819
0.174265
0.294709
0.25401
0.205722
0.0720257
0.0839603
0.0997465
0.0879037
0.0951785
0.10463
0.0601318
0.067861
0.0779626
0.165059
0.138691
0.11924
0.298594
0.275715
0.247375
0.205683
0.159864
0.12533
0.1771
0.195536
0.218723
0.147732
0.115892
0.0939856
0.0473857
0.0483053
0.0505271
0.0473857
0.0483053
0.0505271
0.0438705
0.0446582
0.0454383
0.0584248
0.0609996
0.0649168
0.0640044
0.0580347
0.0533832
0.0899966
0.0795494
0.0713301
0.0899966
0.0795493
0.07133
0.0640044
0.0580347
0.0533832
0.0584248
0.0609995
0.0649168
0.0543936
0.0498729
0.0473687
0.0879037
0.0951786
0.10463
0.0720257
0.0839603
0.0997466
0.1771
0.195536
0.218723
0.205683
0.159865
0.12533
0.298594
0.275715
0.247375
0.294709
0.25401
0.205722
0.165059
0.138691
0.11924
0.106533
0.129684
0.161134
0.201162
0.241541
0.280973
0.201162
0.241541
0.280973
0.106533
0.129684
0.161134
0.302234
0.26819
0.174266
0.186187
0.283765
0.304967
-0.58897
-0.269941
-0.009997
-0.58897
-0.26994
-0.00999598
0.186188
0.283765
0.304967
0.302234
0.268191
0.174267
0.294709
0.254009
0.205722
0.0720256
0.0839602
0.0997464
0.0879035
0.0951783
0.10463
0.0601318
0.0678609
0.0779624
0.165059
0.138691
0.11924
0.298594
0.275714
0.247375
0.205683
0.159864
0.12533
0.177099
0.195535
0.218722
0.147732
0.115892
0.0939853
0.0473857
0.0483052
0.050527
0.0473857
0.0483052
0.050527
0.0438705
0.0446582
0.0454383
0.0584248
0.0609995
0.0649167
0.0640043
0.0580346
0.0533832
0.0899962
0.0795492
0.0713299
0.0899963
0.0795492
0.0713299
0.0640043
0.0580346
0.0533832
0.0584248
0.0609995
0.0649167
0.0543936
0.0498729
0.0473687
0.0879034
0.0951782
0.104629
0.0720255
0.08396
0.0997462
0.177099
0.195535
0.218722
0.205682
0.159864
0.12533
0.298594
0.275713
0.247374
0.294709
0.254008
0.205721
0.165058
0.138691
0.119239
0.106532
0.129683
0.161133
0.201161
0.24154
0.280972
0.201161
0.24154
0.280972
0.106532
0.129683
0.161133
0.302235
0.268193
0.174271
0.186192
0.283767
0.304967
-0.588959
-0.26993
-0.0099889
-0.588959
-0.26993
-0.00998891
0.186192
0.283767
0.304967
0.302235
0.268193
0.174271
0.294709
0.254008
0.205721
0.0720255
0.08396
0.0997462
0.0879034
0.0951782
0.104629
0.0601318
0.0678609
0.0779624
0.165058
0.138691
0.119239
0.298594
0.275713
0.247374
0.205682
0.159864
0.12533
0.177099
0.195535
0.218722
0.147732
0.115892
0.0939853
0.0473857
0.0483053
0.050527
0.0473857
0.0483053
0.050527
0.0438705
0.0446582
0.0454383
0.0584248
0.0609995
0.0649168
0.0640044
0.0580347
0.0533832
0.0899965
0.0795493
0.07133
0.0899965
0.0795493
0.0713301
0.0640044
0.0580347
0.0533832
0.0584248
0.0609996
0.0649168
0.0543936
0.0498729
0.0473687
0.0879035
0.0951783
0.10463
0.0720256
0.0839602
0.0997463
0.177099
0.195535
0.218722
0.205682
0.159864
0.12533
0.298594
0.275714
0.247374
0.294709
0.254009
0.205722
0.165059
0.138691
0.119239
0.106533
0.129684
0.161134
0.201161
0.24154
0.280972
0.201161
0.24154
0.280973
0.106533
0.129684
0.161134
0.302235
0.268192
0.17427
0.18619
0.283766
0.304967
-0.588961
-0.269933
-0.00999078
-0.588961
-0.269933
-0.00999151
0.18619
0.283766
0.304967
0.302234
0.268192
0.174269
0.294709
0.254009
0.205722
0.0720257
0.0839602
0.0997465
0.0879037
0.0951785
0.10463
0.0601318
0.067861
0.0779626
0.165059
0.138691
0.11924
0.298594
0.275714
0.247375
0.205683
0.159864
0.12533
0.1771
0.195536
0.218723
0.147732
0.115892
0.0939856
0.0473857
0.0483053
0.050527
0.0473857
0.0483053
0.050527
0.0584248
0.0609996
0.0649168
0.0640044
0.0580347
0.0533832
0.0899965
0.0795493
0.0713301
0.0899965
0.0795493
0.07133
0.0640044
0.0580347
0.0533832
0.0584248
0.0609995
0.0649168
0.0879037
0.0951785
0.10463
0.0720257
0.0839603
0.0997465
0.1771
0.195536
0.218723
0.205683
0.159864
0.12533
0.298594
0.275715
0.247375
0.294709
0.25401
0.205722
0.165059
0.138691
0.11924
0.106533
0.129684
0.161134
0.201162
0.241541
0.280973
0.201162
0.241541
0.280973
0.106533
0.129684
0.161134
0.302234
0.26819
0.174265
0.186186
0.283765
0.304967
-0.588977
-0.269946
-0.0100002
-0.588977
-0.269946
-0.00999975
0.186186
0.283765
0.304967
0.302234
0.26819
0.174265
0.294709
0.25401
0.205722
0.0720256
0.0839602
0.0997464
0.0879035
0.0951784
0.10463
0.165059
0.138691
0.11924
0.298594
0.275714
0.247375
0.205683
0.159864
0.12533
0.1771
0.195536
0.218722
0.194016
0.245489
0.286457
0.289514
0.278564
0.251532
0.259579
0.295455
0.277381
-0.11618
0.158927
0.276252
-0.405188
-0.56528
-0.741469
-0.573898
-0.142211
0.141813
-1.2479
-1.10869
-0.935099
-1.13898
-0.740428
-0.322273
-0.0359375
0.104196
0.194997
0.298084
0.220951
0.0252702
-0.582143
-1.11043
-1.55555
-1.71192
-1.72282
-1.691
-1.10223
-1.51963
-1.69166
-0.660784
-1.42586
-1.7206
0
0
0
-0.357848
-1.01801
-1.50883
0
0
0
-0.101346
-0.387551
-0.768683
-1.1431
-1.40527
-1.58622
-1.39984
-1.4013
-1.16684
-0.798743
-0.442126
-0.0961604
-0.886558
-0.478974
-0.0870739
-1.32689
-1.30725
-1.17588
0
0
0
0.101257
0.217763
0.171252
0
0
0
0.112016
0.324551
0.498894
0.531895
0.418996
0.212219
0.197465
0.472265
0.569908
-0.20191
-0.57854
-0.915178
-0.242985
-0.4882
-0.757463
-0.0289646
-0.338994
-0.70698
-1.18108
-1.23119
-1.05505
-0.237896
-0.682339
-1.03447
-1.20419
-1.17915
-1.01671
-0.923359
-1.15021
-1.20613
-1.04809
-0.741324
-0.339107
-1.04809
-0.741324
-0.339107
-0.923359
-1.15021
-1.20613
0.17198
0.445346
0.605938
0.602653
0.415555
0.0914192
0.477739
0.59035
0.648004
0.477739
0.59035
0.648004
0.602654
0.415555
0.0914193
0.171981
0.445346
0.605938
-0.237895
-0.682338
-1.03447
0.552066
0.500683
0.409309
0.644638
0.568891
0.433923
0
0
0
0.043512
0.146162
0.27652
0
0
0
0.00809711
0.0298721
0.0678291
0.12721
0.203543
0.29932
0.340271
0.222918
0.132259
0.0715271
0.0372539
0.0192676
0.0715271
0.037254
0.0192676
0.340271
0.222918
0.132259
0
0
0
0.00061838
0.0027721
0.00841066
0
0
0
0
0
0
0.000618381
0.0027721
0.00841067
0
0
0
0.00809712
0.0298721
0.0678291
0.644638
0.568891
0.433923
0.552066
0.500683
0.409309
0.197466
0.472265
0.569908
0.127211
0.203543
0.29932
0
0
0
0.043512
0.146162
0.27652
0
0
0
0.112016
0.324551
0.498893
0.259579
0.295456
0.27738
0.289514
0.278564
0.251531
0.194017
0.24549
0.286457
0.298083
0.22095
0.0252688
-0.0359392
0.104194
0.194996
-1.13898
-0.740431
-0.322275
-1.2479
-1.10869
-0.935101
-0.573901
-0.142213
0.141811
-0.405192
-0.565283
-0.741472
-0.116184
0.158925
0.276251
-0.0289653
-0.338995
-0.706981
-0.242986
-0.488202
-0.757464
-1.20419
-1.17915
-1.01671
-0.201909
-0.578539
-0.915177
-1.18108
-1.23119
-1.05505
-1.32689
-1.30725
-1.17588
-0.886557
-0.478973
-0.0870726
-0.798741
-0.442124
-0.096159
-1.39984
-1.4013
-1.16683
0.531895
0.418996
0.21222
0
0
0
0.101257
0.217763
0.171253
0
0
0
-0.101346
-0.387549
-0.768681
-1.10224
-1.51963
-1.69166
-1.71193
-1.72282
-1.691
-0.582147
-1.11043
-1.55555
-1.1431
-1.40527
-1.58622
0
0
0
-0.357848
-1.018
-1.50883
0
0
0
-0.660782
-1.42585
-1.7206
0.289514
0.278564
0.251532
0.259579
0.295456
0.277381
-0.405192
-0.565283
-0.741471
-0.5739
-0.142213
0.141811
-1.24789
-1.10869
-0.9351
-1.13898
-0.740428
-0.322273
-0.0359378
0.104195
0.194996
0.298084
0.220951
0.0252702
-1.71193
-1.72282
-1.691
-1.10224
-1.51963
-1.69166
0
0
0
-0.357848
-1.018
-1.50883
0
0
0
-0.101347
-0.387552
-0.768684
-1.1431
-1.40527
-1.58622
-1.39984
-1.4013
-1.16684
-0.798745
-0.442129
-0.0961646
-0.886562
-0.47898
-0.0870789
-1.32689
-1.30725
-1.17588
0
0
0
0.101257
0.217761
0.171249
0
0
0
0.112017
0.324553
0.498894
0.531894
0.418993
0.212215
0.197457
0.47226
0.569906
-0.201919
-0.578547
-0.915183
-0.242984
-0.488199
-0.75746
-0.0289623
-0.338991
-0.706977
-1.18108
-1.23119
-1.05505
-0.237905
-0.682348
-1.03447
-1.20419
-1.17915
-1.01671
-0.923353
-1.1502
-1.20613
-1.0481
-0.741339
-0.339128
-1.0481
-0.741345
-0.339131
-0.923351
-1.1502
-1.20613
0.17197
0.445336
0.605933
0.602647
0.415541
0.0913982
0.47775
0.590357
0.648005
0.47775
0.590359
0.648005
0.602644
0.415537
0.0913961
0.171948
0.445324
0.605928
-0.237931
-0.682367
-1.03448
0.552067
0.500687
0.409315
0.644639
0.568896
0.43393
0
0
0
0.0435134
0.146166
0.276526
0
0
0
0.00809762
0.0298739
0.0678326
0.127216
0.20355
0.299327
0.340282
0.222927
0.132265
0.071531
0.0372566
0.019269
0.0715321
0.0372569
0.0192691
0.340283
0.222928
0.132267
0
0
0
0.000618434
0.0027724
0.00841131
0
0
0
0
0
0
0.000618452
0.00277243
0.00841135
0
0
0
0.00809788
0.0298747
0.067834
0.644639
0.5689
0.433936
0.552068
0.500693
0.409322
0.197432
0.472242
0.569899
0.127218
0.203554
0.299332
0
0
0
0.0435149
0.14617
0.276532
0
0
0
0.11202
0.324557
0.498895
0.259578
0.295455
0.277381
0.289513
0.278565
0.251533
0.194016
0.245489
0.286456
0.298084
0.220953
0.025275
-0.0359322
0.104199
0.194999
-1.13897
-0.740418
-0.322264
-1.24789
-1.10868
-0.935092
-0.573892
-0.142207
0.141814
-0.405187
-0.565277
-0.741464
-0.11618
0.158927
0.276252
-0.02896
-0.338985
-0.706969
-0.242976
-0.48819
-0.757451
-1.20419
-1.17914
-1.0167
-0.201946
-0.578573
-0.915204
-1.18109
-1.23119
-1.05504
-1.32689
-1.30725
-1.1759
-0.886586
-0.479011
-0.0871114
-0.798776
-0.442162
-0.0961967
-1.39985
-1.40132
-1.16686
0.531886
0.418975
0.212188
0
0
0
0.101252
0.217746
0.171223
0
0
0
-0.101356
-0.387576
-0.768713
-1.10223
-1.51963
-1.69167
-1.71193
-1.72283
-1.691
-0.582143
-1.11043
-1.55555
-1.14313
-1.40529
-1.58623
0
0
0
-0.357854
-1.01802
-1.50884
0
0
0
-0.660782
-1.42586
-1.72061
0.289513
0.278565
0.251533
0.259578
0.295455
0.277382
-0.405187
-0.565275
-0.741461
-0.573888
-0.142204
0.141816
-1.24789
-1.10867
-0.935088
-1.13897
-0.740411
-0.322257
-0.0359273
0.104202
0.195
0.298084
0.220955
0.0252799
-1.71193
-1.72283
-1.691
-1.10223
-1.51963
-1.69167
0
0
0
-0.357856
-1.01802
-1.50884
0
0
0
-0.10136
-0.387586
-0.768726
-1.14314
-1.4053
-1.58623
-1.39985
-1.40132
-1.16687
-0.79879
-0.442179
-0.0962131
-0.8866
-0.47903
-0.0871288
-1.32689
-1.30726
-1.17591
0
0
0
0.10125
0.217739
0.17121
0
0
0
0.112021
0.32456
0.498896
0.531882
0.418966
0.212174
0.197415
0.472231
0.569894
-0.201965
-0.578591
-0.915217
-0.242969
-0.488181
-0.757441
-0.0289528
-0.338976
-0.706958
-1.1811
-1.23119
-1.05504
-0.237951
-0.682385
-1.03449
-1.20419
-1.17914
-1.01669
-0.923341
-1.15019
-1.20614
-1.04812
-0.741366
-0.339158
-1.04812
-0.741366
-0.339159
-0.923341
-1.15019
-1.20614
0.17193
0.445311
0.605922
0.602637
0.415519
0.0913699
0.477761
0.590366
0.648006
0.477761
0.590366
0.648006
0.602637
0.415519
0.0913699
0.17193
0.44531
0.605921
-0.237951
-0.682385
-1.03449
0.55207
0.500698
0.409329
0.644641
0.568907
0.433944
0
0
0
0.0435162
0.146174
0.276539
0
0
0
0.00809827
0.0298761
0.0678371
0.127223
0.203561
0.29934
0.340293
0.222937
0.132272
0.0715355
0.0372591
0.0192702
0.0715355
0.0372591
0.0192702
0.340293
0.222937
0.132272
0
0
0
0.000618466
0.00277265
0.00841184
0
0
0
0
0
0
0.000618465
0.00277265
0.00841185
0
0
0
0.00809826
0.0298761
0.0678371
0.644641
0.568907
0.433944
0.552069
0.500698
0.40933
0.197414
0.47223
0.569894
0.127223
0.203561
0.29934
0
0
0
0.0435162
0.146174
0.276539
0
0
0
0.112021
0.32456
0.498896
0.259578
0.295455
0.277382
0.289513
0.278565
0.251533
0.194016
0.245489
0.286456
0.298084
0.220955
0.02528
-0.0359271
0.104202
0.195
-1.13897
-0.74041
-0.322257
-1.24789
-1.10867
-0.935087
-0.573888
-0.142204
0.141816
-0.405187
-0.565275
-0.741461
-0.116181
0.158926
0.276252
-0.0289528
-0.338976
-0.706958
-0.242969
-0.488181
-0.757441
-1.20419
-1.17914
-1.01669
-0.201966
-0.578592
-0.915219
-1.1811
-1.23119
-1.05504
-1.32689
-1.30726
-1.17591
-0.886602
-0.479032
-0.0871309
-0.798793
-0.442181
-0.0962154
-1.39985
-1.40132
-1.16688
0.531881
0.418965
0.212173
0
0
0
0.10125
0.217738
0.171209
0
0
0
-0.101361
-0.387588
-0.768729
-1.10223
-1.51963
-1.69167
-1.71193
-1.72283
-1.691
-0.582144
-1.11043
-1.55555
-1.14314
-1.4053
-1.58624
0
0
0
-0.357856
-1.01802
-1.50884
0
0
0
-0.660782
-1.42586
-1.72061
0.289513
0.278565
0.251533
0.259578
0.295455
0.277381
-0.405187
-0.565276
-0.741463
-0.573891
-0.142206
0.141815
-1.24789
-1.10868
-0.935091
-1.13897
-0.740416
-0.322262
-0.0359302
0.1042
0.194999
0.298084
0.220954
0.0252771
-1.71193
-1.72283
-1.691
-1.10223
-1.51963
-1.69167
0
0
0
-0.357854
-1.01802
-1.50884
0
0
0
-0.101356
-0.387576
-0.768714
-1.14313
-1.40529
-1.58623
-1.39985
-1.40132
-1.16686
-0.798777
-0.442164
-0.0961983
-0.886589
-0.479014
-0.0871135
-1.32689
-1.30725
-1.1759
0
0
0
0.101252
0.217746
0.171222
0
0
0
0.11202
0.324557
0.498896
0.531886
0.418974
0.212187
0.197428
0.47224
0.569898
-0.201951
-0.578578
-0.915207
-0.242973
-0.488186
-0.757446
-0.0289553
-0.33898
-0.706963
-1.18109
-1.23119
-1.05504
-0.237937
-0.682374
-1.03449
-1.20419
-1.17914
-1.0167
-0.923343
-1.1502
-1.20613
-1.04811
-0.741353
-0.339138
-1.0481
-0.741347
-0.339136
-0.923345
-1.1502
-1.20613
0.171944
0.445322
0.605927
0.602643
0.415533
0.0913904
0.477752
0.590359
0.648005
0.477751
0.590358
0.648005
0.602646
0.415537
0.0913925
0.171965
0.445333
0.605931
-0.237912
-0.682355
-1.03448
0.552069
0.500694
0.409323
0.64464
0.568901
0.433937
0
0
0
0.0435149
0.14617
0.276533
0
0
0
0.00809788
0.0298747
0.0678341
0.127219
0.203554
0.299333
0.340283
0.222929
0.132267
0.0715322
0.037257
0.0192691
0.0715311
0.0372566
0.0192691
0.340283
0.222927
0.132265
0
0
0
0.00061845
0.00277244
0.00841136
0
0
0
0
0
0
0.000618434
0.00277241
0.00841132
0
0
0
0.00809763
0.0298739
0.0678327
0.644639
0.568897
0.433931
0.552068
0.500688
0.409316
0.197452
0.472258
0.569906
0.127216
0.20355
0.299327
0
0
0
0.0435135
0.146166
0.276527
0
0
0
0.112017
0.324553
0.498895
0.259579
0.295455
0.277381
0.289514
0.278564
0.251532
0.194017
0.24549
0.286457
0.298084
0.220952
0.0252729
-0.0359353
0.104197
0.194997
-1.13898
-0.740425
-0.322269
-1.24789
-1.10868
-0.935098
-0.573898
-0.142211
0.141812
-0.405192
-0.565282
-0.74147
-0.116184
0.158925
0.276251
-0.0289571
-0.338985
-0.706971
-0.24298
-0.488194
-0.757455
-1.20419
-1.17915
-1.0167
-0.201925
-0.578552
-0.915187
-1.18108
-1.23119
-1.05505
-1.32689
-1.30725
-1.17589
-0.886566
-0.478983
-0.0870811
-0.798746
-0.442131
-0.0961661
-1.39984
-1.4013
-1.16684
0.531894
0.418992
0.212213
0
0
0
0.101257
0.217761
0.171248
0
0
0
-0.101347
-0.387553
-0.768685
-1.10223
-1.51963
-1.69166
-1.71193
-1.72282
-1.691
-0.582147
-1.11043
-1.55555
-1.1431
-1.40527
-1.58622
0
0
0
-0.357848
-1.01801
-1.50883
0
0
0
-0.660782
-1.42585
-1.7206
0.289514
0.278564
0.251531
0.259579
0.295456
0.27738
-0.405192
-0.565283
-0.741472
-0.573901
-0.142213
0.141811
-1.2479
-1.10869
-0.935101
-1.13898
-0.740431
-0.322275
-0.0359392
0.104194
0.194996
0.298083
0.22095
0.0252688
-1.71193
-1.72282
-1.691
-1.10224
-1.51963
-1.69166
0
0
0
-0.357848
-1.018
-1.50883
0
0
0
-0.101346
-0.387549
-0.768681
-1.1431
-1.40527
-1.58622
-1.39984
-1.4013
-1.16683
-0.798741
-0.442124
-0.096159
-0.886557
-0.478973
-0.0870726
-1.32689
-1.30725
-1.17588
0
0
0
0.101257
0.217763
0.171253
0
0
0
0.112016
0.324551
0.498893
0.531895
0.418996
0.21222
0.197466
0.472265
0.569908
-0.201909
-0.578539
-0.915177
-0.242986
-0.488202
-0.757464
-0.0289653
-0.338995
-0.706981
-1.18108
-1.23119
-1.05505
-0.237895
-0.682338
-1.03447
-1.20419
-1.17915
-1.01671
-0.923359
-1.15021
-1.20613
-1.04809
-0.741324
-0.339107
-1.04809
-0.741324
-0.339107
-0.923359
-1.15021
-1.20613
0.171981
0.445346
0.605938
0.602654
0.415555
0.0914193
0.477739
0.59035
0.648004
0.477739
0.59035
0.648004
0.602653
0.415555
0.0914192
0.17198
0.445346
0.605938
-0.237896
-0.682339
-1.03447
0.552066
0.500683
0.409309
0.644638
0.568891
0.433923
0
0
0
0.043512
0.146162
0.27652
0
0
0
0.00809712
0.0298721
0.0678291
0.127211
0.203543
0.29932
0.340271
0.222918
0.132259
0.0715271
0.037254
0.0192676
0.0715271
0.0372539
0.0192676
0.340271
0.222918
0.132259
0
0
0
0.000618381
0.0027721
0.00841067
0
0
0
0
0
0
0.000618381
0.0027721
0.00841066
0
0
0
0.00809711
0.0298721
0.0678291
0.644638
0.568891
0.433923
0.552066
0.500683
0.409309
0.197465
0.472265
0.569908
0.12721
0.203543
0.29932
0
0
0
0.043512
0.146162
0.27652
0
0
0
0.112016
0.324551
0.498894
0.259579
0.295455
0.277381
0.289514
0.278564
0.251532
0.298084
0.220951
0.0252702
-0.0359375
0.104196
0.194997
-1.13898
-0.740428
-0.322273
-1.2479
-1.10869
-0.935099
-0.573898
-0.142211
0.141813
-0.405188
-0.56528
-0.741469
-0.0289646
-0.338994
-0.70698
-0.242985
-0.4882
-0.757463
-1.20419
-1.17915
-1.01671
-0.20191
-0.57854
-0.915178
-1.18108
-1.23119
-1.05505
-1.32689
-1.30725
-1.17588
-0.886558
-0.478974
-0.0870739
-0.798743
-0.442126
-0.0961604
-1.39984
-1.4013
-1.16684
0.531895
0.418996
0.212219
0
0
0
0.101257
0.217763
0.171252
0
0
0
-0.101346
-0.387551
-0.768683
-1.10223
-1.51963
-1.69166
-1.71192
-1.72282
-1.691
-1.1431
-1.40527
-1.58622
0
0
0
-0.357848
-1.01801
-1.50883
0
0
0
0.0440712
0.0448338
0.0462943
0.0448338
0.0457261
0.0473286
0.0462943
0.0473286
0.0494773
0.0486512
0.0516635
0.0556772
0.0498241
0.0531124
0.0579528
0.0525755
0.0562777
0.0615948
0.0559152
0.0602965
0.0665583
0.0602965
0.066173
0.0735206
0.0665583
0.0735206
0.0831175
0.0486512
0.0498241
0.0525755
0.0516635
0.0531124
0.0562777
0.0556772
0.0579529
0.0615949
0.0615426
0.0694404
0.0803831
0.0646154
0.0736348
0.0860285
0.0692531
0.0796348
0.0943745
0.0972777
0.120606
0.154591
0.105501
0.132606
0.170831
0.117467
0.148946
0.192307
0.135036
0.172289
0.220607
0.157712
0.200872
0.251398
0.187243
0.23498
0.281579
0.0759587
0.0886451
0.106744
0.0848862
0.100855
0.123303
0.0979632
0.117737
0.146265
0.117212
0.143189
0.178735
0.143189
0.176135
0.217509
0.178735
0.217509
0.260422
0.225777
0.272505
0.303079
0.26526
0.299828
0.296884
0.29728
0.301467
0.242629
0.301476
0.24782
0.106649
0.24782
0.115654
-0.112671
0.106649
-0.112671
-0.411993
0.225777
0.26526
0.29728
0.272505
0.299828
0.301467
0.303079
0.296883
0.242629
0.0615427
0.0646155
0.0692531
0.0694405
0.0736349
0.0796349
0.0803832
0.0860286
0.0943746
0.0759587
0.0848862
0.0979632
0.0886452
0.100855
0.117737
0.106745
0.123303
0.146265
0.135036
0.157713
0.187243
0.172289
0.200872
0.23498
0.220607
0.251398
0.281579
0.0972779
0.105501
0.117467
0.120606
0.132606
0.148946
0.154592
0.170831
0.192308
0.0440712
0.0448338
0.0462943
0.0448338
0.0457261
0.0473286
0.0462943
0.0473286
0.0494773
0.0486512
0.0516635
0.0556772
0.0498242
0.0531124
0.0579529
0.0525755
0.0562778
0.0615949
0.0559152
0.0602965
0.0665583
0.0602965
0.066173
0.0735206
0.0665583
0.0735206
0.0831175
0.0486512
0.0498241
0.0525755
0.0516635
0.0531124
0.0562777
0.0556771
0.0579528
0.0615949
0.0615427
0.0694405
0.0803832
0.0646155
0.0736349
0.0860287
0.0692532
0.0796349
0.0943747
0.0972779
0.120606
0.154592
0.105501
0.132606
0.170831
0.117467
0.148946
0.192308
0.135036
0.172289
0.220607
0.157713
0.200872
0.251398
0.187243
0.23498
0.281579
0.0759588
0.0886452
0.106745
0.0848862
0.100855
0.123303
0.0979632
0.117737
0.146265
0.117212
0.143189
0.178735
0.143189
0.176135
0.217508
0.178735
0.217508
0.260422
0.225777
0.272505
0.303079
0.26526
0.299828
0.296884
0.29728
0.301467
0.24263
0.301476
0.247821
0.106651
0.247821
0.115657
-0.112667
0.106652
-0.112667
-0.411986
0.225777
0.26526
0.29728
0.272505
0.299828
0.301467
0.303079
0.296884
0.242631
0.0615426
0.0646154
0.0692531
0.0694404
0.0736348
0.0796348
0.080383
0.0860285
0.0943745
0.0759587
0.0848862
0.0979632
0.0886451
0.100855
0.117737
0.106744
0.123303
0.146265
0.135036
0.157712
0.187242
0.172289
0.200871
0.23498
0.220606
0.251398
0.281579
0.0972776
0.105501
0.117467
0.120606
0.132606
0.148946
0.154591
0.17083
0.192307
0.0440712
0.0448338
0.0462943
0.0448338
0.0457261
0.0473286
0.0462943
0.0473286
0.0494773
0.0486512
0.0516635
0.0556771
0.0498241
0.0531124
0.0579528
0.0525755
0.0562777
0.0615948
0.0559151
0.0602964
0.0665582
0.0602964
0.0661729
0.0735204
0.0665582
0.0735204
0.0831173
0.0486512
0.0498241
0.0525755
0.0516635
0.0531124
0.0562777
0.0556771
0.0579528
0.0615948
0.0615426
0.0694404
0.080383
0.0646154
0.0736347
0.0860284
0.069253
0.0796347
0.0943743
0.0972776
0.120606
0.154591
0.1055
0.132606
0.17083
0.117467
0.148945
0.192307
0.135036
0.172288
0.220606
0.157712
0.200871
0.251397
0.187242
0.234979
0.281578
0.0759586
0.0886449
0.106744
0.084886
0.100855
0.123303
0.0979628
0.117737
0.146264
0.117212
0.143188
0.178734
0.143188
0.176134
0.217507
0.178734
0.217507
0.260421
0.225776
0.272504
0.303079
0.265259
0.299827
0.296885
0.297279
0.301468
0.242633
0.301477
0.247824
0.106658
0.247824
0.115663
-0.112658
0.106658
-0.112658
-0.411975
0.225776
0.265259
0.297279
0.272504
0.299827
0.301468
0.303079
0.296885
0.242633
0.0615426
0.0646154
0.069253
0.0694404
0.0736347
0.0796347
0.080383
0.0860284
0.0943743
0.0759586
0.084886
0.0979628
0.0886449
0.100855
0.117737
0.106744
0.123303
0.146264
0.135036
0.157712
0.187242
0.172288
0.200871
0.234979
0.220606
0.251397
0.281578
0.0972776
0.1055
0.117467
0.120606
0.132606
0.148945
0.154591
0.17083
0.192307
0.0440712
0.0448338
0.0462943
0.0448338
0.0457261
0.0473286
0.0462943
0.0473286
0.0494773
0.0486512
0.0516635
0.0556771
0.0498241
0.0531124
0.0579528
0.0525755
0.0562777
0.0615948
0.0559152
0.0602965
0.0665583
0.0602965
0.066173
0.0735206
0.0665583
0.0735206
0.0831175
0.0486512
0.0498242
0.0525755
0.0516635
0.0531124
0.0562778
0.0556772
0.0579529
0.0615949
0.0615426
0.0694404
0.080383
0.0646154
0.0736348
0.0860285
0.0692531
0.0796348
0.0943745
0.0972776
0.120606
0.154591
0.1055
0.132606
0.17083
0.117467
0.148946
0.192307
0.135036
0.172289
0.220606
0.157712
0.200871
0.251397
0.187242
0.234979
0.281578
0.0759587
0.0886451
0.106744
0.0848861
0.100855
0.123303
0.0979631
0.117737
0.146264
0.117212
0.143189
0.178735
0.143189
0.176135
0.217508
0.178735
0.217508
0.260421
0.225777
0.272504
0.303079
0.265259
0.299828
0.296884
0.29728
0.301467
0.242632
0.301476
0.247823
0.106656
0.247823
0.115661
-0.11266
0.106655
-0.11266
-0.411978
0.225777
0.265259
0.29728
0.272504
0.299828
0.301467
0.303079
0.296884
0.242632
0.0615427
0.0646155
0.0692531
0.0694405
0.0736349
0.0796349
0.0803832
0.0860286
0.0943746
0.0759588
0.0848862
0.0979631
0.0886452
0.100855
0.117737
0.106744
0.123303
0.146264
0.135036
0.157712
0.187242
0.172289
0.200871
0.234979
0.220607
0.251398
0.281579
0.0972779
0.105501
0.117467
0.120606
0.132606
0.148946
0.154592
0.170831
0.192307
0.0440712
0.0448338
0.0462943
0.0448338
0.0457261
0.0473286
0.0462943
0.0473286
0.0494773
0.0486512
0.0516635
0.0556772
0.0498241
0.0531124
0.0579529
0.0525755
0.0562777
0.0615949
0.0559152
0.0602965
0.0665583
0.0602965
0.066173
0.0735206
0.0665583
0.0735206
0.0831175
0.0486512
0.0498241
0.0525755
0.0516635
0.0531124
0.0562777
0.0556772
0.0579528
0.0615948
0.0615427
0.0694405
0.0803832
0.0646155
0.0736349
0.0860286
0.0692531
0.0796349
0.0943746
0.0972779
0.120606
0.154592
0.105501
0.132606
0.170831
0.117467
0.148946
0.192308
0.135036
0.172289
0.220607
0.157713
0.200872
0.251398
0.187243
0.23498
0.281579
0.0759587
0.0886452
0.106745
0.0848862
0.100855
0.123303
0.0979632
0.117737
0.146265
0.117212
0.143189
0.178735
0.143189
0.176135
0.217509
0.178735
0.217509
0.260422
0.225777
0.272505
0.303079
0.26526
0.299828
0.296883
0.29728
0.301467
0.242629
0.301476
0.24782
0.106649
0.24782
0.115654
-0.112671
0.106649
-0.112671
-0.411993
0.225777
0.26526
0.29728
0.272505
0.299828
0.301467
0.303079
0.296884
0.242629
0.0615426
0.0646154
0.0692531
0.0694404
0.0736348
0.0796348
0.0803831
0.0860285
0.0943745
0.0759587
0.0848862
0.0979632
0.0886451
0.100855
0.117737
0.106744
0.123303
0.146265
0.135036
0.157712
0.187243
0.172289
0.200872
0.23498
0.220607
0.251398
0.281579
0.0972777
0.105501
0.117467
0.120606
0.132606
0.148946
0.154591
0.170831
0.192307
0.202726
0.254098
0.290311
0.222536
0.271767
0.29382
0.246149
0.288659
0.287487
0.266066
0.124796
-0.178431
0.234569
0.0421425
-0.316196
0.18164
-0.069632
-0.479154
0.091944
-0.224765
-0.673619
-0.0356887
-0.408414
-0.868504
-0.210967
-0.621469
-1.05426
0.273043
0.299237
0.26081
0.294704
0.293215
0.203435
0.303492
0.257328
0.101515
-0.667363
-1.19434
-1.60695
-0.83813
-1.34461
-1.67769
-1.01323
-1.4699
-1.70332
-1.703
-1.34569
-0.540336
-1.65707
-1.21247
-0.451306
-1.573
-1.09282
-0.390725
-1.42541
-0.93315
-0.320115
-1.21289
-0.739943
-0.238841
-0.935016
-0.513464
-0.14903
-1.18644
-1.55292
-1.65992
-1.31808
-1.56147
-1.53304
-1.39241
-1.48234
-1.31556
-1.38088
-1.29293
-0.998656
-1.26508
-1.0182
-0.64336
-1.04271
-0.674757
-0.273656
-0.595218
-0.26169
-0.0557517
-0.264024
-0.0389312
0.021333
0.0364669
0.143785
0.0795917
0.284538
0.274646
0.116049
0.434324
0.334899
0.127179
0.496675
0.339876
0.120276
-0.710601
-0.280752
0.083735
-0.342317
0.0725155
0.350194
0.0238796
0.359564
0.520528
0.28238
0.168933
-0.0674672
0.213029
0.0207504
-0.289279
0.0756795
-0.197973
-0.557403
-0.445117
-0.858398
-1.20871
-0.697314
-1.06075
-1.28083
-0.943481
-1.19918
-1.24776
-1.14267
-1.22819
-1.07918
-1.21729
-1.11376
-0.800092
-1.14032
-0.860795
-0.440993
-0.155248
-0.493129
-0.852165
-0.446162
-0.795035
-1.08465
-0.765843
-1.05513
-1.20572
-1.05733
-1.20284
-1.15657
-1.20284
-1.16131
-0.928354
-1.15657
-0.928354
-0.562361
-0.887767
-0.483152
-0.038803
-0.524667
-0.0875168
0.294691
-0.114247
0.26699
0.528975
0.274411
0.52901
0.642332
0.52901
0.641832
0.632726
0.642332
0.632726
0.542577
-0.887766
-0.524666
-0.114246
-0.483151
-0.0875162
0.26699
-0.0388021
0.294692
0.528975
0.347261
0.555372
0.591675
0.551972
0.629528
0.570001
0.640976
0.608937
0.489027
0.482184
0.301256
0.100606
0.416546
0.242032
0.0770574
0.326392
0.177802
0.0540363
0.229176
0.117181
0.0341627
0.150489
0.0727324
0.0202151
0.0910847
0.0416788
0.0112305
0.622673
0.516158
0.374288
0.531601
0.397458
0.264668
0.407411
0.278636
0.171984
0.276579
0.174082
0.0995023
0.174082
0.101782
0.0546147
0.0995023
0.0546147
0.0272166
0.0490378
0.0213961
0.00530682
0.0254435
0.0102976
0.00264565
0.0116756
0.00478412
0.00104357
0.00481729
0.0018433
0.000476323
0.0018433
0.000640966
0.000109986
0.000476324
0.000109986
7.88574e-05
0.0490378
0.0254435
0.0116756
0.0213961
0.0102976
0.00478413
0.00530683
0.00264565
0.00104357
0.347261
0.551973
0.640976
0.555372
0.629528
0.608937
0.591675
0.570001
0.489027
0.622672
0.531601
0.407411
0.516158
0.397458
0.278636
0.374288
0.264668
0.171984
0.229176
0.150489
0.0910847
0.117181
0.0727325
0.0416789
0.0341628
0.0202151
0.0112305
0.482184
0.416546
0.326392
0.301256
0.242032
0.177802
0.100606
0.0770574
0.0540363
0.202727
0.222537
0.24615
0.254099
0.271768
0.28866
0.290312
0.29382
0.287486
0.273043
0.294704
0.303491
0.299237
0.293215
0.257327
0.260809
0.203434
0.101514
0.0919424
-0.0356905
-0.210969
-0.224767
-0.408416
-0.621471
-0.673622
-0.868507
-1.05426
0.266066
0.234568
0.181638
0.124795
0.0421404
-0.0696343
-0.178434
-0.316199
-0.479157
0.28238
0.213028
0.0756789
0.168932
0.0207493
-0.197974
-0.0674687
-0.289281
-0.557405
-0.155248
-0.446163
-0.765843
-0.49313
-0.795035
-1.05513
-0.852166
-1.08465
-1.20572
-1.14267
-1.21729
-1.14032
-1.22819
-1.11376
-0.860794
-1.07918
-0.800091
-0.440992
-0.445119
-0.697316
-0.943482
-0.858399
-1.06075
-1.19918
-1.20871
-1.28083
-1.24776
-1.38088
-1.26508
-1.04271
-1.29293
-1.0182
-0.674755
-0.998654
-0.643358
-0.273654
-0.710599
-0.342316
0.0238806
-0.28075
0.0725165
0.359564
0.083736
0.350195
0.520529
0.284539
0.434324
0.496675
0.274647
0.334899
0.339876
0.116049
0.127179
0.120276
-0.595216
-0.264022
0.036468
-0.261689
-0.0389303
0.143785
-0.0557513
0.0213332
0.0795918
-0.667367
-0.838134
-1.01324
-1.19434
-1.34461
-1.4699
-1.60695
-1.67769
-1.70332
-1.18644
-1.31808
-1.39241
-1.55292
-1.56147
-1.48234
-1.65992
-1.53304
-1.31556
-1.4254
-1.21289
-0.935013
-0.933148
-0.739942
-0.513462
-0.320115
-0.23884
-0.14903
-1.703
-1.65707
-1.573
-1.34568
-1.21247
-1.09282
-0.540335
-0.451306
-0.390724
0.202727
0.254099
0.290312
0.222537
0.271768
0.29382
0.24615
0.28866
0.287486
0.266066
0.124795
-0.178434
0.234568
0.0421406
-0.316198
0.181639
-0.0696338
-0.479157
0.091943
-0.224766
-0.67362
-0.0356895
-0.408414
-0.868505
-0.210967
-0.621469
-1.05426
0.273043
0.299237
0.260809
0.294704
0.293215
0.203434
0.303492
0.257327
0.101515
-0.667367
-1.19434
-1.60695
-0.838134
-1.34461
-1.67769
-1.01323
-1.4699
-1.70332
-1.703
-1.34568
-0.540335
-1.65707
-1.21247
-0.451306
-1.573
-1.09282
-0.390724
-1.42541
-0.933149
-0.320115
-1.21289
-0.739943
-0.238841
-0.935016
-0.513464
-0.149031
-1.18644
-1.55292
-1.65992
-1.31808
-1.56147
-1.53304
-1.39241
-1.48234
-1.31556
-1.38088
-1.29293
-0.998657
-1.26508
-1.01821
-0.643363
-1.04271
-0.674761
-0.27366
-0.59522
-0.261692
-0.0557525
-0.264027
-0.0389334
0.0213321
0.0364633
0.143783
0.079591
0.284535
0.274645
0.116049
0.434321
0.334899
0.127179
0.496675
0.339877
0.120276
-0.710606
-0.280758
0.0837298
-0.342325
0.0725088
0.35019
0.0238713
0.359558
0.520526
0.28238
0.168933
-0.0674668
0.213029
0.0207513
-0.289278
0.0756811
-0.19797
-0.557401
-0.445116
-0.858396
-1.2087
-0.697312
-1.06075
-1.28083
-0.943478
-1.19918
-1.24776
-1.14266
-1.22819
-1.07918
-1.21729
-1.11376
-0.800099
-1.14032
-0.860802
-0.441002
-0.155244
-0.493125
-0.852161
-0.446157
-0.79503
-1.08464
-0.765837
-1.05513
-1.20572
-1.05732
-1.20284
-1.15658
-1.20284
-1.16131
-0.928367
-1.15658
-0.92837
-0.562382
-0.887776
-0.483164
-0.0388144
-0.524683
-0.0875328
0.294679
-0.114267
0.266974
0.528966
0.274392
0.528999
0.642329
0.528997
0.641829
0.63273
0.642328
0.63273
0.542586
-0.887787
-0.524692
-0.114272
-0.483182
-0.0875462
0.266967
-0.0388362
0.294666
0.52896
0.347252
0.555368
0.591675
0.551966
0.629527
0.570004
0.640974
0.608941
0.489033
0.482186
0.301258
0.100607
0.416551
0.242035
0.0770588
0.326398
0.177806
0.0540378
0.229182
0.117185
0.034164
0.150494
0.0727355
0.0202161
0.0910889
0.041681
0.0112312
0.622677
0.516165
0.374296
0.531609
0.397467
0.264675
0.407422
0.278645
0.17199
0.276589
0.174089
0.0995075
0.17409
0.101787
0.0546181
0.0995086
0.0546185
0.0272188
0.0490407
0.0213975
0.00530723
0.0254453
0.0102984
0.00264585
0.0116767
0.00478454
0.0010437
0.0048178
0.00184349
0.000476365
0.0018435
0.000641044
0.000110007
0.000476369
0.00011001
7.88544e-05
0.0490416
0.0254456
0.0116767
0.021398
0.0102986
0.00478461
0.0053074
0.00264592
0.00104372
0.347233
0.551957
0.640972
0.555356
0.629525
0.608944
0.591673
0.570008
0.489039
0.622678
0.531612
0.407423
0.516169
0.397471
0.278648
0.374302
0.26468
0.171993
0.229187
0.150498
0.0910909
0.117188
0.0727377
0.0416822
0.0341652
0.0202168
0.0112316
0.48219
0.416557
0.326404
0.301263
0.242041
0.177811
0.10061
0.0770612
0.0540395
0.202726
0.222536
0.246149
0.254098
0.271767
0.288659
0.290311
0.293819
0.287487
0.273043
0.294704
0.303492
0.299237
0.293215
0.257329
0.260811
0.203437
0.101519
0.0919467
-0.035684
-0.21096
-0.22476
-0.408406
-0.621459
-0.673612
-0.868496
-1.05425
0.266066
0.234569
0.181641
0.124797
0.0421439
-0.069629
-0.178431
-0.316193
-0.47915
0.282381
0.21303
0.0756831
0.168936
0.0207552
-0.197965
-0.0674611
-0.289271
-0.557392
-0.155242
-0.446155
-0.765835
-0.493119
-0.795024
-1.05512
-0.852154
-1.08464
-1.20572
-1.14266
-1.21729
-1.14033
-1.22819
-1.11377
-0.860819
-1.0792
-0.80012
-0.441027
-0.445107
-0.697303
-0.94347
-0.858387
-1.06074
-1.19917
-1.2087
-1.28083
-1.24776
-1.38088
-1.26509
-1.04273
-1.29295
-1.01823
-0.674791
-0.998686
-0.643396
-0.273694
-0.710632
-0.342353
0.023844
-0.28079
0.0724796
0.359535
0.0836997
0.350167
0.520512
0.284513
0.434309
0.496672
0.274634
0.334894
0.339879
0.116046
0.127179
0.120278
-0.595251
-0.264058
0.0364348
-0.261716
-0.0389556
0.143765
-0.0557617
0.0213241
0.079585
-0.667362
-0.838128
-1.01323
-1.19434
-1.34461
-1.4699
-1.60695
-1.67769
-1.70332
-1.18643
-1.31808
-1.39241
-1.55292
-1.56147
-1.48235
-1.65993
-1.53305
-1.31558
-1.42542
-1.21291
-0.935043
-0.933164
-0.739962
-0.513487
-0.320122
-0.238849
-0.14904
-1.703
-1.65707
-1.57301
-1.34569
-1.21247
-1.09283
-0.540337
-0.45131
-0.39073
0.202726
0.254098
0.290311
0.222535
0.271767
0.293819
0.246149
0.288659
0.287487
0.266066
0.124797
-0.17843
0.23457
0.0421449
-0.316192
0.181642
-0.0696269
-0.479147
0.091949
-0.224756
-0.673608
-0.03568
-0.408401
-0.868491
-0.210954
-0.621452
-1.05425
0.273042
0.299237
0.260811
0.294703
0.293216
0.203439
0.303492
0.25733
0.101522
-0.667361
-1.19434
-1.60695
-0.838126
-1.34461
-1.67769
-1.01323
-1.4699
-1.70332
-1.703
-1.34569
-0.540338
-1.65707
-1.21247
-0.45131
-1.57301
-1.09283
-0.390731
-1.42543
-0.933169
-0.320124
-1.21292
-0.73997
-0.238853
-0.935055
-0.513496
-0.149044
-1.18643
-1.55292
-1.65993
-1.31807
-1.56147
-1.53306
-1.39241
-1.48236
-1.31559
-1.38088
-1.29296
-0.998699
-1.2651
-1.01825
-0.643413
-1.04275
-0.674808
-0.273712
-0.595265
-0.261726
-0.0557656
-0.264074
-0.0389659
0.0213205
0.0364206
0.143756
0.0795823
0.284502
0.274628
0.116044
0.434302
0.334893
0.127179
0.49667
0.33988
0.120279
-0.710649
-0.280808
0.0836834
-0.342372
0.0724621
0.350154
0.0238255
0.359522
0.520505
0.282382
0.168939
-0.067455
0.213033
0.0207612
-0.289262
0.0756888
-0.197957
-0.557382
-0.445099
-0.858379
-1.20869
-0.697294
-1.06073
-1.28083
-0.943461
-1.19917
-1.24777
-1.14265
-1.22819
-1.07921
-1.21729
-1.11378
-0.800135
-1.14033
-0.860833
-0.441046
-0.155233
-0.493109
-0.852144
-0.446144
-0.795014
-1.08463
-0.765824
-1.05512
-1.20571
-1.05731
-1.20283
-1.15659
-1.20283
-1.16132
-0.928387
-1.15659
-0.928387
-0.562408
-0.887803
-0.483203
-0.0388563
-0.524715
-0.0875692
0.294648
-0.114299
0.266946
0.528948
0.274368
0.528983
0.642325
0.528983
0.641825
0.632735
0.642325
0.632735
0.542596
-0.887803
-0.524715
-0.114299
-0.483203
-0.0875696
0.266946
-0.0388571
0.294647
0.528948
0.347218
0.555348
0.591671
0.551948
0.629523
0.570011
0.64097
0.608948
0.489046
0.482193
0.301267
0.100611
0.416563
0.242045
0.0770629
0.326411
0.177815
0.0540411
0.229194
0.117192
0.0341664
0.150503
0.0727405
0.0202176
0.0910947
0.0416841
0.0112321
0.622683
0.516178
0.37431
0.531621
0.397481
0.264688
0.407434
0.278657
0.171999
0.2766
0.174098
0.0995133
0.174098
0.101793
0.0546215
0.0995133
0.0546215
0.0272206
0.0490441
0.0213991
0.0053077
0.0254471
0.0102993
0.00264605
0.0116776
0.00478491
0.00104381
0.00481817
0.00184363
0.0004764
0.00184363
0.000641094
0.000110017
0.0004764
0.000110017
7.886e-05
0.0490441
0.0254471
0.0116775
0.0213991
0.0102993
0.00478491
0.00530769
0.00264605
0.00104381
0.347218
0.551948
0.64097
0.555348
0.629523
0.608948
0.591671
0.570011
0.489046
0.622683
0.531621
0.407434
0.516178
0.397481
0.278657
0.37431
0.264688
0.172
0.229194
0.150503
0.0910948
0.117192
0.0727405
0.0416841
0.0341664
0.0202176
0.0112321
0.482193
0.416563
0.326411
0.301267
0.242045
0.177815
0.100611
0.0770628
0.054041
0.202726
0.222535
0.246149
0.254098
0.271767
0.288659
0.290311
0.293819
0.287487
0.273042
0.294703
0.303492
0.299237
0.293216
0.25733
0.260811
0.203439
0.101523
0.0919492
-0.0356798
-0.210954
-0.224756
-0.4084
-0.621452
-0.673607
-0.86849
-1.05425
0.266066
0.23457
0.181642
0.124797
0.042145
-0.0696267
-0.17843
-0.316191
-0.479147
0.282382
0.213033
0.0756888
0.168939
0.0207613
-0.197957
-0.0674548
-0.289262
-0.557382
-0.155233
-0.446144
-0.765824
-0.493109
-0.795014
-1.05512
-0.852143
-1.08463
-1.20571
-1.14265
-1.21729
-1.14033
-1.22819
-1.11378
-0.860834
-1.07921
-0.800136
-0.441047
-0.445098
-0.697293
-0.943461
-0.858379
-1.06073
-1.19917
-1.20869
-1.28083
-1.24777
-1.38089
-1.2651
-1.04275
-1.29296
-1.01825
-0.67481
-0.998702
-0.643415
-0.273714
-0.71065
-0.342374
0.0238243
-0.28081
0.0724605
0.35952
0.0836815
0.350153
0.520504
0.284501
0.434302
0.49667
0.274627
0.334892
0.33988
0.116044
0.127179
0.120279
-0.595268
-0.264076
0.0364186
-0.261728
-0.0389676
0.143755
-0.0557664
0.0213199
0.0795819
-0.667362
-0.838126
-1.01323
-1.19434
-1.34461
-1.4699
-1.60695
-1.67769
-1.70332
-1.18643
-1.31807
-1.39241
-1.55292
-1.56147
-1.48236
-1.65993
-1.53306
-1.31559
-1.42543
-1.21292
-0.935057
-0.93317
-0.739972
-0.513498
-0.320125
-0.238853
-0.149045
-1.703
-1.65707
-1.57301
-1.34569
-1.21248
-1.09284
-0.540338
-0.451311
-0.390732
0.202726
0.254098
0.290311
0.222536
0.271767
0.293819
0.246149
0.288659
0.287487
0.266066
0.124797
-0.178431
0.234569
0.0421442
-0.316193
0.181641
-0.0696284
-0.479149
0.0919475
-0.224759
-0.673611
-0.0356825
-0.408404
-0.868494
-0.210958
-0.621457
-1.05425
0.273042
0.299237
0.260811
0.294704
0.293215
0.203437
0.303492
0.257329
0.10152
-0.667362
-1.19434
-1.60695
-0.838127
-1.34461
-1.67769
-1.01323
-1.4699
-1.70332
-1.703
-1.34569
-0.540337
-1.65707
-1.21247
-0.45131
-1.57301
-1.09283
-0.39073
-1.42542
-0.933164
-0.320122
-1.21291
-0.739963
-0.23885
-0.935044
-0.513487
-0.14904
-1.18643
-1.55292
-1.65993
-1.31808
-1.56147
-1.53306
-1.39241
-1.48235
-1.31558
-1.38088
-1.29295
-0.998687
-1.26509
-1.01823
-0.643398
-1.04274
-0.674794
-0.273696
-0.595252
-0.261716
-0.0557617
-0.264059
-0.0389561
0.021324
0.0364337
0.143764
0.079585
0.284512
0.274633
0.116046
0.434308
0.334895
0.127179
0.496672
0.339879
0.120278
-0.710636
-0.280793
0.0836977
-0.342358
0.0724765
0.350165
0.0238394
0.359533
0.520512
0.282381
0.168937
-0.0674583
0.213032
0.0207584
-0.289267
0.0756867
-0.19796
-0.557388
-0.445104
-0.858384
-1.2087
-0.697299
-1.06074
-1.28083
-0.943466
-1.19917
-1.24777
-1.14266
-1.22819
-1.0792
-1.21729
-1.11377
-0.800124
-1.14033
-0.860824
-0.441033
-0.155236
-0.493113
-0.852148
-0.446147
-0.795018
-1.08464
-0.765826
-1.05512
-1.20571
-1.05732
-1.20283
-1.15658
-1.20284
-1.16132
-0.928376
-1.15658
-0.928373
-0.562389
-0.887794
-0.483189
-0.038842
-0.524699
-0.0875524
0.294662
-0.114279
0.266962
0.528958
0.274387
0.528995
0.642328
0.528997
0.641828
0.632731
0.642329
0.632731
0.542587
-0.887783
-0.52469
-0.114274
-0.483171
-0.0875394
0.266969
-0.0388205
0.294675
0.528964
0.34723
0.555355
0.591672
0.551956
0.629525
0.570008
0.640972
0.608944
0.48904
0.48219
0.301264
0.10061
0.416558
0.242041
0.0770612
0.326405
0.177811
0.0540396
0.229188
0.117188
0.0341652
0.150498
0.0727378
0.0202168
0.0910911
0.0416823
0.0112316
0.622679
0.51617
0.374302
0.531612
0.397472
0.26468
0.407424
0.278648
0.171993
0.27659
0.174091
0.0995088
0.17409
0.101788
0.0546186
0.0995077
0.0546182
0.0272189
0.0490417
0.021398
0.0053074
0.0254457
0.0102987
0.00264592
0.0116768
0.00478462
0.00104372
0.0048178
0.0018435
0.00047637
0.00184349
0.000641044
0.000110009
0.000476365
0.000110008
7.88547e-05
0.0490408
0.0254453
0.0116767
0.0213975
0.0102985
0.00478455
0.00530724
0.00264585
0.0010437
0.347249
0.551965
0.640974
0.555366
0.629527
0.608941
0.591675
0.570005
0.489034
0.622677
0.53161
0.407423
0.516166
0.397468
0.278646
0.374297
0.264676
0.171991
0.229182
0.150494
0.0910891
0.117185
0.0727356
0.0416811
0.0341641
0.0202161
0.0112312
0.482186
0.416551
0.326398
0.301259
0.242036
0.177806
0.100607
0.077059
0.0540378
0.202727
0.222536
0.24615
0.254099
0.271768
0.28866
0.290312
0.29382
0.287487
0.273043
0.294704
0.303492
0.299237
0.293215
0.257328
0.26081
0.203435
0.101517
0.0919442
-0.0356875
-0.210965
-0.224765
-0.408412
-0.621466
-0.673618
-0.868502
-1.05426
0.266066
0.234568
0.181639
0.124795
0.0421411
-0.0696328
-0.178434
-0.316198
-0.479155
0.282381
0.213031
0.0756851
0.168935
0.020755
-0.197965
-0.0674635
-0.289273
-0.557395
-0.155238
-0.446149
-0.765828
-0.493118
-0.795023
-1.05512
-0.852155
-1.08464
-1.20572
-1.14266
-1.21729
-1.14032
-1.22819
-1.11376
-0.860808
-1.07919
-0.800104
-0.441009
-0.445112
-0.697308
-0.943474
-0.858393
-1.06075
-1.19918
-1.2087
-1.28083
-1.24776
-1.38088
-1.26508
-1.04272
-1.29293
-1.01821
-0.674764
-0.998659
-0.643365
-0.273663
-0.71061
-0.34233
0.0238665
-0.280761
0.0725055
0.359555
0.0837278
0.350188
0.520525
0.284534
0.434321
0.496675
0.274645
0.334899
0.339877
0.116049
0.12718
0.120277
-0.595221
-0.264028
0.0364623
-0.261693
-0.0389338
0.143783
-0.0557525
0.0213321
0.079591
-0.667366
-0.838133
-1.01323
-1.19434
-1.34461
-1.4699
-1.60695
-1.67769
-1.70332
-1.18644
-1.31808
-1.39241
-1.55292
-1.56147
-1.48234
-1.65992
-1.53304
-1.31556
-1.42541
-1.21289
-0.935017
-0.933149
-0.739944
-0.513465
-0.320115
-0.238841
-0.149031
-1.703
-1.65707
-1.573
-1.34568
-1.21247
-1.09282
-0.540335
-0.451306
-0.390725
0.202727
0.254099
0.290312
0.222537
0.271768
0.29382
0.24615
0.28866
0.287486
0.266066
0.124795
-0.178434
0.234568
0.0421404
-0.316199
0.181638
-0.0696343
-0.479157
0.0919424
-0.224767
-0.673622
-0.0356905
-0.408416
-0.868507
-0.210969
-0.621471
-1.05426
0.273043
0.299237
0.260809
0.294704
0.293215
0.203434
0.303491
0.257327
0.101514
-0.667367
-1.19434
-1.60695
-0.838134
-1.34461
-1.67769
-1.01324
-1.4699
-1.70332
-1.703
-1.34568
-0.540335
-1.65707
-1.21247
-0.451306
-1.573
-1.09282
-0.390724
-1.4254
-0.933148
-0.320115
-1.21289
-0.739942
-0.23884
-0.935013
-0.513462
-0.14903
-1.18644
-1.55292
-1.65992
-1.31808
-1.56147
-1.53304
-1.39241
-1.48234
-1.31556
-1.38088
-1.29293
-0.998654
-1.26508
-1.0182
-0.643358
-1.04271
-0.674755
-0.273654
-0.595216
-0.261689
-0.0557513
-0.264022
-0.0389303
0.0213332
0.036468
0.143785
0.0795918
0.284539
0.274647
0.116049
0.434324
0.334899
0.127179
0.496675
0.339876
0.120276
-0.710599
-0.28075
0.083736
-0.342316
0.0725165
0.350195
0.0238806
0.359564
0.520529
0.28238
0.168932
-0.0674687
0.213028
0.0207493
-0.289281
0.0756789
-0.197974
-0.557405
-0.445119
-0.858399
-1.20871
-0.697316
-1.06075
-1.28083
-0.943482
-1.19918
-1.24776
-1.14267
-1.22819
-1.07918
-1.21729
-1.11376
-0.800091
-1.14032
-0.860794
-0.440992
-0.155248
-0.49313
-0.852166
-0.446163
-0.795035
-1.08465
-0.765843
-1.05513
-1.20572
-1.05733
-1.20284
-1.15657
-1.20284
-1.16131
-0.928354
-1.15657
-0.928354
-0.562361
-0.887766
-0.483151
-0.0388021
-0.524666
-0.0875162
0.294692
-0.114246
0.26699
0.528975
0.274411
0.52901
0.642332
0.52901
0.641832
0.632726
0.642332
0.632726
0.542577
-0.887767
-0.524667
-0.114247
-0.483152
-0.0875168
0.26699
-0.038803
0.294691
0.528975
0.347261
0.555372
0.591675
0.551973
0.629528
0.570001
0.640976
0.608937
0.489027
0.482184
0.301256
0.100606
0.416546
0.242032
0.0770574
0.326392
0.177802
0.0540363
0.229176
0.117181
0.0341628
0.150489
0.0727325
0.0202151
0.0910847
0.0416789
0.0112305
0.622672
0.516158
0.374288
0.531601
0.397458
0.264668
0.407411
0.278636
0.171984
0.276579
0.174082
0.0995023
0.174082
0.101782
0.0546147
0.0995023
0.0546147
0.0272166
0.0490378
0.0213961
0.00530683
0.0254435
0.0102976
0.00264565
0.0116756
0.00478413
0.00104357
0.00481729
0.0018433
0.000476324
0.0018433
0.000640966
0.000109986
0.000476323
0.000109986
7.88574e-05
0.0490378
0.0254435
0.0116756
0.0213961
0.0102976
0.00478412
0.00530682
0.00264565
0.00104357
0.347261
0.551972
0.640976
0.555372
0.629528
0.608937
0.591675
0.570001
0.489027
0.622673
0.531601
0.407411
0.516158
0.397458
0.278636
0.374288
0.264668
0.171984
0.229176
0.150489
0.0910847
0.117181
0.0727324
0.0416788
0.0341627
0.0202151
0.0112305
0.482184
0.416546
0.326392
0.301256
0.242032
0.177802
0.100606
0.0770574
0.0540363
0.202726
0.222536
0.246149
0.254098
0.271767
0.288659
0.290311
0.29382
0.287487
0.273043
0.294704
0.303492
0.299237
0.293215
0.257328
0.26081
0.203435
0.101515
0.091944
-0.0356887
-0.210967
-0.224765
-0.408414
-0.621469
-0.673619
-0.868504
-1.05426
0.266066
0.234569
0.18164
0.124796
0.0421425
-0.069632
-0.178431
-0.316196
-0.479154
0.28238
0.213029
0.0756795
0.168933
0.0207504
-0.197973
-0.0674672
-0.289279
-0.557403
-0.155248
-0.446162
-0.765843
-0.493129
-0.795035
-1.05513
-0.852165
-1.08465
-1.20572
-1.14267
-1.21729
-1.14032
-1.22819
-1.11376
-0.860795
-1.07918
-0.800092
-0.440993
-0.445117
-0.697314
-0.943481
-0.858398
-1.06075
-1.19918
-1.20871
-1.28083
-1.24776
-1.38088
-1.26508
-1.04271
-1.29293
-1.0182
-0.674757
-0.998656
-0.64336
-0.273656
-0.710601
-0.342317
0.0238796
-0.280752
0.0725155
0.359564
0.083735
0.350194
0.520528
0.284538
0.434324
0.496675
0.274646
0.334899
0.339876
0.116049
0.127179
0.120276
-0.595218
-0.264024
0.0364669
-0.26169
-0.0389312
0.143785
-0.0557517
0.021333
0.0795917
-0.667363
-0.83813
-1.01323
-1.19434
-1.34461
-1.4699
-1.60695
-1.67769
-1.70332
-1.18644
-1.31808
-1.39241
-1.55292
-1.56147
-1.48234
-1.65992
-1.53304
-1.31556
-1.42541
-1.21289
-0.935016
-0.93315
-0.739943
-0.513464
-0.320115
-0.238841
-0.14903
-1.703
-1.65707
-1.573
-1.34569
-1.21247
-1.09282
-0.540336
-0.451306
-0.390725
