FiniteElementSpace
FiniteElementCollection: H1_2D_P4
VDim: 1
Ordering: 0

-0.00810155
9.35762e-14
9.35736e-14
7.76165e-35
9.3577e-14
7.76496e-35
9.3577e-14
7.7667e-35
9.35736e-14
7.76496e-35
7.76165e-35
-0.0625644
4.87272e-21
4.87272e-21
-0.0625646
4.87302e-21
4.87451e-21
-0.0625645
4.87525e-21
4.87533e-21
-0.0625645
4.87451e-21
4.87302e-21
-0.0625646
4.87272e-21
4.87272e-21
-0.164844
-0.164844
-0.164843
-0.164844
-0.164844
-0.0319599
-0.0813
-0.0812999
-0.0319598
-0.0813011
-0.0812998
-0.0319603
-0.0813005
-0.0813002
-0.0319603
-0.0812998
-0.0813013
-0.0319598
-0.0812999
-0.0813
0.0205791
1.39243e-16
-0.0561882
4.0102e-27
4.01022e-27
-0.0561879
1.39242e-16
0.0205792
1.39245e-16
-0.056189
4.01112e-27
4.01183e-27
-0.0561865
1.39265e-16
0.0205794
1.39274e-16
-0.0561879
4.01258e-27
4.0126e-27
-0.0561876
1.39276e-16
0.0205794
1.39265e-16
-0.0561864
4.01183e-27
4.01112e-27
-0.0561891
1.39245e-16
0.0205792
1.39242e-16
-0.0561879
4.01022e-27
4.0102e-27
-0.0561882
1.39243e-16
-0.0830423
-0.0830429
-0.0830436
-0.0830428
-0.0830423
0.0160969
-0.187954
0.0160971
0.0160966
-0.187951
0.0160972
0.0160965
-0.187944
0.0160967
0.0160972
-0.18795
0.0160966
0.0160971
-0.187954
0.0160969
-0.0114823
-0.0479006
-0.0479006
-0.0114823
-0.0710268
-0.0565152
-0.117105
-0.136961
-0.136961
-0.117105
-0.0565153
-0.0710269
-0.0479008
-0.0479011
-0.0114824
-0.0565157
-0.117106
-0.136962
-0.136961
-0.117106
-0.0565152
-0.0710275
-0.0479013
-0.0479013
-0.0114824
-0.0565153
-0.117107
-0.136962
-0.136961
-0.117107
-0.0565152
-0.0710275
-0.0479011
-0.0479007
-0.0114823
-0.0565152
-0.117106
-0.13696
-0.136962
-0.117106
-0.0565158
-0.0710269
-0.0479006
-0.0479006
-0.0565153
-0.117105
-0.136961
-0.136961
-0.117105
-0.0565152
-0.00291558
0.0201849
-0.0104382
0.0123788
5.76828e-15
0.0107799
1.31628e-18
-0.0147881
-0.00468806
-0.123046
-0.131121
-0.131121
-0.123046
7.06389e-24
-0.163214
8.91529e-31
8.91533e-31
-0.163214
7.06393e-24
-0.014788
-0.010438
0.020185
-0.00291561
-0.00468783
1.31628e-18
0.01078
5.76819e-15
0.0123789
0.0201849
-0.0104388
5.76822e-15
0.0107798
1.31633e-18
-0.014789
-0.00468898
-0.123046
-0.131121
-0.131118
-0.123044
7.0649e-24
-0.163211
8.91819e-31
8.91903e-31
-0.163209
7.06665e-24
-0.0147877
-0.0104375
0.0201852
-0.00291509
-0.00468748
1.31662e-18
0.0107799
5.76872e-15
0.0123789
0.0201851
-0.0104382
5.76887e-15
0.0107795
1.31675e-18
-0.0147898
-0.00468919
-0.123044
-0.131116
-0.131115
-0.123043
7.06784e-24
-0.163205
8.92086e-31
8.92087e-31
-0.163205
7.06791e-24
-0.0147898
-0.0104379
0.0201851
-0.00291503
-0.00468891
1.31678e-18
0.0107796
5.76892e-15
0.0123789
0.0201852
-0.0104375
5.76872e-15
0.0107799
1.31662e-18
-0.0147877
-0.00468741
-0.123044
-0.131118
-0.131121
-0.123046
7.06665e-24
-0.163209
8.91903e-31
8.91819e-31
-0.163211
7.0649e-24
-0.014789
-0.0104389
0.0201849
-0.00291561
-0.00468903
1.31633e-18
0.0107798
5.76822e-15
0.0123789
0.020185
-0.010438
5.76819e-15
0.01078
1.31628e-18
-0.014788
-0.00468783
-0.123046
-0.131121
-0.131121
-0.123046
7.06393e-24
-0.163214
8.91533e-31
8.91529e-31
-0.163214
7.06389e-24
-0.0147881
-0.0104382
0.0201849
-0.00468806
1.31628e-18
0.0107799
5.76828e-15
-0.0192967
-0.0838109
-0.158277
-0.0838111
-0.0192968
-0.0838113
-0.158278
-0.0838115
-0.019297
-0.0838118
-0.158279
-0.0838118
-0.0192968
-0.0838115
-0.158278
-0.0838113
-0.0192967
-0.0838111
-0.158277
-0.0838109
0.00414489
0.0106285
0.00735883
-0.0586948
-0.154376
-0.0772675
-0.159842
-0.0772675
0.00414496
-0.0586945
0.00735893
0.0106286
0.00414468
0.0106285
0.00735827
-0.058696
-0.154375
-0.0772674
-0.15984
-0.077265
0.00414533
-0.0586937
0.0073587
0.0106286
0.00414523
0.0106285
0.00735737
-0.0586949
-0.15437
-0.077265
-0.159835
-0.077265
0.00414535
-0.0586945
0.00735744
0.0106286
0.00414535
0.0106286
0.00735871
-0.0586935
-0.154375
-0.0772649
-0.15984
-0.0772675
0.00414463
-0.0586962
0.00735828
0.0106285
0.00414496
0.0106286
0.00735893
-0.0586945
-0.154376
-0.0772675
-0.159842
-0.0772675
0.00414489
-0.0586948
0.00735883
0.0106285
-0.00818955
-0.00877818
-0.0102148
-0.0120586
-0.013859
-0.0169381
-0.0120586
-0.013859
-0.0169381
-0.00818956
-0.00877819
-0.0102148
-0.0264089
-0.0183583
-0.0132484
-0.0339239
-0.0383969
-0.0441496
-0.0410441
-0.0301418
-0.0223001
-0.0754383
-0.0625454
-0.0522687
-0.0754383
-0.0625454
-0.0522687
-0.0410441
-0.0301418
-0.0223001
-0.0339239
-0.0383969
-0.0441496
-0.0264088
-0.0183582
-0.0132484
-0.0383208
-0.0518861
-0.0652435
-0.0726463
-0.0761296
-0.0806873
-0.0552399
-0.0691897
-0.0803232
-0.0698928
-0.0771437
-0.0752192
-0.0601793
-0.0569533
-0.0559194
-0.0665623
-0.0802952
-0.0850419
-0.0741438
-0.063929
-0.0580543
-0.0929095
-0.109555
-0.11707
-0.109449
-0.0969718
-0.0875956
-0.0908531
-0.104787
-0.114693
-0.125255
-0.140741
-0.15367
-0.125255
-0.140741
-0.15367
-0.0908532
-0.104787
-0.114693
-0.0895912
-0.107684
-0.127108
-0.146738
-0.158573
-0.160781
-0.165037
-0.159063
-0.145952
-0.165037
-0.159063
-0.145952
-0.146737
-0.158573
-0.160781
-0.0895911
-0.107684
-0.127108
-0.0929095
-0.109555
-0.11707
-0.0552399
-0.0691898
-0.0803233
-0.0726464
-0.0761298
-0.0806875
-0.0383208
-0.0518861
-0.0652436
-0.109449
-0.0969719
-0.0875957
-0.0741437
-0.063929
-0.0580543
-0.0665625
-0.0802953
-0.0850421
-0.0601795
-0.0569535
-0.0559195
-0.069893
-0.0771439
-0.0752193
-0.0120586
-0.013859
-0.0169382
-0.0120587
-0.0138591
-0.0169382
-0.00818956
-0.00877821
-0.0102148
-0.0339239
-0.0383969
-0.0441497
-0.0410443
-0.0301419
-0.0223002
-0.0754388
-0.0625458
-0.0522689
-0.0754389
-0.062546
-0.0522692
-0.0410445
-0.0301421
-0.0223003
-0.0339243
-0.0383973
-0.04415
-0.0264092
-0.0183585
-0.0132485
-0.0726465
-0.0761298
-0.0806876
-0.0552401
-0.06919
-0.0803235
-0.0601796
-0.0569537
-0.0559199
-0.0665629
-0.0802957
-0.0850423
-0.0741448
-0.0639298
-0.0580549
-0.0929106
-0.109556
-0.117071
-0.10945
-0.0969724
-0.087596
-0.0908537
-0.104787
-0.114693
-0.125255
-0.140742
-0.153671
-0.125255
-0.140742
-0.153671
-0.0908538
-0.104787
-0.114693
-0.0895923
-0.107685
-0.127109
-0.146738
-0.158574
-0.160782
-0.165037
-0.159063
-0.145953
-0.165037
-0.159062
-0.145951
-0.146737
-0.158573
-0.160782
-0.089591
-0.107684
-0.127108
-0.0929095
-0.109555
-0.11707
-0.0552405
-0.0691904
-0.0803238
-0.072647
-0.0761303
-0.080688
-0.0383212
-0.0518867
-0.0652442
-0.10945
-0.0969724
-0.0875962
-0.0741437
-0.0639289
-0.0580543
-0.0665625
-0.0802955
-0.0850424
-0.0601794
-0.0569534
-0.0559194
-0.0698931
-0.0771442
-0.0752198
-0.0120587
-0.0138592
-0.0169383
-0.0120587
-0.0138592
-0.0169383
-0.00818956
-0.00877821
-0.0102148
-0.0339243
-0.0383974
-0.0441502
-0.0410447
-0.0301422
-0.0223004
-0.0754395
-0.0625464
-0.0522694
-0.0754395
-0.0625464
-0.0522695
-0.0410447
-0.0301423
-0.0223004
-0.0339244
-0.0383974
-0.0441502
-0.0264092
-0.0183585
-0.0132485
-0.072647
-0.0761303
-0.0806881
-0.0552407
-0.0691906
-0.0803241
-0.0601794
-0.0569534
-0.0559195
-0.0665626
-0.0802957
-0.0850427
-0.0741442
-0.0639292
-0.0580544
-0.0929102
-0.109556
-0.117071
-0.10945
-0.0969729
-0.0875965
-0.0908545
-0.104788
-0.114694
-0.125256
-0.140743
-0.153672
-0.125256
-0.140743
-0.153672
-0.0908545
-0.104788
-0.114694
-0.0895917
-0.107685
-0.127109
-0.146738
-0.158574
-0.160783
-0.165037
-0.159062
-0.145952
-0.165036
-0.159062
-0.145952
-0.146738
-0.158574
-0.160783
-0.0895915
-0.107684
-0.127108
-0.09291
-0.109555
-0.117071
-0.0552407
-0.0691907
-0.0803241
-0.0726471
-0.0761304
-0.0806882
-0.0383213
-0.0518868
-0.0652442
-0.10945
-0.0969729
-0.0875966
-0.0741439
-0.0639291
-0.0580543
-0.0665626
-0.0802957
-0.0850427
-0.0601794
-0.0569534
-0.0559194
-0.0698931
-0.0771442
-0.0752199
-0.0120587
-0.0138591
-0.0169382
-0.0120586
-0.013859
-0.0169382
-0.00818956
-0.00877819
-0.0102148
-0.0339243
-0.0383974
-0.0441501
-0.0410445
-0.0301421
-0.0223003
-0.0754388
-0.0625459
-0.0522692
-0.0754388
-0.0625457
-0.0522689
-0.0410442
-0.0301419
-0.0223002
-0.0339239
-0.0383969
-0.0441496
-0.0264088
-0.0183582
-0.0132484
-0.072647
-0.0761303
-0.080688
-0.0552405
-0.0691904
-0.0803239
-0.0601795
-0.0569534
-0.0559195
-0.0665625
-0.0802956
-0.0850425
-0.0741436
-0.063929
-0.0580543
-0.0929094
-0.109555
-0.11707
-0.109449
-0.0969724
-0.0875962
-0.0908537
-0.104787
-0.114693
-0.125255
-0.140742
-0.153671
-0.125255
-0.140742
-0.153671
-0.0908536
-0.104787
-0.114693
-0.0895909
-0.107684
-0.127107
-0.146737
-0.158573
-0.160782
-0.165037
-0.159062
-0.145951
-0.165038
-0.159063
-0.145953
-0.146739
-0.158574
-0.160782
-0.0895925
-0.107686
-0.127109
-0.0929107
-0.109556
-0.117071
-0.05524
-0.0691899
-0.0803235
-0.0726465
-0.0761298
-0.0806876
-0.0383208
-0.0518861
-0.0652436
-0.10945
-0.0969724
-0.087596
-0.0741449
-0.0639299
-0.058055
-0.066563
-0.0802957
-0.0850423
-0.0601796
-0.0569537
-0.0559199
-0.069893
-0.0771439
-0.0752193
-0.0120586
-0.013859
-0.0169381
-0.0120586
-0.013859
-0.0169381
-0.0339239
-0.0383969
-0.0441496
-0.0410441
-0.0301418
-0.0223001
-0.0754383
-0.0625454
-0.0522687
-0.0754383
-0.0625454
-0.0522687
-0.0410441
-0.0301418
-0.0223001
-0.0339239
-0.0383969
-0.0441496
-0.0726464
-0.0761298
-0.0806875
-0.0552399
-0.0691898
-0.0803233
-0.0601795
-0.0569535
-0.0559195
-0.0665625
-0.0802953
-0.0850421
-0.0741437
-0.063929
-0.0580543
-0.0929095
-0.109555
-0.11707
-0.109449
-0.0969719
-0.0875957
-0.0908532
-0.104787
-0.114693
-0.125255
-0.140741
-0.15367
-0.125255
-0.140741
-0.15367
-0.0908531
-0.104787
-0.114693
-0.0895911
-0.107684
-0.127108
-0.146737
-0.158573
-0.160781
-0.165037
-0.159063
-0.145952
-0.165037
-0.159063
-0.145952
-0.146738
-0.158573
-0.160781
-0.0895912
-0.107684
-0.127108
-0.0929095
-0.109555
-0.11707
-0.0552399
-0.0691897
-0.0803232
-0.0726463
-0.0761296
-0.0806873
-0.109449
-0.0969718
-0.0875956
-0.0741438
-0.063929
-0.0580543
-0.0665623
-0.0802952
-0.0850419
-0.0601793
-0.0569533
-0.0559194
-0.0533315
-0.0328277
-0.0123297
-0.000486878
0.00271042
0.00415071
-0.0453098
-0.0233401
-0.00398113
0.0200095
0.0153947
0.00502238
0.0205696
0.0204684
0.020317
0.020443
0.0180764
0.0105644
0.0175189
0.0191921
0.0199787
0.0148954
0.00923268
-0.00200866
-0.00572215
0.000451331
0.00354506
-0.0685212
-0.0433878
-0.020534
0.0202127
0.0178278
0.0143579
0.0118323
0.0110839
0.0107119
0.0192275
0.0162346
0.0126
0.00267662
0.00662634
0.0104059
6.18433e-14
2.61216e-14
9.97893e-15
0.00176227
0.00515248
0.0086995
2.83215e-16
1.00764e-15
3.24242e-15
0.00194579
0.00554294
0.00902057
0.0107818
0.0106842
0.0106128
0.0163647
0.0150863
0.012446
0.0106981
0.0101391
0.00868396
-0.00018675
0.00518934
0.00727518
0.0141809
0.0088702
0.000834493
6.65722e-17
1.52214e-17
3.14772e-18
0.00173034
0.00479782
0.00688412
1.37e-20
9.00439e-20
5.35258e-19
-0.00250641
-0.00632774
-0.0111747
-0.00858112
9.70876e-05
0.00550412
-0.0465062
-0.0309618
-0.0193622
-0.0449781
-0.0262721
-0.0111801
-0.0162344
-0.0302914
-0.0480846
-0.12523
-0.0994751
-0.0723498
-0.0105227
-0.0255989
-0.0460199
-0.066756
-0.0886022
-0.111384
-0.112926
-0.0918083
-0.0698895
-0.162259
-0.15133
-0.133975
-0.132085
-0.145458
-0.152963
-0.132085
-0.145458
-0.152963
-0.162259
-0.151329
-0.133975
-0.0681926
-0.0925845
-0.117935
-0.138305
-0.148761
-0.154015
-0.182003
-0.165417
-0.143806
-0.182003
-0.165417
-0.143806
-0.138305
-0.148761
-0.154015
-0.0681923
-0.0925843
-0.117935
-0.0667557
-0.0886019
-0.111383
-0.0222817
-0.0402782
-0.0632956
-0.123045
-0.106008
-0.0875076
1.68532e-21
2.08594e-22
2.33506e-23
-0.0170551
-0.0441833
-0.0665626
1.55856e-26
1.89234e-25
2.07802e-24
-0.0369176
-0.0987155
-0.145363
-0.150398
-0.121959
-0.0922145
-0.191519
-0.190355
-0.176519
-0.173405
-0.182314
-0.173106
-0.173405
-0.182314
-0.173106
-0.191519
-0.190355
-0.176519
1.00338e-27
6.72271e-29
4.07378e-30
-0.0312406
-0.0910567
-0.140783
4.16985e-34
9.35274e-33
1.89729e-31
4.16986e-34
9.35276e-33
1.8973e-31
-0.0312406
-0.0910567
-0.140783
1.00339e-27
6.72275e-29
4.0738e-30
-0.0369176
-0.0987155
-0.145363
-0.123045
-0.106008
-0.0875075
-0.0222816
-0.0402781
-0.0632955
-0.046506
-0.0309616
-0.019362
-0.150397
-0.121959
-0.0922144
1.55857e-26
1.89235e-25
2.07803e-24
-0.0170551
-0.0441832
-0.0665625
1.68532e-21
2.08594e-22
2.33507e-23
-0.00250639
-0.00632768
-0.0111746
-0.0453099
-0.0233402
-0.00398108
-0.000486879
0.00271045
0.00415077
-0.0533317
-0.0328278
-0.0123298
-0.0685211
-0.0433877
-0.0205339
-0.005722
0.00045145
0.00354515
0.0148956
0.00923286
-0.00200848
0.017519
0.0191922
0.0199789
0.0204431
0.0180765
0.0105645
0.0205697
0.0204685
0.0203171
0.0200096
0.0153948
0.00502239
-0.125229
-0.0994748
-0.0723494
-0.0162342
-0.0302911
-0.0480843
-0.112925
-0.091808
-0.0698891
-0.0449778
-0.0262718
-0.0111799
-0.0105225
-0.0255986
-0.0460196
0.014181
0.00887038
0.000834702
-0.000186551
0.00518949
0.0072753
0.0106982
0.0101392
0.00868405
0.0163649
0.0150864
0.0124461
-0.00858101
9.71959e-05
0.00550422
1.37e-20
9.00439e-20
5.35258e-19
0.00173036
0.00479786
0.0068842
6.65718e-17
1.52214e-17
3.14771e-18
0.0019458
0.00554297
0.00902062
0.0192276
0.0162346
0.0126
0.0118323
0.0110839
0.0107119
0.0202128
0.0178279
0.014358
0.0107819
0.0106843
0.0106128
2.83213e-16
1.00763e-15
3.24237e-15
0.00176227
0.0051525
0.00869954
6.18417e-14
2.61211e-14
9.97875e-15
0.00267663
0.00662636
0.0104059
-0.000486924
0.00271033
0.00415055
-0.0453104
-0.0233406
-0.0039814
0.0205697
0.0204685
0.0203171
0.020443
0.0180763
0.0105643
0.0175187
0.019192
0.0199787
0.0148951
0.00923223
-0.00200926
-0.00572272
0.000450934
0.0035448
-0.0685222
-0.0433888
-0.0205348
0.0118323
0.0110839
0.0107119
0.0192275
0.0162346
0.0126
6.18418e-14
2.61211e-14
9.97879e-15
0.00176227
0.00515249
0.00869951
2.83217e-16
1.00764e-15
3.2424e-15
0.00194576
0.00554286
0.00902045
0.0107817
0.0106842
0.0106128
0.0163645
0.0150861
0.0124459
0.0106979
0.0101388
0.00868348
-0.000187626
0.00518857
0.00727455
0.0141805
0.00886958
0.000833667
6.65731e-17
1.52218e-17
3.14781e-18
0.00173022
0.0047975
0.00688364
1.37008e-20
9.00482e-20
5.35279e-19
-0.00250658
-0.00632823
-0.0111754
-0.00858198
9.62948e-05
0.00550347
-0.0465071
-0.0309628
-0.0193631
-0.0449791
-0.0262732
-0.0111811
-0.0162352
-0.0302924
-0.0480857
-0.125231
-0.0994762
-0.0723509
-0.0105237
-0.0255999
-0.046021
-0.0667568
-0.0886028
-0.111384
-0.112926
-0.0918092
-0.0698906
-0.162259
-0.15133
-0.133975
-0.132085
-0.145457
-0.152961
-0.132083
-0.145456
-0.152961
-0.162259
-0.151328
-0.133973
-0.0681933
-0.0925847
-0.117935
-0.138304
-0.148759
-0.154014
-0.181999
-0.165415
-0.143804
-0.181999
-0.165413
-0.143802
-0.138302
-0.148758
-0.154013
-0.0681907
-0.0925821
-0.117933
-0.0667542
-0.0886002
-0.111382
-0.0222825
-0.0402788
-0.0632958
-0.123044
-0.106008
-0.0875075
1.68544e-21
2.08615e-22
2.33536e-23
-0.017055
-0.0441832
-0.0665625
1.5589e-26
1.89269e-25
2.07835e-24
-0.036917
-0.0987141
-0.145361
-0.150395
-0.121957
-0.092214
-0.191515
-0.190352
-0.176516
-0.173402
-0.182311
-0.173103
-0.173401
-0.18231
-0.173103
-0.191515
-0.190351
-0.176515
1.00363e-27
6.72458e-29
4.07504e-30
-0.0312403
-0.0910555
-0.140781
4.17156e-34
9.35625e-33
1.89794e-31
4.17163e-34
9.3567e-33
1.89809e-31
-0.0312402
-0.0910553
-0.140781
1.0038e-27
6.7255e-29
4.07549e-30
-0.0369165
-0.0987126
-0.145359
-0.123042
-0.106005
-0.0875049
-0.022281
-0.0402769
-0.0632935
-0.0465048
-0.0309608
-0.0193616
-0.150393
-0.121955
-0.0922114
1.55919e-26
1.89309e-25
2.07884e-24
-0.0170544
-0.0441816
-0.0665603
1.68595e-21
2.08673e-22
2.33597e-23
-0.00250632
-0.00632755
-0.0111743
-0.0453097
-0.0233398
-0.00398071
-0.000486399
0.00271087
0.00415115
-0.0533315
-0.0328274
-0.0123293
-0.0685209
-0.0433873
-0.0205334
-0.0057216
0.000451816
0.00354552
0.0148958
0.00923318
-0.00200807
0.0175192
0.0191924
0.019979
0.0204433
0.0180768
0.0105649
0.0205699
0.0204687
0.0203173
0.0200099
0.0153952
0.0050229
-0.125229
-0.0994741
-0.0723486
-0.0162337
-0.0302905
-0.0480836
-0.112924
-0.0918068
-0.0698882
-0.0449767
-0.0262711
-0.0111794
-0.010522
-0.0255979
-0.0460187
0.0141812
0.00887057
0.000834985
-0.000186329
0.00518948
0.00727512
0.0106981
0.010139
0.00868383
0.016365
0.0150864
0.0124461
-0.0085809
9.70536e-05
0.00550399
1.37048e-20
9.00719e-20
5.35405e-19
0.00173027
0.00479764
0.00688394
6.65837e-17
1.52246e-17
3.14846e-18
0.00194577
0.0055429
0.00902054
0.0192277
0.0162347
0.0126001
0.0118323
0.011084
0.010712
0.020213
0.017828
0.014358
0.0107818
0.0106843
0.0106129
2.83255e-16
1.00775e-15
3.24271e-15
0.00176228
0.00515251
0.00869956
6.18445e-14
2.61227e-14
9.97956e-15
0.00267662
0.00662636
0.0104059
-0.000486402
0.00271086
0.00415109
-0.0453098
-0.0233399
-0.0039808
0.0205699
0.0204687
0.0203172
0.0204432
0.0180767
0.0105648
0.0175187
0.0191921
0.0199789
0.0148951
0.00923249
-0.00200875
-0.00572212
0.000451512
0.00354536
-0.0685215
-0.043388
-0.0205341
0.0118323
0.011084
0.0107119
0.0192276
0.0162346
0.0126
6.18448e-14
2.6123e-14
9.97977e-15
0.00176226
0.00515248
0.00869951
2.83271e-16
1.0078e-15
3.24281e-15
0.00194568
0.00554268
0.00902021
0.0107815
0.0106841
0.0106128
0.0163643
0.0150859
0.0124456
0.0106976
0.0101382
0.00868271
-0.00018804
0.00518784
0.00727366
0.0141804
0.00886941
0.000833448
6.65882e-17
1.52258e-17
3.14876e-18
0.00172997
0.00479686
0.00688278
1.37067e-20
9.00831e-20
5.35464e-19
-0.00250681
-0.00632887
-0.0111762
-0.00858295
9.51903e-05
0.00550246
-0.0465065
-0.0309629
-0.0193637
-0.0449784
-0.0262731
-0.0111813
-0.0162345
-0.0302916
-0.0480848
-0.12523
-0.0994751
-0.0723498
-0.0105237
-0.0255994
-0.0460201
-0.0667553
-0.0886006
-0.111382
-0.112924
-0.0918077
-0.0698894
-0.162258
-0.151328
-0.133973
-0.132082
-0.145454
-0.152957
-0.132082
-0.145453
-0.152957
-0.162258
-0.151327
-0.133972
-0.0681917
-0.0925819
-0.117931
-0.138299
-0.148754
-0.154009
-0.181992
-0.165408
-0.143799
-0.181992
-0.165408
-0.143798
-0.138298
-0.148754
-0.154009
-0.0681914
-0.0925816
-0.117931
-0.0667549
-0.0886002
-0.111381
-0.022283
-0.0402784
-0.0632942
-0.123039
-0.106004
-0.0875046
1.6862e-21
2.08706e-22
2.33635e-23
-0.0170545
-0.0441819
-0.0665605
1.55948e-26
1.89343e-25
2.0792e-24
-0.0369158
-0.0987107
-0.145356
-0.15039
-0.121953
-0.0922108
-0.191508
-0.190345
-0.17651
-0.173396
-0.182305
-0.173098
-0.173396
-0.182305
-0.173098
-0.191508
-0.190345
-0.17651
1.00399e-27
6.72681e-29
4.07631e-30
-0.0312395
-0.0910532
-0.140777
4.17255e-34
9.35871e-33
1.89848e-31
4.17255e-34
9.35871e-33
1.89848e-31
-0.0312395
-0.0910532
-0.140777
1.00399e-27
6.72683e-29
4.07632e-30
-0.0369158
-0.0987106
-0.145356
-0.123039
-0.106004
-0.0875045
-0.022283
-0.0402784
-0.0632941
-0.0465062
-0.0309627
-0.0193637
-0.15039
-0.121953
-0.0922107
1.55949e-26
1.89344e-25
2.07921e-24
-0.0170545
-0.0441819
-0.0665605
1.68623e-21
2.08709e-22
2.33638e-23
-0.00250684
-0.00632891
-0.0111763
-0.0453097
-0.0233398
-0.00398068
-0.000486334
0.00271094
0.0041512
-0.0533315
-0.0328274
-0.0123292
-0.0685213
-0.0433877
-0.0205338
-0.0057219
0.000451685
0.0035455
0.0148953
0.0092327
-0.00200851
0.0175188
0.0191922
0.0199789
0.0204432
0.0180768
0.0105649
0.0205699
0.0204687
0.0203173
0.02001
0.0153953
0.00502296
-0.12523
-0.0994747
-0.0723493
-0.0162342
-0.0302913
-0.0480844
-0.112924
-0.0918072
-0.0698889
-0.0449781
-0.0262727
-0.011181
-0.0105234
-0.025599
-0.0460197
0.0141805
0.00886962
0.000833701
-0.000187807
0.005188
0.00727376
0.0106976
0.0101383
0.00868278
0.0163645
0.015086
0.0124457
-0.00858293
9.52431e-05
0.00550253
1.3707e-20
9.00847e-20
5.35473e-19
0.00172997
0.00479688
0.00688282
6.65892e-17
1.5226e-17
3.14881e-18
0.00194569
0.0055427
0.00902025
0.0192277
0.0162347
0.0126
0.0118324
0.011084
0.010712
0.020213
0.017828
0.014358
0.0107816
0.0106841
0.0106128
2.83274e-16
1.00781e-15
3.24284e-15
0.00176227
0.00515249
0.00869953
6.18448e-14
2.61231e-14
9.97984e-15
0.00267662
0.00662636
0.010406
-0.000486351
0.0027109
0.00415117
-0.0453098
-0.0233399
-0.0039807
0.02057
0.0204688
0.0203173
0.0204433
0.0180768
0.0105649
0.0175192
0.0191924
0.019979
0.0148958
0.00923322
-0.00200804
-0.00572157
0.000451831
0.00354553
-0.0685209
-0.0433873
-0.0205334
0.0118324
0.011084
0.010712
0.0192278
0.0162347
0.0126001
6.18445e-14
2.61227e-14
9.97956e-15
0.00176228
0.00515252
0.00869957
2.83255e-16
1.00775e-15
3.24271e-15
0.00194577
0.0055429
0.00902055
0.0107818
0.0106843
0.0106129
0.016365
0.0150864
0.0124461
0.0106981
0.010139
0.00868385
-0.000186277
0.00518951
0.00727514
0.0141812
0.00887061
0.000835038
6.65837e-17
1.52246e-17
3.14846e-18
0.00173027
0.00479765
0.00688395
1.37048e-20
9.00719e-20
5.35405e-19
-0.00250632
-0.00632754
-0.0111743
-0.00858086
9.70795e-05
0.00550401
-0.0465047
-0.0309607
-0.0193615
-0.0449766
-0.026271
-0.0111793
-0.0162337
-0.0302905
-0.0480835
-0.125229
-0.099474
-0.0723485
-0.0105219
-0.0255978
-0.0460186
-0.066754
-0.0886
-0.111382
-0.112924
-0.0918066
-0.069888
-0.162259
-0.151328
-0.133973
-0.132083
-0.145456
-0.152961
-0.132085
-0.145458
-0.152962
-0.162259
-0.15133
-0.133975
-0.0681906
-0.092582
-0.117932
-0.138302
-0.148758
-0.154013
-0.181999
-0.165413
-0.143802
-0.181999
-0.165415
-0.143804
-0.138304
-0.148759
-0.154014
-0.0681934
-0.0925848
-0.117935
-0.0667569
-0.088603
-0.111384
-0.022281
-0.0402769
-0.0632934
-0.123041
-0.106005
-0.0875048
1.68595e-21
2.08673e-22
2.33597e-23
-0.0170544
-0.0441815
-0.0665602
1.55919e-26
1.89309e-25
2.07884e-24
-0.0369165
-0.0987126
-0.145359
-0.150393
-0.121955
-0.0922113
-0.191515
-0.190351
-0.176514
-0.173401
-0.18231
-0.173103
-0.173402
-0.182311
-0.173103
-0.191515
-0.190352
-0.176516
1.0038e-27
6.7255e-29
4.07549e-30
-0.0312402
-0.0910553
-0.140781
4.17163e-34
9.3567e-33
1.89809e-31
4.17156e-34
9.35625e-33
1.89794e-31
-0.0312403
-0.0910556
-0.140781
1.00363e-27
6.72458e-29
4.07504e-30
-0.0369171
-0.0987142
-0.145361
-0.123044
-0.106008
-0.0875075
-0.0222825
-0.0402789
-0.0632958
-0.0465072
-0.0309628
-0.0193631
-0.150395
-0.121957
-0.092214
1.5589e-26
1.89269e-25
2.07835e-24
-0.017055
-0.0441832
-0.0665625
1.68544e-21
2.08615e-22
2.33536e-23
-0.00250658
-0.00632824
-0.0111754
-0.0453105
-0.0233407
-0.00398147
-0.000486936
0.0027103
0.00415051
-0.0533317
-0.0328278
-0.0123298
-0.0685224
-0.0433889
-0.0205349
-0.00572282
0.000450855
0.00354474
0.0148951
0.00923219
-0.00200934
0.0175187
0.019192
0.0199787
0.020443
0.0180763
0.0105642
0.0205697
0.0204685
0.0203171
0.0200096
0.0153948
0.00502239
-0.125231
-0.0994765
-0.0723511
-0.0162353
-0.0302925
-0.0480859
-0.112927
-0.0918095
-0.0698908
-0.0449792
-0.0262733
-0.0111812
-0.0105238
-0.0256
-0.0460212
0.0141804
0.00886957
0.000833633
-0.000187654
0.00518856
0.00727455
0.0106979
0.0101388
0.00868349
0.0163645
0.0150861
0.0124459
-0.00858199
9.6293e-05
0.00550347
1.37008e-20
9.00482e-20
5.35279e-19
0.00173022
0.00479751
0.00688365
6.65731e-17
1.52218e-17
3.14781e-18
0.00194576
0.00554286
0.00902045
0.0192275
0.0162346
0.0126
0.0118323
0.0110839
0.0107119
0.0202128
0.0178279
0.014358
0.0107817
0.0106842
0.0106128
2.83217e-16
1.00764e-15
3.2424e-15
0.00176227
0.00515249
0.00869952
6.18418e-14
2.61211e-14
9.97879e-15
0.00267663
0.00662636
0.0104059
-0.000486879
0.00271045
0.00415077
-0.0453099
-0.0233402
-0.00398108
0.0205697
0.0204685
0.0203171
0.0204431
0.0180765
0.0105645
0.017519
0.0191922
0.0199789
0.0148956
0.00923286
-0.00200848
-0.005722
0.00045145
0.00354515
-0.0685211
-0.0433877
-0.0205339
0.0118323
0.0110839
0.0107119
0.0192276
0.0162346
0.0126
6.18417e-14
2.61211e-14
9.97875e-15
0.00176227
0.0051525
0.00869954
2.83213e-16
1.00763e-15
3.24237e-15
0.0019458
0.00554297
0.00902062
0.0107819
0.0106843
0.0106128
0.0163649
0.0150864
0.0124461
0.0106982
0.0101392
0.00868405
-0.000186551
0.00518949
0.0072753
0.014181
0.00887038
0.000834702
6.65718e-17
1.52214e-17
3.14771e-18
0.00173036
0.00479786
0.0068842
1.37e-20
9.00439e-20
5.35258e-19
-0.00250639
-0.00632768
-0.0111746
-0.00858101
9.71959e-05
0.00550422
-0.046506
-0.0309616
-0.019362
-0.0449778
-0.0262718
-0.0111799
-0.0162342
-0.0302911
-0.0480843
-0.125229
-0.0994748
-0.0723494
-0.0105225
-0.0255986
-0.0460196
-0.0667557
-0.0886019
-0.111383
-0.112925
-0.091808
-0.0698891
-0.162259
-0.151329
-0.133975
-0.132085
-0.145458
-0.152963
-0.132085
-0.145458
-0.152963
-0.162259
-0.15133
-0.133975
-0.0681923
-0.0925843
-0.117935
-0.138305
-0.148761
-0.154015
-0.182003
-0.165417
-0.143806
-0.182003
-0.165417
-0.143806
-0.138305
-0.148761
-0.154015
-0.0681926
-0.0925845
-0.117935
-0.066756
-0.0886022
-0.111384
-0.0222816
-0.0402781
-0.0632955
-0.123045
-0.106008
-0.0875075
1.68532e-21
2.08594e-22
2.33507e-23
-0.0170551
-0.0441832
-0.0665625
1.55857e-26
1.89235e-25
2.07803e-24
-0.0369176
-0.0987155
-0.145363
-0.150397
-0.121959
-0.0922144
-0.191519
-0.190355
-0.176519
-0.173405
-0.182314
-0.173106
-0.173405
-0.182314
-0.173106
-0.191519
-0.190355
-0.176519
1.00339e-27
6.72275e-29
4.0738e-30
-0.0312406
-0.0910567
-0.140783
4.16986e-34
9.35276e-33
1.8973e-31
4.16985e-34
9.35274e-33
1.89729e-31
-0.0312406
-0.0910567
-0.140783
1.00338e-27
6.72271e-29
4.07378e-30
-0.0369176
-0.0987155
-0.145363
-0.123045
-0.106008
-0.0875076
-0.0222817
-0.0402782
-0.0632956
-0.0465062
-0.0309618
-0.0193622
-0.150398
-0.121959
-0.0922145
1.55856e-26
1.89234e-25
2.07802e-24
-0.0170551
-0.0441833
-0.0665626
1.68532e-21
2.08594e-22
2.33506e-23
-0.00250641
-0.00632774
-0.0111747
-0.0453098
-0.0233401
-0.00398113
-0.000486878
0.00271042
0.00415071
-0.0685212
-0.0433878
-0.020534
-0.00572215
0.000451331
0.00354506
0.0148954
0.00923268
-0.00200866
0.0175189
0.0191921
0.0199787
0.020443
0.0180764
0.0105644
0.0205696
0.0204684
0.020317
-0.12523
-0.0994751
-0.0723498
-0.0162344
-0.0302914
-0.0480846
-0.112926
-0.0918083
-0.0698895
-0.0449781
-0.0262721
-0.0111801
-0.0105227
-0.0255989
-0.0460199
0.0141809
0.0088702
0.000834493
-0.00018675
0.00518934
0.00727518
0.0106981
0.0101391
0.00868396
0.0163647
0.0150863
0.012446
-0.00858112
9.70876e-05
0.00550412
1.37e-20
9.00439e-20
5.35258e-19
0.00173034
0.00479782
0.00688412
6.65722e-17
1.52214e-17
3.14772e-18
0.00194579
0.00554294
0.00902057
0.0192275
0.0162346
0.0126
0.0118323
0.0110839
0.0107119
0.0107818
0.0106842
0.0106128
2.83215e-16
1.00764e-15
3.24242e-15
0.00176227
0.00515248
0.0086995
6.18433e-14
2.61216e-14
9.97893e-15
-0.00831137
-0.00902256
-0.0106435
-0.00902256
-0.0100405
-0.0121234
-0.0106435
-0.0121234
-0.0148152
-0.0139972
-0.0195462
-0.0281139
-0.0161785
-0.0226024
-0.0321317
-0.0196955
-0.0270394
-0.0374843
-0.0255636
-0.0338982
-0.0452439
-0.0338982
-0.0431402
-0.055235
-0.0452439
-0.055235
-0.0679178
-0.0139971
-0.0161785
-0.0196955
-0.0195461
-0.0226024
-0.0270393
-0.0281139
-0.0321316
-0.0374843
-0.0405076
-0.0542493
-0.0672759
-0.0453363
-0.0592547
-0.0715512
-0.0513689
-0.06533
-0.0768483
-0.0762668
-0.0768124
-0.0681345
-0.0787135
-0.0768848
-0.0658772
-0.0823473
-0.0785035
-0.0656135
-0.0884522
-0.08291
-0.0684256
-0.0972677
-0.0905352
-0.0748774
-0.109434
-0.102019
-0.0855662
-0.0597226
-0.0736491
-0.0844223
-0.0701673
-0.0840537
-0.0942713
-0.0831957
-0.0970858
-0.107006
-0.0987125
-0.112742
-0.122757
-0.112742
-0.127118
-0.137783
-0.122757
-0.137783
-0.149752
-0.125287
-0.117914
-0.101282
-0.141308
-0.13499
-0.119175
-0.155338
-0.151345
-0.137711
-0.164257
-0.164203
-0.15463
-0.164203
-0.16906
-0.164935
-0.15463
-0.164935
-0.167325
-0.125287
-0.141308
-0.155338
-0.117914
-0.13499
-0.151345
-0.101282
-0.119175
-0.13771
-0.0405076
-0.0453362
-0.0513689
-0.0542493
-0.0592547
-0.0653301
-0.067276
-0.0715513
-0.0768484
-0.0597226
-0.0701673
-0.0831958
-0.0736491
-0.0840538
-0.0970858
-0.0844224
-0.0942714
-0.107006
-0.0884523
-0.0972678
-0.109434
-0.0829101
-0.0905353
-0.102019
-0.0684257
-0.0748775
-0.0855662
-0.076267
-0.0787137
-0.0823475
-0.0768127
-0.076885
-0.0785037
-0.0681347
-0.0658774
-0.0656136
-0.00831138
-0.00902257
-0.0106435
-0.00902259
-0.0100405
-0.0121235
-0.0106436
-0.0121235
-0.0148152
-0.0139972
-0.0195461
-0.0281139
-0.0161785
-0.0226024
-0.0321317
-0.0196956
-0.0270394
-0.0374844
-0.0255637
-0.0338984
-0.0452441
-0.0338985
-0.0431405
-0.0552353
-0.0452443
-0.0552355
-0.0679182
-0.0139973
-0.0161786
-0.0196956
-0.0195464
-0.0226027
-0.0270396
-0.0281142
-0.0321321
-0.0374847
-0.0405076
-0.0542493
-0.067276
-0.0453363
-0.0592547
-0.0715513
-0.051369
-0.0653302
-0.0768486
-0.076267
-0.0768127
-0.0681348
-0.0787137
-0.0768851
-0.0658776
-0.0823477
-0.078504
-0.065614
-0.0884527
-0.0829106
-0.0684262
-0.0972683
-0.0905359
-0.0748782
-0.109435
-0.10202
-0.0855672
-0.0597229
-0.0736493
-0.0844227
-0.0701677
-0.0840541
-0.0942718
-0.0831963
-0.0970864
-0.107006
-0.0987131
-0.112742
-0.122757
-0.112742
-0.127119
-0.137784
-0.122757
-0.137784
-0.149753
-0.125288
-0.117915
-0.101283
-0.141309
-0.134991
-0.119176
-0.155339
-0.151346
-0.137712
-0.164258
-0.164204
-0.154631
-0.164203
-0.16906
-0.164935
-0.15463
-0.164935
-0.167325
-0.125287
-0.141309
-0.155339
-0.117914
-0.13499
-0.151345
-0.101282
-0.119175
-0.13771
-0.0405081
-0.0453368
-0.0513694
-0.0542499
-0.0592553
-0.0653306
-0.0672766
-0.0715518
-0.076849
-0.0597232
-0.0701679
-0.0831964
-0.0736497
-0.0840544
-0.0970864
-0.0844229
-0.0942719
-0.107006
-0.0884527
-0.0972682
-0.109435
-0.0829103
-0.0905355
-0.10202
-0.0684257
-0.0748775
-0.0855662
-0.0762675
-0.0787141
-0.0823479
-0.0768129
-0.0768852
-0.0785039
-0.0681348
-0.0658774
-0.0656136
-0.00831138
-0.0090226
-0.0106436
-0.0090226
-0.0100406
-0.0121235
-0.0106436
-0.0121235
-0.0148153
-0.0139973
-0.0195464
-0.0281143
-0.0161787
-0.0226027
-0.0321321
-0.0196957
-0.0270397
-0.0374848
-0.0255639
-0.0338987
-0.0452446
-0.0338987
-0.0431409
-0.0552358
-0.0452446
-0.0552359
-0.0679188
-0.0139973
-0.0161787
-0.0196957
-0.0195464
-0.0226027
-0.0270398
-0.0281143
-0.0321321
-0.0374849
-0.0405081
-0.0542499
-0.0672766
-0.0453368
-0.0592553
-0.0715519
-0.0513696
-0.0653308
-0.0768491
-0.0762675
-0.0768129
-0.0681348
-0.0787142
-0.0768853
-0.0658774
-0.0823481
-0.0785041
-0.0656137
-0.088453
-0.0829106
-0.0684259
-0.0972687
-0.0905359
-0.0748778
-0.109435
-0.10202
-0.0855668
-0.0597235
-0.07365
-0.0844232
-0.0701683
-0.0840548
-0.0942724
-0.083197
-0.0970871
-0.107007
-0.098714
-0.112743
-0.122758
-0.112743
-0.12712
-0.137785
-0.122758
-0.137785
-0.149754
-0.125288
-0.117915
-0.101283
-0.14131
-0.134991
-0.119176
-0.15534
-0.151346
-0.137711
-0.164258
-0.164204
-0.15463
-0.164204
-0.169061
-0.164935
-0.15463
-0.164935
-0.167324
-0.125288
-0.14131
-0.15534
-0.117915
-0.134991
-0.151346
-0.101283
-0.119176
-0.137711
-0.0405081
-0.0453369
-0.0513696
-0.05425
-0.0592554
-0.0653309
-0.0672767
-0.071552
-0.0768492
-0.0597235
-0.0701684
-0.083197
-0.0736501
-0.0840549
-0.0970872
-0.0844233
-0.0942724
-0.107007
-0.0884531
-0.0972687
-0.109435
-0.0829106
-0.0905359
-0.10202
-0.0684258
-0.0748777
-0.0855666
-0.0762676
-0.0787142
-0.0823481
-0.076813
-0.0768853
-0.0785041
-0.0681348
-0.0658774
-0.0656137
-0.00831138
-0.00902259
-0.0106436
-0.00902257
-0.0100405
-0.0121235
-0.0106435
-0.0121235
-0.0148152
-0.0139973
-0.0195464
-0.0281143
-0.0161786
-0.0226027
-0.0321321
-0.0196956
-0.0270396
-0.0374847
-0.0255637
-0.0338985
-0.0452443
-0.0338984
-0.0431405
-0.0552354
-0.0452441
-0.0552353
-0.0679182
-0.0139972
-0.0161785
-0.0196955
-0.0195461
-0.0226024
-0.0270394
-0.0281139
-0.0321317
-0.0374844
-0.0405081
-0.05425
-0.0672766
-0.0453368
-0.0592553
-0.0715519
-0.0513695
-0.0653307
-0.076849
-0.0762675
-0.076813
-0.0681348
-0.0787141
-0.0768853
-0.0658774
-0.0823479
-0.078504
-0.0656137
-0.0884527
-0.0829103
-0.0684257
-0.0972682
-0.0905355
-0.0748775
-0.109435
-0.10202
-0.0855662
-0.0597232
-0.0736497
-0.0844229
-0.0701678
-0.0840543
-0.0942719
-0.0831963
-0.0970864
-0.107006
-0.0987131
-0.112742
-0.122757
-0.112742
-0.127119
-0.137784
-0.122757
-0.137784
-0.149753
-0.125287
-0.117914
-0.101282
-0.141309
-0.13499
-0.119175
-0.155339
-0.151345
-0.13771
-0.164258
-0.164203
-0.154629
-0.164204
-0.16906
-0.164934
-0.154631
-0.164935
-0.167325
-0.125288
-0.141309
-0.155339
-0.117915
-0.134991
-0.151346
-0.101283
-0.119177
-0.137712
-0.0405076
-0.0453363
-0.051369
-0.0542493
-0.0592547
-0.0653301
-0.067276
-0.0715513
-0.0768485
-0.0597228
-0.0701676
-0.0831962
-0.0736493
-0.0840541
-0.0970863
-0.0844226
-0.0942717
-0.107006
-0.0884527
-0.0972683
-0.109435
-0.0829106
-0.090536
-0.10202
-0.0684263
-0.0748783
-0.0855673
-0.076267
-0.0787137
-0.0823477
-0.0768127
-0.0768852
-0.078504
-0.0681348
-0.0658776
-0.065614
-0.00831137
-0.00902256
-0.0106435
-0.00902256
-0.0100405
-0.0121234
-0.0106435
-0.0121234
-0.0148152
-0.0139971
-0.0195461
-0.0281139
-0.0161785
-0.0226024
-0.0321316
-0.0196955
-0.0270393
-0.0374843
-0.0255636
-0.0338982
-0.0452439
-0.0338982
-0.0431402
-0.055235
-0.0452439
-0.055235
-0.0679178
-0.0139972
-0.0161785
-0.0196955
-0.0195462
-0.0226024
-0.0270394
-0.0281139
-0.0321317
-0.0374843
-0.0405076
-0.0542493
-0.067276
-0.0453362
-0.0592547
-0.0715513
-0.0513689
-0.0653301
-0.0768484
-0.076267
-0.0768127
-0.0681347
-0.0787137
-0.076885
-0.0658774
-0.0823475
-0.0785037
-0.0656136
-0.0884523
-0.0829101
-0.0684257
-0.0972678
-0.0905353
-0.0748775
-0.109434
-0.102019
-0.0855662
-0.0597226
-0.0736491
-0.0844224
-0.0701673
-0.0840538
-0.0942714
-0.0831958
-0.0970858
-0.107006
-0.0987125
-0.112742
-0.122757
-0.112742
-0.127118
-0.137783
-0.122757
-0.137783
-0.149752
-0.125287
-0.117914
-0.101282
-0.141308
-0.13499
-0.119175
-0.155338
-0.151345
-0.13771
-0.164257
-0.164203
-0.15463
-0.164203
-0.16906
-0.164935
-0.15463
-0.164935
-0.167325
-0.125287
-0.141308
-0.155338
-0.117914
-0.13499
-0.151345
-0.101282
-0.119175
-0.137711
-0.0405076
-0.0453363
-0.0513689
-0.0542493
-0.0592547
-0.06533
-0.0672759
-0.0715512
-0.0768483
-0.0597226
-0.0701673
-0.0831957
-0.0736491
-0.0840537
-0.0970858
-0.0844223
-0.0942713
-0.107006
-0.0884522
-0.0972677
-0.109434
-0.08291
-0.0905352
-0.102019
-0.0684256
-0.0748774
-0.0855662
-0.0762668
-0.0787135
-0.0823473
-0.0768124
-0.0768848
-0.0785035
-0.0681345
-0.0658772
-0.0656135
-0.0504875
-0.029657
-0.00951666
-0.0465671
-0.0252991
-0.00573821
-0.0449847
-0.023303
-0.00400134
0.00697501
0.0164383
0.02029
0.00950838
0.0177068
0.0205627
0.0106043
0.0181785
0.0205729
0.0100321
0.0176766
0.0201715
0.00739639
0.0158641
0.0190735
0.00208636
0.0121688
0.0167854
-0.0465721
-0.0242419
-0.00466781
-0.0519222
-0.0286669
-0.00821831
-0.0616012
-0.0371462
-0.0152436
0.0199825
0.0173612
0.0138116
0.0196137
0.0167091
0.0130726
0.0193527
0.0163431
0.0126882
0.00983622
0.00609418
0.00217244
0.00911899
0.0054461
0.00185473
0.00876442
0.00519439
0.00176575
0.00869317
0.00516136
0.00177015
0.00879533
0.00526926
0.00182141
0.00895743
0.00544551
0.00190118
0.0190735
0.016157
0.0125661
0.018547
0.0159837
0.0125856
0.01739
0.015543
0.0125587
0.014948
0.0143927
0.01221
0.010859
0.0121573
0.0112178
0.00439401
0.00820263
0.00908269
0.00903158
0.00562257
0.00198316
0.0087755
0.00563762
0.00201208
0.00783258
0.00526821
0.00189652
0.00549407
0.00404987
0.00145362
0.00123118
0.00155226
0.000515099
-0.00592115
-0.00292701
-0.0011955
-0.00569024
0.00139495
0.00485333
-0.0188954
-0.00834359
-0.00188249
-0.0359544
-0.0220011
-0.0121924
-0.0766262
-0.0508529
-0.0269864
-0.0946779
-0.0680701
-0.0423537
-0.114709
-0.0882591
-0.0613106
-0.00710677
0.00549406
0.0124085
-0.0196857
-0.00408813
0.0057251
-0.0360415
-0.0172226
-0.00401113
-0.0567452
-0.0349155
-0.0180246
-0.0783946
-0.0547923
-0.0349388
-0.100335
-0.0766918
-0.0550738
-0.135168
-0.110625
-0.0837821
-0.150867
-0.130203
-0.105422
-0.160351
-0.145604
-0.125114
-0.161895
-0.155118
-0.141434
-0.155118
-0.156669
-0.151017
-0.141434
-0.151017
-0.154041
-0.12171
-0.100456
-0.0789798
-0.1384
-0.121891
-0.102925
-0.150146
-0.140553
-0.126556
-0.15618
-0.155586
-0.149217
-0.155586
-0.164215
-0.166688
-0.149216
-0.166688
-0.178544
-0.12171
-0.1384
-0.150146
-0.100456
-0.121891
-0.140553
-0.0789795
-0.102925
-0.126556
-0.0580607
-0.041189
-0.027859
-0.0823463
-0.063978
-0.0478038
-0.108776
-0.0907132
-0.0726683
-0.0176086
-0.010574
-0.00414476
-0.0333642
-0.0212102
-0.0082494
-0.0539311
-0.0353861
-0.0136969
-0.0801785
-0.053702
-0.0206637
-0.107448
-0.0727657
-0.0277691
-0.133611
-0.0908212
-0.0342443
-0.137174
-0.121774
-0.10324
-0.162358
-0.151629
-0.134157
-0.183241
-0.178643
-0.1634
-0.197273
-0.199397
-0.186946
-0.199397
-0.206469
-0.196127
-0.186946
-0.196127
-0.186779
-0.154635
-0.104701
-0.0387775
-0.162387
-0.108695
-0.0393298
-0.153264
-0.100573
-0.0352596
-0.123154
-0.0782467
-0.0261403
-0.0782467
-0.0474788
-0.0147358
-0.0261403
-0.0147359
-0.00390661
-0.154634
-0.162387
-0.153264
-0.1047
-0.108695
-0.100573
-0.0387774
-0.0393298
-0.0352596
-0.0580605
-0.0823461
-0.108776
-0.0411888
-0.0639779
-0.0907131
-0.0278589
-0.0478037
-0.0726682
-0.137174
-0.162358
-0.183241
-0.121774
-0.151629
-0.178643
-0.10324
-0.134157
-0.1634
-0.0801784
-0.107448
-0.133611
-0.0537019
-0.0727657
-0.0908211
-0.0206636
-0.0277691
-0.0342443
-0.0176085
-0.0333641
-0.0539311
-0.010574
-0.0212101
-0.0353861
-0.00414474
-0.00824938
-0.0136969
-0.0504877
-0.0465672
-0.0449848
-0.0296571
-0.0252992
-0.0233031
-0.0095167
-0.00573822
-0.00400131
-0.0465721
-0.0519222
-0.0616011
-0.0242418
-0.0286668
-0.0371461
-0.00466775
-0.00821821
-0.0152435
0.0100322
0.00739652
0.00208653
0.0176767
0.0158643
0.0121689
0.0201716
0.0190736
0.0167856
0.00697505
0.00950845
0.0106043
0.0164384
0.0177069
0.0181787
0.0202901
0.0205628
0.020573
-0.0766261
-0.0946777
-0.114708
-0.0508528
-0.0680698
-0.0882588
-0.0269862
-0.0423534
-0.0613103
-0.135168
-0.150866
-0.16035
-0.110625
-0.130203
-0.145604
-0.0837817
-0.105421
-0.125113
-0.0567449
-0.0783942
-0.100335
-0.0349152
-0.054792
-0.0766915
-0.0180244
-0.0349386
-0.0550735
-0.00710657
-0.0196855
-0.0360412
0.00549426
-0.0040879
-0.0172223
0.0124087
0.0057253
-0.0040109
0.0149482
0.0108592
0.0043942
0.0143928
0.0121574
0.00820278
0.0122101
0.0112179
0.0090828
-0.00569003
-0.0188952
-0.0359542
0.00139512
-0.00834342
-0.0220009
0.00485345
-0.00188236
-0.0121922
0.00549416
0.00123126
-0.00592106
0.00404992
0.00155231
-0.00292696
0.00145363
0.000515116
-0.00119549
0.00903164
0.00877556
0.00783265
0.00562261
0.00563766
0.00526825
0.00198317
0.00201209
0.00189654
0.0199826
0.0196138
0.0193529
0.0173613
0.0167092
0.0163432
0.0138116
0.0130727
0.0126882
0.0190736
0.0185471
0.0173902
0.0161571
0.0159838
0.0155431
0.0125662
0.0125856
0.0125588
0.00869321
0.00879537
0.00895747
0.00516139
0.00526928
0.00544554
0.00177016
0.00182142
0.00190118
0.00983625
0.00911903
0.00876445
0.0060942
0.00544612
0.00519441
0.00217245
0.00185473
0.00176575
-0.0504877
-0.0296572
-0.00951676
-0.0465674
-0.0252994
-0.00573836
-0.0449852
-0.0233034
-0.00400157
0.00697501
0.0164384
0.0202901
0.00950834
0.0177068
0.0205628
0.0106042
0.0181785
0.0205729
0.0100319
0.0176765
0.0201714
0.00739607
0.0158639
0.0190734
0.00208587
0.0121684
0.0167851
-0.0465727
-0.0242423
-0.00466815
-0.051923
-0.0286675
-0.00821879
-0.0616021
-0.037147
-0.0152443
0.0199825
0.0173612
0.0138116
0.0196138
0.0167092
0.0130727
0.0193528
0.0163432
0.0126882
0.00983625
0.0060942
0.00217245
0.00911902
0.00544611
0.00185473
0.00876444
0.0051944
0.00176575
0.00869317
0.00516136
0.00177015
0.00879529
0.00526923
0.0018214
0.00895734
0.00544545
0.00190115
0.0190735
0.016157
0.0125661
0.0185469
0.0159837
0.0125855
0.0173898
0.0155429
0.0125586
0.0149476
0.0143924
0.0122098
0.0108585
0.0121568
0.0112174
0.00439324
0.00820197
0.00908215
0.00903141
0.00562247
0.00198312
0.00877523
0.00563745
0.00201201
0.00783217
0.00526794
0.00189642
0.00549351
0.00404951
0.00145348
0.00123048
0.0015518
0.000514929
-0.00592191
-0.00292752
-0.00119569
-0.0056912
0.00139409
0.0048526
-0.0188965
-0.00834459
-0.00188336
-0.0359554
-0.0220021
-0.0121933
-0.0766273
-0.0508539
-0.0269873
-0.0946791
-0.0680712
-0.0423547
-0.11471
-0.0882602
-0.0613117
-0.00710748
0.0054935
0.0124081
-0.0196866
-0.00408891
0.00572443
-0.0360426
-0.0172236
-0.00401201
-0.0567463
-0.0349166
-0.0180257
-0.0783955
-0.0547934
-0.0349399
-0.100336
-0.0766926
-0.0550748
-0.135169
-0.110626
-0.0837831
-0.150867
-0.130204
-0.105423
-0.160351
-0.145605
-0.125114
-0.161895
-0.155118
-0.141434
-0.155117
-0.156668
-0.151016
-0.141433
-0.151015
-0.15404
-0.12171
-0.100457
-0.0789804
-0.1384
-0.121891
-0.102925
-0.150145
-0.140553
-0.126556
-0.156178
-0.155584
-0.149215
-0.155583
-0.164213
-0.166685
-0.149213
-0.166684
-0.178541
-0.121708
-0.138398
-0.150144
-0.100454
-0.121889
-0.140551
-0.0789778
-0.102923
-0.126554
-0.0580615
-0.0411899
-0.0278599
-0.0823467
-0.0639786
-0.0478044
-0.108775
-0.0907132
-0.0726685
-0.0176093
-0.0105745
-0.00414491
-0.0333647
-0.0212105
-0.0082495
-0.0539313
-0.0353862
-0.0136969
-0.0801781
-0.0537017
-0.0206635
-0.107447
-0.072765
-0.0277687
-0.13361
-0.0908199
-0.0342438
-0.137173
-0.121773
-0.103239
-0.162356
-0.151627
-0.134155
-0.183237
-0.17864
-0.163398
-0.197268
-0.199393
-0.186943
-0.199392
-0.206464
-0.196123
-0.186942
-0.196122
-0.186775
-0.154632
-0.104699
-0.0387769
-0.162384
-0.108694
-0.0393293
-0.153262
-0.100572
-0.0352591
-0.123152
-0.0782458
-0.02614
-0.0782457
-0.0474784
-0.0147358
-0.02614
-0.0147358
-0.00390663
-0.15463
-0.162383
-0.153261
-0.104698
-0.108693
-0.100571
-0.0387764
-0.039329
-0.035259
-0.058059
-0.0823441
-0.108773
-0.0411877
-0.0639762
-0.0907106
-0.0278581
-0.0478023
-0.072666
-0.137171
-0.162354
-0.183236
-0.12177
-0.151625
-0.178638
-0.103237
-0.134153
-0.163395
-0.0801757
-0.107444
-0.133607
-0.0536999
-0.0727631
-0.0908182
-0.0206628
-0.027768
-0.0342432
-0.017608
-0.033363
-0.0539293
-0.0105737
-0.0212094
-0.0353848
-0.00414459
-0.00824905
-0.0136963
-0.0504874
-0.046567
-0.0449847
-0.0296567
-0.0252988
-0.0233027
-0.00951623
-0.00573779
-0.00400093
-0.0465719
-0.051922
-0.0616009
-0.0242415
-0.0286665
-0.0371458
-0.00466738
-0.00821784
-0.0152431
0.0100325
0.00739687
0.0020869
0.017677
0.0158645
0.0121692
0.0201718
0.0190738
0.0167857
0.00697551
0.00950885
0.0106047
0.0164388
0.0177072
0.018179
0.0202904
0.020563
0.0205732
-0.0766258
-0.0946774
-0.114708
-0.0508524
-0.0680694
-0.0882582
-0.0269858
-0.0423528
-0.0613095
-0.135167
-0.150866
-0.16035
-0.110624
-0.130202
-0.145603
-0.0837808
-0.10542
-0.125112
-0.0567439
-0.078393
-0.100333
-0.0349144
-0.0547909
-0.07669
-0.0180238
-0.0349377
-0.0550723
-0.00710612
-0.0196849
-0.0360405
0.00549461
-0.00408745
-0.0172217
0.0124089
0.00572559
-0.0040105
0.0149482
0.0108593
0.00439437
0.0143928
0.0121573
0.00820275
0.01221
0.0112177
0.00908262
-0.00568972
-0.0188947
-0.0359533
0.00139515
-0.0083432
-0.0220003
0.00485328
-0.00188241
-0.012192
0.0054939
0.00123107
-0.00592103
0.0040497
0.00155213
-0.00292698
0.00145354
0.000515052
-0.00119548
0.00903153
0.00877539
0.00783242
0.00562251
0.00563751
0.00526805
0.00198313
0.00201203
0.00189645
0.0199827
0.019614
0.019353
0.0173613
0.0167093
0.0163433
0.0138117
0.0130727
0.0126883
0.0190737
0.0185472
0.0173902
0.0161572
0.0159839
0.0155432
0.0125662
0.0125857
0.0125587
0.00869322
0.00879535
0.00895742
0.00516139
0.00526926
0.00544549
0.00177016
0.00182141
0.00190116
0.00983627
0.00911906
0.00876448
0.00609421
0.00544613
0.00519442
0.00217245
0.00185474
0.00176576
-0.0504874
-0.0296567
-0.00951623
-0.046567
-0.0252988
-0.00573781
-0.0449847
-0.0233028
-0.00400098
0.0069755
0.0164388
0.0202903
0.00950883
0.0177072
0.020563
0.0106046
0.0181789
0.0205731
0.0100324
0.0176769
0.0201716
0.00739656
0.0158642
0.0190735
0.00208637
0.0121687
0.0167852
-0.0465721
-0.0242417
-0.00466753
-0.0519223
-0.0286668
-0.00821814
-0.0616014
-0.0371462
-0.0152436
0.0199827
0.0173613
0.0138117
0.0196139
0.0167093
0.0130727
0.0193529
0.0163432
0.0126882
0.00983627
0.0060942
0.00217245
0.00911904
0.00544612
0.00185473
0.00876444
0.0051944
0.00176575
0.00869314
0.00516134
0.00177014
0.00879521
0.00526917
0.00182137
0.00895717
0.00544532
0.0019011
0.0190735
0.016157
0.0125661
0.0185469
0.0159836
0.0125855
0.0173898
0.0155427
0.0125584
0.0149475
0.0143921
0.0122094
0.0108582
0.0121563
0.0112169
0.00439285
0.00820132
0.00908138
0.0090311
0.00562223
0.00198302
0.00877471
0.00563706
0.00201186
0.00783143
0.00526739
0.0018962
0.00549255
0.00404878
0.0014532
0.0012294
0.00155099
0.000514621
-0.0059229
-0.00292827
-0.00119596
-0.0056916
0.00139331
0.00485162
-0.0188967
-0.00834532
-0.00188441
-0.0359552
-0.0220025
-0.0121942
-0.0766266
-0.0508531
-0.0269865
-0.0946784
-0.0680703
-0.0423539
-0.114709
-0.0882592
-0.0613107
-0.00710695
0.00549376
0.0124081
-0.019686
-0.00408862
0.0057244
-0.0360418
-0.0172232
-0.00401203
-0.0567453
-0.034916
-0.0180255
-0.078394
-0.0547923
-0.0349394
-0.100334
-0.0766909
-0.0550737
-0.135168
-0.110625
-0.0837819
-0.150866
-0.130202
-0.105421
-0.160349
-0.145603
-0.125112
-0.161893
-0.155115
-0.141431
-0.155115
-0.156666
-0.151013
-0.141431
-0.151013
-0.154036
-0.121707
-0.100454
-0.0789783
-0.138396
-0.121887
-0.102922
-0.15014
-0.140548
-0.126551
-0.156173
-0.155578
-0.149209
-0.155578
-0.164207
-0.166679
-0.149209
-0.166679
-0.178534
-0.121707
-0.138396
-0.15014
-0.100454
-0.121887
-0.140547
-0.078978
-0.102922
-0.126551
-0.0580603
-0.0411895
-0.0278601
-0.0823443
-0.0639771
-0.0478038
-0.108772
-0.0907103
-0.0726665
-0.0176099
-0.010575
-0.00414507
-0.0333645
-0.0212105
-0.00824944
-0.05393
-0.0353854
-0.0136965
-0.0801754
-0.0536999
-0.0206628
-0.107443
-0.0727623
-0.0277677
-0.133605
-0.0908167
-0.0342426
-0.137168
-0.121768
-0.103236
-0.162349
-0.151621
-0.13415
-0.18323
-0.178633
-0.163391
-0.197261
-0.199386
-0.186936
-0.199386
-0.206458
-0.196117
-0.186936
-0.196117
-0.18677
-0.154627
-0.104695
-0.0387757
-0.162379
-0.10869
-0.0393282
-0.153258
-0.100569
-0.0352582
-0.123149
-0.0782439
-0.0261394
-0.0782439
-0.0474773
-0.0147354
-0.0261394
-0.0147354
-0.0039065
-0.154627
-0.162379
-0.153257
-0.104695
-0.10869
-0.100569
-0.0387756
-0.0393281
-0.0352582
-0.0580601
-0.082344
-0.108771
-0.0411894
-0.063977
-0.0907101
-0.0278601
-0.0478037
-0.0726664
-0.137167
-0.162349
-0.18323
-0.121768
-0.151621
-0.178633
-0.103235
-0.13415
-0.163391
-0.0801753
-0.107443
-0.133604
-0.0536999
-0.0727623
-0.0908166
-0.0206628
-0.0277677
-0.0342426
-0.0176099
-0.0333645
-0.05393
-0.010575
-0.0212105
-0.0353854
-0.0041451
-0.00824947
-0.0136966
-0.0504874
-0.046567
-0.0449846
-0.0296567
-0.0252988
-0.0233027
-0.00951617
-0.00573773
-0.00400088
-0.046572
-0.0519222
-0.0616012
-0.0242415
-0.0286666
-0.037146
-0.00466739
-0.00821796
-0.0152434
0.0100325
0.00739672
0.00208658
0.017677
0.0158643
0.0121689
0.0201717
0.0190736
0.0167854
0.00697557
0.00950891
0.0106047
0.0164389
0.0177073
0.018179
0.0202904
0.0205631
0.0205732
-0.0766263
-0.094678
-0.114709
-0.0508528
-0.0680699
-0.0882588
-0.0269862
-0.0423535
-0.0613103
-0.135168
-0.150866
-0.160349
-0.110624
-0.130202
-0.145603
-0.0837814
-0.105421
-0.125112
-0.0567448
-0.0783936
-0.100333
-0.0349156
-0.0547919
-0.0766905
-0.0180252
-0.0349391
-0.0550733
-0.00710668
-0.0196857
-0.0360414
0.005494
-0.00408833
-0.0172228
0.0124083
0.00572464
-0.00401174
0.0149476
0.0108584
0.00439306
0.0143922
0.0121564
0.00820147
0.0122095
0.011217
0.00908147
-0.00569135
-0.0188964
-0.0359549
0.00139348
-0.00834515
-0.0220023
0.00485171
-0.00188432
-0.0121941
0.00549259
0.00122943
-0.0059229
0.0040488
0.00155099
-0.0029283
0.0014532
0.000514617
-0.00119598
0.00903114
0.00877476
0.00783148
0.00562225
0.00563709
0.00526741
0.00198303
0.00201186
0.0018962
0.0199828
0.019614
0.019353
0.0173614
0.0167093
0.0163433
0.0138117
0.0130727
0.0126883
0.0190736
0.018547
0.0173899
0.0161571
0.0159837
0.0155428
0.0125661
0.0125855
0.0125585
0.00869316
0.00879524
0.0089572
0.00516135
0.00526919
0.00544534
0.00177014
0.00182138
0.0019011
0.00983628
0.00911905
0.00876446
0.00609421
0.00544613
0.00519441
0.00217245
0.00185474
0.00176575
-0.0504874
-0.0296567
-0.00951619
-0.046567
-0.0252988
-0.00573777
-0.0449847
-0.0233027
-0.00400092
0.00697556
0.0164388
0.0202904
0.00950888
0.0177073
0.0205631
0.0106047
0.018179
0.0205732
0.0100326
0.017677
0.0201718
0.00739689
0.0158646
0.0190738
0.00208693
0.0121692
0.0167858
-0.046572
-0.0242415
-0.00466738
-0.051922
-0.0286665
-0.00821783
-0.0616009
-0.0371457
-0.0152431
0.0199828
0.0173614
0.0138117
0.019614
0.0167093
0.0130727
0.019353
0.0163433
0.0126883
0.00983628
0.00609421
0.00217245
0.00911906
0.00544614
0.00185474
0.00876449
0.00519443
0.00176576
0.00869322
0.00516139
0.00177016
0.00879536
0.00526927
0.00182141
0.00895743
0.00544549
0.00190116
0.0190737
0.0161572
0.0125662
0.0185472
0.0159839
0.0125857
0.0173903
0.0155432
0.0125588
0.0149483
0.0143928
0.01221
0.0108593
0.0121574
0.0112178
0.00439441
0.00820277
0.00908264
0.00903154
0.00562252
0.00198313
0.0087754
0.00563752
0.00201203
0.00783243
0.00526806
0.00189646
0.00549391
0.0040497
0.00145355
0.00123109
0.00155214
0.000515053
-0.005921
-0.00292697
-0.00119548
-0.00568966
0.00139519
0.00485331
-0.0188946
-0.00834315
-0.00188237
-0.0359532
-0.0220003
-0.012192
-0.0766258
-0.0508523
-0.0269857
-0.0946773
-0.0680693
-0.0423528
-0.114708
-0.088258
-0.0613094
-0.00710607
0.00549465
0.012409
-0.0196848
-0.00408739
0.00572563
-0.0360404
-0.0172216
-0.00401043
-0.0567438
-0.0349143
-0.0180237
-0.0783928
-0.0547907
-0.0349375
-0.100333
-0.0766899
-0.0550721
-0.135167
-0.110624
-0.0837806
-0.150866
-0.130202
-0.10542
-0.16035
-0.145603
-0.125112
-0.161895
-0.155117
-0.141432
-0.155118
-0.156668
-0.151015
-0.141434
-0.151016
-0.15404
-0.121708
-0.100454
-0.0789776
-0.138398
-0.121888
-0.102923
-0.150144
-0.140551
-0.126553
-0.156178
-0.155583
-0.149213
-0.155584
-0.164213
-0.166684
-0.149215
-0.166685
-0.178541
-0.12171
-0.1384
-0.150145
-0.100457
-0.121891
-0.140553
-0.0789805
-0.102926
-0.126556
-0.0580589
-0.0411876
-0.0278581
-0.0823439
-0.063976
-0.0478022
-0.108773
-0.0907105
-0.0726659
-0.017608
-0.0105737
-0.00414459
-0.033363
-0.0212094
-0.00824905
-0.0539292
-0.0353847
-0.0136963
-0.0801756
-0.0536999
-0.0206628
-0.107444
-0.0727631
-0.027768
-0.133607
-0.0908182
-0.0342432
-0.137171
-0.12177
-0.103236
-0.162354
-0.151625
-0.134153
-0.183236
-0.178638
-0.163395
-0.197268
-0.199392
-0.186942
-0.199393
-0.206464
-0.196122
-0.186943
-0.196123
-0.186775
-0.15463
-0.104698
-0.0387764
-0.162383
-0.108693
-0.039329
-0.153261
-0.100571
-0.035259
-0.123152
-0.0782457
-0.02614
-0.0782459
-0.0474784
-0.0147358
-0.02614
-0.0147358
-0.00390663
-0.154632
-0.162384
-0.153262
-0.104699
-0.108694
-0.100572
-0.0387769
-0.0393293
-0.0352592
-0.0580616
-0.0823467
-0.108775
-0.0411899
-0.0639787
-0.0907133
-0.0278599
-0.0478045
-0.0726686
-0.137173
-0.162356
-0.183237
-0.121773
-0.151627
-0.17864
-0.103239
-0.134155
-0.163398
-0.0801781
-0.107447
-0.13361
-0.0537017
-0.072765
-0.09082
-0.0206635
-0.0277688
-0.0342438
-0.0176093
-0.0333647
-0.0539314
-0.0105745
-0.0212105
-0.0353863
-0.00414492
-0.00824951
-0.0136969
-0.0504877
-0.0465674
-0.0449853
-0.0296572
-0.0252994
-0.0233035
-0.00951677
-0.0057384
-0.00400163
-0.0465728
-0.0519231
-0.0616023
-0.0242424
-0.0286676
-0.0371472
-0.00466823
-0.00821889
-0.0152444
0.0100319
0.00739601
0.0020858
0.0176765
0.0158639
0.0121684
0.0201714
0.0190734
0.0167851
0.006975
0.00950832
0.0106041
0.0164384
0.0177068
0.0181785
0.0202901
0.0205628
0.0205729
-0.0766275
-0.0946794
-0.11471
-0.0508541
-0.0680715
-0.0882605
-0.0269874
-0.0423549
-0.0613119
-0.135169
-0.150867
-0.160351
-0.110626
-0.130204
-0.145605
-0.0837834
-0.105423
-0.125114
-0.0567465
-0.0783957
-0.100336
-0.0349167
-0.0547935
-0.0766928
-0.0180257
-0.03494
-0.0550749
-0.00710757
-0.0196867
-0.0360427
0.00549345
-0.00408898
-0.0172237
0.0124081
0.0057244
-0.00401206
0.0149476
0.0108585
0.00439322
0.0143924
0.0121568
0.00820197
0.0122098
0.0112174
0.00908215
-0.00569124
-0.0188966
-0.0359555
0.00139407
-0.00834462
-0.0220021
0.0048526
-0.00188337
-0.0121933
0.00549352
0.00123049
-0.00592191
0.00404951
0.0015518
-0.00292752
0.00145348
0.00051493
-0.00119569
0.00903142
0.00877523
0.00783218
0.00562247
0.00563745
0.00526795
0.00198312
0.00201202
0.00189642
0.0199825
0.0196138
0.0193528
0.0173612
0.0167092
0.0163432
0.0138116
0.0130727
0.0126882
0.0190735
0.0185469
0.0173898
0.016157
0.0159837
0.0155429
0.0125661
0.0125855
0.0125586
0.00869317
0.0087953
0.00895735
0.00516136
0.00526924
0.00544546
0.00177015
0.0018214
0.00190115
0.00983625
0.00911903
0.00876444
0.0060942
0.00544612
0.0051944
0.00217245
0.00185473
0.00176575
-0.0504877
-0.0296571
-0.0095167
-0.0465672
-0.0252992
-0.00573822
-0.0449848
-0.0233031
-0.00400131
0.00697505
0.0164384
0.0202901
0.00950845
0.0177069
0.0205628
0.0106043
0.0181787
0.020573
0.0100322
0.0176767
0.0201716
0.00739652
0.0158643
0.0190736
0.00208653
0.0121689
0.0167856
-0.0465721
-0.0242418
-0.00466775
-0.0519222
-0.0286668
-0.00821821
-0.0616011
-0.0371461
-0.0152435
0.0199826
0.0173613
0.0138116
0.0196138
0.0167092
0.0130727
0.0193529
0.0163432
0.0126882
0.00983625
0.0060942
0.00217245
0.00911903
0.00544612
0.00185473
0.00876445
0.00519441
0.00176575
0.00869321
0.00516139
0.00177016
0.00879537
0.00526928
0.00182142
0.00895747
0.00544554
0.00190118
0.0190736
0.0161571
0.0125662
0.0185471
0.0159838
0.0125856
0.0173902
0.0155431
0.0125588
0.0149482
0.0143928
0.0122101
0.0108592
0.0121574
0.0112179
0.0043942
0.00820278
0.0090828
0.00903164
0.00562261
0.00198317
0.00877556
0.00563766
0.00201209
0.00783265
0.00526825
0.00189654
0.00549416
0.00404992
0.00145363
0.00123126
0.00155231
0.000515116
-0.00592106
-0.00292696
-0.00119549
-0.00569003
0.00139512
0.00485345
-0.0188952
-0.00834342
-0.00188236
-0.0359542
-0.0220009
-0.0121922
-0.0766261
-0.0508528
-0.0269862
-0.0946777
-0.0680698
-0.0423534
-0.114708
-0.0882588
-0.0613103
-0.00710657
0.00549426
0.0124087
-0.0196855
-0.0040879
0.0057253
-0.0360412
-0.0172223
-0.0040109
-0.0567449
-0.0349152
-0.0180244
-0.0783942
-0.054792
-0.0349386
-0.100335
-0.0766915
-0.0550735
-0.135168
-0.110625
-0.0837817
-0.150866
-0.130203
-0.105421
-0.16035
-0.145604
-0.125113
-0.161895
-0.155118
-0.141434
-0.155118
-0.156669
-0.151017
-0.141434
-0.151017
-0.154041
-0.12171
-0.100456
-0.0789795
-0.1384
-0.121891
-0.102925
-0.150146
-0.140553
-0.126556
-0.15618
-0.155586
-0.149216
-0.155586
-0.164215
-0.166688
-0.149217
-0.166688
-0.178544
-0.12171
-0.1384
-0.150146
-0.100456
-0.121891
-0.140553
-0.0789798
-0.102925
-0.126556
-0.0580605
-0.0411888
-0.0278589
-0.0823461
-0.0639779
-0.0478037
-0.108776
-0.0907131
-0.0726682
-0.0176085
-0.010574
-0.00414474
-0.0333641
-0.0212101
-0.00824938
-0.0539311
-0.0353861
-0.0136969
-0.0801784
-0.0537019
-0.0206636
-0.107448
-0.0727657
-0.0277691
-0.133611
-0.0908211
-0.0342443
-0.137174
-0.121774
-0.10324
-0.162358
-0.151629
-0.134157
-0.183241
-0.178643
-0.1634
-0.197273
-0.199397
-0.186946
-0.199397
-0.206469
-0.196127
-0.186946
-0.196127
-0.186779
-0.154634
-0.1047
-0.0387774
-0.162387
-0.108695
-0.0393298
-0.153264
-0.100573
-0.0352596
-0.123154
-0.0782467
-0.0261403
-0.0782467
-0.0474788
-0.0147359
-0.0261403
-0.0147358
-0.00390661
-0.154635
-0.162387
-0.153264
-0.104701
-0.108695
-0.100573
-0.0387775
-0.0393298
-0.0352596
-0.0580607
-0.0823463
-0.108776
-0.041189
-0.063978
-0.0907132
-0.027859
-0.0478038
-0.0726683
-0.137174
-0.162358
-0.183241
-0.121774
-0.151629
-0.178643
-0.10324
-0.134157
-0.1634
-0.0801785
-0.107448
-0.133611
-0.053702
-0.0727657
-0.0908212
-0.0206637
-0.0277691
-0.0342443
-0.0176086
-0.0333642
-0.0539311
-0.010574
-0.0212102
-0.0353861
-0.00414476
-0.0082494
-0.0136969
-0.0504875
-0.0465671
-0.0449847
-0.029657
-0.0252991
-0.023303
-0.00951666
-0.00573821
-0.00400134
-0.0465721
-0.0519222
-0.0616012
-0.0242419
-0.0286669
-0.0371462
-0.00466781
-0.00821831
-0.0152436
0.0100321
0.00739639
0.00208636
0.0176766
0.0158641
0.0121688
0.0201715
0.0190735
0.0167854
0.00697501
0.00950838
0.0106043
0.0164383
0.0177068
0.0181785
0.02029
0.0205627
0.0205729
-0.0766262
-0.0946779
-0.114709
-0.0508529
-0.0680701
-0.0882591
-0.0269864
-0.0423537
-0.0613106
-0.135168
-0.150867
-0.160351
-0.110625
-0.130203
-0.145604
-0.0837821
-0.105422
-0.125114
-0.0567452
-0.0783946
-0.100335
-0.0349155
-0.0547923
-0.0766918
-0.0180246
-0.0349388
-0.0550738
-0.00710677
-0.0196857
-0.0360415
0.00549406
-0.00408813
-0.0172226
0.0124085
0.0057251
-0.00401113
0.014948
0.010859
0.00439401
0.0143927
0.0121573
0.00820263
0.01221
0.0112178
0.00908269
-0.00569024
-0.0188954
-0.0359544
0.00139495
-0.00834359
-0.0220011
0.00485333
-0.00188249
-0.0121924
0.00549407
0.00123118
-0.00592115
0.00404987
0.00155226
-0.00292701
0.00145362
0.000515099
-0.0011955
0.00903158
0.0087755
0.00783258
0.00562257
0.00563762
0.00526821
0.00198316
0.00201208
0.00189652
0.0199825
0.0196137
0.0193527
0.0173612
0.0167091
0.0163431
0.0138116
0.0130726
0.0126882
0.0190735
0.018547
0.01739
0.016157
0.0159837
0.015543
0.0125661
0.0125856
0.0125587
0.00869317
0.00879533
0.00895743
0.00516136
0.00526926
0.00544551
0.00177015
0.00182141
0.00190118
0.00983622
0.00911899
0.00876442
0.00609418
0.0054461
0.00519439
0.00217244
0.00185473
0.00176575
