FiniteElementSpace
FiniteElementCollection: H1_2D_P4
VDim: 1
Ordering: 0

-0.279681
9.35762e-14
9.35736e-14
7.76165e-35
9.3577e-14
7.76496e-35
9.3577e-14
7.7667e-35
9.35736e-14
7.76496e-35
7.76165e-35
-0.111953
4.87272e-21
4.87272e-21
-0.111953
4.87302e-21
4.87451e-21
-0.111953
4.87525e-21
4.87533e-21
-0.111953
4.87451e-21
4.87302e-21
-0.111953
4.87272e-21
4.87272e-21
0.0421007
0.0421012
0.0421016
0.0421011
0.0421007
-0.127389
0.0225234
0.0225229
-0.127389
0.0225241
0.0225229
-0.127388
0.0225244
0.0225242
-0.127388
0.0225229
0.0225241
-0.127389
0.0225229
0.0225234
-0.128132
1.39243e-16
0.140202
4.0102e-27
4.01022e-27
0.140202
1.39242e-16
-0.128132
1.39245e-16
0.140204
4.01112e-27
4.01183e-27
0.140204
1.39265e-16
-0.128133
1.39274e-16
0.140205
4.01258e-27
4.0126e-27
0.140205
1.39276e-16
-0.128132
1.39265e-16
0.140204
4.01183e-27
4.01112e-27
0.140204
1.39245e-16
-0.128132
1.39242e-16
0.140202
4.01022e-27
4.0102e-27
0.140202
1.39243e-16
0.00712422
0.0071245
0.00712559
0.00712448
0.00712421
0.017718
0.115016
0.0177177
0.0177203
0.115011
0.0177177
0.0177222
0.115004
0.0177218
0.0177176
0.115011
0.0177202
0.0177177
0.115016
0.017718
-0.217939
-0.0633034
-0.0633036
-0.217939
-0.102038
-0.0545303
0.0240043
0.0407299
0.0407298
0.0240039
-0.0545313
-0.102037
-0.0633027
-0.0633034
-0.217939
-0.0545292
0.0240048
0.0407301
0.0407299
0.024004
-0.0545311
-0.102037
-0.063302
-0.063302
-0.217939
-0.0545294
0.0240053
0.0407303
0.0407302
0.0240052
-0.0545295
-0.102037
-0.0633034
-0.0633028
-0.217939
-0.0545311
0.024004
0.0407299
0.0407301
0.0240048
-0.0545293
-0.102037
-0.0633036
-0.0633034
-0.0545313
0.0240039
0.0407298
0.0407299
0.0240043
-0.0545303
-0.125359
-0.0756673
0.0189623
-0.0981006
5.76828e-15
0.0271965
1.31628e-18
0.137021
0.0921521
0.0718561
0.16906
0.16906
0.0718562
7.06389e-24
0.00592761
8.91529e-31
8.91533e-31
0.00592758
7.06393e-24
0.13702
0.0189619
-0.0756679
-0.125359
0.0921519
1.31628e-18
0.0271963
5.76819e-15
-0.098101
-0.0756662
0.0189635
5.76822e-15
0.0271991
1.31633e-18
0.137019
0.0921542
0.0718579
0.169059
0.16906
0.0718578
7.0649e-24
0.00592356
8.91819e-31
8.91903e-31
0.00592433
7.06665e-24
0.13702
0.0189618
-0.0756684
-0.12536
0.0921529
1.31662e-18
0.0271962
5.76872e-15
-0.0981013
-0.0756657
0.0189641
5.76887e-15
0.0272015
1.31675e-18
0.137017
0.0921565
0.0718598
0.169058
0.169058
0.0718599
7.06784e-24
0.00591848
8.92086e-31
8.92087e-31
0.00591839
7.06791e-24
0.137018
0.0189638
-0.0756659
-0.125359
0.0921564
1.31678e-18
0.0272012
5.76892e-15
-0.0981011
-0.0756683
0.0189617
5.76872e-15
0.0271962
1.31662e-18
0.13702
0.0921527
0.0718576
0.16906
0.169059
0.0718575
7.06665e-24
0.00592443
8.91903e-31
8.91819e-31
0.00592365
7.0649e-24
0.13702
0.0189635
-0.0756662
-0.125359
0.0921541
1.31633e-18
0.0271991
5.76822e-15
-0.098101
-0.0756679
0.0189619
5.76819e-15
0.0271963
1.31628e-18
0.13702
0.0921519
0.0718562
0.16906
0.16906
0.0718561
7.06393e-24
0.00592758
8.91533e-31
8.91529e-31
0.00592761
7.06389e-24
0.137021
0.0189623
-0.0756673
0.0921521
1.31628e-18
0.0271965
5.76828e-15
-0.141173
-0.0466363
0.0403162
-0.0466369
-0.141172
-0.0466354
0.0403163
-0.0466368
-0.141171
-0.0466353
0.0403167
-0.0466354
-0.141172
-0.0466368
0.0403164
-0.0466354
-0.141173
-0.046637
0.0403162
-0.0466363
-0.0666514
-0.0560322
0.110898
0.0530063
0.124408
0.0970215
-0.037461
0.0970211
-0.0666523
0.0530062
0.110898
-0.0560325
-0.0666503
-0.0560312
0.1109
0.0530072
0.12441
0.097017
-0.0374615
0.0970187
-0.0666525
0.0530067
0.110898
-0.0560329
-0.0666503
-0.0560302
0.110901
0.0530081
0.124413
0.0970124
-0.0374634
0.0970125
-0.0666505
0.053008
0.110901
-0.0560303
-0.0666525
-0.0560329
0.110898
0.0530066
0.12441
0.0970189
-0.0374616
0.0970172
-0.0666503
0.0530071
0.1109
-0.0560312
-0.0666523
-0.0560325
0.110898
0.0530062
0.124408
0.0970211
-0.037461
0.0970215
-0.0666514
0.0530063
0.110898
-0.0560322
-0.277553
-0.26221
-0.235154
-0.210748
-0.188513
-0.158417
-0.210748
-0.188513
-0.158417
-0.277553
-0.26221
-0.235153
-0.138921
-0.166763
-0.199942
-0.122533
-0.104734
-0.0786405
-0.0720742
-0.0947397
-0.124097
-0.000864767
-0.0214175
-0.0479561
-0.000864844
-0.0214177
-0.0479564
-0.0720744
-0.0947398
-0.124097
-0.122533
-0.104734
-0.0786406
-0.138921
-0.166763
-0.199942
-0.118232
-0.107028
-0.102474
-0.100057
-0.0859298
-0.0615936
-0.0566491
-0.0491342
-0.0466125
-0.109525
-0.105389
-0.102577
-0.110479
-0.0961473
-0.0704847
-0.052699
-0.0495794
-0.0472765
0.0135414
-0.00931341
-0.0382049
0.0229835
0.0237338
0.024136
0.0159621
-0.00478974
-0.0314318
0.013231
0.0204115
0.0234479
0.0301081
0.0371208
0.0398842
0.0301078
0.0371206
0.0398842
0.0132309
0.0204112
0.0234476
0.0293938
0.0373393
0.0403589
0.0403011
0.0401732
0.0403817
0.0408952
0.0402872
0.040666
0.0408952
0.0402872
0.0406659
0.040301
0.0401731
0.0403816
0.0293934
0.037339
0.0403588
0.022983
0.0237333
0.0241355
-0.0566494
-0.0491346
-0.0466131
-0.100057
-0.0859301
-0.0615942
-0.118232
-0.107028
-0.102473
0.0159616
-0.00479037
-0.0314325
0.0135407
-0.00931426
-0.0382059
-0.0526999
-0.0495803
-0.0472772
-0.110479
-0.0961479
-0.0704856
-0.109525
-0.105389
-0.102577
-0.210748
-0.188513
-0.158416
-0.210748
-0.188513
-0.158416
-0.277553
-0.26221
-0.235153
-0.122532
-0.104733
-0.0786398
-0.0720736
-0.0947392
-0.124097
-0.000864421
-0.021417
-0.0479555
-0.000864589
-0.0214175
-0.0479562
-0.0720741
-0.0947395
-0.124097
-0.122532
-0.104733
-0.0786405
-0.13892
-0.166763
-0.199942
-0.100056
-0.085929
-0.0615927
-0.0566484
-0.0491334
-0.0466117
-0.110478
-0.0961465
-0.0704836
-0.0526979
-0.0495785
-0.0472755
0.0135421
-0.00931244
-0.0382039
0.0229841
0.0237343
0.0241364
0.0159626
-0.00478905
-0.031431
0.0132313
0.0204118
0.0234483
0.0301085
0.037121
0.0398844
0.0301079
0.0371207
0.0398843
0.0132311
0.0204114
0.0234477
0.0293944
0.0373397
0.0403592
0.0403013
0.0401734
0.0403818
0.0408956
0.0402875
0.0406662
0.0408956
0.0402874
0.040666
0.0403011
0.0401732
0.0403817
0.0293934
0.0373391
0.0403588
0.022983
0.0237333
0.0241356
-0.0566493
-0.0491345
-0.046613
-0.100057
-0.08593
-0.0615941
-0.118232
-0.107028
-0.102473
0.0159617
-0.00479027
-0.0314324
0.0135408
-0.00931412
-0.0382057
-0.0526997
-0.0495801
-0.0472771
-0.110479
-0.0961478
-0.0704854
-0.109525
-0.105389
-0.102577
-0.210747
-0.188512
-0.158415
-0.210747
-0.188512
-0.158415
-0.277552
-0.26221
-0.235153
-0.122532
-0.104733
-0.0786392
-0.0720728
-0.0947382
-0.124096
-0.000863373
-0.0214161
-0.0479547
-0.000863383
-0.0214161
-0.0479547
-0.0720728
-0.0947382
-0.124096
-0.122532
-0.104733
-0.0786392
-0.13892
-0.166763
-0.199942
-0.100057
-0.0859291
-0.0615927
-0.0566478
-0.0491331
-0.0466115
-0.110479
-0.0961468
-0.0704838
-0.052698
-0.0495785
-0.0472755
0.0135424
-0.00931228
-0.0382039
0.0229845
0.0237347
0.0241369
0.015963
-0.00478868
-0.0314308
0.0132322
0.0204126
0.0234489
0.030109
0.0371215
0.0398848
0.0301089
0.0371215
0.0398848
0.0132322
0.0204125
0.0234488
0.0293947
0.03734
0.0403594
0.0403015
0.0401736
0.0403821
0.0408959
0.0402876
0.0406663
0.0408959
0.0402876
0.0406663
0.0403014
0.0401735
0.0403821
0.0293945
0.0373398
0.0403593
0.0229843
0.0237345
0.0241368
-0.0566478
-0.0491331
-0.0466115
-0.100056
-0.085929
-0.0615927
-0.118232
-0.107028
-0.102473
0.0159629
-0.00478878
-0.0314309
0.0135422
-0.0093125
-0.0382041
-0.0526982
-0.0495786
-0.0472756
-0.110479
-0.0961468
-0.070484
-0.109525
-0.105389
-0.102577
-0.210747
-0.188513
-0.158416
-0.210748
-0.188513
-0.158416
-0.277553
-0.26221
-0.235153
-0.122532
-0.104733
-0.0786404
-0.0720741
-0.0947395
-0.124097
-0.00086461
-0.0214175
-0.0479562
-0.000864448
-0.021417
-0.0479556
-0.0720736
-0.0947393
-0.124097
-0.122532
-0.104733
-0.0786398
-0.138921
-0.166763
-0.199942
-0.100057
-0.0859299
-0.061594
-0.0566492
-0.0491345
-0.046613
-0.110479
-0.0961476
-0.0704853
-0.0526997
-0.0495801
-0.047277
0.0135407
-0.0093142
-0.0382057
0.0229829
0.0237333
0.0241356
0.0159616
-0.00479029
-0.0314324
0.0132311
0.0204114
0.0234476
0.0301079
0.0371207
0.0398843
0.0301085
0.037121
0.0398844
0.0132313
0.0204118
0.0234483
0.0293933
0.037339
0.0403588
0.0403011
0.0401732
0.0403817
0.0408956
0.0402874
0.040666
0.0408956
0.0402875
0.0406662
0.0403013
0.0401734
0.0403818
0.0293943
0.0373397
0.0403592
0.0229841
0.0237343
0.0241364
-0.0566484
-0.0491335
-0.0466117
-0.100057
-0.085929
-0.0615927
-0.118232
-0.107028
-0.102473
0.0159625
-0.00478909
-0.031431
0.0135421
-0.0093125
-0.0382039
-0.052698
-0.0495785
-0.0472756
-0.110478
-0.0961465
-0.0704837
-0.109525
-0.105389
-0.102577
-0.210748
-0.188513
-0.158417
-0.210748
-0.188513
-0.158417
-0.122533
-0.104734
-0.0786407
-0.0720744
-0.0947398
-0.124097
-0.000864857
-0.0214177
-0.0479564
-0.000864777
-0.0214175
-0.0479561
-0.0720742
-0.0947397
-0.124097
-0.122533
-0.104734
-0.0786405
-0.100057
-0.0859301
-0.0615942
-0.0566494
-0.0491347
-0.0466132
-0.110479
-0.0961479
-0.0704856
-0.0526999
-0.0495803
-0.0472772
0.0135407
-0.00931427
-0.0382059
0.022983
0.0237333
0.0241355
0.0159616
-0.00479038
-0.0314325
0.0132309
0.0204112
0.0234475
0.0301078
0.0371206
0.0398842
0.0301081
0.0371208
0.0398842
0.013231
0.0204115
0.0234479
0.0293934
0.037339
0.0403588
0.040301
0.0401731
0.0403816
0.0408952
0.0402872
0.0406659
0.0408952
0.0402872
0.040666
0.0403011
0.0401732
0.0403817
0.0293938
0.0373393
0.0403589
0.0229835
0.0237338
0.024136
-0.0566491
-0.0491342
-0.0466125
-0.100057
-0.0859298
-0.0615936
0.015962
-0.00478974
-0.0314318
0.0135414
-0.00931341
-0.0382049
-0.052699
-0.0495794
-0.0472765
-0.110479
-0.0961473
-0.0704847
-0.114449
-0.119117
-0.123402
-0.123663
-0.108955
-0.0829429
-0.056461
-0.0603407
-0.064452
-0.129192
-0.129113
-0.127035
-0.125859
-0.112508
-0.090037
-0.0751478
-0.0725617
-0.068819
0.00190855
-0.0292061
-0.0601799
0.0171486
0.0172212
0.0182588
0.00760692
-0.018776
-0.0497471
0.0220294
0.0209599
0.0196879
-0.126163
-0.119238
-0.107101
-0.0942839
-0.0826094
-0.0664499
-0.0753526
-0.0716713
-0.0629259
-0.0257602
-0.0607764
-0.0874014
6.18433e-14
2.61216e-14
9.97893e-15
-0.0092399
-0.0289253
-0.04774
2.83215e-16
1.00764e-15
3.24242e-15
0.0105262
0.0233118
0.0275066
0.0107859
-0.0186664
-0.0443615
0.0187879
0.0220456
0.0258169
0.0436869
0.0736555
0.0995979
0.100216
0.112242
0.115046
0.0328303
0.0590364
0.0816438
6.65722e-17
1.52214e-17
3.14772e-18
0.0273758
0.0721553
0.102096
1.37e-20
9.00439e-20
5.35258e-19
0.0270445
0.0774976
0.120159
0.137314
0.132464
0.120277
0.149475
0.157597
0.149017
0.132868
0.11816
0.101793
0.0284509
0.0416653
0.0499371
0.0415178
0.0442694
0.0492399
0.0838486
0.06925
0.0576896
0.12877
0.104703
0.0820307
0.0670488
0.0604686
0.0556096
0.0441684
0.0511688
0.0632167
0.0778721
0.0930241
0.112773
0.0778721
0.0930241
0.112773
0.0441684
0.0511688
0.0632167
0.147239
0.159244
0.167456
0.168001
0.156176
0.136192
0.132552
0.156839
0.167994
0.132552
0.156839
0.167994
0.168001
0.156176
0.136192
0.147239
0.159244
0.167456
0.12877
0.104703
0.0820307
0.134807
0.125313
0.108686
0.165824
0.14768
0.11655
1.68532e-21
2.08594e-22
2.33506e-23
0.0118169
0.0408132
0.0768633
1.55856e-26
1.89234e-25
2.07802e-24
-0.00639473
-0.011867
-0.00423645
0.0219108
0.0537774
0.0834853
0.0951863
0.0554043
0.0201081
-0.00843262
-0.0287043
-0.0375336
-0.00843262
-0.0287043
-0.0375336
0.0951863
0.0554042
0.0201081
1.00338e-27
6.72271e-29
4.07378e-30
-0.00793862
-0.0231075
-0.0345212
4.16985e-34
9.35274e-33
1.89729e-31
4.16986e-34
9.35276e-33
1.8973e-31
-0.00793862
-0.0231075
-0.0345212
1.00339e-27
6.72275e-29
4.0738e-30
-0.00639472
-0.011867
-0.00423646
0.165824
0.14768
0.11655
0.134806
0.125312
0.108686
0.149474
0.157597
0.149016
0.0219107
0.0537772
0.083485
1.55857e-26
1.89235e-25
2.07803e-24
0.0118169
0.0408131
0.076863
1.68532e-21
2.08594e-22
2.33507e-23
0.0270444
0.0774972
0.120159
-0.0564619
-0.0603417
-0.0644529
-0.123663
-0.108955
-0.0829437
-0.114449
-0.119117
-0.123402
0.0220289
0.0209593
0.0196874
0.00760639
-0.0187767
-0.0497479
0.0171483
0.0172208
0.0182584
0.00190824
-0.0292065
-0.0601804
-0.0751485
-0.0725625
-0.0688198
-0.125859
-0.112508
-0.0900376
-0.129192
-0.129113
-0.127035
0.0415177
0.0442693
0.0492398
0.0284505
0.0416651
0.0499369
0.0670488
0.0604686
0.0556095
0.132868
0.11816
0.101793
0.0838485
0.0692499
0.0576895
0.0328301
0.0590362
0.0816436
0.100216
0.112242
0.115045
0.0436867
0.0736553
0.0995977
0.0187877
0.0220454
0.0258167
0.137314
0.132464
0.120277
1.37e-20
9.00439e-20
5.35258e-19
0.0273757
0.0721551
0.102096
6.65718e-17
1.52214e-17
3.14771e-18
0.0105261
0.0233117
0.0275065
-0.0753532
-0.0716717
-0.0629262
-0.0942843
-0.0826098
-0.0664502
-0.126164
-0.119238
-0.107102
0.0107858
-0.0186666
-0.0443617
2.83213e-16
1.00763e-15
3.24237e-15
-0.00923995
-0.0289254
-0.0477402
6.18417e-14
2.61211e-14
9.97875e-15
-0.0257602
-0.0607766
-0.0874017
-0.123663
-0.108954
-0.0829419
-0.0564599
-0.0603396
-0.0644509
-0.125859
-0.112507
-0.0900361
-0.0751467
-0.0725606
-0.0688179
0.00191071
-0.0292043
-0.0601785
0.0171506
0.0172228
0.0182602
0.00760816
-0.0187747
-0.0497459
0.0220302
0.0209607
0.0196889
-0.0942841
-0.0826092
-0.0664492
-0.0753515
-0.0716702
-0.0629248
6.18418e-14
2.61211e-14
9.97879e-15
-0.00923959
-0.0289245
-0.047739
2.83217e-16
1.00764e-15
3.2424e-15
0.0105267
0.0233134
0.027509
0.0107884
-0.0186644
-0.0443601
0.0187904
0.0220483
0.0258197
0.0436896
0.073658
0.0995999
0.100219
0.112245
0.115047
0.0328326
0.0590387
0.081646
6.65731e-17
1.52218e-17
3.14781e-18
0.0273759
0.0721559
0.102098
1.37008e-20
9.00482e-20
5.35279e-19
0.0270437
0.0774959
0.120157
0.137313
0.132464
0.120279
0.149476
0.157597
0.149016
0.13287
0.118162
0.101795
0.028452
0.0416663
0.0499379
0.0415181
0.0442698
0.0492406
0.0838506
0.0692515
0.0576907
0.128772
0.104705
0.0820326
0.0670503
0.0604697
0.0556105
0.0441691
0.0511698
0.0632182
0.0778741
0.0930264
0.112775
0.077874
0.0930264
0.112775
0.0441691
0.0511698
0.0632182
0.14724
0.159244
0.167456
0.168001
0.156177
0.136195
0.132547
0.156835
0.167992
0.132547
0.156836
0.167992
0.168001
0.156177
0.136195
0.14724
0.159245
0.167456
0.128771
0.104705
0.0820325
0.134805
0.125309
0.108682
0.165822
0.147676
0.116546
1.68544e-21
2.08615e-22
2.33536e-23
0.0118159
0.0408104
0.0768591
1.5589e-26
1.89269e-25
2.07835e-24
-0.00639522
-0.0118687
-0.00423969
0.0219063
0.0537724
0.0834805
0.0951807
0.0553986
0.0201034
-0.00843608
-0.0287065
-0.0375346
-0.00843552
-0.0287062
-0.0375346
0.0951809
0.0553992
0.0201041
1.00363e-27
6.72458e-29
4.07504e-30
-0.00793856
-0.0231074
-0.0345215
4.17156e-34
9.35625e-33
1.89794e-31
4.17163e-34
9.3567e-33
1.89809e-31
-0.00793857
-0.0231074
-0.0345215
1.0038e-27
6.7255e-29
4.07549e-30
-0.00639506
-0.0118682
-0.00423897
0.165823
0.147678
0.116547
0.134806
0.125311
0.108684
0.149476
0.157597
0.149017
0.0219072
0.0537738
0.0834821
1.55919e-26
1.89309e-25
2.07884e-24
0.0118164
0.0408116
0.0768608
1.68595e-21
2.08673e-22
2.33597e-23
0.0270443
0.077497
0.120158
-0.0564618
-0.0603417
-0.0644531
-0.123663
-0.108956
-0.082944
-0.114449
-0.119118
-0.123402
0.0220289
0.0209593
0.0196873
0.0076062
-0.0187769
-0.0497482
0.0171482
0.0172207
0.0182583
0.00190809
-0.0292069
-0.0601809
-0.0751491
-0.072563
-0.0688201
-0.12586
-0.112509
-0.0900382
-0.129193
-0.129113
-0.127036
0.0415178
0.0442695
0.0492402
0.0284505
0.0416652
0.0499373
0.0670502
0.0604696
0.0556102
0.13287
0.118161
0.101794
0.0838495
0.0692507
0.0576901
0.0328302
0.0590367
0.0816444
0.100217
0.112243
0.115046
0.0436866
0.0736553
0.0995978
0.0187877
0.0220454
0.0258167
0.137314
0.132464
0.120277
1.37048e-20
9.00719e-20
5.35405e-19
0.0273756
0.0721549
0.102096
6.65837e-17
1.52246e-17
3.14846e-18
0.010526
0.0233115
0.0275063
-0.0753538
-0.0716723
-0.0629267
-0.0942848
-0.0826103
-0.0664507
-0.126164
-0.119239
-0.107102
0.0107856
-0.0186668
-0.0443621
2.83255e-16
1.00775e-15
3.24271e-15
-0.00924005
-0.0289257
-0.0477406
6.18445e-14
2.61227e-14
9.97956e-15
-0.0257602
-0.0607767
-0.087402
-0.123663
-0.108954
-0.082942
-0.05646
-0.0603397
-0.0644509
-0.125859
-0.112508
-0.090036
-0.0751464
-0.0725605
-0.0688178
0.00191242
-0.0292031
-0.0601778
0.0171523
0.017224
0.0182609
0.00760871
-0.0187743
-0.0497457
0.0220305
0.0209611
0.0196894
-0.0942844
-0.0826091
-0.0664486
-0.075351
-0.0716695
-0.0629239
6.18448e-14
2.6123e-14
9.97977e-15
-0.00923928
-0.0289238
-0.0477381
2.83271e-16
1.0078e-15
3.24281e-15
0.0105272
0.0233148
0.0275112
0.0107907
-0.0186624
-0.0443588
0.0187926
0.0220509
0.0258222
0.0436919
0.07366
0.0996012
0.100221
0.112246
0.115049
0.0328347
0.059041
0.0816483
6.65882e-17
1.52258e-17
3.14876e-18
0.0273757
0.0721558
0.102098
1.37067e-20
9.00831e-20
5.35464e-19
0.0270432
0.0774942
0.120155
0.137312
0.132463
0.120279
0.149476
0.157596
0.149014
0.132872
0.118164
0.101797
0.0284527
0.0416671
0.0499388
0.0415183
0.0442702
0.0492413
0.0838527
0.0692532
0.0576919
0.128773
0.104707
0.0820348
0.067052
0.060471
0.0556115
0.0441698
0.0511709
0.0632199
0.0778763
0.0930292
0.112778
0.0778764
0.0930293
0.112778
0.0441698
0.051171
0.06322
0.147241
0.159245
0.167456
0.168001
0.156179
0.136197
0.132541
0.156832
0.16799
0.132541
0.156832
0.16799
0.168001
0.156179
0.136197
0.147241
0.159245
0.167456
0.128774
0.104708
0.0820349
0.134802
0.125306
0.108678
0.16582
0.147673
0.116541
1.6862e-21
2.08706e-22
2.33635e-23
0.0118148
0.0408074
0.0768549
1.55948e-26
1.89343e-25
2.0792e-24
-0.00639598
-0.0118711
-0.00424388
0.021901
0.0537672
0.0834756
0.095174
0.0553918
0.0200975
-0.00844082
-0.0287102
-0.0375371
-0.0084409
-0.0287103
-0.0375372
0.095174
0.0553918
0.0200974
1.00399e-27
6.72681e-29
4.07631e-30
-0.00793865
-0.0231079
-0.0345228
4.17255e-34
9.35871e-33
1.89848e-31
4.17255e-34
9.35871e-33
1.89848e-31
-0.00793865
-0.0231079
-0.0345228
1.00399e-27
6.72683e-29
4.07632e-30
-0.00639602
-0.0118712
-0.00424398
0.16582
0.147673
0.116541
0.134802
0.125306
0.108678
0.149477
0.157597
0.149014
0.0219009
0.0537671
0.0834756
1.55949e-26
1.89344e-25
2.07921e-24
0.0118148
0.0408074
0.0768549
1.68623e-21
2.08709e-22
2.33638e-23
0.0270432
0.0774943
0.120155
-0.0564601
-0.0603399
-0.0644511
-0.123663
-0.108954
-0.0829421
-0.114449
-0.119117
-0.123402
0.0220302
0.0209608
0.0196891
0.0076084
-0.0187746
-0.0497459
0.0171519
0.0172237
0.0182606
0.00191207
-0.0292034
-0.060178
-0.0751466
-0.0725606
-0.068818
-0.125859
-0.112508
-0.0900361
-0.129193
-0.129113
-0.127035
0.0415182
0.0442701
0.0492412
0.0284524
0.0416668
0.0499387
0.067052
0.060471
0.0556115
0.132872
0.118164
0.101797
0.0838526
0.0692531
0.0576918
0.0328344
0.0590408
0.0816482
0.100221
0.112246
0.115049
0.0436916
0.0736598
0.0996011
0.0187922
0.0220505
0.0258219
0.137312
0.132463
0.120279
1.3707e-20
9.00847e-20
5.35473e-19
0.0273757
0.0721557
0.102098
6.65892e-17
1.5226e-17
3.14881e-18
0.0105271
0.0233146
0.0275109
-0.0753512
-0.0716696
-0.062924
-0.0942842
-0.082609
-0.0664486
-0.126164
-0.119239
-0.107102
0.0107904
-0.0186627
-0.044359
2.83274e-16
1.00781e-15
3.24284e-15
-0.00923934
-0.0289239
-0.0477382
6.18448e-14
2.61231e-14
9.97984e-15
-0.0257602
-0.0607766
-0.0874018
-0.123663
-0.108955
-0.0829439
-0.0564618
-0.0603416
-0.064453
-0.12586
-0.112509
-0.0900381
-0.075149
-0.0725629
-0.0688201
0.001908
-0.0292069
-0.0601809
0.0171481
0.0172206
0.0182582
0.00760612
-0.018777
-0.0497481
0.0220288
0.0209592
0.0196872
-0.0942846
-0.0826101
-0.0664506
-0.0753537
-0.0716722
-0.0629266
6.18445e-14
2.61227e-14
9.97956e-15
-0.00924004
-0.0289256
-0.0477405
2.83255e-16
1.00775e-15
3.24271e-15
0.010526
0.0233114
0.0275063
0.0107855
-0.0186668
-0.044362
0.0187876
0.0220453
0.0258166
0.0436866
0.0736552
0.0995977
0.100217
0.112243
0.115045
0.0328301
0.0590365
0.0816442
6.65837e-17
1.52246e-17
3.14846e-18
0.0273756
0.0721549
0.102096
1.37048e-20
9.00719e-20
5.35405e-19
0.0270444
0.0774971
0.120158
0.137314
0.132464
0.120277
0.149475
0.157597
0.149017
0.132869
0.118161
0.101794
0.0284504
0.0416651
0.0499372
0.0415178
0.0442695
0.0492401
0.0838493
0.0692506
0.05769
0.128771
0.104705
0.0820322
0.06705
0.0604695
0.0556101
0.044169
0.0511697
0.063218
0.0778737
0.093026
0.112775
0.0778737
0.093026
0.112775
0.044169
0.0511696
0.0632179
0.14724
0.159245
0.167456
0.168001
0.156177
0.136194
0.132547
0.156836
0.167992
0.132547
0.156836
0.167992
0.168001
0.156177
0.136194
0.14724
0.159244
0.167456
0.128771
0.104705
0.0820323
0.134806
0.125311
0.108684
0.165823
0.147678
0.116547
1.68595e-21
2.08673e-22
2.33597e-23
0.0118164
0.0408117
0.0768609
1.55919e-26
1.89309e-25
2.07884e-24
-0.00639506
-0.0118682
-0.00423891
0.0219074
0.0537739
0.0834823
0.0951812
0.0553994
0.0201043
-0.00843544
-0.0287062
-0.0375346
-0.00843601
-0.0287064
-0.0375346
0.095181
0.0553988
0.0201035
1.0038e-27
6.7255e-29
4.07549e-30
-0.00793857
-0.0231074
-0.0345215
4.17163e-34
9.3567e-33
1.89809e-31
4.17156e-34
9.35625e-33
1.89794e-31
-0.00793856
-0.0231074
-0.0345215
1.00363e-27
6.72458e-29
4.07504e-30
-0.00639523
-0.0118687
-0.00423963
0.165822
0.147677
0.116546
0.134805
0.12531
0.108682
0.149476
0.157597
0.149016
0.0219064
0.0537726
0.0834807
1.5589e-26
1.89269e-25
2.07835e-24
0.0118159
0.0408104
0.0768593
1.68544e-21
2.08615e-22
2.33536e-23
0.0270438
0.077496
0.120157
-0.0564599
-0.0603397
-0.0644509
-0.123663
-0.108954
-0.0829419
-0.114449
-0.119117
-0.123402
0.0220301
0.0209607
0.0196889
0.00760811
-0.0187747
-0.0497459
0.0171506
0.0172228
0.0182601
0.00191065
-0.0292043
-0.0601786
-0.0751468
-0.0725607
-0.0688179
-0.125859
-0.112507
-0.0900362
-0.129192
-0.129113
-0.127035
0.0415181
0.0442698
0.0492405
0.0284519
0.0416662
0.0499379
0.06705
0.0604695
0.0556104
0.13287
0.118162
0.101795
0.0838504
0.0692514
0.0576905
0.0328326
0.0590386
0.0816459
0.100218
0.112244
0.115047
0.0436895
0.073658
0.0995999
0.0187903
0.0220483
0.0258196
0.137313
0.132464
0.120279
1.37008e-20
9.00482e-20
5.35279e-19
0.0273759
0.072156
0.102098
6.65731e-17
1.52218e-17
3.14781e-18
0.0105268
0.0233134
0.027509
-0.0753516
-0.0716702
-0.0629249
-0.0942842
-0.0826092
-0.0664492
-0.126164
-0.119238
-0.107102
0.0107884
-0.0186644
-0.0443601
2.83217e-16
1.00764e-15
3.2424e-15
-0.0092396
-0.0289246
-0.047739
6.18418e-14
2.61211e-14
9.97879e-15
-0.0257602
-0.0607766
-0.0874017
-0.123663
-0.108955
-0.0829438
-0.0564619
-0.0603417
-0.0644529
-0.125859
-0.112508
-0.0900376
-0.0751485
-0.0725625
-0.0688198
0.00190824
-0.0292065
-0.0601804
0.0171483
0.0172208
0.0182584
0.00760639
-0.0187767
-0.0497479
0.0220289
0.0209593
0.0196874
-0.0942843
-0.0826098
-0.0664502
-0.0753532
-0.0716718
-0.0629262
6.18417e-14
2.61211e-14
9.97875e-15
-0.00923995
-0.0289254
-0.0477402
2.83213e-16
1.00763e-15
3.24237e-15
0.0105261
0.0233117
0.0275065
0.0107858
-0.0186666
-0.0443617
0.0187877
0.0220454
0.0258167
0.0436867
0.0736553
0.0995977
0.100216
0.112242
0.115045
0.0328301
0.0590362
0.0816436
6.65718e-17
1.52214e-17
3.14771e-18
0.0273757
0.0721551
0.102096
1.37e-20
9.00439e-20
5.35258e-19
0.0270444
0.0774972
0.120159
0.137314
0.132464
0.120277
0.149474
0.157597
0.149016
0.132868
0.11816
0.101793
0.0284505
0.0416651
0.0499369
0.0415177
0.0442693
0.0492398
0.0838485
0.0692499
0.0576895
0.12877
0.104703
0.0820307
0.0670488
0.0604686
0.0556095
0.0441684
0.0511688
0.0632167
0.0778721
0.0930241
0.112773
0.0778721
0.0930241
0.112773
0.0441684
0.0511688
0.0632167
0.147239
0.159244
0.167456
0.168001
0.156176
0.136192
0.132552
0.156839
0.167994
0.132552
0.156839
0.167994
0.168001
0.156176
0.136192
0.147239
0.159244
0.167456
0.12877
0.104703
0.0820307
0.134806
0.125312
0.108686
0.165824
0.14768
0.11655
1.68532e-21
2.08594e-22
2.33507e-23
0.0118169
0.0408131
0.076863
1.55857e-26
1.89235e-25
2.07803e-24
-0.00639472
-0.011867
-0.00423646
0.0219107
0.0537772
0.083485
0.0951863
0.0554042
0.0201081
-0.00843262
-0.0287043
-0.0375336
-0.00843262
-0.0287043
-0.0375336
0.0951863
0.0554043
0.0201081
1.00339e-27
6.72275e-29
4.0738e-30
-0.00793862
-0.0231075
-0.0345212
4.16986e-34
9.35276e-33
1.8973e-31
4.16985e-34
9.35274e-33
1.89729e-31
-0.00793862
-0.0231075
-0.0345212
1.00338e-27
6.72271e-29
4.07378e-30
-0.00639473
-0.011867
-0.00423645
0.165824
0.14768
0.11655
0.134807
0.125313
0.108686
0.149475
0.157597
0.149017
0.0219108
0.0537774
0.0834853
1.55856e-26
1.89234e-25
2.07802e-24
0.0118169
0.0408132
0.0768633
1.68532e-21
2.08594e-22
2.33506e-23
0.0270445
0.0774976
0.120159
-0.056461
-0.0603407
-0.064452
-0.123663
-0.108955
-0.0829429
0.0220294
0.0209599
0.0196879
0.00760692
-0.018776
-0.0497471
0.0171486
0.0172212
0.0182588
0.00190855
-0.0292061
-0.0601799
-0.0751478
-0.0725617
-0.068819
-0.125859
-0.112508
-0.090037
0.0415178
0.0442694
0.0492399
0.0284509
0.0416653
0.0499371
0.0670488
0.0604686
0.0556096
0.132868
0.11816
0.101793
0.0838486
0.06925
0.0576896
0.0328303
0.0590364
0.0816438
0.100216
0.112242
0.115046
0.0436869
0.0736555
0.0995979
0.0187879
0.0220456
0.0258169
0.137314
0.132464
0.120277
1.37e-20
9.00439e-20
5.35258e-19
0.0273758
0.0721553
0.102096
6.65722e-17
1.52214e-17
3.14772e-18
0.0105262
0.0233118
0.0275066
-0.0753526
-0.0716713
-0.0629259
-0.0942839
-0.0826094
-0.0664499
0.0107859
-0.0186664
-0.0443615
2.83215e-16
1.00764e-15
3.24242e-15
-0.0092399
-0.0289253
-0.04774
6.18433e-14
2.61216e-14
9.97893e-15
-0.27408
-0.256654
-0.228255
-0.256654
-0.236174
-0.206221
-0.228255
-0.206221
-0.175891
-0.192695
-0.160093
-0.133381
-0.170674
-0.139338
-0.114527
-0.14103
-0.111005
-0.0876999
-0.107351
-0.0786208
-0.0565088
-0.0786208
-0.0509575
-0.0296625
-0.056509
-0.0296626
-0.00892248
-0.192695
-0.170674
-0.14103
-0.160093
-0.139338
-0.111005
-0.133381
-0.114527
-0.0877001
-0.114056
-0.103963
-0.100205
-0.0972322
-0.0886471
-0.0858135
-0.0717716
-0.0640128
-0.0614912
-0.100803
-0.103838
-0.108046
-0.0868132
-0.0898486
-0.0938557
-0.0623601
-0.0649866
-0.0684656
-0.0319251
-0.0338725
-0.0365809
-0.00499086
-0.00624127
-0.00813901
0.0159988
0.0153551
0.0142399
-0.0414767
-0.0341033
-0.0315177
-0.0151445
-0.00789573
-0.00510163
0.0052831
0.0124829
0.0154616
0.0193044
0.0264557
0.0295088
0.0264556
0.0335367
0.036533
0.0295085
0.0365329
0.039383
0.0302913
0.0300777
0.0296263
0.0373284
0.0372733
0.0372264
0.0400126
0.0398983
0.0400143
0.0403753
0.0400482
0.0401638
0.0400481
0.0395245
0.0396302
0.0401637
0.0396302
0.0399507
0.030291
0.0373282
0.0400125
0.0300773
0.037273
0.0398982
0.0296259
0.0372261
0.0400142
-0.114055
-0.0972322
-0.0717719
-0.103962
-0.0886473
-0.0640132
-0.100204
-0.0858137
-0.0614917
-0.041477
-0.0151447
0.00528294
-0.0341038
-0.00789616
0.0124826
-0.0315183
-0.00510219
0.0154612
-0.0319259
-0.00499154
0.0159983
-0.0338734
-0.00624204
0.0153545
-0.0365819
-0.00813984
0.0142392
-0.100803
-0.0868136
-0.0623608
-0.103838
-0.0898491
-0.0649873
-0.108047
-0.0938563
-0.0684664
-0.27408
-0.256654
-0.228255
-0.256653
-0.236173
-0.206221
-0.228254
-0.20622
-0.175891
-0.192695
-0.160093
-0.13338
-0.170674
-0.139338
-0.114527
-0.14103
-0.111005
-0.0876993
-0.107351
-0.0786203
-0.0565082
-0.0786205
-0.0509571
-0.0296621
-0.0565087
-0.0296624
-0.00892216
-0.192695
-0.170674
-0.14103
-0.160092
-0.139338
-0.111005
-0.13338
-0.114527
-0.0876999
-0.114055
-0.103962
-0.100204
-0.0972315
-0.0886464
-0.0858127
-0.0717709
-0.064012
-0.0614903
-0.100802
-0.103837
-0.108046
-0.0868124
-0.0898478
-0.0938549
-0.0623592
-0.0649856
-0.0684645
-0.0319242
-0.0338716
-0.0365799
-0.00499014
-0.00624047
-0.00813811
0.0159994
0.0153557
0.0142406
-0.0414761
-0.0341026
-0.0315169
-0.0151439
-0.00789514
-0.00510097
0.00528348
0.0124834
0.0154621
0.0193047
0.026456
0.0295091
0.0264557
0.0335369
0.0365332
0.0295086
0.036533
0.0393831
0.0302917
0.0300781
0.0296268
0.0373287
0.0372736
0.0372267
0.0400127
0.0398985
0.0400146
0.0403754
0.0400483
0.040164
0.0400482
0.0395246
0.0396304
0.0401638
0.0396304
0.039951
0.0302911
0.0373283
0.0400126
0.0300774
0.0372731
0.0398982
0.0296259
0.0372261
0.0400142
-0.114055
-0.0972321
-0.0717717
-0.103962
-0.0886472
-0.0640131
-0.100204
-0.0858136
-0.0614916
-0.0414769
-0.0151446
0.00528315
-0.0341037
-0.00789604
0.0124828
-0.0315182
-0.00510209
0.0154613
-0.0319257
-0.00499144
0.0159984
-0.0338732
-0.00624193
0.0153545
-0.0365817
-0.00813971
0.0142393
-0.100803
-0.0868135
-0.0623606
-0.103838
-0.089849
-0.0649872
-0.108047
-0.0938562
-0.0684662
-0.27408
-0.256653
-0.228254
-0.256653
-0.236173
-0.20622
-0.228254
-0.20622
-0.17589
-0.192694
-0.160092
-0.13338
-0.170673
-0.139337
-0.114526
-0.141029
-0.111004
-0.0876986
-0.10735
-0.0786192
-0.0565073
-0.0786192
-0.0509559
-0.029661
-0.0565073
-0.029661
-0.00892099
-0.192694
-0.170673
-0.141029
-0.160092
-0.139337
-0.111004
-0.13338
-0.114526
-0.0876986
-0.114055
-0.103962
-0.100204
-0.0972312
-0.0886462
-0.0858127
-0.0717704
-0.0640117
-0.0614902
-0.100803
-0.103837
-0.108046
-0.0868126
-0.089848
-0.0938552
-0.0623592
-0.0649857
-0.0684647
-0.0319241
-0.0338715
-0.0365799
-0.00498982
-0.00624022
-0.00813792
0.0159998
0.015356
0.0142409
-0.0414754
-0.0341021
-0.0315166
-0.0151431
-0.00789453
-0.00510053
0.0052844
0.0124841
0.0154626
0.0193056
0.0264568
0.0295097
0.0264567
0.0335376
0.0365338
0.0295096
0.0365337
0.0393837
0.0302922
0.0300785
0.0296272
0.0373291
0.0372739
0.037227
0.0400131
0.0398987
0.0400148
0.0403757
0.0400484
0.0401641
0.0400484
0.0395247
0.0396305
0.040164
0.0396304
0.0399511
0.0302921
0.037329
0.0400131
0.0300784
0.0372738
0.0398987
0.029627
0.0372269
0.0400147
-0.114055
-0.0972311
-0.0717704
-0.103962
-0.0886462
-0.0640117
-0.100204
-0.0858127
-0.0614903
-0.0414754
-0.0151432
0.00528438
-0.0341022
-0.00789459
0.012484
-0.0315166
-0.00510062
0.0154626
-0.0319242
-0.00498994
0.0159997
-0.0338717
-0.00624038
0.0153559
-0.0365801
-0.00813812
0.0142407
-0.100802
-0.0868125
-0.0623593
-0.103837
-0.089848
-0.0649858
-0.108046
-0.0938552
-0.0684648
-0.27408
-0.256653
-0.228254
-0.256654
-0.236173
-0.20622
-0.228255
-0.206221
-0.17589
-0.192694
-0.160092
-0.13338
-0.170674
-0.139338
-0.114527
-0.14103
-0.111005
-0.0876998
-0.107351
-0.0786205
-0.0565087
-0.0786203
-0.0509571
-0.0296624
-0.0565083
-0.0296621
-0.00892219
-0.192695
-0.170674
-0.14103
-0.160093
-0.139338
-0.111005
-0.13338
-0.114527
-0.0876994
-0.114055
-0.103962
-0.100204
-0.097232
-0.0886471
-0.0858135
-0.0717717
-0.064013
-0.0614915
-0.100803
-0.103837
-0.108046
-0.0868134
-0.0898489
-0.093856
-0.0623606
-0.0649871
-0.0684662
-0.0319257
-0.0338732
-0.0365817
-0.00499147
-0.00624197
-0.00813978
0.0159984
0.0153545
0.0142392
-0.0414769
-0.0341036
-0.0315181
-0.0151446
-0.00789605
-0.00510211
0.00528313
0.0124828
0.0154613
0.0193046
0.0264557
0.0295086
0.026456
0.0335369
0.036533
0.0295091
0.0365332
0.0393832
0.030291
0.0300773
0.0296259
0.0373283
0.0372731
0.0372261
0.0400126
0.0398982
0.0400142
0.0403754
0.0400482
0.0401638
0.0400483
0.0395246
0.0396304
0.040164
0.0396304
0.039951
0.0302917
0.0373287
0.0400128
0.0300781
0.0372736
0.0398985
0.0296268
0.0372267
0.0400146
-0.114055
-0.0972315
-0.0717709
-0.103962
-0.0886464
-0.064012
-0.100204
-0.0858127
-0.0614904
-0.0414761
-0.015144
0.00528345
-0.0341026
-0.00789517
0.0124834
-0.0315169
-0.00510101
0.0154621
-0.0319243
-0.00499018
0.0159994
-0.0338716
-0.00624051
0.0153556
-0.03658
-0.00813816
0.0142405
-0.100802
-0.0868125
-0.0623592
-0.103837
-0.0898479
-0.0649856
-0.108046
-0.0938549
-0.0684646
-0.27408
-0.256654
-0.228255
-0.256654
-0.236174
-0.206221
-0.228255
-0.206221
-0.175891
-0.192695
-0.160093
-0.133381
-0.170674
-0.139338
-0.114527
-0.14103
-0.111005
-0.0877001
-0.107351
-0.0786208
-0.056509
-0.0786208
-0.0509575
-0.0296627
-0.0565088
-0.0296625
-0.00892249
-0.192695
-0.170674
-0.14103
-0.160093
-0.139338
-0.111005
-0.133381
-0.114527
-0.0876999
-0.114055
-0.103962
-0.100204
-0.0972323
-0.0886473
-0.0858137
-0.0717719
-0.0640132
-0.0614917
-0.100803
-0.103838
-0.108047
-0.0868136
-0.0898492
-0.0938563
-0.0623608
-0.0649873
-0.0684665
-0.0319259
-0.0338734
-0.0365819
-0.00499156
-0.00624205
-0.00813985
0.0159983
0.0153545
0.0142392
-0.0414771
-0.0341038
-0.0315183
-0.0151448
-0.00789618
-0.00510221
0.00528293
0.0124826
0.0154612
0.0193044
0.0264556
0.0295085
0.0264557
0.0335367
0.0365329
0.0295087
0.036533
0.039383
0.030291
0.0300773
0.0296259
0.0373282
0.037273
0.0372261
0.0400125
0.0398982
0.0400142
0.0403753
0.0400481
0.0401637
0.0400482
0.0395245
0.0396302
0.0401638
0.0396302
0.0399507
0.0302913
0.0373284
0.0400126
0.0300777
0.0372733
0.0398983
0.0296263
0.0372264
0.0400143
-0.114056
-0.0972322
-0.0717716
-0.103963
-0.0886471
-0.0640128
-0.100205
-0.0858135
-0.0614912
-0.0414767
-0.0151445
0.0052831
-0.0341033
-0.00789573
0.0124829
-0.0315177
-0.00510163
0.0154616
-0.0319251
-0.00499086
0.0159988
-0.0338725
-0.00624127
0.0153551
-0.0365809
-0.00813901
0.0142399
-0.100803
-0.0868132
-0.0623601
-0.103838
-0.0898486
-0.0649866
-0.108046
-0.0938557
-0.0684656
-0.11295
-0.117563
-0.121756
-0.0984862
-0.102889
-0.107011
-0.0725832
-0.0766843
-0.0808209
-0.125269
-0.127192
-0.127053
-0.110663
-0.112946
-0.113363
-0.084955
-0.0881903
-0.0900095
-0.0520022
-0.0560985
-0.0592682
-0.0208609
-0.0248266
-0.0281165
0.00627096
0.00384442
0.00217953
-0.0399446
-0.0435389
-0.0475277
-0.0106102
-0.0134314
-0.0167956
0.0127616
0.0110281
0.00888505
-0.123694
-0.116317
-0.103559
-0.110699
-0.103933
-0.0916859
-0.0891719
-0.0843421
-0.0742007
-0.0828889
-0.0557904
-0.0206768
-0.0717049
-0.0459351
-0.0158802
-0.0569902
-0.0354222
-0.0116968
-0.0372502
-0.0216567
-0.00642664
-0.0140908
-0.00552766
-0.000251877
0.0126196
0.0130431
0.00673562
-0.0603083
-0.0576421
-0.0502572
-0.029616
-0.027953
-0.0227057
0.00220071
0.00447436
0.00851762
0.0349167
0.0395187
0.0431959
0.0634732
0.0711975
0.0748712
0.0885453
0.099329
0.102665
0.0424528
0.033522
0.0142362
0.0694287
0.0515764
0.0206128
0.0923605
0.066267
0.0255356
0.109947
0.0765906
0.0286452
0.11936
0.08088
0.0294696
0.121668
0.0799439
0.0283479
0.110825
0.123669
0.125583
0.128281
0.141145
0.140204
0.142822
0.153285
0.147784
0.0291759
0.0288076
0.0285165
0.0375948
0.0385386
0.040291
0.0409838
0.0431385
0.0470035
0.0285093
0.0292098
0.0311669
0.043436
0.0481441
0.0548309
0.0536057
0.0627896
0.0746968
0.0613012
0.0751735
0.0922882
0.0680235
0.0859388
0.107014
0.0763618
0.0976411
0.121182
0.0416022
0.0449386
0.0510113
0.0415342
0.0460481
0.0542902
0.0426111
0.0486178
0.0592632
0.0466903
0.0548522
0.0683977
0.0548522
0.0656706
0.0821445
0.0683978
0.0821446
0.101101
0.0888378
0.112536
0.13649
0.105094
0.129379
0.15103
0.125028
0.147366
0.163506
0.146998
0.163595
0.170182
0.163595
0.170985
0.165657
0.170182
0.165656
0.147533
0.0888378
0.105094
0.125028
0.112536
0.129379
0.147366
0.13649
0.15103
0.163506
0.155398
0.160431
0.148359
0.164033
0.161273
0.141718
0.167323
0.154762
0.127412
0.116841
0.0737965
0.0252938
0.105712
0.063561
0.0208596
0.0883756
0.0495132
0.0151827
0.0639302
0.0314644
0.0083082
0.0367305
0.0130083
0.00170195
0.00905313
-0.00422402
-0.00403806
0.161452
0.137759
0.103398
0.14401
0.111033
0.0729635
0.114551
0.0757952
0.0383035
0.0743494
0.0350915
0.00317671
0.0350915
0.000831578
-0.0223387
0.0031767
-0.0223387
-0.0357922
-0.0157558
-0.0180376
-0.00815206
-0.0308885
-0.0248828
-0.00968264
-0.0358483
-0.0252037
-0.00899512
-0.0309354
-0.0198467
-0.00656307
-0.0198467
-0.011822
-0.00359034
-0.00656307
-0.00359034
-0.000929686
-0.0157558
-0.0308885
-0.0358483
-0.0180376
-0.0248827
-0.0252037
-0.00815205
-0.00968263
-0.00899512
0.155397
0.164033
0.167323
0.16043
0.161273
0.154762
0.148358
0.141717
0.127411
0.161451
0.14401
0.114551
0.137758
0.111033
0.075795
0.103397
0.0729633
0.0383034
0.0639299
0.0367304
0.00905309
0.0314643
0.0130082
-0.00422402
0.00830817
0.00170194
-0.00403805
0.11684
0.105712
0.0883752
0.0737962
0.0635607
0.049513
0.0252936
0.0208595
0.0151827
-0.11295
-0.0984868
-0.0725841
-0.117563
-0.102889
-0.0766852
-0.121756
-0.107011
-0.0808218
-0.0399456
-0.010611
0.012761
-0.0435398
-0.0134322
0.0110275
-0.0475285
-0.0167964
0.00888449
-0.0520029
-0.0208615
0.00627046
-0.0560992
-0.0248272
0.00384399
-0.0592688
-0.0281169
0.00217919
-0.12527
-0.110664
-0.0849558
-0.127193
-0.112946
-0.0881911
-0.127053
-0.113364
-0.0900102
0.0291755
0.0375945
0.0409836
0.0288072
0.0385383
0.0431384
0.0285161
0.0402907
0.0470034
0.0416022
0.0415341
0.0426111
0.0449386
0.046048
0.0486178
0.0510113
0.0542902
0.0592632
0.0613011
0.0680235
0.0763618
0.0751735
0.0859388
0.097641
0.0922881
0.107014
0.121182
0.028509
0.0434358
0.0536056
0.0292095
0.0481439
0.0627894
0.0311667
0.0548307
0.0746966
0.0349165
0.063473
0.0885452
0.0395185
0.0711973
0.0993288
0.0431957
0.074871
0.102665
0.110825
0.128281
0.142822
0.123669
0.141145
0.153284
0.125583
0.140203
0.147784
0.109947
0.119359
0.121667
0.0765904
0.0808797
0.0799435
0.0286451
0.0294695
0.0283477
0.0424527
0.0694285
0.0923603
0.0335219
0.0515763
0.0662668
0.0142361
0.0206127
0.0255355
-0.123694
-0.110699
-0.0891725
-0.116318
-0.103934
-0.0843426
-0.103559
-0.0916864
-0.074201
-0.0603088
-0.0296164
0.00220045
-0.0576425
-0.0279532
0.00447416
-0.0502575
-0.0227059
0.00851747
-0.0372504
-0.0140909
0.0126195
-0.0216568
-0.00552775
0.0130431
-0.00642668
-0.00025191
0.00673559
-0.0828892
-0.0717053
-0.0569904
-0.0557906
-0.0459353
-0.0354224
-0.0206769
-0.0158803
-0.0116968
-0.112949
-0.117562
-0.121756
-0.0984854
-0.102888
-0.10701
-0.0725821
-0.0766833
-0.0808199
-0.125269
-0.127192
-0.127053
-0.110662
-0.112945
-0.113363
-0.0849541
-0.0881894
-0.0900086
-0.0520009
-0.0560973
-0.0592668
-0.0208595
-0.0248251
-0.0281148
0.00627233
0.00384607
0.00218152
-0.0399435
-0.0435378
-0.0475265
-0.0106091
-0.0134303
-0.0167944
0.0127624
0.0110291
0.00888619
-0.123694
-0.116317
-0.103559
-0.110698
-0.103933
-0.0916858
-0.0891711
-0.0843413
-0.0741999
-0.082889
-0.0557905
-0.0206769
-0.0717048
-0.0459349
-0.0158802
-0.0569895
-0.0354217
-0.0116966
-0.0372489
-0.0216558
-0.00642625
-0.0140889
-0.0055263
-0.000251353
0.0126219
0.0130447
0.00673622
-0.0603069
-0.0576407
-0.0502557
-0.0296141
-0.0279509
-0.0227036
0.00220305
0.00447696
0.00852025
0.0349193
0.0395215
0.0431988
0.0634757
0.0712003
0.0748739
0.0885478
0.0993316
0.102667
0.0424553
0.0335236
0.0142367
0.0694309
0.0515778
0.0206133
0.0923622
0.0662679
0.0255358
0.109948
0.0765909
0.0286452
0.119359
0.0808795
0.0294693
0.121666
0.0799426
0.0283473
0.110827
0.123671
0.125585
0.128283
0.141146
0.140204
0.142824
0.153285
0.147784
0.0291766
0.0288084
0.0285174
0.0375953
0.0385392
0.0402918
0.0409841
0.043139
0.0470042
0.0285106
0.0292114
0.031169
0.0434372
0.0481457
0.054833
0.0536068
0.0627911
0.0746988
0.0613023
0.0751751
0.0922902
0.0680248
0.0859406
0.107016
0.0763635
0.097643
0.121184
0.0416025
0.0449391
0.0510121
0.0415345
0.0460486
0.0542911
0.0426117
0.0486187
0.0592645
0.0466911
0.0548535
0.0683995
0.0548535
0.0656723
0.0821467
0.0683995
0.0821467
0.101103
0.0888399
0.112538
0.136492
0.105097
0.129381
0.151031
0.12503
0.147367
0.163507
0.147
0.163596
0.170181
0.163596
0.170984
0.165654
0.170181
0.165654
0.147529
0.0888398
0.105097
0.12503
0.112538
0.129381
0.147367
0.136492
0.151031
0.163507
0.155398
0.16043
0.148357
0.164033
0.161271
0.141715
0.167322
0.154759
0.127408
0.116838
0.0737946
0.0252929
0.105709
0.0635586
0.0208586
0.0883717
0.0495104
0.0151817
0.0639258
0.0314615
0.0083072
0.0367262
0.0130056
0.00170109
0.0090494
-0.00422611
-0.00403869
0.161449
0.137754
0.103393
0.144006
0.111028
0.0729581
0.114546
0.0757894
0.0382983
0.0743437
0.0350862
0.0031725
0.0350865
0.000827435
-0.0223416
0.00317304
-0.0223414
-0.0357938
-0.0157585
-0.0180389
-0.00815241
-0.03089
-0.0248834
-0.00968276
-0.0358489
-0.0252038
-0.0089951
-0.0309354
-0.0198466
-0.006563
-0.0198466
-0.0118218
-0.00359029
-0.006563
-0.0035903
-0.000929678
-0.015758
-0.0308898
-0.0358489
-0.0180386
-0.0248832
-0.0252038
-0.0081523
-0.00968272
-0.0089951
0.155398
0.164034
0.167323
0.160431
0.161272
0.154761
0.148358
0.141717
0.127409
0.161449
0.144006
0.114546
0.137756
0.111029
0.0757901
0.103394
0.0729594
0.0382993
0.0639274
0.0367275
0.00905033
0.0314627
0.0130066
-0.00422548
0.00830764
0.00170142
-0.00403847
0.11684
0.105711
0.0883734
0.0737958
0.0635599
0.0495117
0.0252935
0.0208592
0.0151822
-0.11295
-0.0984867
-0.0725839
-0.117563
-0.102889
-0.0766852
-0.121757
-0.107012
-0.0808219
-0.0399455
-0.0106109
0.012761
-0.0435399
-0.0134323
0.0110274
-0.0475287
-0.0167966
0.00888433
-0.0520033
-0.0208618
0.00627026
-0.0560997
-0.0248276
0.00384378
-0.0592693
-0.0281173
0.00217901
-0.12527
-0.110664
-0.0849562
-0.127193
-0.112947
-0.0881916
-0.127054
-0.113364
-0.0900108
0.0291755
0.0375946
0.0409837
0.0288071
0.0385383
0.0431385
0.028516
0.0402908
0.0470037
0.0416023
0.0415345
0.0426117
0.0449389
0.0460486
0.0486187
0.0510118
0.0542911
0.0592645
0.0613019
0.0680247
0.0763634
0.0751745
0.0859402
0.0976428
0.0922893
0.107015
0.121184
0.028509
0.043436
0.0536061
0.0292095
0.0481442
0.0627901
0.0311668
0.0548311
0.0746974
0.0349167
0.0634734
0.0885459
0.0395186
0.0711976
0.0993294
0.0431957
0.0748712
0.102665
0.110826
0.128282
0.142823
0.123669
0.141146
0.153285
0.125583
0.140204
0.147784
0.109947
0.119359
0.121667
0.0765903
0.0808796
0.0799434
0.028645
0.0294694
0.0283477
0.0424526
0.0694284
0.0923603
0.0335216
0.0515761
0.0662667
0.014236
0.0206126
0.0255354
-0.123695
-0.1107
-0.0891731
-0.116318
-0.103935
-0.0843432
-0.10356
-0.091687
-0.0742016
-0.0603093
-0.0296167
0.00220031
-0.057643
-0.0279535
0.00447405
-0.0502579
-0.0227062
0.00851733
-0.0372507
-0.0140911
0.0126193
-0.0216571
-0.00552796
0.0130428
-0.00642678
-0.000252017
0.00673547
-0.0828896
-0.0717058
-0.0569908
-0.0557909
-0.0459356
-0.0354227
-0.020677
-0.0158804
-0.011697
-0.112949
-0.117563
-0.121756
-0.0984857
-0.102888
-0.10701
-0.0725823
-0.0766835
-0.08082
-0.125269
-0.127192
-0.127053
-0.110663
-0.112945
-0.113363
-0.0849541
-0.0881894
-0.0900085
-0.0520007
-0.0560969
-0.0592663
-0.0208591
-0.0248244
-0.0281137
0.006273
0.00384708
0.00218297
-0.0399436
-0.0435377
-0.0475264
-0.010609
-0.0134301
-0.0167941
0.0127627
0.0110294
0.00888663
-0.123694
-0.116318
-0.10356
-0.110699
-0.103933
-0.0916857
-0.0891708
-0.0843409
-0.0741993
-0.0828892
-0.0557906
-0.0206769
-0.0717046
-0.0459348
-0.0158801
-0.0569888
-0.0354212
-0.0116963
-0.0372476
-0.0216548
-0.00642587
-0.0140871
-0.00552502
-0.000250881
0.012624
0.0130461
0.00673669
-0.0603061
-0.0576396
-0.0502545
-0.0296127
-0.0279491
-0.0227016
0.00220501
0.00447929
0.00852268
0.0349216
0.0395242
0.0432013
0.0634782
0.0712029
0.0748763
0.0885501
0.0993338
0.102669
0.0424573
0.0335248
0.0142371
0.0694326
0.0515786
0.0206135
0.0923631
0.0662681
0.0255358
0.109948
0.0765904
0.0286449
0.119358
0.0808783
0.0294688
0.121664
0.079941
0.0283467
0.110829
0.123672
0.125585
0.128284
0.141147
0.140204
0.142825
0.153285
0.147782
0.0291769
0.0288087
0.028518
0.0375956
0.0385395
0.0402924
0.0409843
0.0431393
0.0470049
0.0285115
0.0292127
0.0311708
0.0434382
0.0481471
0.054835
0.0536079
0.0627928
0.0747009
0.0613036
0.0751769
0.0922923
0.0680264
0.0859425
0.107018
0.0763654
0.0976452
0.121186
0.0416027
0.0449395
0.0510128
0.0415348
0.0460492
0.0542921
0.0426121
0.0486196
0.0592659
0.046692
0.0548549
0.0684015
0.0548549
0.0656744
0.0821493
0.0684015
0.0821494
0.101106
0.0888424
0.112541
0.136493
0.1051
0.129383
0.151033
0.125033
0.147369
0.163507
0.147003
0.163597
0.17018
0.163597
0.170984
0.165651
0.17018
0.165651
0.147524
0.0888425
0.1051
0.125033
0.112541
0.129383
0.14737
0.136494
0.151033
0.163508
0.155399
0.160429
0.148355
0.164033
0.161269
0.141712
0.167321
0.154756
0.127404
0.116836
0.0737925
0.0252922
0.105706
0.063556
0.0208577
0.0883677
0.0495076
0.0151807
0.0639214
0.0314585
0.00830615
0.0367216
0.0130027
0.00170009
0.00904496
-0.00422875
-0.00403955
0.161446
0.13775
0.103388
0.144001
0.111022
0.0729524
0.11454
0.0757828
0.0382923
0.0743366
0.0350794
0.00316691
0.0350794
0.000821252
-0.0223463
0.00316684
-0.0223463
-0.0357971
-0.0157623
-0.018041
-0.00815305
-0.0308929
-0.0248848
-0.00968315
-0.0358507
-0.0252046
-0.00899528
-0.0309362
-0.0198468
-0.00656302
-0.0198468
-0.0118218
-0.00359026
-0.00656302
-0.00359026
-0.000929658
-0.0157624
-0.030893
-0.0358507
-0.0180411
-0.0248848
-0.0252046
-0.00815308
-0.00968317
-0.00899528
0.155399
0.164033
0.167321
0.160429
0.161269
0.154756
0.148355
0.141712
0.127404
0.161446
0.144001
0.11454
0.13775
0.111022
0.0757828
0.103388
0.0729524
0.0382923
0.0639213
0.0367216
0.00904486
0.0314585
0.0130026
-0.00422885
0.00830611
0.00170005
-0.00403959
0.116836
0.105706
0.0883677
0.0737926
0.063556
0.0495076
0.0252922
0.0208577
0.0151807
-0.112949
-0.0984857
-0.0725824
-0.117563
-0.102888
-0.0766836
-0.121756
-0.10701
-0.0808201
-0.0399437
-0.0106092
0.0127625
-0.0435379
-0.0134303
0.0110292
-0.0475266
-0.0167944
0.00888634
-0.052001
-0.0208594
0.00627268
-0.0560971
-0.0248247
0.00384674
-0.0592665
-0.028114
0.00218262
-0.125269
-0.110663
-0.0849542
-0.127192
-0.112945
-0.0881895
-0.127053
-0.113363
-0.0900086
0.0291767
0.0375954
0.0409842
0.0288085
0.0385394
0.0431392
0.0285177
0.0402922
0.0470047
0.0416026
0.0415347
0.0426121
0.0449394
0.0460492
0.0486196
0.0510128
0.0542921
0.0592659
0.0613035
0.0680264
0.0763655
0.0751768
0.0859426
0.0976453
0.0922923
0.107018
0.121186
0.0285112
0.0434379
0.0536078
0.0292124
0.0481469
0.0627926
0.0311705
0.0548347
0.0747008
0.0349213
0.0634779
0.08855
0.0395238
0.0712026
0.0993336
0.043201
0.074876
0.102669
0.110829
0.128284
0.142825
0.123672
0.141147
0.153285
0.125585
0.140204
0.147783
0.109948
0.119358
0.121665
0.0765904
0.0808784
0.0799411
0.0286449
0.0294688
0.0283467
0.0424571
0.0694323
0.092363
0.0335246
0.0515785
0.0662681
0.014237
0.0206134
0.0255358
-0.123694
-0.110698
-0.0891709
-0.116318
-0.103933
-0.0843409
-0.103559
-0.0916857
-0.0741994
-0.0603063
-0.029613
0.00220465
-0.0576398
-0.0279494
0.00447892
-0.0502547
-0.0227019
0.00852233
-0.0372478
-0.0140873
0.0126237
-0.0216549
-0.00552523
0.0130459
-0.00642594
-0.000250967
0.0067366
-0.0828891
-0.0717046
-0.0569889
-0.0557905
-0.0459348
-0.0354212
-0.0206768
-0.0158801
-0.0116964
-0.11295
-0.117563
-0.121756
-0.0984866
-0.102889
-0.107011
-0.0725839
-0.0766852
-0.0808218
-0.12527
-0.127193
-0.127053
-0.110664
-0.112947
-0.113364
-0.0849561
-0.0881915
-0.0900106
-0.0520033
-0.0560996
-0.0592692
-0.0208619
-0.0248276
-0.0281174
0.00627017
0.0038437
0.00217892
-0.0399455
-0.0435399
-0.0475287
-0.010611
-0.0134323
-0.0167966
0.0127609
0.0110274
0.00888425
-0.123695
-0.116318
-0.10356
-0.1107
-0.103934
-0.0916868
-0.089173
-0.084343
-0.0742015
-0.0828894
-0.0557907
-0.020677
-0.0717056
-0.0459355
-0.0158804
-0.0569908
-0.0354226
-0.0116969
-0.0372506
-0.021657
-0.00642677
-0.0140911
-0.00552796
-0.000252013
0.0126193
0.0130428
0.00673547
-0.0603093
-0.0576429
-0.0502578
-0.0296168
-0.0279536
-0.0227062
0.00220022
0.00447397
0.00851727
0.0349165
0.0395185
0.0431956
0.0634733
0.0711975
0.0748711
0.0885457
0.0993292
0.102665
0.0424525
0.0335216
0.014236
0.0694284
0.0515761
0.0206126
0.0923602
0.0662667
0.0255354
0.109947
0.0765903
0.028645
0.119359
0.0808796
0.0294695
0.121667
0.0799435
0.0283477
0.110826
0.123669
0.125583
0.128282
0.141146
0.140204
0.142823
0.153285
0.147784
0.0291754
0.028807
0.0285159
0.0375945
0.0385383
0.0402907
0.0409837
0.0431385
0.0470036
0.0285089
0.0292094
0.0311666
0.0434359
0.048144
0.054831
0.053606
0.06279
0.0746972
0.0613018
0.0751743
0.0922891
0.0680245
0.08594
0.107015
0.0763632
0.0976426
0.121183
0.0416023
0.0449389
0.0510118
0.0415345
0.0460486
0.054291
0.0426116
0.0486186
0.0592643
0.046691
0.0548533
0.0683992
0.0548532
0.065672
0.0821463
0.0683992
0.0821463
0.101103
0.0888395
0.112538
0.136491
0.105096
0.129381
0.151031
0.12503
0.147367
0.163507
0.147
0.163596
0.170181
0.163596
0.170984
0.165654
0.170181
0.165654
0.147529
0.0888396
0.105096
0.12503
0.112538
0.129381
0.147367
0.136491
0.151031
0.163507
0.155398
0.160431
0.148358
0.164033
0.161272
0.141717
0.167323
0.154761
0.12741
0.11684
0.0737959
0.0252935
0.105711
0.0635599
0.0208592
0.0883735
0.0495118
0.0151822
0.0639275
0.0314627
0.00830765
0.0367277
0.0130066
0.00170143
0.00905041
-0.00422546
-0.00403847
0.161449
0.137756
0.103394
0.144007
0.111029
0.0729596
0.114546
0.0757904
0.0382994
0.074344
0.0350867
0.00317316
0.0350864
0.000827556
-0.0223414
0.00317261
-0.0223416
-0.0357938
-0.0157579
-0.0180386
-0.0081523
-0.0308898
-0.0248832
-0.00968272
-0.0358489
-0.0252038
-0.0089951
-0.0309354
-0.0198466
-0.00656301
-0.0198466
-0.0118218
-0.0035903
-0.006563
-0.00359029
-0.000929678
-0.0157585
-0.03089
-0.0358489
-0.0180389
-0.0248834
-0.0252038
-0.00815241
-0.00968276
-0.00899511
0.155398
0.164033
0.167322
0.16043
0.161271
0.154759
0.148357
0.141715
0.127408
0.161449
0.144006
0.114546
0.137755
0.111028
0.0757896
0.103393
0.0729583
0.0382984
0.063926
0.0367264
0.00904948
0.0314616
0.0130057
-0.00422609
0.00830722
0.0017011
-0.00403869
0.116839
0.105709
0.0883718
0.0737947
0.0635587
0.0495105
0.025293
0.0208587
0.0151817
-0.112949
-0.0984854
-0.0725822
-0.117562
-0.102888
-0.0766834
-0.121756
-0.10701
-0.0808199
-0.0399436
-0.0106092
0.0127624
-0.0435378
-0.0134303
0.011029
-0.0475265
-0.0167945
0.00888614
-0.052001
-0.0208596
0.00627228
-0.0560973
-0.0248251
0.00384601
-0.0592669
-0.0281148
0.00218145
-0.125269
-0.110662
-0.0849541
-0.127192
-0.112945
-0.0881895
-0.127053
-0.113363
-0.0900087
0.0291765
0.0375952
0.0409841
0.0288083
0.0385391
0.0431389
0.0285174
0.0402917
0.0470042
0.0416025
0.0415345
0.0426116
0.044939
0.0460485
0.0486185
0.0510119
0.0542909
0.0592642
0.0613021
0.0680246
0.0763632
0.0751749
0.0859403
0.0976427
0.09229
0.107015
0.121184
0.0285106
0.0434371
0.0536067
0.0292114
0.0481456
0.062791
0.0311689
0.0548329
0.0746986
0.0349192
0.0634756
0.0885476
0.0395214
0.0712002
0.0993314
0.0431987
0.0748739
0.102667
0.110827
0.128282
0.142824
0.123671
0.141146
0.153285
0.125585
0.140204
0.147784
0.109948
0.11936
0.121667
0.0765909
0.0808796
0.0799427
0.0286452
0.0294694
0.0283473
0.0424553
0.0694309
0.0923622
0.0335236
0.0515778
0.066268
0.0142367
0.0206133
0.0255359
-0.123694
-0.110698
-0.0891711
-0.116317
-0.103933
-0.0843413
-0.103559
-0.0916858
-0.0741999
-0.060307
-0.0296142
0.00220298
-0.0576407
-0.0279509
0.00447689
-0.0502558
-0.0227037
0.00852019
-0.0372489
-0.0140889
0.0126219
-0.0216558
-0.00552632
0.0130447
-0.00642625
-0.000251357
0.00673622
-0.082889
-0.0717048
-0.0569895
-0.0557905
-0.0459349
-0.0354217
-0.0206769
-0.0158802
-0.0116966
-0.11295
-0.117563
-0.121756
-0.0984869
-0.102889
-0.107011
-0.0725841
-0.0766853
-0.0808218
-0.12527
-0.127193
-0.127053
-0.110664
-0.112946
-0.113364
-0.0849559
-0.0881911
-0.0900102
-0.052003
-0.0560992
-0.0592688
-0.0208615
-0.0248272
-0.0281169
0.00627046
0.00384399
0.00217919
-0.0399456
-0.0435398
-0.0475285
-0.010611
-0.0134322
-0.0167964
0.012761
0.0110275
0.00888449
-0.123694
-0.116318
-0.10356
-0.110699
-0.103934
-0.0916864
-0.0891725
-0.0843426
-0.074201
-0.0828892
-0.0557906
-0.0206769
-0.0717053
-0.0459353
-0.0158803
-0.0569904
-0.0354224
-0.0116968
-0.0372504
-0.0216568
-0.00642668
-0.0140909
-0.00552775
-0.000251911
0.0126195
0.0130431
0.00673559
-0.0603088
-0.0576425
-0.0502575
-0.0296164
-0.0279532
-0.0227059
0.00220045
0.00447416
0.00851747
0.0349165
0.0395185
0.0431957
0.063473
0.0711973
0.074871
0.0885452
0.0993288
0.102665
0.0424527
0.0335219
0.0142361
0.0694285
0.0515763
0.0206127
0.0923603
0.0662668
0.0255355
0.109947
0.0765904
0.0286451
0.119359
0.0808797
0.0294695
0.121667
0.0799435
0.0283477
0.110825
0.123669
0.125583
0.128281
0.141145
0.140203
0.142822
0.153284
0.147784
0.0291755
0.0288072
0.0285161
0.0375945
0.0385383
0.0402907
0.0409836
0.0431384
0.0470034
0.028509
0.0292095
0.0311667
0.0434358
0.0481439
0.0548307
0.0536056
0.0627894
0.0746966
0.0613011
0.0751735
0.0922881
0.0680235
0.0859388
0.107014
0.0763618
0.097641
0.121182
0.0416022
0.0449386
0.0510113
0.0415341
0.046048
0.0542902
0.0426111
0.0486178
0.0592632
0.0466903
0.0548522
0.0683978
0.0548522
0.0656706
0.0821446
0.0683977
0.0821445
0.101101
0.0888378
0.112536
0.13649
0.105094
0.129379
0.15103
0.125028
0.147366
0.163506
0.146998
0.163595
0.170182
0.163595
0.170985
0.165656
0.170182
0.165657
0.147533
0.0888378
0.105094
0.125028
0.112536
0.129379
0.147366
0.13649
0.15103
0.163506
0.155397
0.16043
0.148358
0.164033
0.161273
0.141717
0.167323
0.154762
0.127411
0.11684
0.0737962
0.0252936
0.105712
0.0635607
0.0208595
0.0883752
0.049513
0.0151827
0.0639299
0.0314643
0.00830817
0.0367304
0.0130082
0.00170194
0.00905309
-0.00422402
-0.00403805
0.161451
0.137758
0.103397
0.14401
0.111033
0.0729633
0.114551
0.075795
0.0383034
0.0743494
0.0350915
0.0031767
0.0350915
0.000831578
-0.0223387
0.00317671
-0.0223387
-0.0357922
-0.0157558
-0.0180376
-0.00815205
-0.0308885
-0.0248827
-0.00968263
-0.0358483
-0.0252037
-0.00899512
-0.0309354
-0.0198467
-0.00656307
-0.0198467
-0.011822
-0.00359034
-0.00656307
-0.00359034
-0.000929686
-0.0157558
-0.0308885
-0.0358483
-0.0180376
-0.0248828
-0.0252037
-0.00815206
-0.00968264
-0.00899512
0.155398
0.164033
0.167323
0.160431
0.161273
0.154762
0.148359
0.141718
0.127412
0.161452
0.14401
0.114551
0.137759
0.111033
0.0757952
0.103398
0.0729635
0.0383035
0.0639302
0.0367305
0.00905313
0.0314644
0.0130083
-0.00422402
0.0083082
0.00170195
-0.00403806
0.116841
0.105712
0.0883756
0.0737965
0.063561
0.0495132
0.0252938
0.0208596
0.0151827
-0.11295
-0.0984862
-0.0725832
-0.117563
-0.102889
-0.0766843
-0.121756
-0.107011
-0.0808209
-0.0399446
-0.0106102
0.0127616
-0.0435389
-0.0134314
0.0110281
-0.0475277
-0.0167956
0.00888505
-0.0520022
-0.0208609
0.00627096
-0.0560985
-0.0248266
0.00384442
-0.0592682
-0.0281165
0.00217953
-0.125269
-0.110663
-0.084955
-0.127192
-0.112946
-0.0881903
-0.127053
-0.113363
-0.0900095
0.0291759
0.0375948
0.0409838
0.0288076
0.0385386
0.0431385
0.0285165
0.040291
0.0470035
0.0416022
0.0415342
0.0426111
0.0449386
0.0460481
0.0486178
0.0510113
0.0542902
0.0592632
0.0613012
0.0680235
0.0763618
0.0751735
0.0859388
0.0976411
0.0922882
0.107014
0.121182
0.0285093
0.043436
0.0536057
0.0292098
0.0481441
0.0627896
0.0311669
0.0548309
0.0746968
0.0349167
0.0634732
0.0885453
0.0395187
0.0711975
0.099329
0.0431959
0.0748712
0.102665
0.110825
0.128281
0.142822
0.123669
0.141145
0.153285
0.125583
0.140204
0.147784
0.109947
0.11936
0.121668
0.0765906
0.08088
0.0799439
0.0286452
0.0294696
0.0283479
0.0424528
0.0694287
0.0923605
0.033522
0.0515764
0.066267
0.0142362
0.0206128
0.0255356
-0.123694
-0.110699
-0.0891719
-0.116317
-0.103933
-0.0843421
-0.103559
-0.0916859
-0.0742007
-0.0603083
-0.029616
0.00220071
-0.0576421
-0.027953
0.00447436
-0.0502572
-0.0227057
0.00851762
-0.0372502
-0.0140908
0.0126196
-0.0216567
-0.00552766
0.0130431
-0.00642664
-0.000251877
0.00673562
-0.0828889
-0.0717049
-0.0569902
-0.0557904
-0.0459351
-0.0354222
-0.0206768
-0.0158802
-0.0116968
