FiniteElementSpace
FiniteElementCollection: H1_2D_P4
VDim: 1
Ordering: 0

0.0535532
0
0
0
0
0
0
0
0
0
0
0.243733
0
0
0.243733
0
0
0.243732
0
0
0.243732
0
0
0.243733
0
0
-1.17724
-1.17723
-1.17723
-1.17723
-1.17724
0.0709721
0.260591
0.26059
0.0709721
0.26059
0.260591
0.070972
0.260593
0.260593
0.070972
0.260592
0.260592
0.0709721
0.26059
0.260591
-0.759174
0
0.489106
0
0
0.489106
0
-0.759179
0
0.4891
0
0
0.489086
0
-0.759173
0
0.489075
0
0
0.489075
0
-0.759173
0
0.489083
0
0
0.489097
0
-0.759179
0
0.489106
0
0
0.489106
0
0.136262
0.136262
0.136261
0.136262
0.136262
-1.25658
0.231618
-1.25658
-1.25658
0.231627
-1.25659
-1.25659
0.231637
-1.25659
-1.25659
0.231628
-1.25658
-1.25658
0.231618
-1.25658
0.055689
0.0874303
0.0874304
0.0556891
0.115567
0.306194
0.258819
-0.300121
-0.300122
0.258819
0.306194
0.115568
0.0874304
0.0874303
0.055689
0.306194
0.258819
-0.300118
-0.300116
0.258819
0.306194
0.115567
0.0874301
0.0874301
0.055689
0.306193
0.258818
-0.300107
-0.300107
0.258818
0.306193
0.115567
0.0874303
0.0874303
0.055689
0.306194
0.258819
-0.300109
-0.300111
0.258819
0.306194
0.115568
0.0874304
0.0874303
0.306194
0.258819
-0.300122
-0.300121
0.258819
0.306194
0.255199
-1.20498
-0.610161
-1.49559
0
-0.180676
0
0.498526
-0.47154
-0.741923
0.601829
0.601829
-0.741922
0
0.0375872
0
0
0.0375872
0
0.498526
-0.610164
-1.20498
0.255197
-0.471539
0
-0.180673
0
-1.49559
-1.20498
-0.610161
0
-0.180676
0
0.498528
-0.471545
-0.741931
0.601835
0.601838
-0.741944
0
0.0375893
0
0
0.03759
0
0.498538
-0.610152
-1.20497
0.255199
-0.471569
0
-0.180703
0
-1.49559
-1.20497
-0.610144
0
-0.180715
0
0.498543
-0.471585
-0.74196
0.601844
0.601844
-0.74196
0
0.0375921
0
0
0.0375921
0
0.498543
-0.610144
-1.20497
0.255199
-0.471586
0
-0.180717
0
-1.49559
-1.20497
-0.610149
0
-0.180704
0
0.498538
-0.471573
-0.741952
0.601839
0.601836
-0.74194
0
0.0375901
0
0
0.0375894
0
0.498529
-0.610157
-1.20498
0.255197
-0.47155
0
-0.180678
0
-1.49559
-1.20498
-0.610164
0
-0.180673
0
0.498526
-0.471539
-0.741922
0.601829
0.601829
-0.741923
0
0.0375872
0
0
0.0375872
0
0.498526
-0.610161
-1.20498
-0.47154
0
-0.180676
0
0.0631521
0.1596
0.29875
0.1596
0.0631521
0.1596
0.298751
0.1596
0.063152
0.1596
0.298752
0.1596
0.0631521
0.1596
0.298752
0.1596
0.0631521
0.1596
0.29875
0.1596
0.0109915
-1.07414
0.504987
-1.22865
0.416146
0.198502
0.000600338
0.198502
0.010989
-1.22865
0.504987
-1.07414
0.0109893
-1.07414
0.504985
-1.22865
0.416131
0.198507
0.000600474
0.198513
0.0109946
-1.22865
0.504973
-1.07416
0.0109975
-1.07416
0.504968
-1.22864
0.416112
0.198519
0.000600662
0.198519
0.0109977
-1.22864
0.504967
-1.07416
0.0109956
-1.07416
0.504973
-1.22865
0.416126
0.198513
0.000600481
0.198508
0.0109906
-1.22865
0.504985
-1.07414
0.010989
-1.07414
0.504987
-1.22865
0.416146
0.198502
0.00060034
0.198502
0.0109915
-1.22865
0.504987
-1.07414
0.0526484
0.0535752
0.0549128
0.057092
0.0584899
0.0617739
0.0570921
0.0584899
0.0617739
0.0526484
0.0535752
0.0549128
0.0676185
0.0614887
0.0575362
0.0734469
0.0771455
0.0832881
0.0817512
0.0725551
0.0662627
0.124104
0.10614
0.0930865
0.124104
0.10614
0.0930866
0.0817513
0.0725551
0.0662627
0.073447
0.0771456
0.0832882
0.0676186
0.0614887
0.0575362
0.0762547
0.0875923
0.104372
0.120584
0.132081
0.148398
0.0948786
0.113534
0.140379
0.214872
0.166333
0.130439
0.253569
0.274291
0.29592
0.284379
0.231362
0.181109
0.292261
0.317399
0.313978
0.302197
0.316806
0.284084
0.237913
0.20144
0.171955
0.151496
0.187662
0.232916
0.279662
0.311273
0.316267
0.279663
0.311273
0.316267
0.151496
0.187662
0.232916
0.213448
0.0696969
-0.152816
-0.129486
0.118651
0.261148
-1.07212
-0.787874
-0.46315
-1.07212
-0.787875
-0.463151
-0.129487
0.118651
0.261147
0.213447
0.069696
-0.152817
0.302197
0.316806
0.284084
0.0948787
0.113534
0.140379
0.120584
0.132082
0.148398
0.0762547
0.0875924
0.104372
0.237913
0.20144
0.171956
0.292261
0.317399
0.313978
0.284379
0.231362
0.181109
0.25357
0.274291
0.295921
0.214872
0.166333
0.13044
0.0570921
0.0584899
0.0617739
0.057092
0.0584898
0.0617739
0.0526484
0.0535752
0.0549128
0.073447
0.0771456
0.0832882
0.0817513
0.0725551
0.0662626
0.124104
0.10614
0.0930866
0.124104
0.10614
0.0930865
0.0817513
0.0725551
0.0662627
0.0734469
0.0771456
0.0832881
0.0676185
0.0614886
0.0575362
0.120584
0.132082
0.148398
0.0948787
0.113534
0.14038
0.25357
0.274292
0.295921
0.284379
0.231362
0.18111
0.292261
0.317399
0.313978
0.302197
0.316806
0.284084
0.237913
0.20144
0.171956
0.151497
0.187662
0.232916
0.279662
0.311272
0.316267
0.279662
0.311272
0.316268
0.151497
0.187662
0.232916
0.213448
0.0696976
-0.152814
-0.129484
0.118652
0.261148
-1.07212
-0.787869
-0.463146
-1.07212
-0.787868
-0.463145
-0.129483
0.118653
0.261148
0.213449
0.0696993
-0.152812
0.302198
0.316806
0.284084
0.0948786
0.113534
0.140379
0.120584
0.132081
0.148398
0.0762546
0.0875923
0.104372
0.237913
0.20144
0.171955
0.292262
0.317399
0.313977
0.284379
0.231362
0.181109
0.253569
0.274291
0.29592
0.214872
0.166333
0.130439
0.057092
0.0584898
0.0617739
0.057092
0.0584898
0.0617739
0.0526484
0.0535752
0.0549128
0.0734469
0.0771455
0.083288
0.0817511
0.072555
0.0662626
0.124103
0.106139
0.0930863
0.124103
0.106139
0.0930863
0.0817511
0.072555
0.0662626
0.0734469
0.0771455
0.083288
0.0676185
0.0614886
0.0575362
0.120583
0.132081
0.148397
0.0948784
0.113534
0.140379
0.253569
0.27429
0.29592
0.284378
0.231361
0.181109
0.292263
0.317399
0.313977
0.302199
0.316805
0.284083
0.237912
0.201439
0.171955
0.151496
0.187661
0.232915
0.279661
0.311272
0.316268
0.279661
0.311272
0.316268
0.151496
0.187661
0.232915
0.213452
0.0697049
-0.152804
-0.129474
0.118659
0.261151
-1.07211
-0.787858
-0.463134
-1.07211
-0.787858
-0.463134
-0.129474
0.118659
0.261151
0.213452
0.0697049
-0.152804
0.302199
0.316805
0.284083
0.0948784
0.113534
0.140379
0.120583
0.132081
0.148397
0.0762546
0.0875923
0.104372
0.237912
0.201439
0.171955
0.292263
0.317399
0.313977
0.284378
0.231361
0.181109
0.253569
0.27429
0.29592
0.214872
0.166333
0.130439
0.057092
0.0584898
0.0617739
0.0570921
0.0584899
0.0617739
0.0526484
0.0535752
0.0549128
0.0734469
0.0771455
0.0832881
0.0817512
0.0725551
0.0662627
0.124104
0.10614
0.0930865
0.124104
0.10614
0.0930866
0.0817512
0.072555
0.0662626
0.073447
0.0771456
0.0832882
0.0676186
0.0614887
0.0575362
0.120584
0.132081
0.148398
0.0948786
0.113534
0.140379
0.253569
0.274291
0.29592
0.284378
0.231361
0.181109
0.292262
0.317399
0.313977
0.302198
0.316805
0.284083
0.237912
0.20144
0.171955
0.151496
0.187662
0.232916
0.279662
0.311272
0.316268
0.279662
0.311272
0.316268
0.151496
0.187662
0.232916
0.213451
0.0697029
-0.152807
-0.129477
0.118656
0.26115
-1.07211
-0.78786
-0.463137
-1.07211
-0.787861
-0.463138
-0.129478
0.118656
0.26115
0.21345
0.0697016
-0.152808
0.302198
0.316806
0.284084
0.0948787
0.113534
0.140379
0.120584
0.132082
0.148398
0.0762547
0.0875924
0.104372
0.237913
0.20144
0.171955
0.292262
0.317399
0.313978
0.284379
0.231362
0.181109
0.25357
0.274291
0.295921
0.214872
0.166333
0.13044
0.0570921
0.0584899
0.0617739
0.057092
0.0584899
0.0617739
0.073447
0.0771456
0.0832882
0.0817513
0.0725551
0.0662627
0.124104
0.10614
0.0930866
0.124104
0.10614
0.0930865
0.0817512
0.0725551
0.0662627
0.0734469
0.0771455
0.0832881
0.120584
0.132082
0.148398
0.0948787
0.113534
0.140379
0.25357
0.274291
0.295921
0.284379
0.231362
0.181109
0.292261
0.317399
0.313978
0.302197
0.316806
0.284084
0.237913
0.20144
0.171956
0.151496
0.187662
0.232916
0.279663
0.311273
0.316267
0.279662
0.311273
0.316267
0.151496
0.187662
0.232916
0.213447
0.069696
-0.152817
-0.129487
0.118651
0.261147
-1.07212
-0.787875
-0.463151
-1.07212
-0.787874
-0.46315
-0.129486
0.118651
0.261148
0.213448
0.0696969
-0.152816
0.302197
0.316806
0.284084
0.0948786
0.113534
0.140379
0.120584
0.132081
0.148398
0.237913
0.20144
0.171955
0.292261
0.317399
0.313978
0.284379
0.231362
0.181109
0.253569
0.274291
0.29592
0.273033
0.313959
0.301295
0.232415
0.170654
0.0763464
0.318419
0.286846
0.143668
-0.512874
-0.101349
0.171931
-0.838513
-0.992255
-1.13879
-1.0114
-0.574504
-0.162086
-1.30412
-1.32118
-1.26096
-1.29014
-1.15475
-0.822401
-0.478108
-0.251449
-0.068223
0.189129
-0.0445502
-0.396082
-1.0035
-1.3782
-1.52994
-1.46657
-1.35994
-1.19036
-1.34707
-1.42656
-1.2478
-0.419031
-0.992228
-1.38696
0
0
0
-0.134223
-0.467091
-0.869133
0
0
0
0.0737311
0.117434
-0.0250476
-0.344362
-0.655586
-0.941803
-1.15175
-0.801319
-0.378648
-0.0233317
0.239416
0.434185
-0.219823
0.201038
0.45463
-1.18164
-0.960937
-0.656635
0
0
0
0.133824
0.364751
0.498652
0
0
0
0.0739727
0.234348
0.410859
0.539403
0.578555
0.551427
0.589816
0.651129
0.574451
0.368935
0.0719445
-0.281651
-0.74458
-0.987378
-1.17261
-0.489677
-0.857609
-1.14616
-0.718733
-1.08958
-1.24737
0.339732
-0.0514987
-0.511633
-0.922852
-1.16381
-1.24761
-1.23633
-1.19365
-0.943386
-0.537169
-0.120576
0.257518
-0.537169
-0.120576
0.257518
-1.23633
-1.19365
-0.943385
0.578073
0.661344
0.641693
0.645427
0.657645
0.537428
0.291351
0.418088
0.544326
0.291351
0.418088
0.544326
0.645427
0.657645
0.537428
0.578074
0.661344
0.641693
0.339733
-0.0514975
-0.511632
0.449868
0.346842
0.245924
0.537714
0.397142
0.260812
0
0
0
0.0191827
0.0697139
0.145661
0
0
0
0.00274408
0.00994998
0.0252987
0.0527289
0.0948821
0.157238
0.180167
0.104141
0.0549158
0.0268471
0.0119436
0.00648025
0.0268471
0.0119436
0.00648025
0.180167
0.104141
0.0549158
0
0
0
0.000219653
0.000438992
0.00281507
0
0
0
0
0
0
0.000219653
0.000438994
0.00281507
0
0
0
0.00274408
0.00994999
0.0252987
0.537714
0.397142
0.260812
0.449868
0.346842
0.245924
0.589817
0.651129
0.574451
0.052729
0.0948821
0.157238
0
0
0
0.0191827
0.069714
0.145661
0
0
0
0.0739726
0.234347
0.410859
0.318419
0.286846
0.143666
0.232414
0.170652
0.0763441
0.273034
0.31396
0.301294
0.189128
-0.0445519
-0.396084
-0.47811
-0.251452
-0.0682256
-1.29014
-1.15475
-0.822403
-1.30412
-1.32118
-1.26096
-1.0114
-0.574507
-0.162089
-0.838517
-0.992259
-1.1388
-0.512879
-0.101354
0.171929
-0.489678
-0.85761
-1.14616
-0.744582
-0.987379
-1.17261
-0.922851
-1.16381
-1.24761
0.368936
0.0719458
-0.281649
-0.718732
-1.08958
-1.24737
-1.18164
-0.960935
-0.656633
-0.219821
0.20104
0.45463
-0.0233296
0.239418
0.434186
-1.15174
-0.801316
-0.378645
0.539403
0.578555
0.551427
0
0
0
0.133824
0.364751
0.498652
0
0
0
0.0737315
0.117435
-0.0250455
-1.34707
-1.42656
-1.2478
-1.46656
-1.35994
-1.19035
-1.0035
-1.37821
-1.52994
-0.344359
-0.655582
-0.941799
0
0
0
-0.134222
-0.467088
-0.869129
0
0
0
-0.419028
-0.992222
-1.38696
0.232414
0.170652
0.0763442
0.318419
0.286846
0.143667
-0.838517
-0.992258
-1.1388
-1.0114
-0.574507
-0.162088
-1.30412
-1.32118
-1.26096
-1.29014
-1.15475
-0.822401
-0.478109
-0.251451
-0.0682251
0.189129
-0.0445505
-0.396082
-1.46656
-1.35994
-1.19035
-1.34707
-1.42655
-1.2478
0
0
0
-0.134222
-0.467089
-0.869129
0
0
0
0.0737309
0.117433
-0.0250482
-0.344361
-0.655584
-0.9418
-1.15175
-0.801319
-0.378648
-0.0233329
0.239414
0.434183
-0.219828
0.201034
0.454627
-1.18164
-0.960939
-0.656639
0
0
0
0.133824
0.364751
0.498652
0
0
0
0.0739734
0.23435
0.410861
0.539405
0.578555
0.551426
0.589813
0.651129
0.574453
0.368929
0.0719378
-0.281657
-0.74458
-0.987376
-1.17261
-0.489674
-0.857606
-1.14616
-0.718738
-1.08959
-1.24737
0.339725
-0.0515079
-0.511643
-0.922858
-1.16381
-1.24761
-1.23632
-1.19365
-0.943393
-0.537182
-0.120593
0.257501
-0.537193
-0.1206
0.257499
-1.23632
-1.19366
-0.943402
0.578069
0.661343
0.641696
0.64543
0.657642
0.537417
0.29136
0.418097
0.544334
0.291361
0.418099
0.544337
0.645432
0.657641
0.537416
0.57806
0.661342
0.641699
0.339707
-0.0515279
-0.511659
0.449872
0.346847
0.24593
0.537721
0.397149
0.260818
0
0
0
0.0191835
0.0697163
0.145665
0
0
0
0.00274425
0.00995069
0.0253002
0.0527317
0.094886
0.157243
0.180174
0.104146
0.0549189
0.0268488
0.0119446
0.00648081
0.0268493
0.0119447
0.00648084
0.180175
0.104147
0.0549198
0
0
0
0.00021974
0.000439007
0.00281536
0
0
0
0
0
0
0.00021975
0.000439013
0.00281538
0
0
0
0.00274434
0.00995102
0.0253009
0.537725
0.397155
0.260824
0.449882
0.346856
0.245937
0.589803
0.651129
0.57446
0.052733
0.0948885
0.157248
0
0
0
0.0191844
0.0697191
0.14567
0
0
0
0.0739769
0.234358
0.410872
0.318419
0.286847
0.14367
0.232416
0.170656
0.0763488
0.273033
0.313959
0.301295
0.189131
-0.0445458
-0.396074
-0.4781
-0.251443
-0.068219
-1.29014
-1.15474
-0.822392
-1.30412
-1.32118
-1.26095
-1.01139
-0.574498
-0.162081
-0.838511
-0.992252
-1.13879
-0.512873
-0.101348
0.171932
-0.489671
-0.857601
-1.14616
-0.744571
-0.987369
-1.1726
-0.922869
-1.16381
-1.24761
0.368911
0.0719148
-0.281681
-0.718758
-1.0896
-1.24737
-1.18165
-0.960956
-0.656661
-0.219853
0.201011
0.454611
-0.0233583
0.239393
0.434168
-1.15176
-0.801342
-0.378675
0.539412
0.578556
0.551419
0
0
0
0.133825
0.36475
0.498645
0
0
0
0.0737257
0.117418
-0.0250718
-1.34706
-1.42656
-1.24781
-1.46657
-1.35995
-1.19037
-1.0035
-1.37821
-1.52994
-0.344387
-0.655608
-0.94182
0
0
0
-0.134229
-0.467105
-0.869149
0
0
0
-0.419032
-0.992232
-1.38697
0.232416
0.170657
0.0763509
0.318419
0.286848
0.143672
-0.838511
-0.99225
-1.13879
-1.01139
-0.574494
-0.162078
-1.30413
-1.32118
-1.26095
-1.29014
-1.15474
-0.822384
-0.478093
-0.251438
-0.0682153
0.189134
-0.0445399
-0.396066
-1.46657
-1.35995
-1.19037
-1.34706
-1.42656
-1.24782
0
0
0
-0.134231
-0.46711
-0.869155
0
0
0
0.0737236
0.117412
-0.0250824
-0.344399
-0.655618
-0.941828
-1.15177
-0.801354
-0.378688
-0.0233704
0.239382
0.43416
-0.21987
0.200997
0.454602
-1.18166
-0.960967
-0.656676
0
0
0
0.133825
0.36475
0.498641
0
0
0
0.0739787
0.234363
0.410877
0.539416
0.578556
0.551415
0.589796
0.651128
0.574464
0.368898
0.0718984
-0.281698
-0.744562
-0.987361
-1.1726
-0.48966
-0.857591
-1.14615
-0.718772
-1.0896
-1.24737
0.339693
-0.051546
-0.511677
-0.922882
-1.16382
-1.24761
-1.23632
-1.19366
-0.943415
-0.537212
-0.120623
0.257477
-0.537213
-0.120623
0.257477
-1.23632
-1.19366
-0.943415
0.578052
0.66134
0.641703
0.645436
0.657638
0.537403
0.291371
0.41811
0.544345
0.291371
0.41811
0.544346
0.645436
0.657638
0.537403
0.578052
0.66134
0.641703
0.339692
-0.0515465
-0.511678
0.449888
0.346863
0.245943
0.537733
0.397164
0.260832
0
0
0
0.0191852
0.0697217
0.145675
0
0
0
0.00274447
0.00995162
0.0253022
0.0527356
0.0948924
0.157253
0.180183
0.104152
0.0549226
0.0268508
0.0119455
0.00648126
0.0268508
0.0119455
0.00648127
0.180183
0.104152
0.0549227
0
0
0
0.000219771
0.00043905
0.00281558
0
0
0
0
0
0
0.000219777
0.00043904
0.00281558
0
0
0
0.00274447
0.00995162
0.0253022
0.537733
0.397164
0.260832
0.449889
0.346863
0.245943
0.589796
0.651128
0.574464
0.0527356
0.0948925
0.157253
0
0
0
0.0191852
0.0697218
0.145675
0
0
0
0.0739789
0.234363
0.410878
0.318419
0.286848
0.143673
0.232416
0.170657
0.0763511
0.273033
0.313959
0.301295
0.189134
-0.0445398
-0.396066
-0.478092
-0.251437
-0.0682151
-1.29014
-1.15474
-0.822384
-1.30413
-1.32118
-1.26095
-1.01139
-0.574493
-0.162078
-0.838511
-0.99225
-1.13879
-0.512873
-0.101348
0.171932
-0.48966
-0.857591
-1.14615
-0.744562
-0.987361
-1.1726
-0.922882
-1.16382
-1.24761
0.368897
0.0718974
-0.281699
-0.718773
-1.08961
-1.24737
-1.18166
-0.960968
-0.656677
-0.219871
0.200995
0.454601
-0.0233723
0.23938
0.434159
-1.15177
-0.801355
-0.37869
0.539417
0.578556
0.551414
0
0
0
0.133825
0.36475
0.498641
0
0
0
0.0737231
0.11741
-0.0250843
-1.34706
-1.42656
-1.24782
-1.46657
-1.35995
-1.19037
-1.0035
-1.37821
-1.52994
-0.344401
-0.65562
-0.941829
0
0
0
-0.134232
-0.467112
-0.869157
0
0
0
-0.419032
-0.992232
-1.38697
0.232416
0.170656
0.0763495
0.318419
0.286847
0.143671
-0.838511
-0.992252
-1.13879
-1.01139
-0.574497
-0.16208
-1.30412
-1.32118
-1.26095
-1.29014
-1.15474
-0.822389
-0.478097
-0.251441
-0.0682177
0.189133
-0.0445429
-0.396071
-1.46657
-1.35995
-1.19037
-1.34706
-1.42656
-1.24781
0
0
0
-0.134229
-0.467105
-0.869149
0
0
0
0.0737257
0.117418
-0.0250725
-0.344388
-0.655609
-0.941821
-1.15176
-0.801344
-0.378676
-0.0233594
0.239392
0.434167
-0.219857
0.201008
0.45461
-1.18165
-0.960959
-0.656665
0
0
0
0.133825
0.36475
0.498645
0
0
0
0.073977
0.234358
0.410872
0.539413
0.578556
0.551418
0.589802
0.651129
0.574461
0.368908
0.0719103
-0.281685
-0.744567
-0.987365
-1.1726
-0.489664
-0.857595
-1.14615
-0.718762
-1.0896
-1.24737
0.339702
-0.051535
-0.511668
-0.922876
-1.16382
-1.24761
-1.23632
-1.19366
-0.943409
-0.537202
-0.120608
0.257493
-0.537191
-0.120601
0.257495
-1.23632
-1.19366
-0.943401
0.578058
0.661341
0.641699
0.645433
0.657641
0.537413
0.291362
0.418101
0.544338
0.291361
0.418099
0.544335
0.645431
0.657642
0.537414
0.578067
0.661343
0.641697
0.33972
-0.0515156
-0.511652
0.449883
0.346856
0.245937
0.537726
0.397156
0.260825
0
0
0
0.0191844
0.0697192
0.14567
0
0
0
0.00274435
0.00995103
0.0253009
0.0527331
0.0948887
0.157248
0.180175
0.104147
0.05492
0.0268494
0.0119447
0.00648086
0.0268489
0.0119446
0.00648081
0.180175
0.104146
0.054919
0
0
0
0.000219751
0.000439011
0.00281539
0
0
0
0
0
0
0.000219738
0.00043901
0.00281536
0
0
0
0.00274425
0.00995071
0.0253003
0.537722
0.39715
0.260819
0.449873
0.346848
0.24593
0.589811
0.651129
0.574454
0.0527319
0.0948862
0.157244
0
0
0
0.0191835
0.0697164
0.145666
0
0
0
0.0739735
0.23435
0.410862
0.318419
0.286846
0.143668
0.232414
0.170653
0.0763452
0.273034
0.31396
0.301294
0.189131
-0.0445472
-0.396078
-0.478105
-0.251448
-0.0682234
-1.29014
-1.15475
-0.822397
-1.30412
-1.32118
-1.26096
-1.0114
-0.574505
-0.162087
-0.838517
-0.992258
-1.1388
-0.512879
-0.101354
0.171929
-0.489667
-0.8576
-1.14616
-0.744575
-0.987372
-1.1726
-0.922866
-1.16381
-1.24761
0.368925
0.0719328
-0.281662
-0.718743
-1.08959
-1.24737
-1.18164
-0.960942
-0.656644
-0.219832
0.201031
0.454626
-0.0233341
0.239414
0.434183
-1.15175
-0.801321
-0.37865
0.539406
0.578556
0.551426
0
0
0
0.133824
0.364752
0.498652
0
0
0
0.073731
0.117433
-0.0250489
-1.34706
-1.42655
-1.2478
-1.46656
-1.35994
-1.19035
-1.0035
-1.37821
-1.52994
-0.344362
-0.655585
-0.941801
0
0
0
-0.134222
-0.467089
-0.86913
0
0
0
-0.419028
-0.992222
-1.38696
0.232414
0.170652
0.0763441
0.318419
0.286846
0.143666
-0.838517
-0.992259
-1.1388
-1.0114
-0.574507
-0.162089
-1.30412
-1.32118
-1.26096
-1.29014
-1.15475
-0.822403
-0.47811
-0.251452
-0.0682256
0.189128
-0.0445519
-0.396084
-1.46656
-1.35994
-1.19035
-1.34707
-1.42656
-1.2478
0
0
0
-0.134222
-0.467088
-0.869129
0
0
0
0.0737315
0.117435
-0.0250455
-0.344359
-0.655582
-0.941799
-1.15174
-0.801316
-0.378645
-0.0233296
0.239418
0.434186
-0.219821
0.20104
0.45463
-1.18164
-0.960935
-0.656633
0
0
0
0.133824
0.364751
0.498652
0
0
0
0.0739726
0.234347
0.410859
0.539403
0.578555
0.551427
0.589817
0.651129
0.574451
0.368936
0.0719458
-0.281649
-0.744582
-0.987379
-1.17261
-0.489678
-0.85761
-1.14616
-0.718732
-1.08958
-1.24737
0.339733
-0.0514975
-0.511632
-0.922851
-1.16381
-1.24761
-1.23633
-1.19365
-0.943385
-0.537169
-0.120576
0.257518
-0.537169
-0.120576
0.257518
-1.23633
-1.19365
-0.943386
0.578074
0.661344
0.641693
0.645427
0.657645
0.537428
0.291351
0.418088
0.544326
0.291351
0.418088
0.544326
0.645427
0.657645
0.537428
0.578073
0.661344
0.641693
0.339732
-0.0514987
-0.511633
0.449868
0.346842
0.245924
0.537714
0.397142
0.260812
0
0
0
0.0191827
0.069714
0.145661
0
0
0
0.00274408
0.00994999
0.0252987
0.052729
0.0948821
0.157238
0.180167
0.104141
0.0549158
0.0268471
0.0119436
0.00648025
0.0268471
0.0119436
0.00648025
0.180167
0.104141
0.0549158
0
0
0
0.000219653
0.000438994
0.00281507
0
0
0
0
0
0
0.000219653
0.000438992
0.00281507
0
0
0
0.00274408
0.00994998
0.0252987
0.537714
0.397142
0.260812
0.449868
0.346842
0.245924
0.589816
0.651129
0.574451
0.0527289
0.0948821
0.157238
0
0
0
0.0191827
0.0697139
0.145661
0
0
0
0.0739727
0.234348
0.410859
0.318419
0.286846
0.143668
0.232415
0.170654
0.0763464
0.189129
-0.0445502
-0.396082
-0.478108
-0.251449
-0.068223
-1.29014
-1.15475
-0.822401
-1.30412
-1.32118
-1.26096
-1.0114
-0.574504
-0.162086
-0.838513
-0.992255
-1.13879
-0.489677
-0.857609
-1.14616
-0.74458
-0.987378
-1.17261
-0.922852
-1.16381
-1.24761
0.368935
0.0719445
-0.281651
-0.718733
-1.08958
-1.24737
-1.18164
-0.960937
-0.656635
-0.219823
0.201038
0.45463
-0.0233317
0.239416
0.434185
-1.15175
-0.801319
-0.378648
0.539403
0.578555
0.551427
0
0
0
0.133824
0.364751
0.498652
0
0
0
0.0737311
0.117434
-0.0250476
-1.34707
-1.42656
-1.2478
-1.46657
-1.35994
-1.19036
-0.344362
-0.655586
-0.941803
0
0
0
-0.134223
-0.467091
-0.869133
0
0
0
0.0526826
0.0537833
0.0555991
0.0537833
0.0549252
0.0572308
0.0555991
0.0572308
0.0599452
0.0588725
0.0631965
0.0691058
0.0607186
0.0656282
0.0725833
0.0642914
0.0699246
0.0779229
0.0692082
0.0761251
0.0857304
0.0761252
0.0849828
0.096919
0.0857304
0.096919
0.112554
0.0588726
0.0607186
0.0642914
0.0631965
0.0656282
0.0699247
0.0691058
0.0725834
0.0779229
0.0780403
0.0902909
0.107971
0.0828976
0.0969007
0.117453
0.089951
0.106679
0.131135
0.135712
0.174024
0.224185
0.149483
0.192392
0.245612
0.168546
0.216433
0.270723
0.195678
0.247358
0.297555
0.228032
0.279411
0.316149
0.264701
0.307631
0.315666
0.100698
0.121667
0.151491
0.115684
0.141857
0.178031
0.13705
0.169349
0.212274
0.16839
0.207989
0.254798
0.207989
0.251753
0.294599
0.254798
0.294599
0.318508
0.301149
0.318914
0.275237
0.319187
0.291243
0.176066
0.29789
0.200379
-0.00165548
0.200768
0.0110141
-0.279121
0.011014
-0.263544
-0.603499
-0.279122
-0.6035
-0.928506
0.301149
0.319187
0.29789
0.318914
0.291243
0.200379
0.275237
0.176066
-0.00165609
0.0780404
0.0828977
0.0899511
0.090291
0.0969008
0.106679
0.107972
0.117454
0.131135
0.100698
0.115684
0.13705
0.121667
0.141857
0.169349
0.151492
0.178031
0.212274
0.195679
0.228032
0.264701
0.247358
0.279411
0.307631
0.297555
0.316149
0.315666
0.135712
0.149484
0.168547
0.174024
0.192393
0.216433
0.224185
0.245613
0.270724
0.0526826
0.0537833
0.0555991
0.0537833
0.0549252
0.0572308
0.0555991
0.0572308
0.0599452
0.0588726
0.0631965
0.0691059
0.0607186
0.0656282
0.0725834
0.0642914
0.0699247
0.077923
0.0692083
0.0761252
0.0857305
0.0761252
0.0849828
0.0969191
0.0857304
0.096919
0.112554
0.0588725
0.0607186
0.0642914
0.0631965
0.0656282
0.0699247
0.0691058
0.0725833
0.0779229
0.0780404
0.090291
0.107972
0.0828977
0.0969008
0.117454
0.0899511
0.106679
0.131135
0.135712
0.174024
0.224186
0.149484
0.192393
0.245613
0.168547
0.216433
0.270724
0.195679
0.247359
0.297555
0.228032
0.279411
0.316149
0.264701
0.307631
0.315666
0.100699
0.121667
0.151492
0.115684
0.141857
0.178031
0.13705
0.169349
0.212274
0.16839
0.207989
0.254798
0.207989
0.251753
0.294599
0.254798
0.294599
0.318508
0.301149
0.318914
0.275237
0.319187
0.291243
0.176067
0.297891
0.20038
-0.00165383
0.200769
0.0110165
-0.279118
0.0110169
-0.263539
-0.603494
-0.279117
-0.603494
-0.928501
0.301149
0.319187
0.297891
0.318914
0.291243
0.200381
0.275238
0.176068
-0.00165252
0.0780403
0.0828976
0.0899511
0.0902909
0.0969007
0.106679
0.107971
0.117453
0.131135
0.100698
0.115684
0.13705
0.121667
0.141857
0.169349
0.151491
0.17803
0.212274
0.195678
0.228032
0.264701
0.247358
0.27941
0.307631
0.297554
0.316149
0.315666
0.135712
0.149483
0.168546
0.174024
0.192392
0.216433
0.224185
0.245612
0.270723
0.0526826
0.0537833
0.0555991
0.0537833
0.0549251
0.0572308
0.0555991
0.0572308
0.0599451
0.0588725
0.0631965
0.0691058
0.0607186
0.0656282
0.0725833
0.0642913
0.0699246
0.0779228
0.0692082
0.076125
0.0857303
0.076125
0.0849827
0.0969188
0.0857303
0.0969188
0.112553
0.0588725
0.0607186
0.0642913
0.0631965
0.0656282
0.0699246
0.0691058
0.0725833
0.0779228
0.0780403
0.0902909
0.107971
0.0828975
0.0969006
0.117453
0.0899509
0.106679
0.131135
0.135712
0.174024
0.224184
0.149483
0.192392
0.245612
0.168546
0.216432
0.270723
0.195678
0.247357
0.297554
0.228031
0.27941
0.316149
0.2647
0.30763
0.315667
0.100698
0.121666
0.151491
0.115684
0.141857
0.17803
0.13705
0.169348
0.212273
0.168389
0.207987
0.254797
0.207987
0.251752
0.294598
0.254797
0.294598
0.318507
0.301148
0.318915
0.27524
0.319187
0.291245
0.176072
0.297892
0.200385
-0.00164563
0.200774
0.0110242
-0.279107
0.0110242
-0.263529
-0.603483
-0.279107
-0.603483
-0.928491
0.301148
0.319187
0.297892
0.318915
0.291245
0.200385
0.27524
0.176072
-0.00164563
0.0780403
0.0828975
0.0899509
0.0902909
0.0969006
0.106679
0.107971
0.117453
0.131135
0.100698
0.115684
0.13705
0.121666
0.141857
0.169348
0.151491
0.17803
0.212273
0.195678
0.228031
0.2647
0.247357
0.27941
0.30763
0.297554
0.316149
0.315667
0.135712
0.149483
0.168546
0.174024
0.192392
0.216432
0.224184
0.245612
0.270723
0.0526826
0.0537833
0.0555991
0.0537833
0.0549252
0.0572308
0.0555991
0.0572308
0.0599452
0.0588725
0.0631965
0.0691058
0.0607186
0.0656282
0.0725833
0.0642914
0.0699246
0.0779229
0.0692082
0.0761251
0.0857304
0.0761252
0.0849828
0.096919
0.0857304
0.096919
0.112554
0.0588726
0.0607186
0.0642914
0.0631965
0.0656282
0.0699247
0.0691058
0.0725834
0.0779229
0.0780403
0.0902909
0.107971
0.0828976
0.0969007
0.117453
0.089951
0.106679
0.131135
0.135712
0.174024
0.224185
0.149483
0.192392
0.245612
0.168546
0.216432
0.270723
0.195678
0.247358
0.297554
0.228032
0.27941
0.316149
0.2647
0.30763
0.315666
0.100698
0.121667
0.151491
0.115684
0.141857
0.17803
0.13705
0.169348
0.212274
0.16839
0.207988
0.254798
0.207988
0.251752
0.294599
0.254798
0.294599
0.318507
0.301148
0.318914
0.275239
0.319187
0.291244
0.176071
0.297892
0.200383
-0.00164804
0.200772
0.0110215
-0.27911
0.0110212
-0.263532
-0.603485
-0.279111
-0.603486
-0.928493
0.301149
0.319187
0.297891
0.318914
0.291244
0.200383
0.275238
0.17607
-0.00164902
0.0780404
0.0828977
0.0899511
0.090291
0.0969008
0.106679
0.107972
0.117454
0.131135
0.100698
0.115684
0.13705
0.121667
0.141857
0.169348
0.151492
0.17803
0.212274
0.195679
0.228032
0.264701
0.247358
0.27941
0.307631
0.297555
0.316149
0.315666
0.135712
0.149484
0.168547
0.174024
0.192393
0.216433
0.224185
0.245613
0.270724
0.0526826
0.0537833
0.0555991
0.0537833
0.0549252
0.0572308
0.0555991
0.0572308
0.0599452
0.0588726
0.0631965
0.0691058
0.0607186
0.0656282
0.0725834
0.0642914
0.0699247
0.0779229
0.0692082
0.0761252
0.0857304
0.0761251
0.0849828
0.096919
0.0857304
0.096919
0.112554
0.0588725
0.0607186
0.0642914
0.0631965
0.0656282
0.0699246
0.0691058
0.0725833
0.0779229
0.0780404
0.090291
0.107972
0.0828977
0.0969008
0.117454
0.0899511
0.106679
0.131135
0.135712
0.174024
0.224185
0.149484
0.192393
0.245613
0.168547
0.216433
0.270724
0.195679
0.247358
0.297555
0.228032
0.279411
0.316149
0.264701
0.307631
0.315666
0.100698
0.121667
0.151492
0.115684
0.141857
0.178031
0.13705
0.169349
0.212274
0.16839
0.207989
0.254798
0.207989
0.251753
0.294599
0.254798
0.294599
0.318508
0.301149
0.318914
0.275237
0.319187
0.291243
0.176066
0.29789
0.200379
-0.00165609
0.200768
0.011014
-0.279122
0.0110141
-0.263544
-0.6035
-0.279121
-0.603499
-0.928506
0.301149
0.319187
0.29789
0.318914
0.291243
0.200379
0.275237
0.176066
-0.00165548
0.0780403
0.0828976
0.089951
0.0902909
0.0969007
0.106679
0.107971
0.117453
0.131135
0.100698
0.115684
0.13705
0.121667
0.141857
0.169349
0.151491
0.178031
0.212274
0.195678
0.228032
0.264701
0.247358
0.279411
0.307631
0.297555
0.316149
0.315666
0.135712
0.149483
0.168546
0.174024
0.192392
0.216433
0.224185
0.245612
0.270723
0.281929
0.317051
0.289936
0.299633
0.317124
0.254154
0.31424
0.303291
0.191325
0.136614
-0.162873
-0.590433
0.0464508
-0.303124
-0.752306
-0.0792728
-0.474116
-0.922857
-0.255636
-0.680484
-1.09386
-0.462821
-0.885261
-1.22234
-0.696616
-1.07341
-1.28919
0.318355
0.261539
0.084151
0.298942
0.182419
-0.0670311
0.241176
0.0501169
-0.269915
-1.07591
-1.4199
-1.52467
-1.20623
-1.46789
-1.46846
-1.31011
-1.45945
-1.34334
-1.33111
-0.911174
-0.334535
-1.18896
-0.745176
-0.248366
-0.9921
-0.568662
-0.173598
-0.733608
-0.362231
-0.0935799
-0.454729
-0.159938
-0.0195313
-0.168793
0.0295669
0.0452966
-1.36724
-1.37164
-1.13256
-1.34936
-1.2044
-0.865217
-1.24444
-0.958125
-0.552158
-1.03293
-0.631545
-0.20526
-0.747533
-0.29016
0.101863
-0.407121
0.0426385
0.353444
0.107388
0.194115
0.097019
0.316555
0.301505
0.126414
0.455961
0.35617
0.135869
0.521134
0.360546
0.128522
0.512662
0.32591
0.110222
0.454032
0.268697
0.0865878
-0.0357125
0.340114
0.531567
0.276997
0.537401
0.609009
0.509011
0.637111
0.603907
0.118764
-0.156904
-0.532315
-0.0701233
-0.413638
-0.801419
-0.330254
-0.705154
-1.04592
-0.943637
-1.21625
-1.26309
-1.13669
-1.25982
-1.12753
-1.24176
-1.18336
-0.883449
-1.21179
-0.961373
-0.535046
-1.0295
-0.638344
-0.165389
-0.714413
-0.255356
0.183569
-0.656226
-0.997624
-1.21535
-0.958794
-1.19251
-1.23511
-1.17916
-1.24149
-1.08697
-1.241
-1.09342
-0.762214
-1.09342
-0.776815
-0.353831
-0.762213
-0.353831
0.0638432
-0.296502
0.139623
0.4688
0.0995614
0.436663
0.625117
0.418887
0.615021
0.665569
0.617707
0.666092
0.60524
0.666092
0.608453
0.490137
0.60524
0.490137
0.357635
-0.296501
0.0995619
0.418888
0.139624
0.436664
0.615021
0.468801
0.625117
0.665569
0.640535
0.641352
0.531726
0.658128
0.571835
0.428148
0.59369
0.461493
0.31618
0.362368
0.200252
0.0614512
0.268387
0.139691
0.0412811
0.183867
0.0902168
0.0254846
0.113254
0.0524519
0.0142728
0.066101
0.0290265
0.00756994
0.0358194
0.0149434
0.003659
0.473821
0.333485
0.210054
0.346263
0.224298
0.131338
0.23106
0.138707
0.0758646
0.136999
0.0764496
0.0388632
0.0764496
0.0397764
0.0192962
0.0388632
0.0192962
0.00831855
0.0170177
0.00688916
0.00158242
0.00811174
0.00291511
0.000701089
0.00312686
0.00132142
0.000245333
0.00108104
0.000478105
9.67212e-05
0.000478104
0.000147829
-2.62712e-05
9.67219e-05
-2.6271e-05
0.00013233
0.0170177
0.00811174
0.00312686
0.00688916
0.00291511
0.00132142
0.00158242
0.00070109
0.000245334
0.640535
0.658128
0.59369
0.641352
0.571835
0.461492
0.531726
0.428148
0.316179
0.473821
0.346263
0.23106
0.333485
0.224298
0.138707
0.210054
0.131338
0.0758647
0.113254
0.066101
0.0358194
0.052452
0.0290265
0.0149434
0.0142728
0.00756995
0.003659
0.362368
0.268387
0.183867
0.200252
0.139691
0.0902168
0.0614512
0.0412811
0.0254847
0.28193
0.299633
0.31424
0.317052
0.317124
0.303291
0.289936
0.254153
0.191324
0.318355
0.298942
0.241175
0.261538
0.182418
0.0501154
0.084149
-0.0670334
-0.269917
-0.255639
-0.462823
-0.696619
-0.680487
-0.885263
-1.07341
-1.09386
-1.22234
-1.28919
0.136611
0.046448
-0.0792757
-0.162877
-0.303128
-0.474119
-0.590438
-0.75231
-0.92286
0.118763
-0.0701245
-0.330255
-0.156905
-0.413639
-0.705155
-0.532317
-0.801421
-1.04592
-0.656227
-0.958794
-1.17916
-0.997625
-1.19251
-1.24149
-1.21535
-1.23511
-1.08697
-1.21179
-1.0295
-0.714411
-0.961372
-0.638343
-0.255355
-0.535044
-0.165387
0.18357
-0.943639
-1.13669
-1.24176
-1.21625
-1.25982
-1.18336
-1.26308
-1.12753
-0.883448
-1.03293
-0.747531
-0.407119
-0.631542
-0.290158
0.04264
-0.205258
0.101865
0.353444
-0.035711
0.276998
0.509012
0.340115
0.537402
0.637112
0.531567
0.609009
0.603906
0.521134
0.512662
0.454032
0.360546
0.32591
0.268697
0.128522
0.110222
0.0865878
0.10739
0.316556
0.455962
0.194116
0.301506
0.35617
0.0970192
0.126414
0.135869
-1.07591
-1.20623
-1.31011
-1.4199
-1.46789
-1.45945
-1.52467
-1.46845
-1.34334
-1.36724
-1.34936
-1.24444
-1.37164
-1.20439
-0.958123
-1.13255
-0.865213
-0.552155
-0.733604
-0.454726
-0.168791
-0.362228
-0.159936
0.0295684
-0.093579
-0.0195307
0.0452971
-1.3311
-1.18896
-0.992096
-0.911169
-0.745172
-0.568658
-0.334533
-0.248364
-0.173597
0.28193
0.317052
0.289936
0.299633
0.317124
0.254153
0.31424
0.303291
0.191324
0.136611
-0.162877
-0.590438
0.046448
-0.303128
-0.75231
-0.0792755
-0.474119
-0.92286
-0.255638
-0.680486
-1.09386
-0.462822
-0.885262
-1.22234
-0.696617
-1.07341
-1.28919
0.318355
0.261538
0.0841493
0.298942
0.182419
-0.0670326
0.241176
0.0501163
-0.269916
-1.07591
-1.4199
-1.52467
-1.20623
-1.46789
-1.46845
-1.31011
-1.45945
-1.34334
-1.3311
-0.911169
-0.334533
-1.18896
-0.745172
-0.248365
-0.992096
-0.568659
-0.173597
-0.733605
-0.362229
-0.0935794
-0.454728
-0.159938
-0.0195312
-0.168793
0.0295668
0.0452965
-1.36724
-1.37164
-1.13255
-1.34936
-1.20439
-0.865215
-1.24444
-0.958125
-0.552157
-1.03293
-0.631546
-0.205262
-0.747536
-0.290163
0.101861
-0.407125
0.0426346
0.353441
0.107387
0.194114
0.0970188
0.316554
0.301505
0.126414
0.45596
0.356169
0.135869
0.521134
0.360547
0.128522
0.512664
0.325912
0.110223
0.454034
0.268699
0.0865886
-0.0357181
0.34011
0.531565
0.276991
0.537398
0.609008
0.509007
0.63711
0.603908
0.118764
-0.156903
-0.532315
-0.0701224
-0.413636
-0.801418
-0.330251
-0.705151
-1.04592
-0.943636
-1.21625
-1.26309
-1.13668
-1.25982
-1.12753
-1.24175
-1.18336
-0.883453
-1.21179
-0.961377
-0.535052
-1.0295
-0.638351
-0.165396
-0.714421
-0.255365
0.183562
-0.656222
-0.997621
-1.21535
-0.958789
-1.19251
-1.23511
-1.17916
-1.24149
-1.08697
-1.241
-1.09343
-0.762225
-1.09343
-0.77683
-0.353848
-0.762233
-0.353853
0.0638235
-0.296514
0.139613
0.468793
0.0995463
0.436653
0.625113
0.418874
0.615015
0.66557
0.6177
0.666092
0.605246
0.666093
0.60846
0.490146
0.605248
0.490148
0.357646
-0.296528
0.099538
0.418871
0.139597
0.436645
0.615012
0.468781
0.625108
0.66557
0.640533
0.641354
0.53173
0.658129
0.57184
0.428154
0.593696
0.461499
0.316186
0.362371
0.200254
0.0614522
0.268391
0.139694
0.0412821
0.183871
0.0902194
0.0254855
0.113258
0.052454
0.0142734
0.0661039
0.0290279
0.00757038
0.0358214
0.0149443
0.00365924
0.473829
0.333493
0.21006
0.346272
0.224305
0.131343
0.231069
0.138713
0.0758683
0.137006
0.0764538
0.0388656
0.0764543
0.0397791
0.0192977
0.0388661
0.0192978
0.00831929
0.0170189
0.00688966
0.00158256
0.00811239
0.00291537
0.000701154
0.00312717
0.00132155
0.000245353
0.00108114
0.000478183
9.67047e-05
0.000478185
0.00014783
-2.625e-05
9.67067e-05
-2.62499e-05
0.000132316
0.0170193
0.00811252
0.0031272
0.00688987
0.00291544
0.00132158
0.00158263
0.000701175
0.000245356
0.640528
0.65813
0.5937
0.641357
0.571846
0.461506
0.531738
0.428162
0.316193
0.473834
0.346274
0.23107
0.333498
0.224308
0.138715
0.210065
0.131346
0.0758698
0.113262
0.0661059
0.0358224
0.0524561
0.0290291
0.0149448
0.0142741
0.00757072
0.00365939
0.362381
0.2684
0.183877
0.200262
0.139699
0.0902231
0.0614549
0.041284
0.0254867
0.281929
0.299633
0.31424
0.317051
0.317124
0.303291
0.289937
0.254155
0.191327
0.318355
0.298943
0.241177
0.26154
0.182421
0.0501204
0.0841538
-0.0670266
-0.269909
-0.25563
-0.462813
-0.696608
-0.680477
-0.885253
-1.07341
-1.09385
-1.22233
-1.28919
0.136615
0.0464528
-0.0792694
-0.162871
-0.303121
-0.474111
-0.590431
-0.752302
-0.922852
0.118767
-0.0701193
-0.330248
-0.156898
-0.41363
-0.705145
-0.532307
-0.80141
-1.04591
-0.656219
-0.958787
-1.17916
-0.997616
-1.19251
-1.24149
-1.21535
-1.23511
-1.08698
-1.21179
-1.02951
-0.714436
-0.961391
-0.63837
-0.255385
-0.535074
-0.165419
0.183541
-0.943628
-1.13668
-1.24175
-1.21625
-1.25982
-1.18337
-1.26309
-1.12754
-0.88347
-1.03295
-0.747557
-0.40715
-0.631571
-0.29019
0.042609
-0.205289
0.101836
0.353421
-0.0357429
0.27697
0.508993
0.340089
0.537385
0.637105
0.531553
0.609004
0.603912
0.521131
0.512667
0.454042
0.360549
0.325917
0.268707
0.128524
0.110226
0.0865919
0.107365
0.316536
0.455949
0.194101
0.301496
0.356166
0.0970144
0.126411
0.135869
-1.0759
-1.20623
-1.31011
-1.4199
-1.46789
-1.45946
-1.52467
-1.46846
-1.34335
-1.36724
-1.34936
-1.24445
-1.37165
-1.20441
-0.958145
-1.13257
-0.865237
-0.552183
-0.733626
-0.454751
-0.168818
-0.362246
-0.159955
0.0295501
-0.0935863
-0.0195379
0.0452906
-1.33111
-1.18897
-0.992113
-0.91118
-0.745185
-0.568674
-0.334538
-0.24837
-0.173604
0.281929
0.317051
0.289937
0.299632
0.317124
0.254155
0.31424
0.303292
0.191328
0.136615
-0.162871
-0.59043
0.0464541
-0.303119
-0.752301
-0.0792667
-0.474107
-0.922849
-0.255626
-0.680473
-1.09385
-0.462807
-0.885248
-1.22233
-0.6966
-1.0734
-1.28919
0.318355
0.261541
0.0841566
0.298944
0.182424
-0.067022
0.24118
0.0501251
-0.269902
-1.0759
-1.4199
-1.52467
-1.20623
-1.46789
-1.46846
-1.31011
-1.45946
-1.34336
-1.33111
-0.911181
-0.334539
-1.18897
-0.745187
-0.248371
-0.992118
-0.568678
-0.173605
-0.733634
-0.362252
-0.0935885
-0.454761
-0.159962
-0.0195405
-0.168828
0.0295432
0.0452882
-1.36724
-1.37165
-1.13258
-1.34936
-1.20442
-0.865247
-1.24446
-0.958155
-0.552195
-1.03296
-0.631584
-0.205302
-0.747571
-0.290205
0.101823
-0.407166
0.0425943
0.35341
0.107355
0.194095
0.0970126
0.316528
0.301492
0.12641
0.455944
0.356164
0.135869
0.521129
0.36055
0.128525
0.512669
0.32592
0.110227
0.454047
0.268711
0.0865937
-0.0357591
0.340077
0.531547
0.276956
0.537377
0.609002
0.508983
0.637103
0.603914
0.118771
-0.156891
-0.532298
-0.0701122
-0.413621
-0.801401
-0.330239
-0.705135
-1.0459
-0.94362
-1.21624
-1.26309
-1.13667
-1.25982
-1.12755
-1.24175
-1.18338
-0.883482
-1.2118
-0.961403
-0.53509
-1.02952
-0.638386
-0.165437
-0.714452
-0.255404
0.183525
-0.656209
-0.997607
-1.21534
-0.958777
-1.1925
-1.23511
-1.17915
-1.2415
-1.08699
-1.24101
-1.09344
-0.76225
-1.09344
-0.776851
-0.353877
-0.76225
-0.353877
0.0637979
-0.296549
0.139579
0.468769
0.0995168
0.436631
0.625102
0.418854
0.615005
0.665571
0.617691
0.666093
0.605255
0.666093
0.608468
0.490158
0.605255
0.490158
0.357657
-0.296549
0.0995166
0.418854
0.139578
0.43663
0.615004
0.468769
0.625102
0.665571
0.640524
0.641359
0.531744
0.658132
0.571852
0.42817
0.593706
0.461514
0.316201
0.362387
0.200266
0.0614566
0.268406
0.139703
0.0412853
0.183883
0.0902262
0.0254877
0.113266
0.0524583
0.0142747
0.0661088
0.0290304
0.0075711
0.0358242
0.0149456
0.00365958
0.473843
0.333506
0.210072
0.346284
0.224316
0.131351
0.231078
0.138721
0.0758734
0.137013
0.0764583
0.0388683
0.0764583
0.0397816
0.0192991
0.0388683
0.0192991
0.00831991
0.0170203
0.00689027
0.00158274
0.00811304
0.00291564
0.000701216
0.00312746
0.00132166
0.00024538
0.00108122
0.000478235
9.6702e-05
0.000478236
0.000147832
-2.62399e-05
9.67018e-05
-2.62406e-05
0.000132312
0.0170203
0.00811305
0.00312746
0.00689028
0.00291564
0.00132167
0.00158273
0.000701217
0.000245377
0.640524
0.658132
0.593706
0.641359
0.571853
0.461515
0.531744
0.42817
0.316201
0.473843
0.346284
0.231078
0.333507
0.224316
0.138721
0.210072
0.131351
0.0758734
0.113266
0.0661089
0.0358242
0.0524583
0.0290304
0.0149456
0.0142747
0.0075711
0.00365958
0.362388
0.268406
0.183883
0.200266
0.139703
0.0902262
0.0614566
0.0412853
0.0254877
0.281929
0.299632
0.31424
0.317051
0.317124
0.303292
0.289937
0.254155
0.191329
0.318355
0.298944
0.24118
0.261541
0.182424
0.0501252
0.0841568
-0.0670217
-0.269902
-0.255626
-0.462807
-0.6966
-0.680472
-0.885247
-1.0734
-1.09385
-1.22233
-1.28919
0.136615
0.0464542
-0.0792665
-0.162871
-0.303119
-0.474107
-0.59043
-0.7523
-0.922849
0.118771
-0.0701122
-0.330238
-0.156891
-0.413621
-0.705135
-0.532298
-0.801401
-1.0459
-0.656209
-0.958777
-1.17915
-0.997607
-1.1925
-1.2415
-1.21534
-1.23511
-1.08699
-1.2118
-1.02952
-0.714452
-0.961403
-0.638387
-0.255404
-0.535091
-0.165438
0.183524
-0.94362
-1.13667
-1.24175
-1.21624
-1.25982
-1.18338
-1.26309
-1.12755
-0.883483
-1.03296
-0.747572
-0.407167
-0.631585
-0.290206
0.0425927
-0.205304
0.101821
0.353409
-0.0357605
0.276955
0.508982
0.340076
0.537376
0.637102
0.531546
0.609002
0.603914
0.521129
0.512669
0.454048
0.36055
0.325921
0.268711
0.128525
0.110227
0.0865939
0.107353
0.316527
0.455943
0.194094
0.301491
0.356164
0.0970122
0.12641
0.135869
-1.0759
-1.20623
-1.31011
-1.4199
-1.46789
-1.45946
-1.52467
-1.46847
-1.34336
-1.36724
-1.34937
-1.24446
-1.37166
-1.20442
-0.958156
-1.13258
-0.865249
-0.552197
-0.733636
-0.454763
-0.16883
-0.362253
-0.159964
0.0295418
-0.0935892
-0.0195411
0.0452877
-1.33111
-1.18897
-0.99212
-0.911181
-0.745188
-0.568679
-0.334539
-0.248372
-0.173606
0.281929
0.317051
0.289937
0.299632
0.317124
0.254155
0.31424
0.303292
0.191327
0.136615
-0.162871
-0.590431
0.0464531
-0.303121
-0.752302
-0.0792686
-0.47411
-0.922851
-0.255629
-0.680476
-1.09385
-0.462811
-0.885251
-1.22233
-0.696605
-1.0734
-1.28919
0.318355
0.26154
0.0841548
0.298943
0.182423
-0.0670248
0.241178
0.0501226
-0.269906
-1.0759
-1.4199
-1.52467
-1.20623
-1.46789
-1.46846
-1.31011
-1.45946
-1.34335
-1.33111
-0.91118
-0.334538
-1.18897
-0.745185
-0.24837
-0.992114
-0.568674
-0.173604
-0.733627
-0.362246
-0.0935863
-0.454752
-0.159956
-0.019538
-0.168818
0.0295499
0.0452906
-1.36724
-1.37165
-1.13257
-1.34936
-1.20441
-0.865238
-1.24445
-0.958147
-0.552185
-1.03295
-0.631573
-0.20529
-0.74756
-0.290192
0.101834
-0.407154
0.0426064
0.35342
0.107365
0.1941
0.0970144
0.316536
0.301496
0.126411
0.455949
0.356166
0.135869
0.521131
0.360549
0.128524
0.512668
0.325918
0.110226
0.454043
0.268707
0.086592
-0.0357468
0.340087
0.531552
0.276967
0.537383
0.609004
0.50899
0.637105
0.603912
0.118769
-0.156894
-0.532303
-0.0701151
-0.413625
-0.801406
-0.330242
-0.70514
-1.04591
-0.943625
-1.21624
-1.26309
-1.13668
-1.25982
-1.12754
-1.24175
-1.18337
-0.883474
-1.2118
-0.961395
-0.535079
-1.02952
-0.638376
-0.165425
-0.714443
-0.255392
0.183536
-0.656212
-0.997611
-1.21534
-0.95878
-1.1925
-1.23511
-1.17915
-1.2415
-1.08699
-1.241
-1.09343
-0.762241
-1.09343
-0.776839
-0.353862
-0.762233
-0.353857
0.0638164
-0.296537
0.139591
0.468777
0.0995313
0.436641
0.625107
0.418867
0.615011
0.66557
0.617698
0.666093
0.605249
0.666093
0.608461
0.490149
0.605247
0.490148
0.357647
-0.296523
0.0995394
0.41887
0.139606
0.436649
0.615013
0.46879
0.625111
0.66557
0.640527
0.641357
0.531739
0.658131
0.571847
0.428163
0.593701
0.461507
0.316194
0.362382
0.200262
0.061455
0.2684
0.139699
0.0412841
0.183878
0.0902233
0.0254867
0.113262
0.0524562
0.0142741
0.0661061
0.0290291
0.00757073
0.0358224
0.0149449
0.00365939
0.473835
0.333499
0.210066
0.346276
0.224309
0.131346
0.23107
0.138715
0.07587
0.137006
0.0764545
0.0388662
0.0764541
0.0397792
0.0192979
0.0388657
0.0192977
0.00831931
0.0170193
0.00688988
0.00158263
0.00811254
0.00291544
0.000701176
0.0031272
0.00132158
0.000245355
0.00108114
0.000478186
9.67069e-05
0.000478183
0.00014783
-2.625e-05
9.67046e-05
-2.62496e-05
0.000132316
0.017019
0.0081124
0.00312718
0.00688967
0.00291537
0.00132155
0.00158257
0.000701154
0.000245354
0.640532
0.658129
0.593697
0.641354
0.571841
0.4615
0.531731
0.428155
0.316187
0.473831
0.346273
0.231069
0.333494
0.224306
0.138713
0.210061
0.131343
0.0758686
0.113258
0.0661041
0.0358215
0.0524541
0.029028
0.0149443
0.0142734
0.00757039
0.00365924
0.362372
0.268392
0.183872
0.200255
0.139694
0.0902196
0.0614523
0.0412822
0.0254856
0.28193
0.299633
0.31424
0.317052
0.317124
0.303291
0.289936
0.254153
0.191325
0.318355
0.298943
0.241177
0.261539
0.18242
0.0501189
0.0841507
-0.0670302
-0.269912
-0.255636
-0.462819
-0.696613
-0.680484
-0.88526
-1.07341
-1.09386
-1.22234
-1.28919
0.136612
0.0464486
-0.0792743
-0.162877
-0.303128
-0.474117
-0.590438
-0.752309
-0.922859
0.118767
-0.0701176
-0.330245
-0.156899
-0.413631
-0.705145
-0.53231
-0.801413
-1.04591
-0.656214
-0.958782
-1.17915
-0.997615
-1.19251
-1.2415
-1.21535
-1.23511
-1.08698
-1.21179
-1.02951
-0.714429
-0.961382
-0.638358
-0.255372
-0.535057
-0.165402
0.183556
-0.943633
-1.13668
-1.24175
-1.21625
-1.25982
-1.18337
-1.26309
-1.12753
-0.883457
-1.03293
-0.747539
-0.407129
-0.631548
-0.290166
0.0426317
-0.205263
0.101859
0.35344
-0.0357224
0.276988
0.509004
0.340107
0.537397
0.63711
0.531564
0.609008
0.603908
0.521134
0.512664
0.454035
0.360548
0.325912
0.268699
0.128522
0.110223
0.0865887
0.107387
0.316553
0.45596
0.194114
0.301505
0.35617
0.0970188
0.126414
0.135869
-1.07591
-1.20623
-1.31011
-1.4199
-1.46789
-1.45945
-1.52467
-1.46845
-1.34334
-1.36724
-1.34936
-1.24444
-1.37164
-1.20439
-0.958126
-1.13255
-0.865216
-0.552159
-0.733606
-0.454729
-0.168794
-0.362229
-0.159938
0.0295666
-0.0935795
-0.0195312
0.0452965
-1.3311
-1.18896
-0.992096
-0.911169
-0.745172
-0.568659
-0.334533
-0.248365
-0.173597
0.28193
0.317052
0.289936
0.299633
0.317124
0.254153
0.31424
0.303291
0.191324
0.136611
-0.162877
-0.590438
0.046448
-0.303128
-0.75231
-0.0792757
-0.474119
-0.92286
-0.255639
-0.680487
-1.09386
-0.462823
-0.885263
-1.22234
-0.696619
-1.07341
-1.28919
0.318355
0.261538
0.084149
0.298942
0.182418
-0.0670334
0.241175
0.0501154
-0.269917
-1.07591
-1.4199
-1.52467
-1.20623
-1.46789
-1.46845
-1.31011
-1.45945
-1.34334
-1.3311
-0.911169
-0.334533
-1.18896
-0.745172
-0.248364
-0.992096
-0.568658
-0.173597
-0.733604
-0.362228
-0.093579
-0.454726
-0.159936
-0.0195307
-0.168791
0.0295684
0.0452971
-1.36724
-1.37164
-1.13255
-1.34936
-1.20439
-0.865213
-1.24444
-0.958123
-0.552155
-1.03293
-0.631542
-0.205258
-0.747531
-0.290158
0.101865
-0.407119
0.04264
0.353444
0.10739
0.194116
0.0970192
0.316556
0.301506
0.126414
0.455962
0.35617
0.135869
0.521134
0.360546
0.128522
0.512662
0.32591
0.110222
0.454032
0.268697
0.0865878
-0.035711
0.340115
0.531567
0.276998
0.537402
0.609009
0.509012
0.637112
0.603906
0.118763
-0.156905
-0.532317
-0.0701245
-0.413639
-0.801421
-0.330255
-0.705155
-1.04592
-0.943639
-1.21625
-1.26308
-1.13669
-1.25982
-1.12753
-1.24176
-1.18336
-0.883448
-1.21179
-0.961372
-0.535044
-1.0295
-0.638343
-0.165387
-0.714411
-0.255355
0.18357
-0.656227
-0.997625
-1.21535
-0.958794
-1.19251
-1.23511
-1.17916
-1.24149
-1.08697
-1.241
-1.09342
-0.762213
-1.09342
-0.776815
-0.353831
-0.762214
-0.353831
0.0638432
-0.296501
0.139624
0.468801
0.0995619
0.436664
0.625117
0.418888
0.615021
0.665569
0.617707
0.666092
0.60524
0.666092
0.608453
0.490137
0.60524
0.490137
0.357635
-0.296502
0.0995614
0.418887
0.139623
0.436663
0.615021
0.4688
0.625117
0.665569
0.640535
0.641352
0.531726
0.658128
0.571835
0.428148
0.59369
0.461492
0.316179
0.362368
0.200252
0.0614512
0.268387
0.139691
0.0412811
0.183867
0.0902168
0.0254847
0.113254
0.052452
0.0142728
0.066101
0.0290265
0.00756995
0.0358194
0.0149434
0.003659
0.473821
0.333485
0.210054
0.346263
0.224298
0.131338
0.23106
0.138707
0.0758647
0.136999
0.0764496
0.0388632
0.0764496
0.0397764
0.0192962
0.0388632
0.0192962
0.00831855
0.0170177
0.00688916
0.00158243
0.00811174
0.00291511
0.00070109
0.00312686
0.00132142
0.000245334
0.00108104
0.000478104
9.67218e-05
0.000478105
0.000147829
-2.62709e-05
9.67211e-05
-2.62711e-05
0.00013233
0.0170177
0.00811174
0.00312686
0.00688916
0.00291511
0.00132142
0.00158242
0.000701089
0.000245333
0.640535
0.658128
0.59369
0.641352
0.571835
0.461493
0.531726
0.428148
0.31618
0.473821
0.346263
0.23106
0.333485
0.224298
0.138707
0.210054
0.131338
0.0758646
0.113254
0.066101
0.0358194
0.0524519
0.0290265
0.0149434
0.0142728
0.00756994
0.003659
0.362368
0.268387
0.183867
0.200252
0.139691
0.0902168
0.0614512
0.0412811
0.0254846
0.281929
0.299633
0.31424
0.317051
0.317124
0.303291
0.289936
0.254154
0.191325
0.318355
0.298942
0.241176
0.261539
0.182419
0.0501169
0.084151
-0.0670312
-0.269915
-0.255636
-0.462821
-0.696616
-0.680484
-0.885261
-1.07341
-1.09386
-1.22234
-1.28919
0.136614
0.0464508
-0.0792728
-0.162873
-0.303124
-0.474116
-0.590433
-0.752306
-0.922857
0.118764
-0.0701233
-0.330254
-0.156904
-0.413638
-0.705154
-0.532315
-0.801419
-1.04592
-0.656226
-0.958794
-1.17916
-0.997624
-1.19251
-1.24149
-1.21535
-1.23511
-1.08697
-1.21179
-1.0295
-0.714413
-0.961373
-0.638344
-0.255356
-0.535046
-0.165389
0.183569
-0.943637
-1.13669
-1.24176
-1.21625
-1.25982
-1.18336
-1.26309
-1.12753
-0.883449
-1.03293
-0.747533
-0.407121
-0.631545
-0.29016
0.0426385
-0.20526
0.101863
0.353444
-0.0357125
0.276997
0.509011
0.340114
0.537401
0.637111
0.531567
0.609009
0.603907
0.521134
0.512662
0.454032
0.360546
0.32591
0.268697
0.128522
0.110222
0.0865878
0.107388
0.316555
0.455961
0.194115
0.301505
0.35617
0.097019
0.126414
0.135869
-1.07591
-1.20623
-1.31011
-1.4199
-1.46789
-1.45945
-1.52467
-1.46846
-1.34334
-1.36724
-1.34936
-1.24444
-1.37164
-1.2044
-0.958125
-1.13256
-0.865217
-0.552158
-0.733608
-0.454729
-0.168793
-0.362231
-0.159938
0.0295669
-0.0935799
-0.0195313
0.0452966
-1.33111
-1.18896
-0.9921
-0.911174
-0.745176
-0.568662
-0.334535
-0.248366
-0.173598
