FiniteElementSpace
FiniteElementCollection: H1_2D_P4
VDim: 1
Ordering: 0

-5.42587
0
0
0
0
0
0
0
0
0
0
0.0262461
0
0
0.0262457
0
0
0.0262462
0
0
0.0262462
0
0
0.0262457
0
0
9.82028e-07
9.8205e-07
9.82082e-07
9.82076e-07
9.82027e-07
0.714829
0.000796472
0.000796467
0.71483
0.00079647
0.00079648
0.714829
0.000796499
0.000796499
0.714829
0.000796491
0.000796483
0.71483
0.000796467
0.000796472
9.78637e-06
0
-1.89309e-09
0
0
-1.89308e-09
0
9.78623e-06
0
-1.89305e-09
0
0
-1.8931e-09
0
9.78651e-06
0
-1.89305e-09
0
0
-1.89305e-09
0
9.78651e-06
0
-1.89307e-09
0
0
-1.89301e-09
0
9.78622e-06
0
-1.89307e-09
0
0
-1.89309e-09
0
0.18715
0.187149
0.187152
0.18715
0.18715
6.11717e-07
-6.63223e-11
6.11712e-07
6.11711e-07
-6.63209e-11
6.11711e-07
6.11719e-07
-6.63206e-11
6.11719e-07
6.11715e-07
-6.63207e-11
6.11716e-07
6.11711e-07
-6.63222e-11
6.11717e-07
-1.93025
0.60059
0.600589
-1.93024
0.296881
0.00694941
0.0202386
3.81636e-05
3.81634e-05
0.0202386
0.00694934
0.29688
0.600588
0.600589
-1.93025
0.00694934
0.0202386
3.8164e-05
3.81643e-05
0.0202387
0.00694945
0.296882
0.600592
0.600592
-1.93025
0.00694953
0.0202391
3.81656e-05
3.81656e-05
0.0202391
0.00694953
0.296882
0.60059
0.600589
-1.93024
0.00694948
0.0202388
3.81652e-05
3.8165e-05
0.0202388
0.00694939
0.29688
0.600589
0.60059
0.00694934
0.0202386
3.81634e-05
3.81636e-05
0.0202386
0.00694941
0.000718018
5.85586e-06
1.62942e-05
8.54604e-07
0
-8.43791e-09
0
-5.13912e-10
2.05362e-08
2.62333e-08
-6.17883e-10
-6.17881e-10
2.62332e-08
0
-2.89662e-12
0
0
-2.89662e-12
0
-5.1391e-10
1.62941e-05
5.85581e-06
0.000718005
2.05359e-08
0
-8.43843e-09
0
8.54598e-07
5.8558e-06
1.62942e-05
0
-8.43821e-09
0
-5.13905e-10
2.05361e-08
2.62332e-08
-6.17873e-10
-6.17873e-10
2.62333e-08
0
-2.89663e-12
0
0
-2.89662e-12
0
-5.13908e-10
1.62946e-05
5.85587e-06
0.000718022
2.05355e-08
0
-8.43882e-09
0
8.54606e-07
5.85591e-06
1.62949e-05
0
-8.43856e-09
0
-5.13904e-10
2.05361e-08
2.6234e-08
-6.17867e-10
-6.17867e-10
2.6234e-08
0
-2.89663e-12
0
0
-2.89662e-12
0
-5.13905e-10
1.62949e-05
5.85591e-06
0.000718022
2.0536e-08
0
-8.43874e-09
0
8.54606e-07
5.85588e-06
1.62947e-05
0
-8.43839e-09
0
-5.13904e-10
2.0536e-08
2.62333e-08
-6.1787e-10
-6.17869e-10
2.62333e-08
0
-2.89661e-12
0
0
-2.89664e-12
0
-5.139e-10
1.62943e-05
5.8558e-06
0.000718005
2.05368e-08
0
-8.43734e-09
0
8.54596e-07
5.8558e-06
1.62941e-05
0
-8.43839e-09
0
-5.13909e-10
2.0536e-08
2.62332e-08
-6.1788e-10
-6.17882e-10
2.62333e-08
0
-2.89663e-12
0
0
-2.89662e-12
0
-5.13912e-10
1.62942e-05
5.85586e-06
2.05362e-08
0
-8.43791e-09
0
0.281213
0.117886
0.00137894
0.117886
0.281215
0.117885
0.00137895
0.117886
0.281208
0.117887
0.00137899
0.117887
0.281214
0.117887
0.00137897
0.117886
0.281213
0.117886
0.00137894
0.117886
0.00016301
2.971e-07
-3.88777e-09
8.19635e-07
-1.95027e-09
-5.72174e-11
1.499e-13
-5.72171e-11
0.000163008
8.19631e-07
-3.88779e-09
2.97095e-07
0.000163009
2.97094e-07
-3.88774e-09
8.19639e-07
-1.95027e-09
-5.72162e-11
1.49885e-13
-5.72162e-11
0.000163013
8.19656e-07
-3.88783e-09
2.97096e-07
0.000163015
2.97098e-07
-3.88782e-09
8.19676e-07
-1.95024e-09
-5.7216e-11
1.49879e-13
-5.72159e-11
0.000163015
8.19677e-07
-3.88783e-09
2.97097e-07
0.000163013
2.97097e-07
-3.88777e-09
8.19663e-07
-1.95026e-09
-5.72159e-11
1.49883e-13
-5.72162e-11
0.000163009
8.19647e-07
-3.88765e-09
2.97096e-07
0.000163008
2.97095e-07
-3.88778e-09
8.19631e-07
-1.95026e-09
-5.72171e-11
1.499e-13
-5.72173e-11
0.00016301
8.19635e-07
-3.88777e-09
2.971e-07
-5.27472
-4.31001
-2.77825
-1.61313
-0.828713
-0.0441315
-1.61313
-0.828711
-0.0441309
-5.27472
-4.31001
-2.77825
0.598065
0.00298001
-1.13856
0.728865
0.725507
0.658676
0.682022
0.727308
0.518982
0.246899
0.38328
0.529594
0.246898
0.38328
0.529593
0.682022
0.727308
0.518982
0.728866
0.725507
0.658676
0.598067
0.00298442
-1.13856
0.73001
0.598921
0.394185
0.266596
0.20588
0.146257
0.50099
0.314865
0.171192
0.0437538
0.102794
0.213226
0.0223339
0.0149912
0.00933729
0.0124192
0.0328665
0.0784863
0.00122702
0.00262096
0.00509096
0.00150372
0.00455039
0.0124745
0.0293111
0.0546617
0.0927141
0.137371
0.0700944
0.032079
0.013648
0.00595588
0.00236651
0.013648
0.00595587
0.00236651
0.137371
0.0700943
0.0320789
0.000497575
0.000192617
6.70491e-05
7.34643e-05
0.000255924
0.000793927
1.28486e-06
6.02237e-06
1.98379e-05
1.28486e-06
6.02236e-06
1.98379e-05
7.34641e-05
0.000255923
0.000793926
0.000497572
0.000192616
6.70489e-05
0.00150371
0.00455037
0.0124745
0.500989
0.314864
0.171192
0.266595
0.205879
0.146256
0.73001
0.598919
0.394183
0.029311
0.0546615
0.0927137
0.00122702
0.00262094
0.00509091
0.0124191
0.0328663
0.0784859
0.0223336
0.014991
0.00933719
0.0437533
0.102793
0.213225
-1.61313
-0.828707
-0.0441277
-1.61313
-0.82871
-0.0441285
-5.27472
-4.31001
-2.77825
0.728866
0.725506
0.658675
0.682021
0.727308
0.518984
0.246898
0.383279
0.529592
0.246898
0.38328
0.529593
0.682022
0.727308
0.518983
0.728865
0.725507
0.658676
0.598064
0.00297857
-1.13856
0.266595
0.205878
0.146256
0.500988
0.314864
0.171191
0.0223336
0.014991
0.00933718
0.0124191
0.0328663
0.0784858
0.00122702
0.00262095
0.00509091
0.00150372
0.00455038
0.0124745
0.029311
0.0546614
0.0927135
0.137371
0.0700942
0.0320789
0.013648
0.00595589
0.00236652
0.0136481
0.0059559
0.00236652
0.137371
0.0700944
0.032079
0.000497575
0.000192618
6.70497e-05
7.34651e-05
0.000255926
0.000793933
1.28491e-06
6.02249e-06
1.98382e-05
1.28491e-06
6.02251e-06
1.98384e-05
7.34655e-05
0.000255927
0.000793934
0.00049758
0.00019262
6.70502e-05
0.00150373
0.00455041
0.0124746
0.50099
0.314865
0.171192
0.266597
0.20588
0.146257
0.73001
0.598921
0.394185
0.0293112
0.0546617
0.0927142
0.00122703
0.00262098
0.00509099
0.0124192
0.0328666
0.0784865
0.022334
0.0149912
0.00933733
0.0437539
0.102794
0.213227
-1.61314
-0.828719
-0.0441373
-1.61314
-0.828719
-0.0441373
-5.27472
-4.31001
-2.77825
0.728865
0.725507
0.658678
0.682023
0.727307
0.518978
0.246901
0.383283
0.529596
0.246901
0.383283
0.529596
0.682023
0.727307
0.518978
0.728865
0.725507
0.658678
0.598064
0.00297857
-1.13856
0.266597
0.205881
0.146258
0.500992
0.314867
0.171194
0.022334
0.0149913
0.00933742
0.0124194
0.032867
0.0784872
0.00122706
0.00262103
0.00509106
0.00150377
0.00455051
0.0124748
0.0293117
0.0546625
0.0927151
0.137373
0.0700955
0.0320796
0.0136484
0.00595606
0.00236659
0.0136484
0.00595606
0.00236659
0.137373
0.0700955
0.0320796
0.000497594
0.000192626
6.70525e-05
7.34682e-05
0.000255935
0.000793959
1.28498e-06
6.02275e-06
1.98391e-05
1.28498e-06
6.02275e-06
1.98391e-05
7.34682e-05
0.000255935
0.000793959
0.000497594
0.000192626
6.70525e-05
0.00150377
0.00455051
0.0124748
0.500992
0.314867
0.171194
0.266597
0.205881
0.146258
0.73001
0.598921
0.394185
0.0293117
0.0546625
0.0927151
0.00122706
0.00262103
0.00509106
0.0124194
0.032867
0.0784872
0.022334
0.0149913
0.00933742
0.0437539
0.102794
0.213227
-1.61313
-0.828711
-0.0441296
-1.61313
-0.828708
-0.0441288
-5.27472
-4.31001
-2.77825
0.728865
0.725507
0.658676
0.682022
0.727308
0.518983
0.246899
0.383281
0.529594
0.246899
0.38328
0.529593
0.682022
0.727308
0.518983
0.728866
0.725507
0.658675
0.598067
0.00298442
-1.13856
0.266597
0.20588
0.146258
0.50099
0.314866
0.171193
0.022334
0.0149913
0.00933737
0.0124193
0.0328668
0.0784867
0.00122705
0.00262101
0.00509102
0.00150375
0.00455046
0.0124747
0.0293114
0.054662
0.0927145
0.137371
0.0700948
0.0320792
0.0136482
0.00595598
0.00236656
0.0136481
0.00595596
0.00236656
0.137371
0.0700947
0.0320791
0.000497588
0.000192623
6.70518e-05
7.34673e-05
0.000255932
0.000793948
1.28496e-06
6.0227e-06
1.98389e-05
1.28496e-06
6.02269e-06
1.98388e-05
7.3467e-05
0.000255932
0.000793947
0.000497584
0.000192622
6.70514e-05
0.00150374
0.00455043
0.0124746
0.500989
0.314864
0.171192
0.266595
0.205879
0.146257
0.73001
0.598919
0.394183
0.0293112
0.0546617
0.0927139
0.00122704
0.00262098
0.00509095
0.0124192
0.0328664
0.0784861
0.0223336
0.014991
0.00933723
0.0437533
0.102793
0.213225
-1.61313
-0.828711
-0.0441309
-1.61313
-0.828713
-0.0441315
0.728866
0.725507
0.658676
0.682022
0.727308
0.518982
0.246898
0.38328
0.529593
0.246899
0.38328
0.529594
0.682022
0.727308
0.518982
0.728865
0.725507
0.658676
0.266595
0.205879
0.146256
0.500989
0.314864
0.171192
0.0223336
0.014991
0.00933719
0.0124191
0.0328663
0.0784859
0.00122702
0.00262094
0.00509091
0.00150371
0.00455037
0.0124745
0.029311
0.0546615
0.0927137
0.137371
0.0700943
0.0320789
0.013648
0.00595587
0.00236651
0.013648
0.00595588
0.00236651
0.137371
0.0700944
0.032079
0.000497572
0.000192616
6.70489e-05
7.34641e-05
0.000255923
0.000793926
1.28486e-06
6.02236e-06
1.98379e-05
1.28486e-06
6.02237e-06
1.98379e-05
7.34643e-05
0.000255924
0.000793927
0.000497575
0.000192617
6.70491e-05
0.00150372
0.00455039
0.0124745
0.50099
0.314865
0.171192
0.266596
0.20588
0.146257
0.0293111
0.0546617
0.0927141
0.00122702
0.00262096
0.00509096
0.0124192
0.0328665
0.0784863
0.0223339
0.0149912
0.00933729
0.015606
0.00513785
0.00159063
0.000620398
0.000382918
0.000214081
0.00385928
0.00115684
0.000303917
2.0138e-05
9.16605e-05
0.00038188
7.8035e-06
9.30689e-06
3.45063e-06
-5.99624e-07
1.80812e-05
6.22351e-05
5.34842e-07
1.61037e-06
2.47229e-06
-3.36264e-07
1.49474e-06
4.37071e-06
2.12695e-05
5.30194e-05
0.000105335
0.000408266
0.000112148
2.31448e-05
2.36059e-06
1.1372e-06
-4.52934e-07
-1.38025e-07
4.94876e-07
-3.20684e-08
-9.92148e-10
3.93513e-07
-3.22805e-07
-6.49133e-08
5.98111e-08
-8.02877e-08
0
0
0
-4.87966e-09
2.33958e-09
2.24566e-08
0
0
0
3.88827e-09
-3.70486e-09
9.35164e-09
5.21819e-09
2.62739e-08
7.8423e-08
2.34673e-08
1.85835e-08
-1.3811e-08
3.65075e-09
-4.01572e-09
9.16186e-10
5.14293e-09
-1.34836e-09
1.60672e-09
3.10357e-07
1.18836e-07
4.37642e-08
0
0
0
5.11508e-10
-4.64792e-10
8.78632e-10
0
0
0
3.80247e-11
-3.4622e-11
4.91507e-11
2.31739e-10
-5.22763e-10
-2.75138e-10
6.28265e-10
-3.36944e-10
3.71768e-10
2.12163e-09
3.3865e-09
1.55829e-08
8.59908e-06
3.41576e-06
9.89137e-07
1.75414e-05
4.62298e-06
5.35968e-07
-2.36764e-08
5.55496e-08
1.29782e-07
4.34035e-10
7.02242e-11
5.17373e-09
8.93525e-09
1.2056e-07
3.22273e-07
3.04851e-07
1.01814e-07
-1.43117e-08
8.08368e-09
1.87703e-09
3.73455e-10
8.08368e-09
1.87705e-09
3.7345e-10
3.0485e-07
1.01813e-07
-1.43116e-08
7.63594e-10
-2.47311e-10
3.99512e-10
4.31459e-10
-3.69065e-10
7.95083e-10
5.76878e-11
-5.17691e-11
8.16754e-11
5.76877e-11
-5.1769e-11
8.16754e-11
4.31458e-10
-3.69065e-10
7.9508e-10
7.63586e-10
-2.47309e-10
3.9951e-10
4.34035e-10
7.02185e-11
5.17371e-09
2.3408e-11
-4.58399e-11
4.33985e-11
6.76311e-11
-4.73867e-11
5.17224e-11
0
0
0
2.57838e-12
-2.38777e-12
1.34626e-12
0
0
0
2.6541e-14
-5.24904e-15
-3.83519e-13
3.46259e-12
-3.33139e-12
3.02215e-12
2.55961e-12
-3.26068e-12
3.50001e-12
-4.14742e-13
2.71743e-14
1.2492e-14
-4.1474e-13
2.71739e-14
1.24924e-14
2.55959e-12
-3.26067e-12
3.50001e-12
0
0
0
-6.0044e-14
5.01766e-14
-7.88589e-14
0
0
0
0
0
0
-6.00438e-14
5.01764e-14
-7.88586e-14
0
0
0
2.65425e-14
-5.25027e-15
-3.83516e-13
6.76308e-11
-4.73865e-11
5.17222e-11
2.34067e-11
-4.58398e-11
4.33981e-11
6.28261e-10
-3.36942e-10
3.71765e-10
3.46258e-12
-3.33139e-12
3.02214e-12
0
0
0
2.57837e-12
-2.38776e-12
1.34626e-12
0
0
0
3.80244e-11
-3.46218e-11
4.91505e-11
0.00385924
0.00115683
0.000303913
0.000620388
0.000382913
0.000214079
0.0156057
0.00513777
0.0015906
0.000408263
0.000112147
2.31446e-05
2.12693e-05
5.30189e-05
0.000105333
-3.36263e-07
1.49472e-06
4.37067e-06
5.3484e-07
1.61036e-06
2.47227e-06
-5.99644e-07
1.8081e-05
6.22342e-05
7.80336e-06
9.30678e-06
3.4506e-06
2.01376e-05
9.16588e-05
0.000381873
1.75414e-05
4.62296e-06
5.35963e-07
8.59903e-06
3.41574e-06
9.89137e-07
8.93554e-09
1.2056e-07
3.22273e-07
2.12161e-09
3.38646e-09
1.55828e-08
-2.36762e-08
5.55492e-08
1.29781e-07
3.10356e-07
1.18836e-07
4.37641e-08
5.14294e-09
-1.34838e-09
1.60674e-09
3.65039e-09
-4.01586e-09
9.16098e-10
2.34677e-08
1.85831e-08
-1.38105e-08
2.31732e-10
-5.22772e-10
-2.75174e-10
0
0
0
5.11508e-10
-4.64792e-10
8.78631e-10
0
0
0
3.88829e-09
-3.70487e-09
9.35165e-09
-9.9163e-10
3.93508e-07
-3.22801e-07
-1.38026e-07
4.94868e-07
-3.20694e-08
2.36053e-06
1.13718e-06
-4.52933e-07
5.21769e-09
2.62726e-08
7.84212e-08
0
0
0
-4.87933e-09
2.3393e-09
2.24569e-08
0
0
0
-6.49129e-08
5.98107e-08
-8.02873e-08
0.000620388
0.000382913
0.000214079
0.00385924
0.00115683
0.000303913
7.80335e-06
9.30677e-06
3.45059e-06
-5.99628e-07
1.8081e-05
6.22343e-05
5.34842e-07
1.61036e-06
2.47227e-06
-3.3626e-07
1.49473e-06
4.37072e-06
2.12694e-05
5.30191e-05
0.000105334
0.000408265
0.000112147
2.31448e-05
-1.38023e-07
4.94868e-07
-3.20679e-08
-9.87679e-10
3.93507e-07
-3.22799e-07
0
0
0
-4.87938e-09
2.33936e-09
2.24566e-08
0
0
0
3.88826e-09
-3.70484e-09
9.35159e-09
5.21788e-09
2.62729e-08
7.84216e-08
2.34679e-08
1.85832e-08
-1.38106e-08
3.65046e-09
-4.01579e-09
9.16101e-10
5.1429e-09
-1.34835e-09
1.6067e-09
3.10357e-07
1.18836e-07
4.37645e-08
0
0
0
5.11504e-10
-4.64789e-10
8.78627e-10
0
0
0
3.80242e-11
-3.46216e-11
4.91503e-11
2.3173e-10
-5.22767e-10
-2.7517e-10
6.28253e-10
-3.36938e-10
3.71762e-10
2.12163e-09
3.38652e-09
1.55829e-08
8.59911e-06
3.41578e-06
9.89153e-07
1.75416e-05
4.62303e-06
5.35981e-07
-2.36761e-08
5.555e-08
1.29785e-07
4.3403e-10
7.02421e-11
5.17377e-09
8.93632e-09
1.20561e-07
3.22279e-07
3.04862e-07
1.01816e-07
-1.43109e-08
8.08385e-09
1.87706e-09
3.73488e-10
8.08388e-09
1.87703e-09
3.73492e-10
3.04864e-07
1.01817e-07
-1.43103e-08
7.63589e-10
-2.47304e-10
3.99507e-10
4.31453e-10
-3.6906e-10
7.95068e-10
5.76866e-11
-5.1768e-11
8.16735e-11
5.76866e-11
-5.1768e-11
8.16732e-11
4.31454e-10
-3.6906e-10
7.95071e-10
7.63569e-10
-2.47312e-10
3.99507e-10
4.34065e-10
7.02489e-11
5.17395e-09
2.34068e-11
-4.58392e-11
4.33976e-11
6.76295e-11
-4.73857e-11
5.17213e-11
0
0
0
2.57837e-12
-2.38776e-12
1.34628e-12
0
0
0
2.6551e-14
-5.2584e-15
-3.83498e-13
3.46256e-12
-3.33136e-12
3.02208e-12
2.55958e-12
-3.26064e-12
3.49997e-12
-4.1472e-13
2.71634e-14
1.25026e-14
-4.14719e-13
2.71638e-14
1.25024e-14
2.55956e-12
-3.26064e-12
3.49997e-12
0
0
0
-6.00423e-14
5.0175e-14
-7.88565e-14
0
0
0
0
0
0
-6.00421e-14
5.01749e-14
-7.88564e-14
0
0
0
2.65518e-14
-5.25919e-15
-3.83498e-13
6.76294e-11
-4.73857e-11
5.17214e-11
2.34047e-11
-4.58398e-11
4.33975e-11
6.28258e-10
-3.36941e-10
3.71765e-10
3.46254e-12
-3.33136e-12
3.02205e-12
0
0
0
2.57838e-12
-2.38776e-12
1.34628e-12
0
0
0
3.80245e-11
-3.46217e-11
4.91502e-11
0.00385931
0.00115686
0.000303921
0.000620403
0.000382922
0.000214084
0.015606
0.00513788
0.00159064
0.000408272
0.00011215
2.31456e-05
2.12701e-05
5.30205e-05
0.000105337
-3.36249e-07
1.49478e-06
4.37092e-06
5.34843e-07
1.61037e-06
2.47231e-06
-5.99536e-07
1.80815e-05
6.22363e-05
7.8036e-06
9.30695e-06
3.45068e-06
2.0138e-05
9.16612e-05
0.000381882
1.75419e-05
4.62314e-06
5.36013e-07
8.59936e-06
3.41587e-06
9.8918e-07
8.93659e-09
1.20563e-07
3.22286e-07
2.12158e-09
3.38634e-09
1.55825e-08
-2.36754e-08
5.55515e-08
1.29793e-07
3.10355e-07
1.18835e-07
4.37634e-08
5.14309e-09
-1.3484e-09
1.60678e-09
3.6499e-09
-4.01608e-09
9.15943e-10
2.34706e-08
1.8583e-08
-1.381e-08
2.31724e-10
-5.22789e-10
-2.75227e-10
0
0
0
5.11509e-10
-4.64793e-10
8.78629e-10
0
0
0
3.88829e-09
-3.70487e-09
9.35163e-09
-9.69758e-10
3.93513e-07
-3.22801e-07
-1.38015e-07
4.94877e-07
-3.20658e-08
2.36061e-06
1.13721e-06
-4.52938e-07
5.21713e-09
2.62723e-08
7.8422e-08
0
0
0
-4.87943e-09
2.3394e-09
2.24568e-08
0
0
0
-6.49129e-08
5.98107e-08
-8.02864e-08
0.000620404
0.000382925
0.000214087
0.00385936
0.00115687
0.000303926
7.80361e-06
9.30701e-06
3.45072e-06
-5.99503e-07
1.80818e-05
6.22373e-05
5.34857e-07
1.6104e-06
2.47234e-06
-3.36247e-07
1.49482e-06
4.37107e-06
2.12706e-05
5.30215e-05
0.000105338
0.000408282
0.000112153
2.31463e-05
-1.38016e-07
4.9488e-07
-3.20633e-08
-9.65804e-10
3.93516e-07
-3.22803e-07
0
0
0
-4.87939e-09
2.33935e-09
2.24571e-08
0
0
0
3.8883e-09
-3.70489e-09
9.35169e-09
5.2179e-09
2.62735e-08
7.84243e-08
2.3471e-08
1.85835e-08
-1.38104e-08
3.65015e-09
-4.016e-09
9.15963e-10
5.14309e-09
-1.34837e-09
1.60675e-09
3.10362e-07
1.18837e-07
4.37647e-08
0
0
0
5.1151e-10
-4.64795e-10
8.78635e-10
0
0
0
3.80244e-11
-3.46216e-11
4.91503e-11
2.31718e-10
-5.22789e-10
-2.75232e-10
6.28255e-10
-3.36937e-10
3.71761e-10
2.1216e-09
3.38648e-09
1.55829e-08
8.59959e-06
3.41596e-06
9.89219e-07
1.75426e-05
4.62332e-06
5.36054e-07
-2.36756e-08
5.55535e-08
1.298e-07
4.34028e-10
7.03134e-11
5.17402e-09
8.93776e-09
1.20567e-07
3.22298e-07
3.0488e-07
1.01821e-07
-1.43098e-08
8.08412e-09
1.87715e-09
3.73481e-10
8.08412e-09
1.87715e-09
3.73481e-10
3.0488e-07
1.01821e-07
-1.43097e-08
7.63575e-10
-2.47303e-10
3.99503e-10
4.31449e-10
-3.69055e-10
7.95067e-10
5.76863e-11
-5.17676e-11
8.16728e-11
5.76863e-11
-5.17676e-11
8.16727e-11
4.3145e-10
-3.69056e-10
7.95068e-10
7.63573e-10
-2.47305e-10
3.99503e-10
4.34034e-10
7.03085e-11
5.17403e-09
2.34036e-11
-4.58396e-11
4.33972e-11
6.76289e-11
-4.73854e-11
5.17211e-11
0
0
0
2.57838e-12
-2.38777e-12
1.34632e-12
0
0
0
2.65558e-14
-5.26305e-15
-3.83491e-13
3.46255e-12
-3.33136e-12
3.02208e-12
2.55959e-12
-3.26064e-12
3.49997e-12
-4.14714e-13
2.71593e-14
1.25066e-14
-4.14714e-13
2.71594e-14
1.25065e-14
2.55958e-12
-3.26063e-12
3.49996e-12
0
0
0
-6.00412e-14
5.0174e-14
-7.88555e-14
0
0
0
0
0
0
-6.00412e-14
5.0174e-14
-7.88556e-14
0
0
0
2.65547e-14
-5.26171e-15
-3.83493e-13
6.76289e-11
-4.73854e-11
5.17211e-11
2.34034e-11
-4.58396e-11
4.33972e-11
6.28256e-10
-3.36938e-10
3.71762e-10
3.46253e-12
-3.33135e-12
3.02206e-12
0
0
0
2.57837e-12
-2.38775e-12
1.3463e-12
0
0
0
3.80245e-11
-3.46217e-11
4.91503e-11
0.00385936
0.00115687
0.000303926
0.000620404
0.000382925
0.000214087
0.015606
0.00513788
0.00159064
0.000408282
0.000112153
2.31464e-05
2.12706e-05
5.30216e-05
0.000105338
-3.36246e-07
1.49482e-06
4.37108e-06
5.34856e-07
1.61039e-06
2.47234e-06
-5.99493e-07
1.80818e-05
6.22374e-05
7.80362e-06
9.30701e-06
3.45073e-06
2.0138e-05
9.16611e-05
0.000381882
1.75426e-05
4.62332e-06
5.36055e-07
8.5996e-06
3.41597e-06
9.8922e-07
8.9378e-09
1.20567e-07
3.22299e-07
2.12159e-09
3.38645e-09
1.55828e-08
-2.36755e-08
5.55535e-08
1.29801e-07
3.10361e-07
1.18837e-07
4.37645e-08
5.14312e-09
-1.34839e-09
1.60677e-09
3.64998e-09
-4.01608e-09
9.1592e-10
2.34713e-08
1.85834e-08
-1.38103e-08
2.31717e-10
-5.22793e-10
-2.75246e-10
0
0
0
5.11511e-10
-4.64795e-10
8.78636e-10
0
0
0
3.88831e-09
-3.70489e-09
9.3517e-09
-9.63376e-10
3.93516e-07
-3.22802e-07
-1.38014e-07
4.94879e-07
-3.20635e-08
2.36061e-06
1.13721e-06
-4.52937e-07
5.21758e-09
2.6273e-08
7.84237e-08
0
0
0
-4.87936e-09
2.33933e-09
2.24571e-08
0
0
0
-6.49129e-08
5.98107e-08
-8.02865e-08
0.000620403
0.000382923
0.000214085
0.00385933
0.00115686
0.000303923
7.80359e-06
9.30696e-06
3.45069e-06
-5.99527e-07
1.80816e-05
6.22367e-05
5.3485e-07
1.61038e-06
2.47232e-06
-3.36249e-07
1.49479e-06
4.37098e-06
2.12703e-05
5.30209e-05
0.000105337
0.000408277
0.000112151
2.31459e-05
-1.38014e-07
4.94877e-07
-3.20643e-08
-9.69067e-10
3.93514e-07
-3.22801e-07
0
0
0
-4.87944e-09
2.33941e-09
2.24568e-08
0
0
0
3.88827e-09
-3.70485e-09
9.35162e-09
5.21782e-09
2.62732e-08
7.84233e-08
2.34701e-08
1.85834e-08
-1.38104e-08
3.65026e-09
-4.0159e-09
9.16026e-10
5.14301e-09
-1.34836e-09
1.60673e-09
3.10359e-07
1.18837e-07
4.37644e-08
0
0
0
5.11506e-10
-4.6479e-10
8.78627e-10
0
0
0
3.80241e-11
-3.46214e-11
4.91499e-11
2.31726e-10
-5.22777e-10
-2.75197e-10
6.28252e-10
-3.36937e-10
3.71761e-10
2.12162e-09
3.38645e-09
1.55828e-08
8.59945e-06
3.41591e-06
9.89196e-07
1.75423e-05
4.62324e-06
5.36034e-07
-2.36755e-08
5.55523e-08
1.29797e-07
4.34058e-10
7.02663e-11
5.174e-09
8.93722e-09
1.20565e-07
3.22291e-07
3.04877e-07
1.0182e-07
-1.43097e-08
8.08396e-09
1.87704e-09
3.73495e-10
8.08392e-09
1.87709e-09
3.73489e-10
3.04875e-07
1.01818e-07
-1.43103e-08
7.63574e-10
-2.47309e-10
3.99505e-10
4.31451e-10
-3.69057e-10
7.95067e-10
5.76864e-11
-5.17678e-11
8.16729e-11
5.76864e-11
-5.17678e-11
8.16734e-11
4.3145e-10
-3.69057e-10
7.95063e-10
7.63593e-10
-2.473e-10
3.99505e-10
4.34006e-10
7.02775e-11
5.17379e-09
2.3405e-11
-4.58394e-11
4.33972e-11
6.76291e-11
-4.73855e-11
5.17211e-11
0
0
0
2.57835e-12
-2.38774e-12
1.34626e-12
0
0
0
2.65513e-14
-5.25871e-15
-3.83496e-13
3.46252e-12
-3.33134e-12
3.02206e-12
2.55956e-12
-3.26063e-12
3.49996e-12
-4.14716e-13
2.71632e-14
1.25026e-14
-4.14718e-13
2.71629e-14
1.25029e-14
2.5596e-12
-3.26064e-12
3.49997e-12
0
0
0
-6.00416e-14
5.01745e-14
-7.88559e-14
0
0
0
0
0
0
-6.00418e-14
5.01746e-14
-7.8856e-14
0
0
0
2.65522e-14
-5.25967e-15
-3.83494e-13
6.76294e-11
-4.73856e-11
5.17212e-11
2.34074e-11
-4.58389e-11
4.33975e-11
6.28246e-10
-3.36934e-10
3.71757e-10
3.46256e-12
-3.33137e-12
3.02211e-12
0
0
0
2.57838e-12
-2.38776e-12
1.34631e-12
0
0
0
3.8024e-11
-3.46214e-11
4.91502e-11
0.00385927
0.00115684
0.000303915
0.000620389
0.000382914
0.00021408
0.0156057
0.00513777
0.0015906
0.000408272
0.000112149
2.31452e-05
2.12697e-05
5.30195e-05
0.000105334
-3.36259e-07
1.49475e-06
4.37079e-06
5.3485e-07
1.61037e-06
2.47229e-06
-5.99608e-07
1.80811e-05
6.22348e-05
7.80336e-06
9.30677e-06
3.45062e-06
2.01376e-05
9.16588e-05
0.000381873
1.75421e-05
4.62315e-06
5.36006e-07
8.59921e-06
3.41582e-06
9.8917e-07
8.93684e-09
1.20563e-07
3.22284e-07
2.12165e-09
3.38665e-09
1.55832e-08
-2.36763e-08
5.55509e-08
1.29788e-07
3.10361e-07
1.18838e-07
4.37653e-08
5.14277e-09
-1.34827e-09
1.60663e-09
3.65095e-09
-4.01552e-09
9.1619e-10
2.3467e-08
1.85838e-08
-1.38112e-08
2.31732e-10
-5.22751e-10
-2.75132e-10
0
0
0
5.11499e-10
-4.64784e-10
8.78622e-10
0
0
0
3.8882e-09
-3.70479e-09
9.35152e-09
-9.87484e-10
3.93508e-07
-3.228e-07
-1.38019e-07
4.94869e-07
-3.20646e-08
2.36053e-06
1.13718e-06
-4.52932e-07
5.21879e-09
2.62745e-08
7.84235e-08
0
0
0
-4.87954e-09
2.3395e-09
2.24564e-08
0
0
0
-6.49127e-08
5.98105e-08
-8.02871e-08
0.000620388
0.000382913
0.000214079
0.00385924
0.00115683
0.000303913
7.80336e-06
9.30678e-06
3.4506e-06
-5.99641e-07
1.8081e-05
6.22342e-05
5.3484e-07
1.61036e-06
2.47227e-06
-3.36263e-07
1.49472e-06
4.37067e-06
2.12693e-05
5.30189e-05
0.000105333
0.000408263
0.000112147
2.31446e-05
-1.38025e-07
4.94868e-07
-3.20692e-08
-9.91513e-10
3.93508e-07
-3.228e-07
0
0
0
-4.87933e-09
2.3393e-09
2.24568e-08
0
0
0
3.88829e-09
-3.70487e-09
9.35165e-09
5.21768e-09
2.62727e-08
7.84211e-08
2.34676e-08
1.85831e-08
-1.38105e-08
3.65038e-09
-4.01586e-09
9.16093e-10
5.14293e-09
-1.34838e-09
1.60673e-09
3.10356e-07
1.18836e-07
4.37641e-08
0
0
0
5.11507e-10
-4.64792e-10
8.7863e-10
0
0
0
3.80244e-11
-3.46218e-11
4.91505e-11
2.31731e-10
-5.22771e-10
-2.75175e-10
6.2826e-10
-3.36941e-10
3.71765e-10
2.12161e-09
3.38647e-09
1.55828e-08
8.59903e-06
3.41574e-06
9.89137e-07
1.75414e-05
4.62295e-06
5.35964e-07
-2.36762e-08
5.55493e-08
1.29781e-07
4.3403e-10
7.02227e-11
5.1737e-09
8.93554e-09
1.2056e-07
3.22273e-07
3.0485e-07
1.01813e-07
-1.43116e-08
8.08367e-09
1.87705e-09
3.73447e-10
8.08367e-09
1.87703e-09
3.73453e-10
3.04851e-07
1.01814e-07
-1.43117e-08
7.63585e-10
-2.47309e-10
3.99509e-10
4.31457e-10
-3.69064e-10
7.95079e-10
5.76877e-11
-5.1769e-11
8.16754e-11
5.76877e-11
-5.1769e-11
8.16754e-11
4.31459e-10
-3.69065e-10
7.95082e-10
7.63594e-10
-2.47311e-10
3.99512e-10
4.34036e-10
7.02233e-11
5.17373e-09
2.34066e-11
-4.58398e-11
4.33981e-11
6.76308e-11
-4.73865e-11
5.17221e-11
0
0
0
2.57837e-12
-2.38776e-12
1.34626e-12
0
0
0
2.6543e-14
-5.25072e-15
-3.83515e-13
3.46258e-12
-3.33139e-12
3.02215e-12
2.5596e-12
-3.26067e-12
3.50001e-12
-4.1474e-13
2.71736e-14
1.24928e-14
-4.14741e-13
2.71739e-14
1.24923e-14
2.55961e-12
-3.26068e-12
3.50001e-12
0
0
0
-6.00437e-14
5.01763e-14
-7.88585e-14
0
0
0
0
0
0
-6.0044e-14
5.01765e-14
-7.88588e-14
0
0
0
2.6541e-14
-5.24912e-15
-3.83519e-13
6.76311e-11
-4.73867e-11
5.17224e-11
2.34079e-11
-4.58398e-11
4.33984e-11
6.28265e-10
-3.36944e-10
3.71768e-10
3.46258e-12
-3.33139e-12
3.02214e-12
0
0
0
2.57838e-12
-2.38776e-12
1.34626e-12
0
0
0
3.80247e-11
-3.4622e-11
4.91507e-11
0.00385928
0.00115684
0.000303917
0.000620398
0.000382918
0.000214081
0.000408266
0.000112148
2.31448e-05
2.12695e-05
5.30194e-05
0.000105335
-3.36264e-07
1.49474e-06
4.37071e-06
5.34842e-07
1.61037e-06
2.47229e-06
-5.99624e-07
1.80812e-05
6.22351e-05
7.8035e-06
9.30689e-06
3.45063e-06
1.75414e-05
4.62298e-06
5.35968e-07
8.59908e-06
3.41576e-06
9.89137e-07
8.93527e-09
1.2056e-07
3.22273e-07
2.12163e-09
3.3865e-09
1.55829e-08
-2.36764e-08
5.55496e-08
1.29782e-07
3.10357e-07
1.18836e-07
4.37642e-08
5.14293e-09
-1.34837e-09
1.60672e-09
3.65075e-09
-4.01572e-09
9.16186e-10
2.34673e-08
1.85835e-08
-1.3811e-08
2.3174e-10
-5.22764e-10
-2.75138e-10
0
0
0
5.11508e-10
-4.64792e-10
8.78632e-10
0
0
0
3.88827e-09
-3.70486e-09
9.35164e-09
-9.92149e-10
3.93513e-07
-3.22805e-07
-1.38025e-07
4.94876e-07
-3.20684e-08
5.21819e-09
2.62739e-08
7.8423e-08
0
0
0
-4.87966e-09
2.33958e-09
2.24566e-08
0
0
0
-5.05347
-3.97915
-2.43844
-3.97915
-2.87062
-1.4999
-2.43843
-1.4999
-0.49407
-0.874055
0.158078
0.652207
-0.25732
0.46363
0.72551
0.305821
0.677111
0.720913
0.658534
0.731137
0.622595
0.731137
0.639617
0.474924
0.622594
0.474924
0.319476
-0.874051
-0.257317
0.305822
0.158082
0.463631
0.677111
0.652208
0.72551
0.720913
0.71935
0.563236
0.36014
0.665216
0.476484
0.285712
0.56689
0.371734
0.209238
0.189401
0.0893366
0.037195
0.142591
0.0642089
0.0257817
0.0986192
0.0424617
0.0162904
0.0607724
0.0248946
0.00914723
0.0349422
0.0136555
0.00481415
0.0182473
0.00682749
0.00229997
0.430326
0.259461
0.136681
0.297626
0.167058
0.082979
0.184537
0.097166
0.0456855
0.099105
0.0491153
0.0218687
0.0491153
0.0230864
0.00980367
0.0218686
0.00980366
0.00397127
0.00828553
0.00295784
0.00095428
0.00353788
0.00121098
0.000374228
0.00136975
0.000450489
0.000133295
0.000450679
0.000141846
4.03531e-05
0.000141846
4.33354e-05
1.1568e-05
4.03531e-05
1.15679e-05
3.16708e-06
0.00828551
0.00353787
0.00136975
0.00295783
0.00121098
0.000450488
0.000954275
0.000374227
0.000133295
0.719349
0.665215
0.566889
0.563234
0.476483
0.371733
0.360139
0.285711
0.209237
0.430325
0.297626
0.184537
0.259461
0.167058
0.0971658
0.136681
0.0829788
0.0456854
0.0607721
0.034942
0.0182472
0.0248944
0.0136554
0.00682746
0.00914715
0.00481411
0.00229996
0.1894
0.14259
0.0986187
0.0893358
0.0642083
0.0424614
0.0371945
0.0257814
0.0162903
-5.05347
-3.97915
-2.43843
-3.97915
-2.87062
-1.4999
-2.43844
-1.4999
-0.494066
-0.874049
0.158083
0.652208
-0.257314
0.463633
0.72551
0.305824
0.677112
0.720913
0.658534
0.731137
0.622594
0.731137
0.639616
0.474924
0.622594
0.474924
0.319475
-0.874055
-0.257318
0.305823
0.158078
0.46363
0.677111
0.652206
0.72551
0.720913
0.719349
0.563234
0.360138
0.665215
0.476482
0.28571
0.566888
0.371732
0.209236
0.1894
0.0893357
0.0371945
0.14259
0.0642082
0.0257814
0.0986185
0.0424613
0.0162903
0.060772
0.0248944
0.00914715
0.034942
0.0136554
0.00481411
0.0182472
0.00682746
0.00229996
0.430324
0.25946
0.136681
0.297625
0.167057
0.0829786
0.184536
0.0971657
0.0456853
0.0991049
0.0491152
0.0218686
0.0491153
0.0230864
0.00980368
0.0218687
0.0098037
0.00397128
0.00828552
0.00295784
0.000954279
0.00353788
0.00121098
0.00037423
0.00136976
0.000450491
0.000133296
0.000450683
0.000141848
4.03537e-05
0.000141848
4.33361e-05
1.15682e-05
4.03539e-05
1.15682e-05
3.16716e-06
0.00828557
0.0035379
0.00136976
0.00295786
0.00121099
0.000450493
0.000954288
0.000374233
0.000133297
0.71935
0.665216
0.566889
0.563236
0.476484
0.371734
0.360141
0.285712
0.209238
0.430325
0.297626
0.184536
0.259461
0.167058
0.097166
0.136681
0.0829791
0.0456855
0.0607725
0.0349423
0.0182473
0.0248946
0.0136555
0.00682752
0.00914727
0.00481417
0.00229999
0.189401
0.142591
0.0986194
0.0893368
0.064209
0.0424618
0.0371951
0.0257817
0.0162905
-5.05347
-3.97916
-2.43844
-3.97916
-2.87063
-1.49991
-2.43844
-1.49991
-0.494077
-0.874058
0.158076
0.652206
-0.257324
0.463627
0.725509
0.305816
0.677109
0.720914
0.658531
0.731138
0.622597
0.731138
0.639619
0.474927
0.622597
0.474927
0.319479
-0.874058
-0.257324
0.305816
0.158076
0.463627
0.677109
0.652206
0.725509
0.720914
0.71935
0.563237
0.360141
0.665217
0.476485
0.285713
0.566891
0.371736
0.209239
0.189402
0.089337
0.0371952
0.142592
0.0642093
0.0257819
0.0986201
0.0424622
0.0162906
0.0607732
0.0248949
0.00914739
0.0349428
0.0136557
0.00481426
0.0182477
0.00682766
0.00230004
0.430328
0.259463
0.136683
0.297628
0.16706
0.0829802
0.184539
0.0971674
0.0456863
0.0991065
0.0491162
0.0218692
0.0491162
0.0230869
0.00980394
0.0218692
0.00980394
0.0039714
0.00828575
0.00295793
0.000954313
0.00353799
0.00121102
0.000374244
0.0013698
0.000450508
0.000133302
0.000450699
0.000141854
4.03554e-05
0.000141854
4.33379e-05
1.15687e-05
4.03554e-05
1.15687e-05
3.16731e-06
0.00828575
0.00353799
0.0013698
0.00295793
0.00121102
0.000450508
0.000954313
0.000374244
0.000133302
0.71935
0.665217
0.566891
0.563237
0.476485
0.371736
0.360141
0.285713
0.209239
0.430328
0.297628
0.184539
0.259463
0.16706
0.0971674
0.136683
0.0829802
0.0456863
0.0607732
0.0349428
0.0182477
0.0248949
0.0136557
0.00682766
0.00914739
0.00481426
0.00230004
0.189402
0.142592
0.0986201
0.089337
0.0642093
0.0424622
0.0371952
0.0257819
0.0162906
-5.05347
-3.97915
-2.43844
-3.97915
-2.87062
-1.4999
-2.43843
-1.4999
-0.494068
-0.874055
0.158078
0.652206
-0.257318
0.46363
0.72551
0.305822
0.677111
0.720913
0.658534
0.731137
0.622595
0.731137
0.639617
0.474925
0.622594
0.474924
0.319476
-0.874049
-0.257315
0.305823
0.158083
0.463632
0.677112
0.652208
0.72551
0.720913
0.71935
0.563236
0.360141
0.665216
0.476484
0.285713
0.56689
0.371734
0.209238
0.189401
0.0893369
0.0371951
0.142591
0.0642091
0.0257818
0.0986196
0.0424619
0.0162905
0.0607727
0.0248948
0.00914732
0.0349425
0.0136556
0.00481421
0.0182475
0.00682758
0.00230002
0.430326
0.259462
0.136682
0.297626
0.167058
0.0829794
0.184537
0.0971665
0.0456858
0.0991055
0.0491157
0.0218689
0.0491156
0.0230866
0.0098038
0.0218688
0.00980379
0.00397134
0.00828565
0.0029579
0.000954302
0.00353794
0.00121101
0.000374239
0.00136979
0.000450502
0.0001333
0.000450692
0.000141852
4.03549e-05
0.000141851
4.33373e-05
1.15686e-05
4.03548e-05
1.15686e-05
3.16728e-06
0.00828562
0.00353793
0.00136978
0.00295788
0.001211
0.0004505
0.000954295
0.000374237
0.0001333
0.719349
0.665215
0.566889
0.563234
0.476483
0.371733
0.360139
0.285711
0.209237
0.430325
0.297626
0.184537
0.259461
0.167058
0.0971663
0.136681
0.0829791
0.0456856
0.0607723
0.0349422
0.0182474
0.0248945
0.0136555
0.00682754
0.00914722
0.00481416
0.00229999
0.1894
0.14259
0.0986188
0.0893358
0.0642084
0.0424615
0.0371946
0.0257814
0.0162903
-5.05347
-3.97915
-2.43843
-3.97915
-2.87062
-1.4999
-2.43844
-1.4999
-0.49407
-0.874051
0.158082
0.652208
-0.257317
0.463631
0.72551
0.305822
0.677111
0.720913
0.658534
0.731137
0.622594
0.731137
0.639617
0.474924
0.622595
0.474924
0.319476
-0.874055
-0.25732
0.305821
0.158078
0.46363
0.677111
0.652207
0.72551
0.720913
0.719349
0.563234
0.360139
0.665215
0.476483
0.285711
0.566889
0.371733
0.209237
0.1894
0.0893358
0.0371945
0.14259
0.0642083
0.0257814
0.0986187
0.0424614
0.0162903
0.0607721
0.0248944
0.00914715
0.034942
0.0136554
0.00481411
0.0182472
0.00682746
0.00229996
0.430325
0.259461
0.136681
0.297626
0.167058
0.0829788
0.184537
0.0971658
0.0456854
0.099105
0.0491153
0.0218686
0.0491153
0.0230864
0.00980366
0.0218687
0.00980367
0.00397127
0.00828551
0.00295783
0.000954275
0.00353787
0.00121098
0.000374227
0.00136975
0.000450488
0.000133295
0.000450679
0.000141846
4.03531e-05
0.000141846
4.33354e-05
1.15679e-05
4.03531e-05
1.1568e-05
3.16708e-06
0.00828553
0.00353788
0.00136975
0.00295784
0.00121098
0.000450489
0.00095428
0.000374228
0.000133295
0.71935
0.665216
0.56689
0.563236
0.476484
0.371734
0.36014
0.285712
0.209238
0.430326
0.297626
0.184537
0.259461
0.167058
0.097166
0.136681
0.082979
0.0456855
0.0607724
0.0349422
0.0182473
0.0248946
0.0136555
0.00682749
0.00914723
0.00481415
0.00229997
0.189401
0.142591
0.0986192
0.0893366
0.0642089
0.0424617
0.037195
0.0257817
0.0162904
0.0129431
0.00424275
0.00123781
0.00859042
0.00271113
0.000768116
0.00521143
0.00159511
0.000426016
0.000299393
7.31706e-05
1.31114e-05
0.00017263
4.49453e-05
4.29041e-06
9.54863e-05
2.32961e-05
2.59519e-06
4.43916e-05
1.1261e-05
5.41724e-07
1.91753e-05
5.37235e-06
-3.01879e-07
8.0333e-06
2.07101e-06
-5.4226e-08
0.00279407
0.000821291
0.000211376
0.00140313
0.000400313
9.60433e-05
0.000644774
0.000177091
4.09486e-05
2.5765e-06
5.16696e-07
4.2633e-08
6.36745e-07
7.20102e-07
-4.61942e-07
6.20592e-07
1.8556e-07
-4.33366e-08
8.55339e-08
-3.54075e-08
3.95834e-08
1.87197e-08
1.1116e-08
-1.53227e-08
4.13378e-08
-1.59755e-08
1.67034e-08
1.56333e-08
-2.60345e-09
1.7259e-09
1.57755e-08
-4.71887e-09
4.5363e-09
5.59544e-09
-1.6404e-09
1.46538e-09
1.33704e-07
1.58255e-07
-1.03984e-07
4.91323e-08
8.15845e-08
-6.01167e-08
2.01177e-08
2.70886e-08
-1.83374e-08
1.30961e-09
1.44758e-08
-1.18532e-08
6.07765e-09
2.58312e-09
-1.52656e-09
-1.33836e-09
2.31776e-09
-2.04069e-09
3.37713e-09
-1.00521e-09
9.37243e-10
2.1855e-09
-9.04014e-10
9.38815e-10
4.15835e-10
-8.2742e-11
5.80442e-11
2.56095e-10
-9.32113e-11
9.31958e-11
1.21788e-10
-6.01894e-11
6.47468e-11
-3.56003e-12
1.06769e-11
-1.29724e-11
1.25081e-10
4.96214e-10
-3.98978e-10
6.46842e-10
-1.49279e-10
1.91865e-10
-3.32091e-10
2.14365e-10
-2.19109e-10
0.000254917
6.78405e-05
1.44983e-05
9.56811e-05
2.49799e-05
4.70038e-06
3.2899e-05
8.17059e-06
1.56684e-06
2.64432e-06
8.0772e-07
-1.33972e-07
8.62142e-07
2.92666e-07
-7.48836e-08
2.55593e-07
8.88096e-08
-2.45598e-08
5.8124e-08
2.72546e-08
-1.15933e-08
1.58606e-08
7.7496e-09
-3.88404e-09
9.2106e-10
1.87868e-09
-1.1145e-09
9.48488e-06
2.30767e-06
3.83269e-07
2.63489e-06
6.67982e-07
6.19109e-08
6.76675e-07
1.33024e-07
3.72706e-08
1.35509e-07
3.14947e-08
2.36866e-09
3.14947e-08
9.3209e-09
-9.71136e-10
2.36862e-09
-9.71154e-10
9.64099e-10
-2.98359e-10
7.48803e-10
-6.35998e-10
5.33677e-10
-5.53669e-11
1.05947e-10
-5.25898e-10
2.16162e-10
-2.46137e-10
-8.79435e-11
6.56857e-11
-7.39028e-11
6.56858e-11
-3.81161e-11
4.31482e-11
-7.39028e-11
4.31482e-11
-4.82371e-11
-2.98353e-10
5.33675e-10
-5.25895e-10
7.488e-10
-5.53658e-11
2.16161e-10
-6.35994e-10
1.05945e-10
-2.46136e-10
-2.64134e-11
3.84114e-11
-4.07367e-11
5.70867e-11
-3.19695e-11
3.54391e-11
-5.60939e-11
3.62763e-11
-3.90609e-11
7.31521e-12
-1.76305e-12
1.87997e-12
3.44443e-12
-2.72051e-12
2.99453e-12
-1.29992e-12
1.95194e-12
-2.19602e-12
3.88309e-13
-6.71962e-14
1.19734e-13
-8.20951e-14
-9.22378e-14
8.35312e-14
1.55173e-13
8.75477e-14
-9.53933e-14
-1.53004e-12
3.26922e-12
-3.74223e-12
2.92151e-12
-2.89564e-12
3.27408e-12
-3.24901e-12
3.24445e-12
-3.58778e-12
4.1133e-13
-1.10334e-13
1.60791e-13
-1.10333e-13
-7.82576e-14
8.19457e-14
1.6079e-13
8.19457e-14
-1.06084e-13
1.09396e-13
-5.34073e-14
5.19583e-14
-5.66423e-14
2.51103e-14
-2.65174e-14
5.41378e-14
-2.64198e-14
3.03581e-14
9.57881e-15
-8.6019e-15
1.05259e-14
-8.6019e-15
6.00919e-15
-6.90283e-15
1.05259e-14
-6.90283e-15
7.66142e-15
1.09395e-13
-5.6642e-14
5.41376e-14
-5.34071e-14
2.51102e-14
-2.64197e-14
5.19581e-14
-2.65172e-14
3.03579e-14
-2.64118e-11
5.70866e-11
-5.60934e-11
3.84104e-11
-3.19693e-11
3.6276e-11
-4.07357e-11
3.5439e-11
-3.90606e-11
-1.53003e-12
2.9215e-12
-3.24899e-12
3.26921e-12
-2.89563e-12
3.24444e-12
-3.74222e-12
3.27407e-12
-3.58777e-12
3.88306e-13
-8.2093e-14
1.55171e-13
-6.71942e-14
-9.22387e-14
8.75483e-14
1.19731e-13
8.35324e-14
-9.53942e-14
7.31532e-12
3.44444e-12
-1.2999e-12
-1.76314e-12
-2.72051e-12
1.95192e-12
1.88006e-12
2.99454e-12
-2.196e-12
0.0129429
0.00859032
0.00521137
0.00424268
0.00271109
0.00159509
0.00123779
0.000768105
0.000426011
0.00279404
0.00140312
0.000644769
0.000821282
0.000400309
0.00017709
0.000211374
9.60423e-05
4.09482e-05
4.43911e-05
1.9175e-05
8.03322e-06
1.12609e-05
5.3723e-06
2.071e-06
5.41702e-07
-3.01884e-07
-5.42296e-08
0.000299388
0.000172627
9.5485e-05
7.31693e-05
4.49446e-05
2.32958e-05
1.31111e-05
4.2903e-06
2.59513e-06
0.000254916
9.56806e-05
3.28989e-05
6.78401e-05
2.49798e-05
8.17055e-06
1.44982e-05
4.70035e-06
1.56682e-06
9.48485e-06
2.63489e-06
6.76674e-07
2.30766e-06
6.6798e-07
1.33024e-07
3.83265e-07
6.19102e-08
3.72702e-08
5.81236e-08
1.58605e-08
9.21045e-10
2.72545e-08
7.74957e-09
1.87868e-09
-1.15933e-08
-3.88403e-09
-1.11451e-09
2.6443e-06
8.62135e-07
2.5559e-07
8.07715e-07
2.92664e-07
8.88094e-08
-1.33972e-07
-7.48835e-08
-2.456e-08
1.30989e-09
6.07778e-09
-1.33827e-09
1.44755e-08
2.58303e-09
2.31772e-09
-1.1853e-08
-1.52646e-09
-2.04064e-09
1.25121e-10
6.46851e-10
-3.32082e-10
4.96193e-10
-1.49284e-10
2.1436e-10
-3.98954e-10
1.9187e-10
-2.19104e-10
2.56099e-10
1.21789e-10
-3.55897e-12
-9.3214e-11
-6.01899e-11
1.06762e-11
9.31989e-11
6.47475e-11
-1.29716e-11
3.37717e-09
2.18552e-09
4.15849e-10
-1.00524e-09
-9.04023e-10
-8.27501e-11
9.37274e-10
9.38825e-10
5.80534e-11
2.57645e-06
6.36731e-07
6.20583e-07
5.16685e-07
7.20092e-07
1.85557e-07
4.26331e-08
-4.61936e-07
-4.33357e-08
1.33702e-07
4.91325e-08
2.01177e-08
1.58253e-07
8.15834e-08
2.70883e-08
-1.03983e-07
-6.01157e-08
-1.83371e-08
1.56335e-08
1.57756e-08
5.59552e-09
-2.60357e-09
-4.71893e-09
-1.64044e-09
1.72604e-09
4.53638e-09
1.46543e-09
8.55329e-08
1.87201e-08
4.13376e-08
-3.54071e-08
1.11155e-08
-1.59755e-08
3.9583e-08
-1.53222e-08
1.67034e-08
0.0129429
0.00424268
0.00123779
0.00859031
0.00271109
0.000768104
0.00521137
0.00159509
0.000426011
0.000299388
7.31693e-05
1.31112e-05
0.000172627
4.49446e-05
4.29031e-06
9.54851e-05
2.32958e-05
2.59514e-06
4.43912e-05
1.12609e-05
5.41711e-07
1.91751e-05
5.37232e-06
-3.01877e-07
8.03328e-06
2.07101e-06
-5.42276e-08
0.00279404
0.000821283
0.000211374
0.00140312
0.00040031
9.60426e-05
0.000644771
0.000177091
4.09484e-05
2.57645e-06
5.16686e-07
4.2632e-08
6.36734e-07
7.20091e-07
-4.61935e-07
6.20584e-07
1.85557e-07
-4.33362e-08
8.55322e-08
-3.54068e-08
3.95826e-08
1.87198e-08
1.11157e-08
-1.53223e-08
4.13373e-08
-1.59753e-08
1.67032e-08
1.56333e-08
-2.60351e-09
1.72598e-09
1.57755e-08
-4.71888e-09
4.53632e-09
5.5955e-09
-1.64043e-09
1.46542e-09
1.33704e-07
1.58254e-07
-1.03983e-07
4.91335e-08
8.15834e-08
-6.01157e-08
2.01181e-08
2.70885e-08
-1.83373e-08
1.31008e-09
1.44756e-08
-1.1853e-08
6.07779e-09
2.58309e-09
-1.52651e-09
-1.33825e-09
2.31773e-09
-2.04065e-09
3.37717e-09
-1.00524e-09
9.37269e-10
2.18551e-09
-9.04019e-10
9.38819e-10
4.15852e-10
-8.27514e-11
5.80548e-11
2.561e-10
-9.3214e-11
9.31989e-11
1.21789e-10
-6.01898e-11
6.47473e-11
-3.55858e-12
1.0676e-11
-1.29714e-11
1.25125e-10
4.96199e-10
-3.98959e-10
6.46846e-10
-1.49279e-10
1.91865e-10
-3.32078e-10
2.14359e-10
-2.19103e-10
0.000254917
6.78406e-05
1.44983e-05
9.56815e-05
2.49801e-05
4.70041e-06
3.28993e-05
8.17068e-06
1.56685e-06
2.64433e-06
8.07722e-07
-1.33972e-07
8.6215e-07
2.92667e-07
-7.48831e-08
2.55596e-07
8.88108e-08
-2.45601e-08
5.81255e-08
2.72549e-08
-1.15934e-08
1.58611e-08
7.74971e-09
-3.88404e-09
9.212e-10
1.87873e-09
-1.11452e-09
9.48503e-06
2.30771e-06
3.83275e-07
2.63495e-06
6.67997e-07
6.19135e-08
6.76694e-07
1.33029e-07
3.72709e-08
1.35515e-07
3.14962e-08
2.36883e-09
3.14966e-08
9.32127e-09
-9.71054e-10
2.36907e-09
-9.71002e-10
9.64078e-10
-2.98306e-10
7.48809e-10
-6.35995e-10
5.3368e-10
-5.53612e-11
1.05943e-10
-5.25887e-10
2.1616e-10
-2.46135e-10
-8.79403e-11
6.56845e-11
-7.39013e-11
6.56843e-11
-3.81154e-11
4.31473e-11
-7.39011e-11
4.31474e-11
-4.82362e-11
-2.98244e-10
5.33694e-10
-5.25888e-10
7.48808e-10
-5.53642e-11
2.16159e-10
-6.35981e-10
1.05949e-10
-2.46135e-10
-2.64116e-11
3.84106e-11
-4.07358e-11
5.70857e-11
-3.19688e-11
3.54384e-11
-5.60927e-11
3.62756e-11
-3.90602e-11
7.3153e-12
-1.76312e-12
1.88003e-12
3.44444e-12
-2.7205e-12
2.99453e-12
-1.29989e-12
1.95191e-12
-2.19599e-12
3.8829e-13
-6.71892e-14
1.19724e-13
-8.20819e-14
-9.22428e-14
8.35376e-14
1.55159e-13
8.75529e-14
-9.53996e-14
-1.52993e-12
3.26912e-12
-3.74212e-12
2.92143e-12
-2.89559e-12
3.27402e-12
-3.24893e-12
3.24439e-12
-3.58772e-12
4.11306e-13
-1.10323e-13
1.60778e-13
-1.10321e-13
-7.82627e-14
8.19514e-14
1.60777e-13
8.19512e-14
-1.06089e-13
1.09392e-13
-5.34052e-14
5.19563e-14
-5.66401e-14
2.51091e-14
-2.65161e-14
5.41357e-14
-2.64186e-14
3.03567e-14
9.57868e-15
-8.60178e-15
1.05257e-14
-8.60177e-15
6.00909e-15
-6.90271e-15
1.05257e-14
-6.90272e-15
7.66131e-15
1.09392e-13
-5.664e-14
5.41357e-14
-5.34051e-14
2.5109e-14
-2.64185e-14
5.19562e-14
-2.6516e-14
3.03566e-14
-2.64084e-11
5.70866e-11
-5.60924e-11
3.84089e-11
-3.19694e-11
3.62755e-11
-4.07339e-11
3.54391e-11
-3.90601e-11
-1.52989e-12
2.92142e-12
-3.24891e-12
3.2691e-12
-2.89559e-12
3.24439e-12
-3.7421e-12
3.27402e-12
-3.58771e-12
3.88289e-13
-8.20836e-14
1.5516e-13
-6.71884e-14
-9.22429e-14
8.7553e-14
1.19724e-13
8.35379e-14
-9.53998e-14
7.31536e-12
3.44445e-12
-1.29988e-12
-1.7632e-12
-2.72054e-12
1.95191e-12
1.88012e-12
2.99458e-12
-2.19599e-12
0.0129431
0.00859047
0.00521146
0.00424277
0.00271115
0.00159512
0.00123782
0.000768123
0.000426022
0.00279409
0.00140314
0.000644781
0.0008213
0.000400318
0.000177095
0.000211379
9.60454e-05
4.09497e-05
4.43926e-05
1.91758e-05
8.0336e-06
1.12613e-05
5.37249e-06
2.07109e-06
5.41785e-07
-3.01841e-07
-5.42089e-08
0.000299395
0.000172632
9.54879e-05
7.31712e-05
4.49459e-05
2.32966e-05
1.31115e-05
4.29054e-06
2.59529e-06
0.000254921
9.56829e-05
3.28998e-05
6.78421e-05
2.49806e-05
8.17087e-06
1.44988e-05
4.70059e-06
1.56692e-06
9.48514e-06
2.63498e-06
6.767e-07
2.30776e-06
6.68011e-07
1.33032e-07
3.83294e-07
6.19186e-08
3.72725e-08
5.813e-08
1.58624e-08
9.21499e-10
2.72556e-08
7.74987e-09
1.87875e-09
-1.15929e-08
-3.88388e-09
-1.11447e-09
2.64445e-06
8.62196e-07
2.55612e-07
8.0775e-07
2.92677e-07
8.88135e-08
-1.33964e-07
-7.48801e-08
-2.45587e-08
1.31184e-09
6.07856e-09
-1.33794e-09
1.44754e-08
2.58293e-09
2.31763e-09
-1.18526e-08
-1.52626e-09
-2.04052e-09
1.25232e-10
6.46882e-10
-3.32068e-10
4.96159e-10
-1.49294e-10
2.14355e-10
-3.98911e-10
1.91884e-10
-2.19098e-10
2.56102e-10
1.2179e-10
-3.55844e-12
-9.32169e-11
-6.0191e-11
1.06758e-11
9.32023e-11
6.47487e-11
-1.29711e-11
3.37721e-09
2.18553e-09
4.15863e-10
-1.00527e-09
-9.04034e-10
-8.27606e-11
9.3731e-10
9.38838e-10
5.80658e-11
2.57652e-06
6.36772e-07
6.2061e-07
5.16708e-07
7.20107e-07
1.85565e-07
4.26271e-08
-4.61941e-07
-4.33373e-08
1.33717e-07
4.91411e-08
2.01219e-08
1.58257e-07
8.15843e-08
2.70885e-08
-1.03983e-07
-6.01151e-08
-1.83366e-08
1.56335e-08
1.57756e-08
5.59557e-09
-2.60353e-09
-4.71893e-09
-1.64048e-09
1.72601e-09
4.53638e-09
1.46548e-09
8.55326e-08
1.87199e-08
4.13374e-08
-3.54066e-08
1.1116e-08
-1.59753e-08
3.95823e-08
-1.53227e-08
1.67031e-08
0.0129432
0.00424278
0.00123782
0.00859052
0.00271116
0.000768128
0.00521151
0.00159514
0.000426027
0.000299396
7.31714e-05
1.31116e-05
0.000172633
4.49462e-05
4.29059e-06
9.54891e-05
2.32969e-05
2.59533e-06
4.43934e-05
1.12615e-05
5.4181e-07
1.91763e-05
5.37261e-06
-3.01829e-07
8.03383e-06
2.07115e-06
-5.42055e-08
0.00279413
0.000821313
0.000211383
0.00140317
0.000400326
9.60476e-05
0.000644796
0.000177099
4.09508e-05
2.57652e-06
5.16709e-07
4.26275e-08
6.36778e-07
7.20112e-07
-4.61944e-07
6.20615e-07
1.85569e-07
-4.33395e-08
8.55331e-08
-3.54068e-08
3.95826e-08
1.87201e-08
1.1116e-08
-1.53227e-08
4.13375e-08
-1.59752e-08
1.67031e-08
1.56336e-08
-2.60347e-09
1.72593e-09
1.57757e-08
-4.71893e-09
4.53637e-09
5.59562e-09
-1.64047e-09
1.46546e-09
1.3372e-07
1.5826e-07
-1.03985e-07
4.91422e-08
8.15861e-08
-6.01163e-08
2.01221e-08
2.70895e-08
-1.83374e-08
1.31192e-09
1.44758e-08
-1.18529e-08
6.0786e-09
2.58309e-09
-1.52639e-09
-1.33793e-09
2.31769e-09
-2.04057e-09
3.37725e-09
-1.00528e-09
9.37315e-10
2.18555e-09
-9.04039e-10
9.38842e-10
4.15876e-10
-8.27647e-11
5.80697e-11
2.56108e-10
-9.32191e-11
9.32046e-11
1.21792e-10
-6.01916e-11
6.47493e-11
-3.55719e-12
1.06752e-11
-1.29704e-11
1.25247e-10
4.96172e-10
-3.9892e-10
6.46884e-10
-1.49289e-10
1.91879e-10
-3.32062e-10
2.14353e-10
-2.19096e-10
0.000254928
6.78441e-05
1.44993e-05
9.5686e-05
2.49815e-05
4.70079e-06
3.2901e-05
8.17118e-06
1.56699e-06
2.64455e-06
8.07775e-07
-1.33964e-07
8.62234e-07
2.92687e-07
-7.48803e-08
2.55625e-07
8.88172e-08
-2.45591e-08
5.81337e-08
2.72567e-08
-1.15931e-08
1.58634e-08
7.75021e-09
-3.88397e-09
9.21761e-10
1.87884e-09
-1.1145e-09
9.48553e-06
2.30786e-06
3.83315e-07
2.6351e-06
6.68042e-07
6.19247e-08
6.76734e-07
1.3304e-07
3.72738e-08
1.35524e-07
3.14987e-08
2.36943e-09
3.14987e-08
9.32187e-09
-9.70954e-10
2.36944e-09
-9.70952e-10
9.64109e-10
-2.98187e-10
7.48826e-10
-6.35986e-10
5.337e-10
-5.53542e-11
1.05942e-10
-5.25882e-10
2.16158e-10
-2.46132e-10
-8.79395e-11
6.56842e-11
-7.39008e-11
6.56841e-11
-3.8115e-11
4.3147e-11
-7.39007e-11
4.3147e-11
-4.82359e-11
-2.98184e-10
5.33702e-10
-5.25883e-10
7.48826e-10
-5.53549e-11
2.16158e-10
-6.35985e-10
1.05942e-10
-2.46133e-10
-2.64075e-11
3.84087e-11
-4.07335e-11
5.70863e-11
-3.1969e-11
3.54386e-11
-5.60921e-11
3.62753e-11
-3.90599e-11
7.31556e-12
-1.76328e-12
1.8802e-12
3.44453e-12
-2.72056e-12
2.9946e-12
-1.2999e-12
1.95191e-12
-2.19599e-12
3.88283e-13
-6.71856e-14
1.19721e-13
-8.20782e-14
-9.22453e-14
8.35404e-14
1.55156e-13
8.75552e-14
-9.5402e-14
-1.52988e-12
3.26911e-12
-3.74212e-12
2.92143e-12
-2.89558e-12
3.27402e-12
-3.24893e-12
3.24439e-12
-3.58771e-12
4.11299e-13
-1.10319e-13
1.60775e-13
-1.10319e-13
-7.82644e-14
8.19531e-14
1.60775e-13
8.19531e-14
-1.06091e-13
1.09391e-13
-5.34043e-14
5.19554e-14
-5.6639e-14
2.51083e-14
-2.65153e-14
5.41347e-14
-2.64178e-14
3.03558e-14
9.57871e-15
-8.60173e-15
1.05257e-14
-8.60173e-15
6.00904e-15
-6.90266e-15
1.05257e-14
-6.90266e-15
7.66125e-15
1.09391e-13
-5.66391e-14
5.41348e-14
-5.34043e-14
2.51083e-14
-2.64178e-14
5.19553e-14
-2.65153e-14
3.03558e-14
-2.64073e-11
5.70864e-11
-5.60921e-11
3.84085e-11
-3.19691e-11
3.62753e-11
-4.07334e-11
3.54387e-11
-3.90599e-11
-1.52986e-12
2.92142e-12
-3.24892e-12
3.26909e-12
-2.89558e-12
3.24438e-12
-3.7421e-12
3.27401e-12
-3.58771e-12
3.88287e-13
-8.20804e-14
1.55158e-13
-6.71883e-14
-9.22439e-14
8.75537e-14
1.19725e-13
8.35387e-14
-9.54005e-14
7.3156e-12
3.44452e-12
-1.29988e-12
-1.76331e-12
-2.72055e-12
1.9519e-12
1.88022e-12
2.99459e-12
-2.19598e-12
0.0129432
0.00859052
0.00521151
0.00424278
0.00271117
0.00159514
0.00123782
0.000768128
0.000426027
0.00279413
0.00140317
0.000644796
0.000821313
0.000400327
0.000177099
0.000211383
9.60477e-05
4.09509e-05
4.43935e-05
1.91763e-05
8.03385e-06
1.12615e-05
5.37262e-06
2.07115e-06
5.41815e-07
-3.01826e-07
-5.42043e-08
0.000299396
0.000172633
9.54892e-05
7.31714e-05
4.49462e-05
2.32969e-05
1.31116e-05
4.2906e-06
2.59534e-06
0.000254928
9.5686e-05
3.2901e-05
6.78441e-05
2.49815e-05
8.17119e-06
1.44993e-05
4.7008e-06
1.56699e-06
9.48553e-06
2.6351e-06
6.76734e-07
2.30786e-06
6.68042e-07
1.3304e-07
3.83315e-07
6.19248e-08
3.72738e-08
5.81339e-08
1.58635e-08
9.21767e-10
2.72568e-08
7.7502e-09
1.87884e-09
-1.15931e-08
-3.88395e-09
-1.1145e-09
2.64456e-06
8.62236e-07
2.55625e-07
8.07776e-07
2.92687e-07
8.88173e-08
-1.33963e-07
-7.488e-08
-2.4559e-08
1.31219e-09
6.07871e-09
-1.33787e-09
1.44757e-08
2.58304e-09
2.31766e-09
-1.18528e-08
-1.52633e-09
-2.04054e-09
1.25265e-10
6.4689e-10
-3.3206e-10
4.96163e-10
-1.49292e-10
2.14352e-10
-3.9891e-10
1.91883e-10
-2.19095e-10
2.56109e-10
1.21792e-10
-3.55702e-12
-9.322e-11
-6.01919e-11
1.0675e-11
9.32056e-11
6.47496e-11
-1.29703e-11
3.37727e-09
2.18556e-09
4.15881e-10
-1.00529e-09
-9.04044e-10
-8.27679e-11
9.37328e-10
9.38847e-10
5.80733e-11
2.57652e-06
6.36782e-07
6.20617e-07
5.1671e-07
7.20112e-07
1.85569e-07
4.26269e-08
-4.61943e-07
-4.33393e-08
1.33721e-07
4.91432e-08
2.01226e-08
1.5826e-07
8.15859e-08
2.70893e-08
-1.03984e-07
-6.0116e-08
-1.83372e-08
1.56336e-08
1.57757e-08
5.59566e-09
-2.60352e-09
-4.71896e-09
-1.6405e-09
1.72599e-09
4.5364e-09
1.46549e-09
8.55327e-08
1.87201e-08
4.13375e-08
-3.54066e-08
1.1116e-08
-1.59752e-08
3.95824e-08
-1.53227e-08
1.67031e-08
0.0129431
0.00424277
0.00123782
0.00859049
0.00271115
0.000768124
0.00521148
0.00159513
0.000426023
0.000299396
7.31712e-05
1.31115e-05
0.000172632
4.49459e-05
4.29055e-06
9.54882e-05
2.32966e-05
2.5953e-06
4.43929e-05
1.12614e-05
5.41788e-07
1.9176e-05
5.37253e-06
-3.0184e-07
8.03368e-06
2.07111e-06
-5.42101e-08
0.00279411
0.000821305
0.000211381
0.00140316
0.000400322
9.60462e-05
0.000644789
0.000177097
4.09502e-05
2.57652e-06
5.16708e-07
4.26271e-08
6.36775e-07
7.20107e-07
-4.61941e-07
6.2061e-07
1.85566e-07
-4.33385e-08
8.55324e-08
-3.54064e-08
3.95822e-08
1.87198e-08
1.1116e-08
-1.53227e-08
4.13373e-08
-1.59752e-08
1.6703e-08
1.56335e-08
-2.60348e-09
1.72595e-09
1.57756e-08
-4.7189e-09
4.53634e-09
5.59557e-09
-1.64046e-09
1.46545e-09
1.33717e-07
1.58258e-07
-1.03984e-07
4.91404e-08
8.15851e-08
-6.01159e-08
2.01211e-08
2.70891e-08
-1.83372e-08
1.3114e-09
1.44757e-08
-1.18529e-08
6.07832e-09
2.58309e-09
-1.52643e-09
-1.33805e-09
2.3177e-09
-2.0406e-09
3.37721e-09
-1.00526e-09
9.37294e-10
2.18553e-09
-9.04027e-10
9.38829e-10
4.15863e-10
-8.27581e-11
5.80624e-11
2.56102e-10
-9.32159e-11
9.3201e-11
1.2179e-10
-6.01904e-11
6.4748e-11
-3.55824e-12
1.06758e-11
-1.29711e-11
1.25191e-10
4.96186e-10
-3.98939e-10
6.46865e-10
-1.49284e-10
1.91873e-10
-3.32072e-10
2.14357e-10
-2.19101e-10
0.000254925
6.78431e-05
1.4499e-05
9.56847e-05
2.49811e-05
4.70069e-06
3.29005e-05
8.17104e-06
1.56695e-06
2.64449e-06
8.07759e-07
-1.33965e-07
8.62211e-07
2.92681e-07
-7.48806e-08
2.55617e-07
8.88151e-08
-2.45591e-08
5.81316e-08
2.72561e-08
-1.15931e-08
1.58629e-08
7.75001e-09
-3.88393e-09
9.21606e-10
1.8788e-09
-1.11451e-09
9.48541e-06
2.30782e-06
3.83305e-07
2.63507e-06
6.6803e-07
6.19222e-08
6.76726e-07
1.33037e-07
3.72732e-08
1.3552e-07
3.14978e-08
2.36925e-09
3.14973e-08
9.32149e-09
-9.7096e-10
2.36901e-09
-9.71014e-10
9.64073e-10
-2.98215e-10
7.48815e-10
-6.35983e-10
5.33696e-10
-5.53615e-11
1.05947e-10
-5.25885e-10
2.16159e-10
-2.46134e-10
-8.79399e-11
6.5684e-11
-7.39008e-11
6.56843e-11
-3.81152e-11
4.31472e-11
-7.3901e-11
4.31471e-11
-4.8236e-11
-2.98273e-10
5.33681e-10
-5.25882e-10
7.48815e-10
-5.53578e-11
2.16158e-10
-6.35996e-10
1.0594e-10
-2.46133e-10
-2.64091e-11
3.84093e-11
-4.07343e-11
5.7086e-11
-3.1969e-11
3.54387e-11
-5.60921e-11
3.62753e-11
-3.90599e-11
7.31537e-12
-1.76319e-12
1.88011e-12
3.44443e-12
-2.72051e-12
2.99454e-12
-1.29986e-12
1.95189e-12
-2.19597e-12
3.88286e-13
-6.71876e-14
1.19723e-13
-8.20837e-14
-9.22418e-14
8.35365e-14
1.5516e-13
8.75517e-14
-9.53982e-14
-1.52991e-12
3.2691e-12
-3.7421e-12
2.92142e-12
-2.89557e-12
3.27401e-12
-3.2489e-12
3.24437e-12
-3.5877e-12
4.11302e-13
-1.1032e-13
1.60775e-13
-1.10322e-13
-7.82624e-14
8.19509e-14
1.60777e-13
8.1951e-14
-1.06089e-13
1.09391e-13
-5.34046e-14
5.19557e-14
-5.66396e-14
2.51088e-14
-2.65158e-14
5.41353e-14
-2.64182e-14
3.03563e-14
9.57865e-15
-8.60172e-15
1.05257e-14
-8.60173e-15
6.00906e-15
-6.90268e-15
1.05257e-14
-6.90268e-15
7.66126e-15
1.09392e-13
-5.66397e-14
5.41353e-14
-5.34049e-14
2.51088e-14
-2.64183e-14
5.19561e-14
-2.65159e-14
3.03564e-14
-2.64125e-11
5.70853e-11
-5.60925e-11
3.8411e-11
-3.19685e-11
3.62755e-11
-4.07363e-11
3.54381e-11
-3.90601e-11
-1.52998e-12
2.92144e-12
-3.24894e-12
3.26914e-12
-2.89558e-12
3.24439e-12
-3.74214e-12
3.27402e-12
-3.58772e-12
3.88285e-13
-8.20793e-14
1.55156e-13
-6.71864e-14
-9.22436e-14
8.75536e-14
1.19721e-13
8.35385e-14
-9.54002e-14
7.31526e-12
3.44446e-12
-1.29991e-12
-1.76308e-12
-2.7205e-12
1.95191e-12
1.87999e-12
2.99452e-12
-2.19599e-12
0.0129429
0.00859034
0.0052114
0.00424269
0.0027111
0.00159509
0.00123779
0.000768107
0.000426013
0.00279407
0.00140314
0.00064478
0.000821289
0.000400314
0.000177093
0.000211376
9.60437e-05
4.0949e-05
4.43915e-05
1.91753e-05
8.03339e-06
1.1261e-05
5.37236e-06
2.07104e-06
5.41718e-07
-3.01873e-07
-5.42282e-08
0.000299388
0.000172627
9.54856e-05
7.31693e-05
4.49447e-05
2.3296e-05
1.31112e-05
4.29034e-06
2.59516e-06
0.000254922
9.56836e-05
3.29002e-05
6.78417e-05
2.49806e-05
8.17088e-06
1.44986e-05
4.70052e-06
1.56689e-06
9.48532e-06
2.63504e-06
6.7672e-07
2.30777e-06
6.68016e-07
1.33034e-07
3.83288e-07
6.19174e-08
3.72717e-08
5.81275e-08
1.58617e-08
9.21356e-10
2.72554e-08
7.74987e-09
1.87877e-09
-1.15935e-08
-3.8841e-09
-1.11453e-09
2.64437e-06
8.62168e-07
2.55603e-07
8.07733e-07
2.92672e-07
8.88124e-08
-1.33972e-07
-7.48836e-08
-2.45604e-08
1.30954e-09
6.07746e-09
-1.33835e-09
1.4476e-08
2.58331e-09
2.3178e-09
-1.18534e-08
-1.52673e-09
-2.04072e-09
1.25077e-10
6.46824e-10
-3.32081e-10
4.96229e-10
-1.49266e-10
2.14361e-10
-3.98991e-10
1.91852e-10
-2.19105e-10
2.56098e-10
1.21789e-10
-3.55867e-12
-9.32122e-11
-6.01891e-11
1.06761e-11
9.31966e-11
6.47464e-11
-1.29715e-11
3.37714e-09
2.1855e-09
4.1585e-10
-1.00521e-09
-9.04005e-10
-8.27478e-11
9.37241e-10
9.38803e-10
5.80503e-11
2.57645e-06
6.36737e-07
6.20583e-07
5.16688e-07
7.20092e-07
1.8556e-07
4.263e-08
-4.61935e-07
-4.33386e-08
1.33703e-07
4.91322e-08
2.01172e-08
1.58255e-07
8.15847e-08
2.70893e-08
-1.03984e-07
-6.01169e-08
-1.8338e-08
1.56332e-08
1.57754e-08
5.59547e-09
-2.60341e-09
-4.71879e-09
-1.64039e-09
1.72587e-09
4.53622e-09
1.46537e-09
8.55316e-08
1.87196e-08
4.1337e-08
-3.54065e-08
1.11157e-08
-1.59751e-08
3.95822e-08
-1.53224e-08
1.6703e-08
0.0129429
0.00424268
0.00123779
0.00859032
0.00271109
0.000768105
0.00521137
0.00159509
0.000426011
0.000299388
7.31693e-05
1.31111e-05
0.000172627
4.49446e-05
4.2903e-06
9.5485e-05
2.32958e-05
2.59513e-06
4.43911e-05
1.12609e-05
5.41702e-07
1.9175e-05
5.3723e-06
-3.01884e-07
8.03322e-06
2.071e-06
-5.42298e-08
0.00279404
0.000821282
0.000211374
0.00140312
0.000400309
9.60423e-05
0.000644769
0.00017709
4.09482e-05
2.57645e-06
5.16685e-07
4.26324e-08
6.36731e-07
7.20091e-07
-4.61936e-07
6.20583e-07
1.85557e-07
-4.3336e-08
8.55328e-08
-3.54071e-08
3.95829e-08
1.87201e-08
1.11155e-08
-1.53222e-08
4.13376e-08
-1.59755e-08
1.67034e-08
1.56335e-08
-2.60357e-09
1.72605e-09
1.57756e-08
-4.71893e-09
4.53637e-09
5.59552e-09
-1.64044e-09
1.46543e-09
1.33702e-07
1.58253e-07
-1.03983e-07
4.91324e-08
8.15834e-08
-6.01157e-08
2.01178e-08
2.70883e-08
-1.83371e-08
1.3099e-09
1.44755e-08
-1.1853e-08
6.07778e-09
2.58303e-09
-1.52646e-09
-1.33826e-09
2.31771e-09
-2.04063e-09
3.37717e-09
-1.00524e-09
9.37275e-10
2.18552e-09
-9.04023e-10
9.38824e-10
4.15849e-10
-8.27505e-11
5.80538e-11
2.56099e-10
-9.3214e-11
9.31989e-11
1.21789e-10
-6.01899e-11
6.47474e-11
-3.55895e-12
1.06762e-11
-1.29716e-11
1.25122e-10
4.96192e-10
-3.98953e-10
6.46851e-10
-1.49283e-10
1.9187e-10
-3.32081e-10
2.1436e-10
-2.19104e-10
0.000254916
6.78401e-05
1.44982e-05
9.56806e-05
2.49798e-05
4.70035e-06
3.28989e-05
8.17056e-06
1.56682e-06
2.6443e-06
8.07715e-07
-1.33972e-07
8.62135e-07
2.92664e-07
-7.48835e-08
2.5559e-07
8.88094e-08
-2.456e-08
5.81236e-08
2.72545e-08
-1.15933e-08
1.58605e-08
7.74957e-09
-3.88403e-09
9.21052e-10
1.87868e-09
-1.1145e-09
9.48485e-06
2.30766e-06
3.83265e-07
2.63489e-06
6.6798e-07
6.19102e-08
6.76674e-07
1.33024e-07
3.72701e-08
1.35509e-07
3.14947e-08
2.36862e-09
3.14947e-08
9.32089e-09
-9.71155e-10
2.36866e-09
-9.71135e-10
9.641e-10
-2.98352e-10
7.488e-10
-6.35993e-10
5.33674e-10
-5.53655e-11
1.05945e-10
-5.25894e-10
2.1616e-10
-2.46135e-10
-8.79434e-11
6.56857e-11
-7.39027e-11
6.56857e-11
-3.81161e-11
4.31481e-11
-7.39027e-11
4.31482e-11
-4.82371e-11
-2.98358e-10
5.33677e-10
-5.25897e-10
7.48803e-10
-5.53667e-11
2.16161e-10
-6.35997e-10
1.05947e-10
-2.46137e-10
-2.64118e-11
3.84104e-11
-4.07356e-11
5.70866e-11
-3.19693e-11
3.54389e-11
-5.60934e-11
3.6276e-11
-3.90606e-11
7.31531e-12
-1.76314e-12
1.88006e-12
3.44444e-12
-2.72051e-12
2.99454e-12
-1.2999e-12
1.95192e-12
-2.196e-12
3.88304e-13
-6.71936e-14
1.1973e-13
-8.20923e-14
-9.2239e-14
8.35327e-14
1.5517e-13
8.75486e-14
-9.53945e-14
-1.53003e-12
3.26921e-12
-3.74222e-12
2.9215e-12
-2.89563e-12
3.27407e-12
-3.24899e-12
3.24444e-12
-3.58777e-12
4.11329e-13
-1.10333e-13
1.60789e-13
-1.10334e-13
-7.82578e-14
8.19459e-14
1.6079e-13
8.19459e-14
-1.06084e-13
1.09395e-13
-5.3407e-14
5.1958e-14
-5.6642e-14
2.51101e-14
-2.65172e-14
5.41375e-14
-2.64196e-14
3.03578e-14
9.57881e-15
-8.60189e-15
1.05259e-14
-8.60189e-15
6.00919e-15
-6.90282e-15
1.05259e-14
-6.90282e-15
7.66142e-15
1.09396e-13
-5.66422e-14
5.41378e-14
-5.34072e-14
2.51103e-14
-2.64198e-14
5.19582e-14
-2.65174e-14
3.0358e-14
-2.64133e-11
5.70866e-11
-5.60938e-11
3.84113e-11
-3.19694e-11
3.62763e-11
-4.07366e-11
3.54391e-11
-3.90609e-11
-1.53004e-12
2.92151e-12
-3.24901e-12
3.26922e-12
-2.89564e-12
3.24445e-12
-3.74223e-12
3.27408e-12
-3.58778e-12
3.88308e-13
-8.2095e-14
1.55173e-13
-6.7196e-14
-9.22378e-14
8.75477e-14
1.19733e-13
8.35311e-14
-9.53932e-14
7.31522e-12
3.44442e-12
-1.29991e-12
-1.76306e-12
-2.72051e-12
1.95194e-12
1.87997e-12
2.99453e-12
-2.19601e-12
0.0129431
0.00859042
0.00521143
0.00424275
0.00271113
0.00159511
0.00123781
0.000768116
0.000426016
0.00279407
0.00140313
0.000644774
0.000821291
0.000400313
0.000177091
0.000211376
9.60433e-05
4.09486e-05
4.43916e-05
1.91753e-05
8.0333e-06
1.1261e-05
5.37235e-06
2.07101e-06
5.41724e-07
-3.01879e-07
-5.4226e-08
0.000299393
0.00017263
9.54863e-05
7.31706e-05
4.49453e-05
2.32961e-05
1.31114e-05
4.29041e-06
2.59519e-06
0.000254917
9.56811e-05
3.2899e-05
6.78405e-05
2.49799e-05
8.17059e-06
1.44983e-05
4.70038e-06
1.56684e-06
9.48488e-06
2.63489e-06
6.76675e-07
2.30767e-06
6.67982e-07
1.33024e-07
3.83269e-07
6.1911e-08
3.72706e-08
5.8124e-08
1.58606e-08
9.21059e-10
2.72546e-08
7.7496e-09
1.87868e-09
-1.15933e-08
-3.88403e-09
-1.1145e-09
2.64432e-06
8.62142e-07
2.55593e-07
8.0772e-07
2.92666e-07
8.88096e-08
-1.33972e-07
-7.48836e-08
-2.45598e-08
1.30961e-09
6.07765e-09
-1.33836e-09
1.44758e-08
2.58312e-09
2.31776e-09
-1.18532e-08
-1.52656e-09
-2.04069e-09
1.25081e-10
6.46842e-10
-3.32092e-10
4.96214e-10
-1.49279e-10
2.14365e-10
-3.98978e-10
1.91865e-10
-2.19109e-10
2.56095e-10
1.21788e-10
-3.56002e-12
-9.32113e-11
-6.01894e-11
1.06769e-11
9.31958e-11
6.47468e-11
-1.29724e-11
3.37713e-09
2.1855e-09
4.15835e-10
-1.00521e-09
-9.04014e-10
-8.27419e-11
9.37243e-10
9.38815e-10
5.80442e-11
2.5765e-06
6.36745e-07
6.20592e-07
5.16696e-07
7.20102e-07
1.8556e-07
4.2633e-08
-4.61942e-07
-4.33366e-08
1.33704e-07
4.91323e-08
2.01177e-08
1.58255e-07
8.15845e-08
2.70886e-08
-1.03984e-07
-6.01167e-08
-1.83374e-08
1.56333e-08
1.57755e-08
5.59544e-09
-2.60345e-09
-4.71887e-09
-1.6404e-09
1.7259e-09
4.5363e-09
1.46538e-09
8.55339e-08
1.87197e-08
4.13378e-08
-3.54075e-08
1.1116e-08
-1.59755e-08
3.95834e-08
-1.53227e-08
1.67034e-08
