FiniteElementSpace
FiniteElementCollection: H1_2D_P4
VDim: 1
Ordering: 0

0.857844
9.35762e-14
9.35736e-14
7.76165e-35
9.3577e-14
7.76496e-35
9.3577e-14
7.7667e-35
9.35736e-14
7.76496e-35
7.76165e-35
0.00115679
4.87272e-21
4.87272e-21
0.00115677
4.87302e-21
4.87451e-21
0.0011568
4.87525e-21
4.87533e-21
0.0011568
4.87451e-21
4.87302e-21
0.00115677
4.87272e-21
4.87272e-21
1.63822e-08
1.63827e-08
1.63835e-08
1.63834e-08
1.63822e-08
0.17225
2.49816e-05
2.49814e-05
0.17225
2.49815e-05
2.49819e-05
0.17225
2.49825e-05
2.49825e-05
0.17225
2.49822e-05
2.4982e-05
0.17225
2.49814e-05
2.49816e-05
1.58633e-07
1.39243e-16
1.03009e-11
4.0102e-27
4.01022e-27
1.03009e-11
1.39242e-16
1.58629e-07
1.39245e-16
1.0301e-11
4.01112e-27
4.01183e-27
1.03009e-11
1.39265e-16
1.58634e-07
1.39274e-16
1.03011e-11
4.01258e-27
4.0126e-27
1.03011e-11
1.39276e-16
1.58635e-07
1.39265e-16
1.03008e-11
4.01183e-27
4.01112e-27
1.0301e-11
1.39245e-16
1.58629e-07
1.39242e-16
1.0301e-11
4.01022e-27
4.0102e-27
1.03009e-11
1.39243e-16
0.0118992
0.0118991
0.0118993
0.0118992
0.0118992
5.2859e-09
-2.54341e-13
5.28588e-09
5.28588e-09
-2.54335e-13
5.28598e-09
5.28605e-09
-2.54333e-13
5.28606e-09
5.286e-09
-2.54334e-13
5.28589e-09
5.28587e-09
-2.54341e-13
5.2859e-09
0.576793
0.0690124
0.0690123
0.576793
0.0219919
0.000262548
0.000856235
9.78147e-07
9.78144e-07
0.000856232
0.000262545
0.0219917
0.0690121
0.0690123
0.576794
0.000262545
0.000856232
9.78159e-07
9.78166e-07
0.000856237
0.000262549
0.0219919
0.0690129
0.0690129
0.576794
0.000262553
0.000856256
9.78204e-07
9.78204e-07
0.000856256
0.000262553
0.0219919
0.0690124
0.0690122
0.576793
0.00026255
0.000856245
9.78193e-07
9.78188e-07
0.000856241
0.000262546
0.0219917
0.0690123
0.0690124
0.000262545
0.000856232
9.78144e-07
9.78147e-07
0.000856235
0.000262548
2.39838e-05
4.28038e-08
3.01097e-07
-5.43823e-10
5.76828e-15
4.07003e-10
1.31628e-18
-6.01292e-13
3.27033e-10
2.65486e-10
-1.12477e-12
-1.12477e-12
2.65485e-10
7.06389e-24
-1.7898e-14
8.91529e-31
8.91533e-31
-1.7898e-14
7.06393e-24
-6.01282e-13
3.01095e-07
4.28034e-08
2.39833e-05
3.27033e-10
1.31628e-18
4.07e-10
5.76819e-15
-5.43807e-10
4.28034e-08
3.01097e-07
5.76822e-15
4.06999e-10
1.31633e-18
-6.01256e-13
3.27034e-10
2.65489e-10
-1.12476e-12
-1.12476e-12
2.65494e-10
7.0649e-24
-1.78977e-14
8.91819e-31
8.91903e-31
-1.78977e-14
7.06665e-24
-6.01285e-13
3.01108e-07
4.28046e-08
2.39839e-05
3.27036e-10
1.31662e-18
4.06997e-10
5.76872e-15
-5.43733e-10
4.28052e-08
3.01117e-07
5.76887e-15
4.07002e-10
1.31675e-18
-6.01249e-13
3.27041e-10
2.65501e-10
-1.12473e-12
-1.12474e-12
2.65501e-10
7.06784e-24
-1.78976e-14
8.92086e-31
8.92087e-31
-1.78975e-14
7.06791e-24
-6.01253e-13
3.01118e-07
4.28052e-08
2.39839e-05
3.27041e-10
1.31678e-18
4.07001e-10
5.76892e-15
-5.43733e-10
4.28048e-08
3.01112e-07
5.76872e-15
4.07e-10
1.31662e-18
-6.01268e-13
3.27036e-10
2.65496e-10
-1.12475e-12
-1.12475e-12
2.65491e-10
7.06665e-24
-1.78976e-14
8.91903e-31
8.91819e-31
-1.78977e-14
7.0649e-24
-6.01231e-13
3.01102e-07
4.28035e-08
2.39833e-05
3.27034e-10
1.31633e-18
4.07004e-10
5.76822e-15
-5.43801e-10
4.28034e-08
3.01095e-07
5.76819e-15
4.07e-10
1.31628e-18
-6.01279e-13
3.27033e-10
2.65485e-10
-1.12477e-12
-1.12477e-12
2.65486e-10
7.06393e-24
-1.7898e-14
8.91533e-31
8.91529e-31
-1.7898e-14
7.06389e-24
-6.01292e-13
3.01097e-07
4.28038e-08
3.27033e-10
1.31628e-18
4.07003e-10
5.76828e-15
0.30148
0.00666737
4.54683e-05
0.00666733
0.30148
0.00666732
4.54687e-05
0.00666738
0.301481
0.00666745
4.54702e-05
0.00666745
0.30148
0.0066674
4.54695e-05
0.00666735
0.30148
0.00666733
4.54683e-05
0.00666737
4.09518e-06
3.28484e-09
1.77406e-11
1.01007e-08
9.04903e-12
-2.07842e-13
-1.14263e-15
-2.0784e-13
4.09513e-06
1.01007e-08
1.77405e-11
3.28481e-09
4.09513e-06
3.28479e-09
1.77407e-11
1.01009e-08
9.04887e-12
-2.07836e-13
-1.14267e-15
-2.07837e-13
4.09525e-06
1.01013e-08
1.77401e-11
3.28482e-09
4.09532e-06
3.28484e-09
1.77406e-11
1.01017e-08
9.04899e-12
-2.07834e-13
-1.14266e-15
-2.07834e-13
4.09532e-06
1.01017e-08
1.77405e-11
3.28484e-09
4.09527e-06
3.28482e-09
1.77405e-11
1.01015e-08
9.04881e-12
-2.07835e-13
-1.14266e-15
-2.07835e-13
4.09516e-06
1.01011e-08
1.77412e-11
3.2848e-09
4.09513e-06
3.28481e-09
1.77405e-11
1.01007e-08
9.04903e-12
-2.0784e-13
-1.14263e-15
-2.07842e-13
4.09518e-06
1.01007e-08
1.77406e-11
3.28484e-09
0.847781
0.776997
0.653995
0.546251
0.461387
0.357378
0.54625
0.461386
0.357378
0.847781
0.776997
0.653995
0.225263
0.349666
0.496581
0.156025
0.120933
0.0857621
0.0945757
0.160297
0.248177
0.0171403
0.0318999
0.0541536
0.0171403
0.0318999
0.0541535
0.0945756
0.160297
0.248177
0.156024
0.120932
0.0857619
0.225263
0.349665
0.496581
0.128436
0.0686136
0.0333886
0.0190063
0.0134617
0.00870399
0.0490717
0.0239392
0.0106306
0.00205222
0.00564264
0.0140962
0.000952884
0.000613908
0.000361355
0.00049112
0.00148425
0.00406882
4.00079e-05
9.04561e-05
0.000186491
4.92444e-05
0.000164424
0.00049659
0.00129896
0.0026635
0.0049767
0.00804538
0.003566
0.00143774
0.000549658
0.000220735
8.05694e-05
0.000549656
0.000220734
8.05694e-05
0.00804537
0.00356599
0.00143773
1.52265e-05
5.53695e-06
1.82679e-06
2.02854e-06
7.51679e-06
2.50584e-05
3.31676e-08
1.39696e-07
5.11249e-07
3.31676e-08
1.39696e-07
5.11248e-07
2.02854e-06
7.51678e-06
2.50584e-05
1.52265e-05
5.53692e-06
1.82678e-06
4.92441e-05
0.000164423
0.000496589
0.0490716
0.0239391
0.0106306
0.0190062
0.0134616
0.00870394
0.128436
0.0686132
0.0333884
0.00129895
0.00266348
0.00497667
4.00076e-05
9.04553e-05
0.000186489
0.000491115
0.00148424
0.00406879
0.00095287
0.0006139
0.000361351
0.00205219
0.00564258
0.014096
0.54625
0.461386
0.357378
0.546251
0.461386
0.357378
0.847781
0.776997
0.653995
0.156024
0.120932
0.0857617
0.0945754
0.160296
0.248176
0.0171402
0.0318998
0.0541534
0.0171402
0.0318999
0.0541536
0.0945756
0.160297
0.248177
0.156025
0.120933
0.085762
0.225264
0.349666
0.496582
0.0190062
0.0134615
0.00870392
0.0490715
0.023939
0.0106306
0.00095287
0.000613899
0.000361351
0.000491114
0.00148424
0.00406878
4.00077e-05
9.04554e-05
0.000186489
4.92443e-05
0.000164423
0.000496589
0.00129895
0.00266348
0.00497666
0.00804536
0.00356599
0.00143773
0.000549657
0.000220735
8.05698e-05
0.000549659
0.000220736
8.05699e-05
0.00804537
0.003566
0.00143774
1.52265e-05
5.53697e-06
1.8268e-06
2.02857e-06
7.51687e-06
2.50586e-05
3.31686e-08
1.39699e-07
5.11257e-07
3.31687e-08
1.397e-07
5.1126e-07
2.02858e-06
7.51689e-06
2.50586e-05
1.52267e-05
5.53703e-06
1.82682e-06
4.92448e-05
0.000164425
0.000496592
0.0490717
0.0239391
0.0106306
0.0190064
0.0134617
0.008704
0.128437
0.0686137
0.0333887
0.00129896
0.0026635
0.0049767
4.00083e-05
9.04567e-05
0.000186492
0.000491122
0.00148426
0.00406882
0.000952888
0.000613911
0.000361357
0.00205223
0.00564266
0.0140962
0.546251
0.461387
0.357379
0.546251
0.461387
0.357379
0.847781
0.776997
0.653995
0.156025
0.120933
0.0857626
0.0945763
0.160298
0.248178
0.0171405
0.0319002
0.0541541
0.0171405
0.0319002
0.0541541
0.0945763
0.160298
0.248178
0.156025
0.120933
0.0857626
0.225264
0.349666
0.496582
0.0190064
0.0134618
0.00870408
0.0490721
0.0239394
0.0106308
0.000952891
0.000613915
0.000361361
0.000491128
0.00148427
0.00406887
4.00092e-05
9.04585e-05
0.000186495
4.92461e-05
0.000164429
0.000496604
0.00129899
0.00266354
0.00497677
0.00804551
0.00356607
0.00143777
0.000549673
0.000220742
8.05725e-05
0.000549673
0.000220742
8.05725e-05
0.00804551
0.00356607
0.00143777
1.52272e-05
5.53721e-06
1.82689e-06
2.02865e-06
7.51716e-06
2.50595e-05
3.31703e-08
1.39706e-07
5.11281e-07
3.31703e-08
1.39706e-07
5.11281e-07
2.02865e-06
7.51716e-06
2.50595e-05
1.52272e-05
5.53721e-06
1.82689e-06
4.92461e-05
0.000164429
0.000496604
0.0490721
0.0239394
0.0106308
0.0190064
0.0134618
0.00870408
0.128437
0.0686137
0.0333887
0.00129899
0.00266354
0.00497677
4.00092e-05
9.04585e-05
0.000186495
0.000491128
0.00148427
0.00406887
0.000952891
0.000613915
0.000361361
0.00205223
0.00564266
0.0140962
0.546251
0.461386
0.357378
0.54625
0.461386
0.357378
0.847781
0.776997
0.653995
0.156025
0.120933
0.0857621
0.0945758
0.160297
0.248177
0.0171403
0.0319
0.0541537
0.0171403
0.0318999
0.0541535
0.0945755
0.160297
0.248177
0.156024
0.120932
0.0857618
0.225263
0.349665
0.496581
0.0190064
0.0134617
0.00870402
0.0490718
0.0239392
0.0106307
0.000952889
0.000613912
0.000361359
0.000491124
0.00148426
0.00406884
4.00088e-05
9.04576e-05
0.000186493
4.92455e-05
0.000164427
0.000496597
0.00129897
0.00266352
0.00497672
0.00804542
0.00356602
0.00143775
0.000549665
0.000220738
8.05712e-05
0.000549663
0.000220738
8.05712e-05
0.00804541
0.00356602
0.00143774
1.5227e-05
5.53714e-06
1.82687e-06
2.02863e-06
7.51706e-06
2.50591e-05
3.31701e-08
1.39705e-07
5.11275e-07
3.317e-08
1.39704e-07
5.11273e-07
2.02862e-06
7.51704e-06
2.50591e-05
1.52268e-05
5.5371e-06
1.82685e-06
4.9245e-05
0.000164425
0.000496595
0.0490716
0.0239391
0.0106306
0.0190062
0.0134616
0.00870395
0.128436
0.0686132
0.0333884
0.00129897
0.0026635
0.00497669
4.00083e-05
9.04565e-05
0.00018649
0.000491118
0.00148425
0.0040688
0.000952871
0.000613901
0.000361353
0.00205219
0.00564258
0.014096
0.54625
0.461386
0.357378
0.546251
0.461387
0.357378
0.156024
0.120932
0.0857619
0.0945756
0.160297
0.248177
0.0171403
0.0318999
0.0541535
0.0171403
0.0318999
0.0541536
0.0945757
0.160297
0.248177
0.156025
0.120933
0.0857621
0.0190062
0.0134616
0.00870394
0.0490716
0.0239391
0.0106306
0.00095287
0.0006139
0.000361351
0.000491115
0.00148424
0.00406879
4.00076e-05
9.04553e-05
0.000186489
4.92441e-05
0.000164423
0.000496589
0.00129895
0.00266348
0.00497667
0.00804537
0.00356599
0.00143773
0.000549656
0.000220734
8.05694e-05
0.000549658
0.000220735
8.05694e-05
0.00804538
0.003566
0.00143774
1.52265e-05
5.53692e-06
1.82678e-06
2.02854e-06
7.51678e-06
2.50584e-05
3.31676e-08
1.39696e-07
5.11248e-07
3.31676e-08
1.39696e-07
5.11249e-07
2.02854e-06
7.51679e-06
2.50584e-05
1.52265e-05
5.53695e-06
1.82679e-06
4.92444e-05
0.000164424
0.00049659
0.0490717
0.0239392
0.0106306
0.0190063
0.0134617
0.00870399
0.00129896
0.0026635
0.0049767
4.00079e-05
9.04561e-05
0.000186491
0.00049112
0.00148425
0.00406882
0.000952884
0.000613908
0.000361355
0.000635087
0.000188755
5.10808e-05
1.92088e-05
1.1122e-05
6.02486e-06
0.000137712
3.73288e-05
9.09881e-06
5.33776e-07
2.50954e-06
1.16096e-05
1.72204e-07
9.86223e-08
5.42873e-08
5.7864e-08
3.85759e-07
1.87588e-06
5.49607e-09
1.43413e-08
2.53899e-08
1.09588e-09
2.55468e-08
1.24215e-07
4.9571e-07
1.23406e-06
2.78394e-06
1.24869e-05
3.07756e-06
6.67592e-07
8.62849e-08
1.26061e-08
3.55276e-09
3.23703e-09
4.87669e-09
2.21772e-09
6.51167e-09
3.83857e-09
-2.22289e-09
3.48217e-11
2.10252e-11
9.44459e-11
6.18433e-14
2.61216e-14
9.97893e-15
-2.3026e-10
2.01979e-10
-2.39247e-10
2.83215e-16
1.00764e-15
3.24242e-15
-1.97615e-11
1.63968e-11
-8.66648e-12
4.25285e-10
1.06464e-09
1.6077e-09
4.12176e-12
4.06663e-10
-3.49775e-10
2.34023e-10
9.29727e-11
3.75429e-11
-1.09662e-11
1.86796e-11
-1.88743e-11
2.63894e-09
1.18991e-09
3.74349e-10
6.65722e-17
1.52214e-17
3.14772e-18
-1.98284e-13
1.02907e-13
1.127e-12
1.37e-20
9.00439e-20
5.35258e-19
1.06331e-13
-9.66891e-14
1.9594e-13
1.6084e-12
3.33233e-12
1.27907e-11
9.66113e-13
-1.07544e-13
1.05833e-13
9.12349e-12
5.45967e-11
1.46204e-10
1.71515e-07
5.85245e-08
1.71691e-08
4.65474e-07
1.0472e-07
1.93469e-08
-1.44877e-10
7.91972e-10
3.23581e-09
-1.0254e-11
1.59063e-11
3.20038e-11
1.73287e-10
1.34182e-09
4.56192e-09
6.92835e-09
1.55856e-09
1.08959e-10
5.45196e-11
2.47403e-11
-8.97854e-12
5.45198e-11
2.47404e-11
-8.97852e-12
6.92834e-09
1.55856e-09
1.08958e-10
4.63295e-12
8.97189e-13
4.70459e-13
3.80506e-13
-2.37415e-13
1.95005e-12
1.98402e-13
-1.70495e-13
3.72629e-13
1.98402e-13
-1.70494e-13
3.72629e-13
3.80503e-13
-2.37416e-13
1.95004e-12
4.63295e-12
8.97203e-13
4.70454e-13
-1.02539e-11
1.59063e-11
3.20036e-11
4.47822e-13
-5.13559e-14
1.58152e-13
2.93177e-13
-1.61588e-13
1.72516e-13
1.68532e-21
2.08594e-22
2.33506e-23
1.2166e-14
-1.10202e-14
1.24175e-14
1.55856e-26
1.89234e-25
2.07802e-24
9.13078e-16
-8.30591e-16
-6.90151e-17
1.68642e-14
-1.48867e-14
2.52025e-14
2.11129e-14
-1.64718e-14
1.77073e-14
3.04562e-16
-1.00604e-15
1.17541e-15
3.04569e-16
-1.00604e-15
1.17542e-15
2.11127e-14
-1.64717e-14
1.77072e-14
1.00338e-27
6.72271e-29
4.07378e-30
-1.34779e-17
5.03614e-18
-1.21789e-16
4.16985e-34
9.35274e-33
1.89729e-31
4.16986e-34
9.35276e-33
1.8973e-31
-1.34771e-17
5.03563e-18
-1.21788e-16
1.00339e-27
6.72275e-29
4.0738e-30
9.13074e-16
-8.30588e-16
-6.90139e-17
2.93175e-13
-1.61587e-13
1.72515e-13
4.47818e-13
-5.13549e-14
1.5815e-13
9.66096e-13
-1.07537e-13
1.05826e-13
1.68642e-14
-1.48867e-14
2.52024e-14
1.55857e-26
1.89235e-25
2.07803e-24
1.21659e-14
-1.10201e-14
1.24173e-14
1.68532e-21
2.08594e-22
2.33507e-23
1.06329e-13
-9.66881e-14
1.95939e-13
0.000137711
3.73283e-05
9.0987e-06
1.92085e-05
1.11219e-05
6.02478e-06
0.000635077
0.000188751
5.10799e-05
1.24868e-05
3.07753e-06
6.67586e-07
4.95705e-07
1.23404e-06
2.7839e-06
1.09585e-09
2.55466e-08
1.24214e-07
5.49606e-09
1.43412e-08
2.53897e-08
5.7863e-08
3.85754e-07
1.87585e-06
1.72201e-07
9.86208e-08
5.42866e-08
5.33765e-07
2.50949e-06
1.16094e-05
4.65472e-07
1.04719e-07
1.93467e-08
1.71514e-07
5.85241e-08
1.71691e-08
1.73289e-10
1.34181e-09
4.5619e-09
9.1237e-12
5.45969e-11
1.46204e-10
-1.44878e-10
7.91969e-10
3.23579e-09
2.63894e-09
1.18991e-09
3.74352e-10
-1.09661e-11
1.86795e-11
-1.88742e-11
2.34022e-10
9.29722e-11
3.75428e-11
4.11941e-12
4.06661e-10
-3.49773e-10
1.60839e-12
3.33231e-12
1.27907e-11
1.37e-20
9.00439e-20
5.35258e-19
-1.98277e-13
1.029e-13
1.12701e-12
6.65718e-17
1.52214e-17
3.14771e-18
-1.97612e-11
1.63965e-11
-8.66609e-12
6.51154e-09
3.83854e-09
-2.22288e-09
3.23698e-09
4.87664e-09
2.2177e-09
8.62831e-08
1.26058e-08
3.55269e-09
4.25283e-10
1.06464e-09
1.60769e-09
2.83213e-16
1.00763e-15
3.24237e-15
-2.30258e-10
2.01977e-10
-2.39243e-10
6.18417e-14
2.61211e-14
9.97875e-15
3.48191e-11
2.10264e-11
9.44384e-11
1.92085e-05
1.11218e-05
6.02478e-06
0.000137711
3.73284e-05
9.0987e-06
1.72201e-07
9.86208e-08
5.42867e-08
5.78632e-08
3.85755e-07
1.87586e-06
5.49609e-09
1.43413e-08
2.53898e-08
1.09589e-09
2.55468e-08
1.24215e-07
4.95708e-07
1.23405e-06
2.78391e-06
1.24868e-05
3.07755e-06
6.67591e-07
3.23698e-09
4.87663e-09
2.21769e-09
6.51159e-09
3.83853e-09
-2.22287e-09
6.18418e-14
2.61211e-14
9.97879e-15
-2.30257e-10
2.01976e-10
-2.39242e-10
2.83217e-16
1.00764e-15
3.2424e-15
-1.97613e-11
1.63966e-11
-8.66627e-12
4.25284e-10
1.06463e-09
1.60769e-09
4.12826e-12
4.06661e-10
-3.49772e-10
2.34022e-10
9.29727e-11
3.7543e-11
-1.0966e-11
1.86797e-11
-1.88743e-11
2.63896e-09
1.18992e-09
3.74355e-10
6.65731e-17
1.52218e-17
3.14781e-18
-1.98302e-13
1.02922e-13
1.12697e-12
1.37008e-20
9.00482e-20
5.35279e-19
1.06327e-13
-9.66858e-14
1.95935e-13
1.6084e-12
3.33237e-12
1.27908e-11
9.66063e-13
-1.07519e-13
1.05809e-13
9.12391e-12
5.45973e-11
1.46206e-10
1.71516e-07
5.85249e-08
1.71694e-08
4.6548e-07
1.04721e-07
1.93472e-08
-1.44875e-10
7.91983e-10
3.23587e-09
-1.02539e-11
1.59065e-11
3.20055e-11
1.73299e-10
1.34185e-09
4.56201e-09
6.92859e-09
1.55861e-09
1.08969e-10
5.45222e-11
2.47409e-11
-8.97822e-12
5.45244e-11
2.4741e-11
-8.97818e-12
6.92865e-09
1.55865e-09
1.0898e-10
4.63298e-12
8.97216e-13
4.70456e-13
3.80504e-13
-2.37409e-13
1.95004e-12
1.98398e-13
-1.7049e-13
3.72623e-13
1.98398e-13
-1.70491e-13
3.72621e-13
3.80503e-13
-2.37405e-13
1.95005e-12
4.63293e-12
8.97184e-13
4.70458e-13
-1.02538e-11
1.5907e-11
3.2008e-11
4.47823e-13
-5.13517e-14
1.58149e-13
2.9317e-13
-1.61584e-13
1.72512e-13
1.68544e-21
2.08615e-22
2.33536e-23
1.21657e-14
-1.102e-14
1.24171e-14
1.5589e-26
1.89269e-25
2.07835e-24
9.13102e-16
-8.3061e-16
-6.89591e-17
1.68639e-14
-1.48863e-14
2.52018e-14
2.11122e-14
-1.64714e-14
1.77069e-14
3.04606e-16
-1.00606e-15
1.17543e-15
3.04607e-16
-1.00606e-15
1.17543e-15
2.11121e-14
-1.64714e-14
1.77069e-14
1.00363e-27
6.72458e-29
4.07504e-30
-1.34727e-17
5.03156e-18
-1.21781e-16
4.17156e-34
9.35625e-33
1.89794e-31
4.17163e-34
9.3567e-33
1.89809e-31
-1.34712e-17
5.03007e-18
-1.2178e-16
1.0038e-27
6.7255e-29
4.07549e-30
9.13098e-16
-8.30605e-16
-6.89674e-17
2.9317e-13
-1.61585e-13
1.72512e-13
4.47805e-13
-5.1357e-14
1.58148e-13
9.66116e-13
-1.07534e-13
1.05829e-13
1.68638e-14
-1.48863e-14
2.52016e-14
1.55919e-26
1.89309e-25
2.07884e-24
1.21658e-14
-1.102e-14
1.24171e-14
1.68595e-21
2.08673e-22
2.33597e-23
1.06329e-13
-9.66877e-14
1.95938e-13
0.000137713
3.73292e-05
9.09895e-06
1.9209e-05
1.11221e-05
6.02495e-06
0.00063509
0.000188756
5.10811e-05
1.2487e-05
3.07762e-06
6.67613e-07
4.95726e-07
1.23409e-06
2.78399e-06
1.09609e-09
2.55479e-08
1.2422e-07
5.49624e-09
1.43416e-08
2.53906e-08
5.78659e-08
3.85768e-07
1.87591e-06
1.72206e-07
9.86238e-08
5.42884e-08
5.33779e-07
2.50955e-06
1.16097e-05
4.65486e-07
1.04724e-07
1.9348e-08
1.71522e-07
5.85272e-08
1.71701e-08
1.7331e-10
1.3419e-09
4.56221e-09
9.12374e-12
5.45972e-11
1.46206e-10
-1.4487e-10
7.92023e-10
3.23604e-09
2.63901e-09
1.18993e-09
3.74358e-10
-1.09641e-11
1.86795e-11
-1.8874e-11
2.34019e-10
9.29709e-11
3.7542e-11
4.17021e-12
4.06665e-10
-3.4977e-10
1.60834e-12
3.33222e-12
1.27904e-11
1.37048e-20
9.00719e-20
5.35405e-19
-1.9826e-13
1.02885e-13
1.12704e-12
6.65837e-17
1.52246e-17
3.14846e-18
-1.97611e-11
1.63964e-11
-8.66568e-12
6.51206e-09
3.83862e-09
-2.22287e-09
3.23708e-09
4.8767e-09
2.21773e-09
8.62854e-08
1.26063e-08
3.55271e-09
4.25281e-10
1.06463e-09
1.6077e-09
2.83255e-16
1.00775e-15
3.24271e-15
-2.30258e-10
2.01977e-10
-2.39242e-10
6.18445e-14
2.61227e-14
9.97956e-15
3.48153e-11
2.1031e-11
9.44404e-11
1.9209e-05
1.11222e-05
6.02503e-06
0.000137715
3.73297e-05
9.09908e-06
1.72206e-07
9.86246e-08
5.4289e-08
5.7867e-08
3.85774e-07
1.87594e-06
5.49635e-09
1.43419e-08
2.5391e-08
1.09622e-09
2.55488e-08
1.24224e-07
4.9574e-07
1.23412e-06
2.78404e-06
1.24874e-05
3.07771e-06
6.67633e-07
3.23709e-09
4.87674e-09
2.21775e-09
6.51222e-09
3.83867e-09
-2.22288e-09
6.18448e-14
2.6123e-14
9.97977e-15
-2.3026e-10
2.01979e-10
-2.39244e-10
2.83271e-16
1.0078e-15
3.24281e-15
-1.97614e-11
1.63967e-11
-8.66603e-12
4.2529e-10
1.06465e-09
1.60772e-09
4.1848e-12
4.06672e-10
-3.49773e-10
2.34024e-10
9.29727e-11
3.75429e-11
-1.0964e-11
1.868e-11
-1.88743e-11
2.63906e-09
1.18996e-09
3.74368e-10
6.65882e-17
1.52258e-17
3.14876e-18
-1.98286e-13
1.02907e-13
1.12702e-12
1.37067e-20
9.00831e-20
5.35464e-19
1.06326e-13
-9.66855e-14
1.95935e-13
1.60836e-12
3.33232e-12
1.27906e-11
9.66083e-13
-1.07508e-13
1.05802e-13
9.12421e-12
5.45984e-11
1.46209e-10
1.71528e-07
5.85295e-08
1.71709e-08
4.65504e-07
1.04728e-07
1.93489e-08
-1.44867e-10
7.92057e-10
3.23622e-09
-1.02539e-11
1.59076e-11
3.20105e-11
1.73327e-10
1.34196e-09
4.56244e-09
6.92902e-09
1.55873e-09
1.08997e-10
5.45279e-11
2.4742e-11
-8.97807e-12
5.4528e-11
2.4742e-11
-8.97806e-12
6.92902e-09
1.55873e-09
1.08997e-10
4.63302e-12
8.97241e-13
4.70449e-13
3.8049e-13
-2.37388e-13
1.95006e-12
1.98395e-13
-1.70488e-13
3.72619e-13
1.98395e-13
-1.70488e-13
3.72619e-13
3.80491e-13
-2.37389e-13
1.95006e-12
4.63302e-12
8.97235e-13
4.70451e-13
-1.02538e-11
1.59076e-11
3.20106e-11
4.47809e-13
-5.13514e-14
1.58146e-13
2.93166e-13
-1.61582e-13
1.72509e-13
1.6862e-21
2.08706e-22
2.33635e-23
1.21657e-14
-1.10199e-14
1.24171e-14
1.55948e-26
1.89343e-25
2.0792e-24
9.13093e-16
-8.30601e-16
-6.89657e-17
1.68637e-14
-1.48862e-14
2.52017e-14
2.11121e-14
-1.64713e-14
1.77068e-14
3.04601e-16
-1.00605e-15
1.17542e-15
3.04597e-16
-1.00605e-15
1.17542e-15
2.11121e-14
-1.64713e-14
1.77067e-14
1.00399e-27
6.72681e-29
4.07631e-30
-1.3468e-17
5.02726e-18
-1.21776e-16
4.17255e-34
9.35871e-33
1.89848e-31
4.17255e-34
9.35871e-33
1.89848e-31
-1.34683e-17
5.02759e-18
-1.21776e-16
1.00399e-27
6.72683e-29
4.07632e-30
9.13085e-16
-8.30594e-16
-6.89786e-17
2.93166e-13
-1.61582e-13
1.7251e-13
4.47808e-13
-5.13522e-14
1.58146e-13
9.66087e-13
-1.0751e-13
1.05804e-13
1.68637e-14
-1.48862e-14
2.52016e-14
1.55949e-26
1.89344e-25
2.07921e-24
1.21657e-14
-1.10199e-14
1.24171e-14
1.68623e-21
2.08709e-22
2.33638e-23
1.06327e-13
-9.66859e-14
1.95936e-13
0.000137715
3.73297e-05
9.09909e-06
1.9209e-05
1.11222e-05
6.02503e-06
0.00063509
0.000188756
5.10811e-05
1.24874e-05
3.07771e-06
6.67634e-07
4.9574e-07
1.23412e-06
2.78404e-06
1.09623e-09
2.55488e-08
1.24224e-07
5.49636e-09
1.43419e-08
2.5391e-08
5.78672e-08
3.85775e-07
1.87595e-06
1.72206e-07
9.86247e-08
5.42891e-08
5.33779e-07
2.50955e-06
1.16097e-05
4.65504e-07
1.04728e-07
1.93489e-08
1.71528e-07
5.85296e-08
1.71709e-08
1.73328e-10
1.34197e-09
4.56245e-09
9.12422e-12
5.45984e-11
1.4621e-10
-1.44867e-10
7.92059e-10
3.23623e-09
2.63906e-09
1.18996e-09
3.74369e-10
-1.09639e-11
1.86799e-11
-1.88742e-11
2.34023e-10
9.29724e-11
3.75427e-11
4.18805e-12
4.06672e-10
-3.49773e-10
1.60836e-12
3.3323e-12
1.27906e-11
1.3707e-20
9.00847e-20
5.35473e-19
-1.9828e-13
1.02901e-13
1.12703e-12
6.65892e-17
1.5226e-17
3.14881e-18
-1.97613e-11
1.63966e-11
-8.66587e-12
6.51226e-09
3.83867e-09
-2.22288e-09
3.23709e-09
4.87673e-09
2.21775e-09
8.62855e-08
1.26063e-08
3.55271e-09
4.25289e-10
1.06465e-09
1.60772e-09
2.83274e-16
1.00781e-15
3.24284e-15
-2.3026e-10
2.01979e-10
-2.39243e-10
6.18448e-14
2.61231e-14
9.97984e-15
3.48149e-11
2.10314e-11
9.44398e-11
1.9209e-05
1.11222e-05
6.02498e-06
0.000137714
3.73294e-05
9.09899e-06
1.72206e-07
9.8624e-08
5.42885e-08
5.78661e-08
3.8577e-07
1.87592e-06
5.49627e-09
1.43417e-08
2.53907e-08
1.09613e-09
2.55482e-08
1.24221e-07
4.95731e-07
1.2341e-06
2.78401e-06
1.24872e-05
3.07767e-06
6.67622e-07
3.23707e-09
4.8767e-09
2.21774e-09
6.51209e-09
3.83863e-09
-2.22287e-09
6.18445e-14
2.61227e-14
9.97956e-15
-2.30259e-10
2.01978e-10
-2.39243e-10
2.83255e-16
1.00775e-15
3.24271e-15
-1.97614e-11
1.63966e-11
-8.66614e-12
4.25287e-10
1.06464e-09
1.60771e-09
4.1709e-12
4.06668e-10
-3.49772e-10
2.34022e-10
9.29724e-11
3.75427e-11
-1.09644e-11
1.86798e-11
-1.88742e-11
2.63902e-09
1.18994e-09
3.74361e-10
6.65837e-17
1.52246e-17
3.14846e-18
-1.98294e-13
1.02915e-13
1.12699e-12
1.37048e-20
9.00719e-20
5.35405e-19
1.06327e-13
-9.66861e-14
1.95935e-13
1.60837e-12
3.33231e-12
1.27906e-11
9.66093e-13
-1.07526e-13
1.0582e-13
9.12393e-12
5.45974e-11
1.46207e-10
1.71525e-07
5.85282e-08
1.71705e-08
4.65498e-07
1.04726e-07
1.93484e-08
-1.44868e-10
7.92034e-10
3.23613e-09
-1.02536e-11
1.59071e-11
3.20096e-11
1.73318e-10
1.34193e-09
4.56231e-09
6.92894e-09
1.5587e-09
1.0899e-10
5.45259e-11
2.47412e-11
-8.97805e-12
5.45238e-11
2.47411e-11
-8.9781e-12
6.92889e-09
1.55867e-09
1.08979e-10
4.63295e-12
8.97189e-13
4.70459e-13
3.80501e-13
-2.37402e-13
1.95005e-12
1.98397e-13
-1.7049e-13
3.72619e-13
1.98397e-13
-1.70489e-13
3.72621e-13
3.80499e-13
-2.37403e-13
1.95003e-12
4.633e-12
8.97228e-13
4.70452e-13
-1.02538e-11
1.59067e-11
3.20071e-11
4.4781e-13
-5.13547e-14
1.58147e-13
2.93168e-13
-1.61584e-13
1.72511e-13
1.68595e-21
2.08673e-22
2.33597e-23
1.21656e-14
-1.10199e-14
1.24169e-14
1.55919e-26
1.89309e-25
2.07884e-24
9.13081e-16
-8.30591e-16
-6.89785e-17
1.68637e-14
-1.48862e-14
2.52015e-14
2.1112e-14
-1.64713e-14
1.77068e-14
3.04605e-16
-1.00605e-15
1.17542e-15
3.04605e-16
-1.00605e-15
1.17542e-15
2.11122e-14
-1.64713e-14
1.77068e-14
1.0038e-27
6.7255e-29
4.07549e-30
-1.34703e-17
5.02949e-18
-1.21779e-16
4.17163e-34
9.3567e-33
1.89809e-31
4.17156e-34
9.35625e-33
1.89794e-31
-1.34717e-17
5.03081e-18
-1.21779e-16
1.00363e-27
6.72458e-29
4.07504e-30
9.13097e-16
-8.30606e-16
-6.89545e-17
2.93168e-13
-1.61583e-13
1.7251e-13
4.47828e-13
-5.1349e-14
1.58148e-13
9.66032e-13
-1.07504e-13
1.05793e-13
1.68638e-14
-1.48863e-14
2.52019e-14
1.5589e-26
1.89269e-25
2.07835e-24
1.21657e-14
-1.10199e-14
1.24171e-14
1.68544e-21
2.08615e-22
2.33536e-23
1.06325e-13
-9.6684e-14
1.95932e-13
0.000137712
3.73286e-05
9.09877e-06
1.92085e-05
1.11219e-05
6.02482e-06
0.000635077
0.000188751
5.10799e-05
1.2487e-05
3.0776e-06
6.67602e-07
4.95715e-07
1.23406e-06
2.78393e-06
1.09595e-09
2.55471e-08
1.24217e-07
5.49611e-09
1.43413e-08
2.53899e-08
5.78636e-08
3.85757e-07
1.87587e-06
1.72201e-07
9.8621e-08
5.42868e-08
5.33765e-07
2.50949e-06
1.16094e-05
4.65493e-07
1.04724e-07
1.93477e-08
1.71519e-07
5.8526e-08
1.71698e-08
1.73307e-10
1.34188e-09
4.56212e-09
9.12399e-12
5.45976e-11
1.46206e-10
-1.44873e-10
7.91995e-10
3.23597e-09
2.63897e-09
1.18992e-09
3.74357e-10
-1.09664e-11
1.868e-11
-1.88746e-11
2.34025e-10
9.29743e-11
3.75437e-11
4.12979e-12
4.06664e-10
-3.49774e-10
1.60842e-12
3.33247e-12
1.2791e-11
1.37008e-20
9.00482e-20
5.35279e-19
-1.98349e-13
1.02964e-13
1.1269e-12
6.65731e-17
1.52218e-17
3.14781e-18
-1.97618e-11
1.6397e-11
-8.66701e-12
6.51165e-09
3.83854e-09
-2.22286e-09
3.23698e-09
4.87663e-09
2.21771e-09
8.62831e-08
1.26058e-08
3.55268e-09
4.2529e-10
1.06464e-09
1.6077e-09
2.83217e-16
1.00764e-15
3.2424e-15
-2.30258e-10
2.01977e-10
-2.39243e-10
6.18418e-14
2.61211e-14
9.97879e-15
3.48188e-11
2.10267e-11
9.44383e-11
1.92085e-05
1.11219e-05
6.02478e-06
0.000137711
3.73283e-05
9.09869e-06
1.72201e-07
9.86208e-08
5.42867e-08
5.7863e-08
3.85754e-07
1.87585e-06
5.49606e-09
1.43412e-08
2.53897e-08
1.09585e-09
2.55466e-08
1.24214e-07
4.95705e-07
1.23404e-06
2.7839e-06
1.24868e-05
3.07753e-06
6.67586e-07
3.23699e-09
4.87664e-09
2.2177e-09
6.51154e-09
3.83853e-09
-2.22288e-09
6.18417e-14
2.61211e-14
9.97875e-15
-2.30258e-10
2.01977e-10
-2.39242e-10
2.83213e-16
1.00763e-15
3.24237e-15
-1.97613e-11
1.63965e-11
-8.66611e-12
4.25283e-10
1.06464e-09
1.60769e-09
4.11938e-12
4.06661e-10
-3.49773e-10
2.34022e-10
9.29722e-11
3.75428e-11
-1.09662e-11
1.86795e-11
-1.88742e-11
2.63894e-09
1.18991e-09
3.74352e-10
6.65718e-17
1.52214e-17
3.14771e-18
-1.98279e-13
1.02901e-13
1.12701e-12
1.37e-20
9.00439e-20
5.35258e-19
1.06329e-13
-9.66879e-14
1.95938e-13
1.60839e-12
3.33232e-12
1.27907e-11
9.66092e-13
-1.07535e-13
1.05824e-13
9.12369e-12
5.45969e-11
1.46204e-10
1.71514e-07
5.85241e-08
1.71691e-08
4.65472e-07
1.04719e-07
1.93467e-08
-1.44878e-10
7.91969e-10
3.23579e-09
-1.02539e-11
1.59063e-11
3.20036e-11
1.73289e-10
1.34181e-09
4.5619e-09
6.92834e-09
1.55856e-09
1.08958e-10
5.45198e-11
2.47404e-11
-8.97852e-12
5.45197e-11
2.47403e-11
-8.97853e-12
6.92835e-09
1.55856e-09
1.08959e-10
4.63295e-12
8.97205e-13
4.70452e-13
3.80502e-13
-2.37414e-13
1.95003e-12
1.98402e-13
-1.70494e-13
3.72629e-13
1.98402e-13
-1.70494e-13
3.72628e-13
3.80505e-13
-2.37415e-13
1.95004e-12
4.63295e-12
8.97189e-13
4.70458e-13
-1.02539e-11
1.59063e-11
3.20038e-11
4.47818e-13
-5.13547e-14
1.5815e-13
2.93175e-13
-1.61587e-13
1.72514e-13
1.68532e-21
2.08594e-22
2.33507e-23
1.21659e-14
-1.10201e-14
1.24173e-14
1.55857e-26
1.89235e-25
2.07803e-24
9.13075e-16
-8.30588e-16
-6.90111e-17
1.68642e-14
-1.48866e-14
2.52024e-14
2.11127e-14
-1.64717e-14
1.77072e-14
3.04571e-16
-1.00604e-15
1.17542e-15
3.04564e-16
-1.00604e-15
1.17541e-15
2.11128e-14
-1.64718e-14
1.77073e-14
1.00339e-27
6.72275e-29
4.0738e-30
-1.34769e-17
5.03548e-18
-1.21788e-16
4.16986e-34
9.35276e-33
1.8973e-31
4.16985e-34
9.35274e-33
1.89729e-31
-1.34777e-17
5.03603e-18
-1.21789e-16
1.00338e-27
6.72271e-29
4.07378e-30
9.13077e-16
-8.3059e-16
-6.90148e-17
2.93177e-13
-1.61588e-13
1.72516e-13
4.47822e-13
-5.13558e-14
1.58152e-13
9.66113e-13
-1.07545e-13
1.05834e-13
1.68642e-14
-1.48867e-14
2.52025e-14
1.55856e-26
1.89234e-25
2.07802e-24
1.2166e-14
-1.10202e-14
1.24175e-14
1.68532e-21
2.08594e-22
2.33506e-23
1.06331e-13
-9.66891e-14
1.9594e-13
0.000137712
3.73288e-05
9.09881e-06
1.92088e-05
1.1122e-05
6.02486e-06
1.24869e-05
3.07756e-06
6.67592e-07
4.9571e-07
1.23406e-06
2.78394e-06
1.09588e-09
2.55468e-08
1.24215e-07
5.49607e-09
1.43413e-08
2.53899e-08
5.7864e-08
3.85759e-07
1.87588e-06
1.72204e-07
9.86223e-08
5.42873e-08
4.65474e-07
1.0472e-07
1.93469e-08
1.71515e-07
5.85245e-08
1.71691e-08
1.73288e-10
1.34182e-09
4.56192e-09
9.12351e-12
5.45967e-11
1.46204e-10
-1.44877e-10
7.91972e-10
3.23581e-09
2.63894e-09
1.18991e-09
3.74349e-10
-1.09662e-11
1.86796e-11
-1.88743e-11
2.34023e-10
9.29727e-11
3.75429e-11
4.12175e-12
4.06663e-10
-3.49775e-10
1.6084e-12
3.33233e-12
1.27907e-11
1.37e-20
9.00439e-20
5.35258e-19
-1.98284e-13
1.02907e-13
1.127e-12
6.65722e-17
1.52214e-17
3.14772e-18
-1.97615e-11
1.63968e-11
-8.66648e-12
6.51167e-09
3.83857e-09
-2.22289e-09
3.23703e-09
4.87669e-09
2.21772e-09
4.25285e-10
1.06464e-09
1.6077e-09
2.83215e-16
1.00764e-15
3.24242e-15
-2.3026e-10
2.01979e-10
-2.39247e-10
6.18433e-14
2.61216e-14
9.97893e-15
0.831727
0.751822
0.62399
0.751821
0.661826
0.534699
0.62399
0.534699
0.420284
0.466745
0.32395
0.205639
0.388573
0.262264
0.161821
0.296528
0.194494
0.116557
0.20265
0.128874
0.0748443
0.128874
0.0795388
0.0448081
0.0748442
0.044808
0.0244764
0.466744
0.388573
0.296528
0.323949
0.262263
0.194493
0.205639
0.161821
0.116557
0.11542
0.060724
0.0291024
0.0880949
0.045005
0.020939
0.0615015
0.0304878
0.013762
0.0120848
0.0047618
0.00170492
0.00842233
0.0032207
0.00111777
0.0053587
0.00198725
0.000668361
0.00301083
0.00108057
0.000351297
0.00158476
0.000551028
0.00017348
0.000759981
0.000256061
7.79426e-05
0.0381818
0.018325
0.00800636
0.0221252
0.0102925
0.00435737
0.011693
0.00527036
0.0021616
0.00539177
0.00234962
0.000931364
0.00234962
0.000991616
0.000380541
0.000931363
0.00038054
0.000141315
0.000315884
0.000102881
3.02344e-05
0.000124754
3.93483e-05
1.11839e-05
4.47471e-05
1.36684e-05
3.74574e-06
1.36746e-05
4.03771e-06
1.06829e-06
4.03771e-06
1.15516e-06
2.95049e-07
1.06829e-06
2.95049e-07
7.25687e-08
0.000315883
0.000124754
4.47471e-05
0.000102881
3.93482e-05
1.36684e-05
3.02342e-05
1.11838e-05
3.74573e-06
0.115419
0.0880946
0.0615013
0.0607237
0.0450048
0.0304877
0.0291022
0.0209389
0.013762
0.0381817
0.0221251
0.011693
0.018325
0.0102925
0.00527035
0.00800633
0.00435735
0.00216159
0.00301081
0.00158475
0.000759978
0.00108056
0.000551025
0.00025606
0.000351294
0.000173478
7.79421e-05
0.0120847
0.00842227
0.00535866
0.00476175
0.00322067
0.00198723
0.0017049
0.00111776
0.000668354
0.831727
0.751821
0.62399
0.751821
0.661826
0.534698
0.62399
0.534699
0.420283
0.466744
0.323949
0.205639
0.388572
0.262263
0.16182
0.296527
0.194493
0.116557
0.20265
0.128873
0.074844
0.128873
0.0795386
0.0448079
0.0748442
0.044808
0.0244763
0.466745
0.388573
0.296528
0.32395
0.262263
0.194493
0.205639
0.161821
0.116557
0.115419
0.0607236
0.0291021
0.0880945
0.0450047
0.0209388
0.0615012
0.0304876
0.0137619
0.0120847
0.00476175
0.0017049
0.00842225
0.00322067
0.00111776
0.00535865
0.00198723
0.000668353
0.0030108
0.00108056
0.000351294
0.00158475
0.000551024
0.000173478
0.000759978
0.00025606
7.79423e-05
0.0381816
0.0183249
0.00800631
0.0221251
0.0102925
0.00435734
0.011693
0.00527035
0.00216159
0.00539177
0.00234962
0.000931363
0.00234962
0.000991617
0.000380541
0.000931366
0.000380542
0.000141316
0.000315884
0.000102881
3.02343e-05
0.000124755
3.93484e-05
1.11839e-05
4.47474e-05
1.36685e-05
3.74577e-06
1.36748e-05
4.03776e-06
1.06831e-06
4.03777e-06
1.15518e-06
2.95055e-07
1.06831e-06
2.95056e-07
7.25707e-08
0.000315886
0.000124755
4.47475e-05
0.000102882
3.93486e-05
1.36686e-05
3.02346e-05
1.1184e-05
3.7458e-06
0.11542
0.0880949
0.0615015
0.0607241
0.045005
0.0304878
0.0291024
0.020939
0.013762
0.0381817
0.0221251
0.011693
0.018325
0.0102925
0.00527036
0.00800637
0.00435737
0.0021616
0.00301083
0.00158476
0.000759983
0.00108057
0.00055103
0.000256062
0.000351299
0.000173481
7.79432e-05
0.0120848
0.00842235
0.00535871
0.00476182
0.00322071
0.00198725
0.00170493
0.00111778
0.000668363
0.831727
0.751822
0.623991
0.751822
0.661826
0.5347
0.623991
0.5347
0.420285
0.466745
0.32395
0.20564
0.388574
0.262264
0.161821
0.296529
0.194494
0.116558
0.202651
0.128874
0.0748448
0.128874
0.0795394
0.0448085
0.0748448
0.0448085
0.0244767
0.466745
0.388574
0.296529
0.32395
0.262264
0.194494
0.20564
0.161821
0.116558
0.11542
0.0607242
0.0291025
0.0880953
0.0450052
0.0209391
0.0615019
0.030488
0.0137622
0.0120849
0.00476183
0.00170493
0.0084224
0.00322073
0.00111779
0.00535876
0.00198727
0.000668371
0.00301087
0.00108058
0.000351304
0.00158479
0.00055104
0.000173484
0.000759999
0.000256068
7.79451e-05
0.0381821
0.0183252
0.00800647
0.0221254
0.0102927
0.00435744
0.0116932
0.00527046
0.00216164
0.00539187
0.00234967
0.000931388
0.00234967
0.000991642
0.000380552
0.000931388
0.000380552
0.00014132
0.000315894
0.000102885
3.02355e-05
0.000124759
3.93498e-05
1.11844e-05
4.47489e-05
1.3669e-05
3.74593e-06
1.36753e-05
4.03793e-06
1.06835e-06
4.03793e-06
1.15523e-06
2.95069e-07
1.06835e-06
2.95069e-07
7.25742e-08
0.000315894
0.000124759
4.47489e-05
0.000102885
3.93498e-05
1.3669e-05
3.02355e-05
1.11844e-05
3.74593e-06
0.11542
0.0880953
0.0615019
0.0607242
0.0450052
0.030488
0.0291025
0.0209391
0.0137622
0.0381821
0.0221254
0.0116932
0.0183252
0.0102927
0.00527046
0.00800647
0.00435744
0.00216164
0.00301087
0.00158479
0.000759999
0.00108058
0.00055104
0.000256068
0.000351304
0.000173484
7.79451e-05
0.0120849
0.0084224
0.00535876
0.00476183
0.00322073
0.00198727
0.00170493
0.00111779
0.000668371
0.831727
0.751821
0.62399
0.751821
0.661826
0.534699
0.62399
0.534698
0.420283
0.466745
0.32395
0.205639
0.388573
0.262263
0.161821
0.296528
0.194494
0.116557
0.20265
0.128874
0.0748443
0.128874
0.0795388
0.0448081
0.0748442
0.0448081
0.0244764
0.466744
0.388572
0.296528
0.323949
0.262263
0.194493
0.205639
0.16182
0.116557
0.11542
0.0607241
0.0291024
0.088095
0.0450051
0.0209391
0.0615016
0.0304879
0.0137621
0.0120848
0.00476182
0.00170493
0.00842236
0.00322072
0.00111778
0.00535872
0.00198726
0.000668366
0.00301085
0.00108058
0.000351301
0.00158477
0.000551035
0.000173482
0.00075999
0.000256065
7.79442e-05
0.0381818
0.0183251
0.0080064
0.0221252
0.0102926
0.00435739
0.0116931
0.00527039
0.00216162
0.0053918
0.00234964
0.000931375
0.00234964
0.000991628
0.000380546
0.000931373
0.000380546
0.000141318
0.000315889
0.000102883
3.02351e-05
0.000124757
3.93493e-05
1.11842e-05
4.47482e-05
1.36688e-05
3.74588e-06
1.36751e-05
4.03787e-06
1.06834e-06
4.03786e-06
1.15521e-06
2.95066e-07
1.06834e-06
2.95065e-07
7.25735e-08
0.000315888
0.000124757
4.47482e-05
0.000102883
3.93491e-05
1.36688e-05
3.02349e-05
1.11842e-05
3.74586e-06
0.115419
0.0880946
0.0615013
0.0607237
0.0450048
0.0304877
0.0291022
0.0209389
0.013762
0.0381817
0.0221252
0.0116931
0.018325
0.0102925
0.00527038
0.00800635
0.00435737
0.00216161
0.00301082
0.00158476
0.000759986
0.00108056
0.000551029
0.000256063
0.000351297
0.00017348
7.79434e-05
0.0120847
0.00842227
0.00535867
0.00476175
0.00322068
0.00198724
0.0017049
0.00111776
0.000668356
0.831727
0.751821
0.62399
0.751822
0.661826
0.534699
0.62399
0.534699
0.420284
0.466744
0.323949
0.205639
0.388573
0.262263
0.161821
0.296528
0.194493
0.116557
0.20265
0.128874
0.0748442
0.128874
0.0795388
0.044808
0.0748443
0.0448081
0.0244764
0.466745
0.388573
0.296528
0.32395
0.262264
0.194494
0.205639
0.161821
0.116557
0.115419
0.0607237
0.0291022
0.0880946
0.0450048
0.0209389
0.0615013
0.0304877
0.013762
0.0120847
0.00476175
0.0017049
0.00842227
0.00322067
0.00111776
0.00535866
0.00198723
0.000668354
0.00301081
0.00108056
0.000351294
0.00158475
0.000551025
0.000173478
0.000759978
0.00025606
7.79421e-05
0.0381817
0.018325
0.00800633
0.0221251
0.0102925
0.00435735
0.011693
0.00527035
0.00216159
0.00539177
0.00234962
0.000931363
0.00234962
0.000991616
0.00038054
0.000931364
0.000380541
0.000141315
0.000315883
0.000102881
3.02342e-05
0.000124754
3.93482e-05
1.11838e-05
4.47471e-05
1.36684e-05
3.74573e-06
1.36746e-05
4.03771e-06
1.06829e-06
4.03771e-06
1.15516e-06
2.95049e-07
1.06829e-06
2.95049e-07
7.25687e-08
0.000315884
0.000124754
4.47471e-05
0.000102881
3.93483e-05
1.36684e-05
3.02344e-05
1.11839e-05
3.74574e-06
0.11542
0.0880949
0.0615015
0.060724
0.045005
0.0304878
0.0291024
0.020939
0.013762
0.0381818
0.0221252
0.011693
0.018325
0.0102925
0.00527036
0.00800636
0.00435737
0.0021616
0.00301083
0.00158476
0.000759981
0.00108057
0.000551028
0.000256061
0.000351297
0.00017348
7.79426e-05
0.0120848
0.00842233
0.0053587
0.0047618
0.0032207
0.00198725
0.00170492
0.00111777
0.000668361
0.000518282
0.000152019
4.00979e-05
0.000329342
9.36725e-05
2.39498e-05
0.000190595
5.264e-05
1.29409e-05
8.97805e-06
1.96086e-06
3.57503e-07
5.20449e-06
1.10266e-06
1.938e-07
2.73962e-06
5.68837e-07
8.91891e-08
1.26005e-06
2.53502e-07
3.76162e-08
5.4332e-07
1.08984e-07
1.2688e-08
2.15569e-07
4.18677e-08
4.50163e-09
9.68424e-05
2.58655e-05
6.14515e-06
4.62713e-05
1.19727e-05
2.74865e-06
2.01336e-05
5.05278e-06
1.11285e-06
6.06285e-08
1.23803e-08
-9.70458e-10
2.81991e-08
8.29656e-09
-2.58514e-09
1.37507e-08
4.03894e-09
-1.39865e-09
8.09569e-11
1.36842e-10
-1.30479e-10
-3.81171e-10
3.26663e-10
-3.57937e-10
-7.47504e-11
1.07082e-10
-1.18702e-10
-1.03856e-10
9.24798e-11
-1.05135e-10
-5.09449e-11
5.39296e-11
-6.29019e-11
-2.19286e-11
2.1872e-11
-2.58224e-11
4.82475e-09
2.1012e-09
-1.06818e-09
1.32233e-09
1.17965e-09
-8.09981e-10
4.25428e-10
4.48858e-10
-3.23446e-10
-1.11338e-11
2.19941e-10
-1.88959e-10
-3.58088e-11
8.89313e-11
-8.22147e-11
-2.65007e-11
3.19675e-11
-3.0807e-11
-1.06545e-11
1.16675e-11
-1.39464e-11
-1.49434e-12
3.5571e-12
-4.39926e-12
-1.90086e-12
1.99923e-12
-2.41203e-12
-2.55213e-13
5.31095e-13
-6.72347e-13
8.79105e-14
7.3686e-14
-9.58229e-14
-1.32083e-13
1.21503e-13
-1.48822e-13
-1.23149e-11
1.14431e-11
-1.14818e-11
-2.91507e-12
3.1951e-12
-3.35672e-12
-2.17372e-12
1.21589e-12
-1.21159e-12
7.54522e-06
1.82989e-06
3.88312e-07
2.7019e-06
6.35444e-07
1.2903e-07
8.77264e-07
1.997e-07
3.89031e-08
7.21172e-08
1.41944e-08
8.67389e-10
2.30823e-08
4.73241e-09
-2.72914e-11
6.80415e-09
1.35562e-09
-2.29468e-11
1.63545e-09
3.64107e-10
-4.56277e-11
3.76888e-10
1.03099e-10
-2.99072e-11
8.2964e-11
1.661e-11
-1.07059e-12
2.42106e-07
5.32895e-08
9.97219e-09
6.47391e-08
1.39698e-08
2.34227e-09
1.5507e-08
3.11284e-09
6.051e-10
3.19329e-09
6.30722e-10
1.09312e-10
6.30722e-10
1.39328e-10
5.76862e-12
1.09312e-10
5.76848e-12
1.38483e-11
1.15234e-11
5.37454e-12
-2.70897e-12
2.72191e-12
1.28773e-12
-9.01512e-13
-5.87427e-13
2.54036e-14
7.91354e-14
-3.39499e-13
2.06353e-13
-2.57505e-13
2.06353e-13
-8.99219e-14
1.22342e-13
-2.57505e-13
1.22342e-13
-1.49652e-13
1.15233e-11
2.72188e-12
-5.8742e-13
5.37455e-12
1.28774e-12
2.54048e-14
-2.70898e-12
-9.01524e-13
7.91366e-14
-4.87362e-13
3.44023e-13
-3.85959e-13
5.59733e-14
-1.03886e-14
2.09878e-14
-2.05195e-13
1.18668e-13
-1.30803e-13
-1.55188e-14
1.9908e-14
-2.09146e-14
1.35888e-14
-3.41962e-15
2.4928e-15
-1.1358e-14
7.28173e-15
-8.27533e-15
-1.84169e-16
1.63302e-15
-1.68654e-15
1.2369e-15
-1.18062e-15
1.07374e-15
-1.06203e-15
1.01698e-15
-9.0494e-16
-3.90389e-14
2.52052e-14
-2.48381e-14
2.06237e-14
-1.03677e-14
1.12527e-14
-2.05187e-14
1.20719e-14
-1.3756e-14
-3.56059e-16
1.65352e-15
-1.53203e-15
1.65353e-15
-1.50512e-15
1.34909e-15
-1.53204e-15
1.34909e-15
-1.24445e-15
5.46974e-16
-1.90464e-16
1.08014e-16
-2.179e-16
-2.90352e-17
8.01332e-17
1.29644e-16
7.37847e-17
-1.11313e-16
6.33615e-18
-2.62725e-17
4.40642e-17
-2.62724e-17
2.55093e-17
-3.26765e-17
4.40641e-17
-3.26765e-17
3.7417e-17
5.46973e-16
-2.179e-16
1.29644e-16
-1.90464e-16
-2.90354e-17
7.37849e-17
1.08013e-16
8.01334e-17
-1.11313e-16
-4.87357e-13
5.59722e-14
-2.05193e-13
3.44021e-13
-1.03876e-14
1.18667e-13
-3.85957e-13
2.09868e-14
-1.30802e-13
-3.90388e-14
2.06236e-14
-2.05186e-14
2.52051e-14
-1.03676e-14
1.20719e-14
-2.4838e-14
1.12526e-14
-1.3756e-14
-1.84167e-16
1.2369e-15
-1.06202e-15
1.63302e-15
-1.18062e-15
1.01697e-15
-1.68654e-15
1.07373e-15
-9.04936e-16
-1.55182e-14
1.35888e-14
-1.13578e-14
1.99076e-14
-3.41955e-15
7.28159e-15
-2.09142e-14
2.49271e-15
-8.27517e-15
0.000518274
0.000329337
0.000190592
0.000152016
9.36712e-05
5.26393e-05
4.00972e-05
2.39494e-05
1.29407e-05
9.68413e-05
4.62709e-05
2.01334e-05
2.58652e-05
1.19725e-05
5.05274e-06
6.14508e-06
2.74862e-06
1.11284e-06
1.26004e-06
5.43314e-07
2.15567e-07
2.53499e-07
1.08983e-07
4.18673e-08
3.76156e-08
1.26878e-08
4.50155e-09
8.97789e-06
5.20441e-06
2.73958e-06
1.96083e-06
1.10265e-06
5.68829e-07
3.57495e-07
1.93797e-07
8.91876e-08
7.54517e-06
2.70188e-06
8.7726e-07
1.82988e-06
6.3544e-07
1.99699e-07
3.88309e-07
1.29029e-07
3.89028e-08
2.42106e-07
6.4739e-08
1.55069e-08
5.32893e-08
1.39698e-08
3.11283e-09
9.97213e-09
2.34226e-09
6.05096e-10
1.63543e-09
3.76886e-10
8.29632e-11
3.64106e-10
1.03099e-10
1.66102e-11
-4.56289e-11
-2.99074e-11
-1.07082e-12
7.21166e-08
2.30821e-08
6.8041e-09
1.41943e-08
4.73238e-09
1.35562e-09
8.67364e-10
-2.72986e-11
-2.29506e-11
-1.11361e-11
-3.58092e-11
-2.65009e-11
2.19941e-10
8.8931e-11
3.19675e-11
-1.88958e-10
-8.22145e-11
-3.0807e-11
-1.23148e-11
-2.91506e-12
-2.17371e-12
1.14431e-11
3.19509e-12
1.21589e-12
-1.14818e-11
-3.35672e-12
-1.21159e-12
-2.5519e-13
8.79156e-14
-1.32078e-13
5.31084e-13
7.36839e-14
1.21501e-13
-6.72336e-13
-9.58208e-14
-1.4882e-13
-1.06542e-11
-1.49423e-12
-1.9008e-12
1.16673e-11
3.55705e-12
1.99921e-12
-1.39463e-11
-4.3992e-12
-2.412e-12
6.06272e-08
2.81985e-08
1.37504e-08
1.23801e-08
8.29644e-09
4.03889e-09
-9.70458e-10
-2.58513e-09
-1.39864e-09
4.82466e-09
1.3223e-09
4.25418e-10
2.10118e-09
1.17964e-09
4.48856e-10
-1.06818e-09
-8.09978e-10
-3.23446e-10
-1.03855e-10
-5.09438e-11
-2.19281e-11
9.24788e-11
5.3929e-11
2.18718e-11
-1.05134e-10
-6.29012e-11
-2.58222e-11
8.09555e-11
-3.81165e-10
-7.47489e-11
1.36839e-10
3.26658e-10
1.07081e-10
-1.30476e-10
-3.57933e-10
-1.18701e-10
0.000518274
0.000152016
4.00972e-05
0.000329337
9.36711e-05
2.39494e-05
0.000190592
5.26393e-05
1.29407e-05
8.97789e-06
1.96083e-06
3.57496e-07
5.20441e-06
1.10265e-06
1.93797e-07
2.73959e-06
5.6883e-07
8.91878e-08
1.26004e-06
2.535e-07
3.76157e-08
5.43316e-07
1.08984e-07
1.26879e-08
2.15568e-07
4.18676e-08
4.50161e-09
9.68413e-05
2.58652e-05
6.14509e-06
4.6271e-05
1.19726e-05
2.74863e-06
2.01335e-05
5.05276e-06
1.11284e-06
6.06273e-08
1.23801e-08
-9.70447e-10
2.81986e-08
8.29644e-09
-2.58511e-09
1.37505e-08
4.03889e-09
-1.39863e-09
8.09535e-11
1.3684e-10
-1.30477e-10
-3.81165e-10
3.26658e-10
-3.57932e-10
-7.47497e-11
1.07081e-10
-1.18701e-10
-1.03855e-10
9.24788e-11
-1.05134e-10
-5.09439e-11
5.3929e-11
-6.29011e-11
-2.19282e-11
2.18719e-11
-2.58223e-11
4.8247e-09
2.10118e-09
-1.06817e-09
1.32233e-09
1.17964e-09
-8.09975e-10
4.25428e-10
4.48858e-10
-3.23446e-10
-1.11314e-11
2.19941e-10
-1.88958e-10
-3.58077e-11
8.89314e-11
-8.22147e-11
-2.65005e-11
3.19678e-11
-3.08072e-11
-1.06543e-11
1.16674e-11
-1.39463e-11
-1.4943e-12
3.55709e-12
-4.39924e-12
-1.90081e-12
1.99922e-12
-2.41201e-12
-2.55199e-13
5.31091e-13
-6.72344e-13
8.79099e-14
7.36879e-14
-9.58253e-14
-1.32078e-13
1.21502e-13
-1.48821e-13
-1.23148e-11
1.14432e-11
-1.14818e-11
-2.91508e-12
3.19514e-12
-3.35676e-12
-2.17371e-12
1.2159e-12
-1.2116e-12
7.54522e-06
1.82989e-06
3.88313e-07
2.70191e-06
6.35448e-07
1.29031e-07
8.77273e-07
1.99702e-07
3.89035e-08
7.21174e-08
1.41944e-08
8.67387e-10
2.30824e-08
4.73245e-09
-2.7289e-11
6.80424e-09
1.35564e-09
-2.29483e-11
1.63548e-09
3.64115e-10
-4.56282e-11
3.76899e-10
1.03102e-10
-2.99073e-11
8.29666e-11
1.66109e-11
-1.07089e-12
2.4211e-07
5.32904e-08
9.97237e-09
6.47406e-08
1.39702e-08
2.34233e-09
1.55074e-08
3.11294e-09
6.05116e-10
3.19342e-09
6.30751e-10
1.09317e-10
6.30762e-10
1.39336e-10
5.76997e-12
1.09321e-10
5.77052e-12
1.38485e-11
1.15242e-11
5.3747e-12
-2.70898e-12
2.72212e-12
1.28777e-12
-9.01521e-13
-5.87376e-13
2.54143e-14
7.91317e-14
-3.39481e-13
2.06351e-13
-2.57501e-13
2.0635e-13
-8.99199e-14
1.2234e-13
-2.575e-13
1.2234e-13
-1.4965e-13
1.15251e-11
2.72224e-12
-5.87386e-13
5.37488e-12
1.28779e-12
2.54157e-14
-2.70894e-12
-9.01502e-13
7.91301e-14
-4.87359e-13
3.44024e-13
-3.8596e-13
5.59681e-14
-1.03857e-14
2.09848e-14
-2.05191e-13
1.18667e-13
-1.30801e-13
-1.55186e-14
1.99079e-14
-2.09145e-14
1.35884e-14
-3.41932e-15
2.49248e-15
-1.13576e-14
7.28148e-15
-8.27506e-15
-1.84185e-16
1.63301e-15
-1.68653e-15
1.23691e-15
-1.18061e-15
1.07374e-15
-1.06204e-15
1.01698e-15
-9.04951e-16
-3.90379e-14
2.52045e-14
-2.48374e-14
2.0623e-14
-1.03673e-14
1.12522e-14
-2.0518e-14
1.20715e-14
-1.37556e-14
-3.56083e-16
1.65351e-15
-1.53203e-15
1.65352e-15
-1.50511e-15
1.34908e-15
-1.53204e-15
1.34908e-15
-1.24445e-15
5.46954e-16
-1.90454e-16
1.08005e-16
-2.17889e-16
-2.90396e-17
8.01366e-17
1.29636e-16
7.37882e-17
-1.11316e-16
6.33618e-18
-2.62719e-17
4.40633e-17
-2.62718e-17
2.55087e-17
-3.26758e-17
4.40632e-17
-3.26758e-17
3.74162e-17
5.46953e-16
-2.17888e-16
1.29635e-16
-1.90454e-16
-2.904e-17
7.37887e-17
1.08005e-16
8.01368e-17
-1.11316e-16
-4.87332e-13
5.59758e-14
-2.0519e-13
3.44014e-13
-1.03893e-14
1.18666e-13
-3.85948e-13
2.09889e-14
-1.30801e-13
-3.90375e-14
2.0623e-14
-2.05179e-14
2.52043e-14
-1.03673e-14
1.20715e-14
-2.48372e-14
1.12523e-14
-1.37556e-14
-1.84186e-16
1.2369e-15
-1.06203e-15
1.633e-15
-1.18061e-15
1.01697e-15
-1.68653e-15
1.07374e-15
-9.04946e-16
-1.55165e-14
1.35888e-14
-1.13574e-14
1.99065e-14
-3.41969e-15
7.28141e-15
-2.09131e-14
2.49296e-15
-8.27503e-15
0.000518285
0.000329344
0.000190596
0.00015202
9.36732e-05
5.26405e-05
4.00981e-05
2.395e-05
1.29411e-05
9.68431e-05
4.62718e-05
2.01338e-05
2.58658e-05
1.19728e-05
5.05288e-06
6.14526e-06
2.74871e-06
1.11288e-06
1.26008e-06
5.43336e-07
2.15576e-07
2.53509e-07
1.08988e-07
4.18695e-08
3.76176e-08
1.26888e-08
4.50194e-09
8.97812e-06
5.20455e-06
2.73967e-06
1.96088e-06
1.10268e-06
5.68849e-07
3.57506e-07
1.93803e-07
8.91915e-08
7.54534e-06
2.70195e-06
8.77285e-07
1.82993e-06
6.35463e-07
1.99707e-07
3.88326e-07
1.29036e-07
3.8905e-08
2.42113e-07
6.47413e-08
1.55076e-08
5.32917e-08
1.39705e-08
3.11302e-09
9.97279e-09
2.34244e-09
6.05144e-10
1.63557e-09
3.76922e-10
8.29719e-11
3.64134e-10
1.03107e-10
1.66119e-11
-4.56252e-11
-2.99065e-11
-1.07063e-12
7.21204e-08
2.30835e-08
6.80456e-09
1.41951e-08
4.73269e-09
1.35572e-09
8.67504e-10
-2.7251e-11
-2.29363e-11
-1.1106e-11
-3.57981e-11
-2.64972e-11
2.19943e-10
8.89316e-11
3.19675e-11
-1.88956e-10
-8.22136e-11
-3.08065e-11
-1.23137e-11
-2.91476e-12
-2.17361e-12
1.14431e-11
3.19507e-12
1.21586e-12
-1.14816e-11
-3.35666e-12
-1.21156e-12
-2.55145e-13
8.7929e-14
-1.32071e-13
5.31059e-13
7.36762e-14
1.21497e-13
-6.72308e-13
-9.58121e-14
-1.48815e-13
-1.06538e-11
-1.49404e-12
-1.90066e-12
1.16671e-11
3.55696e-12
1.99913e-12
-1.3946e-11
-4.39909e-12
-2.41192e-12
6.06292e-08
2.81998e-08
1.37511e-08
1.23804e-08
8.29668e-09
4.03902e-09
-9.70454e-10
-2.58512e-09
-1.39863e-09
4.82503e-09
1.32248e-09
4.25495e-10
2.10124e-09
1.17967e-09
4.48867e-10
-1.06817e-09
-8.09972e-10
-3.23443e-10
-1.03855e-10
-5.09432e-11
-2.19275e-11
9.24797e-11
5.3929e-11
2.18716e-11
-1.05135e-10
-6.29011e-11
-2.5822e-11
8.09496e-11
-3.81169e-10
-7.47511e-11
1.36848e-10
3.26663e-10
1.07084e-10
-1.30484e-10
-3.57937e-10
-1.18704e-10
0.000518286
0.00015202
4.00982e-05
0.000329346
9.36739e-05
2.39502e-05
0.000190598
5.26411e-05
1.29412e-05
8.97814e-06
1.96088e-06
3.57507e-07
5.20459e-06
1.10269e-06
1.93805e-07
2.7397e-06
5.68856e-07
8.9193e-08
1.26011e-06
2.53514e-07
3.76185e-08
5.43349e-07
1.08991e-07
1.26892e-08
2.15583e-07
4.18708e-08
4.50215e-09
9.68447e-05
2.58662e-05
6.14537e-06
4.62727e-05
1.19731e-05
2.74877e-06
2.01343e-05
5.05301e-06
1.11291e-06
6.06294e-08
1.23805e-08
-9.70457e-10
2.82e-08
8.29675e-09
-2.58514e-09
1.37513e-08
4.03907e-09
-1.39864e-09
8.09508e-11
1.36848e-10
-1.30484e-10
-3.81171e-10
3.26666e-10
-3.5794e-10
-7.47531e-11
1.07085e-10
-1.18705e-10
-1.03857e-10
9.24812e-11
-1.05136e-10
-5.09444e-11
5.39299e-11
-6.29021e-11
-2.19283e-11
2.18722e-11
-2.58226e-11
4.82515e-09
2.10128e-09
-1.06818e-09
1.32254e-09
1.17969e-09
-8.0998e-10
4.25519e-10
4.48877e-10
-3.23448e-10
-1.10986e-11
2.19948e-10
-1.88959e-10
-3.57961e-11
8.89335e-11
-8.22149e-11
-2.64969e-11
3.19684e-11
-3.08072e-11
-1.0654e-11
1.16674e-11
-1.39463e-11
-1.49415e-12
3.55705e-12
-4.39921e-12
-1.90069e-12
1.99917e-12
-2.41196e-12
-2.5515e-13
5.31071e-13
-6.72322e-13
8.79269e-14
7.36801e-14
-9.58172e-14
-1.32069e-13
1.21497e-13
-1.48816e-13
-1.23137e-11
1.14433e-11
-1.14818e-11
-2.9148e-12
3.19517e-12
-3.35675e-12
-2.17362e-12
1.21589e-12
-1.21159e-12
7.54556e-06
1.82999e-06
3.88339e-07
2.70204e-06
6.35486e-07
1.29041e-07
8.77318e-07
1.99715e-07
3.89068e-08
7.2123e-08
1.41956e-08
8.67579e-10
2.30845e-08
4.73288e-09
-2.72262e-11
6.8049e-09
1.35578e-09
-2.29302e-11
1.63566e-09
3.64153e-10
-4.56243e-11
3.76947e-10
1.03112e-10
-2.99064e-11
8.29776e-11
1.66133e-11
-1.0708e-12
2.42124e-07
5.32942e-08
9.9733e-09
6.47443e-08
1.39712e-08
2.34259e-09
1.55083e-08
3.1132e-09
6.05179e-10
3.19363e-09
6.30806e-10
1.0933e-10
6.30806e-10
1.39347e-10
5.77236e-12
1.0933e-10
5.77235e-12
1.38489e-11
1.15264e-11
5.37515e-12
-2.70896e-12
2.72249e-12
1.28787e-12
-9.01535e-13
-5.87312e-13
2.54161e-14
7.91377e-14
-3.39471e-13
2.06351e-13
-2.57499e-13
2.06351e-13
-8.99182e-14
1.22338e-13
-2.57499e-13
1.22338e-13
-1.49648e-13
1.15264e-11
2.7225e-12
-5.87313e-13
5.37516e-12
1.28787e-12
2.54175e-14
-2.70896e-12
-9.01532e-13
7.91369e-14
-4.87338e-13
3.4402e-13
-3.85954e-13
5.59704e-14
-1.03852e-14
2.09841e-14
-2.05189e-13
1.18665e-13
-1.30799e-13
-1.55159e-14
1.99065e-14
-2.09132e-14
1.35886e-14
-3.41947e-15
2.49275e-15
-1.13573e-14
7.28142e-15
-8.27507e-15
-1.8426e-16
1.63302e-15
-1.68653e-15
1.23692e-15
-1.1806e-15
1.07372e-15
-1.06203e-15
1.01696e-15
-9.04928e-16
-3.9037e-14
2.52041e-14
-2.48371e-14
2.06226e-14
-1.03671e-14
1.12522e-14
-2.05178e-14
1.20715e-14
-1.37556e-14
-3.5616e-16
1.65353e-15
-1.53203e-15
1.65353e-15
-1.50509e-15
1.34906e-15
-1.53202e-15
1.34906e-15
-1.24443e-15
5.46951e-16
-1.9045e-16
1.08001e-16
-2.17884e-16
-2.90427e-17
8.01398e-17
1.2963e-16
7.37913e-17
-1.11319e-16
6.33614e-18
-2.62716e-17
4.40629e-17
-2.62716e-17
2.55083e-17
-3.26753e-17
4.40629e-17
-3.26753e-17
3.74157e-17
5.46952e-16
-2.17885e-16
1.29631e-16
-1.90451e-16
-2.90424e-17
7.37911e-17
1.08e-16
8.01399e-17
-1.11319e-16
-4.87336e-13
5.59714e-14
-2.05189e-13
3.4402e-13
-1.03857e-14
1.18665e-13
-3.85953e-13
2.09848e-14
-1.308e-13
-3.9037e-14
2.06226e-14
-2.05178e-14
2.5204e-14
-1.03671e-14
1.20714e-14
-2.4837e-14
1.12522e-14
-1.37556e-14
-1.84249e-16
1.23691e-15
-1.06202e-15
1.63301e-15
-1.18059e-15
1.01695e-15
-1.68652e-15
1.07371e-15
-9.04918e-16
-1.55158e-14
1.35886e-14
-1.13573e-14
1.99064e-14
-3.4195e-15
7.28141e-15
-2.09131e-14
2.49278e-15
-8.27506e-15
0.000518286
0.000329346
0.000190598
0.00015202
9.36739e-05
5.26411e-05
4.00982e-05
2.39502e-05
1.29412e-05
9.68447e-05
4.62727e-05
2.01343e-05
2.58662e-05
1.19731e-05
5.05301e-06
6.14537e-06
2.74878e-06
1.11291e-06
1.26011e-06
5.4335e-07
2.15583e-07
2.53514e-07
1.08991e-07
4.18709e-08
3.76186e-08
1.26893e-08
4.50217e-09
8.97814e-06
5.20459e-06
2.73971e-06
1.96089e-06
1.10269e-06
5.68857e-07
3.57508e-07
1.93805e-07
8.91932e-08
7.54556e-06
2.70204e-06
8.77318e-07
1.82999e-06
6.35486e-07
1.99715e-07
3.88339e-07
1.29041e-07
3.89069e-08
2.42124e-07
6.47443e-08
1.55083e-08
5.32942e-08
1.39712e-08
3.1132e-09
9.97331e-09
2.34259e-09
6.05179e-10
1.63566e-09
3.76948e-10
8.29777e-11
3.64154e-10
1.03112e-10
1.66133e-11
-4.56243e-11
-2.99064e-11
-1.07082e-12
7.21231e-08
2.30845e-08
6.80491e-09
1.41957e-08
4.73289e-09
1.35579e-09
8.67584e-10
-2.72249e-11
-2.29302e-11
-1.10967e-11
-3.57953e-11
-2.64966e-11
2.19948e-10
8.89335e-11
3.19683e-11
-1.88959e-10
-8.22147e-11
-3.08071e-11
-1.23137e-11
-2.91477e-12
-2.17361e-12
1.14433e-11
3.19516e-12
1.21589e-12
-1.14818e-11
-3.35674e-12
-1.21158e-12
-2.55139e-13
8.79303e-14
-1.32068e-13
5.31065e-13
7.36781e-14
1.21497e-13
-6.72315e-13
-9.5815e-14
-1.48815e-13
-1.06539e-11
-1.49408e-12
-1.90066e-12
1.16673e-11
3.55702e-12
1.99916e-12
-1.39462e-11
-4.39917e-12
-2.41195e-12
6.06294e-08
2.82001e-08
1.37514e-08
1.23805e-08
8.29675e-09
4.03908e-09
-9.70453e-10
-2.58513e-09
-1.39864e-09
4.82517e-09
1.32255e-09
4.25523e-10
2.10128e-09
1.17969e-09
4.48878e-10
-1.06818e-09
-8.09979e-10
-3.23448e-10
-1.03856e-10
-5.0944e-11
-2.1928e-11
9.24809e-11
5.39297e-11
2.18721e-11
-1.05136e-10
-6.29019e-11
-2.58224e-11
8.095e-11
-3.8117e-10
-7.47526e-11
1.36848e-10
3.26665e-10
1.07085e-10
-1.30485e-10
-3.57939e-10
-1.18705e-10
0.000518285
0.00015202
4.00982e-05
0.000329344
9.36734e-05
2.39501e-05
0.000190597
5.26407e-05
1.29411e-05
8.97812e-06
1.96088e-06
3.57507e-07
5.20456e-06
1.10268e-06
1.93804e-07
2.73968e-06
5.68851e-07
8.91919e-08
1.26009e-06
2.53511e-07
3.76178e-08
5.4334e-07
1.08989e-07
1.26889e-08
2.15579e-07
4.18699e-08
4.502e-09
9.68438e-05
2.5866e-05
6.1453e-06
4.62722e-05
1.1973e-05
2.74874e-06
2.01341e-05
5.05294e-06
1.11289e-06
6.06292e-08
1.23804e-08
-9.70447e-10
2.81998e-08
8.29669e-09
-2.58512e-09
1.37512e-08
4.03903e-09
-1.39864e-09
8.09496e-11
1.36848e-10
-1.30484e-10
-3.81169e-10
3.26663e-10
-3.57937e-10
-7.47522e-11
1.07084e-10
-1.18704e-10
-1.03856e-10
9.24803e-11
-1.05135e-10
-5.09441e-11
5.39295e-11
-6.29017e-11
-2.19282e-11
2.1872e-11
-2.58224e-11
4.82505e-09
2.10125e-09
-1.06818e-09
1.32249e-09
1.17968e-09
-8.09977e-10
4.25496e-10
4.48871e-10
-3.23447e-10
-1.11067e-11
2.19945e-10
-1.88958e-10
-3.57989e-11
8.89326e-11
-8.22145e-11
-2.64977e-11
3.1968e-11
-3.0807e-11
-1.06541e-11
1.16673e-11
-1.39463e-11
-1.49422e-12
3.55706e-12
-4.39921e-12
-1.90074e-12
1.99918e-12
-2.41197e-12
-2.55174e-13
5.31077e-13
-6.72329e-13
8.79178e-14
7.36828e-14
-9.58196e-14
-1.32074e-13
1.21499e-13
-1.48818e-13
-1.2314e-11
1.14432e-11
-1.14817e-11
-2.91485e-12
3.19513e-12
-3.35672e-12
-2.17364e-12
1.21589e-12
-1.21159e-12
7.54546e-06
1.82996e-06
3.88331e-07
2.702e-06
6.35475e-07
1.29038e-07
8.77306e-07
1.99711e-07
3.89059e-08
7.21214e-08
1.41953e-08
8.67528e-10
2.30839e-08
4.73275e-09
-2.72412e-11
6.80471e-09
1.35574e-09
-2.29334e-11
1.63561e-09
3.6414e-10
-4.56244e-11
3.76935e-10
1.03108e-10
-2.99062e-11
8.2975e-11
1.66124e-11
-1.07066e-12
2.4212e-07
5.32932e-08
9.97304e-09
6.47435e-08
1.3971e-08
2.34252e-09
1.55082e-08
3.11314e-09
6.05162e-10
3.19355e-09
6.30787e-10
1.09325e-10
6.30777e-10
1.39341e-10
5.77126e-12
1.0932e-10
5.7707e-12
1.38485e-11
1.15257e-11
5.37496e-12
-2.70893e-12
2.72235e-12
1.2878e-12
-9.01498e-13
-5.87368e-13
2.54198e-14
7.91272e-14
-3.39475e-13
2.06348e-13
-2.57498e-13
2.0635e-13
-8.99192e-14
1.22339e-13
-2.575e-13
1.22339e-13
-1.49649e-13
1.15249e-11
2.72223e-12
-5.87351e-13
5.37477e-12
1.28779e-12
2.54147e-14
-2.70896e-12
-9.01522e-13
7.91322e-14
-4.87338e-13
3.44017e-13
-3.85951e-13
5.59727e-14
-1.0388e-14
2.09874e-14
-2.05189e-13
1.18666e-13
-1.308e-13
-1.55171e-14
1.99069e-14
-2.09135e-14
1.35885e-14
-3.4195e-15
2.49275e-15
-1.13573e-14
7.28137e-15
-8.27498e-15
-1.84201e-16
1.633e-15
-1.68652e-15
1.2369e-15
-1.1806e-15
1.07372e-15
-1.06202e-15
1.01696e-15
-9.04926e-16
-3.90374e-14
2.52042e-14
-2.48371e-14
2.06228e-14
-1.03672e-14
1.12522e-14
-2.05179e-14
1.20715e-14
-1.37555e-14
-3.56101e-16
1.65352e-15
-1.53203e-15
1.65351e-15
-1.5051e-15
1.34907e-15
-1.53202e-15
1.34907e-15
-1.24444e-15
5.46952e-16
-1.90452e-16
1.08003e-16
-2.17887e-16
-2.90404e-17
8.01373e-17
1.29634e-16
7.37888e-17
-1.11316e-16
6.3362e-18
-2.62718e-17
4.40629e-17
-2.62718e-17
2.55086e-17
-3.26755e-17
4.4063e-17
-3.26755e-17
3.74159e-17
5.46952e-16
-2.17888e-16
1.29634e-16
-1.90453e-16
-2.90402e-17
7.37885e-17
1.08004e-16
8.01369e-17
-1.11316e-16
-4.87364e-13
5.59646e-14
-2.0519e-13
3.44027e-13
-1.03838e-14
1.18666e-13
-3.85963e-13
2.09827e-14
-1.30801e-13
-3.90379e-14
2.06229e-14
-2.05179e-14
2.52045e-14
-1.03672e-14
1.20715e-14
-2.48374e-14
1.12522e-14
-1.37556e-14
-1.84211e-16
1.23692e-15
-1.06205e-15
1.63301e-15
-1.18061e-15
1.01698e-15
-1.68654e-15
1.07373e-15
-9.04946e-16
-1.55194e-14
1.35882e-14
-1.13576e-14
1.99083e-14
-3.41919e-15
7.2815e-15
-2.09151e-14
2.49233e-15
-8.27508e-15
0.000518275
0.000329338
0.000190593
0.000152016
9.36714e-05
5.26396e-05
4.00972e-05
2.39495e-05
1.29408e-05
9.68422e-05
4.62715e-05
2.01338e-05
2.58654e-05
1.19727e-05
5.05284e-06
6.14514e-06
2.74866e-06
1.11286e-06
1.26005e-06
5.43322e-07
2.15571e-07
2.53501e-07
1.08985e-07
4.18681e-08
3.76161e-08
1.26881e-08
4.50169e-09
8.9779e-06
5.20442e-06
2.7396e-06
1.96083e-06
1.10265e-06
5.68832e-07
3.57496e-07
1.93797e-07
8.91883e-08
7.54536e-06
2.70197e-06
8.77296e-07
1.82992e-06
6.35461e-07
1.99707e-07
3.88319e-07
1.29034e-07
3.89045e-08
2.42118e-07
6.47429e-08
1.5508e-08
5.3292e-08
1.39706e-08
3.11306e-09
9.97265e-09
2.34241e-09
6.05136e-10
1.63553e-09
3.76914e-10
8.29701e-11
3.64121e-10
1.03103e-10
1.66113e-11
-4.5627e-11
-2.99069e-11
-1.07084e-12
7.21186e-08
2.30829e-08
6.80441e-09
1.41946e-08
4.73252e-09
1.35567e-09
8.67422e-10
-2.72756e-11
-2.29444e-11
-1.11312e-11
-3.58083e-11
-2.65009e-11
2.19944e-10
8.89325e-11
3.19682e-11
-1.8896e-10
-8.22157e-11
-3.08076e-11
-1.2315e-11
-2.91518e-12
-2.17372e-12
1.14434e-11
3.1952e-12
1.21591e-12
-1.1482e-11
-3.35682e-12
-1.21162e-12
-2.55235e-13
8.78969e-14
-1.32081e-13
5.31111e-13
7.36956e-14
1.21503e-13
-6.72366e-13
-9.5834e-14
-1.48822e-13
-1.06547e-11
-1.49454e-12
-1.90089e-12
1.16676e-11
3.55722e-12
1.99927e-12
-1.39466e-11
-4.39939e-12
-2.41207e-12
6.06273e-08
2.81987e-08
1.37505e-08
1.23801e-08
8.29644e-09
4.0389e-09
-9.70442e-10
-2.58511e-09
-1.39864e-09
4.82473e-09
1.32234e-09
4.25431e-10
2.10119e-09
1.17965e-09
4.48863e-10
-1.06818e-09
-8.09979e-10
-3.2345e-10
-1.03856e-10
-5.09453e-11
-2.1929e-11
9.24797e-11
5.39297e-11
2.18723e-11
-1.05135e-10
-6.29019e-11
-2.58228e-11
8.09514e-11
-3.81165e-10
-7.47522e-11
1.36841e-10
3.26658e-10
1.07082e-10
-1.30478e-10
-3.57932e-10
-1.18702e-10
0.000518274
0.000152016
4.00972e-05
0.000329337
9.36712e-05
2.39494e-05
0.000190592
5.26393e-05
1.29407e-05
8.97789e-06
1.96083e-06
3.57495e-07
5.20441e-06
1.10265e-06
1.93797e-07
2.73958e-06
5.68829e-07
8.91876e-08
1.26004e-06
2.53499e-07
3.76156e-08
5.43314e-07
1.08983e-07
1.26878e-08
2.15567e-07
4.18673e-08
4.50155e-09
9.68413e-05
2.58652e-05
6.14508e-06
4.62709e-05
1.19725e-05
2.74862e-06
2.01334e-05
5.05274e-06
1.11284e-06
6.06272e-08
1.23801e-08
-9.70461e-10
2.81985e-08
8.29644e-09
-2.58512e-09
1.37504e-08
4.03889e-09
-1.39864e-09
8.09549e-11
1.3684e-10
-1.30477e-10
-3.81165e-10
3.26658e-10
-3.57932e-10
-7.4749e-11
1.07081e-10
-1.18701e-10
-1.03855e-10
9.24788e-11
-1.05134e-10
-5.09439e-11
5.3929e-11
-6.29012e-11
-2.19281e-11
2.18718e-11
-2.58222e-11
4.82466e-09
2.10118e-09
-1.06818e-09
1.3223e-09
1.17964e-09
-8.09978e-10
4.25418e-10
4.48857e-10
-3.23446e-10
-1.1136e-11
2.19941e-10
-1.88958e-10
-3.58092e-11
8.8931e-11
-8.22145e-11
-2.65009e-11
3.19675e-11
-3.0807e-11
-1.06542e-11
1.16673e-11
-1.39463e-11
-1.49423e-12
3.55705e-12
-4.3992e-12
-1.90079e-12
1.99921e-12
-2.412e-12
-2.5519e-13
5.31084e-13
-6.72336e-13
8.79154e-14
7.36841e-14
-9.58209e-14
-1.32078e-13
1.21501e-13
-1.4882e-13
-1.23148e-11
1.14431e-11
-1.14818e-11
-2.91507e-12
3.1951e-12
-3.35672e-12
-2.1737e-12
1.21589e-12
-1.21159e-12
7.54517e-06
1.82988e-06
3.88309e-07
2.70188e-06
6.3544e-07
1.29029e-07
8.7726e-07
1.99699e-07
3.89028e-08
7.21166e-08
1.41943e-08
8.67364e-10
2.30821e-08
4.73238e-09
-2.72985e-11
6.8041e-09
1.35562e-09
-2.29507e-11
1.63543e-09
3.64106e-10
-4.56288e-11
3.76886e-10
1.03099e-10
-2.99074e-11
8.29633e-11
1.66102e-11
-1.07082e-12
2.42106e-07
5.32893e-08
9.97213e-09
6.4739e-08
1.39698e-08
2.34226e-09
1.55069e-08
3.11283e-09
6.05096e-10
3.19329e-09
6.30722e-10
1.09312e-10
6.30722e-10
1.39328e-10
5.76849e-12
1.09312e-10
5.76864e-12
1.38483e-11
1.15233e-11
5.37455e-12
-2.70898e-12
2.72188e-12
1.28774e-12
-9.01525e-13
-5.87417e-13
2.54038e-14
7.91377e-14
-3.39498e-13
2.06353e-13
-2.57505e-13
2.06353e-13
-8.99218e-14
1.22341e-13
-2.57505e-13
1.22342e-13
-1.49652e-13
1.15234e-11
2.72191e-12
-5.87426e-13
5.37454e-12
1.28773e-12
2.54036e-14
-2.70897e-12
-9.01512e-13
7.91354e-14
-4.87357e-13
3.44021e-13
-3.85957e-13
5.59719e-14
-1.03874e-14
2.09867e-14
-2.05193e-13
1.18667e-13
-1.30802e-13
-1.55182e-14
1.99076e-14
-2.09142e-14
1.35888e-14
-3.41955e-15
2.4927e-15
-1.13578e-14
7.28157e-15
-8.27515e-15
-1.84169e-16
1.63302e-15
-1.68654e-15
1.2369e-15
-1.18062e-15
1.07373e-15
-1.06202e-15
1.01698e-15
-9.04937e-16
-3.90388e-14
2.52051e-14
-2.4838e-14
2.06236e-14
-1.03676e-14
1.12526e-14
-2.05186e-14
1.20719e-14
-1.37559e-14
-3.5606e-16
1.65353e-15
-1.53204e-15
1.65352e-15
-1.50512e-15
1.34909e-15
-1.53203e-15
1.34909e-15
-1.24445e-15
5.46972e-16
-1.90464e-16
1.08013e-16
-2.17899e-16
-2.90355e-17
8.01334e-17
1.29643e-16
7.3785e-17
-1.11313e-16
6.33613e-18
-2.62724e-17
4.40641e-17
-2.62724e-17
2.55093e-17
-3.26765e-17
4.40642e-17
-3.26765e-17
3.7417e-17
5.46974e-16
-2.179e-16
1.29644e-16
-1.90464e-16
-2.90353e-17
7.37847e-17
1.08013e-16
8.01332e-17
-1.11313e-16
-4.87362e-13
5.59732e-14
-2.05195e-13
3.44023e-13
-1.03885e-14
1.18668e-13
-3.85959e-13
2.09878e-14
-1.30803e-13
-3.90389e-14
2.06237e-14
-2.05187e-14
2.52052e-14
-1.03677e-14
1.20719e-14
-2.4838e-14
1.12527e-14
-1.3756e-14
-1.84169e-16
1.2369e-15
-1.06203e-15
1.63302e-15
-1.18062e-15
1.01698e-15
-1.68654e-15
1.07373e-15
-9.04939e-16
-1.55188e-14
1.35888e-14
-1.1358e-14
1.9908e-14
-3.41961e-15
7.28172e-15
-2.09146e-14
2.49279e-15
-8.27532e-15
0.000518282
0.000329342
0.000190595
0.000152019
9.36725e-05
5.264e-05
4.00979e-05
2.39498e-05
1.29409e-05
9.68424e-05
4.62713e-05
2.01336e-05
2.58655e-05
1.19727e-05
5.05278e-06
6.14515e-06
2.74865e-06
1.11285e-06
1.26005e-06
5.4332e-07
2.15569e-07
2.53502e-07
1.08984e-07
4.18677e-08
3.76162e-08
1.2688e-08
4.50163e-09
8.97805e-06
5.20449e-06
2.73962e-06
1.96086e-06
1.10266e-06
5.68837e-07
3.57503e-07
1.938e-07
8.91891e-08
7.54522e-06
2.7019e-06
8.77264e-07
1.82989e-06
6.35444e-07
1.997e-07
3.88312e-07
1.2903e-07
3.89031e-08
2.42106e-07
6.47391e-08
1.5507e-08
5.32895e-08
1.39698e-08
3.11284e-09
9.97219e-09
2.34227e-09
6.051e-10
1.63545e-09
3.76888e-10
8.29639e-11
3.64107e-10
1.03099e-10
1.661e-11
-4.56277e-11
-2.99072e-11
-1.0706e-12
7.21172e-08
2.30823e-08
6.80415e-09
1.41944e-08
4.73241e-09
1.35562e-09
8.67389e-10
-2.72914e-11
-2.29468e-11
-1.11338e-11
-3.58088e-11
-2.65007e-11
2.19941e-10
8.89313e-11
3.19675e-11
-1.88959e-10
-8.22147e-11
-3.0807e-11
-1.23149e-11
-2.91507e-12
-2.17372e-12
1.14431e-11
3.19509e-12
1.21589e-12
-1.14818e-11
-3.35672e-12
-1.21159e-12
-2.55213e-13
8.79106e-14
-1.32083e-13
5.31095e-13
7.36859e-14
1.21504e-13
-6.72347e-13
-9.58228e-14
-1.48823e-13
-1.06545e-11
-1.49434e-12
-1.90086e-12
1.16675e-11
3.5571e-12
1.99923e-12
-1.39464e-11
-4.39926e-12
-2.41203e-12
6.06285e-08
2.81991e-08
1.37507e-08
1.23803e-08
8.29656e-09
4.03894e-09
-9.70458e-10
-2.58514e-09
-1.39865e-09
4.82475e-09
1.32233e-09
4.25428e-10
2.1012e-09
1.17965e-09
4.48858e-10
-1.06818e-09
-8.09981e-10
-3.23446e-10
-1.03856e-10
-5.09449e-11
-2.19286e-11
9.24798e-11
5.39296e-11
2.1872e-11
-1.05135e-10
-6.29019e-11
-2.58224e-11
8.09569e-11
-3.81171e-10
-7.47504e-11
1.36842e-10
3.26663e-10
1.07082e-10
-1.30479e-10
-3.57937e-10
-1.18702e-10
