FiniteElementSpace
FiniteElementCollection: H1_2D_P4
VDim: 1
Ordering: 0

-0.188013
0
0
0
0
0
0
0
0
0
0
0.265154
0
0
0.265153
0
0
0.265153
0
0
0.265154
0
0
0.265153
0
0
1.40853
1.40853
1.40853
1.40853
1.40853
-0.429794
0.119082
0.119083
-0.429799
0.11909
0.119084
-0.429798
0.119086
0.119086
-0.429798
0.119083
0.119091
-0.429799
0.119083
0.119082
-0.14083
0
0.230116
0
0
0.230114
0
-0.140832
0
0.230138
0
0
0.230103
0
-0.140833
0
0.230148
0
0
0.230143
0
-0.140833
0
0.230101
0
0
0.230139
0
-0.140832
0
0.230114
0
0
0.230116
0
-0.247781
-0.247779
-0.247774
-0.24778
-0.247781
-0.500298
2.03293
-0.500297
-0.500302
2.03292
-0.500298
-0.500305
2.03288
-0.500304
-0.500298
2.03291
-0.500303
-0.500297
2.03293
-0.500298
-0.340792
-0.46466
-0.464662
-0.340794
0.0911284
0.0661186
0.318283
0.881541
0.881539
0.318284
0.0661208
0.0911246
-0.464666
-0.464659
-0.340797
0.0661164
0.318288
0.881555
0.881538
0.31829
0.0661196
0.0911311
-0.464663
-0.464663
-0.340797
0.0661142
0.318296
0.881557
0.881553
0.318297
0.0661154
0.0911321
-0.464659
-0.464666
-0.340794
0.0661205
0.318289
0.881535
0.881557
0.318287
0.0661171
0.0911246
-0.464662
-0.46466
0.0661208
0.318284
0.881539
0.881541
0.318283
0.0661186
-0.0789861
-0.251093
-0.409328
-0.0658883
0
-0.316672
0
-0.2324
-0.455389
1.01152
1.23011
1.23011
1.01152
0
2.02354
0
0
2.02354
0
-0.232399
-0.409327
-0.251093
-0.078988
-0.455389
0
-0.316671
0
-0.0658892
-0.251099
-0.409327
0
-0.316677
0
-0.232376
-0.455378
1.01153
1.23012
1.23009
1.0115
0
2.02355
0
0
2.02352
0
-0.232399
-0.40933
-0.251094
-0.0789917
-0.455392
0
-0.31667
0
-0.0658896
-0.251101
-0.409331
0
-0.31668
0
-0.232348
-0.455372
1.01152
1.23009
1.23009
1.01151
0
2.02352
0
0
2.02352
0
-0.232349
-0.409331
-0.2511
-0.0789916
-0.455374
0
-0.316679
0
-0.0658894
-0.251094
-0.40933
0
-0.31667
0
-0.2324
-0.455393
1.0115
1.23009
1.23012
1.01153
0
2.02352
0
0
2.02355
0
-0.232376
-0.409326
-0.251099
-0.078988
-0.455378
0
-0.316677
0
-0.0658892
-0.251093
-0.409327
0
-0.316671
0
-0.232399
-0.455389
1.01152
1.23011
1.23011
1.01152
0
2.02354
0
0
2.02354
0
-0.2324
-0.409328
-0.251093
-0.455389
0
-0.316672
0
-0.524677
0.102259
0.966956
0.10226
-0.52468
0.102255
0.966964
0.102265
-0.524684
0.102261
0.966979
0.102263
-0.524681
0.102265
0.966962
0.102254
-0.524677
0.10226
0.966956
0.102259
-0.270522
-0.120476
-0.494504
0.0968006
1.45758
0.718247
2.25293
0.718248
-0.270521
0.0967984
-0.494503
-0.120476
-0.270527
-0.12048
-0.494501
0.0968157
1.45757
0.718281
2.25289
0.718243
-0.270524
0.0967908
-0.494501
-0.120476
-0.270531
-0.120482
-0.494494
0.0968152
1.45753
0.718302
2.25286
0.7183
-0.27053
0.0968107
-0.494494
-0.120481
-0.270524
-0.120476
-0.494502
0.0967887
1.45756
0.718242
2.2529
0.718281
-0.270527
0.0968173
-0.494502
-0.12048
-0.270521
-0.120476
-0.494503
0.0967984
1.45758
0.718248
2.25293
0.718247
-0.270522
0.0968006
-0.494504
-0.120476
-0.194305
-0.230894
-0.29783
-0.357443
-0.413558
-0.486787
-0.357444
-0.413558
-0.486787
-0.194305
-0.230895
-0.297831
-0.454706
-0.445154
-0.381643
-0.421421
-0.429118
-0.453993
-0.527437
-0.57901
-0.556585
-0.334197
-0.436212
-0.46903
-0.334197
-0.436213
-0.469032
-0.527439
-0.579012
-0.556585
-0.421425
-0.429121
-0.453996
-0.454711
-0.445157
-0.381645
-0.377653
-0.220161
-0.0144562
0.115196
0.127423
0.110443
-0.381327
-0.182955
0.0168858
0.299381
0.292925
0.182902
0.246258
0.185122
0.107018
0.128594
0.193721
0.160915
0.056665
0.00792829
0.0335884
0.213775
0.336915
0.354822
0.231106
0.12955
0.0983033
-0.148852
0.0632595
0.249294
0.421203
0.651806
0.874181
0.421205
0.651807
0.874181
-0.148851
0.0632603
0.249296
0.209035
0.441888
0.727898
0.975194
1.06721
1.03403
1.38671
1.25629
1.02882
1.38671
1.25628
1.02882
0.975193
1.06721
1.03403
0.209036
0.441887
0.727896
0.213777
0.336917
0.354824
-0.381329
-0.182956
0.0168858
0.115193
0.127422
0.110443
-0.377658
-0.220166
-0.0144607
0.231108
0.129552
0.0983047
0.0566666
0.00793046
0.0335908
0.128597
0.193723
0.160916
0.246257
0.185123
0.10702
0.299381
0.292923
0.182899
-0.357445
-0.413561
-0.48679
-0.357447
-0.413562
-0.486791
-0.194306
-0.230896
-0.297834
-0.421426
-0.429124
-0.454
-0.527443
-0.579015
-0.556588
-0.334196
-0.436214
-0.469035
-0.334195
-0.43621
-0.469029
-0.527438
-0.579013
-0.556588
-0.421424
-0.429119
-0.453993
-0.454711
-0.445159
-0.381648
0.115192
0.127418
0.110438
-0.381333
-0.182961
0.016881
0.246256
0.185119
0.107016
0.128592
0.193718
0.160911
0.0566701
0.0079295
0.033587
0.213783
0.336922
0.354828
0.231109
0.12955
0.0983002
-0.148849
0.063263
0.249298
0.42121
0.651815
0.874189
0.42121
0.651813
0.874188
-0.148847
0.0632661
0.249301
0.209045
0.441901
0.727913
0.975207
1.06722
1.03404
1.38672
1.25629
1.02883
1.38671
1.25628
1.02882
0.975193
1.06721
1.03404
0.209036
0.441887
0.727896
0.213777
0.33692
0.354828
-0.381325
-0.18295
0.0168915
0.115199
0.127428
0.110449
-0.377656
-0.220161
-0.0144543
0.231113
0.129557
0.0983097
0.0566664
0.00792978
0.0335897
0.128596
0.193725
0.16092
0.246257
0.185122
0.107019
0.299382
0.292927
0.182905
-0.357448
-0.413564
-0.486794
-0.357448
-0.413564
-0.486794
-0.194306
-0.230896
-0.297834
-0.421425
-0.429122
-0.453997
-0.527442
-0.579017
-0.556592
-0.334192
-0.436211
-0.469033
-0.334192
-0.436211
-0.469032
-0.527441
-0.579017
-0.556592
-0.421425
-0.429122
-0.453996
-0.454711
-0.445159
-0.381648
0.115198
0.127425
0.110445
-0.381329
-0.182954
0.016888
0.246256
0.185119
0.107014
0.128591
0.193721
0.160916
0.0566662
0.00792577
0.0335842
0.213781
0.336925
0.354834
0.231117
0.129556
0.0983066
-0.148842
0.0632717
0.249308
0.421219
0.651827
0.874203
0.42122
0.651827
0.874203
-0.148842
0.0632724
0.249308
0.209042
0.4419
0.727913
0.975212
1.06723
1.03406
1.38672
1.2563
1.02884
1.38672
1.25629
1.02883
0.975209
1.06723
1.03406
0.209041
0.441897
0.72791
0.213781
0.336925
0.354835
-0.381328
-0.182953
0.0168897
0.115199
0.127427
0.110447
-0.377656
-0.220161
-0.0144534
0.231118
0.129558
0.0983084
0.056666
0.00792639
0.0335852
0.128592
0.193722
0.160918
0.246257
0.18512
0.107015
0.299383
0.292928
0.182906
-0.357447
-0.413562
-0.486791
-0.357445
-0.413561
-0.486791
-0.194305
-0.230895
-0.297831
-0.421424
-0.429119
-0.453993
-0.527438
-0.579013
-0.556588
-0.334196
-0.436211
-0.469029
-0.334197
-0.436215
-0.469036
-0.527443
-0.579015
-0.556589
-0.421426
-0.429124
-0.454
-0.454711
-0.445157
-0.381645
0.1152
0.127428
0.110449
-0.381325
-0.18295
0.0168917
0.246258
0.185123
0.10702
0.128597
0.193726
0.160921
0.0566664
0.00793041
0.0335906
0.213777
0.336919
0.354827
0.231112
0.129557
0.09831
-0.148849
0.0632646
0.2493
0.421208
0.651811
0.874185
0.421208
0.651813
0.874187
-0.14885
0.0632611
0.249297
0.209035
0.441885
0.727893
0.97519
1.06721
1.03404
1.38671
1.25628
1.02881
1.38672
1.2563
1.02883
0.975208
1.06722
1.03404
0.209046
0.441902
0.727914
0.213784
0.336922
0.354827
-0.381334
-0.182962
0.0168801
0.115191
0.127418
0.110438
-0.377659
-0.220166
-0.0144607
0.231108
0.129549
0.0982994
0.0566713
0.00793053
0.0335878
0.128593
0.193718
0.160911
0.246256
0.18512
0.107016
0.299381
0.292923
0.182899
-0.357444
-0.413558
-0.486787
-0.357443
-0.413558
-0.486787
-0.421425
-0.429121
-0.453996
-0.527439
-0.579012
-0.556585
-0.334197
-0.436213
-0.469032
-0.334197
-0.436212
-0.46903
-0.527437
-0.57901
-0.556585
-0.421421
-0.429118
-0.453993
0.115193
0.127422
0.110443
-0.381329
-0.182956
0.0168858
0.246257
0.185123
0.10702
0.128597
0.193723
0.160916
0.0566666
0.00793046
0.0335908
0.213777
0.336917
0.354824
0.231108
0.129552
0.0983047
-0.148851
0.0632603
0.249296
0.421205
0.651807
0.874181
0.421203
0.651806
0.874181
-0.148852
0.0632595
0.249294
0.209036
0.441887
0.727896
0.975193
1.06721
1.03403
1.38671
1.25628
1.02882
1.38671
1.25629
1.02882
0.975194
1.06721
1.03403
0.209035
0.441888
0.727898
0.213775
0.336915
0.354822
-0.381327
-0.182955
0.0168858
0.115196
0.127423
0.110443
0.231106
0.12955
0.0983033
0.056665
0.00792829
0.0335884
0.128594
0.193721
0.160915
0.246258
0.185122
0.107018
0.212508
0.0871726
-0.0300288
-0.0953675
-0.149619
-0.224765
-0.00331158
-0.136201
-0.23602
-0.149982
-0.149045
-0.11413
-0.142757
-0.165927
-0.215747
-0.271151
-0.295366
-0.289816
-0.462411
-0.377084
-0.291558
-0.512895
-0.509053
-0.458232
-0.418172
-0.386569
-0.314319
0.016019
-0.180801
-0.34443
-0.129844
-0.103877
-0.0780992
-0.0643899
-0.0743145
-0.0999015
-0.229199
-0.184437
-0.141755
-0.0138072
-0.0337429
-0.0540369
0
0
0
-0.0228859
-0.0622283
-0.0994562
0
0
0
-0.0669937
-0.177802
-0.272163
-0.275837
-0.20342
-0.14476
-0.480515
-0.426577
-0.357749
-0.358586
-0.430685
-0.482155
-0.500354
-0.542973
-0.527079
-0.530445
-0.549923
-0.507258
0
0
0
-0.113119
-0.304124
-0.444485
0
0
0
-0.0574591
-0.169768
-0.231951
-0.325032
-0.444271
-0.493167
0.107569
-0.085151
-0.204305
0.0733823
-0.186132
-0.381762
-0.378827
-0.254191
-0.0435128
0.766766
0.507043
0.23437
-0.394626
-0.238345
-0.03059
0.361771
0.624384
0.884464
0.868026
0.564237
0.251953
1.4009
1.30563
1.12906
1.14007
1.3263
1.43461
1.14007
1.3263
1.43461
1.40089
1.30563
1.12905
0.396067
0.726131
1.05895
1.30494
1.413
1.46175
1.92687
1.68216
1.39416
1.92687
1.68216
1.39416
1.30494
1.413
1.46175
0.396066
0.72613
1.05894
0.361769
0.624381
0.88446
-0.115473
0.162438
0.510564
1.14606
0.975866
0.805873
0
0
0
0.179091
0.437488
0.628598
0
0
0
0.497519
1.29695
1.84259
1.81352
1.37766
0.938094
2.11776
2.20095
2.13723
2.20484
2.4233
2.39465
2.20484
2.4233
2.39465
2.11776
2.20095
2.13723
0
0
0
0.468627
1.3415
2.01963
0
0
0
0
0
0
0.468627
1.3415
2.01963
0
0
0
0.497518
1.29695
1.84259
1.14606
0.975866
0.805874
-0.115472
0.162439
0.510566
0.107568
-0.0851511
-0.204305
1.81352
1.37766
0.938095
0
0
0
0.179091
0.437488
0.628599
0
0
0
-0.0574587
-0.169767
-0.23195
-0.00330959
-0.1362
-0.236019
-0.0953687
-0.149619
-0.224764
0.212508
0.0871714
-0.0300304
0.0160199
-0.1808
-0.344429
-0.418172
-0.386568
-0.314318
-0.512894
-0.509052
-0.458232
-0.46241
-0.377083
-0.291557
-0.27115
-0.295365
-0.289816
-0.142758
-0.165927
-0.215747
-0.149984
-0.149047
-0.114132
0.766763
0.50704
0.234367
-0.378827
-0.254191
-0.0435144
0.868022
0.564233
0.25195
0.0733809
-0.186133
-0.381762
-0.394627
-0.238346
-0.0305918
-0.530445
-0.549922
-0.507258
-0.500354
-0.542973
-0.527079
-0.358585
-0.430684
-0.482154
-0.480514
-0.426577
-0.357748
-0.325031
-0.44427
-0.493166
0
0
0
-0.113119
-0.304124
-0.444485
0
0
0
-0.0669936
-0.177802
-0.272163
-0.229199
-0.184437
-0.141755
-0.0643905
-0.0743146
-0.0999015
-0.129846
-0.103879
-0.0781001
-0.275836
-0.203419
-0.14476
0
0
0
-0.0228858
-0.0622282
-0.099456
0
0
0
-0.0138073
-0.0337433
-0.0540376
-0.0953701
-0.149623
-0.22477
-0.00331411
-0.136205
-0.236025
-0.142759
-0.16593
-0.215751
-0.271156
-0.295371
-0.289822
-0.462416
-0.37709
-0.291563
-0.512898
-0.509055
-0.458232
-0.418173
-0.386573
-0.314324
0.0160256
-0.180796
-0.344428
-0.0643911
-0.0743163
-0.0999042
-0.229204
-0.184442
-0.141759
0
0
0
-0.0228865
-0.0622301
-0.0994589
0
0
0
-0.0669949
-0.177806
-0.272168
-0.275842
-0.203424
-0.144764
-0.48052
-0.426583
-0.357755
-0.358591
-0.430688
-0.482155
-0.500345
-0.542967
-0.527075
-0.530448
-0.549921
-0.507251
0
0
0
-0.113118
-0.304123
-0.444483
0
0
0
-0.0574524
-0.169751
-0.231928
-0.325011
-0.444258
-0.493161
0.107593
-0.0851255
-0.20428
0.0734044
-0.186113
-0.381748
-0.378824
-0.254182
-0.0434994
0.76678
0.507059
0.234385
-0.394614
-0.238332
-0.0305751
0.361792
0.624401
0.884476
0.868039
0.564253
0.251969
1.4009
1.30564
1.12906
1.14008
1.3263
1.4346
1.14005
1.32629
1.4346
1.40089
1.30562
1.12904
0.39609
0.726151
1.05896
1.30495
1.41299
1.46174
1.92686
1.68216
1.39417
1.92685
1.68214
1.39415
1.30492
1.41298
1.46174
0.396054
0.726116
1.05893
0.361756
0.624366
0.884446
-0.115445
0.162471
0.5106
1.14608
0.975893
0.805906
0
0
0
0.1791
0.437512
0.628632
0
0
0
0.497519
1.29695
1.8426
1.81353
1.37768
0.938127
2.11775
2.20094
2.13723
2.20483
2.42329
2.39462
2.20481
2.42327
2.39462
2.11775
2.20093
2.13721
0
0
0
0.46862
1.34148
2.0196
0
0
0
0
0
0
0.468619
1.34148
2.0196
0
0
0
0.49751
1.29693
1.84257
1.14604
0.975856
0.805868
-0.115472
0.162438
0.510563
0.107559
-0.0851558
-0.204306
1.8135
1.37765
0.938089
0
0
0
0.17909
0.437486
0.628596
0
0
0
-0.0574585
-0.169766
-0.231948
-0.00331165
-0.136203
-0.236022
-0.095372
-0.149622
-0.224767
0.212507
0.0871686
-0.0300338
0.0160188
-0.180802
-0.344432
-0.418174
-0.38657
-0.314321
-0.512895
-0.509054
-0.458234
-0.46241
-0.377084
-0.291558
-0.271151
-0.295367
-0.289818
-0.14276
-0.165929
-0.215748
-0.149986
-0.149049
-0.114135
0.76676
0.507035
0.23436
-0.37883
-0.254196
-0.0435206
0.868009
0.564222
0.251941
0.0733715
-0.18614
-0.381766
-0.394631
-0.238353
-0.0305991
-0.530445
-0.549924
-0.507261
-0.500356
-0.542973
-0.527077
-0.358584
-0.430683
-0.482152
-0.480514
-0.426576
-0.357747
-0.32503
-0.444268
-0.493164
0
0
0
-0.113118
-0.304122
-0.444482
0
0
0
-0.0669931
-0.177801
-0.272162
-0.229199
-0.184437
-0.141755
-0.0643908
-0.0743148
-0.0999015
-0.129847
-0.10388
-0.0781006
-0.275835
-0.203419
-0.14476
0
0
0
-0.0228857
-0.0622281
-0.0994559
0
0
0
-0.0138074
-0.0337434
-0.0540379
-0.0953734
-0.149626
-0.224773
-0.0033174
-0.136209
-0.236029
-0.142761
-0.165932
-0.215754
-0.271159
-0.295374
-0.289825
-0.462419
-0.377093
-0.291566
-0.512901
-0.509058
-0.458236
-0.418178
-0.386577
-0.314328
0.016021
-0.180801
-0.344432
-0.0643917
-0.0743173
-0.0999058
-0.229206
-0.184444
-0.141761
0
0
0
-0.022887
-0.0622314
-0.0994607
0
0
0
-0.0669956
-0.177807
-0.272171
-0.275845
-0.203428
-0.144766
-0.480523
-0.426586
-0.357758
-0.358593
-0.430689
-0.482151
-0.500338
-0.542959
-0.527068
-0.53045
-0.54992
-0.507247
0
0
0
-0.113116
-0.304118
-0.444477
0
0
0
-0.0574451
-0.169732
-0.231902
-0.324986
-0.444239
-0.49315
0.107608
-0.0851025
-0.204252
0.0734159
-0.186102
-0.381739
-0.378827
-0.254184
-0.0435001
0.76678
0.507057
0.234384
-0.394609
-0.238328
-0.0305744
0.361796
0.624396
0.884465
0.86803
0.56425
0.251968
1.40089
1.30563
1.12905
1.14006
1.32628
1.43457
1.14006
1.32627
1.43457
1.40089
1.30563
1.12905
0.396096
0.726148
1.05894
1.30492
1.41295
1.46171
1.92682
1.68212
1.39414
1.92682
1.68212
1.39414
1.30491
1.41295
1.46171
0.396092
0.726144
1.05894
0.361792
0.624391
0.88446
-0.115415
0.162502
0.510626
1.14606
0.975894
0.805922
0
0
0
0.179107
0.43753
0.628654
0
0
0
0.497513
1.29694
1.84258
1.81352
1.37768
0.938141
2.11772
2.20091
2.1372
2.2048
2.42325
2.39458
2.2048
2.42325
2.39458
2.11772
2.20091
2.1372
0
0
0
0.46861
1.34145
2.01957
0
0
0
0
0
0
0.468609
1.34145
2.01957
0
0
0
0.497512
1.29694
1.84258
1.14606
0.975892
0.80592
-0.115416
0.162501
0.510624
0.107604
-0.0851049
-0.204254
1.81352
1.37768
0.938139
0
0
0
0.179107
0.43753
0.628653
0
0
0
-0.0574452
-0.169732
-0.231902
-0.00331645
-0.136208
-0.236028
-0.0953731
-0.149626
-0.224773
0.212507
0.087169
-0.0300336
0.0160201
-0.180802
-0.344433
-0.418178
-0.386577
-0.314327
-0.5129
-0.509058
-0.458236
-0.462418
-0.377092
-0.291565
-0.271158
-0.295374
-0.289824
-0.142761
-0.165932
-0.215753
-0.149986
-0.149049
-0.114135
0.766776
0.507052
0.234379
-0.378828
-0.254186
-0.0435039
0.868025
0.564244
0.251963
0.0734117
-0.186105
-0.381742
-0.394611
-0.238332
-0.0305785
-0.530449
-0.549921
-0.507248
-0.50034
-0.54296
-0.527068
-0.358593
-0.430688
-0.482151
-0.480522
-0.426585
-0.357757
-0.324987
-0.44424
-0.493151
0
0
0
-0.113116
-0.304118
-0.444477
0
0
0
-0.0669954
-0.177807
-0.27217
-0.229205
-0.184443
-0.14176
-0.0643914
-0.0743169
-0.0999053
-0.129847
-0.103879
-0.0781004
-0.275845
-0.203427
-0.144765
0
0
0
-0.0228869
-0.0622311
-0.0994602
0
0
0
-0.0138073
-0.0337433
-0.0540378
-0.0953719
-0.149622
-0.224767
-0.0033108
-0.136202
-0.236022
-0.142759
-0.165929
-0.215747
-0.271151
-0.295367
-0.289818
-0.46241
-0.377083
-0.291558
-0.512894
-0.509054
-0.458234
-0.418174
-0.38657
-0.31432
0.0160184
-0.180803
-0.344432
-0.0643907
-0.0743148
-0.0999015
-0.229199
-0.184437
-0.141755
0
0
0
-0.0228857
-0.0622281
-0.0994559
0
0
0
-0.0669931
-0.177801
-0.272161
-0.275835
-0.203419
-0.14476
-0.480514
-0.426576
-0.357747
-0.358584
-0.430683
-0.482152
-0.500357
-0.542973
-0.527077
-0.530445
-0.549924
-0.507261
0
0
0
-0.113118
-0.304122
-0.444482
0
0
0
-0.0574585
-0.169766
-0.231949
-0.325031
-0.444268
-0.493164
0.107557
-0.0851573
-0.204307
0.0733696
-0.186141
-0.381767
-0.37883
-0.254197
-0.0435223
0.766757
0.507032
0.234358
-0.394632
-0.238354
-0.030601
0.361754
0.624364
0.884443
0.868007
0.564219
0.251939
1.40089
1.30562
1.12904
1.14005
1.32629
1.4346
1.14008
1.3263
1.4346
1.4009
1.30564
1.12907
0.396051
0.726114
1.05893
1.30492
1.41298
1.46174
1.92685
1.68214
1.39414
1.92686
1.68216
1.39417
1.30495
1.41299
1.46174
0.396091
0.726152
1.05896
0.361793
0.624403
0.884478
-0.115473
0.162437
0.510562
1.14604
0.975854
0.805866
0
0
0
0.17909
0.437486
0.628595
0
0
0
0.49751
1.29693
1.84257
1.8135
1.37764
0.938087
2.11775
2.20093
2.13721
2.20481
2.42327
2.39462
2.20483
2.42329
2.39463
2.11775
2.20094
2.13723
0
0
0
0.468619
1.34148
2.0196
0
0
0
0
0
0
0.46862
1.34148
2.0196
0
0
0
0.497519
1.29695
1.8426
1.14608
0.975893
0.805906
-0.115446
0.162471
0.5106
0.107594
-0.0851251
-0.20428
1.81354
1.37768
0.938127
0
0
0
0.1791
0.437512
0.628632
0
0
0
-0.0574525
-0.169752
-0.231928
-0.00331339
-0.136204
-0.236024
-0.0953701
-0.149623
-0.224769
0.212507
0.0871714
-0.0300304
0.016027
-0.180795
-0.344427
-0.418173
-0.386572
-0.314324
-0.512898
-0.509055
-0.458232
-0.462416
-0.37709
-0.291564
-0.271156
-0.295371
-0.289821
-0.142759
-0.165931
-0.215751
-0.149984
-0.149047
-0.114132
0.766782
0.507061
0.234387
-0.378823
-0.254181
-0.043498
0.868041
0.564255
0.251971
0.0734055
-0.186112
-0.381747
-0.394614
-0.238331
-0.0305737
-0.530448
-0.549921
-0.507251
-0.500345
-0.542967
-0.527076
-0.358591
-0.430689
-0.482155
-0.48052
-0.426583
-0.357755
-0.325011
-0.444258
-0.493161
0
0
0
-0.113118
-0.304123
-0.444483
0
0
0
-0.066995
-0.177806
-0.272168
-0.229204
-0.184442
-0.141759
-0.0643911
-0.0743163
-0.0999042
-0.129846
-0.103879
-0.0781001
-0.275842
-0.203425
-0.144764
0
0
0
-0.0228865
-0.0622301
-0.0994589
0
0
0
-0.0138073
-0.0337433
-0.0540376
-0.0953687
-0.149619
-0.224764
-0.00330959
-0.1362
-0.236019
-0.142758
-0.165927
-0.215747
-0.27115
-0.295365
-0.289816
-0.46241
-0.377083
-0.291557
-0.512894
-0.509052
-0.458232
-0.418172
-0.386568
-0.314318
0.0160199
-0.1808
-0.344429
-0.0643905
-0.0743146
-0.0999015
-0.229199
-0.184437
-0.141755
0
0
0
-0.0228858
-0.0622282
-0.099456
0
0
0
-0.0669936
-0.177802
-0.272163
-0.275836
-0.203419
-0.14476
-0.480514
-0.426577
-0.357748
-0.358585
-0.430684
-0.482154
-0.500354
-0.542973
-0.527079
-0.530445
-0.549922
-0.507258
0
0
0
-0.113119
-0.304124
-0.444484
0
0
0
-0.0574587
-0.169767
-0.23195
-0.325031
-0.44427
-0.493166
0.107568
-0.0851511
-0.204305
0.0733809
-0.186133
-0.381762
-0.378827
-0.254191
-0.0435144
0.766763
0.50704
0.234367
-0.394627
-0.238346
-0.0305918
0.361769
0.624381
0.88446
0.868022
0.564233
0.25195
1.40089
1.30563
1.12905
1.14007
1.3263
1.43461
1.14007
1.3263
1.43461
1.4009
1.30563
1.12906
0.396066
0.72613
1.05894
1.30494
1.413
1.46175
1.92687
1.68216
1.39416
1.92687
1.68216
1.39416
1.30494
1.413
1.46175
0.396067
0.726131
1.05895
0.361771
0.624384
0.884464
-0.115472
0.162439
0.510566
1.14606
0.975866
0.805874
0
0
0
0.179091
0.437488
0.628599
0
0
0
0.497518
1.29695
1.84259
1.81352
1.37766
0.938095
2.11776
2.20095
2.13723
2.20484
2.4233
2.39465
2.20484
2.4233
2.39465
2.11776
2.20095
2.13723
0
0
0
0.468627
1.3415
2.01963
0
0
0
0
0
0
0.468627
1.3415
2.01963
0
0
0
0.497519
1.29695
1.84259
1.14606
0.975866
0.805873
-0.115473
0.162438
0.510564
0.107569
-0.085151
-0.204305
1.81352
1.37766
0.938094
0
0
0
0.179091
0.437488
0.628598
0
0
0
-0.0574591
-0.169768
-0.231951
-0.00331158
-0.136201
-0.23602
-0.0953675
-0.149619
-0.224765
0.016019
-0.180801
-0.34443
-0.418172
-0.386569
-0.314319
-0.512895
-0.509053
-0.458232
-0.462411
-0.377084
-0.291558
-0.271151
-0.295366
-0.289816
-0.142757
-0.165927
-0.215747
0.766766
0.507043
0.23437
-0.378827
-0.254191
-0.0435128
0.868026
0.564237
0.251953
0.0733823
-0.186132
-0.381762
-0.394626
-0.238345
-0.03059
-0.530445
-0.549923
-0.507258
-0.500354
-0.542973
-0.527079
-0.358586
-0.430685
-0.482155
-0.480515
-0.426577
-0.357749
-0.325032
-0.444271
-0.493167
0
0
0
-0.113119
-0.304124
-0.444485
0
0
0
-0.0669937
-0.177802
-0.272163
-0.229199
-0.184437
-0.141755
-0.0643899
-0.0743145
-0.0999015
-0.275837
-0.20342
-0.14476
0
0
0
-0.0228859
-0.0622283
-0.0994562
0
0
0
-0.202721
-0.245086
-0.315281
-0.245087
-0.295849
-0.370896
-0.315283
-0.370897
-0.446999
-0.399031
-0.45622
-0.454896
-0.451985
-0.497004
-0.475108
-0.521992
-0.552598
-0.511281
-0.584522
-0.597884
-0.535879
-0.597885
-0.592204
-0.512112
-0.535881
-0.512113
-0.41552
-0.399033
-0.451986
-0.521993
-0.456223
-0.497007
-0.5526
-0.4549
-0.475111
-0.511283
-0.362966
-0.194178
0.0123694
-0.358971
-0.174956
0.0314528
-0.374342
-0.180053
0.0227851
0.201767
0.296048
0.286766
0.20255
0.269874
0.235529
0.175708
0.219355
0.164512
0.153185
0.175104
0.0999746
0.175576
0.178742
0.084264
0.271627
0.25891
0.144834
-0.380945
-0.179153
0.0181265
-0.342704
-0.136013
0.0553574
-0.234632
-0.0250234
0.162772
-0.0460051
0.166961
0.354498
0.166962
0.385168
0.579557
0.3545
0.579558
0.79038
0.459375
0.438088
0.308342
0.693682
0.678985
0.547145
0.929776
0.940998
0.828385
1.1126
1.17426
1.10935
1.17426
1.29929
1.3031
1.10934
1.3031
1.38897
0.459377
0.693683
0.929777
0.43809
0.678986
0.940998
0.308343
0.547144
0.828383
-0.362971
-0.358975
-0.374344
-0.194183
-0.17496
-0.180055
0.0123658
0.0314509
0.0227846
-0.380947
-0.342705
-0.234632
-0.179153
-0.136012
-0.0250226
0.0181272
0.0553588
0.162774
0.153187
0.175579
0.27163
0.175106
0.178745
0.258912
0.0999772
0.0842665
0.144836
0.201765
0.202549
0.175709
0.296048
0.269875
0.219357
0.286766
0.23553
0.164514
-0.202722
-0.245088
-0.315283
-0.245089
-0.295852
-0.370899
-0.315285
-0.3709
-0.447003
-0.399033
-0.456224
-0.454901
-0.451989
-0.497009
-0.475114
-0.521996
-0.552603
-0.511287
-0.584526
-0.597888
-0.535884
-0.597886
-0.592206
-0.512115
-0.53588
-0.512112
-0.415519
-0.399036
-0.451989
-0.521996
-0.456225
-0.497008
-0.552602
-0.4549
-0.475111
-0.511282
-0.362972
-0.194184
0.0123643
-0.358978
-0.174963
0.031447
-0.374348
-0.180059
0.0227796
0.201763
0.296046
0.286764
0.202545
0.269871
0.235527
0.175704
0.219352
0.16451
0.153183
0.175102
0.0999734
0.175577
0.178743
0.0842656
0.271631
0.258915
0.144839
-0.38095
-0.179158
0.0181227
-0.342706
-0.136014
0.0553566
-0.234631
-0.0250217
0.162775
-0.0460008
0.166966
0.354504
0.166968
0.385175
0.579565
0.354506
0.579564
0.790388
0.459383
0.438097
0.308352
0.693691
0.678996
0.547157
0.929786
0.94101
0.828398
1.11261
1.17427
1.10936
1.17427
1.29929
1.30311
1.10935
1.30311
1.38897
0.459382
0.693688
0.929782
0.438092
0.678988
0.941001
0.308344
0.547145
0.828384
-0.362968
-0.358972
-0.37434
-0.194178
-0.174954
-0.180049
0.012372
0.0314567
0.0227903
-0.380943
-0.342701
-0.234628
-0.179148
-0.136007
-0.0250169
0.0181328
0.0553644
0.162779
0.153191
0.175583
0.271634
0.175108
0.178747
0.258914
0.0999769
0.0842666
0.144836
0.20177
0.202554
0.175713
0.296051
0.269878
0.219359
0.286767
0.235531
0.164514
-0.202722
-0.24509
-0.315286
-0.24509
-0.295854
-0.370902
-0.315286
-0.370902
-0.447006
-0.399036
-0.456226
-0.454901
-0.451992
-0.497011
-0.475114
-0.521999
-0.552605
-0.511286
-0.584529
-0.59789
-0.535883
-0.597889
-0.592208
-0.512113
-0.535883
-0.512113
-0.415517
-0.399037
-0.451992
-0.521999
-0.456226
-0.497011
-0.552605
-0.454901
-0.475113
-0.511286
-0.362969
-0.194179
0.012371
-0.358975
-0.174957
0.0314541
-0.374344
-0.180053
0.0227867
0.201769
0.29605
0.286766
0.202551
0.269875
0.235527
0.17571
0.219355
0.164509
0.153188
0.175104
0.099972
0.175582
0.178745
0.0842633
0.271637
0.258917
0.144837
-0.380946
-0.179151
0.0181297
-0.342702
-0.136007
0.0553638
-0.234625
-0.0250138
0.162783
-0.0459939
0.166976
0.354515
0.166976
0.385187
0.579578
0.354515
0.579578
0.790403
0.459391
0.438101
0.308351
0.693702
0.679003
0.547158
0.929799
0.941019
0.828402
1.11262
1.17428
1.10936
1.17428
1.2993
1.30312
1.10936
1.30312
1.38897
0.459391
0.693702
0.929798
0.438101
0.679001
0.941017
0.30835
0.547156
0.828399
-0.362969
-0.358974
-0.374343
-0.194178
-0.174956
-0.180052
0.0123721
0.0314555
0.0227884
-0.380945
-0.342701
-0.234625
-0.17915
-0.136006
-0.0250128
0.0181315
0.0553654
0.162784
0.15319
0.175583
0.271638
0.175106
0.178746
0.258917
0.0999732
0.0842642
0.144837
0.20177
0.202553
0.175711
0.296052
0.269876
0.219357
0.286767
0.235529
0.164511
-0.202722
-0.245089
-0.315285
-0.245088
-0.295852
-0.3709
-0.315283
-0.370899
-0.447003
-0.399036
-0.456225
-0.4549
-0.451989
-0.497009
-0.475111
-0.521996
-0.552602
-0.511282
-0.584526
-0.597886
-0.53588
-0.597888
-0.592206
-0.512112
-0.535885
-0.512115
-0.41552
-0.399034
-0.451989
-0.521996
-0.456224
-0.497009
-0.552604
-0.454901
-0.475114
-0.511287
-0.362968
-0.194178
0.0123727
-0.358972
-0.174954
0.0314572
-0.37434
-0.180049
0.0227907
0.201771
0.296052
0.286768
0.202555
0.269879
0.235531
0.175714
0.21936
0.164515
0.153191
0.175109
0.0999778
0.175583
0.178747
0.0842671
0.271633
0.258914
0.144836
-0.380943
-0.179148
0.0181329
-0.342701
-0.136007
0.0553641
-0.234629
-0.025018
0.162778
-0.0460025
0.166966
0.354504
0.166964
0.385173
0.579562
0.354503
0.579563
0.790386
0.45938
0.438091
0.308343
0.693685
0.678986
0.547143
0.92978
0.940998
0.828381
1.11261
1.17426
1.10934
1.17427
1.29929
1.3031
1.10936
1.30311
1.38897
0.459382
0.69369
0.929784
0.438097
0.678996
0.941009
0.308353
0.547158
0.828399
-0.362972
-0.358979
-0.374349
-0.194185
-0.174964
-0.18006
0.0123641
0.0314465
0.0227789
-0.380951
-0.342708
-0.234632
-0.179159
-0.136016
-0.0250234
0.0181217
0.0553554
0.162773
0.153182
0.175576
0.271631
0.175102
0.178743
0.258915
0.0999741
0.0842663
0.14484
0.201763
0.202545
0.175703
0.296046
0.269871
0.219352
0.286764
0.235527
0.16451
-0.202721
-0.245087
-0.315283
-0.245086
-0.295849
-0.370897
-0.315281
-0.370896
-0.446999
-0.399033
-0.456223
-0.4549
-0.451986
-0.497007
-0.475111
-0.521993
-0.5526
-0.511283
-0.584522
-0.597885
-0.535881
-0.597884
-0.592204
-0.512113
-0.535879
-0.512112
-0.41552
-0.399031
-0.451985
-0.521992
-0.45622
-0.497004
-0.552598
-0.454896
-0.475108
-0.511281
-0.362971
-0.194183
0.0123658
-0.358975
-0.17496
0.0314508
-0.374344
-0.180055
0.0227846
0.201765
0.296048
0.286766
0.202549
0.269875
0.23553
0.175709
0.219357
0.164514
0.153187
0.175106
0.0999772
0.175579
0.178745
0.0842665
0.27163
0.258912
0.144836
-0.380947
-0.179153
0.0181272
-0.342705
-0.136012
0.0553588
-0.234632
-0.0250226
0.162774
-0.0460051
0.166962
0.3545
0.166961
0.385168
0.579558
0.354498
0.579557
0.79038
0.459377
0.43809
0.308343
0.693683
0.678986
0.547144
0.929777
0.940998
0.828383
1.1126
1.17426
1.10934
1.17426
1.29929
1.3031
1.10935
1.3031
1.38897
0.459375
0.693682
0.929776
0.438088
0.678985
0.940998
0.308342
0.547145
0.828385
-0.362966
-0.358971
-0.374342
-0.194178
-0.174956
-0.180053
0.0123694
0.0314528
0.0227851
-0.380945
-0.342704
-0.234632
-0.179153
-0.136013
-0.0250234
0.0181265
0.0553574
0.162772
0.153185
0.175576
0.271627
0.175104
0.178742
0.25891
0.0999746
0.084264
0.144834
0.201767
0.20255
0.175708
0.296048
0.269874
0.219355
0.286766
0.235529
0.164512
0.188899
0.0624042
-0.0512303
0.122586
-0.00575444
-0.110792
0.0392179
-0.0902143
-0.190826
-0.127516
-0.155865
-0.152082
-0.174793
-0.191837
-0.179522
-0.246206
-0.254531
-0.233601
-0.334671
-0.339611
-0.313325
-0.41196
-0.42382
-0.399578
-0.456911
-0.489883
-0.480073
-0.0402182
-0.177657
-0.280401
-0.0750275
-0.228783
-0.345709
-0.0391457
-0.219137
-0.363468
-0.129871
-0.102961
-0.0770039
-0.150728
-0.118887
-0.0890375
-0.196008
-0.156469
-0.118899
-0.0525832
-0.0322821
-0.0115976
-0.0609416
-0.0370239
-0.0133464
-0.0826793
-0.0509125
-0.0189145
-0.120718
-0.0759337
-0.0283159
-0.17143
-0.109683
-0.0411021
-0.234911
-0.152635
-0.0573304
-0.26761
-0.218076
-0.169401
-0.351012
-0.294566
-0.234952
-0.43821
-0.381063
-0.313516
-0.515835
-0.469279
-0.401119
-0.554008
-0.531856
-0.474537
-0.536776
-0.553979
-0.520417
-0.309991
-0.204456
-0.076587
-0.378419
-0.252959
-0.0950347
-0.42968
-0.291653
-0.108929
-0.447377
-0.308669
-0.114133
-0.412602
-0.289251
-0.105656
-0.313307
-0.224612
-0.0794292
-0.443227
-0.513492
-0.518563
-0.277245
-0.402061
-0.451798
-0.0411171
-0.21407
-0.310896
0.0977785
-0.116314
-0.30181
0.320945
0.0764232
-0.151431
0.606235
0.346102
0.0838757
-0.439976
-0.512343
-0.534564
-0.342312
-0.465279
-0.533514
-0.158546
-0.338133
-0.463028
0.114308
-0.118225
-0.304734
0.418328
0.153698
-0.0801837
0.729425
0.459726
0.199635
0.92241
0.672439
0.395725
1.17966
0.970693
0.71022
1.35219
1.21216
0.999168
1.41837
1.37259
1.23795
1.37259
1.42348
1.38152
1.23795
1.38151
1.438
1.0268
0.785955
0.52938
1.25267
1.06989
0.849313
1.40876
1.3091
1.15509
1.49364
1.50037
1.44447
1.50037
1.61851
1.67561
1.44447
1.67561
1.85584
1.0268
1.25267
1.40876
0.785952
1.06989
1.3091
0.529379
0.849311
1.15509
0.269529
0.0629983
-0.076454
0.603588
0.389853
0.224072
0.957585
0.764496
0.590737
-0.130293
-0.0994554
-0.0297822
0.119149
0.0749662
0.0388363
0.436966
0.300778
0.126397
0.832915
0.583992
0.235075
1.24231
0.877111
0.345644
1.64843
1.16345
0.450725
1.33268
1.19352
1.0328
1.67278
1.61089
1.48137
1.97875
2.01087
1.92392
2.23424
2.36563
2.32293
2.36563
2.56808
2.55083
2.32293
2.55083
2.53293
2.00878
1.40744
0.533936
2.20134
1.52016
0.562064
2.15887
1.45717
0.520684
1.79593
1.17027
0.397212
1.17027
0.725979
0.228286
0.397212
0.228286
0.0611227
2.00878
2.20134
2.15887
1.40744
1.52016
1.45717
0.533935
0.562064
0.520684
0.269528
0.603588
0.957585
0.0629983
0.389854
0.764497
-0.0764532
0.224073
0.590738
1.33268
1.67278
1.97875
1.19352
1.61089
2.01087
1.0328
1.48137
1.92392
0.832916
1.24231
1.64843
0.583992
0.877111
1.16345
0.235075
0.345644
0.450725
-0.130292
0.11915
0.436967
-0.0994545
0.0749671
0.300779
-0.0297819
0.0388366
0.126397
0.188899
0.122587
0.0392197
0.0624037
-0.00575391
-0.0902131
-0.0512313
-0.110792
-0.190825
-0.0402161
-0.0750256
-0.0391443
-0.177656
-0.228781
-0.219136
-0.2804
-0.345708
-0.363468
-0.334671
-0.411959
-0.45691
-0.339611
-0.42382
-0.489882
-0.313324
-0.399577
-0.480072
-0.127518
-0.174794
-0.246206
-0.155867
-0.191838
-0.254531
-0.152083
-0.179523
-0.233601
0.0977787
0.320944
0.606232
-0.116313
0.0764222
0.3461
-0.30181
-0.151432
0.0838738
0.922407
1.17965
1.35219
0.672436
0.970689
1.21215
0.395722
0.710216
0.999164
0.114306
0.418325
0.729421
-0.118227
0.153696
0.459723
-0.304735
-0.080185
0.199633
-0.439976
-0.342312
-0.158548
-0.512342
-0.465279
-0.338134
-0.534563
-0.533514
-0.463028
-0.515834
-0.554007
-0.536775
-0.469279
-0.531855
-0.553978
-0.401119
-0.474536
-0.520416
-0.443227
-0.277245
-0.041118
-0.513491
-0.402061
-0.21407
-0.518562
-0.451797
-0.310896
-0.447377
-0.412602
-0.313306
-0.308668
-0.28925
-0.224611
-0.114133
-0.105656
-0.0794288
-0.30999
-0.378418
-0.42968
-0.204455
-0.252959
-0.291652
-0.0765869
-0.0950345
-0.108929
-0.129872
-0.150729
-0.196008
-0.102962
-0.118887
-0.156469
-0.0770045
-0.0890376
-0.118898
-0.26761
-0.351011
-0.43821
-0.218076
-0.294566
-0.381063
-0.1694
-0.234952
-0.313515
-0.120718
-0.171429
-0.234911
-0.0759336
-0.109682
-0.152634
-0.0283158
-0.041102
-0.0573302
-0.0525836
-0.0609417
-0.0826792
-0.0322823
-0.0370239
-0.0509124
-0.0115977
-0.0133464
-0.0189145
0.188897
0.0624023
-0.0512326
0.122584
-0.00575743
-0.110795
0.0392151
-0.0902179
-0.19083
-0.127519
-0.155868
-0.152084
-0.174797
-0.191841
-0.179526
-0.246212
-0.254536
-0.233606
-0.334677
-0.339617
-0.313331
-0.411965
-0.423826
-0.399584
-0.456913
-0.489887
-0.480078
-0.0402201
-0.17766
-0.280405
-0.075027
-0.228784
-0.345712
-0.0391414
-0.219135
-0.363468
-0.129873
-0.102962
-0.0770052
-0.150732
-0.118889
-0.0890395
-0.196012
-0.156473
-0.118902
-0.0525842
-0.0322827
-0.0115978
-0.0609431
-0.0370248
-0.0133467
-0.0826815
-0.0509139
-0.0189151
-0.120721
-0.0759358
-0.0283167
-0.171434
-0.109685
-0.0411031
-0.234916
-0.152638
-0.0573316
-0.267616
-0.218081
-0.169405
-0.351018
-0.294572
-0.234958
-0.438216
-0.381069
-0.313521
-0.515839
-0.469284
-0.401124
-0.554007
-0.531858
-0.47454
-0.53677
-0.553976
-0.520416
-0.309996
-0.204459
-0.0765882
-0.378422
-0.252962
-0.0950355
-0.429681
-0.291653
-0.108929
-0.447372
-0.308666
-0.114132
-0.412591
-0.289243
-0.105653
-0.313288
-0.224598
-0.0794236
-0.443214
-0.513482
-0.518556
-0.277226
-0.402045
-0.451783
-0.0410943
-0.214047
-0.310874
0.0977874
-0.116307
-0.301806
0.320957
0.0764347
-0.151421
0.606249
0.346117
0.0838896
-0.439974
-0.512343
-0.534566
-0.342304
-0.465274
-0.533511
-0.158534
-0.338122
-0.463019
0.114325
-0.118209
-0.304719
0.418346
0.153717
-0.0801644
0.72944
0.459744
0.199656
0.922424
0.672454
0.395741
1.17967
0.970706
0.710235
1.35219
1.21216
0.999179
1.41837
1.3726
1.23796
1.37259
1.42348
1.38151
1.23794
1.3815
1.43799
1.02681
0.78597
0.5294
1.25267
1.0699
0.849329
1.40876
1.30911
1.1551
1.49362
1.50036
1.44447
1.50035
1.61849
1.6756
1.44445
1.67559
1.85583
1.02679
1.25265
1.40875
0.785937
1.06987
1.30908
0.529365
0.849296
1.15507
0.269554
0.0630262
-0.0764251
0.603612
0.389884
0.224106
0.957605
0.764525
0.590771
-0.130267
-0.0994363
-0.0297748
0.119181
0.0749892
0.0388451
0.437
0.300803
0.126406
0.832946
0.584015
0.235083
1.24233
0.877129
0.34565
1.64845
1.16346
0.450728
1.33269
1.19355
1.03283
1.67278
1.6109
1.48139
1.97875
2.01088
1.92393
2.23423
2.36562
2.32293
2.36561
2.56806
2.55081
2.32291
2.5508
2.5329
2.00877
1.40743
0.533934
2.20132
1.52015
0.562059
2.15885
1.45715
0.520677
1.79591
1.17026
0.397207
1.17025
0.725968
0.228283
0.397206
0.228284
0.0611224
2.00875
2.2013
2.15884
1.40742
1.52013
1.45715
0.533926
0.562054
0.520675
0.269519
0.603576
0.95757
0.062993
0.389847
0.764488
-0.0764545
0.224071
0.590733
1.33266
1.67276
1.97874
1.19351
1.61087
2.01085
1.03279
1.48136
1.9239
0.83291
1.24229
1.64842
0.583988
0.877102
1.16343
0.235073
0.345639
0.450718
-0.130291
0.119151
0.436966
-0.0994532
0.0749678
0.300778
-0.0297816
0.0388366
0.126396
0.188897
0.122585
0.0392176
0.0624008
-0.00575691
-0.090216
-0.0512347
-0.110795
-0.190828
-0.040218
-0.0750271
-0.0391455
-0.177658
-0.228784
-0.219138
-0.280402
-0.345711
-0.36347
-0.334673
-0.411961
-0.456913
-0.339612
-0.423821
-0.489884
-0.313325
-0.399578
-0.480073
-0.127521
-0.174796
-0.246209
-0.155869
-0.19184
-0.254533
-0.152085
-0.179524
-0.233602
0.0977777
0.320942
0.60623
-0.116316
0.0764188
0.346095
-0.301813
-0.151436
0.0838677
0.922404
1.17965
1.35218
0.67243
0.970682
1.21215
0.395714
0.710206
0.999153
0.114297
0.418314
0.729408
-0.118235
0.153685
0.45971
-0.30474
-0.0801934
0.199621
-0.439979
-0.342316
-0.158554
-0.512344
-0.465282
-0.338139
-0.534564
-0.533516
-0.463032
-0.515835
-0.554008
-0.536777
-0.469278
-0.531855
-0.553978
-0.401117
-0.474535
-0.520415
-0.44323
-0.27725
-0.0411254
-0.513492
-0.402063
-0.214074
-0.518561
-0.451796
-0.310896
-0.447374
-0.412599
-0.313304
-0.308666
-0.289248
-0.22461
-0.114132
-0.105655
-0.0794283
-0.309989
-0.378416
-0.429677
-0.204454
-0.252957
-0.29165
-0.0765862
-0.0950337
-0.108928
-0.129873
-0.15073
-0.196009
-0.102962
-0.118887
-0.156469
-0.077005
-0.089038
-0.118899
-0.26761
-0.351012
-0.43821
-0.218076
-0.294566
-0.381062
-0.1694
-0.234952
-0.313515
-0.120718
-0.171429
-0.23491
-0.0759333
-0.109682
-0.152633
-0.0283157
-0.0411017
-0.0573298
-0.0525839
-0.0609418
-0.0826792
-0.0322825
-0.037024
-0.0509124
-0.0115978
-0.0133464
-0.0189144
0.188896
0.0623995
-0.0512361
0.122582
-0.00576066
-0.110799
0.0392123
-0.0902217
-0.190834
-0.127522
-0.15587
-0.152086
-0.1748
-0.191844
-0.179528
-0.246215
-0.254539
-0.233608
-0.334681
-0.33962
-0.313334
-0.411969
-0.423829
-0.399587
-0.456917
-0.48989
-0.480081
-0.0402239
-0.177665
-0.28041
-0.0750317
-0.228789
-0.345717
-0.0391462
-0.21914
-0.363473
-0.129874
-0.102963
-0.0770059
-0.150733
-0.118891
-0.0890407
-0.196015
-0.156474
-0.118903
-0.0525847
-0.032283
-0.011598
-0.060944
-0.0370255
-0.013347
-0.082683
-0.050915
-0.0189155
-0.120723
-0.0759374
-0.0283173
-0.171437
-0.109687
-0.0411038
-0.234919
-0.15264
-0.0573322
-0.267619
-0.218084
-0.169407
-0.351021
-0.294575
-0.234961
-0.438219
-0.381072
-0.313525
-0.515841
-0.469286
-0.401127
-0.554007
-0.531858
-0.47454
-0.536765
-0.553971
-0.520412
-0.309998
-0.20446
-0.0765886
-0.378422
-0.252962
-0.0950352
-0.429677
-0.29165
-0.108928
-0.447363
-0.308658
-0.114129
-0.412574
-0.28923
-0.105648
-0.313265
-0.224581
-0.0794169
-0.443205
-0.513471
-0.518545
-0.277212
-0.402027
-0.451765
-0.0410787
-0.214025
-0.310849
0.0977834
-0.116311
-0.30181
0.320955
0.0764313
-0.151424
0.606249
0.346115
0.0838879
-0.439977
-0.512344
-0.534567
-0.342305
-0.465274
-0.53351
-0.158533
-0.33812
-0.463015
0.114325
-0.118205
-0.304712
0.418344
0.15372
-0.0801556
0.729433
0.459744
0.199663
0.922424
0.672452
0.395739
1.17967
0.970702
0.710231
1.35219
1.21216
0.99917
1.41836
1.37258
1.23794
1.37258
1.42346
1.38149
1.23794
1.38149
1.43796
1.0268
0.78596
0.529401
1.25265
1.06988
0.849318
1.40872
1.30907
1.15508
1.49358
1.50032
1.44443
1.50032
1.61845
1.67556
1.44443
1.67556
1.85579
1.02679
1.25264
1.40872
0.785955
1.06987
1.30907
0.529396
0.849314
1.15507
0.269567
0.0630491
-0.0763959
0.603616
0.389902
0.224134
0.957596
0.764534
0.590793
-0.130238
-0.0994146
-0.0297664
0.119211
0.0750128
0.0388541
0.437027
0.300824
0.126414
0.832963
0.584029
0.235088
1.24233
0.877132
0.34565
1.64843
1.16345
0.450724
1.33267
1.19354
1.03284
1.67275
1.61088
1.48139
1.97871
2.01085
1.92391
2.23419
2.36558
2.32289
2.36558
2.56803
2.55077
2.32289
2.55077
2.53286
2.00875
1.40741
0.533926
2.20128
1.52012
0.562048
2.15881
1.45712
0.520666
1.79587
1.17023
0.397197
1.17023
0.72595
0.228277
0.397197
0.228277
0.0611202
2.00875
2.20128
2.15881
1.40741
1.52012
1.45712
0.533925
0.562047
0.520665
0.269563
0.603613
0.957593
0.0630464
0.389899
0.764531
-0.0763975
0.224133
0.590791
1.33267
1.67275
1.97871
1.19354
1.61088
2.01084
1.03284
1.48138
1.92391
0.832961
1.24233
1.64843
0.584028
0.877131
1.16345
0.235088
0.34565
0.450723
-0.130239
0.11921
0.437025
-0.0994148
0.0750125
0.300824
-0.0297664
0.0388542
0.126414
0.188897
0.122583
0.0392133
0.0624
-0.00576004
-0.090221
-0.0512358
-0.110798
-0.190834
-0.040223
-0.0750311
-0.0391465
-0.177664
-0.228789
-0.21914
-0.280409
-0.345717
-0.363473
-0.33468
-0.411968
-0.456917
-0.33962
-0.423828
-0.489889
-0.313333
-0.399586
-0.48008
-0.127522
-0.1748
-0.246214
-0.15587
-0.191843
-0.254538
-0.152086
-0.179527
-0.233607
0.0977819
0.320952
0.606245
-0.116313
0.0764285
0.346111
-0.301811
-0.151427
0.083884
0.922419
1.17966
1.35219
0.672447
0.970696
1.21215
0.395734
0.710225
0.999164
0.11432
0.418338
0.729427
-0.11821
0.153715
0.459738
-0.304715
-0.0801599
0.199658
-0.439977
-0.342307
-0.158537
-0.512345
-0.465275
-0.338123
-0.534567
-0.533511
-0.463017
-0.51584
-0.554007
-0.536766
-0.469286
-0.531858
-0.553972
-0.401126
-0.474539
-0.520412
-0.443207
-0.277216
-0.0410823
-0.513473
-0.402029
-0.214028
-0.518545
-0.451766
-0.310851
-0.447363
-0.412575
-0.313265
-0.308658
-0.28923
-0.224581
-0.114129
-0.105648
-0.0794171
-0.309997
-0.378422
-0.429677
-0.20446
-0.252961
-0.29165
-0.0765884
-0.0950351
-0.108928
-0.129874
-0.150733
-0.196014
-0.102963
-0.11889
-0.156474
-0.0770057
-0.0890403
-0.118903
-0.267618
-0.35102
-0.438218
-0.218083
-0.294575
-0.381072
-0.169407
-0.23496
-0.313524
-0.120723
-0.171436
-0.234918
-0.075937
-0.109687
-0.152639
-0.0283171
-0.0411036
-0.057332
-0.0525845
-0.0609437
-0.0826826
-0.0322829
-0.0370253
-0.0509147
-0.0115979
-0.0133469
-0.0189153
0.188898
0.0624012
-0.0512345
0.122586
-0.00575649
-0.110795
0.0392184
-0.0902154
-0.190828
-0.127521
-0.155869
-0.152085
-0.174796
-0.19184
-0.179524
-0.246209
-0.254533
-0.233602
-0.334673
-0.339612
-0.313325
-0.411961
-0.423821
-0.399578
-0.456912
-0.489883
-0.480073
-0.0402172
-0.177658
-0.280402
-0.0750265
-0.228783
-0.34571
-0.0391454
-0.219138
-0.36347
-0.129873
-0.102962
-0.0770049
-0.15073
-0.118887
-0.0890379
-0.196009
-0.156469
-0.118899
-0.0525838
-0.0322824
-0.0115977
-0.0609418
-0.037024
-0.0133464
-0.0826792
-0.0509123
-0.0189144
-0.120717
-0.0759333
-0.0283157
-0.171429
-0.109682
-0.0411017
-0.23491
-0.152633
-0.0573298
-0.26761
-0.218076
-0.1694
-0.351011
-0.294566
-0.234952
-0.438209
-0.381062
-0.313514
-0.515834
-0.469278
-0.401117
-0.554008
-0.531855
-0.474534
-0.536777
-0.553978
-0.520415
-0.309989
-0.204454
-0.0765862
-0.378416
-0.252957
-0.0950337
-0.429677
-0.29165
-0.108928
-0.447374
-0.308666
-0.114132
-0.4126
-0.289248
-0.105655
-0.313305
-0.22461
-0.0794284
-0.443231
-0.513492
-0.518561
-0.277251
-0.402064
-0.451796
-0.0411271
-0.214075
-0.310897
0.0977768
-0.116317
-0.301814
0.32094
0.0764172
-0.151437
0.606228
0.346093
0.0838657
-0.439979
-0.512344
-0.534564
-0.342317
-0.465283
-0.533516
-0.158555
-0.33814
-0.463032
0.114295
-0.118236
-0.304741
0.418311
0.153683
-0.0801951
0.729405
0.459707
0.199619
0.922401
0.672427
0.395711
1.17965
0.970679
0.710203
1.35218
1.21214
0.99915
1.41837
1.37258
1.23794
1.3726
1.42348
1.3815
1.23796
1.38151
1.43799
1.02678
0.785934
0.529362
1.25265
1.06987
0.849293
1.40875
1.30908
1.15507
1.49362
1.50035
1.44445
1.50036
1.61849
1.67559
1.44447
1.6756
1.85583
1.02682
1.25267
1.40876
0.785972
1.0699
1.30911
0.529402
0.84933
1.1551
0.269517
0.0629914
-0.0764558
0.603574
0.389845
0.22407
0.957568
0.764486
0.590732
-0.130292
-0.0994536
-0.0297817
0.11915
0.0749674
0.0388366
0.436965
0.300778
0.126396
0.832909
0.583988
0.235073
1.24229
0.877102
0.345639
1.64842
1.16343
0.450718
1.33266
1.19351
1.03279
1.67276
1.61087
1.48135
1.97874
2.01085
1.9239
2.23423
2.36561
2.3229
2.36562
2.56806
2.5508
2.32293
2.55081
2.5329
2.00875
1.40742
0.533927
2.2013
1.52013
0.562054
2.15884
1.45715
0.520675
1.79591
1.17025
0.397206
1.17026
0.725968
0.228284
0.397207
0.228284
0.0611224
2.00878
2.20132
2.15885
1.40744
1.52015
1.45715
0.533934
0.562059
0.520677
0.269555
0.603613
0.957605
0.0630267
0.389884
0.764525
-0.0764251
0.224106
0.590771
1.33269
1.67278
1.97875
1.19355
1.6109
2.01088
1.03283
1.48139
1.92393
0.832947
1.24233
1.64845
0.584015
0.87713
1.16346
0.235083
0.34565
0.450728
-0.130268
0.11918
0.437
-0.0994366
0.074989
0.300803
-0.0297749
0.0388451
0.126406
0.188897
0.122584
0.0392157
0.0624024
-0.00575714
-0.0902174
-0.0512326
-0.110795
-0.19083
-0.0402192
-0.0750259
-0.0391401
-0.17766
-0.228783
-0.219134
-0.280405
-0.345712
-0.363468
-0.334676
-0.411965
-0.456913
-0.339617
-0.423826
-0.489887
-0.313331
-0.399584
-0.480078
-0.127519
-0.174797
-0.246211
-0.155868
-0.191841
-0.254536
-0.152084
-0.179526
-0.233606
0.0977889
0.320959
0.606251
-0.116305
0.0764364
0.346119
-0.301805
-0.15142
0.0838913
0.922425
1.17967
1.35219
0.672456
0.970708
1.21217
0.395743
0.710238
0.999182
0.114326
0.418348
0.729442
-0.118208
0.153719
0.459746
-0.304718
-0.0801633
0.199657
-0.439974
-0.342303
-0.158533
-0.512342
-0.465274
-0.338122
-0.534566
-0.533511
-0.463019
-0.515839
-0.554008
-0.53677
-0.469284
-0.531858
-0.553976
-0.401125
-0.47454
-0.520416
-0.443214
-0.277226
-0.0410935
-0.513482
-0.402044
-0.214047
-0.518556
-0.451783
-0.310874
-0.447373
-0.412591
-0.313289
-0.308666
-0.289243
-0.224599
-0.114132
-0.105653
-0.0794237
-0.309996
-0.378422
-0.429681
-0.204459
-0.252962
-0.291653
-0.0765883
-0.0950356
-0.10893
-0.129873
-0.150732
-0.196012
-0.102962
-0.118889
-0.156473
-0.0770052
-0.0890396
-0.118902
-0.267616
-0.351018
-0.438216
-0.218081
-0.294572
-0.381069
-0.169405
-0.234958
-0.313522
-0.120721
-0.171434
-0.234916
-0.0759358
-0.109685
-0.152638
-0.0283167
-0.0411031
-0.0573316
-0.0525842
-0.0609431
-0.0826815
-0.0322827
-0.0370248
-0.0509139
-0.0115978
-0.0133467
-0.0189151
0.188899
0.0624037
-0.0512313
0.122587
-0.00575392
-0.110792
0.0392197
-0.0902131
-0.190825
-0.127518
-0.155867
-0.152083
-0.174794
-0.191838
-0.179523
-0.246206
-0.254531
-0.233601
-0.334671
-0.339611
-0.313324
-0.411959
-0.42382
-0.399577
-0.45691
-0.489882
-0.480072
-0.0402161
-0.177656
-0.2804
-0.0750256
-0.228781
-0.345708
-0.0391443
-0.219136
-0.363468
-0.129872
-0.102962
-0.0770045
-0.150729
-0.118887
-0.0890376
-0.196008
-0.156469
-0.118898
-0.0525836
-0.0322823
-0.0115977
-0.0609417
-0.0370239
-0.0133464
-0.0826792
-0.0509124
-0.0189145
-0.120718
-0.0759336
-0.0283158
-0.171429
-0.109682
-0.041102
-0.234911
-0.152634
-0.0573302
-0.26761
-0.218076
-0.1694
-0.351011
-0.294566
-0.234952
-0.43821
-0.381063
-0.313515
-0.515834
-0.469279
-0.401119
-0.554007
-0.531855
-0.474536
-0.536775
-0.553978
-0.520416
-0.30999
-0.204455
-0.0765869
-0.378418
-0.252959
-0.0950345
-0.42968
-0.291652
-0.108929
-0.447377
-0.308668
-0.114133
-0.412602
-0.28925
-0.105656
-0.313306
-0.224611
-0.0794288
-0.443227
-0.513491
-0.518562
-0.277245
-0.402061
-0.451797
-0.041118
-0.21407
-0.310896
0.0977787
-0.116313
-0.30181
0.320944
0.0764222
-0.151432
0.606232
0.3461
0.0838738
-0.439976
-0.512342
-0.534563
-0.342312
-0.465279
-0.533514
-0.158548
-0.338134
-0.463028
0.114306
-0.118227
-0.304735
0.418325
0.153696
-0.080185
0.729421
0.459723
0.199633
0.922407
0.672436
0.395722
1.17965
0.970689
0.710216
1.35219
1.21215
0.999164
1.41837
1.37259
1.23795
1.37259
1.42348
1.38151
1.23795
1.38152
1.438
1.0268
0.785952
0.529379
1.25267
1.06989
0.849311
1.40876
1.3091
1.15509
1.49364
1.50037
1.44447
1.50037
1.61851
1.67561
1.44447
1.67561
1.85584
1.0268
1.25267
1.40876
0.785955
1.06989
1.3091
0.52938
0.849313
1.15509
0.269528
0.0629983
-0.0764532
0.603588
0.389854
0.224073
0.957585
0.764497
0.590738
-0.130292
-0.0994545
-0.0297819
0.11915
0.0749671
0.0388366
0.436967
0.300779
0.126397
0.832916
0.583992
0.235075
1.24231
0.877111
0.345644
1.64843
1.16345
0.450725
1.33268
1.19352
1.0328
1.67278
1.61089
1.48137
1.97875
2.01087
1.92392
2.23424
2.36563
2.32293
2.36563
2.56808
2.55083
2.32293
2.55083
2.53293
2.00878
1.40744
0.533935
2.20134
1.52016
0.562064
2.15887
1.45717
0.520684
1.79593
1.17027
0.397212
1.17027
0.725979
0.228286
0.397212
0.228286
0.0611227
2.00878
2.20134
2.15887
1.40744
1.52016
1.45717
0.533936
0.562064
0.520684
0.269529
0.603588
0.957585
0.0629983
0.389853
0.764496
-0.076454
0.224072
0.590737
1.33268
1.67278
1.97875
1.19352
1.61089
2.01087
1.0328
1.48137
1.92392
0.832915
1.24231
1.64843
0.583992
0.877111
1.16345
0.235075
0.345644
0.450725
-0.130293
0.119149
0.436966
-0.0994554
0.0749662
0.300778
-0.0297822
0.0388363
0.126397
0.188899
0.122586
0.0392179
0.0624042
-0.00575444
-0.0902143
-0.0512303
-0.110792
-0.190826
-0.0402182
-0.0750275
-0.0391457
-0.177657
-0.228783
-0.219137
-0.280401
-0.345709
-0.363468
-0.334671
-0.41196
-0.456911
-0.339611
-0.42382
-0.489883
-0.313325
-0.399578
-0.480073
-0.127516
-0.174793
-0.246206
-0.155865
-0.191837
-0.254531
-0.152082
-0.179522
-0.233601
0.0977785
0.320945
0.606235
-0.116314
0.0764232
0.346102
-0.30181
-0.151431
0.0838757
0.92241
1.17966
1.35219
0.672439
0.970693
1.21216
0.395725
0.71022
0.999168
0.114308
0.418328
0.729425
-0.118225
0.153698
0.459726
-0.304734
-0.0801837
0.199635
-0.439976
-0.342312
-0.158546
-0.512343
-0.465279
-0.338133
-0.534564
-0.533514
-0.463028
-0.515835
-0.554008
-0.536776
-0.469279
-0.531856
-0.553979
-0.401119
-0.474537
-0.520417
-0.443227
-0.277245
-0.0411171
-0.513492
-0.402061
-0.21407
-0.518563
-0.451798
-0.310896
-0.447377
-0.412602
-0.313307
-0.308669
-0.289251
-0.224612
-0.114133
-0.105656
-0.0794292
-0.309991
-0.378419
-0.42968
-0.204456
-0.252959
-0.291653
-0.076587
-0.0950347
-0.108929
-0.129871
-0.150728
-0.196008
-0.102961
-0.118887
-0.156469
-0.0770039
-0.0890375
-0.118899
-0.26761
-0.351012
-0.43821
-0.218076
-0.294566
-0.381063
-0.169401
-0.234952
-0.313516
-0.120718
-0.17143
-0.234911
-0.0759337
-0.109683
-0.152635
-0.0283159
-0.0411021
-0.0573304
-0.0525832
-0.0609416
-0.0826793
-0.0322821
-0.0370239
-0.0509125
-0.0115976
-0.0133464
-0.0189145
