FiniteElementSpace
FiniteElementCollection: H1_2D_P4
VDim: 1
Ordering: 0

-0.0100669
9.35762e-14
9.35736e-14
7.76165e-35
9.3577e-14
7.76496e-35
9.3577e-14
7.7667e-35
9.35736e-14
7.76496e-35
7.76165e-35
-0.0409258
4.87272e-21
4.87272e-21
-0.040926
4.87302e-21
4.87451e-21
-0.0409257
4.87525e-21
4.87533e-21
-0.0409256
4.87451e-21
4.87302e-21
-0.040926
4.87272e-21
4.87272e-21
-0.106018
-0.106018
-0.106015
-0.106018
-0.106018
-0.0485737
-0.0701002
-0.0701
-0.0485737
-0.0701013
-0.0700997
-0.0485743
-0.0701006
-0.0701002
-0.0485743
-0.0700997
-0.0701015
-0.0485737
-0.0701
-0.0701002
0.0177642
1.39243e-16
-0.0564026
4.0102e-27
4.01022e-27
-0.0564023
1.39242e-16
0.0177642
1.39245e-16
-0.0564027
4.01112e-27
4.01183e-27
-0.0564021
1.39265e-16
0.0177643
1.39274e-16
-0.0564024
4.01258e-27
4.0126e-27
-0.0564023
1.39276e-16
0.0177644
1.39265e-16
-0.0564021
4.01183e-27
4.01112e-27
-0.0564028
1.39245e-16
0.0177642
1.39242e-16
-0.0564023
4.01022e-27
4.0102e-27
-0.0564026
1.39243e-16
-0.114333
-0.114333
-0.114334
-0.114333
-0.114333
-0.000676944
-0.0851945
-0.000676781
-0.00067753
-0.0851896
-0.000676686
-0.00067784
-0.0851813
-0.000677671
-0.000676637
-0.0851896
-0.000677524
-0.000676781
-0.0851945
-0.000676944
-0.0175438
-0.0713445
-0.0713446
-0.0175438
-0.0780101
-0.0375844
-0.127974
-0.110904
-0.110903
-0.127975
-0.0375844
-0.0780103
-0.0713449
-0.0713452
-0.017544
-0.037585
-0.127975
-0.110904
-0.110903
-0.127975
-0.0375841
-0.0780107
-0.0713455
-0.0713456
-0.017544
-0.0375844
-0.127976
-0.110903
-0.110903
-0.127976
-0.0375843
-0.0780107
-0.0713452
-0.0713449
-0.0175438
-0.0375842
-0.127975
-0.110903
-0.110905
-0.127975
-0.0375852
-0.0780103
-0.0713446
-0.0713445
-0.0375844
-0.127975
-0.110903
-0.110904
-0.127974
-0.0375844
0.010446
0.0134842
-0.0153284
0.00916313
5.76828e-15
0.000321306
1.31628e-18
-0.0381608
-0.0296786
-0.074299
-0.0688832
-0.0688831
-0.0742988
7.06389e-24
-0.0831421
8.91529e-31
8.91533e-31
-0.083142
7.06393e-24
-0.0381606
-0.0153281
0.0134843
0.010446
-0.0296783
1.31628e-18
0.000321366
5.76819e-15
0.00916315
0.0134841
-0.0153292
5.76822e-15
0.000320969
1.31633e-18
-0.0381616
-0.0296796
-0.0742985
-0.0688809
-0.0688812
-0.0742978
7.0649e-24
-0.0831369
8.91819e-31
8.91903e-31
-0.0831368
7.06665e-24
-0.038161
-0.0153278
0.0134844
0.0104465
-0.0296783
1.31662e-18
0.000321365
5.76872e-15
0.00916317
0.0134841
-0.015329
5.76887e-15
0.000320631
1.31675e-18
-0.038163
-0.0296804
-0.0742957
-0.0688764
-0.0688766
-0.0742955
7.06784e-24
-0.0831296
8.92086e-31
8.92087e-31
-0.0831297
7.06791e-24
-0.0381631
-0.0153287
0.0134842
0.0104465
-0.0296802
1.31678e-18
0.000320698
5.76892e-15
0.00916318
0.0134844
-0.0153277
5.76872e-15
0.00032138
1.31662e-18
-0.038161
-0.0296782
-0.0742979
-0.0688812
-0.0688809
-0.0742986
7.06665e-24
-0.0831368
8.91903e-31
8.91819e-31
-0.0831369
7.0649e-24
-0.0381616
-0.0153293
0.0134841
0.010446
-0.0296796
1.31633e-18
0.000320973
5.76822e-15
0.00916315
0.0134843
-0.0153281
5.76819e-15
0.000321366
1.31628e-18
-0.0381606
-0.0296783
-0.0742988
-0.0688831
-0.0688832
-0.074299
7.06393e-24
-0.083142
8.91533e-31
8.91529e-31
-0.0831421
7.06389e-24
-0.0381608
-0.0153284
0.0134842
-0.0296786
1.31628e-18
0.000321306
5.76828e-15
-0.0326896
-0.0893196
-0.152274
-0.0893198
-0.0326898
-0.0893203
-0.152274
-0.08932
-0.0326901
-0.0893204
-0.152274
-0.0893204
-0.0326898
-0.0893201
-0.152274
-0.0893203
-0.0326896
-0.0893198
-0.152274
-0.0893196
0.0091564
0.00648528
-0.0155354
-0.0556432
-0.0679473
-0.0596745
-0.0787552
-0.0596744
0.00915655
-0.0556429
-0.0155353
0.00648532
0.00915614
0.00648523
-0.0155362
-0.0556441
-0.0679452
-0.0596733
-0.0787486
-0.0596733
0.00915683
-0.0556423
-0.0155354
0.00648535
0.00915649
0.0064852
-0.0155373
-0.0556434
-0.0679398
-0.0596717
-0.0787406
-0.0596719
0.00915663
-0.055643
-0.0155373
0.00648523
0.00915687
0.00648536
-0.0155354
-0.0556423
-0.0679453
-0.0596733
-0.0787486
-0.0596734
0.00915611
-0.0556442
-0.0155362
0.00648523
0.00915655
0.00648532
-0.0155353
-0.0556429
-0.0679473
-0.0596744
-0.0787552
-0.0596745
0.0091564
-0.0556432
-0.0155354
0.00648528
-0.0102558
-0.0116958
-0.0149205
-0.0187137
-0.0224015
-0.0284058
-0.0187137
-0.0224015
-0.0284057
-0.0102558
-0.0116958
-0.0149205
-0.041502
-0.029723
-0.0209349
-0.0510611
-0.0572785
-0.0657889
-0.0638172
-0.0497868
-0.0378232
-0.106638
-0.0915189
-0.0776627
-0.106638
-0.091519
-0.0776628
-0.0638172
-0.0497868
-0.0378232
-0.0510611
-0.0572785
-0.0657889
-0.041502
-0.029723
-0.0209349
-0.0558308
-0.0684885
-0.0766491
-0.0783234
-0.0805367
-0.0854299
-0.0783702
-0.0884312
-0.0913832
-0.0514487
-0.0679359
-0.0769226
-0.0380276
-0.0350638
-0.0356833
-0.0490685
-0.0695448
-0.0846505
-0.0623214
-0.0496217
-0.0406444
-0.082601
-0.10498
-0.122155
-0.120163
-0.105947
-0.0941707
-0.121186
-0.130123
-0.131179
-0.135443
-0.146987
-0.152526
-0.135444
-0.146987
-0.152526
-0.121186
-0.130123
-0.131179
-0.0782667
-0.0934912
-0.106122
-0.121423
-0.138631
-0.149668
-0.110417
-0.115206
-0.114069
-0.110417
-0.115206
-0.114069
-0.121423
-0.138631
-0.149668
-0.0782665
-0.0934908
-0.106122
-0.0826008
-0.10498
-0.122155
-0.0783703
-0.0884314
-0.0913834
-0.0783236
-0.0805369
-0.0854301
-0.0558309
-0.0684886
-0.0766494
-0.120163
-0.105947
-0.0941709
-0.0623212
-0.0496215
-0.0406444
-0.0490686
-0.0695449
-0.0846507
-0.0380277
-0.0350639
-0.0356833
-0.0514489
-0.0679362
-0.0769229
-0.0187137
-0.0224016
-0.0284059
-0.0187139
-0.0224017
-0.028406
-0.0102559
-0.0116958
-0.0149206
-0.0510611
-0.0572787
-0.0657892
-0.0638175
-0.0497871
-0.0378235
-0.106638
-0.0915195
-0.0776632
-0.106638
-0.0915196
-0.0776634
-0.0638178
-0.0497872
-0.0378235
-0.0510617
-0.0572791
-0.0657895
-0.0415025
-0.0297233
-0.0209352
-0.0783237
-0.0805371
-0.0854305
-0.0783706
-0.0884318
-0.0913838
-0.0380279
-0.0350642
-0.0356839
-0.0490692
-0.0695456
-0.0846512
-0.0623225
-0.0496226
-0.0406452
-0.0826021
-0.104981
-0.122156
-0.120164
-0.105948
-0.0941715
-0.121187
-0.130123
-0.13118
-0.135444
-0.146988
-0.152527
-0.135444
-0.146987
-0.152526
-0.121187
-0.130123
-0.131179
-0.0782679
-0.0934922
-0.106123
-0.121424
-0.138631
-0.149668
-0.110417
-0.115206
-0.11407
-0.110417
-0.115206
-0.114068
-0.121422
-0.138631
-0.149668
-0.0782662
-0.0934905
-0.106121
-0.0826006
-0.104979
-0.122155
-0.0783709
-0.0884319
-0.0913837
-0.0783239
-0.0805372
-0.0854304
-0.0558315
-0.0684892
-0.0766498
-0.120163
-0.105947
-0.0941711
-0.062321
-0.0496214
-0.0406442
-0.0490684
-0.0695449
-0.0846508
-0.0380274
-0.0350636
-0.0356831
-0.0514487
-0.0679362
-0.0769232
-0.0187139
-0.0224018
-0.0284062
-0.0187139
-0.0224018
-0.0284062
-0.0102559
-0.0116958
-0.0149207
-0.0510617
-0.0572792
-0.0657898
-0.0638181
-0.0497875
-0.0378238
-0.106639
-0.0915202
-0.0776638
-0.106639
-0.0915203
-0.0776639
-0.0638181
-0.0497876
-0.0378238
-0.0510618
-0.0572793
-0.0657898
-0.0415025
-0.0297234
-0.0209352
-0.078324
-0.0805374
-0.0854307
-0.0783712
-0.0884323
-0.0913841
-0.0380275
-0.0350637
-0.0356833
-0.0490687
-0.0695452
-0.0846512
-0.0623217
-0.0496219
-0.0406445
-0.0826015
-0.10498
-0.122156
-0.120164
-0.105948
-0.0941716
-0.121188
-0.130124
-0.13118
-0.135445
-0.146988
-0.152527
-0.135445
-0.146988
-0.152527
-0.121188
-0.130124
-0.13118
-0.0782671
-0.0934913
-0.106122
-0.121422
-0.138631
-0.149668
-0.110414
-0.115204
-0.114068
-0.110414
-0.115204
-0.114068
-0.121422
-0.13863
-0.149668
-0.0782667
-0.0934909
-0.106121
-0.0826012
-0.10498
-0.122156
-0.0783713
-0.0884323
-0.0913842
-0.078324
-0.0805374
-0.0854307
-0.0558315
-0.0684893
-0.0766499
-0.120164
-0.105948
-0.0941716
-0.0623214
-0.0496217
-0.0406444
-0.0490685
-0.0695451
-0.0846512
-0.0380274
-0.0350636
-0.0356832
-0.0514487
-0.0679362
-0.0769232
-0.0187139
-0.0224017
-0.028406
-0.0187137
-0.0224016
-0.0284059
-0.0102558
-0.0116958
-0.0149205
-0.0510617
-0.0572791
-0.0657895
-0.0638178
-0.0497872
-0.0378235
-0.106638
-0.0915196
-0.0776634
-0.106638
-0.0915195
-0.0776632
-0.0638175
-0.049787
-0.0378235
-0.0510611
-0.0572786
-0.0657891
-0.041502
-0.029723
-0.0209349
-0.078324
-0.0805372
-0.0854304
-0.0783709
-0.0884319
-0.0913838
-0.0380274
-0.0350636
-0.0356831
-0.0490684
-0.0695449
-0.0846509
-0.0623209
-0.0496213
-0.0406442
-0.0826006
-0.104979
-0.122155
-0.120163
-0.105947
-0.0941711
-0.121187
-0.130123
-0.131179
-0.135444
-0.146987
-0.152526
-0.135444
-0.146988
-0.152527
-0.121187
-0.130123
-0.13118
-0.0782661
-0.0934904
-0.106121
-0.121422
-0.138631
-0.149668
-0.110417
-0.115206
-0.114068
-0.110417
-0.115207
-0.11407
-0.121424
-0.138632
-0.149668
-0.0782681
-0.0934924
-0.106123
-0.0826023
-0.104981
-0.122156
-0.0783706
-0.0884317
-0.0913838
-0.0783237
-0.0805371
-0.0854305
-0.0558309
-0.0684886
-0.0766494
-0.120164
-0.105948
-0.0941715
-0.0623227
-0.0496228
-0.0406453
-0.0490693
-0.0695456
-0.0846513
-0.0380279
-0.0350642
-0.035684
-0.0514489
-0.0679362
-0.0769229
-0.0187137
-0.0224015
-0.0284057
-0.0187137
-0.0224015
-0.0284058
-0.0510611
-0.0572785
-0.0657889
-0.0638172
-0.0497868
-0.0378232
-0.106638
-0.091519
-0.0776628
-0.106638
-0.0915189
-0.0776627
-0.0638172
-0.0497868
-0.0378232
-0.0510611
-0.0572785
-0.0657889
-0.0783236
-0.0805369
-0.0854301
-0.0783703
-0.0884314
-0.0913834
-0.0380277
-0.0350639
-0.0356833
-0.0490686
-0.0695449
-0.0846507
-0.0623212
-0.0496215
-0.0406444
-0.0826008
-0.10498
-0.122155
-0.120163
-0.105947
-0.0941709
-0.121186
-0.130123
-0.131179
-0.135444
-0.146987
-0.152526
-0.135443
-0.146987
-0.152526
-0.121186
-0.130123
-0.131179
-0.0782665
-0.0934908
-0.106122
-0.121423
-0.138631
-0.149668
-0.110417
-0.115206
-0.114069
-0.110417
-0.115206
-0.114069
-0.121423
-0.138631
-0.149668
-0.0782667
-0.0934912
-0.106122
-0.082601
-0.10498
-0.122155
-0.0783702
-0.0884312
-0.0913832
-0.0783234
-0.0805367
-0.0854299
-0.120163
-0.105947
-0.0941707
-0.0623214
-0.0496217
-0.0406444
-0.0490685
-0.0695448
-0.0846505
-0.0380276
-0.0350638
-0.0356833
-0.0300121
-0.0105055
0.00471623
0.0116416
0.0122801
0.0108326
-0.0264686
-0.0082138
0.00467466
0.0186315
0.0184723
0.0145676
0.0173702
0.0162711
0.0146486
0.0143252
0.0146749
0.012175
0.00291163
0.00829594
0.0120431
-0.00152389
-0.0045546
-0.0105214
-0.00927767
0.000168534
0.00677347
-0.0579108
-0.0372829
-0.0215106
0.0165343
0.0136906
0.0107034
0.00871161
0.00787114
0.00701142
0.0124152
0.0100898
0.00771399
0.00197599
0.00488608
0.00768148
6.18433e-14
2.61216e-14
9.97893e-15
0.00103338
0.00310819
0.005298
2.83215e-16
1.00764e-15
3.24242e-15
-0.000117804
-9.98464e-06
0.000226004
0.00195621
0.00429624
0.00586887
-0.000144293
0.000310762
0.000379544
-0.00162285
-0.00624831
-0.0120568
-0.0269622
-0.0222712
-0.0178429
-0.0047782
-0.0138418
-0.0240888
6.65722e-17
1.52214e-17
3.14772e-18
-0.00328738
-0.00859035
-0.0132062
1.37e-20
9.00439e-20
5.35258e-19
-0.00829438
-0.0220998
-0.0332738
-0.034235
-0.0266575
-0.0192385
-0.0540544
-0.0489762
-0.0424205
-0.0529653
-0.0449084
-0.0351941
-0.0219744
-0.0355719
-0.0491229
-0.100066
-0.08021
-0.0631392
-0.0326846
-0.0396613
-0.049222
-0.0587156
-0.0636064
-0.0700401
-0.0736944
-0.0695927
-0.0614089
-0.100767
-0.0897486
-0.0791776
-0.0740212
-0.0718878
-0.0691268
-0.074021
-0.0718876
-0.0691267
-0.100767
-0.0897484
-0.0791774
-0.0592879
-0.0635439
-0.0669976
-0.0681405
-0.0670014
-0.0671787
-0.0819402
-0.0759246
-0.0709913
-0.0819401
-0.0759245
-0.0709912
-0.0681404
-0.0670013
-0.0671787
-0.0592876
-0.0635437
-0.0669974
-0.0587153
-0.0636061
-0.0700398
-0.0420048
-0.0490431
-0.0559524
-0.0693947
-0.0687267
-0.0642056
1.68532e-21
2.08594e-22
2.33506e-23
-0.0137891
-0.0365825
-0.0534141
1.55856e-26
1.89234e-25
2.07802e-24
-0.0194002
-0.0518992
-0.0751866
-0.079245
-0.0712645
-0.0635222
-0.0881014
-0.0911754
-0.0882177
-0.086396
-0.0892211
-0.0848739
-0.0863959
-0.089221
-0.0848739
-0.0881014
-0.0911753
-0.0882176
1.00338e-27
6.72271e-29
4.07378e-30
-0.0157779
-0.0456301
-0.0697783
4.16985e-34
9.35274e-33
1.89729e-31
4.16986e-34
9.35276e-33
1.8973e-31
-0.0157779
-0.0456301
-0.0697783
1.00339e-27
6.72275e-29
4.0738e-30
-0.0194001
-0.0518991
-0.0751865
-0.0693945
-0.0687266
-0.0642054
-0.0420047
-0.049043
-0.0559522
-0.0540541
-0.0489759
-0.0424203
-0.0792449
-0.0712644
-0.063522
1.55857e-26
1.89235e-25
2.07803e-24
-0.0137891
-0.0365824
-0.0534139
1.68532e-21
2.08594e-22
2.33507e-23
-0.00829435
-0.0220997
-0.0332736
-0.0264685
-0.00821369
0.0046748
0.0116416
0.0122802
0.0108327
-0.0300123
-0.0105056
0.00471622
-0.0579105
-0.0372826
-0.0215103
-0.00927742
0.000168735
0.00677363
-0.00152371
-0.00455437
-0.0105211
0.00291177
0.00829607
0.0120432
0.0143254
0.0146751
0.0121751
0.0173703
0.0162712
0.0146487
0.0186316
0.0184723
0.0145677
-0.100066
-0.0802096
-0.0631388
-0.0219741
-0.0355715
-0.0491225
-0.073694
-0.0695923
-0.0614085
-0.052965
-0.0449081
-0.0351938
-0.0326843
-0.039661
-0.0492216
-0.00477802
-0.0138416
-0.0240885
-0.026962
-0.022271
-0.0178427
-0.00162278
-0.00624822
-0.0120566
-0.000144151
0.000310866
0.000379617
-0.0342348
-0.0266573
-0.0192383
1.37e-20
9.00439e-20
5.35258e-19
-0.00328736
-0.0085903
-0.0132061
6.65718e-17
1.52214e-17
3.14771e-18
-0.000117794
-9.95622e-06
0.000226052
0.0124153
0.0100899
0.00771403
0.00871163
0.00787117
0.00701146
0.0165344
0.0136907
0.0107035
0.00195626
0.00429628
0.0058689
2.83213e-16
1.00763e-15
3.24237e-15
0.00103338
0.00310821
0.00529803
6.18417e-14
2.61211e-14
9.97875e-15
0.00197599
0.00488609
0.0076815
0.0116416
0.01228
0.0108324
-0.0264692
-0.00821426
0.00467433
0.0173703
0.0162711
0.0146486
0.0143251
0.0146748
0.0121747
0.00291114
0.00829564
0.012043
-0.00152451
-0.00455529
-0.0105221
-0.00927839
0.000168004
0.00677312
-0.0579119
-0.0372839
-0.0215115
0.00871162
0.00787114
0.00701139
0.0124151
0.0100897
0.00771392
6.18418e-14
2.61211e-14
9.97879e-15
0.00103337
0.00310816
0.00529796
2.83217e-16
1.00764e-15
3.2424e-15
-0.000117875
-1.017e-05
0.000225717
0.00195594
0.00429608
0.00586878
-0.000144841
0.00031029
0.000379159
-0.00162327
-0.00624888
-0.0120575
-0.0269633
-0.0222722
-0.0178438
-0.0047789
-0.0138427
-0.0240898
6.65731e-17
1.52218e-17
3.14781e-18
-0.00328756
-0.00859085
-0.0132069
1.37008e-20
9.00482e-20
5.35279e-19
-0.00829454
-0.0221003
-0.0332745
-0.0342358
-0.0266584
-0.0192394
-0.0540548
-0.0489768
-0.0424212
-0.0529657
-0.0449093
-0.0351951
-0.0219753
-0.0355728
-0.0491238
-0.100067
-0.0802107
-0.0631399
-0.0326856
-0.0396623
-0.0492228
-0.0587156
-0.0636061
-0.0700396
-0.0736941
-0.069593
-0.0614095
-0.100766
-0.0897479
-0.079177
-0.0740203
-0.0718864
-0.0691249
-0.0740199
-0.0718862
-0.0691249
-0.100766
-0.0897474
-0.0791763
-0.0592877
-0.063543
-0.0669958
-0.0681382
-0.0669991
-0.0671765
-0.0819357
-0.0759209
-0.0709886
-0.0819358
-0.0759212
-0.0709888
-0.0681384
-0.0669992
-0.0671766
-0.0592873
-0.063543
-0.066996
-0.0587149
-0.0636054
-0.0700389
-0.0420054
-0.0490432
-0.0559517
-0.0693926
-0.068725
-0.0642042
1.68544e-21
2.08615e-22
2.33536e-23
-0.0137888
-0.0365818
-0.053413
1.5589e-26
1.89269e-25
2.07835e-24
-0.0193988
-0.0518957
-0.0751818
-0.0792405
-0.0712614
-0.0635204
-0.0880962
-0.0911698
-0.0882121
-0.0863901
-0.0892143
-0.084867
-0.08639
-0.0892142
-0.084867
-0.0880963
-0.0911699
-0.0882121
1.00363e-27
6.72458e-29
4.07504e-30
-0.0157765
-0.0456262
-0.0697724
4.17156e-34
9.35625e-33
1.89794e-31
4.17163e-34
9.3567e-33
1.89809e-31
-0.0157765
-0.0456261
-0.0697724
1.0038e-27
6.7255e-29
4.07549e-30
-0.0193987
-0.0518956
-0.0751817
-0.0693928
-0.0687252
-0.0642043
-0.042005
-0.049043
-0.0559517
-0.0540541
-0.0489762
-0.0424207
-0.0792404
-0.0712614
-0.0635204
1.55919e-26
1.89309e-25
2.07884e-24
-0.0137887
-0.0365817
-0.053413
1.68595e-21
2.08673e-22
2.33597e-23
-0.00829445
-0.0221
-0.033274
-0.0264682
-0.00821338
0.0046751
0.011642
0.0122805
0.010833
-0.0300119
-0.0105051
0.00471668
-0.0579103
-0.0372823
-0.02151
-0.00927714
0.000168996
0.00677389
-0.00152358
-0.00455418
-0.0105209
0.00291187
0.00829616
0.0120433
0.0143255
0.0146752
0.0121754
0.0173704
0.0162713
0.0146489
0.0186317
0.0184726
0.014568
-0.100065
-0.080209
-0.0631382
-0.0219738
-0.0355711
-0.049122
-0.0736932
-0.0695917
-0.0614079
-0.0529649
-0.0449081
-0.0351938
-0.0326842
-0.0396607
-0.0492211
-0.00477793
-0.0138415
-0.0240885
-0.026962
-0.0222712
-0.0178429
-0.0016228
-0.00624829
-0.0120568
-0.000144083
0.000310897
0.000379624
-0.0342352
-0.0266577
-0.0192386
1.37048e-20
9.00719e-20
5.35405e-19
-0.0032874
-0.00859042
-0.0132063
6.65837e-17
1.52246e-17
3.14846e-18
-0.000117797
-9.96321e-06
0.000226047
0.0124154
0.0100899
0.00771407
0.00871165
0.0078712
0.00701149
0.0165344
0.0136907
0.0107035
0.00195627
0.00429631
0.00586893
2.83255e-16
1.00775e-15
3.24271e-15
0.00103339
0.00310822
0.00529806
6.18445e-14
2.61227e-14
9.97956e-15
0.00197599
0.00488609
0.0076815
0.011642
0.0122804
0.0108328
-0.0264685
-0.00821368
0.00467477
0.0173704
0.0162712
0.0146486
0.0143252
0.0146749
0.012175
0.00291091
0.00829554
0.0120429
-0.00152477
-0.00455539
-0.010522
-0.00927814
0.000168297
0.00677345
-0.0579111
-0.0372833
-0.0215111
0.00871164
0.00787115
0.00701139
0.0124151
0.0100897
0.0077139
6.18448e-14
2.6123e-14
9.97977e-15
0.00103336
0.00310814
0.00529793
2.83271e-16
1.0078e-15
3.24281e-15
-0.00011796
-1.03839e-05
0.000225413
0.00195569
0.00429595
0.00586873
-0.000145189
0.000309913
0.000378797
-0.00162371
-0.00624957
-0.0120585
-0.0269642
-0.0222734
-0.017845
-0.0047793
-0.0138433
-0.0240905
6.65882e-17
1.52258e-17
3.14876e-18
-0.00328784
-0.00859158
-0.013208
1.37067e-20
9.00831e-20
5.35464e-19
-0.00829496
-0.0221013
-0.0332759
-0.0342374
-0.0266599
-0.0192406
-0.0540549
-0.0489777
-0.0424226
-0.0529658
-0.0449098
-0.0351958
-0.0219751
-0.0355725
-0.0491233
-0.100066
-0.0802095
-0.0631391
-0.0326862
-0.0396624
-0.0492224
-0.0587148
-0.0636044
-0.0700371
-0.0736918
-0.0695915
-0.0614087
-0.100763
-0.0897448
-0.079174
-0.074017
-0.071882
-0.0691198
-0.0740169
-0.071882
-0.0691198
-0.100763
-0.0897447
-0.0791738
-0.0592869
-0.0635409
-0.0669922
-0.0681332
-0.0669935
-0.0671709
-0.0819277
-0.0759141
-0.0709832
-0.0819278
-0.0759142
-0.0709834
-0.0681333
-0.0669936
-0.0671709
-0.0592868
-0.063541
-0.0669923
-0.0587147
-0.0636042
-0.0700369
-0.0420066
-0.0490437
-0.0559509
-0.0693886
-0.068722
-0.0642022
1.6862e-21
2.08706e-22
2.33635e-23
-0.0137884
-0.0365809
-0.0534118
1.55948e-26
1.89343e-25
2.0792e-24
-0.0193971
-0.0518912
-0.0751753
-0.0792341
-0.0712569
-0.0635179
-0.0880877
-0.0911613
-0.0882043
-0.0863821
-0.0892055
-0.0848585
-0.0863822
-0.0892056
-0.0848585
-0.0880877
-0.0911614
-0.0882044
1.00399e-27
6.72681e-29
4.07631e-30
-0.0157749
-0.0456215
-0.0697653
4.17255e-34
9.35871e-33
1.89848e-31
4.17255e-34
9.35871e-33
1.89848e-31
-0.0157749
-0.0456215
-0.0697653
1.00399e-27
6.72683e-29
4.07632e-30
-0.0193971
-0.0518913
-0.0751754
-0.0693887
-0.0687222
-0.0642024
-0.0420067
-0.0490438
-0.0559511
-0.0540549
-0.0489777
-0.0424226
-0.0792342
-0.0712571
-0.0635181
1.55949e-26
1.89344e-25
2.07921e-24
-0.0137885
-0.0365811
-0.0534119
1.68623e-21
2.08709e-22
2.33638e-23
-0.008295
-0.0221014
-0.0332759
-0.0264684
-0.00821352
0.00467492
0.0116421
0.0122805
0.0108329
-0.0300119
-0.0105051
0.00471675
-0.0579108
-0.037283
-0.0215108
-0.00927787
0.000168504
0.00677361
-0.00152458
-0.00455516
-0.0105218
0.00291106
0.00829565
0.012043
0.0143253
0.014675
0.0121751
0.0173704
0.0162712
0.0146487
0.0186318
0.0184726
0.0145681
-0.100065
-0.0802091
-0.0631387
-0.0219748
-0.0355722
-0.0491229
-0.0736916
-0.0695912
-0.0614083
-0.0529657
-0.0449096
-0.0351956
-0.0326859
-0.039662
-0.0492221
-0.00477911
-0.013843
-0.0240902
-0.026964
-0.0222732
-0.0178449
-0.00162364
-0.00624949
-0.0120584
-0.00014504
0.000310026
0.000378878
-0.0342374
-0.0266599
-0.0192406
1.3707e-20
9.00847e-20
5.35473e-19
-0.00328783
-0.00859155
-0.0132079
6.65892e-17
1.5226e-17
3.14881e-18
-0.000117949
-1.0353e-05
0.000225466
0.0124152
0.0100898
0.00771393
0.00871165
0.00787117
0.00701141
0.0165345
0.0136907
0.0107035
0.00195575
0.004296
0.00586876
2.83274e-16
1.00781e-15
3.24284e-15
0.00103336
0.00310816
0.00529796
6.18448e-14
2.61231e-14
9.97984e-15
0.00197599
0.00488609
0.00768151
0.0116421
0.0122806
0.010833
-0.0264682
-0.00821335
0.00467513
0.0173705
0.0162713
0.0146489
0.0143255
0.0146753
0.0121754
0.00291191
0.0082962
0.0120433
-0.00152352
-0.00455411
-0.0105208
-0.00927707
0.000169052
0.00677394
-0.0579102
-0.0372822
-0.0215099
0.00871166
0.00787121
0.0070115
0.0124154
0.0100899
0.00771408
6.18445e-14
2.61227e-14
9.97956e-15
0.00103339
0.00310823
0.00529807
2.83255e-16
1.00775e-15
3.24271e-15
-0.000117795
-9.95803e-06
0.000226058
0.00195629
0.00429632
0.00586894
-0.000144041
0.000310926
0.000379644
-0.00162278
-0.00624827
-0.0120568
-0.026962
-0.0222711
-0.0178429
-0.00477788
-0.0138415
-0.0240884
6.65837e-17
1.52246e-17
3.14846e-18
-0.0032874
-0.00859042
-0.0132063
1.37048e-20
9.00719e-20
5.35405e-19
-0.00829446
-0.0221
-0.033274
-0.0342352
-0.0266577
-0.0192386
-0.0540541
-0.0489761
-0.0424206
-0.0529648
-0.044908
-0.0351937
-0.0219737
-0.035571
-0.0491219
-0.100065
-0.080209
-0.0631381
-0.0326841
-0.0396606
-0.0492211
-0.0587149
-0.0636054
-0.0700389
-0.0736932
-0.0695916
-0.0614079
-0.100766
-0.0897476
-0.0791764
-0.0740199
-0.0718863
-0.069125
-0.0740205
-0.0718864
-0.069125
-0.100766
-0.0897481
-0.0791771
-0.0592873
-0.0635429
-0.0669959
-0.0681384
-0.0669992
-0.0671766
-0.0819357
-0.0759211
-0.0709888
-0.0819356
-0.0759209
-0.0709885
-0.0681382
-0.0669991
-0.0671766
-0.0592877
-0.063543
-0.0669958
-0.0587156
-0.0636062
-0.0700397
-0.042005
-0.049043
-0.0559517
-0.0693928
-0.0687251
-0.0642042
1.68595e-21
2.08673e-22
2.33597e-23
-0.0137887
-0.0365817
-0.053413
1.55919e-26
1.89309e-25
2.07884e-24
-0.0193987
-0.0518956
-0.0751817
-0.0792404
-0.0712614
-0.0635204
-0.0880962
-0.0911699
-0.0882121
-0.08639
-0.0892142
-0.084867
-0.0863901
-0.0892143
-0.0848671
-0.0880962
-0.0911698
-0.0882122
1.0038e-27
6.7255e-29
4.07549e-30
-0.0157765
-0.0456262
-0.0697724
4.17163e-34
9.3567e-33
1.89809e-31
4.17156e-34
9.35625e-33
1.89794e-31
-0.0157765
-0.0456262
-0.0697724
1.00363e-27
6.72458e-29
4.07504e-30
-0.0193988
-0.0518958
-0.0751818
-0.0693925
-0.068725
-0.0642042
-0.0420055
-0.0490433
-0.0559517
-0.0540548
-0.0489768
-0.0424213
-0.0792405
-0.0712614
-0.0635204
1.5589e-26
1.89269e-25
2.07835e-24
-0.0137888
-0.0365818
-0.0534131
1.68544e-21
2.08615e-22
2.33536e-23
-0.00829456
-0.0221003
-0.0332745
-0.0264692
-0.00821432
0.0046743
0.0116416
0.01228
0.0108324
-0.0300123
-0.0105056
0.00471622
-0.0579121
-0.037284
-0.0215115
-0.00927843
0.00016797
0.00677309
-0.00152451
-0.0045553
-0.0105222
0.00291115
0.00829565
0.012043
0.0143251
0.0146748
0.0121747
0.0173703
0.0162711
0.0146486
0.0186316
0.0184723
0.0145677
-0.100067
-0.0802109
-0.0631401
-0.0219754
-0.0355729
-0.0491239
-0.0736942
-0.0695931
-0.0614097
-0.0529657
-0.0449093
-0.0351951
-0.0326856
-0.0396623
-0.0492229
-0.00477889
-0.0138427
-0.0240898
-0.0269633
-0.0222722
-0.0178438
-0.00162326
-0.00624888
-0.0120575
-0.000144835
0.000310296
0.000379163
-0.0342359
-0.0266585
-0.0192394
1.37008e-20
9.00482e-20
5.35279e-19
-0.00328757
-0.00859085
-0.0132069
6.65731e-17
1.52218e-17
3.14781e-18
-0.000117875
-1.0169e-05
0.00022572
0.0124151
0.0100897
0.00771393
0.00871162
0.00787114
0.0070114
0.0165344
0.0136907
0.0107035
0.00195594
0.00429608
0.00586878
2.83217e-16
1.00764e-15
3.2424e-15
0.00103337
0.00310816
0.00529796
6.18418e-14
2.61211e-14
9.97879e-15
0.00197599
0.00488609
0.0076815
0.0116416
0.0122802
0.0108327
-0.0264685
-0.00821369
0.0046748
0.0173703
0.0162712
0.0146487
0.0143254
0.0146751
0.0121751
0.00291177
0.00829607
0.0120432
-0.00152371
-0.00455437
-0.0105211
-0.00927742
0.000168735
0.00677363
-0.0579105
-0.0372826
-0.0215103
0.00871163
0.00787117
0.00701146
0.0124153
0.0100899
0.00771403
6.18417e-14
2.61211e-14
9.97875e-15
0.00103338
0.00310821
0.00529803
2.83213e-16
1.00763e-15
3.24237e-15
-0.000117794
-9.95622e-06
0.000226052
0.00195626
0.00429628
0.0058689
-0.000144151
0.000310866
0.000379617
-0.00162278
-0.00624822
-0.0120566
-0.026962
-0.022271
-0.0178427
-0.00477802
-0.0138416
-0.0240885
6.65718e-17
1.52214e-17
3.14771e-18
-0.00328736
-0.0085903
-0.0132061
1.37e-20
9.00439e-20
5.35258e-19
-0.00829435
-0.0220997
-0.0332736
-0.0342348
-0.0266573
-0.0192383
-0.0540541
-0.0489759
-0.0424203
-0.052965
-0.0449081
-0.0351938
-0.0219741
-0.0355715
-0.0491225
-0.100066
-0.0802096
-0.0631388
-0.0326843
-0.039661
-0.0492216
-0.0587153
-0.0636061
-0.0700398
-0.073694
-0.0695923
-0.0614085
-0.100767
-0.0897484
-0.0791774
-0.074021
-0.0718876
-0.0691267
-0.0740212
-0.0718878
-0.0691268
-0.100767
-0.0897486
-0.0791776
-0.0592876
-0.0635437
-0.0669974
-0.0681404
-0.0670013
-0.0671787
-0.0819401
-0.0759245
-0.0709912
-0.0819402
-0.0759246
-0.0709913
-0.0681405
-0.0670014
-0.0671787
-0.0592879
-0.0635439
-0.0669976
-0.0587156
-0.0636064
-0.0700401
-0.0420047
-0.049043
-0.0559522
-0.0693945
-0.0687266
-0.0642054
1.68532e-21
2.08594e-22
2.33507e-23
-0.0137891
-0.0365824
-0.0534139
1.55857e-26
1.89235e-25
2.07803e-24
-0.0194001
-0.0518991
-0.0751865
-0.0792449
-0.0712644
-0.063522
-0.0881014
-0.0911753
-0.0882176
-0.0863959
-0.089221
-0.0848739
-0.086396
-0.0892211
-0.0848739
-0.0881014
-0.0911754
-0.0882177
1.00339e-27
6.72275e-29
4.0738e-30
-0.0157779
-0.0456301
-0.0697783
4.16986e-34
9.35276e-33
1.8973e-31
4.16985e-34
9.35274e-33
1.89729e-31
-0.0157779
-0.0456301
-0.0697783
1.00338e-27
6.72271e-29
4.07378e-30
-0.0194002
-0.0518992
-0.0751866
-0.0693947
-0.0687267
-0.0642056
-0.0420048
-0.0490431
-0.0559524
-0.0540544
-0.0489762
-0.0424205
-0.079245
-0.0712645
-0.0635222
1.55856e-26
1.89234e-25
2.07802e-24
-0.0137891
-0.0365825
-0.0534141
1.68532e-21
2.08594e-22
2.33506e-23
-0.00829438
-0.0220998
-0.0332738
-0.0264686
-0.0082138
0.00467466
0.0116416
0.0122801
0.0108326
-0.0579108
-0.0372829
-0.0215106
-0.00927767
0.000168534
0.00677347
-0.00152389
-0.0045546
-0.0105214
0.00291163
0.00829594
0.0120431
0.0143252
0.0146749
0.012175
0.0173702
0.0162711
0.0146486
-0.100066
-0.08021
-0.0631392
-0.0219744
-0.0355719
-0.0491229
-0.0736944
-0.0695927
-0.0614089
-0.0529653
-0.0449084
-0.0351941
-0.0326846
-0.0396613
-0.049222
-0.0047782
-0.0138418
-0.0240888
-0.0269622
-0.0222712
-0.0178429
-0.00162285
-0.00624831
-0.0120568
-0.000144293
0.000310762
0.000379544
-0.034235
-0.0266575
-0.0192385
1.37e-20
9.00439e-20
5.35258e-19
-0.00328738
-0.00859035
-0.0132062
6.65722e-17
1.52214e-17
3.14772e-18
-0.000117804
-9.98464e-06
0.000226004
0.0124152
0.0100898
0.00771399
0.00871161
0.00787114
0.00701142
0.00195621
0.00429624
0.00586887
2.83215e-16
1.00764e-15
3.24242e-15
0.00103338
0.00310819
0.005298
6.18433e-14
2.61216e-14
9.97893e-15
-0.0105622
-0.0122697
-0.015854
-0.0122697
-0.0146141
-0.0190246
-0.015854
-0.0190246
-0.0244457
-0.0223655
-0.0316834
-0.0438812
-0.0266075
-0.0369635
-0.049934
-0.0332124
-0.0446304
-0.0583143
-0.0432635
-0.0557454
-0.0700917
-0.0557454
-0.0690499
-0.083874
-0.0700917
-0.0838741
-0.0989671
-0.0223655
-0.0266075
-0.0332124
-0.0316834
-0.0369635
-0.0446304
-0.0438812
-0.049934
-0.0583143
-0.0583063
-0.0705202
-0.0776662
-0.064459
-0.0757808
-0.0810997
-0.0728677
-0.0833367
-0.0870334
-0.0764715
-0.0661397
-0.0487516
-0.0774053
-0.0648757
-0.0460879
-0.08124
-0.0669267
-0.046996
-0.0891039
-0.0733005
-0.0523142
-0.100311
-0.0835119
-0.0616874
-0.114301
-0.0970565
-0.0747195
-0.0846434
-0.0943343
-0.0966432
-0.0984132
-0.107575
-0.108971
-0.113501
-0.122415
-0.123422
-0.128083
-0.137158
-0.138477
-0.137158
-0.146867
-0.149294
-0.138478
-0.149294
-0.153596
-0.129818
-0.112972
-0.0907723
-0.142142
-0.126745
-0.105649
-0.14902
-0.136206
-0.117359
-0.148053
-0.139011
-0.123702
-0.139011
-0.134092
-0.122874
-0.123702
-0.122874
-0.11593
-0.129818
-0.142141
-0.14902
-0.112972
-0.126745
-0.136206
-0.0907721
-0.105648
-0.117358
-0.0583064
-0.064459
-0.0728678
-0.0705203
-0.0757809
-0.0833368
-0.0776664
-0.0810999
-0.0870336
-0.0846435
-0.0984133
-0.113501
-0.0943345
-0.107575
-0.122415
-0.0966434
-0.108971
-0.123422
-0.0891041
-0.100311
-0.114301
-0.0733006
-0.0835119
-0.0970565
-0.0523142
-0.0616874
-0.0747194
-0.0764717
-0.0774055
-0.0812402
-0.06614
-0.0648759
-0.0669268
-0.0487518
-0.0460881
-0.0469961
-0.0105622
-0.0122697
-0.0158541
-0.0122698
-0.0146141
-0.0190247
-0.0158542
-0.0190247
-0.0244459
-0.0223655
-0.0316834
-0.0438812
-0.0266076
-0.0369636
-0.0499341
-0.0332126
-0.0446306
-0.0583145
-0.0432638
-0.0557458
-0.0700921
-0.0557459
-0.0690505
-0.0838746
-0.0700923
-0.0838747
-0.0989677
-0.0223657
-0.0266078
-0.0332127
-0.0316838
-0.0369639
-0.0446308
-0.0438817
-0.0499345
-0.0583148
-0.0583064
-0.0705204
-0.0776665
-0.0644592
-0.0757811
-0.0811001
-0.072868
-0.0833372
-0.087034
-0.0764718
-0.06614
-0.0487519
-0.0774057
-0.0648762
-0.0460884
-0.0812406
-0.0669273
-0.0469966
-0.0891047
-0.0733014
-0.052315
-0.100312
-0.0835129
-0.0616884
-0.114302
-0.0970576
-0.0747207
-0.0846439
-0.0943349
-0.0966439
-0.0984139
-0.107576
-0.108971
-0.113502
-0.122416
-0.123423
-0.128084
-0.137159
-0.138478
-0.137158
-0.146868
-0.149295
-0.138478
-0.149294
-0.153596
-0.129819
-0.112973
-0.0907734
-0.142142
-0.126746
-0.10565
-0.14902
-0.136206
-0.117359
-0.148053
-0.139011
-0.123703
-0.139011
-0.134092
-0.122874
-0.123702
-0.122874
-0.11593
-0.129818
-0.142142
-0.14902
-0.112972
-0.126745
-0.136205
-0.0907718
-0.105648
-0.117358
-0.058307
-0.0644596
-0.0728684
-0.0705209
-0.0757814
-0.0833374
-0.0776669
-0.0811003
-0.087034
-0.0846441
-0.0984139
-0.113502
-0.094335
-0.107576
-0.122416
-0.0966437
-0.108971
-0.123422
-0.0891042
-0.100311
-0.114301
-0.0733006
-0.0835119
-0.0970564
-0.0523141
-0.0616872
-0.0747192
-0.076472
-0.0774057
-0.0812403
-0.0661399
-0.0648758
-0.0669268
-0.0487516
-0.0460878
-0.0469959
-0.0105622
-0.0122698
-0.0158542
-0.0122698
-0.0146142
-0.0190248
-0.0158542
-0.0190248
-0.0244461
-0.0223658
-0.0316838
-0.0438817
-0.0266079
-0.036964
-0.0499346
-0.0332129
-0.0446311
-0.0583151
-0.0432642
-0.0557463
-0.0700927
-0.0557463
-0.069051
-0.0838753
-0.0700928
-0.0838753
-0.0989685
-0.0223658
-0.0266079
-0.0332129
-0.0316838
-0.0369641
-0.0446311
-0.0438818
-0.0499347
-0.0583151
-0.058307
-0.070521
-0.0776669
-0.0644598
-0.0757816
-0.0811004
-0.0728687
-0.0833377
-0.0870343
-0.076472
-0.06614
-0.0487516
-0.0774058
-0.064876
-0.0460879
-0.0812406
-0.066927
-0.0469961
-0.0891047
-0.073301
-0.0523144
-0.100312
-0.0835125
-0.0616878
-0.114302
-0.0970572
-0.07472
-0.0846445
-0.0943355
-0.0966442
-0.0984146
-0.107577
-0.108972
-0.113503
-0.122417
-0.123423
-0.128085
-0.137159
-0.138479
-0.137159
-0.146869
-0.149295
-0.138479
-0.149295
-0.153596
-0.129819
-0.112973
-0.0907727
-0.142142
-0.126745
-0.105649
-0.14902
-0.136206
-0.117358
-0.148053
-0.13901
-0.123702
-0.13901
-0.134091
-0.122873
-0.123701
-0.122872
-0.115928
-0.129819
-0.142142
-0.14902
-0.112972
-0.126745
-0.136206
-0.0907724
-0.105649
-0.117358
-0.0583071
-0.0644598
-0.0728687
-0.070521
-0.0757817
-0.0833377
-0.077667
-0.0811005
-0.0870343
-0.0846446
-0.0984146
-0.113503
-0.0943355
-0.107577
-0.122417
-0.0966442
-0.108972
-0.123423
-0.0891047
-0.100312
-0.114301
-0.0733009
-0.0835124
-0.097057
-0.0523143
-0.0616876
-0.0747197
-0.076472
-0.0774059
-0.0812406
-0.06614
-0.064876
-0.066927
-0.0487516
-0.0460879
-0.046996
-0.0105622
-0.0122698
-0.0158542
-0.0122697
-0.0146141
-0.0190247
-0.0158541
-0.0190247
-0.0244459
-0.0223658
-0.0316838
-0.0438817
-0.0266078
-0.0369639
-0.0499345
-0.0332127
-0.0446308
-0.0583148
-0.0432638
-0.0557459
-0.0700923
-0.0557457
-0.0690504
-0.0838746
-0.0700921
-0.0838746
-0.0989677
-0.0223655
-0.0266076
-0.0332126
-0.0316834
-0.0369636
-0.0446306
-0.0438812
-0.0499341
-0.0583145
-0.058307
-0.070521
-0.0776669
-0.0644597
-0.0757815
-0.0811003
-0.0728684
-0.0833374
-0.087034
-0.076472
-0.06614
-0.0487516
-0.0774057
-0.0648759
-0.0460879
-0.0812404
-0.0669268
-0.0469959
-0.0891042
-0.0733006
-0.0523141
-0.100311
-0.0835119
-0.0616872
-0.114301
-0.0970564
-0.0747192
-0.0846441
-0.094335
-0.0966437
-0.0984139
-0.107576
-0.108971
-0.113502
-0.122416
-0.123422
-0.128084
-0.137158
-0.138478
-0.137159
-0.146868
-0.149294
-0.138478
-0.149295
-0.153596
-0.129818
-0.112972
-0.0907718
-0.142142
-0.126745
-0.105648
-0.14902
-0.136205
-0.117358
-0.148053
-0.139011
-0.123702
-0.139011
-0.134092
-0.122874
-0.123703
-0.122874
-0.11593
-0.129819
-0.142142
-0.14902
-0.112973
-0.126746
-0.136207
-0.0907736
-0.10565
-0.11736
-0.0583064
-0.0644592
-0.072868
-0.0705204
-0.075781
-0.0833371
-0.0776665
-0.0811001
-0.087034
-0.0846439
-0.0984138
-0.113502
-0.0943349
-0.107576
-0.122416
-0.0966439
-0.108971
-0.123423
-0.0891048
-0.100312
-0.114302
-0.0733015
-0.083513
-0.0970578
-0.0523152
-0.0616886
-0.0747208
-0.0764718
-0.0774058
-0.0812406
-0.0661401
-0.0648762
-0.0669274
-0.048752
-0.0460884
-0.0469967
-0.0105622
-0.0122697
-0.015854
-0.0122697
-0.0146141
-0.0190246
-0.015854
-0.0190246
-0.0244457
-0.0223655
-0.0316834
-0.0438812
-0.0266075
-0.0369635
-0.049934
-0.0332124
-0.0446304
-0.0583143
-0.0432635
-0.0557454
-0.0700917
-0.0557454
-0.0690499
-0.0838741
-0.0700917
-0.083874
-0.0989671
-0.0223655
-0.0266075
-0.0332124
-0.0316834
-0.0369635
-0.0446304
-0.0438812
-0.049934
-0.0583143
-0.0583064
-0.0705203
-0.0776664
-0.064459
-0.0757809
-0.0810999
-0.0728678
-0.0833368
-0.0870336
-0.0764717
-0.06614
-0.0487518
-0.0774055
-0.0648759
-0.0460881
-0.0812402
-0.0669268
-0.0469961
-0.0891041
-0.0733006
-0.0523142
-0.100311
-0.0835119
-0.0616874
-0.114301
-0.0970565
-0.0747194
-0.0846435
-0.0943345
-0.0966434
-0.0984133
-0.107575
-0.108971
-0.113501
-0.122415
-0.123422
-0.128083
-0.137158
-0.138478
-0.137158
-0.146867
-0.149294
-0.138477
-0.149294
-0.153596
-0.129818
-0.112972
-0.0907721
-0.142141
-0.126745
-0.105648
-0.14902
-0.136206
-0.117358
-0.148053
-0.139011
-0.123702
-0.139011
-0.134092
-0.122874
-0.123702
-0.122874
-0.11593
-0.129818
-0.142142
-0.14902
-0.112972
-0.126745
-0.136206
-0.0907723
-0.105649
-0.117359
-0.0583063
-0.064459
-0.0728677
-0.0705202
-0.0757808
-0.0833367
-0.0776662
-0.0810997
-0.0870334
-0.0846434
-0.0984132
-0.113501
-0.0943343
-0.107575
-0.122415
-0.0966432
-0.108971
-0.123422
-0.0891039
-0.100311
-0.114301
-0.0733005
-0.0835119
-0.0970565
-0.0523142
-0.0616874
-0.0747195
-0.0764715
-0.0774053
-0.08124
-0.0661397
-0.0648757
-0.0669267
-0.0487516
-0.0460879
-0.046996
-0.0271048
-0.00804879
0.00637171
-0.0241373
-0.00572497
0.00760148
-0.0246688
-0.00648767
0.00638276
0.0153288
0.0185855
0.0183447
0.0154315
0.0179411
0.0173245
0.0138087
0.0161604
0.0156045
0.00993364
0.0127343
0.012709
0.00381898
0.007578
0.00849504
-0.00490626
0.000230691
0.00245912
-0.0293764
-0.0109163
0.00217268
-0.0379856
-0.0187973
-0.00490017
-0.0502866
-0.0301428
-0.0150497
0.016066
0.0131882
0.010225
0.0149562
0.0121502
0.00931872
0.0134546
0.0109081
0.00833134
0.00722495
0.00447377
0.00159439
0.00646666
0.00385416
0.00130407
0.00572938
0.00337661
0.00112591
0.00479323
0.00280069
0.000921639
0.00350664
0.00201813
0.000632689
0.00158014
0.000832127
0.000193093
0.011134
0.00909927
0.00697624
0.00783247
0.00655736
0.0050938
0.00305975
0.00284507
0.00230841
-0.00384329
-0.00265303
-0.00190909
-0.0121124
-0.0094519
-0.0072749
-0.0216574
-0.0175923
-0.0139151
-0.00139974
-0.001026
-0.000496158
-0.00527984
-0.0034806
-0.00140443
-0.0102179
-0.00664778
-0.00257354
-0.0164166
-0.0106918
-0.00406481
-0.0229292
-0.0150233
-0.00566707
-0.0297024
-0.0196285
-0.0073733
-0.0322822
-0.0270916
-0.0219843
-0.0419124
-0.0362379
-0.0301477
-0.0502925
-0.044829
-0.0382829
-0.0659882
-0.04497
-0.0285609
-0.0813559
-0.0600774
-0.0427927
-0.0946751
-0.0740467
-0.0566442
-0.016735
-0.00991638
-0.00605085
-0.0296156
-0.0213153
-0.0159179
-0.0427467
-0.0334325
-0.0268432
-0.0550766
-0.045509
-0.0383547
-0.0637958
-0.0549013
-0.0480469
-0.0688382
-0.0614036
-0.0556641
-0.103977
-0.085191
-0.068732
-0.106887
-0.0908032
-0.0762133
-0.104098
-0.0912843
-0.0792345
-0.0965375
-0.0872885
-0.0782108
-0.0872884
-0.0811563
-0.0747943
-0.0782106
-0.0747942
-0.0708631
-0.0703947
-0.0650497
-0.0611395
-0.0694657
-0.0662643
-0.0643837
-0.0678167
-0.0666515
-0.0667898
-0.0669136
-0.0676706
-0.0697491
-0.0676705
-0.070092
-0.0738121
-0.069749
-0.073812
-0.07906
-0.0703944
-0.0694655
-0.0678167
-0.0650494
-0.0662641
-0.0666514
-0.0611392
-0.0643835
-0.0667896
-0.0573487
-0.0528277
-0.0464058
-0.0625352
-0.0594077
-0.0535738
-0.0670002
-0.0654824
-0.0604924
-0.0368029
-0.0245768
-0.00921915
-0.0433661
-0.0292627
-0.0109883
-0.0498889
-0.0340051
-0.0127998
-0.0570561
-0.0392393
-0.0148053
-0.0643201
-0.044468
-0.0167783
-0.0716758
-0.0495822
-0.0186232
-0.0719995
-0.0721349
-0.0680611
-0.0777755
-0.0792851
-0.0758905
-0.0845214
-0.0871365
-0.0841228
-0.0912991
-0.0947221
-0.0917134
-0.0947221
-0.0984203
-0.0950308
-0.0917133
-0.0950307
-0.0910079
-0.0780459
-0.0536558
-0.01992
-0.0802139
-0.0544181
-0.019809
-0.0756599
-0.0502338
-0.0177464
-0.0613629
-0.039395
-0.0132613
-0.039395
-0.0241242
-0.0075316
-0.0132613
-0.0075316
-0.00200128
-0.0780457
-0.0802138
-0.0756598
-0.0536557
-0.054418
-0.0502337
-0.01992
-0.019809
-0.0177464
-0.0573484
-0.062535
-0.067
-0.0528275
-0.0594075
-0.0654822
-0.0464056
-0.0535736
-0.0604922
-0.0719993
-0.0777754
-0.0845213
-0.0721348
-0.079285
-0.0871364
-0.068061
-0.0758903
-0.0841226
-0.057056
-0.06432
-0.0716757
-0.0392392
-0.0444679
-0.0495821
-0.0148052
-0.0167783
-0.0186231
-0.0368027
-0.043366
-0.0498888
-0.0245767
-0.0292626
-0.034005
-0.00921911
-0.0109882
-0.0127998
-0.0271049
-0.0241374
-0.0246688
-0.00804884
-0.00572495
-0.00648759
0.00637174
0.00760156
0.00638287
-0.0293763
-0.0379854
-0.0502864
-0.0109162
-0.0187971
-0.0301426
0.00217284
-0.00489997
-0.0150494
0.0099338
0.00381917
-0.00490603
0.0127344
0.00757817
0.000230897
0.0127092
0.00849518
0.00245929
0.0153289
0.0154316
0.0138088
0.0185856
0.0179412
0.0161605
0.0183448
0.0173246
0.0156047
-0.0659879
-0.0813556
-0.0946747
-0.0449697
-0.060077
-0.0740463
-0.0285606
-0.0427923
-0.0566438
-0.103976
-0.106887
-0.104098
-0.0851907
-0.0908028
-0.0912841
-0.0687316
-0.076213
-0.0792342
-0.0550762
-0.0637954
-0.0688378
-0.0455087
-0.0549009
-0.0614033
-0.0383544
-0.0480466
-0.0556638
-0.0167348
-0.0296153
-0.0427463
-0.00991613
-0.021315
-0.0334322
-0.00605064
-0.0159177
-0.026843
-0.00384313
-0.0121122
-0.0216572
-0.00265291
-0.00945176
-0.0175922
-0.00190901
-0.0072748
-0.0139149
-0.032282
-0.0419121
-0.0502923
-0.0270914
-0.0362377
-0.0448287
-0.0219842
-0.0301476
-0.0382827
-0.0164165
-0.0229291
-0.0297023
-0.0106918
-0.0150233
-0.0196284
-0.00406479
-0.00566704
-0.00737327
-0.00139969
-0.00527977
-0.0102178
-0.00102597
-0.00348056
-0.00664773
-0.000496146
-0.00140442
-0.00257352
0.0160661
0.0149563
0.0134546
0.0131883
0.0121502
0.0109081
0.0102251
0.00931876
0.00833138
0.0111341
0.00783258
0.00305988
0.00909934
0.00655744
0.00284516
0.00697629
0.00509386
0.00230848
0.00479326
0.00350667
0.00158019
0.0028007
0.00201815
0.000832152
0.000921645
0.000632697
0.000193102
0.00722497
0.00646668
0.00572941
0.00447377
0.00385417
0.00337662
0.00159439
0.00130407
0.00112591
-0.027105
-0.00804893
0.00637166
-0.0241377
-0.00572522
0.00760135
-0.0246693
-0.00648804
0.00638251
0.0153288
0.0185856
0.0183447
0.0154315
0.0179411
0.0173245
0.0138085
0.0161603
0.0156045
0.00993334
0.012734
0.0127089
0.0038185
0.0075776
0.00849471
-0.00490693
0.000230106
0.0024586
-0.0293771
-0.0109168
0.00217227
-0.0379865
-0.0187981
-0.00490077
-0.0502876
-0.0301437
-0.0150504
0.0160661
0.0131882
0.0102251
0.0149562
0.0121502
0.00931873
0.0134545
0.010908
0.00833131
0.00722496
0.00447377
0.00159439
0.00646665
0.00385415
0.00130406
0.00572935
0.00337659
0.0011259
0.00479316
0.00280064
0.00092162
0.0035065
0.00201805
0.000632656
0.00157992
0.00083198
0.000193038
0.0111339
0.00909915
0.00697614
0.0078322
0.00655712
0.00509362
0.0030593
0.00284469
0.0023081
-0.00384394
-0.0026536
-0.00190956
-0.0121132
-0.00945266
-0.00727555
-0.0216584
-0.0175933
-0.0139159
-0.0014001
-0.00102623
-0.000496245
-0.00528033
-0.00348093
-0.00140456
-0.0102186
-0.00664822
-0.0025737
-0.0164174
-0.0106924
-0.00406502
-0.0229301
-0.0150239
-0.00566729
-0.0297032
-0.019629
-0.0073735
-0.0322833
-0.0270926
-0.0219853
-0.0419133
-0.0362389
-0.0301487
-0.0502931
-0.0448298
-0.0382837
-0.0659893
-0.044971
-0.0285618
-0.0813569
-0.0600784
-0.0427936
-0.0946759
-0.0740475
-0.056645
-0.0167359
-0.00991716
-0.00605157
-0.0296166
-0.0213162
-0.0159188
-0.0427476
-0.0334335
-0.0268442
-0.0550773
-0.0455099
-0.0383557
-0.0637961
-0.0549018
-0.0480477
-0.068838
-0.0614036
-0.0556644
-0.103977
-0.0851915
-0.0687326
-0.106887
-0.0908032
-0.0762135
-0.104098
-0.0912839
-0.0792341
-0.0965366
-0.0872876
-0.0782099
-0.0872873
-0.0811551
-0.0747929
-0.0782094
-0.0747927
-0.0708614
-0.0703938
-0.0650491
-0.0611392
-0.0694643
-0.066263
-0.0643826
-0.0678148
-0.0666495
-0.0667879
-0.0669112
-0.0676679
-0.0697463
-0.067668
-0.0700889
-0.0738085
-0.0697465
-0.0738087
-0.0790559
-0.0703934
-0.0694641
-0.0678148
-0.0650486
-0.0662628
-0.0666495
-0.0611387
-0.0643825
-0.066788
-0.0573487
-0.0528281
-0.0464064
-0.0625345
-0.0594074
-0.0535738
-0.0669985
-0.0654812
-0.0604916
-0.0368035
-0.0245772
-0.00921928
-0.0433663
-0.0292629
-0.0109883
-0.0498884
-0.0340047
-0.0127996
-0.0570545
-0.0392382
-0.0148048
-0.0643173
-0.044466
-0.0167775
-0.0716717
-0.0495792
-0.018622
-0.0719968
-0.0721325
-0.0680591
-0.0777718
-0.0792814
-0.0758871
-0.0845166
-0.0871316
-0.084118
-0.0912935
-0.0947159
-0.0917072
-0.094716
-0.0984133
-0.0950236
-0.0917071
-0.0950236
-0.0910007
-0.0780404
-0.053652
-0.0199185
-0.0802076
-0.0544138
-0.0198074
-0.0756536
-0.0502295
-0.0177449
-0.0613577
-0.0393916
-0.0132602
-0.0393916
-0.0241221
-0.00753097
-0.0132602
-0.00753097
-0.00200113
-0.0780403
-0.0802075
-0.0756535
-0.0536518
-0.0544136
-0.0502295
-0.0199185
-0.0198074
-0.0177449
-0.0573483
-0.0625345
-0.0669987
-0.0528276
-0.0594073
-0.0654813
-0.0464059
-0.0535736
-0.0604916
-0.0719971
-0.077772
-0.0845168
-0.0721328
-0.0792817
-0.0871317
-0.0680592
-0.0758872
-0.084118
-0.0570545
-0.0643173
-0.0716716
-0.0392381
-0.0444659
-0.0495791
-0.0148047
-0.0167774
-0.0186219
-0.0368031
-0.0433661
-0.0498883
-0.0245769
-0.0292627
-0.0340046
-0.00921919
-0.0109882
-0.0127996
-0.0271045
-0.0241371
-0.0246685
-0.0080484
-0.00572457
-0.00648726
0.00637216
0.00760192
0.00638319
-0.0293761
-0.0379852
-0.0502861
-0.0109159
-0.0187968
-0.0301422
0.00217313
-0.00489969
-0.0150491
0.00993404
0.0038194
-0.00490578
0.0127346
0.00757834
0.000231081
0.0127093
0.0084953
0.00245941
0.0153292
0.0154319
0.0138091
0.0185858
0.0179414
0.0161607
0.0183449
0.0173247
0.0156048
-0.0659876
-0.0813552
-0.0946742
-0.0449693
-0.0600766
-0.0740458
-0.0285602
-0.0427919
-0.0566433
-0.103976
-0.106886
-0.104097
-0.08519
-0.090802
-0.0912832
-0.068731
-0.0762122
-0.0792333
-0.0550757
-0.0637948
-0.0688371
-0.0455084
-0.0549005
-0.0614027
-0.0383543
-0.0480465
-0.0556635
-0.0167345
-0.029615
-0.0427459
-0.00991592
-0.0213148
-0.0334319
-0.00605052
-0.0159176
-0.0268428
-0.00384307
-0.0121122
-0.0216572
-0.00265289
-0.00945178
-0.0175922
-0.00190902
-0.00727486
-0.0139151
-0.032282
-0.0419122
-0.0502923
-0.0270916
-0.0362379
-0.044829
-0.0219844
-0.0301479
-0.0382831
-0.0164167
-0.0229294
-0.0297026
-0.0106919
-0.0150235
-0.0196287
-0.00406485
-0.00566712
-0.00737337
-0.00139971
-0.00527983
-0.010218
-0.00102599
-0.0034806
-0.00664783
-0.000496152
-0.00140444
-0.00257355
0.0160662
0.0149563
0.0134547
0.0131883
0.0121503
0.0109082
0.0102251
0.0093188
0.00833142
0.0111342
0.00783266
0.00305995
0.0090994
0.00655749
0.0028452
0.00697632
0.00509389
0.0023085
0.00479328
0.00350669
0.00158019
0.00280072
0.00201816
0.000832152
0.00092165
0.0006327
0.000193103
0.00722498
0.0064667
0.00572943
0.00447378
0.00385419
0.00337664
0.0015944
0.00130408
0.00112592
-0.0271045
-0.00804843
0.00637212
-0.0241372
-0.00572468
0.0076018
-0.0246687
-0.00648748
0.00638295
0.0153292
0.0185858
0.0183449
0.0154318
0.0179413
0.0173246
0.0138088
0.0161604
0.0156046
0.00993359
0.0127341
0.0127089
0.0038187
0.00757764
0.00849464
-0.00490679
0.000230053
0.00245842
-0.0293764
-0.0109163
0.0021727
-0.0379858
-0.0187975
-0.00490037
-0.0502869
-0.0301431
-0.0150501
0.0160661
0.0131883
0.0102251
0.0149562
0.0121502
0.00931874
0.0134545
0.010908
0.0083313
0.00722497
0.00447377
0.00159439
0.00646666
0.00385416
0.00130407
0.00572935
0.00337658
0.0011259
0.00479311
0.00280061
0.000921606
0.00350639
0.00201796
0.000632622
0.00157969
0.000831821
0.000192974
0.0111338
0.0090991
0.00697609
0.00783207
0.00655698
0.00509348
0.00305905
0.00284441
0.00230784
-0.00384439
-0.00265409
-0.00191004
-0.0121139
-0.0094534
-0.00727628
-0.0216593
-0.0175943
-0.0139169
-0.0014005
-0.00102651
-0.000496355
-0.00528096
-0.00348136
-0.00140473
-0.0102195
-0.00664885
-0.00257394
-0.0164186
-0.0106932
-0.00406533
-0.0229315
-0.0150249
-0.00566766
-0.0297047
-0.0196301
-0.00737391
-0.0322842
-0.0270939
-0.0219866
-0.0419142
-0.0362402
-0.0301503
-0.0502936
-0.0448309
-0.0382852
-0.0659885
-0.0449704
-0.0285614
-0.0813561
-0.0600776
-0.0427932
-0.0946748
-0.0740466
-0.0566444
-0.0167358
-0.00991732
-0.00605191
-0.0296165
-0.0213165
-0.0159193
-0.0427474
-0.0334337
-0.0268448
-0.0550768
-0.0455099
-0.0383562
-0.063795
-0.0549013
-0.0480479
-0.068836
-0.0614024
-0.055664
-0.103975
-0.0851901
-0.0687316
-0.106885
-0.0908012
-0.0762118
-0.104095
-0.0912812
-0.0792316
-0.0965336
-0.0872841
-0.0782064
-0.087284
-0.0811511
-0.0747886
-0.0782063
-0.0747885
-0.0708564
-0.0703908
-0.0650468
-0.0611378
-0.0694601
-0.0662594
-0.06438
-0.0678096
-0.0666446
-0.0667837
-0.0669053
-0.0676618
-0.0697406
-0.0676619
-0.0700821
-0.0738016
-0.0697407
-0.0738016
-0.0790481
-0.0703906
-0.06946
-0.0678096
-0.0650467
-0.0662594
-0.0666446
-0.0611377
-0.06438
-0.0667838
-0.0573484
-0.0528286
-0.0464075
-0.062533
-0.0594069
-0.053574
-0.0669955
-0.0654792
-0.0604904
-0.0368047
-0.0245781
-0.00921962
-0.0433669
-0.0292633
-0.0109884
-0.0498878
-0.0340044
-0.0127995
-0.0570524
-0.0392367
-0.0148042
-0.0643134
-0.0444634
-0.0167764
-0.071666
-0.0495753
-0.0186205
-0.0719919
-0.0721286
-0.0680561
-0.0777652
-0.0792755
-0.0758821
-0.0845086
-0.0871239
-0.084111
-0.0912846
-0.0947068
-0.0916986
-0.0947069
-0.0984037
-0.0950143
-0.0916987
-0.0950143
-0.0909916
-0.0780332
-0.053647
-0.0199167
-0.0801997
-0.0544084
-0.0198054
-0.075646
-0.0502244
-0.0177431
-0.0613514
-0.0393875
-0.0132588
-0.0393875
-0.0241196
-0.00753015
-0.0132588
-0.00753015
-0.00200089
-0.0780333
-0.0801998
-0.075646
-0.0536471
-0.0544084
-0.0502244
-0.0199167
-0.0198055
-0.0177431
-0.0573484
-0.0625331
-0.0669956
-0.0528286
-0.059407
-0.0654794
-0.0464075
-0.0535742
-0.0604906
-0.071992
-0.0777653
-0.0845087
-0.0721288
-0.0792757
-0.087124
-0.0680564
-0.0758823
-0.0841112
-0.0570526
-0.0643136
-0.0716662
-0.0392369
-0.0444635
-0.0495754
-0.0148042
-0.0167765
-0.0186205
-0.0368048
-0.043367
-0.049888
-0.0245782
-0.0292634
-0.0340046
-0.00921966
-0.0109885
-0.0127995
-0.0271045
-0.0241371
-0.0246686
-0.00804835
-0.00572458
-0.00648734
0.0063722
0.0076019
0.00638308
-0.0293763
-0.0379855
-0.0502866
-0.0109161
-0.0187972
-0.0301428
0.00217287
-0.00490015
-0.0150498
0.00993374
0.00381889
-0.00490655
0.0127343
0.0075778
0.000230259
0.012709
0.00849477
0.00245859
0.0153293
0.0154319
0.0138089
0.0185859
0.0179413
0.0161605
0.0183449
0.0173247
0.0156046
-0.0659881
-0.0813557
-0.0946744
-0.04497
-0.0600772
-0.0740461
-0.0285611
-0.0427928
-0.056644
-0.103975
-0.106885
-0.104095
-0.0851898
-0.0908009
-0.091281
-0.0687312
-0.0762115
-0.0792314
-0.0550764
-0.0637946
-0.0688358
-0.0455095
-0.054901
-0.0614022
-0.0383559
-0.0480477
-0.0556639
-0.0167355
-0.0296161
-0.042747
-0.00991706
-0.0213162
-0.0334333
-0.00605169
-0.0159191
-0.0268445
-0.00384422
-0.0121137
-0.0216591
-0.00265396
-0.00945325
-0.0175941
-0.00190995
-0.00727618
-0.0139168
-0.032284
-0.041914
-0.0502935
-0.0270937
-0.0362401
-0.0448309
-0.0219865
-0.0301502
-0.0382852
-0.0164185
-0.0229314
-0.0297047
-0.0106932
-0.0150249
-0.0196302
-0.00406533
-0.00566767
-0.00737393
-0.00140044
-0.00528089
-0.0102194
-0.00102648
-0.00348133
-0.00664881
-0.000496344
-0.00140472
-0.00257393
0.0160662
0.0149563
0.0134546
0.0131883
0.0121502
0.0109081
0.0102251
0.00931876
0.00833133
0.0111339
0.00783217
0.00305918
0.00909916
0.00655706
0.00284451
0.00697613
0.00509354
0.00230791
0.00479314
0.00350643
0.00157974
0.00280062
0.00201799
0.00083185
0.000921613
0.000632631
0.000192985
0.00722498
0.00646668
0.00572937
0.00447378
0.00385417
0.00337659
0.0015944
0.00130407
0.0011259
-0.0271045
-0.00804835
0.00637221
-0.0241371
-0.00572454
0.00760196
-0.0246685
-0.00648724
0.00638322
0.0153293
0.0185859
0.018345
0.0154319
0.0179414
0.0173248
0.0138091
0.0161607
0.0156048
0.00993408
0.0127346
0.0127093
0.00381946
0.00757839
0.00849534
-0.00490571
0.000231143
0.00245946
-0.0293761
-0.0109158
0.00217317
-0.0379851
-0.0187968
-0.00489963
-0.0502861
-0.0301422
-0.015049
0.0160662
0.0131883
0.0102251
0.0149564
0.0121503
0.00931881
0.0134547
0.0109082
0.00833143
0.00722499
0.00447378
0.0015944
0.00646671
0.00385419
0.00130408
0.00572944
0.00337664
0.00112592
0.00479329
0.00280072
0.000921651
0.0035067
0.00201817
0.000632701
0.0015802
0.000832157
0.000193104
0.0111342
0.00909941
0.00697634
0.00783269
0.00655751
0.0050939
0.00305999
0.00284523
0.00230851
-0.00384302
-0.00265286
-0.001909
-0.0121121
-0.00945174
-0.00727483
-0.0216572
-0.0175922
-0.013915
-0.0013997
-0.00102598
-0.000496151
-0.00527982
-0.0034806
-0.00140444
-0.0102179
-0.00664782
-0.00257355
-0.0164167
-0.0106919
-0.00406485
-0.0229294
-0.0150235
-0.00566712
-0.0297026
-0.0196287
-0.00737338
-0.032282
-0.0270915
-0.0219844
-0.0419121
-0.0362379
-0.0301479
-0.0502923
-0.044829
-0.038283
-0.0659875
-0.0449693
-0.0285601
-0.0813551
-0.0600765
-0.0427918
-0.0946742
-0.0740457
-0.0566432
-0.0167344
-0.00991585
-0.00605045
-0.0296149
-0.0213147
-0.0159175
-0.0427458
-0.0334318
-0.0268428
-0.0550757
-0.0455083
-0.0383542
-0.0637948
-0.0549005
-0.0480464
-0.0688371
-0.0614027
-0.0556635
-0.103976
-0.08519
-0.068731
-0.106886
-0.0908021
-0.0762122
-0.104098
-0.0912833
-0.0792333
-0.0965369
-0.0872875
-0.0782095
-0.0872878
-0.0811553
-0.0747928
-0.07821
-0.074793
-0.0708614
-0.0703934
-0.0650486
-0.0611387
-0.0694642
-0.0662629
-0.0643825
-0.0678148
-0.0666496
-0.066788
-0.0669112
-0.067668
-0.0697465
-0.0676679
-0.0700888
-0.0738086
-0.0697463
-0.0738085
-0.0790558
-0.0703939
-0.0694644
-0.0678148
-0.0650492
-0.066263
-0.0666495
-0.0611392
-0.0643826
-0.0667879
-0.0573483
-0.0528276
-0.0464059
-0.0625344
-0.0594072
-0.0535736
-0.0669987
-0.0654813
-0.0604916
-0.0368031
-0.0245769
-0.00921919
-0.0433661
-0.0292627
-0.0109882
-0.0498883
-0.0340046
-0.0127996
-0.0570545
-0.0392381
-0.0148047
-0.0643173
-0.044466
-0.0167774
-0.0716716
-0.0495791
-0.0186219
-0.071997
-0.0721327
-0.0680592
-0.077772
-0.0792816
-0.0758872
-0.0845167
-0.0871317
-0.084118
-0.0912935
-0.0947159
-0.0917071
-0.0947159
-0.0984133
-0.0950236
-0.0917072
-0.0950237
-0.0910007
-0.0780403
-0.0536518
-0.0199185
-0.0802075
-0.0544137
-0.0198074
-0.0756536
-0.0502295
-0.0177449
-0.0613577
-0.0393916
-0.0132602
-0.0393916
-0.0241221
-0.00753098
-0.0132602
-0.00753097
-0.00200113
-0.0780405
-0.0802077
-0.0756536
-0.053652
-0.0544138
-0.0502295
-0.0199185
-0.0198074
-0.0177449
-0.0573487
-0.0625345
-0.0669985
-0.0528281
-0.0594074
-0.0654812
-0.0464064
-0.0535738
-0.0604916
-0.0719968
-0.0777718
-0.0845166
-0.0721325
-0.0792814
-0.0871315
-0.0680591
-0.0758871
-0.084118
-0.0570546
-0.0643174
-0.0716717
-0.0392382
-0.0444661
-0.0495793
-0.0148048
-0.0167775
-0.018622
-0.0368035
-0.0433663
-0.0498884
-0.0245772
-0.0292629
-0.0340048
-0.0092193
-0.0109883
-0.0127996
-0.027105
-0.0241378
-0.0246694
-0.00804895
-0.00572526
-0.0064881
0.00637165
0.00760132
0.00638247
-0.0293772
-0.0379866
-0.0502878
-0.0109169
-0.0187982
-0.0301438
0.00217223
-0.00490082
-0.0150505
0.00993333
0.00381848
-0.00490696
0.012734
0.0075776
0.000230102
0.0127089
0.00849471
0.00245861
0.0153288
0.0154314
0.0138085
0.0185856
0.0179411
0.0161603
0.0183447
0.0173245
0.0156045
-0.0659895
-0.0813572
-0.0946761
-0.0449712
-0.0600785
-0.0740477
-0.0285619
-0.0427937
-0.0566452
-0.103977
-0.106888
-0.104098
-0.0851918
-0.0908035
-0.0912841
-0.0687328
-0.0762137
-0.0792343
-0.0550774
-0.0637962
-0.0688381
-0.0455099
-0.0549019
-0.0614037
-0.0383557
-0.0480477
-0.0556644
-0.0167359
-0.0296167
-0.0427477
-0.00991718
-0.0213163
-0.0334335
-0.00605157
-0.0159188
-0.0268442
-0.00384393
-0.0121132
-0.0216584
-0.00265359
-0.00945266
-0.0175933
-0.00190956
-0.00727555
-0.0139159
-0.0322833
-0.0419133
-0.0502932
-0.0270926
-0.0362389
-0.0448298
-0.0219853
-0.0301488
-0.0382838
-0.0164174
-0.0229301
-0.0297032
-0.0106924
-0.0150239
-0.0196291
-0.00406502
-0.0056673
-0.00737352
-0.0014001
-0.00528033
-0.0102186
-0.00102623
-0.00348093
-0.00664823
-0.000496245
-0.00140456
-0.00257371
0.0160661
0.0149562
0.0134545
0.0131882
0.0121502
0.010908
0.0102251
0.00931873
0.00833131
0.0111339
0.0078322
0.00305931
0.00909916
0.00655713
0.0028447
0.00697615
0.00509362
0.00230811
0.00479316
0.00350651
0.00157992
0.00280064
0.00201805
0.000831982
0.000921621
0.000632656
0.000193038
0.00722496
0.00646666
0.00572935
0.00447377
0.00385416
0.00337659
0.00159439
0.00130406
0.0011259
-0.0271049
-0.00804884
0.00637174
-0.0241374
-0.00572495
0.00760156
-0.0246688
-0.00648759
0.00638287
0.0153289
0.0185856
0.0183448
0.0154316
0.0179412
0.0173246
0.0138088
0.0161605
0.0156047
0.0099338
0.0127344
0.0127092
0.00381917
0.00757817
0.00849518
-0.00490603
0.000230897
0.00245929
-0.0293763
-0.0109162
0.00217284
-0.0379854
-0.0187971
-0.00489997
-0.0502864
-0.0301426
-0.0150494
0.0160661
0.0131883
0.0102251
0.0149563
0.0121502
0.00931876
0.0134546
0.0109081
0.00833138
0.00722497
0.00447377
0.00159439
0.00646668
0.00385417
0.00130407
0.00572941
0.00337662
0.00112591
0.00479326
0.0028007
0.000921645
0.00350667
0.00201815
0.000632697
0.00158019
0.000832152
0.000193102
0.0111341
0.00909934
0.00697629
0.00783258
0.00655744
0.00509386
0.00305988
0.00284516
0.00230848
-0.00384313
-0.00265291
-0.00190901
-0.0121122
-0.00945176
-0.0072748
-0.0216572
-0.0175922
-0.0139149
-0.00139969
-0.00102597
-0.000496146
-0.00527977
-0.00348056
-0.00140442
-0.0102178
-0.00664773
-0.00257352
-0.0164165
-0.0106918
-0.00406479
-0.0229291
-0.0150233
-0.00566704
-0.0297023
-0.0196284
-0.00737327
-0.032282
-0.0270914
-0.0219842
-0.0419121
-0.0362377
-0.0301476
-0.0502923
-0.0448287
-0.0382827
-0.0659879
-0.0449697
-0.0285606
-0.0813556
-0.060077
-0.0427923
-0.0946747
-0.0740463
-0.0566438
-0.0167348
-0.00991613
-0.00605064
-0.0296153
-0.021315
-0.0159177
-0.0427463
-0.0334322
-0.026843
-0.0550762
-0.0455087
-0.0383544
-0.0637954
-0.0549009
-0.0480466
-0.0688378
-0.0614033
-0.0556638
-0.103976
-0.0851907
-0.0687316
-0.106887
-0.0908028
-0.076213
-0.104098
-0.0912841
-0.0792342
-0.0965375
-0.0872884
-0.0782106
-0.0872885
-0.0811563
-0.0747942
-0.0782108
-0.0747943
-0.0708631
-0.0703944
-0.0650494
-0.0611392
-0.0694655
-0.0662641
-0.0643835
-0.0678167
-0.0666514
-0.0667896
-0.0669136
-0.0676705
-0.069749
-0.0676706
-0.070092
-0.073812
-0.0697491
-0.0738121
-0.07906
-0.0703947
-0.0694657
-0.0678167
-0.0650497
-0.0662643
-0.0666515
-0.0611395
-0.0643837
-0.0667898
-0.0573484
-0.0528275
-0.0464056
-0.062535
-0.0594075
-0.0535736
-0.067
-0.0654822
-0.0604922
-0.0368027
-0.0245767
-0.00921911
-0.043366
-0.0292626
-0.0109882
-0.0498888
-0.034005
-0.0127998
-0.057056
-0.0392392
-0.0148052
-0.06432
-0.0444679
-0.0167783
-0.0716757
-0.0495821
-0.0186231
-0.0719993
-0.0721348
-0.068061
-0.0777754
-0.079285
-0.0758903
-0.0845213
-0.0871364
-0.0841226
-0.0912991
-0.0947221
-0.0917133
-0.0947221
-0.0984203
-0.0950307
-0.0917134
-0.0950308
-0.0910079
-0.0780457
-0.0536557
-0.01992
-0.0802138
-0.054418
-0.019809
-0.0756598
-0.0502337
-0.0177464
-0.0613629
-0.039395
-0.0132613
-0.039395
-0.0241242
-0.0075316
-0.0132613
-0.0075316
-0.00200128
-0.0780459
-0.0802139
-0.0756599
-0.0536558
-0.0544181
-0.0502338
-0.01992
-0.019809
-0.0177464
-0.0573487
-0.0625352
-0.0670002
-0.0528277
-0.0594077
-0.0654824
-0.0464058
-0.0535738
-0.0604924
-0.0719995
-0.0777755
-0.0845214
-0.0721349
-0.0792851
-0.0871365
-0.0680611
-0.0758905
-0.0841228
-0.0570561
-0.0643201
-0.0716758
-0.0392393
-0.044468
-0.0495822
-0.0148053
-0.0167783
-0.0186232
-0.0368029
-0.0433661
-0.0498889
-0.0245768
-0.0292627
-0.0340051
-0.00921915
-0.0109883
-0.0127998
-0.0271048
-0.0241373
-0.0246688
-0.00804879
-0.00572497
-0.00648767
0.00637171
0.00760148
0.00638276
-0.0293764
-0.0379856
-0.0502866
-0.0109163
-0.0187973
-0.0301428
0.00217268
-0.00490017
-0.0150497
0.00993364
0.00381898
-0.00490626
0.0127343
0.007578
0.000230691
0.012709
0.00849504
0.00245912
0.0153288
0.0154315
0.0138087
0.0185855
0.0179411
0.0161604
0.0183447
0.0173245
0.0156045
-0.0659882
-0.0813559
-0.0946751
-0.04497
-0.0600774
-0.0740467
-0.0285609
-0.0427927
-0.0566442
-0.103977
-0.106887
-0.104098
-0.085191
-0.0908032
-0.0912843
-0.068732
-0.0762133
-0.0792345
-0.0550766
-0.0637958
-0.0688382
-0.045509
-0.0549013
-0.0614036
-0.0383547
-0.0480469
-0.0556641
-0.016735
-0.0296156
-0.0427467
-0.00991638
-0.0213153
-0.0334325
-0.00605085
-0.0159179
-0.0268432
-0.00384329
-0.0121124
-0.0216574
-0.00265303
-0.0094519
-0.0175923
-0.00190909
-0.0072749
-0.0139151
-0.0322822
-0.0419124
-0.0502925
-0.0270916
-0.0362379
-0.044829
-0.0219843
-0.0301477
-0.0382829
-0.0164166
-0.0229292
-0.0297024
-0.0106918
-0.0150233
-0.0196285
-0.00406481
-0.00566707
-0.0073733
-0.00139974
-0.00527984
-0.0102179
-0.001026
-0.0034806
-0.00664778
-0.000496158
-0.00140443
-0.00257354
0.016066
0.0149562
0.0134546
0.0131882
0.0121502
0.0109081
0.010225
0.00931872
0.00833134
0.011134
0.00783247
0.00305975
0.00909927
0.00655736
0.00284507
0.00697624
0.0050938
0.00230841
0.00479323
0.00350664
0.00158014
0.00280069
0.00201813
0.000832127
0.000921639
0.000632689
0.000193093
0.00722495
0.00646666
0.00572938
0.00447377
0.00385416
0.00337661
0.00159439
0.00130407
0.00112591
