FiniteElementSpace
FiniteElementCollection: H1_2D_P4
VDim: 1
Ordering: 0

-7.9748
0
0
0
0
0
0
0
0
0
0
0.0836417
0
0
0.0836407
0
0
0.083642
0
0
0.083642
0
0
0.0836407
0
0
2.16746e-06
2.16756e-06
2.16789e-06
2.16778e-06
2.16746e-06
0.940398
0.00377718
0.00377716
0.940401
0.00377717
0.00377721
0.940397
0.00377729
0.00377729
0.940397
0.00377726
0.00377722
0.940401
0.00377716
0.00377718
8.8402e-05
0
4.84457e-08
0
0
4.8446e-08
0
8.84007e-05
0
4.8447e-08
0
0
4.84473e-08
0
8.84022e-05
0
4.84473e-08
0
0
4.84476e-08
0
8.84022e-05
0
4.84481e-08
0
0
4.84466e-08
0
8.84006e-05
0
4.84457e-08
0
0
4.84458e-08
0
0.442152
0.442152
0.442157
0.442153
0.442152
-1.58397e-06
2.57108e-09
-1.58396e-06
-1.58393e-06
2.57098e-09
-1.58392e-06
-1.58385e-06
2.57093e-09
-1.58385e-06
-1.58389e-06
2.57097e-09
-1.58387e-06
-1.58396e-06
2.57107e-09
-1.58397e-06
-3.43216
1.05698
1.05698
-3.43215
0.640455
0.0260946
0.0663893
0.000234202
0.000234201
0.0663892
0.0260944
0.640452
1.05698
1.05698
-3.43216
0.0260944
0.0663892
0.000234204
0.000234205
0.0663895
0.0260948
0.640456
1.05699
1.05699
-3.43216
0.026095
0.0663906
0.000234213
0.000234213
0.0663906
0.026095
0.640456
1.05698
1.05698
-3.43215
0.0260949
0.0663899
0.000234211
0.000234209
0.0663897
0.0260946
0.640452
1.05698
1.05698
0.0260944
0.0663892
0.000234201
0.000234202
0.0663893
0.0260946
0.00362883
1.39357e-05
8.11039e-05
4.12597e-06
0
-3.92982e-07
0
1.5861e-08
-1.10605e-07
-5.70192e-07
2.19535e-08
2.19534e-08
-5.70188e-07
0
-8.36279e-11
0
0
-8.36275e-11
0
1.58609e-08
8.11032e-05
1.39355e-05
0.00362877
-1.10601e-07
0
-3.92981e-07
0
4.12592e-06
1.39354e-05
8.11037e-05
0
-3.92975e-07
0
1.58607e-08
-1.10593e-07
-5.70176e-07
2.19531e-08
2.19531e-08
-5.70173e-07
0
-8.36273e-11
0
0
-8.36286e-11
0
1.58605e-08
8.11063e-05
1.39357e-05
0.00362885
-1.10594e-07
0
-3.92976e-07
0
4.12594e-06
1.39359e-05
8.11084e-05
0
-3.92969e-07
0
1.58602e-08
-1.10584e-07
-5.7016e-07
2.19528e-08
2.19528e-08
-5.70159e-07
0
-8.363e-11
0
0
-8.36311e-11
0
1.58602e-08
8.11085e-05
1.39359e-05
0.00362885
-1.10584e-07
0
-3.92971e-07
0
4.12594e-06
1.39357e-05
8.1107e-05
0
-3.9297e-07
0
1.58605e-08
-1.10587e-07
-5.70163e-07
2.19531e-08
2.1953e-08
-5.70168e-07
0
-8.36296e-11
0
0
-8.36267e-11
0
1.58606e-08
8.11047e-05
1.39355e-05
0.00362877
-1.10589e-07
0
-3.92969e-07
0
4.12592e-06
1.39355e-05
8.11032e-05
0
-3.92982e-07
0
1.58609e-08
-1.10601e-07
-5.70187e-07
2.19534e-08
2.19535e-08
-5.70191e-07
0
-8.36271e-11
0
0
-8.36277e-11
0
1.5861e-08
8.11039e-05
1.39357e-05
-1.10605e-07
0
-3.92982e-07
0
-0.0109117
0.301213
0.00618456
0.301211
-0.0109072
0.301211
0.0061846
0.301213
-0.0109209
0.301215
0.00618477
0.301215
-0.010909
0.301214
0.00618469
0.301212
-0.0109117
0.301211
0.00618456
0.301213
0.000879539
-3.42575e-06
5.41815e-08
1.11159e-06
2.52824e-08
2.043e-09
-5.95401e-11
2.04298e-09
0.000879529
1.1116e-06
5.41807e-08
-3.42574e-06
0.00087953
-3.42572e-06
5.41803e-08
1.11166e-06
2.52849e-08
2.04293e-09
-5.95379e-11
2.04291e-09
0.000879551
1.11177e-06
5.41793e-08
-3.42573e-06
0.00087956
-3.42572e-06
5.41794e-08
1.11196e-06
2.5285e-08
2.04287e-09
-5.95373e-11
2.04286e-09
0.000879561
1.11197e-06
5.41791e-08
-3.42572e-06
0.000879554
-3.42572e-06
5.418e-08
1.11184e-06
2.52854e-08
2.04289e-09
-5.95378e-11
2.04293e-09
0.000879534
1.11175e-06
5.41801e-08
-3.42568e-06
0.000879529
-3.42574e-06
5.41805e-08
1.11161e-06
2.52823e-08
2.04298e-09
-5.954e-11
2.04299e-09
0.000879539
1.11159e-06
5.41815e-08
-3.42575e-06
-7.80292
-6.59169
-4.59982
-2.99341
-1.83651
-0.589431
-2.9934
-1.83651
-0.58943
-7.80292
-6.59169
-4.59981
0.624276
-0.50539
-2.30336
1.00964
1.10678
1.10418
1.11547
0.99496
0.45143
0.554399
0.779446
0.980497
0.554399
0.779445
0.980496
1.11547
0.994961
0.45143
1.00964
1.10678
1.10418
0.624281
-0.505383
-2.30336
1.09322
1.05476
0.796858
0.589217
0.478172
0.361385
0.944952
0.67073
0.411993
0.129552
0.269329
0.491907
0.0722278
0.0510601
0.033572
0.0430462
0.101423
0.21398
0.00546445
0.0109029
0.0195953
0.00653239
0.0177843
0.0433225
0.091721
0.157019
0.246591
0.343018
0.194435
0.0992012
0.0468977
0.0225868
0.00986288
0.0468976
0.0225867
0.00986288
0.343018
0.194435
0.099201
0.0024259
0.001031
0.000386264
0.000418222
0.00133873
0.00369314
1.26188e-05
4.04985e-05
0.000130168
1.26188e-05
4.04984e-05
0.000130168
0.000418221
0.00133873
0.00369314
0.00242589
0.00103099
0.000386263
0.00653236
0.0177843
0.0433224
0.944951
0.670728
0.411992
0.589214
0.47817
0.361383
1.09322
1.05476
0.796856
0.0917208
0.157019
0.24659
0.00546442
0.0109028
0.0195951
0.0430459
0.101422
0.213979
0.072227
0.0510596
0.0335717
0.129551
0.269327
0.491904
-2.9934
-1.8365
-0.589425
-2.99341
-1.83651
-0.589426
-7.80292
-6.5917
-4.59982
1.00964
1.10678
1.10418
1.11547
0.994962
0.451434
0.554398
0.779444
0.980495
0.554398
0.779445
0.980496
1.11547
0.994961
0.451433
1.00964
1.10678
1.10418
0.624275
-0.505393
-2.30337
0.589214
0.478169
0.361383
0.94495
0.670728
0.411991
0.072227
0.0510596
0.0335717
0.0430458
0.101422
0.213979
0.00546443
0.0109028
0.0195951
0.00653237
0.0177843
0.0433224
0.0917207
0.157019
0.246589
0.343017
0.194435
0.099201
0.0468976
0.0225868
0.00986292
0.0468978
0.0225869
0.00986293
0.343017
0.194435
0.0992013
0.0024259
0.001031
0.000386267
0.000418226
0.00133874
0.00369317
1.26192e-05
4.04992e-05
0.00013017
1.26192e-05
4.04993e-05
0.000130171
0.000418228
0.00133874
0.00369317
0.00242593
0.00103101
0.00038627
0.00653244
0.0177844
0.0433226
0.944952
0.67073
0.411993
0.589218
0.478172
0.361385
1.09322
1.05476
0.796859
0.0917212
0.15702
0.246591
0.00546449
0.0109029
0.0195954
0.0430464
0.101423
0.21398
0.072228
0.0510603
0.0335721
0.129553
0.269329
0.491908
-2.99342
-1.83652
-0.589441
-2.99342
-1.83652
-0.589441
-7.80292
-6.5917
-4.59982
1.00964
1.10678
1.10418
1.11547
0.994957
0.451422
0.554403
0.77945
0.9805
0.554403
0.77945
0.9805
1.11547
0.994957
0.451422
1.00964
1.10678
1.10418
0.624275
-0.505393
-2.30337
0.589219
0.478174
0.361387
0.944955
0.670733
0.411996
0.0722282
0.0510606
0.0335724
0.0430468
0.101424
0.213982
0.00546461
0.0109031
0.0195956
0.00653258
0.0177848
0.0433234
0.0917226
0.157021
0.246593
0.343022
0.194438
0.0992029
0.0468987
0.0225874
0.00986319
0.0468987
0.0225874
0.00986319
0.343022
0.194438
0.0992029
0.00242599
0.00103104
0.000386283
0.000418242
0.00133879
0.00369328
1.26197e-05
4.0501e-05
0.000130175
1.26197e-05
4.0501e-05
0.000130175
0.000418243
0.00133879
0.00369328
0.00242599
0.00103104
0.000386283
0.00653258
0.0177848
0.0433234
0.944955
0.670733
0.411996
0.589219
0.478174
0.361387
1.09322
1.05476
0.796859
0.0917226
0.157021
0.246593
0.00546461
0.0109031
0.0195956
0.0430468
0.101424
0.213982
0.0722282
0.0510606
0.0335724
0.129553
0.269329
0.491908
-2.99341
-1.83651
-0.589428
-2.9934
-1.8365
-0.589427
-7.80292
-6.59169
-4.59981
1.00964
1.10678
1.10418
1.11547
0.994961
0.451431
0.5544
0.779446
0.980497
0.554399
0.779446
0.980496
1.11547
0.994961
0.451432
1.00964
1.10678
1.10418
0.624281
-0.505383
-2.30336
0.589218
0.478172
0.361386
0.944953
0.670731
0.411994
0.0722281
0.0510604
0.0335722
0.0430465
0.101423
0.213981
0.00546455
0.010903
0.0195955
0.00653251
0.0177846
0.043323
0.0917217
0.15702
0.246592
0.343019
0.194436
0.099202
0.0468982
0.0225871
0.00986306
0.046898
0.0225871
0.00986306
0.343019
0.194436
0.0992017
0.00242596
0.00103103
0.000386279
0.000418238
0.00133877
0.00369323
1.26196e-05
4.05006e-05
0.000130174
1.26196e-05
4.05005e-05
0.000130173
0.000418236
0.00133877
0.00369323
0.00242594
0.00103102
0.000386277
0.00653246
0.0177845
0.0433228
0.944951
0.670729
0.411992
0.589214
0.47817
0.361384
1.09322
1.05476
0.796856
0.0917214
0.157019
0.24659
0.0054645
0.0109029
0.0195953
0.0430461
0.101423
0.213979
0.072227
0.0510597
0.0335718
0.129551
0.269327
0.491904
-2.9934
-1.83651
-0.58943
-2.99341
-1.83651
-0.589431
1.00964
1.10678
1.10418
1.11547
0.994961
0.45143
0.554399
0.779445
0.980496
0.554399
0.779446
0.980497
1.11547
0.99496
0.45143
1.00964
1.10678
1.10418
0.589214
0.47817
0.361383
0.944951
0.670728
0.411992
0.072227
0.0510596
0.0335717
0.0430459
0.101422
0.213979
0.00546442
0.0109028
0.0195951
0.00653236
0.0177843
0.0433224
0.0917208
0.157019
0.24659
0.343018
0.194435
0.099201
0.0468976
0.0225867
0.00986288
0.0468977
0.0225868
0.00986288
0.343018
0.194435
0.0992012
0.00242589
0.00103099
0.000386263
0.000418221
0.00133873
0.00369314
1.26188e-05
4.04984e-05
0.000130168
1.26188e-05
4.04985e-05
0.000130168
0.000418222
0.00133873
0.00369314
0.0024259
0.001031
0.000386264
0.00653239
0.0177843
0.0433225
0.944952
0.67073
0.411993
0.589217
0.478172
0.361385
0.091721
0.157019
0.246591
0.00546445
0.0109029
0.0195953
0.0430462
0.101423
0.21398
0.0722278
0.0510601
0.033572
0.052724
0.0198595
0.00678883
0.00292302
0.00193981
0.00108778
0.0153259
0.0051973
0.00154505
0.000117755
0.000521783
0.00190159
4.53281e-05
5.03237e-05
2.23037e-05
1.37932e-05
0.000104932
0.000380273
5.80547e-06
4.9176e-06
1.88575e-05
2.78521e-06
6.9435e-06
3.89904e-05
0.000133824
0.00029779
0.000585417
0.0020437
0.000613923
0.000160552
1.79017e-05
8.76851e-06
-2.85631e-06
6.63642e-07
-7.07325e-07
9.61694e-07
5.87046e-06
-3.50846e-07
1.49706e-06
-2.45432e-08
2.04254e-08
3.15812e-07
0
0
0
4.86158e-07
-4.42195e-07
8.47377e-07
0
0
0
1.53962e-08
-1.57583e-08
2.10619e-08
9.27314e-09
-7.75489e-07
2.21974e-07
7.37076e-07
-2.46061e-07
3.20082e-07
-2.65115e-07
-5.25829e-08
-8.51758e-08
-4.99424e-08
2.62154e-08
-2.59545e-08
1.79437e-06
2.43554e-07
4.13881e-07
0
0
0
-8.59573e-09
7.28119e-09
-1.23788e-08
0
0
0
-1.18921e-09
1.05677e-09
-1.4658e-09
-1.19101e-08
2.40737e-09
-3.22642e-08
-2.25867e-08
1.14899e-08
-1.17991e-08
7.20444e-09
2.62509e-09
2.50685e-08
5.77271e-05
1.94798e-05
9.00895e-06
0.000120334
3.04531e-05
8.17611e-06
2.84686e-07
4.55437e-08
2.02031e-06
2.09099e-09
2.59308e-09
1.846e-08
7.18429e-07
2.11675e-07
2.95794e-06
3.81765e-06
2.07774e-07
6.75282e-07
6.03063e-08
-1.55894e-08
3.10627e-08
6.03058e-08
-1.55893e-08
3.10627e-08
3.81765e-06
2.07772e-07
6.7528e-07
-2.3147e-08
1.08063e-08
-1.18693e-08
-1.38144e-08
1.34481e-08
-2.67695e-08
-2.41961e-09
2.35488e-09
-4.0651e-09
-2.41961e-09
2.35488e-09
-4.0651e-09
-1.38143e-08
1.34481e-08
-2.67694e-08
-2.31469e-08
1.08062e-08
-1.18693e-08
2.09049e-09
2.59355e-09
1.84588e-08
-3.13836e-09
1.3569e-09
-1.72113e-09
-3.21291e-09
1.99406e-09
-2.06493e-09
0
0
0
-2.4666e-11
2.5454e-11
6.80252e-11
0
0
0
3.36828e-11
-2.92672e-11
6.274e-11
-5.69189e-11
6.02888e-11
-6.34278e-11
1.31107e-11
5.82048e-11
-5.52419e-11
6.7969e-11
-3.38734e-11
3.61569e-11
6.79689e-11
-3.38733e-11
3.61569e-11
1.31115e-11
5.82046e-11
-5.52418e-11
0
0
0
6.67022e-12
-5.8532e-12
9.39207e-12
0
0
0
0
0
0
6.67021e-12
-5.85319e-12
9.39205e-12
0
0
0
3.36826e-11
-2.92671e-11
6.27397e-11
-3.21288e-09
1.99405e-09
-2.06492e-09
-3.13833e-09
1.35688e-09
-1.72111e-09
-2.25866e-08
1.14898e-08
-1.17991e-08
-5.69188e-11
6.02886e-11
-6.34289e-11
0
0
0
-2.46657e-11
2.54536e-11
6.80254e-11
0
0
0
-1.18919e-09
1.05675e-09
-1.46577e-09
0.0153258
0.00519725
0.00154503
0.00292297
0.00193979
0.00108776
0.0527234
0.0198592
0.00678873
0.00204369
0.000613919
0.000160551
0.000133823
0.000297787
0.000585411
2.78519e-06
6.94344e-06
3.89901e-05
5.80543e-06
4.91754e-06
1.88574e-05
1.3793e-05
0.000104931
0.000380268
4.53273e-05
5.03231e-05
2.23035e-05
0.000117753
0.000521774
0.00190155
0.000120334
3.0453e-05
8.17608e-06
5.77268e-05
1.94797e-05
9.00893e-06
7.18427e-07
2.11677e-07
2.95793e-06
7.20377e-09
2.62481e-09
2.50662e-08
2.84681e-07
4.55461e-08
2.02029e-06
1.79435e-06
2.43551e-07
4.13873e-07
-4.99423e-08
2.62154e-08
-2.59544e-08
-2.65119e-07
-5.25844e-08
-8.51769e-08
7.37071e-07
-2.4606e-07
3.20081e-07
-1.19101e-08
2.40716e-09
-3.22643e-08
0
0
0
-8.59559e-09
7.28106e-09
-1.23785e-08
0
0
0
1.53964e-08
-1.57584e-08
2.10623e-08
5.87041e-06
-3.50858e-07
1.49706e-06
6.63633e-07
-7.07351e-07
9.61671e-07
1.79013e-05
8.76838e-06
-2.85629e-06
9.26349e-09
-7.75493e-07
2.21953e-07
0
0
0
4.86156e-07
-4.42193e-07
8.47373e-07
0
0
0
-2.4543e-08
2.04251e-08
3.15807e-07
0.00292297
0.00193979
0.00108776
0.0153258
0.00519725
0.00154504
4.53273e-05
5.03231e-05
2.23036e-05
1.37931e-05
0.000104931
0.000380269
5.80544e-06
4.91757e-06
1.88574e-05
2.7852e-06
6.94351e-06
3.89904e-05
0.000133824
0.000297788
0.000585413
0.0020437
0.000613922
0.000160552
6.63655e-07
-7.07344e-07
9.6168e-07
5.87042e-06
-3.50856e-07
1.49706e-06
0
0
0
4.86152e-07
-4.42189e-07
8.47366e-07
0
0
0
1.53962e-08
-1.57582e-08
2.10621e-08
9.26011e-09
-7.75487e-07
2.2195e-07
7.37064e-07
-2.46054e-07
3.20075e-07
-2.65118e-07
-5.25841e-08
-8.51769e-08
-4.99426e-08
2.62157e-08
-2.59546e-08
1.79435e-06
2.4356e-07
4.13869e-07
0
0
0
-8.59542e-09
7.28091e-09
-1.23782e-08
0
0
0
-1.18917e-09
1.05673e-09
-1.46573e-09
-1.191e-08
2.40705e-09
-3.22641e-08
-2.25864e-08
1.14898e-08
-1.1799e-08
7.20319e-09
2.62555e-09
2.50663e-08
5.77273e-05
1.948e-05
9.00906e-06
0.000120336
3.04535e-05
8.17624e-06
2.84677e-07
4.5559e-08
2.02031e-06
2.08924e-09
2.59511e-09
1.84565e-08
7.18431e-07
2.11692e-07
2.95798e-06
3.81773e-06
2.07796e-07
6.75284e-07
6.03035e-08
-1.55873e-08
3.1061e-08
6.03038e-08
-1.55871e-08
3.10607e-08
3.81775e-06
2.07812e-07
6.75291e-07
-2.31467e-08
1.08061e-08
-1.18692e-08
-1.38143e-08
1.3448e-08
-2.67693e-08
-2.41953e-09
2.35481e-09
-4.06497e-09
-2.41953e-09
2.3548e-09
-4.06496e-09
-1.38143e-08
1.3448e-08
-2.67694e-08
-2.31469e-08
1.08061e-08
-1.18693e-08
2.08898e-09
2.59584e-09
1.84571e-08
-3.13826e-09
1.35684e-09
-1.72107e-09
-3.21279e-09
1.994e-09
-2.06487e-09
0
0
0
-2.46645e-11
2.54523e-11
6.80259e-11
0
0
0
3.36815e-11
-2.92661e-11
6.27377e-11
-5.69154e-11
6.02848e-11
-6.34219e-11
1.31166e-11
5.82005e-11
-5.52378e-11
6.79668e-11
-3.38722e-11
3.61556e-11
6.79667e-11
-3.38722e-11
3.61557e-11
1.3118e-11
5.81998e-11
-5.5237e-11
0
0
0
6.66995e-12
-5.85296e-12
9.39167e-12
0
0
0
0
0
0
6.66994e-12
-5.85295e-12
9.39166e-12
0
0
0
3.36814e-11
-2.92661e-11
6.27377e-11
-3.21277e-09
1.99399e-09
-2.06486e-09
-3.13826e-09
1.35683e-09
-1.72106e-09
-2.25863e-08
1.14897e-08
-1.17989e-08
-5.69138e-11
6.0283e-11
-6.34189e-11
0
0
0
-2.46638e-11
2.54513e-11
6.80283e-11
0
0
0
-1.18915e-09
1.05671e-09
-1.46569e-09
0.015326
0.00519735
0.00154507
0.00292303
0.00193983
0.00108779
0.0527243
0.0198596
0.00678886
0.00204373
0.000613935
0.000160556
0.000133828
0.000297796
0.000585428
2.7853e-06
6.94386e-06
3.89918e-05
5.80547e-06
4.91765e-06
1.88577e-05
1.37939e-05
0.000104934
0.00038028
4.53287e-05
5.03241e-05
2.23041e-05
0.000117756
0.000521786
0.0019016
0.000120337
3.04542e-05
8.1765e-06
5.77289e-05
1.94806e-05
9.00929e-06
7.18439e-07
2.11709e-07
2.95805e-06
7.20238e-09
2.6247e-09
2.50636e-08
2.84683e-07
4.55752e-08
2.02038e-06
1.79434e-06
2.43555e-07
4.13863e-07
-4.99415e-08
2.62155e-08
-2.59541e-08
-2.65125e-07
-5.25868e-08
-8.51784e-08
7.37085e-07
-2.46053e-07
3.20078e-07
-1.191e-08
2.40684e-09
-3.22644e-08
0
0
0
-8.59523e-09
7.28076e-09
-1.2378e-08
0
0
0
1.53961e-08
-1.57581e-08
2.10618e-08
5.87061e-06
-3.50835e-07
1.49708e-06
6.63702e-07
-7.07323e-07
9.6169e-07
1.79019e-05
8.76853e-06
-2.85628e-06
9.24746e-09
-7.75496e-07
2.21935e-07
0
0
0
4.86151e-07
-4.42189e-07
8.47366e-07
0
0
0
-2.45367e-08
2.04202e-08
3.15821e-07
0.00292304
0.00193984
0.0010878
0.0153262
0.00519741
0.00154509
4.53288e-05
5.03242e-05
2.23044e-05
1.37943e-05
0.000104935
0.000380285
5.80555e-06
4.91778e-06
1.88579e-05
2.78534e-06
6.94413e-06
3.89928e-05
0.000133831
0.000297802
0.000585437
0.00204377
0.00061395
0.000160561
6.63725e-07
-7.07317e-07
9.61719e-07
5.87065e-06
-3.50814e-07
1.49707e-06
0
0
0
4.86151e-07
-4.42188e-07
8.47365e-07
0
0
0
1.53956e-08
-1.57577e-08
2.10615e-08
9.24734e-09
-7.75486e-07
2.21944e-07
7.37083e-07
-2.46046e-07
3.20072e-07
-2.65125e-07
-5.25863e-08
-8.51793e-08
-4.9942e-08
2.62162e-08
-2.59547e-08
1.79437e-06
2.43577e-07
4.13866e-07
0
0
0
-8.59514e-09
7.28068e-09
-1.23778e-08
0
0
0
-1.18911e-09
1.05668e-09
-1.46563e-09
-1.191e-08
2.40668e-09
-3.22645e-08
-2.25861e-08
1.14896e-08
-1.17988e-08
7.20201e-09
2.62618e-09
2.50653e-08
5.77304e-05
1.94813e-05
9.00955e-06
0.000120341
3.04554e-05
8.1768e-06
2.84679e-07
4.55963e-08
2.02044e-06
2.08858e-09
2.59663e-09
1.84581e-08
7.18439e-07
2.11746e-07
2.95813e-06
3.81787e-06
2.07854e-07
6.75292e-07
6.03061e-08
-1.55864e-08
3.10608e-08
6.03059e-08
-1.55864e-08
3.10607e-08
3.81787e-06
2.07854e-07
6.75292e-07
-2.31464e-08
1.08059e-08
-1.1869e-08
-1.38141e-08
1.34479e-08
-2.67691e-08
-2.41949e-09
2.35476e-09
-4.0649e-09
-2.41949e-09
2.35476e-09
-4.0649e-09
-1.38141e-08
1.34479e-08
-2.67691e-08
-2.31465e-08
1.08059e-08
-1.18691e-08
2.08838e-09
2.59684e-09
1.84578e-08
-3.1382e-09
1.35679e-09
-1.72103e-09
-3.21272e-09
1.99395e-09
-2.06482e-09
0
0
0
-2.46621e-11
2.54497e-11
6.80296e-11
0
0
0
3.36811e-11
-2.92658e-11
6.27369e-11
-5.69114e-11
6.02805e-11
-6.34164e-11
1.31218e-11
5.81968e-11
-5.5234e-11
6.79661e-11
-3.38719e-11
3.61554e-11
6.79662e-11
-3.38719e-11
3.61554e-11
1.31226e-11
5.81962e-11
-5.52333e-11
0
0
0
6.66984e-12
-5.85286e-12
9.39152e-12
0
0
0
0
0
0
6.66984e-12
-5.85286e-12
9.39152e-12
0
0
0
3.36812e-11
-2.92659e-11
6.27371e-11
-3.21271e-09
1.99395e-09
-2.06482e-09
-3.1382e-09
1.35679e-09
-1.72103e-09
-2.25861e-08
1.14896e-08
-1.17988e-08
-5.69104e-11
6.02795e-11
-6.34143e-11
0
0
0
-2.46608e-11
2.54486e-11
6.80315e-11
0
0
0
-1.18911e-09
1.05668e-09
-1.46563e-09
0.0153262
0.00519741
0.00154509
0.00292304
0.00193984
0.0010878
0.0527243
0.0198596
0.00678886
0.00204377
0.00061395
0.000160561
0.000133832
0.000297802
0.000585437
2.78534e-06
6.94415e-06
3.89929e-05
5.80554e-06
4.91777e-06
1.88579e-05
1.37943e-05
0.000104935
0.000380286
4.53289e-05
5.03242e-05
2.23045e-05
0.000117756
0.000521786
0.0019016
0.000120341
3.04554e-05
8.17681e-06
5.77305e-05
1.94813e-05
9.00956e-06
7.1844e-07
2.11746e-07
2.95813e-06
7.20177e-09
2.62594e-09
2.50643e-08
2.84679e-07
4.55972e-08
2.02044e-06
1.79437e-06
2.43574e-07
4.13864e-07
-4.99416e-08
2.6216e-08
-2.59545e-08
-2.65127e-07
-5.25872e-08
-8.51796e-08
7.37086e-07
-2.46046e-07
3.20073e-07
-1.191e-08
2.40664e-09
-3.22646e-08
0
0
0
-8.5951e-09
7.28064e-09
-1.23777e-08
0
0
0
1.5396e-08
-1.5758e-08
2.1062e-08
5.87065e-06
-3.50811e-07
1.49707e-06
6.63728e-07
-7.07313e-07
9.6171e-07
1.79019e-05
8.76853e-06
-2.85628e-06
9.24403e-09
-7.7549e-07
2.21938e-07
0
0
0
4.8615e-07
-4.42188e-07
8.47365e-07
0
0
0
-2.45378e-08
2.04214e-08
3.15818e-07
0.00292304
0.00193983
0.0010878
0.0153261
0.00519737
0.00154508
4.53287e-05
5.03241e-05
2.23042e-05
1.3794e-05
0.000104934
0.000380281
5.8055e-06
4.9177e-06
1.88578e-05
2.78531e-06
6.94394e-06
3.89922e-05
0.00013383
0.000297798
0.000585431
0.00204375
0.000613942
0.000160558
6.63711e-07
-7.07318e-07
9.61701e-07
5.8706e-06
-3.50826e-07
1.49707e-06
0
0
0
4.8615e-07
-4.42188e-07
8.47364e-07
0
0
0
1.53958e-08
-1.57579e-08
2.10616e-08
9.25053e-09
-7.75487e-07
2.21942e-07
7.37077e-07
-2.46048e-07
3.20073e-07
-2.65123e-07
-5.25852e-08
-8.51781e-08
-4.99426e-08
2.62162e-08
-2.59549e-08
1.79435e-06
2.43567e-07
4.13865e-07
0
0
0
-8.59524e-09
7.28077e-09
-1.23779e-08
0
0
0
-1.18914e-09
1.0567e-09
-1.46567e-09
-1.191e-08
2.40694e-09
-3.22642e-08
-2.25863e-08
1.14897e-08
-1.17989e-08
7.20186e-09
2.62606e-09
2.50643e-08
5.77296e-05
1.94809e-05
9.00942e-06
0.00012034
3.04549e-05
8.17667e-06
2.84679e-07
4.55846e-08
2.0204e-06
2.08814e-09
2.59684e-09
1.84562e-08
7.18439e-07
2.11724e-07
2.95809e-06
3.81784e-06
2.0784e-07
6.75292e-07
6.03035e-08
-1.55863e-08
3.106e-08
6.03037e-08
-1.55868e-08
3.10606e-08
3.81782e-06
2.07825e-07
6.75285e-07
-2.31468e-08
1.08061e-08
-1.18692e-08
-1.38143e-08
1.3448e-08
-2.67693e-08
-2.41952e-09
2.35479e-09
-4.06493e-09
-2.41953e-09
2.3548e-09
-4.06496e-09
-1.38142e-08
1.3448e-08
-2.67692e-08
-2.31465e-08
1.08061e-08
-1.18691e-08
2.08919e-09
2.59534e-09
1.84572e-08
-3.13823e-09
1.35682e-09
-1.72105e-09
-3.21275e-09
1.99398e-09
-2.06484e-09
0
0
0
-2.46619e-11
2.54497e-11
6.80305e-11
0
0
0
3.36815e-11
-2.92662e-11
6.27377e-11
-5.69125e-11
6.02817e-11
-6.34169e-11
1.31192e-11
5.81988e-11
-5.5236e-11
6.79665e-11
-3.38722e-11
3.61557e-11
6.79667e-11
-3.38721e-11
3.61556e-11
1.31163e-11
5.82004e-11
-5.52378e-11
0
0
0
6.66993e-12
-5.85294e-12
9.39165e-12
0
0
0
0
0
0
6.66995e-12
-5.85295e-12
9.39166e-12
0
0
0
3.36814e-11
-2.9266e-11
6.27374e-11
-3.21278e-09
1.99399e-09
-2.06486e-09
-3.13826e-09
1.35684e-09
-1.72107e-09
-2.25862e-08
1.14897e-08
-1.17989e-08
-5.69158e-11
6.0285e-11
-6.34229e-11
0
0
0
-2.46656e-11
2.54534e-11
6.80237e-11
0
0
0
-1.18917e-09
1.05673e-09
-1.46573e-09
0.0153258
0.00519728
0.00154505
0.00292297
0.00193979
0.00108777
0.0527234
0.0198592
0.00678873
0.00204373
0.000613931
0.000160554
0.000133826
0.000297791
0.000585417
2.7852e-06
6.94363e-06
3.89909e-05
5.80547e-06
4.91765e-06
1.88575e-05
1.37932e-05
0.000104931
0.000380271
4.53274e-05
5.03231e-05
2.23037e-05
0.000117753
0.000521774
0.00190155
0.000120339
3.04543e-05
8.17642e-06
5.7728e-05
1.94803e-05
9.00917e-06
7.18432e-07
2.11708e-07
2.95802e-06
7.20354e-09
2.6262e-09
2.50688e-08
2.84674e-07
4.55685e-08
2.02033e-06
1.79437e-06
2.43574e-07
4.13873e-07
-4.99425e-08
2.62158e-08
-2.59546e-08
-2.65113e-07
-5.25825e-08
-8.51756e-08
7.37055e-07
-2.46048e-07
3.20069e-07
-1.19099e-08
2.40708e-09
-3.22637e-08
0
0
0
-8.59536e-09
7.28085e-09
-1.23781e-08
0
0
0
1.53961e-08
-1.57582e-08
2.10624e-08
5.87039e-06
-3.50831e-07
1.49704e-06
6.63679e-07
-7.07315e-07
9.61698e-07
1.79013e-05
8.76837e-06
-2.85629e-06
9.26686e-09
-7.75471e-07
2.21966e-07
0
0
0
4.86148e-07
-4.42186e-07
8.47361e-07
0
0
0
-2.45429e-08
2.0425e-08
3.15807e-07
0.00292297
0.00193979
0.00108776
0.0153258
0.00519725
0.00154503
4.53273e-05
5.03231e-05
2.23035e-05
1.3793e-05
0.000104931
0.000380268
5.80543e-06
4.91755e-06
1.88574e-05
2.78518e-06
6.94344e-06
3.89901e-05
0.000133823
0.000297787
0.000585411
0.00204369
0.000613919
0.000160551
6.63628e-07
-7.07346e-07
9.61667e-07
5.8704e-06
-3.50853e-07
1.49706e-06
0
0
0
4.86155e-07
-4.42192e-07
8.47372e-07
0
0
0
1.53965e-08
-1.57586e-08
2.10626e-08
9.26321e-09
-7.75493e-07
2.21952e-07
7.37071e-07
-2.4606e-07
3.2008e-07
-2.65118e-07
-5.25845e-08
-8.51768e-08
-4.9942e-08
2.62152e-08
-2.59542e-08
1.79435e-06
2.43551e-07
4.13872e-07
0
0
0
-8.59556e-09
7.28104e-09
-1.23785e-08
0
0
0
-1.18919e-09
1.05675e-09
-1.46577e-09
-1.19101e-08
2.40714e-09
-3.22643e-08
-2.25865e-08
1.14898e-08
-1.1799e-08
7.2039e-09
2.62469e-09
2.50665e-08
5.77268e-05
1.94797e-05
9.00892e-06
0.000120334
3.0453e-05
8.17607e-06
2.84681e-07
4.55466e-08
2.02029e-06
2.0906e-09
2.59344e-09
1.8459e-08
7.18426e-07
2.11678e-07
2.95793e-06
3.81764e-06
2.07773e-07
6.75279e-07
6.03059e-08
-1.55893e-08
3.10628e-08
6.03062e-08
-1.55894e-08
3.10627e-08
3.81765e-06
2.07775e-07
6.75281e-07
-2.31469e-08
1.08062e-08
-1.18692e-08
-1.38143e-08
1.34481e-08
-2.67694e-08
-2.4196e-09
2.35488e-09
-4.06509e-09
-2.41961e-09
2.35488e-09
-4.06509e-09
-1.38143e-08
1.34481e-08
-2.67694e-08
-2.3147e-08
1.08063e-08
-1.18693e-08
2.09093e-09
2.59313e-09
1.84599e-08
-3.13833e-09
1.35688e-09
-1.72111e-09
-3.21288e-09
1.99405e-09
-2.06492e-09
0
0
0
-2.46661e-11
2.5454e-11
6.80247e-11
0
0
0
3.36825e-11
-2.9267e-11
6.27396e-11
-5.69191e-11
6.02888e-11
-6.34294e-11
1.3111e-11
5.82049e-11
-5.5242e-11
6.79688e-11
-3.38733e-11
3.61568e-11
6.79689e-11
-3.38733e-11
3.61569e-11
1.31105e-11
5.82049e-11
-5.5242e-11
0
0
0
6.6702e-12
-5.85318e-12
9.39205e-12
0
0
0
0
0
0
6.67022e-12
-5.85319e-12
9.39207e-12
0
0
0
3.36828e-11
-2.92672e-11
6.27399e-11
-3.2129e-09
1.99406e-09
-2.06493e-09
-3.13835e-09
1.3569e-09
-1.72112e-09
-2.25867e-08
1.14899e-08
-1.17991e-08
-5.69189e-11
6.02887e-11
-6.34278e-11
0
0
0
-2.46658e-11
2.54538e-11
6.80254e-11
0
0
0
-1.18921e-09
1.05677e-09
-1.4658e-09
0.0153259
0.0051973
0.00154505
0.00292302
0.00193981
0.00108778
0.0020437
0.000613923
0.000160552
0.000133824
0.00029779
0.000585417
2.78521e-06
6.9435e-06
3.89904e-05
5.80547e-06
4.9176e-06
1.88575e-05
1.37932e-05
0.000104932
0.000380273
4.53281e-05
5.03237e-05
2.23037e-05
0.000120334
3.04531e-05
8.17611e-06
5.77271e-05
1.94798e-05
9.00895e-06
7.18429e-07
2.11675e-07
2.95794e-06
7.20437e-09
2.62516e-09
2.50684e-08
2.84686e-07
4.55437e-08
2.02031e-06
1.79437e-06
2.43554e-07
4.13882e-07
-4.99424e-08
2.62154e-08
-2.59545e-08
-2.65115e-07
-5.25829e-08
-8.51758e-08
7.37077e-07
-2.46061e-07
3.20082e-07
-1.19101e-08
2.40738e-09
-3.22642e-08
0
0
0
-8.59574e-09
7.28119e-09
-1.23788e-08
0
0
0
1.53962e-08
-1.57583e-08
2.10619e-08
5.87046e-06
-3.50846e-07
1.49706e-06
6.63642e-07
-7.07325e-07
9.61694e-07
9.27315e-09
-7.75489e-07
2.21974e-07
0
0
0
4.86158e-07
-4.42195e-07
8.47377e-07
0
0
0
-7.52559
-6.17301
-4.13768
-6.17301
-4.72231
-2.82929
-4.13768
-2.82929
-1.31919
-1.90658
-0.236473
0.756102
-0.941383
0.337228
0.98711
0.0317195
0.823136
1.11191
0.774814
1.09186
1.07727
1.09186
1.09087
0.910485
1.07727
0.910485
0.678799
-1.90657
-0.941379
0.0317209
-0.236467
0.337231
0.823138
0.756105
0.987112
1.11191
1.11396
1.01796
0.744227
1.10804
0.912243
0.622417
1.02237
0.761891
0.484879
0.446609
0.239285
0.112572
0.353495
0.180665
0.0817802
0.259561
0.12659
0.0547574
0.172048
0.0795988
0.0329253
0.106774
0.0470229
0.0186083
0.060639
0.0254478
0.0096478
0.848768
0.576486
0.341574
0.642135
0.403315
0.224535
0.437474
0.256753
0.134604
0.260709
0.143356
0.0709644
0.143356
0.0745209
0.0350653
0.0709643
0.0350653
0.0156954
0.0302459
0.0120607
0.00438217
0.0141811
0.0054212
0.0018706
0.00606797
0.00220465
0.000742787
0.00222556
0.000773787
0.0002482
0.000773786
0.000261381
7.82093e-05
0.000248199
7.82093e-05
2.40158e-05
0.0302458
0.0141811
0.00606796
0.0120606
0.00542118
0.00220464
0.00438215
0.00187059
0.000742785
1.11396
1.10804
1.02236
1.01796
0.912241
0.76189
0.744224
0.622415
0.484878
0.848767
0.642134
0.437474
0.576485
0.403314
0.256753
0.341573
0.224534
0.134604
0.172047
0.106774
0.0606388
0.0795983
0.0470227
0.0254477
0.0329251
0.0186082
0.00964775
0.446606
0.353493
0.25956
0.239284
0.180664
0.12659
0.112571
0.0817795
0.054757
-7.52559
-6.17301
-4.13767
-6.17301
-4.7223
-2.82928
-4.13768
-2.82929
-1.31919
-1.90657
-0.236465
0.756106
-0.941373
0.337234
0.987113
0.0317254
0.82314
1.11191
0.774817
1.09186
1.07727
1.09186
1.09087
0.910484
1.07727
0.910484
0.678798
-1.90658
-0.941379
0.0317232
-0.236474
0.337229
0.823138
0.756101
0.98711
1.11191
1.11396
1.01796
0.744224
1.10804
0.91224
0.622414
1.02236
0.761889
0.484877
0.446606
0.239284
0.112571
0.353492
0.180664
0.0817794
0.259559
0.126589
0.0547569
0.172047
0.0795983
0.0329251
0.106774
0.0470227
0.0186082
0.0606388
0.0254477
0.00964776
0.848766
0.576484
0.341572
0.642134
0.403314
0.224534
0.437474
0.256752
0.134604
0.260709
0.143356
0.0709643
0.143356
0.074521
0.0350653
0.0709645
0.0350654
0.0156954
0.0302458
0.0120607
0.00438217
0.0141811
0.00542121
0.0018706
0.006068
0.00220466
0.000742793
0.00222558
0.000773795
0.000248203
0.000773797
0.000261385
7.82108e-05
0.000248204
7.8211e-05
2.40163e-05
0.030246
0.0141812
0.00606801
0.0120607
0.00542124
0.00220467
0.00438221
0.00187062
0.000742797
1.11396
1.10804
1.02237
1.01796
0.912243
0.761891
0.744228
0.622417
0.484879
0.848768
0.642134
0.437474
0.576486
0.403315
0.256753
0.341574
0.224535
0.134605
0.172048
0.106775
0.0606391
0.079599
0.0470231
0.0254479
0.0329254
0.0186084
0.00964786
0.446609
0.353495
0.259561
0.239286
0.180666
0.126591
0.112573
0.0817805
0.0547576
-7.52559
-6.17301
-4.13769
-6.17301
-4.72231
-2.8293
-4.13769
-2.8293
-1.31921
-1.90658
-0.236477
0.7561
-0.94139
0.337223
0.987108
0.0317113
0.823132
1.11191
0.774809
1.09186
1.07728
1.09186
1.09087
0.910489
1.07728
0.910489
0.678804
-1.90658
-0.94139
0.0317113
-0.236477
0.337223
0.823132
0.7561
0.987108
1.11191
1.11396
1.01796
0.744228
1.10804
0.912245
0.622419
1.02237
0.761894
0.484882
0.44661
0.239286
0.112573
0.353496
0.180667
0.0817809
0.259563
0.126592
0.0547581
0.17205
0.0795999
0.0329258
0.106776
0.0470238
0.0186087
0.0606401
0.0254484
0.00964805
0.848771
0.57649
0.341577
0.642139
0.403318
0.224538
0.437479
0.256756
0.134606
0.260713
0.143358
0.0709658
0.143358
0.0745224
0.0350662
0.0709658
0.0350662
0.0156958
0.0302466
0.012061
0.00438231
0.0141815
0.00542138
0.00187067
0.00606817
0.00220473
0.00074282
0.00222564
0.000773822
0.000248212
0.000773822
0.000261394
7.8214e-05
0.000248212
7.8214e-05
2.40173e-05
0.0302466
0.0141815
0.00606817
0.012061
0.00542138
0.00220473
0.00438231
0.00187067
0.00074282
1.11396
1.10804
1.02237
1.01796
0.912245
0.761894
0.744228
0.622419
0.484882
0.848771
0.642139
0.437479
0.57649
0.403318
0.256756
0.341577
0.224538
0.134606
0.17205
0.106776
0.0606401
0.0795999
0.0470238
0.0254484
0.0329258
0.0186087
0.00964805
0.44661
0.353496
0.259563
0.239286
0.180667
0.126592
0.112573
0.0817809
0.0547581
-7.52559
-6.17301
-4.13768
-6.17301
-4.7223
-2.82929
-4.13767
-2.82929
-1.31919
-1.90658
-0.236474
0.756101
-0.94138
0.337228
0.98711
0.0317216
0.823137
1.11191
0.774815
1.09186
1.07727
1.09186
1.09087
0.910485
1.07727
0.910485
0.6788
-1.90657
-0.941375
0.0317236
-0.236466
0.337233
0.823139
0.756106
0.987112
1.11191
1.11396
1.01796
0.744228
1.10804
0.912243
0.622418
1.02237
0.761892
0.48488
0.44661
0.239286
0.112573
0.353495
0.180666
0.0817806
0.259562
0.126591
0.0547578
0.172048
0.0795993
0.0329256
0.106775
0.0470234
0.0186085
0.0606395
0.0254481
0.00964796
0.848769
0.576487
0.341575
0.642136
0.403316
0.224536
0.437475
0.256754
0.134605
0.26071
0.143357
0.070965
0.143357
0.0745216
0.0350657
0.0709649
0.0350657
0.0156956
0.0302462
0.0120609
0.00438227
0.0141814
0.00542131
0.00187065
0.0060681
0.00220471
0.000742812
0.00222562
0.000773813
0.00024821
0.000773812
0.000261391
7.82133e-05
0.000248209
7.82131e-05
2.40171e-05
0.0302461
0.0141813
0.00606809
0.0120608
0.00542129
0.0022047
0.00438224
0.00187064
0.000742809
1.11396
1.10804
1.02236
1.01796
0.912241
0.76189
0.744224
0.622415
0.484878
0.848767
0.642135
0.437475
0.576485
0.403315
0.256754
0.341573
0.224535
0.134605
0.172047
0.106775
0.0606393
0.0795987
0.047023
0.025448
0.0329253
0.0186083
0.00964788
0.446606
0.353493
0.25956
0.239284
0.180664
0.12659
0.112571
0.0817796
0.0547571
-7.52559
-6.17301
-4.13768
-6.17301
-4.72231
-2.82929
-4.13768
-2.82929
-1.31919
-1.90657
-0.236467
0.756105
-0.941379
0.337231
0.987112
0.0317209
0.823138
1.11191
0.774814
1.09186
1.07727
1.09186
1.09087
0.910485
1.07727
0.910485
0.678799
-1.90658
-0.941383
0.0317195
-0.236473
0.337228
0.823136
0.756102
0.98711
1.11191
1.11396
1.01796
0.744224
1.10804
0.912241
0.622415
1.02236
0.76189
0.484878
0.446606
0.239284
0.112571
0.353493
0.180664
0.0817795
0.25956
0.12659
0.054757
0.172047
0.0795983
0.0329251
0.106774
0.0470227
0.0186082
0.0606388
0.0254477
0.00964775
0.848767
0.576485
0.341573
0.642134
0.403314
0.224534
0.437474
0.256753
0.134604
0.260709
0.143356
0.0709643
0.143356
0.0745209
0.0350653
0.0709644
0.0350653
0.0156954
0.0302458
0.0120606
0.00438215
0.0141811
0.00542118
0.00187059
0.00606796
0.00220464
0.000742785
0.00222556
0.000773786
0.000248199
0.000773787
0.000261381
7.82093e-05
0.0002482
7.82093e-05
2.40158e-05
0.0302459
0.0141811
0.00606797
0.0120607
0.0054212
0.00220465
0.00438217
0.0018706
0.000742787
1.11396
1.10804
1.02237
1.01796
0.912243
0.761891
0.744227
0.622417
0.484879
0.848768
0.642135
0.437474
0.576486
0.403315
0.256753
0.341574
0.224535
0.134604
0.172048
0.106774
0.060639
0.0795988
0.0470229
0.0254478
0.0329253
0.0186083
0.0096478
0.446609
0.353495
0.259561
0.239285
0.180665
0.12659
0.112572
0.0817802
0.0547574
0.044916
0.0166274
0.00556678
0.0313008
0.0111413
0.00359772
0.0201314
0.00687014
0.00216431
0.00155211
0.000402725
0.000104424
0.000935509
0.000260276
4.27337e-05
0.000548061
0.000137897
2.86495e-05
0.00026674
7.3338e-05
7.33701e-06
0.000129339
3.32377e-05
4.25669e-06
5.34399e-05
1.60311e-05
-3.58934e-07
0.0115513
0.00377425
0.00114361
0.00621465
0.0019706
0.000560539
0.00309213
0.000931991
0.000261846
1.7403e-05
4.48937e-06
8.84658e-08
8.04931e-06
3.57156e-06
-8.04067e-07
3.34816e-06
2.12435e-06
-8.51559e-07
2.48047e-07
-6.20442e-08
8.0796e-08
9.20799e-07
-3.81801e-07
4.01992e-07
1.02261e-07
2.70839e-10
-1.32102e-08
2.97948e-07
-1.08474e-07
1.06713e-07
2.10685e-07
-1.02899e-07
1.0903e-07
1.15719e-07
-4.47346e-08
4.50602e-08
7.39889e-07
1.42992e-06
-7.84117e-07
1.38282e-06
3.29142e-08
2.83058e-07
-1.30468e-07
3.97708e-07
-2.67564e-07
2.16382e-07
3.0412e-09
5.78677e-08
6.28393e-08
-6.09711e-10
1.80698e-08
5.30174e-08
-1.20583e-08
2.32751e-08
8.41712e-08
-4.10463e-08
4.43468e-08
1.22399e-08
-5.33611e-09
5.00402e-09
2.50425e-08
-1.27594e-08
1.41308e-08
5.70592e-09
-3.1204e-09
3.39712e-09
-3.38151e-11
1.22791e-10
-1.70899e-10
1.93905e-09
-1.11801e-09
1.24354e-09
3.45581e-08
-1.42149e-08
1.70118e-08
-5.81293e-09
3.18855e-09
-2.55152e-09
1.40991e-08
-6.38372e-09
6.86591e-09
0.00132771
0.000389669
0.000100713
0.000547144
0.000153837
3.84036e-05
0.000203339
5.59895e-05
1.2768e-05
1.96396e-05
6.25883e-06
-4.42898e-07
8.00741e-06
1.82682e-06
2.00776e-07
1.85689e-06
9.87121e-07
-3.17255e-07
6.20111e-07
2.30104e-07
-4.8447e-08
2.40564e-07
2.94932e-08
1.94584e-08
-1.14694e-08
4.39607e-08
-3.23019e-08
6.4434e-05
1.76199e-05
3.32852e-06
2.07853e-05
4.94593e-06
1.3169e-06
4.93332e-06
1.68456e-06
-7.17519e-08
1.23229e-06
3.77033e-07
-1.35166e-08
3.77032e-07
3.95214e-08
5.34532e-08
-1.35164e-08
5.3453e-08
-4.62549e-08
3.64579e-08
-9.48839e-09
1.23519e-08
-9.05771e-09
5.84403e-09
-5.4555e-09
1.25523e-08
-5.49826e-09
5.73019e-09
6.06978e-09
-3.31659e-09
3.44188e-09
-3.31659e-09
1.84787e-09
-1.90395e-09
3.44188e-09
-1.90395e-09
1.9648e-09
3.64578e-08
-9.05767e-09
1.25523e-08
-9.4884e-09
5.84401e-09
-5.49824e-09
1.23519e-08
-5.45547e-09
5.73017e-09
4.6199e-09
-2.6109e-09
2.74139e-09
-2.20807e-09
1.25614e-09
-1.27621e-09
2.5907e-09
-1.45205e-09
1.50429e-09
8.38011e-11
-1.16736e-10
1.27357e-10
-2.32389e-12
3.75882e-11
-4.07895e-11
4.94923e-11
-6.54301e-11
7.05103e-11
-5.99933e-11
2.36449e-11
-2.70643e-11
3.28405e-11
-1.22017e-11
1.4031e-11
-3.49228e-11
1.31832e-11
-1.52177e-11
1.70863e-10
-1.82847e-10
1.89081e-10
-1.41722e-10
1.24471e-10
-1.27185e-10
1.41721e-10
-1.25448e-10
1.27889e-10
-7.65875e-11
3.5815e-11
-3.85644e-11
3.58149e-11
-1.50916e-11
1.63701e-11
-3.85644e-11
1.63701e-11
-1.76716e-11
-1.18137e-11
7.06399e-12
-8.10189e-12
7.23203e-12
-4.12846e-12
4.7313e-12
-7.67134e-12
4.40546e-12
-5.04763e-12
-5.70608e-13
5.26279e-13
-5.79925e-13
5.2628e-13
-3.9767e-13
4.43716e-13
-5.79926e-13
4.43716e-13
-4.96488e-13
-1.18137e-11
7.23201e-12
-7.67132e-12
7.06397e-12
-4.12845e-12
4.40545e-12
-8.10187e-12
4.73129e-12
-5.04761e-12
4.61987e-09
-2.20804e-09
2.59067e-09
-2.61088e-09
1.25612e-09
-1.45204e-09
2.74137e-09
-1.27619e-09
1.50428e-09
1.70863e-10
-1.41721e-10
1.4172e-10
-1.82847e-10
1.2447e-10
-1.25448e-10
1.89081e-10
-1.27184e-10
1.27888e-10
-5.99928e-11
3.28404e-11
-3.49226e-11
2.36446e-11
-1.22016e-11
1.31832e-11
-2.7064e-11
1.40309e-11
-1.52175e-11
8.37994e-11
-2.32195e-12
4.9491e-11
-1.16735e-10
3.75868e-11
-6.54291e-11
1.27356e-10
-4.07879e-11
7.05092e-11
0.0449154
0.0313005
0.0201312
0.0166271
0.0111412
0.00687007
0.0055667
0.00359768
0.00216429
0.0115512
0.0062146
0.00309211
0.00377422
0.00197059
0.000931984
0.00114359
0.000560534
0.000261844
0.000266737
0.000129338
5.34394e-05
7.33372e-05
3.32373e-05
1.6031e-05
7.33684e-06
4.25663e-06
-3.58957e-07
0.00155209
0.000935496
0.000548054
0.000402718
0.000260272
0.000137895
0.000104422
4.27329e-05
2.86491e-05
0.0013277
0.000547141
0.000203338
0.000389666
0.000153836
5.59892e-05
0.000100712
3.84033e-05
1.27679e-05
6.44338e-05
2.07853e-05
4.93331e-06
1.76198e-05
4.94591e-06
1.68456e-06
3.3285e-06
1.3169e-06
-7.17537e-08
6.20108e-07
2.40562e-07
-1.14687e-08
2.30102e-07
2.94933e-08
4.39602e-08
-4.84459e-08
1.94581e-08
-3.23014e-08
1.96394e-05
8.00735e-06
1.85687e-06
6.25879e-06
1.82681e-06
9.87114e-07
-4.42899e-07
2.00773e-07
-3.17252e-07
2.16386e-07
6.28402e-08
5.30192e-08
3.03833e-09
-6.10429e-10
-1.20593e-08
5.78705e-08
1.80706e-08
2.32762e-08
3.45584e-08
-5.81272e-09
1.40991e-08
-1.42151e-08
3.18844e-09
-6.38374e-09
1.70119e-08
-2.5514e-09
6.86593e-09
5.70591e-09
-3.37819e-11
1.93903e-09
-3.1204e-09
1.22771e-10
-1.118e-09
3.39712e-09
-1.70876e-10
1.24353e-09
8.41713e-08
1.22401e-08
2.50425e-08
-4.10465e-08
-5.33624e-09
-1.27594e-08
4.4347e-08
5.00418e-09
1.41308e-08
1.74026e-05
8.04918e-06
3.34809e-06
4.48929e-06
3.5715e-06
2.12433e-06
8.84566e-08
-8.04049e-07
-8.5155e-07
7.39882e-07
1.38282e-06
-1.30461e-07
1.4299e-06
3.29091e-08
3.97701e-07
-7.84103e-07
2.83061e-07
-2.67557e-07
2.9795e-07
2.10685e-07
1.1572e-07
-1.08475e-07
-1.02899e-07
-4.47352e-08
1.06714e-07
1.09031e-07
4.50609e-08
2.48044e-07
9.20797e-07
1.02264e-07
-6.20438e-08
-3.81801e-07
2.68635e-10
8.0795e-08
4.01992e-07
-1.32078e-08
0.0449154
0.0166271
0.0055667
0.0313004
0.0111412
0.00359768
0.0201312
0.00687006
0.00216429
0.00155209
0.000402718
0.000104422
0.000935496
0.000260272
4.27329e-05
0.000548054
0.000137896
2.86491e-05
0.000266737
7.33375e-05
7.33684e-06
0.000129339
3.32375e-05
4.25666e-06
5.34397e-05
1.60311e-05
-3.58947e-07
0.0115512
0.00377422
0.0011436
0.00621461
0.00197059
0.000560535
0.00309211
0.000931988
0.000261845
1.74026e-05
4.4893e-06
8.84478e-08
8.04921e-06
3.5715e-06
-8.04047e-07
3.3481e-06
2.12433e-06
-8.51555e-07
2.48039e-07
-6.2041e-08
8.07921e-08
9.20793e-07
-3.81799e-07
4.0199e-07
1.02263e-07
2.6928e-10
-1.32084e-08
2.9795e-07
-1.08475e-07
1.06714e-07
2.10684e-07
-1.02898e-07
1.0903e-07
1.1572e-07
-4.47354e-08
4.50612e-08
7.39903e-07
1.4299e-06
-7.84099e-07
1.38282e-06
3.2913e-08
2.83058e-07
-1.30451e-07
3.97699e-07
-2.67555e-07
2.1639e-07
3.03805e-09
5.78711e-08
6.28399e-08
-6.09641e-10
1.807e-08
5.30202e-08
-1.20596e-08
2.32765e-08
8.4171e-08
-4.10463e-08
4.43468e-08
1.22403e-08
-5.33631e-09
5.00426e-09
2.50424e-08
-1.27594e-08
1.41307e-08
5.70588e-09
-3.12038e-09
3.3971e-09
-3.37459e-11
1.22752e-10
-1.70855e-10
1.939e-09
-1.11798e-09
1.24352e-09
3.45583e-08
-1.4215e-08
1.70118e-08
-5.81264e-09
3.18842e-09
-2.55137e-09
1.40991e-08
-6.38371e-09
6.86589e-09
0.00132771
0.000389669
0.000100713
0.000547146
0.000153838
3.84038e-05
0.000203341
5.59901e-05
1.27681e-05
1.96397e-05
6.25884e-06
-4.42885e-07
8.00745e-06
1.82684e-06
2.00774e-07
1.85693e-06
9.87122e-07
-3.17248e-07
6.20129e-07
2.30105e-07
-4.84446e-08
2.40566e-07
2.94953e-08
1.94577e-08
-1.14647e-08
4.39598e-08
-3.23007e-08
6.44349e-05
1.76202e-05
3.32858e-06
2.07857e-05
4.94604e-06
1.31693e-06
4.93346e-06
1.68461e-06
-7.17478e-08
1.23235e-06
3.77044e-07
-1.3511e-08
3.77048e-07
3.95265e-08
5.34529e-08
-1.35085e-08
5.34533e-08
-4.62535e-08
3.64585e-08
-9.48836e-09
1.23519e-08
-9.05763e-09
5.84408e-09
-5.4555e-09
1.25525e-08
-5.49828e-09
5.73022e-09
6.06962e-09
-3.31651e-09
3.44179e-09
-3.3165e-09
1.84782e-09
-1.9039e-09
3.44179e-09
-1.9039e-09
1.96476e-09
3.64594e-08
-9.05762e-09
1.25526e-08
-9.48833e-09
5.84412e-09
-5.49834e-09
1.23521e-08
-5.45552e-09
5.73027e-09
4.61976e-09
-2.61082e-09
2.74132e-09
-2.20798e-09
1.25609e-09
-1.27617e-09
2.59061e-09
-1.45201e-09
1.50425e-09
8.37964e-11
-1.16732e-10
1.27353e-10
-2.31956e-12
3.75851e-11
-4.07861e-11
4.94888e-11
-6.54275e-11
7.05075e-11
-5.99915e-11
2.36442e-11
-2.70634e-11
3.28395e-11
-1.22013e-11
1.40305e-11
-3.49216e-11
1.31828e-11
-1.52171e-11
1.70848e-10
-1.82838e-10
1.89071e-10
-1.41713e-10
1.24465e-10
-1.27179e-10
1.41712e-10
-1.25442e-10
1.27883e-10
-7.65855e-11
3.58141e-11
-3.85635e-11
3.5814e-11
-1.50912e-11
1.63697e-11
-3.85634e-11
1.63697e-11
-1.76711e-11
-1.18132e-11
7.0637e-12
-8.10156e-12
7.23171e-12
-4.12828e-12
4.7311e-12
-7.67101e-12
4.40528e-12
-5.04742e-12
-5.70583e-13
5.26259e-13
-5.79903e-13
5.26259e-13
-3.97654e-13
4.43699e-13
-5.79904e-13
4.43699e-13
-4.96471e-13
-1.18132e-11
7.23171e-12
-7.67101e-12
7.06368e-12
-4.12828e-12
4.40527e-12
-8.10154e-12
4.73109e-12
-5.04741e-12
4.61977e-09
-2.20797e-09
2.59061e-09
-2.61083e-09
1.25609e-09
-1.452e-09
2.74132e-09
-1.27616e-09
1.50424e-09
1.70845e-10
-1.41711e-10
1.4171e-10
-1.82836e-10
1.24464e-10
-1.25441e-10
1.89069e-10
-1.27178e-10
1.27882e-10
-5.99916e-11
3.28396e-11
-3.49217e-11
2.36443e-11
-1.22014e-11
1.31828e-11
-2.70634e-11
1.40305e-11
-1.52171e-11
8.37939e-11
-2.31845e-12
4.94867e-11
-1.16732e-10
3.75845e-11
-6.54267e-11
1.27353e-10
-4.07858e-11
7.05069e-11
0.0449161
0.0313009
0.0201315
0.0166274
0.0111414
0.0068702
0.00556681
0.00359775
0.00216434
0.0115514
0.0062147
0.00309216
0.00377429
0.00197063
0.000932007
0.00114362
0.000560549
0.000261852
0.000266745
0.000129343
5.34418e-05
7.33398e-05
3.32387e-05
1.60317e-05
7.33739e-06
4.25696e-06
-3.58812e-07
0.00155212
0.000935519
0.000548069
0.000402728
0.000260279
0.0001379
0.000104425
4.27346e-05
2.86501e-05
0.00132772
0.000547153
0.000203343
0.000389677
0.000153841
5.59912e-05
0.000100716
3.8405e-05
1.27686e-05
6.44356e-05
2.07859e-05
4.93351e-06
1.76206e-05
4.94615e-06
1.68464e-06
3.32871e-06
1.31698e-06
-7.17371e-08
6.20169e-07
2.40578e-07
-1.14611e-08
2.30113e-07
2.94977e-08
4.39601e-08
-4.84411e-08
1.94588e-08
-3.23002e-08
1.96405e-05
8.0078e-06
1.85705e-06
6.25906e-06
1.82692e-06
9.87151e-07
-4.42824e-07
2.00799e-07
-3.17238e-07
2.16409e-07
6.28472e-08
5.3024e-08
3.03506e-09
-6.1076e-10
-1.20607e-08
5.78766e-08
1.80721e-08
2.32779e-08
3.45594e-08
-5.81234e-09
1.40993e-08
-1.42153e-08
3.1883e-09
-6.38377e-09
1.70122e-08
-2.55122e-09
6.86596e-09
5.70584e-09
-3.37195e-11
1.93897e-09
-3.12037e-09
1.22734e-10
-1.11797e-09
3.39709e-09
-1.70834e-10
1.2435e-09
8.41714e-08
1.22405e-08
2.50423e-08
-4.10466e-08
-5.3365e-09
-1.27594e-08
4.43471e-08
5.00449e-09
1.41307e-08
1.74031e-05
8.04954e-06
3.34831e-06
4.48945e-06
3.57159e-06
2.12439e-06
8.84351e-08
-8.0405e-07
-8.51555e-07
7.4003e-07
1.38289e-06
-1.30411e-07
1.42991e-06
3.29169e-08
3.97697e-07
-7.84088e-07
2.83068e-07
-2.67546e-07
2.97954e-07
2.10685e-07
1.15722e-07
-1.08477e-07
-1.02898e-07
-4.47365e-08
1.06717e-07
1.0903e-07
4.50624e-08
2.48042e-07
9.20796e-07
1.02265e-07
-6.20399e-08
-3.81799e-07
2.69149e-10
8.07912e-08
4.0199e-07
-1.3208e-08
0.0449162
0.0166275
0.00556683
0.0313011
0.0111414
0.00359778
0.0201317
0.00687026
0.00216436
0.00155213
0.000402729
0.000104425
0.000935526
0.000260281
4.27351e-05
0.000548075
0.000137901
2.86505e-05
0.00026675
7.33409e-05
7.33766e-06
0.000129346
3.32393e-05
4.25711e-06
5.34433e-05
1.6032e-05
-3.58751e-07
0.0115516
0.00377434
0.00114364
0.00621481
0.00197067
0.000560561
0.00309222
0.000932028
0.000261859
1.74031e-05
4.48947e-06
8.84199e-08
8.0496e-06
3.57162e-06
-8.04054e-07
3.34833e-06
2.12443e-06
-8.51577e-07
2.48042e-07
-6.20392e-08
8.07904e-08
9.20799e-07
-3.818e-07
4.01991e-07
1.02265e-07
2.70019e-10
-1.32091e-08
2.97956e-07
-1.08478e-07
1.06717e-07
2.10685e-07
-1.02898e-07
1.0903e-07
1.15724e-07
-4.47372e-08
4.50631e-08
7.40054e-07
1.42994e-06
-7.84098e-07
1.3829e-06
3.29313e-08
2.8306e-07
-1.30405e-07
3.97703e-07
-2.67549e-07
2.16413e-07
3.03717e-09
5.78759e-08
6.28472e-08
-6.09162e-10
1.8071e-08
5.30252e-08
-1.20608e-08
2.32783e-08
8.4172e-08
-4.10469e-08
4.43474e-08
1.22409e-08
-5.33661e-09
5.00459e-09
2.50425e-08
-1.27595e-08
1.41309e-08
5.70587e-09
-3.12038e-09
3.3971e-09
-3.36609e-11
1.22706e-10
-1.70803e-10
1.93896e-09
-1.11796e-09
1.24349e-09
3.45595e-08
-1.42152e-08
1.70122e-08
-5.81224e-09
3.18832e-09
-2.55121e-09
1.40993e-08
-6.38377e-09
6.86596e-09
0.00132776
0.000389688
0.000100719
0.000547169
0.000153846
3.84063e-05
0.00020335
5.59932e-05
1.27691e-05
1.96412e-05
6.25924e-06
-4.42796e-07
8.00809e-06
1.827e-06
2.00803e-07
1.85717e-06
9.87179e-07
-3.17234e-07
6.20206e-07
2.30122e-07
-4.84402e-08
2.40588e-07
2.95013e-08
1.9458e-08
-1.14573e-08
4.39604e-08
-3.22996e-08
6.44381e-05
1.76213e-05
3.32891e-06
2.07868e-05
4.94639e-06
1.31703e-06
4.93378e-06
1.6847e-06
-7.17145e-08
1.23243e-06
3.77067e-07
-1.35037e-08
3.77067e-07
3.95327e-08
5.34542e-08
-1.35036e-08
5.34542e-08
-4.62529e-08
3.64598e-08
-9.48796e-09
1.23519e-08
-9.05727e-09
5.84408e-09
-5.45542e-09
1.25525e-08
-5.49823e-09
5.73017e-09
6.06956e-09
-3.31646e-09
3.44174e-09
-3.31646e-09
1.84779e-09
-1.90387e-09
3.44174e-09
-1.90387e-09
1.96473e-09
3.64599e-08
-9.05728e-09
1.25525e-08
-9.48801e-09
5.8441e-09
-5.49825e-09
1.23519e-08
-5.45543e-09
5.73019e-09
4.61969e-09
-2.61078e-09
2.74127e-09
-2.20792e-09
1.25606e-09
-1.27613e-09
2.59057e-09
-1.45198e-09
1.50422e-09
8.37922e-11
-1.16729e-10
1.2735e-10
-2.31436e-12
3.75816e-11
-4.07825e-11
4.94843e-11
-6.54246e-11
7.05045e-11
-5.99908e-11
2.36439e-11
-2.70631e-11
3.28392e-11
-1.22012e-11
1.40304e-11
-3.49213e-11
1.31827e-11
-1.52169e-11
1.70839e-10
-1.82832e-10
1.89065e-10
-1.41707e-10
1.24461e-10
-1.27175e-10
1.41706e-10
-1.25438e-10
1.27879e-10
-7.6585e-11
3.58139e-11
-3.85632e-11
3.58139e-11
-1.50912e-11
1.63697e-11
-3.85632e-11
1.63697e-11
-1.76711e-11
-1.1813e-11
7.06359e-12
-8.10143e-12
7.2316e-12
-4.12822e-12
4.73103e-12
-7.67089e-12
4.40521e-12
-5.04734e-12
-5.70569e-13
5.26248e-13
-5.79892e-13
5.26247e-13
-3.97646e-13
4.4369e-13
-5.79891e-13
4.43689e-13
-4.9646e-13
-1.1813e-11
7.23161e-12
-7.6709e-12
7.06359e-12
-4.12822e-12
4.40521e-12
-8.10144e-12
4.73103e-12
-5.04734e-12
4.6197e-09
-2.20792e-09
2.59057e-09
-2.61078e-09
1.25606e-09
-1.45198e-09
2.74127e-09
-1.27613e-09
1.50422e-09
1.70837e-10
-1.41706e-10
1.41705e-10
-1.82831e-10
1.2446e-10
-1.25438e-10
1.89064e-10
-1.27174e-10
1.27878e-10
-5.99912e-11
3.28395e-11
-3.49215e-11
2.36442e-11
-1.22014e-11
1.31828e-11
-2.70633e-11
1.40306e-11
-1.52171e-11
8.379e-11
-2.31338e-12
4.94832e-11
-1.16728e-10
3.75811e-11
-6.5424e-11
1.27349e-10
-4.07818e-11
7.05039e-11
0.0449162
0.0313011
0.0201317
0.0166275
0.0111414
0.00687027
0.00556683
0.00359778
0.00216436
0.0115516
0.00621481
0.00309222
0.00377435
0.00197067
0.000932029
0.00114364
0.000560561
0.000261859
0.00026675
0.000129346
5.34434e-05
7.3341e-05
3.32394e-05
1.60321e-05
7.33769e-06
4.25713e-06
-3.58739e-07
0.00155213
0.000935526
0.000548076
0.000402729
0.000260281
0.000137901
0.000104425
4.27352e-05
2.86506e-05
0.00132776
0.000547169
0.00020335
0.000389688
0.000153846
5.59933e-05
0.000100719
3.84064e-05
1.27691e-05
6.44381e-05
2.07868e-05
4.93378e-06
1.76213e-05
4.94639e-06
1.6847e-06
3.32891e-06
1.31703e-06
-7.17147e-08
6.20208e-07
2.40589e-07
-1.1457e-08
2.30122e-07
2.95013e-08
4.39603e-08
-4.84396e-08
1.94582e-08
-3.22995e-08
1.96413e-05
8.0081e-06
1.85717e-06
6.25925e-06
1.827e-06
9.87179e-07
-4.4279e-07
2.00806e-07
-3.17233e-07
2.16415e-07
6.28485e-08
5.30258e-08
3.03621e-09
-6.09671e-10
-1.20611e-08
5.78771e-08
1.80717e-08
2.32786e-08
3.45597e-08
-5.81217e-09
1.40993e-08
-1.42153e-08
3.18829e-09
-6.38379e-09
1.70123e-08
-2.55117e-09
6.86598e-09
5.70588e-09
-3.36588e-11
1.93896e-09
-3.12038e-09
1.22704e-10
-1.11796e-09
3.39711e-09
-1.70801e-10
1.24349e-09
8.41721e-08
1.22409e-08
2.50425e-08
-4.10469e-08
-5.33667e-09
-1.27595e-08
4.43475e-08
5.00467e-09
1.41308e-08
1.74031e-05
8.04961e-06
3.34835e-06
4.48948e-06
3.57162e-06
2.12442e-06
8.84197e-08
-8.04053e-07
-8.51571e-07
7.4007e-07
1.38291e-06
-1.30398e-07
1.42993e-06
3.29299e-08
3.97701e-07
-7.84093e-07
2.83062e-07
-2.67546e-07
2.97957e-07
2.10685e-07
1.15724e-07
-1.08478e-07
-1.02899e-07
-4.47373e-08
1.06718e-07
1.09031e-07
4.50633e-08
2.48041e-07
9.20797e-07
1.02267e-07
-6.20387e-08
-3.81799e-07
2.69208e-10
8.07898e-08
4.0199e-07
-1.32082e-08
0.0449162
0.0166274
0.00556682
0.031301
0.0111414
0.00359776
0.0201316
0.00687022
0.00216434
0.00155212
0.000402728
0.000104425
0.000935521
0.000260279
4.27347e-05
0.000548071
0.0001379
2.86502e-05
0.000266747
7.33401e-05
7.33745e-06
0.000129344
3.32389e-05
4.257e-06
5.34423e-05
1.60318e-05
-3.58799e-07
0.0115515
0.00377431
0.00114363
0.00621475
0.00197064
0.000560554
0.00309219
0.000932017
0.000261855
1.74031e-05
4.48945e-06
8.84317e-08
8.04955e-06
3.57159e-06
-8.0405e-07
3.3483e-06
2.1244e-06
-8.51564e-07
2.4804e-07
-6.20388e-08
8.079e-08
9.20795e-07
-3.81798e-07
4.0199e-07
1.02265e-07
2.69449e-10
-1.32084e-08
2.97954e-07
-1.08477e-07
1.06716e-07
2.10684e-07
-1.02898e-07
1.0903e-07
1.15722e-07
-4.47365e-08
4.50624e-08
7.4003e-07
1.42992e-06
-7.84094e-07
1.38288e-06
3.29244e-08
2.83061e-07
-1.30414e-07
3.977e-07
-2.67549e-07
2.16407e-07
3.03698e-09
5.78748e-08
6.2845e-08
-6.09261e-10
1.80706e-08
5.30237e-08
-1.20604e-08
2.32776e-08
8.41713e-08
-4.10465e-08
4.4347e-08
1.22405e-08
-5.33645e-09
5.00443e-09
2.50423e-08
-1.27594e-08
1.41307e-08
5.70583e-09
-3.12035e-09
3.39708e-09
-3.37116e-11
1.22734e-10
-1.70834e-10
1.93897e-09
-1.11797e-09
1.2435e-09
3.45591e-08
-1.42151e-08
1.7012e-08
-5.8125e-09
3.18841e-09
-2.55133e-09
1.40993e-08
-6.38378e-09
6.86597e-09
0.00132774
0.000389682
0.000100718
0.000547163
0.000153844
3.84056e-05
0.000203347
5.59924e-05
1.27688e-05
1.96408e-05
6.25912e-06
-4.42815e-07
8.00791e-06
1.82695e-06
2.00799e-07
1.8571e-06
9.8716e-07
-3.17236e-07
6.20187e-07
2.30115e-07
-4.84403e-08
2.40582e-07
2.94994e-08
1.94582e-08
-1.14583e-08
4.39598e-08
-3.22996e-08
6.44373e-05
1.7621e-05
3.32881e-06
2.07866e-05
4.9463e-06
1.31701e-06
4.93371e-06
1.68468e-06
-7.17275e-08
1.2324e-06
3.77058e-07
-1.35054e-08
3.77054e-07
3.95293e-08
5.34533e-08
-1.35079e-08
5.34529e-08
-4.62529e-08
3.64597e-08
-9.48828e-09
1.23521e-08
-9.05759e-09
5.84416e-09
-5.45555e-09
1.25527e-08
-5.49837e-09
5.7303e-09
6.06959e-09
-3.31648e-09
3.44177e-09
-3.31649e-09
1.84782e-09
-1.9039e-09
3.44178e-09
-1.9039e-09
1.96475e-09
3.64587e-08
-9.0575e-09
1.25524e-08
-9.48822e-09
5.84407e-09
-5.49826e-09
1.23518e-08
-5.45548e-09
5.73019e-09
4.61973e-09
-2.6108e-09
2.7413e-09
-2.20796e-09
1.25608e-09
-1.27615e-09
2.5906e-09
-1.452e-09
1.50424e-09
8.37905e-11
-1.16729e-10
1.2735e-10
-2.31645e-12
3.75833e-11
-4.07844e-11
4.94846e-11
-6.54253e-11
7.05054e-11
-5.99916e-11
2.36443e-11
-2.70635e-11
3.28397e-11
-1.22014e-11
1.40306e-11
-3.49218e-11
1.31829e-11
-1.52172e-11
1.70842e-10
-1.82834e-10
1.89067e-10
-1.41709e-10
1.24463e-10
-1.27176e-10
1.41709e-10
-1.2544e-10
1.27881e-10
-7.65853e-11
3.58139e-11
-3.85633e-11
3.58141e-11
-1.50913e-11
1.63697e-11
-3.85634e-11
1.63697e-11
-1.76711e-11
-1.18132e-11
7.06366e-12
-8.10152e-12
7.2317e-12
-4.12827e-12
4.73109e-12
-7.671e-12
4.40527e-12
-5.0474e-12
-5.70582e-13
5.26257e-13
-5.79903e-13
5.26258e-13
-3.97654e-13
4.43698e-13
-5.79903e-13
4.43698e-13
-4.9647e-13
-1.18132e-11
7.2317e-12
-7.671e-12
7.0637e-12
-4.12828e-12
4.40528e-12
-8.10156e-12
4.7311e-12
-5.04741e-12
4.61973e-09
-2.20797e-09
2.5906e-09
-2.61081e-09
1.25609e-09
-1.452e-09
2.74131e-09
-1.27616e-09
1.50424e-09
1.70848e-10
-1.41712e-10
1.41712e-10
-1.82838e-10
1.24465e-10
-1.25442e-10
1.89071e-10
-1.27179e-10
1.27883e-10
-5.99911e-11
3.28393e-11
-3.49214e-11
2.3644e-11
-1.22012e-11
1.31827e-11
-2.70632e-11
1.40304e-11
-1.5217e-11
8.37993e-11
-2.32077e-12
4.94901e-11
-1.16733e-10
3.75856e-11
-6.5428e-11
1.27354e-10
-4.07867e-11
7.05081e-11
0.0449155
0.0313005
0.0201313
0.0166272
0.0111412
0.0068701
0.00556671
0.00359769
0.0021643
0.0115513
0.00621467
0.00309215
0.00377425
0.00197061
0.000932
0.0011436
0.000560541
0.000261849
0.000266739
0.00012934
5.34405e-05
7.33379e-05
3.32378e-05
1.60312e-05
7.33695e-06
4.25671e-06
-3.58917e-07
0.00155209
0.000935499
0.000548057
0.000402719
0.000260273
0.000137896
0.000104423
4.27331e-05
2.86492e-05
0.00132773
0.000547157
0.000203345
0.000389675
0.000153841
5.59913e-05
0.000100715
3.84045e-05
1.27684e-05
6.44367e-05
2.07864e-05
4.93367e-06
1.76206e-05
4.94619e-06
1.68465e-06
3.32868e-06
1.31696e-06
-7.17365e-08
6.20148e-07
2.40572e-07
-1.14626e-08
2.30108e-07
2.94967e-08
4.396e-08
-4.84446e-08
1.94574e-08
-3.23006e-08
1.964e-05
8.00759e-06
1.85699e-06
6.2589e-06
1.82687e-06
9.87131e-07
-4.42873e-07
2.00773e-07
-3.17245e-07
2.16385e-07
6.28379e-08
5.30188e-08
3.04174e-09
-6.08097e-10
-1.20587e-08
5.78674e-08
1.80685e-08
2.32756e-08
3.45576e-08
-5.81268e-09
1.40989e-08
-1.42146e-08
3.18845e-09
-6.38362e-09
1.70114e-08
-2.5514e-09
6.8658e-09
5.70586e-09
-3.37424e-11
1.93899e-09
-3.12036e-09
1.22752e-10
-1.11798e-09
3.39708e-09
-1.70855e-10
1.24351e-09
8.41706e-08
1.22403e-08
2.50422e-08
-4.1046e-08
-5.33629e-09
-1.27593e-08
4.43465e-08
5.00423e-09
1.41306e-08
1.74026e-05
8.04921e-06
3.3481e-06
4.48931e-06
3.57151e-06
2.12435e-06
8.84338e-08
-8.04058e-07
-8.51569e-07
7.399e-07
1.38281e-06
-1.30455e-07
1.42991e-06
3.29256e-08
3.97704e-07
-7.84109e-07
2.83046e-07
-2.67559e-07
2.97948e-07
2.10683e-07
1.15719e-07
-1.08474e-07
-1.02897e-07
-4.4735e-08
1.06713e-07
1.09029e-07
4.50607e-08
2.48036e-07
9.20787e-07
1.02263e-07
-6.20392e-08
-3.81796e-07
2.69827e-10
8.07901e-08
4.01986e-07
-1.3209e-08
0.0449154
0.0166271
0.0055667
0.0313005
0.0111412
0.00359768
0.0201312
0.00687007
0.00216429
0.00155209
0.000402718
0.000104422
0.000935496
0.000260272
4.27329e-05
0.000548054
0.000137895
2.86491e-05
0.000266737
7.33372e-05
7.33684e-06
0.000129338
3.32373e-05
4.25662e-06
5.34394e-05
1.6031e-05
-3.58952e-07
0.0115512
0.00377422
0.00114359
0.0062146
0.00197059
0.000560534
0.00309211
0.000931984
0.000261844
1.74026e-05
4.48929e-06
8.84577e-08
8.04918e-06
3.5715e-06
-8.04051e-07
3.3481e-06
2.12432e-06
-8.51548e-07
2.48046e-07
-6.20444e-08
8.07958e-08
9.20796e-07
-3.818e-07
4.01991e-07
1.02265e-07
2.68233e-10
-1.32073e-08
2.9795e-07
-1.08475e-07
1.06714e-07
2.10685e-07
-1.02899e-07
1.09031e-07
1.1572e-07
-4.47352e-08
4.50608e-08
7.39884e-07
1.4299e-06
-7.84102e-07
1.38281e-06
3.29096e-08
2.8306e-07
-1.3046e-07
3.977e-07
-2.67557e-07
2.16386e-07
3.03847e-09
5.78704e-08
6.28403e-08
-6.10492e-10
1.80707e-08
5.3019e-08
-1.20592e-08
2.32761e-08
8.41712e-08
-4.10464e-08
4.43469e-08
1.22401e-08
-5.33626e-09
5.0042e-09
2.50425e-08
-1.27594e-08
1.41308e-08
5.70591e-09
-3.12039e-09
3.39712e-09
-3.37808e-11
1.2277e-10
-1.70875e-10
1.93903e-09
-1.118e-09
1.24353e-09
3.45583e-08
-1.42151e-08
1.70119e-08
-5.81268e-09
3.18842e-09
-2.55138e-09
1.40991e-08
-6.38372e-09
6.86591e-09
0.0013277
0.000389666
0.000100712
0.000547141
0.000153836
3.84033e-05
0.000203338
5.59892e-05
1.27679e-05
1.96395e-05
6.25879e-06
-4.42898e-07
8.00734e-06
1.82681e-06
2.00772e-07
1.85688e-06
9.87113e-07
-3.17252e-07
6.20108e-07
2.30102e-07
-4.8446e-08
2.40562e-07
2.94933e-08
1.94582e-08
-1.14688e-08
4.39602e-08
-3.23015e-08
6.44338e-05
1.76198e-05
3.3285e-06
2.07853e-05
4.94591e-06
1.3169e-06
4.93331e-06
1.68456e-06
-7.1753e-08
1.23229e-06
3.77032e-07
-1.35164e-08
3.77033e-07
3.95214e-08
5.3453e-08
-1.35165e-08
5.34531e-08
-4.62548e-08
3.64578e-08
-9.48837e-09
1.23518e-08
-9.05764e-09
5.84399e-09
-5.45546e-09
1.25523e-08
-5.49822e-09
5.73016e-09
6.06977e-09
-3.31659e-09
3.44187e-09
-3.31659e-09
1.84787e-09
-1.90395e-09
3.44187e-09
-1.90395e-09
1.9648e-09
3.64579e-08
-9.0577e-09
1.25523e-08
-9.48839e-09
5.84403e-09
-5.49826e-09
1.23518e-08
-5.4555e-09
5.73019e-09
4.61987e-09
-2.61088e-09
2.74137e-09
-2.20803e-09
1.25612e-09
-1.27619e-09
2.59067e-09
-1.45203e-09
1.50427e-09
8.38002e-11
-1.16735e-10
1.27356e-10
-2.32231e-12
3.75869e-11
-4.0788e-11
4.94914e-11
-6.54293e-11
7.05094e-11
-5.99927e-11
2.36446e-11
-2.70639e-11
3.28403e-11
-1.22016e-11
1.40308e-11
-3.49225e-11
1.31831e-11
-1.52175e-11
1.70863e-10
-1.82847e-10
1.89081e-10
-1.41721e-10
1.2447e-10
-1.27184e-10
1.4172e-10
-1.25448e-10
1.27888e-10
-7.65873e-11
3.58149e-11
-3.85643e-11
3.58149e-11
-1.50916e-11
1.63701e-11
-3.85644e-11
1.63701e-11
-1.76716e-11
-1.18137e-11
7.06397e-12
-8.10186e-12
7.232e-12
-4.12844e-12
4.73128e-12
-7.67131e-12
4.40545e-12
-5.04761e-12
-5.70608e-13
5.2628e-13
-5.79926e-13
5.26279e-13
-3.9767e-13
4.43715e-13
-5.79925e-13
4.43715e-13
-4.96488e-13
-1.18137e-11
7.23202e-12
-7.67133e-12
7.06399e-12
-4.12845e-12
4.40546e-12
-8.10188e-12
4.7313e-12
-5.04762e-12
4.6199e-09
-2.20806e-09
2.59069e-09
-2.61089e-09
1.25614e-09
-1.45205e-09
2.74139e-09
-1.27621e-09
1.50429e-09
1.70863e-10
-1.41722e-10
1.41721e-10
-1.82847e-10
1.24471e-10
-1.25448e-10
1.8908e-10
-1.27185e-10
1.27889e-10
-5.99932e-11
3.28405e-11
-3.49227e-11
2.36449e-11
-1.22017e-11
1.31832e-11
-2.70642e-11
1.4031e-11
-1.52176e-11
8.38006e-11
-2.32366e-12
4.9492e-11
-1.16736e-10
3.75881e-11
-6.54299e-11
1.27357e-10
-4.07893e-11
7.051e-11
0.044916
0.0313008
0.0201314
0.0166274
0.0111413
0.00687014
0.00556678
0.00359772
0.00216431
0.0115513
0.00621465
0.00309213
0.00377425
0.0019706
0.000931991
0.00114361
0.000560539
0.000261846
0.00026674
0.000129339
5.34399e-05
7.3338e-05
3.32377e-05
1.60311e-05
7.33701e-06
4.25669e-06
-3.58934e-07
0.00155211
0.000935509
0.000548061
0.000402725
0.000260276
0.000137897
0.000104424
4.27337e-05
2.86495e-05
0.00132771
0.000547144
0.000203339
0.000389669
0.000153837
5.59895e-05
0.000100713
3.84036e-05
1.2768e-05
6.4434e-05
2.07853e-05
4.93332e-06
1.76199e-05
4.94593e-06
1.68456e-06
3.32852e-06
1.3169e-06
-7.17517e-08
6.20111e-07
2.40563e-07
-1.14694e-08
2.30104e-07
2.94933e-08
4.39606e-08
-4.84469e-08
1.94583e-08
-3.23019e-08
1.96396e-05
8.00741e-06
1.85689e-06
6.25883e-06
1.82682e-06
9.87121e-07
-4.42898e-07
2.00776e-07
-3.17255e-07
2.16382e-07
6.28393e-08
5.30174e-08
3.0412e-09
-6.09718e-10
-1.20583e-08
5.78677e-08
1.80698e-08
2.32751e-08
3.45581e-08
-5.81294e-09
1.40991e-08
-1.42149e-08
3.18855e-09
-6.38373e-09
1.70118e-08
-2.55153e-09
6.86592e-09
5.70592e-09
-3.38158e-11
1.93905e-09
-3.1204e-09
1.22791e-10
-1.11801e-09
3.39713e-09
-1.70899e-10
1.24354e-09
8.41712e-08
1.22399e-08
2.50425e-08
-4.10463e-08
-5.33611e-09
-1.27594e-08
4.43468e-08
5.00402e-09
1.41308e-08
1.7403e-05
8.04931e-06
3.34816e-06
4.48937e-06
3.57156e-06
2.12435e-06
8.84658e-08
-8.04067e-07
-8.51559e-07
7.39889e-07
1.38282e-06
-1.30468e-07
1.42992e-06
3.29142e-08
3.97708e-07
-7.84117e-07
2.83058e-07
-2.67564e-07
2.97948e-07
2.10685e-07
1.15719e-07
-1.08474e-07
-1.02899e-07
-4.47346e-08
1.06713e-07
1.0903e-07
4.50602e-08
2.48047e-07
9.20799e-07
1.02261e-07
-6.20442e-08
-3.81801e-07
2.70836e-10
8.0796e-08
4.01992e-07
-1.32102e-08
