FiniteElementSpace
FiniteElementCollection: H1_2D_P4
VDim: 1
Ordering: 0

-0.224347
9.35762e-14
9.35736e-14
7.76165e-35
9.3577e-14
7.76496e-35
9.3577e-14
7.7667e-35
9.35736e-14
7.76496e-35
7.76165e-35
0.144832
4.87272e-21
4.87272e-21
0.144832
4.87302e-21
4.87451e-21
0.144833
4.87525e-21
4.87533e-21
0.144833
4.87451e-21
4.87302e-21
0.144832
4.87272e-21
4.87272e-21
0.000707434
0.000707448
0.000707469
0.000707466
0.000707434
-0.0252723
0.0351531
0.035153
-0.0252717
0.035153
0.0351532
-0.0252725
0.0351536
0.0351536
-0.0252725
0.0351535
0.0351533
-0.0252717
0.035153
0.0351531
0.00308527
1.39243e-16
-1.03788e-07
4.0102e-27
4.01022e-27
-1.03781e-07
1.39242e-16
0.00308523
1.39245e-16
-1.0371e-07
4.01112e-27
4.01183e-27
-1.03613e-07
1.39265e-16
0.00308528
1.39274e-16
-1.03538e-07
4.01258e-27
4.0126e-27
-1.03526e-07
1.39276e-16
0.00308528
1.39265e-16
-1.03579e-07
4.01183e-27
4.01112e-27
-1.0369e-07
1.39245e-16
0.00308523
1.39242e-16
-1.0378e-07
4.01022e-27
4.0102e-27
-1.03788e-07
1.39243e-16
0.201407
0.201407
0.201406
0.201407
0.201407
0.000162517
2.5025e-07
0.000162516
0.000162517
2.50217e-07
0.000162524
0.000162527
2.50192e-07
0.000162528
0.000162524
2.50215e-07
0.000162518
0.000162516
2.50249e-07
0.000162517
-0.201323
0.102714
0.102714
-0.201323
0.188237
0.0911738
0.13333
0.00718814
0.00718813
0.13333
0.0911735
0.188237
0.102714
0.102714
-0.201323
0.0911734
0.13333
0.00718818
0.00718821
0.13333
0.091174
0.188237
0.102713
0.102713
-0.201323
0.0911744
0.133331
0.00718836
0.00718836
0.133331
0.0911744
0.188237
0.102714
0.102714
-0.201323
0.0911742
0.13333
0.00718831
0.00718829
0.13333
0.0911737
0.188237
0.102714
0.102714
0.0911735
0.13333
0.00718813
0.00718814
0.13333
0.0911738
0.0347826
0.000957812
0.003761
0.000102993
5.76828e-15
3.53944e-06
1.31628e-18
6.15615e-07
1.33627e-05
2.89485e-05
9.01797e-07
9.01799e-07
2.89484e-05
7.06389e-24
-1.77616e-07
8.91529e-31
8.91533e-31
-1.77616e-07
7.06393e-24
6.15617e-07
0.00376099
0.000957804
0.0347823
1.33626e-05
1.31628e-18
3.53944e-06
5.76819e-15
0.000102991
0.000957805
0.003761
5.76822e-15
3.53947e-06
1.31633e-18
6.1563e-07
1.33628e-05
2.89491e-05
9.01836e-07
9.01846e-07
2.89502e-05
7.0649e-24
-1.77618e-07
8.91819e-31
8.91903e-31
-1.77619e-07
7.06665e-24
6.15643e-07
0.00376108
0.00095783
0.0347827
1.33637e-05
1.31662e-18
3.53967e-06
5.76872e-15
0.000102993
0.00095784
0.00376114
5.76887e-15
3.53977e-06
1.31675e-18
6.15639e-07
1.33642e-05
2.89516e-05
9.01843e-07
9.01845e-07
2.89517e-05
7.06784e-24
-1.77618e-07
8.92086e-31
8.92087e-31
-1.77618e-07
7.06791e-24
6.1564e-07
0.00376115
0.000957841
0.0347827
1.33643e-05
1.31678e-18
3.53979e-06
5.76892e-15
0.000102993
0.000957832
0.0037611
5.76872e-15
3.53969e-06
1.31662e-18
6.15645e-07
1.33638e-05
2.89509e-05
9.0185e-07
9.01837e-07
2.89499e-05
7.06665e-24
-1.77619e-07
8.91903e-31
8.91819e-31
-1.77618e-07
7.0649e-24
6.15628e-07
0.00376103
0.000957808
0.0347823
1.3363e-05
1.31633e-18
3.53948e-06
5.76822e-15
0.000102991
0.000957804
0.00376099
5.76819e-15
3.53944e-06
1.31628e-18
6.15616e-07
1.33626e-05
2.89484e-05
9.01798e-07
9.01797e-07
2.89485e-05
7.06393e-24
-1.77616e-07
8.91533e-31
8.91529e-31
-1.77616e-07
7.06389e-24
6.15615e-07
0.003761
0.000957812
1.33627e-05
1.31628e-18
3.53944e-06
5.76828e-15
-0.115598
0.198623
0.045643
0.198623
-0.115598
0.198623
0.0456431
0.198623
-0.115599
0.198623
0.0456438
0.198623
-0.115598
0.198623
0.0456435
0.198623
-0.115598
0.198623
0.045643
0.198623
0.0150427
2.47513e-05
-3.61351e-07
0.000494137
-2.12736e-07
1.90759e-07
-2.67373e-08
1.90757e-07
0.0150426
0.000494136
-3.6135e-07
2.4751e-05
0.0150426
2.47511e-05
-3.61334e-07
0.000494142
-2.12574e-07
1.90738e-07
-2.67324e-08
1.90728e-07
0.0150428
0.000494155
-3.61288e-07
2.47521e-05
0.0150429
2.47523e-05
-3.61258e-07
0.00049417
-2.1242e-07
1.90713e-07
-2.67293e-08
1.9071e-07
0.0150429
0.00049417
-3.61255e-07
2.47524e-05
0.0150428
2.47521e-05
-3.6128e-07
0.000494162
-2.12536e-07
1.90724e-07
-2.67324e-08
1.90739e-07
0.0150426
0.00049415
-3.61334e-07
2.47511e-05
0.0150426
2.4751e-05
-3.61349e-07
0.000494136
-2.12735e-07
1.90757e-07
-2.67372e-08
1.90758e-07
0.0150427
0.000494137
-3.61351e-07
2.47513e-05
-0.224125
-0.221651
-0.211903
-0.195932
-0.176619
-0.141562
-0.195932
-0.176619
-0.141562
-0.224125
-0.221651
-0.211903
-0.0687429
-0.138327
-0.185479
-0.0095708
0.0292594
0.0765214
0.0637433
-0.0138103
-0.0844897
0.195935
0.169898
0.128224
0.195935
0.169898
0.128224
0.0637435
-0.0138101
-0.0844896
-0.00957027
0.0292599
0.0765217
-0.0687424
-0.138326
-0.185479
0.0203185
0.103362
0.167044
0.193161
0.20028
0.201437
0.137432
0.184776
0.201884
0.166236
0.195753
0.199676
0.13741
0.12085
0.101793
0.112592
0.154293
0.188136
0.0432158
0.0608139
0.0804716
0.0472025
0.0766634
0.113002
0.149252
0.175277
0.193121
0.200849
0.184429
0.153088
0.116713
0.0855613
0.0579402
0.116713
0.0855613
0.0579402
0.200849
0.184429
0.153088
0.0280495
0.0173235
0.00992991
0.0104714
0.0200337
0.0351203
0.00111502
0.00247921
0.00507984
0.00111502
0.00247921
0.00507983
0.0104714
0.0200336
0.0351203
0.0280495
0.0173234
0.00992989
0.0472024
0.0766633
0.113001
0.137432
0.184776
0.201884
0.193161
0.20028
0.201437
0.0203191
0.103362
0.167044
0.149252
0.175277
0.193121
0.0432156
0.0608137
0.0804713
0.112592
0.154293
0.188136
0.137409
0.12085
0.101793
0.166236
0.195752
0.199676
-0.195932
-0.176619
-0.141562
-0.195932
-0.176619
-0.141562
-0.224125
-0.221651
-0.211903
-0.00957017
0.0292601
0.076522
0.0637439
-0.0138098
-0.0844893
0.195935
0.169898
0.128224
0.195935
0.169898
0.128224
0.0637435
-0.01381
-0.0844894
-0.0095709
0.0292595
0.0765215
-0.068743
-0.138327
-0.185479
0.193161
0.20028
0.201437
0.137432
0.184776
0.201884
0.137409
0.12085
0.101793
0.112592
0.154293
0.188135
0.0432157
0.0608137
0.0804713
0.0472025
0.0766633
0.113002
0.149252
0.175277
0.193121
0.200849
0.184429
0.153088
0.116713
0.0855614
0.0579403
0.116714
0.0855615
0.0579404
0.200849
0.184429
0.153088
0.0280495
0.0173235
0.00992995
0.0104715
0.0200337
0.0351204
0.00111504
0.00247924
0.00507988
0.00111504
0.00247924
0.0050799
0.0104715
0.0200338
0.0351204
0.0280497
0.0173236
0.00993
0.0472027
0.0766636
0.113002
0.137432
0.184776
0.201884
0.193161
0.20028
0.201437
0.0203183
0.103361
0.167044
0.149252
0.175277
0.193121
0.0432159
0.0608141
0.0804718
0.112593
0.154293
0.188136
0.13741
0.12085
0.101793
0.166236
0.195753
0.199676
-0.195932
-0.176619
-0.141562
-0.195932
-0.176619
-0.141562
-0.224125
-0.221651
-0.211903
-0.00957111
0.0292589
0.0765207
0.0637425
-0.013811
-0.0844903
0.195935
0.169897
0.128223
0.195935
0.169897
0.128223
0.0637425
-0.013811
-0.0844903
-0.00957111
0.0292589
0.0765207
-0.068743
-0.138327
-0.185479
0.193161
0.20028
0.201437
0.137431
0.184776
0.201884
0.13741
0.120851
0.101794
0.112593
0.154293
0.188136
0.0432164
0.0608146
0.0804723
0.0472032
0.0766643
0.113003
0.149253
0.175278
0.193121
0.200849
0.18443
0.153089
0.116714
0.0855624
0.0579411
0.116714
0.0855624
0.0579411
0.200849
0.18443
0.153089
0.0280501
0.0173239
0.00993018
0.0104717
0.0200341
0.035121
0.00111507
0.00247931
0.00508001
0.00111507
0.00247931
0.00508001
0.0104717
0.0200341
0.035121
0.0280501
0.0173239
0.00993018
0.0472032
0.0766643
0.113003
0.137431
0.184776
0.201884
0.193161
0.20028
0.201437
0.0203183
0.103361
0.167044
0.149253
0.175278
0.193121
0.0432164
0.0608146
0.0804723
0.112593
0.154293
0.188136
0.13741
0.120851
0.101794
0.166236
0.195753
0.199676
-0.195932
-0.176619
-0.141562
-0.195932
-0.176619
-0.141562
-0.224125
-0.221651
-0.211903
-0.00957093
0.0292594
0.0765214
0.0637433
-0.0138102
-0.0844895
0.195935
0.169897
0.128224
0.195935
0.169898
0.128224
0.0637436
-0.01381
-0.0844895
-0.00957021
0.02926
0.0765218
-0.0687424
-0.138326
-0.185479
0.193161
0.20028
0.201437
0.137432
0.184776
0.201884
0.13741
0.12085
0.101794
0.112593
0.154293
0.188136
0.0432162
0.0608143
0.080472
0.047203
0.0766639
0.113002
0.149252
0.175278
0.193121
0.200849
0.184429
0.153088
0.116714
0.0855619
0.0579407
0.116714
0.0855618
0.0579407
0.200849
0.184429
0.153088
0.0280499
0.0173238
0.00993012
0.0104716
0.020034
0.0351207
0.00111506
0.00247929
0.00507998
0.00111506
0.00247929
0.00507997
0.0104716
0.020034
0.0351207
0.0280498
0.0173237
0.00993009
0.0472028
0.0766637
0.113002
0.137432
0.184776
0.201884
0.193161
0.20028
0.201437
0.0203191
0.103362
0.167044
0.149252
0.175277
0.193121
0.043216
0.060814
0.0804716
0.112592
0.154293
0.188136
0.137409
0.12085
0.101793
0.166236
0.195752
0.199676
-0.195932
-0.176619
-0.141562
-0.195932
-0.176619
-0.141562
-0.00957027
0.0292599
0.0765217
0.0637435
-0.0138101
-0.0844896
0.195935
0.169898
0.128224
0.195935
0.169898
0.128224
0.0637433
-0.0138103
-0.0844897
-0.0095708
0.0292594
0.0765214
0.193161
0.20028
0.201437
0.137432
0.184776
0.201884
0.137409
0.12085
0.101793
0.112592
0.154293
0.188136
0.0432156
0.0608137
0.0804713
0.0472024
0.0766633
0.113001
0.149252
0.175277
0.193121
0.200849
0.184429
0.153088
0.116713
0.0855613
0.0579402
0.116713
0.0855613
0.0579402
0.200849
0.184429
0.153088
0.0280495
0.0173234
0.00992989
0.0104714
0.0200336
0.0351203
0.00111502
0.00247921
0.00507983
0.00111502
0.00247921
0.00507984
0.0104714
0.0200337
0.0351203
0.0280495
0.0173235
0.00992991
0.0472025
0.0766634
0.113002
0.137432
0.184776
0.201884
0.193161
0.20028
0.201437
0.149252
0.175277
0.193121
0.0432158
0.0608139
0.0804716
0.112592
0.154293
0.188136
0.13741
0.12085
0.101793
0.122035
0.0807857
0.0478616
0.0311549
0.0243327
0.0180252
0.0716417
0.0418278
0.0220062
0.00502227
0.0116901
0.0245265
0.0026251
0.00184436
0.00121824
0.00164754
0.00426596
0.0100004
0.000233088
0.00042649
0.000737777
0.000300019
0.000877247
0.00233407
0.00498697
0.00810541
0.0123465
0.02548
0.0128662
0.00589679
0.00184676
0.000642924
0.000204216
8.4331e-05
5.80766e-05
3.39478e-05
0.000540524
0.000170984
4.77323e-05
3.51927e-06
1.30313e-05
5.53559e-05
6.18433e-14
2.61216e-14
9.97893e-15
1.06414e-06
2.34151e-06
1.19598e-05
2.83215e-16
1.00764e-15
3.24242e-15
-4.47034e-07
6.32634e-07
8.0452e-07
5.09403e-06
9.87334e-06
1.95603e-05
8.74048e-05
2.40918e-05
6.44734e-06
1.93125e-06
1.12951e-06
2.31946e-07
7.44096e-06
1.69953e-06
5.3288e-07
0.000112174
5.32982e-05
2.259e-05
6.65722e-17
1.52214e-17
3.14772e-18
2.26253e-07
-1.45637e-07
3.05473e-07
1.37e-20
9.00439e-20
5.35258e-19
-1.88309e-07
1.5871e-07
-2.61588e-07
2.9153e-08
-8.04874e-08
3.72826e-07
3.59787e-07
3.83841e-08
-4.62374e-08
1.4862e-06
2.92917e-06
9.58727e-06
0.00277923
0.00148293
0.000737178
0.00480299
0.00209237
0.000832665
2.85232e-05
9.40279e-05
0.000285105
1.8255e-06
4.41118e-06
1.81004e-05
5.39149e-05
0.000137433
0.000323241
0.000437622
0.000165691
5.76354e-05
1.93296e-05
5.48158e-06
2.43965e-06
1.93295e-05
5.48158e-06
2.43965e-06
0.000437622
0.000165691
5.76353e-05
5.39273e-07
-3.01175e-08
4.93289e-08
-1.9874e-08
3.20501e-08
6.87031e-07
-2.51276e-07
2.58586e-07
-4.57749e-07
-2.51276e-07
2.58586e-07
-4.57749e-07
-1.98747e-08
3.20502e-08
6.87031e-07
5.39269e-07
-3.01161e-08
4.93272e-08
1.8255e-06
4.41117e-06
1.81004e-05
-2.78807e-07
1.41779e-07
-1.46414e-07
-3.86194e-07
2.10172e-07
-2.02328e-07
1.68532e-21
2.08594e-22
2.33506e-23
5.94046e-09
-9.62702e-09
1.78087e-08
1.55856e-26
1.89234e-25
2.07802e-24
4.4271e-08
-3.62246e-08
6.40071e-08
2.60895e-08
-2.7993e-09
-4.66226e-09
2.11612e-08
-1.47039e-08
3.62223e-08
7.0193e-08
-3.78709e-08
3.57057e-08
7.01929e-08
-3.78708e-08
3.57057e-08
2.11615e-08
-1.47041e-08
3.62225e-08
1.00338e-27
6.72271e-29
4.07378e-30
-3.52657e-09
3.28073e-09
-6.14864e-09
4.16985e-34
9.35274e-33
1.89729e-31
4.16986e-34
9.35276e-33
1.8973e-31
-3.52659e-09
3.28074e-09
-6.14866e-09
1.00339e-27
6.72275e-29
4.0738e-30
4.42709e-08
-3.62245e-08
6.4007e-08
-3.86194e-07
2.10172e-07
-2.02327e-07
-2.78808e-07
1.41779e-07
-1.46414e-07
3.59782e-07
3.83856e-08
-4.62392e-08
2.60899e-08
-2.79986e-09
-4.66115e-09
1.55857e-26
1.89235e-25
2.07803e-24
5.94105e-09
-9.62748e-09
1.78095e-08
1.68532e-21
2.08594e-22
2.33507e-23
-1.8831e-07
1.5871e-07
-2.61588e-07
0.0716414
0.0418276
0.0220061
0.0311546
0.0243325
0.018025
0.122035
0.0807852
0.0478613
0.0254799
0.0128661
0.00589676
0.00498694
0.00810537
0.0123464
0.000300017
0.000877242
0.00233406
0.000233087
0.000426487
0.000737771
0.00164752
0.00426592
0.0100004
0.00262508
0.00184434
0.00121823
0.00502222
0.01169
0.0245263
0.00480298
0.00209237
0.000832662
0.00277921
0.00148292
0.000737175
5.39148e-05
0.000137432
0.00032324
1.4862e-06
2.92916e-06
9.58724e-06
2.85231e-05
9.40276e-05
0.000285104
0.000112173
5.32979e-05
2.25898e-05
7.44092e-06
1.69952e-06
5.32878e-07
1.93125e-06
1.1295e-06
2.31952e-07
8.74042e-05
2.40917e-05
6.44729e-06
2.91511e-08
-8.04856e-08
3.72822e-07
1.37e-20
9.00439e-20
5.35258e-19
2.26252e-07
-1.45637e-07
3.05472e-07
6.65718e-17
1.52214e-17
3.14771e-18
-4.47035e-07
6.32634e-07
8.04508e-07
0.000540519
0.000170982
4.77318e-05
8.43298e-05
5.80759e-05
3.39474e-05
0.00184673
0.000642915
0.000204213
5.094e-06
9.87329e-06
1.95602e-05
2.83213e-16
1.00763e-15
3.24237e-15
1.06413e-06
2.34148e-06
1.19597e-05
6.18417e-14
2.61211e-14
9.97875e-15
3.51922e-06
1.30311e-05
5.5355e-05
0.0311546
0.0243325
0.018025
0.0716414
0.0418276
0.0220061
0.00262508
0.00184434
0.00121823
0.00164753
0.00426593
0.0100004
0.000233088
0.000426488
0.000737773
0.000300019
0.000877247
0.00233407
0.00498696
0.00810538
0.0123464
0.02548
0.0128662
0.00589679
8.43298e-05
5.8076e-05
3.39475e-05
0.00054052
0.000170983
4.77319e-05
6.18418e-14
2.61211e-14
9.97879e-15
1.06413e-06
2.3415e-06
1.19597e-05
2.83217e-16
1.00764e-15
3.2424e-15
-4.47031e-07
6.32634e-07
8.04525e-07
5.09402e-06
9.87335e-06
1.95602e-05
8.74049e-05
2.40919e-05
6.44734e-06
1.93128e-06
1.1295e-06
2.3197e-07
7.44107e-06
1.69955e-06
5.32891e-07
0.000112174
5.32986e-05
2.25902e-05
6.65731e-17
1.52218e-17
3.14781e-18
2.26247e-07
-1.45631e-07
3.05465e-07
1.37008e-20
9.00482e-20
5.35279e-19
-1.88309e-07
1.5871e-07
-2.61587e-07
2.91421e-08
-8.04757e-08
3.72809e-07
3.59767e-07
3.84014e-08
-4.62518e-08
1.48623e-06
2.92923e-06
9.58745e-06
0.00277923
0.00148294
0.000737184
0.00480302
0.00209239
0.000832672
2.85235e-05
9.4029e-05
0.000285108
1.82554e-06
4.4113e-06
1.81009e-05
5.39161e-05
0.000137435
0.000323245
0.000437631
0.000165695
5.76368e-05
1.93302e-05
5.48184e-06
2.43977e-06
1.93307e-05
5.48196e-06
2.43979e-06
0.000437634
0.000165697
5.76384e-05
5.39252e-07
-3.0092e-08
4.93074e-08
-1.99033e-08
3.20897e-08
6.87012e-07
-2.51271e-07
2.58586e-07
-4.57751e-07
-2.51271e-07
2.58586e-07
-4.5775e-07
-1.99072e-08
3.20959e-08
6.87013e-07
5.39259e-07
-3.00771e-08
4.92997e-08
1.82564e-06
4.41158e-06
1.81016e-05
-2.78808e-07
1.4178e-07
-1.46413e-07
-3.86193e-07
2.10171e-07
-2.02324e-07
1.68544e-21
2.08615e-22
2.33536e-23
5.94548e-09
-9.63114e-09
1.78162e-08
1.5589e-26
1.89269e-25
2.07835e-24
4.42694e-08
-3.62233e-08
6.40049e-08
2.60952e-08
-2.80558e-09
-4.65142e-09
2.1174e-08
-1.47107e-08
3.62285e-08
7.01907e-08
-3.78695e-08
3.57039e-08
7.01904e-08
-3.78694e-08
3.57038e-08
2.11749e-08
-1.47115e-08
3.62294e-08
1.00363e-27
6.72458e-29
4.07504e-30
-3.52737e-09
3.2814e-09
-6.14987e-09
4.17156e-34
9.35625e-33
1.89794e-31
4.17163e-34
9.3567e-33
1.89809e-31
-3.52749e-09
3.28148e-09
-6.14998e-09
1.0038e-27
6.7255e-29
4.07549e-30
4.42691e-08
-3.62231e-08
6.40047e-08
-3.86194e-07
2.10171e-07
-2.02323e-07
-2.78805e-07
1.4178e-07
-1.46412e-07
3.59768e-07
3.84232e-08
-4.62647e-08
2.60969e-08
-2.80754e-09
-4.6473e-09
1.55919e-26
1.89309e-25
2.07884e-24
5.94907e-09
-9.63387e-09
1.78208e-08
1.68595e-21
2.08673e-22
2.33597e-23
-1.88307e-07
1.58707e-07
-2.61584e-07
0.0716419
0.041828
0.0220063
0.031155
0.0243328
0.0180253
0.122035
0.0807859
0.0478617
0.0254802
0.0128663
0.00589689
0.00498705
0.00810552
0.0123466
0.00030003
0.000877273
0.00233412
0.000233097
0.000426502
0.000737793
0.00164756
0.00426601
0.0100005
0.00262512
0.00184437
0.00121826
0.00502229
0.0116902
0.0245266
0.00480305
0.00209242
0.000832691
0.00277929
0.00148297
0.000737202
5.39179e-05
0.000137439
0.000323254
1.48633e-06
2.92945e-06
9.58802e-06
2.8525e-05
9.40329e-05
0.000285117
0.000112179
5.33012e-05
2.25914e-05
7.44156e-06
1.69968e-06
5.32936e-07
1.93145e-06
1.12955e-06
2.32022e-07
8.74087e-05
2.40932e-05
6.4477e-06
2.91286e-08
-8.04566e-08
3.72792e-07
1.37048e-20
9.00719e-20
5.35405e-19
2.26232e-07
-1.45616e-07
3.05454e-07
6.65837e-17
1.52246e-17
3.14846e-18
-4.47014e-07
6.32646e-07
8.0463e-07
0.000540535
0.000170988
4.77337e-05
8.43317e-05
5.80776e-05
3.39488e-05
0.00184676
0.000642926
0.000204217
5.09428e-06
9.87388e-06
1.9561e-05
2.83255e-16
1.00775e-15
3.24271e-15
1.06414e-06
2.34163e-06
1.19602e-05
6.18445e-14
2.61227e-14
9.97956e-15
3.51929e-06
1.30314e-05
5.53561e-05
0.031155
0.0243329
0.0180254
0.0716423
0.0418283
0.0220065
0.00262512
0.00184438
0.00121827
0.00164758
0.00426605
0.0100006
0.000233102
0.000426509
0.000737802
0.000300036
0.000877291
0.00233417
0.00498713
0.00810562
0.0123467
0.0254805
0.0128665
0.00589698
8.43318e-05
5.80779e-05
3.39491e-05
0.000540541
0.00017099
4.77344e-05
6.18448e-14
2.6123e-14
9.97977e-15
1.06416e-06
2.34167e-06
1.19604e-05
2.83271e-16
1.0078e-15
3.24281e-15
-4.47008e-07
6.32651e-07
8.0468e-07
5.09437e-06
9.87409e-06
1.95612e-05
8.74109e-05
2.40939e-05
6.44788e-06
1.93154e-06
1.12957e-06
2.32049e-07
7.44188e-06
1.69976e-06
5.32958e-07
0.000112182
5.33029e-05
2.25923e-05
6.65882e-17
1.52258e-17
3.14876e-18
2.26224e-07
-1.45607e-07
3.05446e-07
1.37067e-20
9.00831e-20
5.35464e-19
-1.88305e-07
1.58705e-07
-2.61579e-07
2.9121e-08
-8.04436e-08
3.72779e-07
3.59774e-07
3.84344e-08
-4.62683e-08
1.48639e-06
2.92962e-06
9.58841e-06
0.00277934
0.001483
0.000737222
0.00480316
0.00209247
0.000832714
2.85261e-05
9.40362e-05
0.000285126
1.8257e-06
4.41184e-06
1.81024e-05
5.39201e-05
0.000137444
0.000323264
0.000437648
0.000165703
5.76407e-05
1.93316e-05
5.48236e-06
2.43992e-06
1.93317e-05
5.48236e-06
2.43992e-06
0.000437648
0.000165703
5.76408e-05
5.39266e-07
-3.00607e-08
4.92957e-08
-1.99145e-08
3.21205e-08
6.87031e-07
-2.51264e-07
2.58581e-07
-4.57743e-07
-2.51263e-07
2.58581e-07
-4.57743e-07
-1.99156e-08
3.21217e-08
6.87029e-07
5.39262e-07
-3.00581e-08
4.92933e-08
1.8257e-06
4.41185e-06
1.81024e-05
-2.78799e-07
1.41777e-07
-1.46408e-07
-3.86185e-07
2.10167e-07
-2.02317e-07
1.6862e-21
2.08706e-22
2.33635e-23
5.95198e-09
-9.63619e-09
1.78248e-08
1.55948e-26
1.89343e-25
2.0792e-24
4.42678e-08
-3.6222e-08
6.40027e-08
2.60993e-08
-2.81059e-09
-4.64189e-09
2.11816e-08
-1.47149e-08
3.6232e-08
7.01885e-08
-3.78683e-08
3.57025e-08
7.01883e-08
-3.78682e-08
3.57024e-08
2.11821e-08
-1.47152e-08
3.62323e-08
1.00399e-27
6.72681e-29
4.07631e-30
-3.52793e-09
3.28183e-09
-6.15062e-09
4.17255e-34
9.35871e-33
1.89848e-31
4.17255e-34
9.35871e-33
1.89848e-31
-3.52804e-09
3.2819e-09
-6.15071e-09
1.00399e-27
6.72683e-29
4.07632e-30
4.42679e-08
-3.6222e-08
6.40027e-08
-3.86186e-07
2.10167e-07
-2.02317e-07
-2.788e-07
1.41777e-07
-1.46408e-07
3.59772e-07
3.84365e-08
-4.627e-08
2.60999e-08
-2.81126e-09
-4.64049e-09
1.55949e-26
1.89344e-25
2.07921e-24
5.95314e-09
-9.63706e-09
1.78262e-08
1.68623e-21
2.08709e-22
2.33638e-23
-1.88305e-07
1.58705e-07
-2.61579e-07
0.0716423
0.0418283
0.0220065
0.031155
0.0243329
0.0180254
0.122035
0.0807859
0.0478617
0.0254805
0.0128665
0.00589699
0.00498713
0.00810563
0.0123467
0.000300037
0.000877292
0.00233417
0.000233102
0.00042651
0.000737804
0.00164758
0.00426605
0.0100006
0.00262512
0.00184439
0.00121827
0.00502229
0.0116902
0.0245266
0.00480316
0.00209247
0.000832714
0.00277934
0.001483
0.000737223
5.39202e-05
0.000137444
0.000323264
1.48639e-06
2.92962e-06
9.58844e-06
2.85262e-05
9.40364e-05
0.000285126
0.000112182
5.3303e-05
2.25924e-05
7.44191e-06
1.69977e-06
5.3296e-07
1.93156e-06
1.12958e-06
2.32055e-07
8.74111e-05
2.4094e-05
6.44791e-06
2.91208e-08
-8.04428e-08
3.72778e-07
1.3707e-20
9.00847e-20
5.35473e-19
2.26223e-07
-1.45607e-07
3.05446e-07
6.65892e-17
1.5226e-17
3.14881e-18
-4.47006e-07
6.32652e-07
8.04688e-07
0.000540542
0.00017099
4.77345e-05
8.43319e-05
5.80779e-05
3.39492e-05
0.00184676
0.000642926
0.000204217
5.09439e-06
9.87414e-06
1.95613e-05
2.83274e-16
1.00781e-15
3.24284e-15
1.06416e-06
2.34168e-06
1.19604e-05
6.18448e-14
2.61231e-14
9.97984e-15
3.51929e-06
1.30314e-05
5.53561e-05
0.031155
0.0243329
0.0180253
0.0716421
0.0418281
0.0220064
0.00262512
0.00184438
0.00121826
0.00164757
0.00426602
0.0100006
0.000233098
0.000426504
0.000737795
0.000300032
0.000877279
0.00233414
0.00498708
0.00810556
0.0123467
0.0254804
0.0128664
0.00589693
8.43317e-05
5.80776e-05
3.39488e-05
0.000540537
0.000170988
4.77338e-05
6.18445e-14
2.61227e-14
9.97956e-15
1.06414e-06
2.34164e-06
1.19602e-05
2.83255e-16
1.00775e-15
3.24271e-15
-4.47013e-07
6.32646e-07
8.04636e-07
5.09428e-06
9.8739e-06
1.9561e-05
8.74092e-05
2.40933e-05
6.44772e-06
1.93146e-06
1.12955e-06
2.32027e-07
7.44164e-06
1.69969e-06
5.32938e-07
0.00011218
5.33017e-05
2.25917e-05
6.65837e-17
1.52246e-17
3.14846e-18
2.2623e-07
-1.45615e-07
3.05452e-07
1.37048e-20
9.00719e-20
5.35405e-19
-1.88307e-07
1.58707e-07
-2.61583e-07
2.91262e-08
-8.04534e-08
3.72787e-07
3.59764e-07
3.84283e-08
-4.62681e-08
1.48635e-06
2.92949e-06
9.58814e-06
0.00277931
0.00148298
0.000737211
0.00480312
0.00209245
0.000832702
2.85254e-05
9.40341e-05
0.000285121
1.82566e-06
4.41168e-06
1.8102e-05
5.39191e-05
0.000137442
0.000323259
0.000437645
0.000165701
5.76397e-05
1.93312e-05
5.48209e-06
2.43982e-06
1.93306e-05
5.48198e-06
2.43981e-06
0.000437643
0.000165699
5.76382e-05
5.39254e-07
-3.00699e-08
4.92948e-08
-1.99115e-08
3.21033e-08
6.87013e-07
-2.5127e-07
2.58585e-07
-4.57749e-07
-2.51271e-07
2.58586e-07
-4.57751e-07
-1.99062e-08
3.20959e-08
6.87014e-07
5.39255e-07
-3.00891e-08
4.93069e-08
1.82556e-06
4.41141e-06
1.81013e-05
-2.78805e-07
1.41779e-07
-1.46411e-07
-3.86193e-07
2.10171e-07
-2.02322e-07
1.68595e-21
2.08673e-22
2.33597e-23
5.94994e-09
-9.63458e-09
1.7822e-08
1.55919e-26
1.89309e-25
2.07884e-24
4.4269e-08
-3.62231e-08
6.40046e-08
2.60975e-08
-2.80815e-09
-4.64606e-09
2.11758e-08
-1.4712e-08
3.62298e-08
7.01902e-08
-3.78693e-08
3.57037e-08
7.01907e-08
-3.78695e-08
3.57039e-08
2.11743e-08
-1.47108e-08
3.62286e-08
1.0038e-27
6.7255e-29
4.07549e-30
-3.52753e-09
3.28151e-09
-6.15002e-09
4.17163e-34
9.3567e-33
1.89809e-31
4.17156e-34
9.35625e-33
1.89794e-31
-3.52734e-09
3.28137e-09
-6.14984e-09
1.00363e-27
6.72458e-29
4.07504e-30
4.42694e-08
-3.62233e-08
6.40048e-08
-3.86191e-07
2.10171e-07
-2.02323e-07
-2.78807e-07
1.41779e-07
-1.46413e-07
3.59769e-07
3.84037e-08
-4.62525e-08
2.60951e-08
-2.80542e-09
-4.65177e-09
1.5589e-26
1.89269e-25
2.07835e-24
5.94491e-09
-9.63066e-09
1.78154e-08
1.68544e-21
2.08615e-22
2.33536e-23
-1.88308e-07
1.58709e-07
-2.61585e-07
0.0716416
0.0418277
0.0220061
0.0311546
0.0243326
0.0180251
0.122035
0.0807852
0.0478613
0.0254802
0.0128663
0.00589684
0.00498699
0.00810543
0.0123465
0.000300021
0.000877255
0.00233409
0.00023309
0.00042649
0.000737775
0.00164753
0.00426594
0.0100004
0.00262508
0.00184434
0.00121823
0.00502222
0.01169
0.0245263
0.00480309
0.00209242
0.000832685
0.00277926
0.00148295
0.000737194
5.39173e-05
0.000137438
0.00032325
1.48626e-06
2.92928e-06
9.58757e-06
2.85239e-05
9.40304e-05
0.000285112
0.000112175
5.32991e-05
2.25905e-05
7.44116e-06
1.69957e-06
5.32896e-07
1.93129e-06
1.12951e-06
2.31973e-07
8.74055e-05
2.40921e-05
6.44737e-06
2.91417e-08
-8.04743e-08
3.72809e-07
1.37008e-20
9.00482e-20
5.35279e-19
2.26246e-07
-1.4563e-07
3.05465e-07
6.65731e-17
1.52218e-17
3.14781e-18
-4.47029e-07
6.32633e-07
8.04533e-07
0.000540522
0.000170983
4.77321e-05
8.43298e-05
5.80761e-05
3.39475e-05
0.00184673
0.000642915
0.000204213
5.09403e-06
9.87337e-06
1.95603e-05
2.83217e-16
1.00764e-15
3.2424e-15
1.06413e-06
2.3415e-06
1.19597e-05
6.18418e-14
2.61211e-14
9.97879e-15
3.51923e-06
1.30311e-05
5.5355e-05
0.0311546
0.0243325
0.018025
0.0716414
0.0418276
0.0220061
0.00262508
0.00184434
0.00121823
0.00164752
0.00426592
0.0100004
0.000233087
0.000426487
0.000737771
0.000300017
0.000877242
0.00233406
0.00498694
0.00810537
0.0123464
0.0254799
0.0128661
0.00589676
8.43298e-05
5.80759e-05
3.39474e-05
0.000540519
0.000170982
4.77318e-05
6.18417e-14
2.61211e-14
9.97875e-15
1.06413e-06
2.34149e-06
1.19597e-05
2.83213e-16
1.00763e-15
3.24237e-15
-4.47033e-07
6.32633e-07
8.04509e-07
5.094e-06
9.87329e-06
1.95602e-05
8.74042e-05
2.40917e-05
6.44729e-06
1.93125e-06
1.1295e-06
2.31952e-07
7.44092e-06
1.69952e-06
5.32878e-07
0.000112173
5.32979e-05
2.25898e-05
6.65718e-17
1.52214e-17
3.14771e-18
2.26252e-07
-1.45636e-07
3.05472e-07
1.37e-20
9.00439e-20
5.35258e-19
-1.88309e-07
1.5871e-07
-2.61588e-07
2.9151e-08
-8.04854e-08
3.72821e-07
3.59782e-07
3.83858e-08
-4.62392e-08
1.4862e-06
2.92916e-06
9.58724e-06
0.00277921
0.00148292
0.000737175
0.00480298
0.00209237
0.000832662
2.85231e-05
9.40276e-05
0.000285104
1.8255e-06
4.41117e-06
1.81004e-05
5.39148e-05
0.000137432
0.00032324
0.000437622
0.000165691
5.76353e-05
1.93295e-05
5.48158e-06
2.43965e-06
1.93296e-05
5.48158e-06
2.43965e-06
0.000437622
0.000165691
5.76354e-05
5.39268e-07
-3.01159e-08
4.93272e-08
-1.9875e-08
3.20507e-08
6.8703e-07
-2.51276e-07
2.58586e-07
-4.57749e-07
-2.51276e-07
2.58586e-07
-4.57749e-07
-1.98742e-08
3.20503e-08
6.87031e-07
5.39273e-07
-3.01172e-08
4.93285e-08
1.8255e-06
4.41118e-06
1.81004e-05
-2.78807e-07
1.41779e-07
-1.46414e-07
-3.86194e-07
2.10172e-07
-2.02327e-07
1.68532e-21
2.08594e-22
2.33507e-23
5.94097e-09
-9.6274e-09
1.78094e-08
1.55857e-26
1.89235e-25
2.07803e-24
4.42709e-08
-3.62245e-08
6.4007e-08
2.60898e-08
-2.79983e-09
-4.66121e-09
2.11615e-08
-1.47041e-08
3.62225e-08
7.01928e-08
-3.78708e-08
3.57057e-08
7.01929e-08
-3.78708e-08
3.57057e-08
2.11613e-08
-1.4704e-08
3.62223e-08
1.00339e-27
6.72275e-29
4.0738e-30
-3.52658e-09
3.28074e-09
-6.14865e-09
4.16986e-34
9.35276e-33
1.8973e-31
4.16985e-34
9.35274e-33
1.89729e-31
-3.52657e-09
3.28073e-09
-6.14864e-09
1.00338e-27
6.72271e-29
4.07378e-30
4.4271e-08
-3.62246e-08
6.40071e-08
-3.86194e-07
2.10172e-07
-2.02328e-07
-2.78807e-07
1.41779e-07
-1.46414e-07
3.59786e-07
3.83842e-08
-4.62375e-08
2.60895e-08
-2.79938e-09
-4.6621e-09
1.55856e-26
1.89234e-25
2.07802e-24
5.94051e-09
-9.62706e-09
1.78088e-08
1.68532e-21
2.08594e-22
2.33506e-23
-1.8831e-07
1.5871e-07
-2.61588e-07
0.0716417
0.0418278
0.0220062
0.0311549
0.0243327
0.0180252
0.02548
0.0128662
0.00589679
0.00498697
0.00810541
0.0123465
0.000300019
0.000877247
0.00233407
0.000233088
0.00042649
0.000737777
0.00164754
0.00426596
0.0100004
0.0026251
0.00184436
0.00121824
0.00480299
0.00209237
0.000832665
0.00277923
0.00148293
0.000737178
5.39149e-05
0.000137433
0.000323241
1.4862e-06
2.92917e-06
9.58727e-06
2.85232e-05
9.40279e-05
0.000285105
0.000112174
5.32982e-05
2.259e-05
7.44096e-06
1.69953e-06
5.3288e-07
1.93125e-06
1.12951e-06
2.31947e-07
8.74048e-05
2.40918e-05
6.44734e-06
2.91529e-08
-8.04873e-08
3.72826e-07
1.37e-20
9.00439e-20
5.35258e-19
2.26253e-07
-1.45637e-07
3.05473e-07
6.65722e-17
1.52214e-17
3.14772e-18
-4.47034e-07
6.32634e-07
8.0452e-07
0.000540524
0.000170984
4.77323e-05
8.4331e-05
5.80766e-05
3.39478e-05
5.09403e-06
9.87334e-06
1.95603e-05
2.83215e-16
1.00764e-15
3.24242e-15
1.06414e-06
2.34151e-06
1.19598e-05
6.18433e-14
2.61216e-14
9.97893e-15
-0.223735
-0.220258
-0.208268
-0.220258
-0.212775
-0.193695
-0.208268
-0.193695
-0.164506
-0.178059
-0.126757
-0.0538981
-0.153672
-0.0933956
-0.0153143
-0.113
-0.04482
0.0346114
-0.0515006
0.0198292
0.0932881
0.0198292
0.0859471
0.14532
0.0932883
0.14532
0.183818
-0.178059
-0.153672
-0.113
-0.126757
-0.0933954
-0.0448198
-0.0538977
-0.0153139
0.0346117
0.0360482
0.116655
0.175233
0.0730902
0.144949
0.190025
0.115335
0.172577
0.200002
0.201313
0.192104
0.159461
0.201216
0.181374
0.143514
0.194727
0.165078
0.12397
0.179274
0.142207
0.100795
0.15677
0.116781
0.0782815
0.128808
0.0902158
0.0571917
0.157878
0.194191
0.20081
0.187989
0.201902
0.189924
0.201523
0.194372
0.168078
0.194843
0.171018
0.136534
0.171018
0.138944
0.103532
0.136534
0.103532
0.0723779
0.0971809
0.0639003
0.0382179
0.0689785
0.0428056
0.0242533
0.0452937
0.0265811
0.0142872
0.0266213
0.0147595
0.00751455
0.0147595
0.00777085
0.00376225
0.00751454
0.00376225
0.00173524
0.0971808
0.0689785
0.0452937
0.0639002
0.0428055
0.0265811
0.0382178
0.0242533
0.0142872
0.0360488
0.0730906
0.115335
0.116656
0.14495
0.172577
0.175233
0.190025
0.200002
0.157878
0.187989
0.201523
0.194191
0.201902
0.194372
0.20081
0.189924
0.168078
0.179274
0.15677
0.128807
0.142207
0.116781
0.0902156
0.100795
0.0782812
0.0571916
0.201313
0.201216
0.194727
0.192104
0.181374
0.165078
0.159461
0.143514
0.123969
-0.223735
-0.220258
-0.208268
-0.220258
-0.212775
-0.193695
-0.208268
-0.193695
-0.164505
-0.178059
-0.126757
-0.0538976
-0.153671
-0.0933952
-0.0153137
-0.112999
-0.0448195
0.034612
-0.0515003
0.0198296
0.0932886
0.0198294
0.0859474
0.14532
0.0932883
0.14532
0.183818
-0.178059
-0.153672
-0.112999
-0.126757
-0.0933955
-0.0448198
-0.0538982
-0.0153142
0.0346116
0.0360489
0.116656
0.175233
0.0730909
0.14495
0.190025
0.115336
0.172577
0.200002
0.201313
0.192104
0.159461
0.201216
0.181374
0.143514
0.194727
0.165078
0.123969
0.179274
0.142207
0.100795
0.15677
0.116781
0.0782812
0.128807
0.0902156
0.0571916
0.157878
0.194191
0.20081
0.187989
0.201902
0.189924
0.201523
0.194372
0.168078
0.194843
0.171018
0.136534
0.171018
0.138944
0.103532
0.136534
0.103533
0.072378
0.0971809
0.0639002
0.0382179
0.0689786
0.0428056
0.0242534
0.0452938
0.0265812
0.0142873
0.0266214
0.0147595
0.0075146
0.0147596
0.00777092
0.0037623
0.00751462
0.0037623
0.00173526
0.0971811
0.0689787
0.0452938
0.0639004
0.0428057
0.0265813
0.038218
0.0242535
0.0142873
0.0360481
0.0730902
0.115335
0.116655
0.144949
0.172577
0.175233
0.190025
0.200002
0.157878
0.187989
0.201523
0.194191
0.201902
0.194372
0.20081
0.189924
0.168079
0.179274
0.15677
0.128808
0.142207
0.116781
0.090216
0.100795
0.0782816
0.0571919
0.201313
0.201216
0.194727
0.192104
0.181374
0.165078
0.159461
0.143515
0.12397
-0.223735
-0.220258
-0.208268
-0.220258
-0.212775
-0.193695
-0.208268
-0.193695
-0.164506
-0.178059
-0.126757
-0.0538984
-0.153672
-0.093396
-0.0153148
-0.113
-0.0448206
0.0346107
-0.0515013
0.0198283
0.0932873
0.0198283
0.0859461
0.145319
0.0932873
0.145319
0.183817
-0.178059
-0.153672
-0.113
-0.126757
-0.093396
-0.0448206
-0.0538984
-0.0153148
0.0346107
0.0360479
0.116655
0.175232
0.0730897
0.144949
0.190025
0.115334
0.172576
0.200002
0.201313
0.192104
0.159461
0.201216
0.181374
0.143515
0.194727
0.165079
0.12397
0.179275
0.142208
0.100796
0.156771
0.116782
0.0782822
0.128809
0.0902167
0.0571924
0.157877
0.19419
0.20081
0.187989
0.201902
0.189925
0.201523
0.194372
0.168079
0.194843
0.171019
0.136535
0.171019
0.138945
0.103533
0.136535
0.103533
0.0723788
0.0971819
0.0639011
0.0382185
0.0689795
0.0428063
0.0242538
0.0452945
0.0265817
0.0142876
0.0266218
0.0147598
0.00751478
0.0147598
0.0077711
0.00376239
0.00751478
0.00376239
0.00173531
0.0971819
0.0689795
0.0452945
0.0639011
0.0428063
0.0265817
0.0382185
0.0242538
0.0142876
0.0360479
0.0730897
0.115334
0.116655
0.144949
0.172576
0.175232
0.190025
0.200002
0.157877
0.187989
0.201523
0.19419
0.201902
0.194372
0.20081
0.189925
0.168079
0.179275
0.156771
0.128809
0.142208
0.116782
0.0902167
0.100796
0.0782822
0.0571924
0.201313
0.201216
0.194727
0.192104
0.181374
0.165079
0.159461
0.143515
0.12397
-0.223735
-0.220258
-0.208268
-0.220258
-0.212775
-0.193695
-0.208268
-0.193695
-0.164506
-0.178059
-0.126757
-0.0538982
-0.153672
-0.0933956
-0.0153143
-0.113
-0.0448199
0.0346114
-0.0515005
0.0198292
0.0932881
0.0198293
0.0859471
0.145319
0.0932883
0.14532
0.183818
-0.178059
-0.153671
-0.112999
-0.126757
-0.0933953
-0.0448197
-0.0538976
-0.0153138
0.0346118
0.036048
0.116655
0.175233
0.0730901
0.144949
0.190025
0.115335
0.172576
0.200002
0.201313
0.192104
0.159461
0.201216
0.181374
0.143515
0.194727
0.165078
0.12397
0.179274
0.142207
0.100796
0.15677
0.116782
0.0782819
0.128808
0.0902163
0.0571922
0.157877
0.194191
0.20081
0.187989
0.201902
0.189924
0.201523
0.194372
0.168079
0.194843
0.171018
0.136534
0.171018
0.138944
0.103533
0.136534
0.103533
0.0723784
0.0971815
0.0639008
0.0382183
0.0689791
0.042806
0.0242537
0.0452942
0.0265815
0.0142875
0.0266217
0.0147597
0.00751473
0.0147597
0.00777104
0.00376237
0.00751472
0.00376237
0.0017353
0.0971813
0.068979
0.0452942
0.0639006
0.0428059
0.0265815
0.0382182
0.0242536
0.0142875
0.0360488
0.0730907
0.115335
0.116656
0.14495
0.172577
0.175233
0.190025
0.200002
0.157878
0.187989
0.201523
0.194191
0.201902
0.194372
0.20081
0.189924
0.168079
0.179274
0.15677
0.128808
0.142207
0.116781
0.090216
0.100795
0.0782816
0.0571919
0.201313
0.201216
0.194727
0.192104
0.181374
0.165078
0.159461
0.143514
0.12397
-0.223735
-0.220258
-0.208268
-0.220258
-0.212775
-0.193695
-0.208268
-0.193695
-0.164506
-0.178059
-0.126757
-0.0538977
-0.153672
-0.0933954
-0.0153139
-0.113
-0.0448198
0.0346117
-0.0515006
0.0198292
0.0932883
0.0198292
0.0859471
0.14532
0.0932881
0.14532
0.183818
-0.178059
-0.153672
-0.113
-0.126757
-0.0933956
-0.04482
-0.0538981
-0.0153143
0.0346114
0.0360488
0.116656
0.175233
0.0730906
0.14495
0.190025
0.115335
0.172577
0.200002
0.201313
0.192104
0.159461
0.201216
0.181374
0.143514
0.194727
0.165078
0.123969
0.179274
0.142207
0.100795
0.15677
0.116781
0.0782812
0.128807
0.0902156
0.0571916
0.157878
0.194191
0.20081
0.187989
0.201902
0.189924
0.201523
0.194372
0.168078
0.194843
0.171018
0.136534
0.171018
0.138944
0.103532
0.136534
0.103532
0.0723779
0.0971808
0.0639002
0.0382178
0.0689785
0.0428055
0.0242533
0.0452937
0.0265811
0.0142872
0.0266213
0.0147595
0.00751454
0.0147595
0.00777085
0.00376225
0.00751455
0.00376225
0.00173524
0.0971809
0.0689785
0.0452937
0.0639003
0.0428056
0.0265811
0.0382179
0.0242533
0.0142872
0.0360482
0.0730902
0.115335
0.116655
0.144949
0.172577
0.175233
0.190025
0.200002
0.157878
0.187989
0.201523
0.194191
0.201902
0.194372
0.20081
0.189924
0.168078
0.179274
0.15677
0.128808
0.142207
0.116781
0.0902158
0.100795
0.0782815
0.0571917
0.201313
0.201216
0.194727
0.192104
0.181374
0.165078
0.159461
0.143514
0.12397
0.114572
0.0744012
0.0432859
0.0985654
0.061525
0.0344767
0.0810479
0.0484615
0.0260727
0.0217673
0.010197
0.00430585
0.0166916
0.0075477
0.00308065
0.0121188
0.00527696
0.00207859
0.00811731
0.00338988
0.00128321
0.00521037
0.0020895
0.000760013
0.00313607
0.00120492
0.000421404
0.0623799
0.0355455
0.0182762
0.0459181
0.024956
0.0122722
0.031774
0.0164565
0.00773177
0.00155425
0.000533741
0.000165082
0.00107384
0.000356204
0.000106526
0.000698128
0.000223108
6.49981e-05
4.48214e-05
9.7611e-06
3.45271e-06
2.57881e-05
7.17874e-06
5.03374e-07
1.51643e-05
4.06256e-06
3.44569e-07
7.61397e-06
2.32336e-06
-2.23441e-07
3.78299e-06
1.21007e-06
-8.94606e-08
2.0053e-06
4.14534e-07
8.41249e-08
0.000412542
0.000127612
3.52032e-05
0.000235414
6.95683e-05
1.89649e-05
0.000124031
3.62278e-05
8.7453e-06
5.97343e-05
1.61495e-05
4.22112e-06
2.68673e-05
7.46075e-06
1.4629e-06
1.20096e-05
2.73627e-06
8.98411e-07
7.27173e-07
2.53681e-07
-1.31713e-08
3.44722e-07
6.39248e-08
4.99753e-09
1.72833e-08
1.0937e-07
-8.64907e-08
4.24708e-08
1.01228e-08
-1.84228e-08
-3.72985e-09
1.59425e-08
-8.15539e-09
5.65529e-08
-3.32166e-08
3.4806e-08
3.95232e-06
1.29283e-06
5.18592e-09
1.80956e-06
2.49696e-07
2.02767e-07
3.35811e-07
2.36783e-07
-7.7701e-08
0.0200525
0.00986564
0.00441543
0.0120571
0.00565196
0.00241417
0.00673546
0.00300826
0.00122712
0.00170339
0.000626584
0.000209314
0.00088931
0.000312729
0.000100563
0.00043044
0.000145611
4.44259e-05
0.000185127
5.94668e-05
1.7517e-05
7.63768e-05
2.37472e-05
6.59243e-06
2.92269e-05
8.64469e-06
2.32392e-06
0.00335222
0.00142419
0.00055325
0.00159497
0.000646531
0.000239971
0.000699596
0.000270867
9.59685e-05
0.000268067
9.87639e-05
3.34005e-05
9.87639e-05
3.49955e-05
1.13101e-05
3.34004e-05
1.13101e-05
3.43002e-06
9.17592e-06
3.05497e-06
4.10705e-07
3.43285e-06
6.8436e-07
3.82068e-07
6.38024e-07
4.11637e-07
-9.55141e-08
3.20977e-07
-7.17164e-09
1.35854e-07
-7.1717e-09
6.17336e-08
-7.21996e-08
1.35854e-07
-7.21996e-08
9.7657e-08
9.1759e-06
3.43285e-06
6.38024e-07
3.05496e-06
6.84359e-07
4.11636e-07
4.10704e-07
3.82067e-07
-9.55138e-08
2.36652e-07
-1.87935e-08
8.8966e-08
1.53838e-09
3.77637e-08
-4.02535e-08
9.06247e-08
-4.34896e-08
5.75277e-08
8.97119e-08
-5.06809e-08
6.39824e-08
-4.40402e-08
2.52382e-08
-3.19667e-08
3.96451e-08
-2.26544e-08
2.9625e-08
-3.54123e-08
2.01935e-08
-2.33796e-08
2.18964e-08
-1.25868e-08
1.49474e-08
-2.76444e-08
1.58741e-08
-1.91336e-08
1.51791e-07
-7.78597e-08
6.85659e-08
-7.95545e-08
4.28181e-08
-3.68383e-08
6.66575e-08
-3.53759e-08
2.73792e-08
-4.87366e-08
2.80016e-08
-3.35244e-08
2.80016e-08
-1.61165e-08
1.88686e-08
-3.35243e-08
1.88686e-08
-2.07953e-08
-1.46403e-08
8.11716e-09
-9.95307e-09
7.55895e-09
-4.19115e-09
5.11891e-09
-5.6835e-09
3.1975e-09
-4.00991e-09
5.85687e-09
-3.23421e-09
3.82259e-09
-3.23421e-09
1.78742e-09
-2.11637e-09
3.82259e-09
-2.11637e-09
2.50575e-09
-1.46403e-08
7.55893e-09
-5.68347e-09
8.11712e-09
-4.19114e-09
3.19748e-09
-9.95301e-09
5.11889e-09
-4.00988e-09
2.36653e-07
1.53756e-09
9.06254e-08
-1.87945e-08
3.77642e-08
-4.349e-08
8.89668e-08
-4.02539e-08
5.75281e-08
1.51791e-07
-7.95543e-08
6.66573e-08
-7.78594e-08
4.2818e-08
-3.53758e-08
6.85655e-08
-3.68381e-08
2.7379e-08
-3.54127e-08
2.18966e-08
-2.76445e-08
2.01937e-08
-1.25869e-08
1.58741e-08
-2.33798e-08
1.49475e-08
-1.91336e-08
8.97114e-08
-4.40401e-08
3.96449e-08
-5.06806e-08
2.52381e-08
-2.26543e-08
6.3982e-08
-3.19666e-08
2.96248e-08
0.114571
0.0985649
0.0810475
0.0744008
0.0615247
0.0484612
0.0432856
0.0344765
0.0260726
0.0623797
0.0459179
0.0317739
0.0355453
0.0249559
0.0164564
0.0182761
0.0122722
0.00773173
0.00811725
0.00521033
0.00313605
0.00338985
0.00208948
0.00120492
0.0012832
0.000760008
0.000421401
0.0217671
0.0166915
0.0121187
0.0101969
0.00754764
0.00527692
0.00430581
0.00308062
0.00207857
0.0200525
0.012057
0.00673545
0.0098656
0.00565194
0.00300825
0.00441541
0.00241416
0.00122712
0.00335222
0.00159497
0.000699595
0.00142419
0.000646529
0.000270866
0.000553248
0.00023997
9.59682e-05
0.000185127
7.63765e-05
2.92268e-05
5.94666e-05
2.37471e-05
8.64466e-06
1.75169e-05
6.59241e-06
2.32391e-06
0.00170338
0.000889306
0.000430438
0.000626581
0.000312728
0.00014561
0.000209313
0.000100563
4.44257e-05
5.97339e-05
2.68672e-05
1.20095e-05
1.61494e-05
7.46071e-06
2.73625e-06
4.22109e-06
1.46289e-06
8.98408e-07
3.9523e-06
1.80955e-06
3.35808e-07
1.29282e-06
2.49694e-07
2.36783e-07
5.18465e-09
2.02767e-07
-7.7701e-08
4.24726e-08
-3.73103e-09
5.65539e-08
1.01216e-08
1.59432e-08
-3.32172e-08
-1.84213e-08
-8.15626e-09
3.48068e-08
7.27163e-07
3.44722e-07
1.72796e-08
2.53683e-07
6.39235e-08
1.09372e-07
-1.31747e-08
4.99892e-09
-8.64928e-08
0.00155424
0.00107383
0.000698121
0.000533735
0.0003562
0.000223106
0.00016508
0.000106525
6.49974e-05
0.000412539
0.000235412
0.00012403
0.00012761
6.95678e-05
3.62275e-05
3.52029e-05
1.89648e-05
8.74524e-06
7.6139e-06
3.78295e-06
2.00529e-06
2.32334e-06
1.21007e-06
4.1453e-07
-2.23443e-07
-8.94651e-08
8.41264e-08
4.48208e-05
2.57877e-05
1.51641e-05
9.76094e-06
7.17867e-06
4.06252e-06
3.45267e-06
5.03347e-07
3.44562e-07
0.114571
0.0744008
0.0432856
0.0985649
0.0615246
0.0344765
0.0810475
0.0484612
0.0260726
0.0217671
0.0101969
0.00430581
0.0166915
0.00754764
0.00308062
0.0121187
0.00527692
0.00207857
0.00811726
0.00338986
0.0012832
0.00521035
0.00208949
0.00076001
0.00313607
0.00120492
0.000421404
0.0623797
0.0355453
0.0182761
0.0459179
0.0249559
0.0122722
0.031774
0.0164564
0.00773176
0.00155424
0.000533735
0.00016508
0.00107383
0.0003562
0.000106525
0.000698122
0.000223106
6.49976e-05
4.48208e-05
9.76095e-06
3.45267e-06
2.57877e-05
7.17868e-06
5.03343e-07
1.51641e-05
4.06253e-06
3.44559e-07
7.61393e-06
2.32334e-06
-2.23439e-07
3.78297e-06
1.21008e-06
-8.94685e-08
2.00531e-06
4.1453e-07
8.41315e-08
0.00041254
0.000127611
3.5203e-05
0.000235413
6.95681e-05
1.89649e-05
0.000124031
3.62278e-05
8.74531e-06
5.97345e-05
1.61496e-05
4.22114e-06
2.68675e-05
7.46082e-06
1.46292e-06
1.20097e-05
2.73631e-06
8.98418e-07
7.27167e-07
2.53689e-07
-1.31796e-08
3.44733e-07
6.39216e-08
5.00286e-09
1.72777e-08
1.09375e-07
-8.6496e-08
4.24809e-08
1.01175e-08
-1.84161e-08
-3.73459e-09
1.59457e-08
-8.15919e-09
5.65574e-08
-3.32191e-08
3.48095e-08
3.95239e-06
1.29285e-06
5.19e-09
1.80959e-06
2.49703e-07
2.02769e-07
3.35827e-07
2.36785e-07
-7.76979e-08
0.0200525
0.00986564
0.00441543
0.0120571
0.00565197
0.00241418
0.0067355
0.00300828
0.00122713
0.00170339
0.000626586
0.000209314
0.000889314
0.000312731
0.000100564
0.000430443
0.000145612
4.44264e-05
0.00018513
5.94676e-05
1.75173e-05
7.63781e-05
2.37476e-05
6.59257e-06
2.92276e-05
8.64491e-06
2.32397e-06
0.00335225
0.0014242
0.000553256
0.00159499
0.00064654
0.000239975
0.000699608
0.000270872
9.59705e-05
0.000268075
9.87668e-05
3.34015e-05
9.87679e-05
3.4997e-05
1.13107e-05
3.34023e-05
1.13108e-05
3.43022e-06
9.17624e-06
3.05506e-06
4.10736e-07
3.433e-06
6.84404e-07
3.82075e-07
6.3809e-07
4.11649e-07
-9.55037e-08
3.21022e-07
-7.1802e-09
1.35868e-07
-7.18e-09
6.17429e-08
-7.22062e-08
1.35869e-07
-7.22063e-08
9.76628e-08
9.1766e-06
3.43309e-06
6.38103e-07
3.05521e-06
6.84439e-07
4.11655e-07
4.10787e-07
3.82087e-07
-9.54995e-08
2.36671e-07
-1.87993e-08
8.89727e-08
1.5331e-09
3.77685e-08
-4.02572e-08
9.06333e-08
-4.34936e-08
5.75313e-08
8.97087e-08
-5.06789e-08
6.398e-08
-4.40384e-08
2.5237e-08
-3.19653e-08
3.96427e-08
-2.2653e-08
2.96232e-08
-3.54146e-08
2.01947e-08
-2.3381e-08
2.18975e-08
-1.25874e-08
1.4948e-08
-2.76451e-08
1.58744e-08
-1.91339e-08
1.51785e-07
-7.78557e-08
6.8561e-08
-7.95499e-08
4.28154e-08
-3.68351e-08
6.66517e-08
-3.53726e-08
2.73755e-08
-4.87392e-08
2.80028e-08
-3.35251e-08
2.80029e-08
-1.61171e-08
1.88689e-08
-3.35251e-08
1.88689e-08
-2.07954e-08
-1.46389e-08
8.11634e-09
-9.95208e-09
7.5581e-09
-4.19068e-09
5.11834e-09
-5.68259e-09
3.197e-09
-4.0093e-09
5.85695e-09
-3.23424e-09
3.82262e-09
-3.23424e-09
1.78743e-09
-2.11638e-09
3.82262e-09
-2.11638e-09
2.50575e-09
-1.46386e-08
7.55801e-09
-5.6825e-09
8.11618e-09
-4.19062e-09
3.19693e-09
-9.95186e-09
5.11824e-09
-4.00919e-09
2.36693e-07
1.53234e-09
9.06378e-08
-1.88008e-08
3.77718e-08
-4.34957e-08
8.89778e-08
-4.02594e-08
5.75334e-08
1.51783e-07
-7.95493e-08
6.66511e-08
-7.78545e-08
4.28149e-08
-3.5372e-08
6.85594e-08
-3.68343e-08
2.73748e-08
-3.54157e-08
2.18981e-08
-2.76455e-08
2.01952e-08
-1.25877e-08
1.58746e-08
-2.33816e-08
1.49484e-08
-1.91341e-08
8.97044e-08
-4.40365e-08
3.96407e-08
-5.0676e-08
2.52358e-08
-2.26517e-08
6.39762e-08
-3.19636e-08
2.96214e-08
0.114572
0.0985656
0.0810481
0.0744014
0.0615252
0.0484617
0.043286
0.0344769
0.0260729
0.0623801
0.0459183
0.0317742
0.0355457
0.0249562
0.0164566
0.0182763
0.0122724
0.00773188
0.0081174
0.00521045
0.00313613
0.00338993
0.00208954
0.00120495
0.00128323
0.000760033
0.000421418
0.0217674
0.0166917
0.0121189
0.0101971
0.00754776
0.00527702
0.00430588
0.00308067
0.00207862
0.0200527
0.0120572
0.00673555
0.00986576
0.00565204
0.00300832
0.00441551
0.00241423
0.00122715
0.00335228
0.001595
0.000699612
0.00142422
0.00064655
0.000270876
0.000553269
0.000239981
9.59731e-05
0.000185136
7.63809e-05
2.92287e-05
5.94703e-05
2.37487e-05
8.64538e-06
1.75182e-05
6.593e-06
2.32413e-06
0.00170343
0.000889338
0.000430456
0.000626605
0.000312742
0.000145618
0.000209322
0.000100568
4.44286e-05
5.97373e-05
2.6869e-05
1.20104e-05
1.61505e-05
7.46128e-06
2.73653e-06
4.22141e-06
1.46305e-06
8.98472e-07
3.95268e-06
1.80972e-06
3.35876e-07
1.29294e-06
2.49738e-07
2.36796e-07
5.21483e-09
2.02776e-07
-7.76919e-08
4.24995e-08
-3.7397e-09
5.6564e-08
1.01102e-08
1.59503e-08
-3.32227e-08
-1.84053e-08
-8.16475e-09
3.48144e-08
7.27216e-07
3.44771e-07
1.72824e-08
2.53714e-07
6.39241e-08
1.09383e-07
-1.31905e-08
5.01028e-09
-8.6502e-08
0.00155426
0.00107385
0.00069814
0.000533745
0.000356209
0.000223113
0.000165083
0.000106528
6.49997e-05
0.000412552
0.000235422
0.000124036
0.000127615
6.9571e-05
3.62295e-05
3.52044e-05
1.89658e-05
8.74584e-06
7.61434e-06
3.78319e-06
2.00545e-06
2.32343e-06
1.21015e-06
4.14557e-07
-2.234e-07
-8.94708e-08
8.41447e-08
4.48218e-05
2.57886e-05
1.51647e-05
9.76123e-06
7.17888e-06
4.0627e-06
3.45272e-06
5.03413e-07
3.44575e-07
0.114572
0.0744015
0.0432861
0.0985658
0.0615254
0.034477
0.0810484
0.0484619
0.026073
0.0217674
0.0101971
0.00430588
0.0166917
0.00754779
0.00308069
0.012119
0.00527705
0.00207863
0.00811748
0.00338996
0.00128325
0.00521051
0.00208957
0.000760045
0.00313618
0.00120498
0.000421426
0.0623805
0.0355459
0.0182765
0.0459187
0.0249564
0.0122725
0.0317746
0.0164568
0.007732
0.00155427
0.000533746
0.000165084
0.00107386
0.000356211
0.000106528
0.000698146
0.000223115
6.50004e-05
4.48219e-05
9.76124e-06
3.45274e-06
2.57888e-05
7.17891e-06
5.03437e-07
1.51649e-05
4.06275e-06
3.44577e-07
7.61451e-06
2.32345e-06
-2.23373e-07
3.78327e-06
1.21018e-06
-8.94768e-08
2.00552e-06
4.14564e-07
8.4157e-08
0.000412558
0.000127617
3.5205e-05
0.000235426
6.95724e-05
1.89662e-05
0.000124038
3.62304e-05
8.74609e-06
5.9739e-05
1.6151e-05
4.22154e-06
2.68699e-05
7.46155e-06
1.46312e-06
1.20109e-05
2.73666e-06
8.98501e-07
7.27234e-07
2.5373e-07
-1.31997e-08
3.44792e-07
6.39237e-08
5.01582e-09
1.7285e-08
1.09387e-07
-8.65059e-08
4.25101e-08
1.01057e-08
-1.83991e-08
-3.74286e-09
1.59532e-08
-8.16809e-09
5.65673e-08
-3.32246e-08
3.48171e-08
3.95289e-06
1.29299e-06
5.23118e-09
1.8098e-06
2.49762e-07
2.02778e-07
3.35912e-07
2.36802e-07
-7.76874e-08
0.020053
0.00986592
0.00441559
0.0120574
0.00565215
0.00241428
0.00673568
0.00300839
0.00122719
0.00170347
0.000626619
0.000209328
0.000889359
0.00031275
0.000100571
0.000430469
0.000145623
4.44302e-05
0.000185142
5.94725e-05
1.7519e-05
7.63839e-05
2.37498e-05
6.59332e-06
2.923e-05
8.64581e-06
2.32425e-06
0.00335235
0.00142426
0.000553285
0.00159504
0.000646569
0.000239989
0.000699633
0.000270885
9.59768e-05
0.000268085
9.87722e-05
3.34039e-05
9.87722e-05
3.4999e-05
1.13115e-05
3.34039e-05
1.13115e-05
3.4305e-06
9.17713e-06
3.05536e-06
4.10838e-07
3.43329e-06
6.84503e-07
3.821e-07
6.38187e-07
4.11673e-07
-9.54909e-08
3.21056e-07
-7.17934e-09
1.35874e-07
-7.17943e-09
6.17478e-08
-7.22081e-08
1.35875e-07
-7.22081e-08
9.76639e-08
9.17713e-06
3.43329e-06
6.38188e-07
3.05537e-06
6.84504e-07
4.11673e-07
4.1084e-07
3.821e-07
-9.54902e-08
2.36709e-07
-1.88004e-08
8.89795e-08
1.53352e-09
3.77739e-08
-4.026e-08
9.06404e-08
-4.34962e-08
5.75337e-08
8.97007e-08
-5.06736e-08
6.39735e-08
-4.40345e-08
2.52346e-08
-3.19621e-08
3.96385e-08
-2.26503e-08
2.96197e-08
-3.54163e-08
2.01956e-08
-2.33821e-08
2.18983e-08
-1.25878e-08
1.49485e-08
-2.76454e-08
1.58745e-08
-1.91341e-08
1.51778e-07
-7.78514e-08
6.8556e-08
-7.95458e-08
4.2813e-08
-3.68322e-08
6.66472e-08
-3.53699e-08
2.73727e-08
-4.87403e-08
2.80033e-08
-3.35252e-08
2.80033e-08
-1.61173e-08
1.8869e-08
-3.35253e-08
1.8869e-08
-2.07952e-08
-1.46377e-08
8.11568e-09
-9.95127e-09
7.55751e-09
-4.19034e-09
5.11791e-09
-5.68198e-09
3.19664e-09
-4.00885e-09
5.85698e-09
-3.23426e-09
3.82265e-09
-3.23427e-09
1.78745e-09
-2.1164e-09
3.82266e-09
-2.11641e-09
2.50578e-09
-1.46376e-08
7.55745e-09
-5.68192e-09
8.11562e-09
-4.1903e-09
3.1966e-09
-9.95119e-09
5.11786e-09
-4.00879e-09
2.36711e-07
1.53258e-09
9.06414e-08
-1.88015e-08
3.77746e-08
-4.34968e-08
8.89808e-08
-4.02607e-08
5.75342e-08
1.51778e-07
-7.95455e-08
6.66469e-08
-7.78512e-08
4.28128e-08
-3.53697e-08
6.85557e-08
-3.6832e-08
2.73724e-08
-3.54168e-08
2.18986e-08
-2.76456e-08
2.01959e-08
-1.2588e-08
1.58747e-08
-2.33825e-08
1.49487e-08
-1.91343e-08
8.97005e-08
-4.40344e-08
3.96383e-08
-5.06735e-08
2.52345e-08
-2.26501e-08
6.39734e-08
-3.1962e-08
2.96195e-08
0.114572
0.0985658
0.0810484
0.0744015
0.0615254
0.0484619
0.0432861
0.034477
0.0260731
0.0623805
0.0459187
0.0317746
0.0355459
0.0249564
0.0164568
0.0182765
0.0122725
0.007732
0.00811749
0.00521052
0.00313619
0.00338997
0.00208957
0.00120498
0.00128325
0.000760046
0.000421427
0.0217674
0.0166917
0.012119
0.0101971
0.00754779
0.00527706
0.00430588
0.00308069
0.00207864
0.020053
0.0120574
0.00673568
0.00986592
0.00565216
0.00300839
0.00441559
0.00241428
0.00122719
0.00335236
0.00159504
0.000699633
0.00142426
0.000646569
0.000270885
0.000553286
0.000239989
9.59768e-05
0.000185142
7.6384e-05
2.923e-05
5.94726e-05
2.37498e-05
8.64582e-06
1.7519e-05
6.59334e-06
2.32426e-06
0.00170347
0.000889361
0.000430469
0.00062662
0.000312751
0.000145623
0.000209328
0.000100571
4.44304e-05
5.97392e-05
2.687e-05
1.20109e-05
1.6151e-05
7.46158e-06
2.73667e-06
4.22156e-06
1.46313e-06
8.98504e-07
3.9529e-06
1.80981e-06
3.35913e-07
1.293e-06
2.49763e-07
2.36803e-07
5.23281e-09
2.02779e-07
-7.76873e-08
4.25113e-08
-3.74311e-09
5.65675e-08
1.01053e-08
1.59534e-08
-3.32246e-08
-1.83984e-08
-8.16835e-09
3.48173e-08
7.27238e-07
3.44794e-07
1.72848e-08
2.53732e-07
6.39242e-08
1.09388e-07
-1.32004e-08
5.01599e-09
-8.65062e-08
0.00155427
0.00107386
0.000698147
0.000533746
0.000356211
0.000223116
0.000165084
0.000106528
6.50005e-05
0.000412558
0.000235426
0.000124039
0.000127618
6.95726e-05
3.62305e-05
3.52051e-05
1.89662e-05
8.74613e-06
7.61454e-06
3.78329e-06
2.00553e-06
2.32346e-06
1.21018e-06
4.14567e-07
-2.23371e-07
-8.94758e-08
8.41562e-08
4.4822e-05
2.57888e-05
1.51649e-05
9.76125e-06
7.17892e-06
4.06276e-06
3.45274e-06
5.03442e-07
3.44581e-07
0.114572
0.0744014
0.043286
0.0985656
0.0615252
0.0344769
0.0810482
0.0484618
0.0260729
0.0217674
0.0101971
0.00430588
0.0166917
0.00754777
0.00308068
0.0121189
0.00527703
0.00207862
0.00811743
0.00338994
0.00128324
0.00521047
0.00208955
0.000760036
0.00313615
0.00120496
0.00042142
0.0623803
0.0355458
0.0182764
0.0459185
0.0249563
0.0122724
0.0317744
0.0164567
0.00773193
0.00155426
0.000533745
0.000165084
0.00107385
0.000356209
0.000106528
0.000698141
0.000223113
6.49998e-05
4.48218e-05
9.76123e-06
3.45272e-06
2.57886e-05
7.17888e-06
5.03414e-07
1.51647e-05
4.0627e-06
3.44575e-07
7.61436e-06
2.32343e-06
-2.23396e-07
3.7832e-06
1.21015e-06
-8.94711e-08
2.00546e-06
4.14556e-07
8.4147e-08
0.000412553
0.000127616
3.52045e-05
0.000235423
6.95712e-05
1.89658e-05
0.000124036
3.62297e-05
8.74587e-06
5.97377e-05
1.61506e-05
4.22142e-06
2.68692e-05
7.46133e-06
1.46306e-06
1.20105e-05
2.73655e-06
8.98476e-07
7.27217e-07
2.53716e-07
-1.31918e-08
3.44774e-07
6.39232e-08
5.01155e-09
1.72817e-08
1.09384e-07
-8.65029e-08
4.25018e-08
1.01091e-08
-1.8404e-08
-3.74072e-09
1.5951e-08
-8.1655e-09
5.65649e-08
-3.32232e-08
3.48151e-08
3.95273e-06
1.29295e-06
5.21757e-09
1.80974e-06
2.49743e-07
2.02776e-07
3.35885e-07
2.36797e-07
-7.76909e-08
0.0200528
0.00986584
0.00441554
0.0120573
0.0056521
0.00241425
0.00673563
0.00300836
0.00122717
0.00170344
0.00062661
0.000209324
0.000889346
0.000312745
0.000100569
0.000430461
0.00014562
4.44291e-05
0.000185139
5.94711e-05
1.75184e-05
7.63823e-05
2.37491e-05
6.5931e-06
2.92293e-05
8.64555e-06
2.32417e-06
0.00335233
0.00142425
0.000553277
0.00159503
0.000646562
0.000239985
0.000699628
0.000270882
9.59751e-05
0.000268081
9.87703e-05
3.3403e-05
9.87693e-05
3.49978e-05
1.13111e-05
3.34023e-05
1.13109e-05
3.43029e-06
9.17681e-06
3.05526e-06
4.10803e-07
3.43315e-06
6.84457e-07
3.82089e-07
6.38125e-07
4.11658e-07
-9.54966e-08
3.21029e-07
-7.18056e-09
1.35871e-07
-7.18067e-09
6.17439e-08
-7.22069e-08
1.35869e-07
-7.22068e-08
9.76633e-08
9.17646e-06
3.43307e-06
6.38111e-07
3.05512e-06
6.84422e-07
4.11653e-07
4.10752e-07
3.82078e-07
-9.55019e-08
2.36699e-07
-1.8802e-08
8.89792e-08
1.53125e-09
3.77729e-08
-4.02601e-08
9.06395e-08
-4.34964e-08
5.7534e-08
8.97035e-08
-5.06755e-08
6.39758e-08
-4.4036e-08
2.52355e-08
-3.19633e-08
3.96402e-08
-2.26514e-08
2.9621e-08
-3.54159e-08
2.01954e-08
-2.33818e-08
2.18982e-08
-1.25877e-08
1.49485e-08
-2.76456e-08
1.58746e-08
-1.91342e-08
1.51782e-07
-7.78539e-08
6.85588e-08
-7.95487e-08
4.28146e-08
-3.6834e-08
6.66505e-08
-3.53717e-08
2.73745e-08
-4.87393e-08
2.80029e-08
-3.35252e-08
2.80029e-08
-1.61171e-08
1.8869e-08
-3.35252e-08
1.8869e-08
-2.07954e-08
-1.46386e-08
8.11614e-09
-9.9518e-09
7.55798e-09
-4.19059e-09
5.11821e-09
-5.68246e-09
3.1969e-09
-4.00916e-09
5.85695e-09
-3.23424e-09
3.82262e-09
-3.23424e-09
1.78743e-09
-2.11638e-09
3.82262e-09
-2.11638e-09
2.50575e-09
-1.46389e-08
7.55812e-09
-5.68261e-09
8.11636e-09
-4.1907e-09
3.19701e-09
-9.95212e-09
5.11836e-09
-4.00932e-09
2.36674e-07
1.53382e-09
9.06334e-08
-1.87987e-08
3.77685e-08
-4.34935e-08
8.89725e-08
-4.0257e-08
5.75312e-08
1.51784e-07
-7.95496e-08
6.66515e-08
-7.78554e-08
4.28153e-08
-3.53725e-08
6.85608e-08
-3.6835e-08
2.73754e-08
-3.54143e-08
2.18974e-08
-2.7645e-08
2.01945e-08
-1.25873e-08
1.58743e-08
-2.33807e-08
1.49479e-08
-1.91338e-08
8.97082e-08
-4.40382e-08
3.96427e-08
-5.06787e-08
2.5237e-08
-2.2653e-08
6.39797e-08
-3.19652e-08
2.96232e-08
0.114571
0.098565
0.0810477
0.0744008
0.0615247
0.0484613
0.0432856
0.0344765
0.0260727
0.0623799
0.0459182
0.0317742
0.0355454
0.024956
0.0164565
0.0182762
0.0122723
0.00773182
0.0081173
0.00521038
0.00313609
0.00338987
0.0020895
0.00120493
0.0012832
0.000760014
0.000421406
0.0217671
0.0166915
0.0121188
0.0101969
0.00754765
0.00527693
0.00430581
0.00308062
0.00207858
0.0200527
0.0120572
0.00673559
0.00986573
0.00565204
0.00300832
0.00441547
0.00241421
0.00122715
0.00335231
0.00159502
0.000699625
0.00142423
0.000646553
0.000270878
0.000553265
0.000239979
9.59726e-05
0.000185133
7.63796e-05
2.92282e-05
5.94686e-05
2.3748e-05
8.64509e-06
1.75175e-05
6.59269e-06
2.32401e-06
0.00170341
0.000889324
0.000430449
0.000626591
0.000312734
0.000145614
0.000209316
0.000100565
4.4427e-05
5.9735e-05
2.68678e-05
1.20098e-05
1.61497e-05
7.46087e-06
2.73634e-06
4.22116e-06
1.46293e-06
8.98422e-07
3.95244e-06
1.80962e-06
3.35837e-07
1.29286e-06
2.49709e-07
2.36786e-07
5.19322e-09
2.02769e-07
-7.76968e-08
4.24811e-08
-3.73433e-09
5.65571e-08
1.01178e-08
1.59455e-08
-3.32188e-08
-1.84163e-08
-8.15899e-09
3.48091e-08
7.27171e-07
3.44735e-07
1.72792e-08
2.53689e-07
6.39219e-08
1.09375e-07
-1.3179e-08
5.00273e-09
-8.64953e-08
0.00155424
0.00107383
0.000698124
0.000533735
0.000356201
0.000223107
0.00016508
0.000106525
6.49977e-05
0.000412541
0.000235415
0.000124031
0.000127611
6.95684e-05
3.6228e-05
3.52031e-05
1.89649e-05
8.74536e-06
7.61395e-06
3.78298e-06
2.00532e-06
2.32335e-06
1.21008e-06
4.14531e-07
-2.23436e-07
-8.94668e-08
8.41317e-08
4.48208e-05
2.57878e-05
1.51642e-05
9.76095e-06
7.17868e-06
4.06253e-06
3.45267e-06
5.03344e-07
3.44562e-07
0.114571
0.0744008
0.0432856
0.0985649
0.0615247
0.0344765
0.0810475
0.0484612
0.0260726
0.0217671
0.0101969
0.00430581
0.0166915
0.00754764
0.00308062
0.0121187
0.00527692
0.00207857
0.00811725
0.00338985
0.0012832
0.00521033
0.00208948
0.000760008
0.00313605
0.00120492
0.000421401
0.0623797
0.0355453
0.0182761
0.0459179
0.0249559
0.0122722
0.0317739
0.0164564
0.00773173
0.00155424
0.000533735
0.00016508
0.00107383
0.0003562
0.000106525
0.000698121
0.000223106
6.49974e-05
4.48208e-05
9.76095e-06
3.45267e-06
2.57877e-05
7.17867e-06
5.03347e-07
1.51641e-05
4.06252e-06
3.44564e-07
7.6139e-06
2.32334e-06
-2.23443e-07
3.78295e-06
1.21007e-06
-8.94643e-08
2.00529e-06
4.1453e-07
8.41253e-08
0.000412539
0.00012761
3.52029e-05
0.000235412
6.95678e-05
1.89648e-05
0.00012403
3.62275e-05
8.74524e-06
5.97339e-05
1.61494e-05
4.22109e-06
2.68672e-05
7.46071e-06
1.46289e-06
1.20095e-05
2.73625e-06
8.98407e-07
7.27164e-07
2.53682e-07
-1.31746e-08
3.44722e-07
6.39236e-08
4.99872e-09
1.72799e-08
1.09372e-07
-8.64924e-08
4.24726e-08
1.01217e-08
-1.84213e-08
-3.731e-09
1.59432e-08
-8.15624e-09
5.65538e-08
-3.32171e-08
3.48068e-08
3.9523e-06
1.29282e-06
5.18495e-09
1.80955e-06
2.49694e-07
2.02767e-07
3.35809e-07
2.36782e-07
-7.77008e-08
0.0200525
0.0098656
0.00441541
0.012057
0.00565194
0.00241416
0.00673545
0.00300825
0.00122712
0.00170338
0.000626581
0.000209313
0.000889306
0.000312728
0.000100563
0.000430438
0.00014561
4.44257e-05
0.000185127
5.94666e-05
1.75169e-05
7.63765e-05
2.37471e-05
6.59241e-06
2.92268e-05
8.64466e-06
2.32391e-06
0.00335222
0.00142419
0.000553248
0.00159497
0.000646529
0.00023997
0.000699595
0.000270866
9.59682e-05
0.000268067
9.87639e-05
3.34004e-05
9.87639e-05
3.49955e-05
1.13101e-05
3.34005e-05
1.13101e-05
3.43002e-06
9.1759e-06
3.05496e-06
4.10704e-07
3.43285e-06
6.84359e-07
3.82067e-07
6.38024e-07
4.11636e-07
-9.55136e-08
3.20977e-07
-7.17177e-09
1.35854e-07
-7.17171e-09
6.17336e-08
-7.21996e-08
1.35854e-07
-7.21996e-08
9.7657e-08
9.17592e-06
3.43285e-06
6.38024e-07
3.05497e-06
6.8436e-07
4.11636e-07
4.10705e-07
3.82067e-07
-9.55139e-08
2.36653e-07
-1.87945e-08
8.89667e-08
1.53761e-09
3.77641e-08
-4.02539e-08
9.06253e-08
-4.349e-08
5.7528e-08
8.97112e-08
-5.06805e-08
6.39818e-08
-4.404e-08
2.5238e-08
-3.19665e-08
3.96449e-08
-2.26543e-08
2.96248e-08
-3.54126e-08
2.01936e-08
-2.33798e-08
2.18965e-08
-1.25869e-08
1.49475e-08
-2.76445e-08
1.58741e-08
-1.91336e-08
1.5179e-07
-7.78593e-08
6.85655e-08
-7.95542e-08
4.28179e-08
-3.68381e-08
6.66572e-08
-3.53757e-08
2.7379e-08
-4.87366e-08
2.80016e-08
-3.35243e-08
2.80016e-08
-1.61165e-08
1.88686e-08
-3.35243e-08
1.88686e-08
-2.07953e-08
-1.46403e-08
8.11711e-09
-9.95301e-09
7.55892e-09
-4.19113e-09
5.11888e-09
-5.68347e-09
3.19748e-09
-4.00988e-09
5.85686e-09
-3.2342e-09
3.82258e-09
-3.23421e-09
1.78742e-09
-2.11637e-09
3.82259e-09
-2.11637e-09
2.50574e-09
-1.46403e-08
7.55894e-09
-5.68349e-09
8.11714e-09
-4.19115e-09
3.19749e-09
-9.95306e-09
5.1189e-09
-4.0099e-09
2.36652e-07
1.53826e-09
9.06249e-08
-1.87936e-08
3.77638e-08
-4.34897e-08
8.89661e-08
-4.02535e-08
5.75277e-08
1.51791e-07
-7.95544e-08
6.66574e-08
-7.78596e-08
4.28181e-08
-3.53759e-08
6.85658e-08
-3.68382e-08
2.73791e-08
-3.54124e-08
2.18964e-08
-2.76445e-08
2.01935e-08
-1.25869e-08
1.58741e-08
-2.33797e-08
1.49474e-08
-1.91336e-08
8.97119e-08
-4.40402e-08
3.96451e-08
-5.06809e-08
2.52382e-08
-2.26544e-08
6.39824e-08
-3.19667e-08
2.9625e-08
0.114572
0.0985654
0.0810479
0.0744012
0.061525
0.0484615
0.0432859
0.0344767
0.0260727
0.0623799
0.0459181
0.031774
0.0355455
0.024956
0.0164565
0.0182762
0.0122722
0.00773177
0.00811731
0.00521037
0.00313607
0.00338988
0.0020895
0.00120492
0.00128321
0.000760013
0.000421404
0.0217673
0.0166916
0.0121188
0.010197
0.0075477
0.00527696
0.00430585
0.00308065
0.00207859
0.0200525
0.0120571
0.00673546
0.00986564
0.00565196
0.00300826
0.00441543
0.00241417
0.00122712
0.00335222
0.00159497
0.000699596
0.00142419
0.000646531
0.000270867
0.00055325
0.000239971
9.59685e-05
0.000185127
7.63768e-05
2.92269e-05
5.94668e-05
2.37472e-05
8.64469e-06
1.7517e-05
6.59243e-06
2.32392e-06
0.00170339
0.00088931
0.00043044
0.000626584
0.000312729
0.000145611
0.000209314
0.000100563
4.44259e-05
5.97343e-05
2.68673e-05
1.20096e-05
1.61495e-05
7.46075e-06
2.73627e-06
4.22112e-06
1.4629e-06
8.9841e-07
3.95232e-06
1.80956e-06
3.35811e-07
1.29283e-06
2.49696e-07
2.36783e-07
5.18586e-09
2.02767e-07
-7.7701e-08
4.24708e-08
-3.7299e-09
5.6553e-08
1.01228e-08
1.59426e-08
-3.32166e-08
-1.84228e-08
-8.15542e-09
3.48061e-08
7.27173e-07
3.44722e-07
1.72831e-08
2.53681e-07
6.39247e-08
1.0937e-07
-1.31713e-08
4.99767e-09
-8.64908e-08
0.00155425
0.00107384
0.000698128
0.000533741
0.000356204
0.000223108
0.000165082
0.000106526
6.49981e-05
0.000412542
0.000235414
0.000124031
0.000127612
6.95683e-05
3.62278e-05
3.52032e-05
1.89649e-05
8.7453e-06
7.61397e-06
3.78299e-06
2.0053e-06
2.32336e-06
1.21007e-06
4.14534e-07
-2.23441e-07
-8.94605e-08
8.41252e-08
4.48214e-05
2.57881e-05
1.51643e-05
9.7611e-06
7.17874e-06
4.06256e-06
3.45271e-06
5.03374e-07
3.44569e-07
